9.95
9.89
12.02
10.67
12.28
11.73
9.91
10.71
7.49
10.82
11.17
10.79
9.88
10.87
11.39
10.22
15.07
11.71
13.4
11.34
10.49
11.73
4.98
9.66
11.01
10.24
12.22
11.58
11.2
8.96
6.82
11.91
12.68
11.43
11.03
12.51
11.33
10.88
9.63
11.22
10.86
10.79
10
10.48
11.46
10.91
13.55
10.39
11.7
11.05
10.59
11.54
12.28
10.68
10.46
10.83
11.13
12.84
10.9
11.02
12.28
6.02
12.06
11.3
10.76
10.96
9.45
11.01
10.81
11.43
11.03
9.74
10.61
10.62
10.54
12.26
11.1
11.32
10.57
11.88
9.52
10.92
11.53
10.9
9.51
10.13
10.32
11.02
11.42
10.78
11.34
13.83
10.41
10.48
6.6
10.42
12.02
12.4
11.86
8.66
12.05
11.65
12.95
13.14
9.03
12.88
11.31
10.93
11.69
10.93
9.86
11.86
10.91
11.6
11.77
11.47
11.67
9.31
12.43
21
10.28
12.28
10.93
9.79
9.03
23.29
10.99
10.91
12.42
10.13
11.03
9.79
11.98
13.41
10.1
23.27
16.12
12.14
9.19
21.25
10.58
10.18
11.13
10.33
11.24
9.97
10.87
10.78
9.51
11.23
9.65
10.34
10.96
11.63
10.01
23.67
12.28
10.43
12.4
10.42
11.18
11.08
10.82
9.77
9.78
11.31
10.13
10.45
11.07
10.3
8.96
11.14
14.1
10.61
11.66
11.71
10.62
10.99
9.96
9.52
11.29
10.02
10.07
11.57
10.84
10.2
10.71
11.5
11.04
13.87
12.11
12.16
11.13
11.67
10.63
11.86
10.95
13.41
10.67
12.62
10.57
10.44
13.72
12.77
10.36
10.62
10.51
12.92
12.12
15.25
12.56
12.58
12.23
14.7
11
10.76
10.26
11.82
6.82
7.47
10.71
10.31
11.81
11.02
11.85
10.71
10.26
10.14
12.8
12.48
11.94
8.44
16.96
13.04
12.02
11.12
12.17
10.01
12.61
10.17
8.86
10.15
11.8
11.72
11.14
10.74
11.31
9.99
12.53
11.43
11
11.45
11.52
11.09
10.25
15.15
12.4
10.57
14.96
10.68
10.75
10.76
14.79
11.61
12.99
11.39
10.75
9.77
12.44
11.6
10.9
11.42
10.56
8.61
9.22
9.96
12.5
10.87
6.14
9.58
12.43
10.91
11.82
11.67
11.51
10.9
10.22
10.6
9.21
10.89
10.58
12.04
12.06
12.01
10.97
18.5
12.51
18.5
11.19
12.69
14.49
13.2
15.02
11.5
10.46
10.93
11.23
11.49
12.09
9.87
14.69
12.32
14.72
10.47
10.25
7.86
10.67
10.14
10.46
15.09
11.32
9.28
11.46
11.16
10.39
9.68
11.35
11.02
11.46
9.95
11.02
11.52
9.61
9.6
5.74
6.46
13.39
10.61
5.81
11.82
6.47
10.93
6.04
6.52
6.72
10.57
11.99
11.08
9.67
11.72
10.81
12.45
11.65
9.09
10.46
10.94
11.87
11.23
8.95
10.61
10.35
11.3
10.49
11.03
10.82
10.32
10.33
11.26
11.67
10.97
12.39
9.72
10.32
10.2
11.36
11.5
11.7
11.5
10.73
10.57
11.17
11.23
12.76
12.19
11.48
10.44
10.25
8.86
11.39
9.11
11.47
9.87
12.08
11.27
10.44
7.97
10.64
11.46
10.47
10.45
12.85
10.37
10.37
12.16
11.2
11.2
10.03
11.23
12.2
11.1
10.02
12.16
11.1
12.07
11.2
10.32
10.32
10.38
13.35
11.79
10.43
11.71
11.56
11.72
10.35
8.11
12.83
4.67
10.47
14.57
15.77
11.77
11.92
10.63
15.13
12.52
10.48
12.76
10.2
12.51
11.12
11.63
10.35
10
11.73
10.77
10.72
9.68
15.14
13.96
10.43
12.21
10.43
11.97
11.48
11.42
10.42
12.07
5.04
10.54
11.31
11.18
10.63
11.1
9.76
12.02
12
11.65
8.03
8.03)
12.04
11.24
10.52
9.84
10.69
11.88
10.46
10.56
11.55
10.75
10.92
9.93
10.92
10.22
11.85
9.4
9.95
10.52
11.72
11.01
11.49
9.55
11.08
10.14
10.57
11.4
15.25
10.96
11.7
11.7)
10.85
13.05
11.2
8.2
9.54
10.44
9.32
8.15
10.63
9
9.99
8.53
11.3
9.71
19.83
10.75
10.24
10.43
10.88
10.97
11.09
10.86
10.32
11
8.94
10.48
10.44
10.66
12.81
12.71
11.29
11.2
10.48
10.75
7.79
13.15
10.25
10.66
10.05
12.2
10.24
10.73
13.15
11.51
10.44
11.15
10.89
10.46
11.36
10.22
12.03
10.77
11.05
11.72
11.01
9.65
10.65
13.06
12.05
10.84
10.22
10.65
10.18
13.48
10.42
16.02
13.1
11.15
10.5
11.03
11.48
13.77
10.6
10.5
10.38
10.87
11.66
11.73
9.93
9.91
10.8
10.4
12.25
10.66
11.14
10.96
11.2
10.88
10.75
10.84
11.57
10.48
14.17
11.43
11.76
10.12
11.32
10.74
11.64
11.19
10.52
10.59
10.14
12.23
11.1
9.98
11.91
10.41
11.38
10.63
11.39
10.86
12.98
11.66
