3.52
1.78
2.56
3.41
3.16
2.77
3.31
3.56
3.61
3.87
3.99
3.11
3.29
3.13
2.75
2.84
2.85
3.89
3
3.17
3.08
3.41
4.19
3.99
2.77
4.59
2.34
2.64
3.75
4.42
2.81
3.98
2.48
2.48
4.78
3.06
2.78
2.72
3.78
5.72
2.97
3.45
1.24
3.75
3.04
3.76
2.71
3.17
2.77
3.09
2.88
2.02
3.03
3.04
3.7
3.35
3.16
3.12
2.99
2.6
3.14
2.34
2.81
2.7
2.94
2.99
4.15
2.8
3.02
2.71
2.58
4.11
3.02
3.93
5.28
2.28
3.79
2.58
2.85
3.97
3.33
2.81
2.57
3.19
3.93
2.77
3.76
2.79
1.82
4.54
2.59
4.71
3.37
5.13
1.55
4.04
3.23
2.66
2.56
3.83
2.74
2.83
4.46
3.07
3.09
2.46
2.21
3.6
3.89
3.3
3.71
2.85
3.55
2.89
2.63
3.93
2.71
4.02
3.79
5.66
3.22
3.33
2.99
3.97
3.04
4.2
2.86
2.67
3.66
3.25
3.21
3.88
4.02
3.29
3.85
3.44
3.98
3.18
3.06
4.76
2.88
3.35
2.8
2.97
2.6
3.07
2.72
2.86
3.56
2.56
4.17
5
2.76
2.64
3.88
3.77
2.99
3.17
2.48
3.03
2.59
3.12
2.9
3.68
3.11
2.65
1.95
3.87
4.02
4.85
2.99
3.25
2.8
2.98
3.46
3.15
2.65
2.87
3.81
5.94
3.25
3.07
3.8
4.88
4.06
2.97
3.85
3.13
3.16
2.41
2.57
2.78
3.59
2.57
3.81
2.34
2.12
2.93
3.06
3.03
3.5
2.54
2.93
3.54
3.17
3.57
2.82
3.72
3.36
3.23
2.95
3.14
2.58
1.81
2.75
2.52
3.93
3.79
5.2
5.06
3.83
2.69
3.68
2.74
3.42
3.52
2.02
2.97
2.83
3.1
2.51
4.57
4.31
2.47
3.08
2.94
2.74
3.51
3.28
3.56
6.26
3.09
2.97
2.97
2.73
2.94
3.15
3.75
3.8
2.76
2.88
3.29
2.99
3.35
2.51
3.01
3.08
3.03
5.67
3.37
3.28
3.19
2.94
2.43
2.87
2.25
3.6
2.36
3.89
2.79
3.39
2.58
0.98
4.65
4.76
4.01
3.28
3.25
3.08
4.31
5.37
3.17
4.12
2.45
2.66
2.97
3.05
1.66
3
3.72
3.5
2.66
2.77
2.65
3.16
4.33
4.8
5.5
2.58
3.57
3.4
4.32
3.12
3.23
3.23
3.7
2.97
3.26
3.11
1.61
3.03
4.21
1.37
3.09
3.31
3.64
3.64
1.96
3.61
2.84
2.54
3.77
4.43
2.74
3.13
3.24
3.28
3.01
2.6
2.36
3.01
6.96
3.95
2.94
3.9
3.19
6.8
2.7
2.98
2.95
3.25
4.73
3.24
3.15
3.82
2.61
3.71
2.64
5.99
1.57
5.73
3.81
5.15
3.77
3.95
3.93
2.71
2.89
4.33
3
3.14
2.59
4.01
3.98
2.97
3.39
3.33
2.46
2.64
3.37
2.87
4.76
3.21
2.75
2.37
3.22
2.43
2.96
3.96
2.81
3.89
3.59
3.4
3.2
2.55
3.37
3.4
4.67
3.06
2.59
2.5
3.87
3.03
3.13
3.13
4.7
2.9
2.45
2.66
3
1.67
3.19
4.25
2.33
3.1
3.75
4.67
3.14
2.25
3.78
4.69
2.29
3.78
2.74
3.21
3.16
2.99
2.79
2.85
3.03
3.05
2.63
2.97
2.67
3.53
4.36
3.94
3.36
3.07
2.66
1.89
3.23
2.62
3.56
2.75
2.8
2.96
3.02
3.04
3.55
3.31
2.95
4.16
3.12
2.44
2.53
3.67
1.76
2.27
3.82
3.1
2.87
3.18
2.54
2.4
2.99
3.97
3.36
4.17
3.21
2.37
2.84
3.37
2.99
3.97
4.03
2.75
3.52
6.45
6.45)
2.73
2.95
1.19
3.94
3.15
4.73
3.36
2.77
2.31
3.13
2.81
3.93
3.95
2.92
2.79
4.77
3.55
3.05
2.92
2.74
3
3.99
2.84
3.16
2.99
2.63
2.97
2.37
3.41
3.41)
2.88
3.85
3.48
2.97
3.17
3.18
3.13
3.16
2.78
3.5
2.55
3.26
2.97
4.05
5.65
2.63
3.56
3.07
2.69
3.17
2.59
3.71
2.5
3.07
3.46
2.39
3.17
2.61
3.15
4.24
3.42
3.4
3.27
3.16
4.98
2.51
3.04
4.13
3.21
2.77
3.08
3.11
3.13
3.82
3.21
3.42
3.17
3.12
2.63
4.58
2.28
3.02
3.8
2.45
2.44
3.83
2.92
3.46
3.22
3.13
1.8
3.28
2.95
3.12
2.75
3.48
2.8
2.89
3.4
3.55
3.2
2.53
3.09
3.13
3.2
3.07
3.09
3.04
3.84
5.09
3.56
2.47
2.08
3.53
4.09
2.92
3.43
1.56
3.12
1.52
3.09
2.99
2.84
2.71
3.13
3.07
2.7
3.44
2.47
2.63
1.99
2.89
4.78
2.25
3.78
2.87
2.95
3.07
2.67
3.69
4.57
4.17
2.66
3.63
