0.000000	-0.002314
0.300000	-0.002979
0.600000	-0.003813
0.900000	-0.004854
1.200000	-0.006144
1.500000	-0.007733
1.800000	-0.009679
2.100000	-0.012048
2.400000	-0.014915
2.700000	-0.018364
3.000000	-0.022490
3.300000	-0.027397
3.600000	-0.033201
3.900000	-0.040026
4.200000	-0.048009
4.500000	-0.057297
4.800000	-0.068045
5.100000	-0.080420
5.400000	-0.094596
5.700000	-0.110755
6.000000	-0.129087
6.300000	-0.149787
6.600000	-0.173057
6.900000	-0.199099
7.200000	-0.228123
7.500000	-0.260336
7.800000	-0.295949
8.100000	-0.335172
8.400000	-0.378211
8.700000	-0.425274
9.000000	-0.476563
9.300000	-0.532277
9.600000	-0.592611
9.900000	-0.657754
10.200000	-0.727892
10.500000	-0.803202
10.800000	-0.883858
11.100000	-0.970025
11.400000	-1.061864
11.700000	-1.159529
12.000000	-1.263167
12.300000	-1.372918
12.600000	-1.488918
12.900000	-1.611294
13.200000	-1.740170
13.500000	-1.875661
13.800000	-2.017878
14.100000	-2.166926
14.400000	-2.322906
14.700000	-2.485911
15.000000	-2.656033
15.300000	-2.833356
15.600000	-3.017960
15.900000	-3.209924
16.200000	-3.409319
16.500000	-3.616214
16.800000	-3.830674
17.100000	-4.052761
17.400000	-4.282534
17.700000	-4.520048
18.000000	-4.765355
18.300000	-5.018506
18.600000	-5.279548
18.900000	-5.548525
19.200000	-5.825480
19.500000	-6.110453
19.800000	-6.403483
20.100000	-6.704607
20.400000	-7.013857
20.700000	-7.331269
21.000000	-7.656872
21.300000	-7.990696
21.600000	-8.332770
21.900000	-8.683121
22.200000	-9.041774
22.500000	-9.408753
22.800000	-9.784082
23.100000	-10.167783
23.400000	-10.559878
23.700000	-10.960385
24.000000	-11.369325
24.300000	-11.786716
24.600000	-12.212576
24.900000	-12.646921
25.200000	-13.089768
25.500000	-13.541131
25.800000	-14.001026
26.100000	-14.469467
26.400000	-14.946467
26.700000	-15.432039
27.000000	-15.926196
27.300000	-16.428949
27.600000	-16.940310
27.900000	-17.460290
28.200000	-17.988899
28.500000	-18.526148
28.800000	-19.072046
29.100000	-19.626603
29.400000	-20.189827
29.700000	-20.761728
30.000000	-21.342313
