0 343
1 9
2 18
3 10
4 34
5 3
6 17
7 18
8 163
9 11
10 9
11 43
12 13
13 21
14 11
15 44
16 11
17 18
18 21
19 13
20 56
21 16
22 24
23 21
24 25
25 21
26 22
27 29
28 19
29 19
30 40
31 26
32 23
33 15
34 12
35 23
36 22
37 16
38 26
39 12
40 18
41 153
42 18
43 21
44 34
45 18
46 21
47 20
48 100
49 14
50 10
51 18
52 22
53 10
54 14
55 8
56 11
57 16
58 11
59 21
60 11
61 22
62 16
63 15
64 20
65 11
66 10
67 12
68 18
69 9
70 6
71 17
72 5
73 19
74 7
75 14
76 8
77 7
78 9
79 11
80 14
81 9
82 9
83 9
84 8
85 29
86 38
87 56
88 33
89 27
90 23
91 18
92 3
93 9
94 6
95 11
96 13
97 18
98 6
99 9
100 20
101 12
102 9
103 9
104 10
105 26
106 14
107 7
108 14
109 12
110 16
111 14
112 5
113 7
114 16
115 21
116 17
117 8
118 10
119 9
120 19
121 12
122 8
123 19
124 15
125 14
126 10
127 16
128 15
129 16
130 31
131 11
132 8
133 10
134 10
135 16
136 6
137 15
138 12
139 12
140 8
141 10
142 15
143 5
144 4
145 9
146 11
147 5
148 11
149 25
150 20
151 22
152 61
153 7
154 13
155 17
156 27
157 16
158 21
159 19
160 10
161 10
162 16
163 14
164 46
165 11
166 10
167 9
168 10
169 13
170 9
171 15
172 13
173 8
174 16
175 7
176 11
177 10
178 8
179 8
180 16
181 5
182 12
183 6
184 10
185 4
186 10
187 18
188 8
189 22
190 9
191 12
192 13
193 5
194 19
195 9
196 19
197 12
198 5
199 6
200 11
201 22
202 5
203 9
204 9
205 5
206 11
207 15
208 7
209 8
210 11
211 16
212 6
213 10
214 6
215 9
216 9
217 8
218 6
219 14
220 9
221 15
222 5
223 14
224 6
225 9
226 13
227 12
228 7
229 3
230 11
231 7
232 9
233 3
234 11
235 12
236 3
237 12
238 13
239 7
240 12
241 9
242 8
243 8
244 4
245 6
246 8
247 13
248 9
249 10
250 7
251 9
252 14
253 10
254 8
255 10
256 6
257 8
258 7
259 8
260 13
261 9
262 22
263 10
264 12
265 3
266 17
267 12
268 7
269 8
270 18
271 9
272 4
273 8
274 5
275 17
276 4
277 6
278 7
279 5
280 12
281 9
282 6
283 7
284 18
285 14
286 20
287 11
288 4
289 15
290 10
291 3
292 5
293 5
294 6
295 10
296 6
297 5
298 8
299 2
300 7
301 3
302 11
303 7
304 7
305 7
306 5
307 6
308 7
309 4
310 6
311 8
312 9
313 7
314 6
315 7
316 10
317 3
318 7
319 3
320 11
321 7
322 89
323 10
324 11
325 14
326 6
327 11
328 5
329 3
330 6
331 8
332 4
333 8
334 8
335 5
336 3
337 5
338 8
339 4
340 10
341 3
342 4
343 4
344 6
345 8
346 9
347 10
348 10
349 1
350 6
351 8
352 6
353 4
354 8
355 14
356 4
357 6
358 6
359 9
360 5
361 10
362 7
363 7
364 8
365 7
366 8
367 6
368 8
369 15
370 12
371 5
372 7
373 5
374 7
375 7
376 8
377 5
378 5
379 5
380 10
381 11
382 7
383 11
384 11
385 13
386 9
387 8
388 10
389 6
390 4
391 5
392 5
393 4
394 7
395 9
396 12
397 2
398 6
399 11
400 6
401 4
402 6
403 8
404 7
405 9
406 6
407 6
408 8
409 10
410 5
411 5
412 8
413 14
414 6
415 8
416 6
417 8
418 7
419 7
420 14
421 16
422 6
423 5
424 8
425 12
426 12
427 9
428 7
429 5
430 11
431 2
432 5
433 22
434 9
435 22
436 11
437 3
438 8
439 44
440 6
441 7
442 2
443 9
444 12
445 10
446 7
447 4
448 4
449 8
450 10
451 10
452 2
453 6
454 7
455 13
456 8
457 8
458 9
459 6
460 7
461 9
462 4
463 7
464 6
465 7
466 6
467 7
468 7
469 3
470 3
471 8
472 5
473 5
474 6
475 2
476 10
477 6
478 6
479 12
480 12
481 3
482 3
483 2
484 2
485 6
486 5
487 3
488 4
489 6
490 14
491 6
492 3
493 5
494 7
495 7
496 5
497 6
498 6
499 12
500 5
501 12
502 4
503 5
504 14
505 22
506 13
507 12
508 13
509 69
510 15
511 13
512 2710
513 9
514 9
515 4
516 8
517 10
518 9
519 8
520 8
521 5
522 9
523 11
524 11
525 10
526 7
527 3
528 6
529 7
530 5
531 13
532 3
533 6
534 18
535 8
536 14
537 13
538 3
539 3
540 8
541 7
542 2
543 7
544 7
545 6
546 4
547 7
548 7
549 5
550 9
551 8
552 2
553 8
554 14
555 10
556 9
557 3
558 16
559 7
560 8
561 6
562 3
563 9
564 8
565 6
566 9
567 5
568 4
569 12
570 12
571 8
572 13
573 10
574 21
575 6
576 12
577 5
578 25
579 8
580 14
581 3
582 7
583 14
584 6
585 5
586 7
587 8
588 13
589 4
590 7
591 5
592 4
593 63
594 8
595 6
596 4
597 9
598 8
599 4
600 11
601 6
602 6
603 7
604 7
605 4
606 7
607 3
608 6
609 7
610 4
611 11
612 3
613 8
614 8
615 6
616 5
617 8
618 2
619 8
620 7
621 8
622 8
623 5
624 9
625 7
626 9
627 9
628 3
629 3
630 8
631 5
632 5
633 3
634 11
635 5
636 12
637 3
638 8
639 6
640 5
641 6
642 6
643 10
644 7
645 7
646 8
647 3
648 7
649 17
650 5
651 6
652 5
653 2
654 18
655 16
656 9
657 6
658 10
659 5
660 6
661 7
662 1
663 3
664 8
665 3
666 4
667 4
668 8
669 3
670 2
671 3
672 5
673 10
674 8
675 8
676 8
677 3
678 3
679 4
680 6
681 5
682 3
683 6
684 7
685 9
686 2
687 6
688 10
689 5
690 8
691 10
692 3
693 4
694 6
695 7
696 10
697 4
698 2
699 6
700 5
701 1
702 5
703 10
704 6
705 3
706 5
707 6
708 10
709 7
710 4
711 3
712 6
713 2
714 4
715 3
716 4
717 2
718 11
719 7
720 9
721 8
722 3
723 4
724 10
725 1
726 3
727 10
728 4
729 6
730 7
731 9
732 2
733 5
734 10
735 6
736 7
737 4
738 4
739 5
740 7
741 4
742 2
743 6
744 6
745 5
746 5
747 5
748 7
749 5
750 6
751 3
752 6
753 2
754 10
755 4
756 3
757 5
758 1
759 4
760 5
761 7
762 1
763 11
764 7
765 5
766 4
767 12
768 5
769 7
770 6
771 5
772 8
773 1
774 14
775 5
776 2
777 4
778 10
779 5
780 6
781 5
782 2
783 3
784 13
785 7
786 6
787 6
788 6
789 3
790 11
791 4
792 3
793 7
794 8
795 2
796 7
797 4
798 6
799 6
800 4
801 6
802 4
803 4
804 9
805 17
806 7
807 4
808 9
809 1
810 4
811 6
812 1
813 10
814 4
815 4
816 5
817 6
818 6
819 7
820 4
821 34
822 4
823 5
824 6
825 2
826 4
827 17
828 14
829 12
830 11
831 3
832 4
833 4
834 13
835 5
836 6
837 4
838 8
839 8
840 8
841 9
842 5
843 15
844 4
845 11
846 3
847 3
848 7
849 9
850 7
851 7
852 5
853 9
854 7
855 5
856 5
857 3
858 7
859 5
860 7
861 4
862 10
863 9
864 10
865 14
866 11
867 5
868 10
869 9
870 7
871 11
872 7
873 17
874 8
875 5
876 9
877 4
878 7
879 6
880 15
881 7
882 8
883 10
884 12
885 7
886 5
887 6
888 5
889 14
890 6
891 5
892 3
893 5
894 8
895 6
896 6
897 8
898 7
899 6
900 13
901 5
902 5
904 4
905 8
906 6
907 5
908 3
909 5
910 8
911 4
912 5
913 3
914 11
915 7
916 9
917 10
918 5
919 5
920 7
921 5
922 3
923 6
924 3
925 5
926 6
927 7
928 5
929 11
930 7
931 10
932 8
933 8
934 7
935 2
936 4
937 9
938 9
939 5
940 10
941 4
942 5
943 8
944 8
945 5
946 9
947 4
948 12
949 7
950 3
951 3
952 8
953 12
954 7
955 3
956 7
957 5
958 4
959 5
960 2
961 6
962 4
963 3
964 10
965 5
966 4
967 8
968 8
969 2
970 5
971 1
972 5
973 4
974 7
975 3
976 4
977 7
978 4
979 4
980 8
981 5
982 4
983 9
984 8
985 7
986 10
987 8
988 3
989 5
990 6
991 10
992 4
993 7
994 2
995 4
996 5
997 5
998 1
999 5
1000 6
1001 5
1002 3
1003 3
1004 7
1005 2
1006 5
1007 2
1008 8
1009 3
1010 8
1011 12
1012 6
1013 4
1014 11
1015 3
1016 12
1017 6
1018 9
1019 9
1020 4
1021 5
1022 6
1023 4
1024 322
1025 4
1026 5
1027 6
1028 11
1029 6
1030 6
1031 10
1032 6
1033 6
1034 7
1035 4
1036 7
1037 6
1038 10
1039 3
1040 6
1041 5
1042 6
1043 10
1044 8
1045 2
1046 3
1047 16
1048 9
1049 4
1050 6
1051 3
1052 3
1053 5
1054 4
1056 3
1057 6
1058 8
1059 4
1060 7
1061 8
1062 8
1063 4
1064 8
1065 6
1066 4
1067 5
1068 6
1069 6
1070 3
1071 10
1072 12
1073 2
1074 11
1075 1
1076 4
1077 8
1078 10
1079 3
1080 6
1081 3
1082 5
1083 1
1084 9
1085 3
1086 6
1087 8
1088 7
1089 4
1090 8
1091 7
1092 14
1093 6
1094 4
1095 6
1096 20
1097 6
1098 4
1099 3
1100 5
1101 8
1102 18
1103 7
1104 8
1105 9
1106 5
1107 3
1108 7
1109 4
1110 5
1111 7
1112 3
1113 1
1114 5
1115 5
1116 5
1117 2
1118 6
1119 2
1120 7
1121 4
1122 5
1123 9
1124 8
1125 6
1126 4
1127 6
1128 6
1129 3
1130 7
1131 3
1132 10
1133 6
1134 9
1135 4
1136 7
1137 6
1138 8
1139 6
1140 7
1141 2
1142 5
1143 6
1144 7
1145 9
1146 9
1147 2
1148 6
1149 3
1150 5
1151 1
1152 4
1153 5
1154 1
1155 5
1156 7
1157 1
1158 4
1159 2
1160 8
1161 2
1162 6
1163 3
1164 7
1165 4
1166 9
1167 2
1168 6
1169 8
1170 3
1171 1
1172 8
1173 5
1174 7
1175 4
1176 3
1177 6
1178 3
1179 6
1180 37
1181 5
1182 4
1183 4
1184 5
1185 3
1186 8
1187 2
1188 5
1189 3
1190 6
1191 8
1192 6
1193 1
1194 4
1195 4
1196 6
1197 6
1198 4
1199 3
1201 2
1202 11
1203 5
1204 7
1205 7
1206 8
1207 4
1208 6
1209 6
1210 4
1211 2
1212 5
1213 5
1214 5
1215 6
1216 5
1217 7
1218 7
1219 3
1220 7
1221 3
1222 5
1223 6
1224 8
1225 6
1226 5
1227 5
1228 4
1229 4
1230 7
1231 3
1232 6
1233 3
1234 7
1235 4
1236 7
1237 3
1238 9
1239 5
1240 10
1241 4
1242 8
1243 5
1244 4
1245 1
1246 4
1247 6
1248 5
1249 4
1250 44
1251 4
1252 20
1253 6
1254 2
1255 9
1256 8
1257 5
1258 3
1259 2
1260 7
1261 2
1262 10
1263 2
1264 7
1265 3
1266 6
1267 6
1268 5
1269 3
1270 7
1271 5
1272 10
1273 4
1274 5
1276 2
1277 2
1278 6
1279 9
1280 8
1281 1
1282 4
1283 4
1284 6
1285 3
1286 7
1287 6
1288 7
1289 5
1290 3
1291 6
1292 6
1293 7
1294 5
1295 5
1296 6
1297 5
1298 6
1299 3
1300 4
1301 4
1302 4
1304 8
1305 5
1306 3
1308 7
1309 2
1310 7
1311 1
1312 5
1313 3
1314 8
1315 5
1316 6
1317 5
1318 3
1319 2
1320 11
1321 2
1322 10
1323 5
1324 4
1325 6
1326 7
1327 5
1328 4
1329 2
1330 3
1331 3
1332 5
1334 7
1335 6
1336 3
1337 2
1338 4
1340 8
1341 6
1342 2
1343 4
1344 6
1345 9
1346 3
1347 2
1348 8
1349 4
1350 4
1351 6
1352 4
1353 7
1354 5
1355 5
1356 4
1357 2
1358 6
1359 4
1360 5
1361 1
1362 3
1363 9
1364 3
1365 7
1366 6
1367 8
1368 5
1369 2
1370 4
1371 10
1372 10
1373 5
1374 1
1375 6
1376 3
1377 2
1378 7
1379 6
1380 1
1381 9
1382 5
1383 2
1384 6
1385 11
1386 5
1387 5
1388 8
1389 2
1390 2
1391 1
1392 2
1393 1
1395 4
1396 3
1397 2
1398 9
1399 3
1400 11
1401 4
1402 3
1403 1
1404 3
1405 1
1406 1
1407 5
1408 2
1409 2
1410 2
1411 5
1412 5
1413 8
1414 4
1415 4
1416 7
1417 2
1418 4
1419 8
1420 5
1421 5
1422 7
1423 4
1424 2
1425 4
1426 2
1427 4
1428 3
1429 4
1430 2
1431 6
1432 6
1433 2
1434 7
1435 5
1436 7
1437 3
1438 3
1439 7
1440 8
1441 4
1442 4
1443 6
1444 1
1445 1
1446 6
1447 6
1448 3
1449 6
1450 3
1451 1
1452 6
1453 5
1454 2
1455 3
1456 9
1457 2
1458 3
1459 3
1460 2
1461 3
1462 7
1463 6
1464 1
1465 3
1466 1
1467 3
1468 8
1469 6
1470 1
1471 5
1472 4
1473 6
1474 2
1475 2
1476 9
1477 6
1478 1
1479 6
1480 8
1481 8
1482 1
1483 3
1484 3
1486 1
1487 2
1488 3
1489 3
1490 5
1491 3
1492 5
1493 4
1494 2
1495 6
1496 2
1497 7
1498 7
1499 3
1500 6
1501 2
1502 3
1503 2
1505 2
1506 4
1507 8
1508 15
1509 4
1510 8
1511 2
1512 1
1513 4
1514 4
1515 3
1516 1
1517 10
1518 1
1519 3
1520 7
1521 3
1522 4
1523 3
1524 5
1525 4
1526 4
1527 2
1528 5
1529 4
1530 2
1531 3
1532 20
1533 7
1534 45
1535 3
1536 110
1537 4
1538 2
1539 4
1540 7
1541 3
1542 1
1543 4
1544 10
1545 4
1546 3
1547 4
1548 5
1549 2
1550 5
1551 8
1552 3
1553 5
1554 8
1555 2
1556 9
1557 8
1558 4
1559 3
1560 4
1561 1
1562 3
1563 2
1564 4
1565 6
1566 2
1567 1
1568 8
1569 4
1570 4
1571 6
1572 3
1573 2
1574 9
1575 5
1576 8
1577 3
1578 4
1579 3
1580 4
1581 2
1582 7
1583 8
1584 4
1585 3
1586 3
1587 3
1588 4
1589 3
1590 4
1592 2
1593 3
1594 5
1595 4
1596 4
1597 4
1598 3
1600 7
1601 2
1602 2
1603 2
1604 3
1605 1
1606 2
1607 3
1608 5
1609 9
1610 5
1611 4
1612 7
1613 3
1614 1
1615 7
1616 3
1617 2
1618 4
1619 4
1620 4
1622 4
1623 2
1625 1
1626 3
1627 6
1628 1
1629 3
1630 7
1632 7
1633 4
1634 5
1635 1
1636 5
1637 1
1638 9
1639 1
1640 8
1641 12
1642 5
1643 6
1644 3
1645 4
1646 2
1647 2
1648 4
1649 1
1650 4
1652 4
1653 2
1654 5
1655 4
1656 5
1657 2
1658 6
1659 3
1660 6
1661 8
1662 2
1664 2
1665 10
1666 8
1667 3
1668 2
1669 6
1670 3
1671 4
1672 4
1673 5
1674 9
1675 3
1676 4
1677 4
1678 2
1679 7
1680 11
1681 3
1682 1
1683 1
1684 5
1685 4
1686 10
1687 2
1688 4
1689 7
1690 2
1691 7
1692 3
1693 6
1694 3
1695 2
1696 6
1697 4
1698 2
1699 3
1700 7
1701 7
1702 3
1703 7
1704 7
1705 4
1706 3
1707 5
1708 5
1709 3
1710 4
1711 2
1712 3
1713 4
1714 4
1715 9
1716 3
1717 5
1718 5
1719 2
1720 5
1721 6
1722 4
1723 8
1724 3
1725 1
1726 8
1727 3
1728 2
1729 1
1730 5
1731 1
1732 4
1733 3
1734 4
1735 3
1736 4
1737 5
1738 5
1739 5
1740 5
1741 4
1742 1
1743 2
1744 9
1745 2
1747 1
1748 1
1749 3
1750 1
1751 1
1752 5
1753 1
1754 2
1755 13
1756 6
1757 2
1758 5
1759 2
1760 3
1761 2
1762 6
1763 4
1764 7
1765 5
1766 1
1767 3
1768 6
1769 4
1770 1
1771 4
1772 4
1773 4
1774 2
1775 6
1776 3
1777 3
1778 4
1779 2
1780 8
1781 1
1782 2
1783 5
1784 3
1785 1
1786 4
1787 10
1788 5
1790 3
1791 6
1792 4
1793 7
1794 4
1795 2
1796 1
1797 2
1798 2
1799 5
1800 6
1801 1
1803 1
1804 4
1805 2
1807 2
1808 1
1809 6
1810 5
1811 7
1812 6
1813 2
1814 5
1815 1
1816 5
1817 6
1818 5
1819 2
1820 7
1821 3
1822 3
1823 2
1824 2
1825 3
1826 1
1827 3
1828 4
1829 1
1830 6
1831 2
1832 6
1833 2
1834 3
1835 6
1836 2
1837 2
1838 7
1839 1
1840 7
1841 2
1842 1
1843 2
1844 4
1845 6
1846 1
1847 2
1848 2
1849 2
1850 2
1851 3
1852 2
1853 4
1854 2
1855 4
1856 4
1857 4
1860 3
1861 2
1862 4
1863 6
1864 5
1866 1
1867 2
1868 2
1869 4
1870 4
1871 2
1872 2
1873 1
1874 1
1875 4
1876 6
1877 4
1878 3
1879 3
1880 6
1881 4
1882 7
1883 1
1884 2
1886 2
1887 5
1888 7
1889 4
1890 6
1891 3
1892 7
1893 5
1894 2
1895 4
1896 6
1897 5
1898 3
1899 2
1900 6
1901 3
1902 6
1903 3
1904 2
1905 3
1906 3
1907 2
1908 2
1909 5
1910 6
1912 3
1913 5
1914 2
1915 3
1916 5
1917 2
1918 4
1919 5
1920 6
1921 5
1922 3
1923 2
1924 2
1925 1
1926 1
1927 2
1928 6
1929 2
1930 5
1931 2
1932 3
1933 10
1935 3
1936 6
1937 1
1938 1
1939 1
1940 4
1941 4
1942 2
1943 2
1944 3
1945 3
1946 4
1948 7
1949 1
1950 11
1951 1
1952 7
1953 6
1954 7
1956 3
1957 4
1958 1
1959 6
1960 2
1961 2
1962 1
1963 1
1964 4
1965 3
1966 2
1967 4
1968 5
1969 6
1970 2
1971 2
1972 1
1973 1
1974 3
1975 5
1976 5
1977 1
1978 6
1979 2
1980 2
1981 3
1982 3
1983 3
1984 1
1985 2
1986 5
1987 3
1988 3
1989 3
1990 3
1991 4
1992 6
1993 2
1994 9
1996 6
1997 10
1998 3
1999 1
2000 6
2001 3
2002 3
2003 5
2004 5
2005 1
2006 4
2007 3
2008 3
2009 3
2010 1
2011 3
2013 2
2014 4
2015 4
2016 1
2018 5
2019 1
2020 2
2021 5
2022 3
2023 4
2024 1
2025 3
2026 2
2027 3
2028 1
2029 3
2030 1
2031 5
2032 4
2033 3
2034 2
2035 2
2036 1
2037 2
2038 3
2039 1
2040 4
2041 2
2042 6
2043 3
2044 9
2046 4
2047 1
2048 62
2049 2
2050 5
2051 5
2052 3
2053 4
2054 5
2055 4
2056 2
2057 4
2058 3
2059 4
2060 2
2061 4
2063 1
2064 6
2065 4
2066 3
2067 4
2068 5
2069 2
2070 6
2071 2
2072 4
2073 2
2074 2
2075 1
2076 7
2077 2
2078 5
2079 1
2080 5
2081 3
2082 2
2084 4
2085 1
2086 4
2087 4
2088 6
2089 1
2090 2
2091 3
2092 8
2093 4
2095 2
2096 4
2097 4
2098 1
2100 2
2101 1
2102 2
2103 2
2104 3
2105 2
2106 2
2107 2
2108 5
2109 2
2110 3
2111 4
2112 6
2113 4
2114 1
2115 1
2116 4
2117 1
2118 4
2119 6
2120 6
2121 5
2122 2
2123 4
2124 2
2125 2
2126 2
2127 2
2128 4
2129 2
2130 3
2131 1
2132 10
2133 5
2134 3
2135 1
2136 5
2137 6
2138 3
2140 7
2141 8
2144 39
2145 1
2146 4
2147 5
2148 5
2149 1
2150 5
2151 5
2152 4
2153 5
2154 2
2155 2
2156 6
2157 2
2158 3
2159 5
2160 2
2161 2
2162 3
2163 1
2164 3
2165 1
2166 3
2167 1
2168 2
2169 3
2170 3
2171 1
2172 6
2173 3
2174 4
2175 3
2176 4
2177 2
2178 5
2179 1
2180 4
2182 4
2183 6
2184 4
2185 2
2186 2
2188 4
2189 3
2190 2
2191 3
2192 1
2193 2
2194 3
2195 3
2196 4
2197 2
2198 2
2199 3
2200 7
2201 3
2202 3
2203 6
2204 3
2206 5
2207 3
2208 3
2209 5
2210 3
2211 4
2212 4
2213 4
2214 2
2215 6
2216 3
2217 3
2218 5
2219 2
2220 6
2221 6
2222 1
2223 3
2224 6
2225 2
2226 3
2228 1
2229 1
2230 2
2231 1
2232 4
2234 3
2235 3
2236 2
2237 2
2238 2
2239 2
2240 3
2241 4
2242 4
2243 2
2244 2
2245 3
2246 3
2247 9
2248 2
2249 3
2250 1
2251 2
2252 3
2253 1
2254 2
2255 1
2256 6
2257 5
2258 4
2259 4
2260 1
2261 5
2262 1
2264 5
2265 1
2266 1
2267 4
2268 1
2270 1
2271 6
2272 4
2273 2
2276 9
2277 1
2278 5
2279 1
2280 2
2281 2
2282 6
2283 7
2284 1
2285 4
2287 4
2288 3
2289 4
2290 1
2291 4
2292 5
2293 4
2294 3
2295 4
2296 1
2297 1
2298 1
2300 3
2301 1
2302 4
2303 2
2304 2
2305 1
2306 1
2307 3
2308 1
2309 2
2310 2
2311 4
2312 4
2313 2
2314 2
2315 1
2316 4
2317 1
2318 1
2319 3
2320 17
2322 3
2323 3
2324 2
2325 1
2326 1
2328 2
2329 6
2330 2
2331 5
2332 1
2333 5
2334 1
2335 4
2336 2
2337 3
2338 2
2339 2
2340 3
2341 6
2342 3
2344 4
2346 1
2347 2
2348 8
2349 2
2350 1
2352 1
2353 1
2354 2
2355 1
2356 1
2357 3
2358 5
2359 1
2360 3
2361 2
2362 1
2363 2
2364 1
2365 6
2367 1
2368 6
2369 1
2370 1
2371 2
2372 5
2373 3
2374 4
2375 2
2376 2
2377 3
2378 9
2379 2
2380 1
2381 6
2382 3
2383 1
2384 4
2386 3
2387 4
2388 6
2390 2
2391 3
2392 4
2393 4
2394 1
2395 2
2396 2
2397 2
2398 2
2399 12
2400 5
2401 3
2402 10
2403 3
2405 2
2406 2
2407 1
2408 4
2409 1
2410 3
2412 1
2413 3
2414 1
2415 2
2416 4
2417 15
2418 6
2419 3
2420 6
2421 2
2422 2
2423 1
2424 1
2425 1
2426 5
2427 1
2428 4
2429 4
2430 2
2432 1
2433 4
2434 1
2435 2
2436 5
2437 4
2438 1
2439 2
2440 4
2441 4
2442 2
2443 1
2444 2
2445 2
2446 3
2447 3
2448 3
2449 2
2450 2
2451 4
2452 5
2453 3
2456 5
2457 2
2458 3
2459 2
2460 5
2462 2
2463 1
2464 4
2465 3
2466 1
2467 2
2468 2
2470 2
2471 2
2472 5
2474 1
2475 6
2476 6
2477 1
2478 2
2480 1
2481 4
2482 2
2483 1
2484 2
2485 2
2486 1
2488 6
2490 2
2491 3
2492 1
2493 1
2494 5
2495 6
2496 3
2497 4
2498 2
2499 5
2500 2
2501 1
2502 1
2503 1
2504 4
2505 2
2507 2
2509 4
2510 2
2511 1
2512 2
2513 3
2515 4
2516 4
2520 4
2521 1
2522 1
2526 2
2527 2
2528 1
2529 1
2530 3
2531 1
2532 3
2533 2
2534 1
2535 2
2536 3
2537 1
2538 1
2539 2
2540 2
2541 3
2542 1
2543 2
2545 1
2546 2
2548 5
2552 1
2553 1
2554 1
2555 1
2556 3
2557 1
2558 4
2559 2
2560 43
2561 1
2562 3
2563 3
2564 1
2565 4
2566 3
2567 1
2568 4
2569 2
2572 1
2573 2
2574 1
2575 3
2576 5
2579 1
2580 5
2581 3
2582 1
2583 3
2584 1
2585 4
2586 4
2587 1
2588 2
2589 1
2590 3
2591 2
2592 2
2593 1
2594 2
2595 3
2596 6
2598 1
2599 1
2600 2
2601 1
2602 3
2604 1
2605 2
2606 3
2607 3
2609 5
2610 2
2612 2
2613 1
2615 3
2616 2
2617 2
2618 1
2619 2
2620 4
2621 5
2622 3
2623 3
2624 3
2625 1
2626 3
2627 2
2628 3
2629 4
2630 2
2631 2
2632 8
2633 2
2634 2
2635 2
2636 3
2637 2
2639 5
2640 4
2641 1
2642 3
2643 3
2644 4
2645 5
2646 2
2647 1
2648 3
2649 1
2650 2
2651 3
2652 5
2653 2
2654 1
2655 1
2656 2
2657 1
2658 1
2659 5
2660 1
2661 1
2663 5
2664 2
2666 2
2667 2
2668 2
2669 3
2670 3
2671 2
2672 4
2673 3
2674 1
2675 4
2676 3
2677 2
2678 2
2679 3
2680 3
2681 1
2682 2
2683 2
2684 3
2686 2
2687 1
2688 3
2689 4
2690 3
2693 6
2695 1
2697 4
2698 8
2699 4
2700 1
2701 2
2702 1
2703 1
2704 4
2706 2
2707 3
2708 1
2709 2
2710 2
2711 1
2713 2
2714 1
2715 3
2717 3
2718 2
2719 1
2721 3
2722 3
2723 4
2724 2
2726 1
2727 1
2729 2
2730 1
2731 2
2732 1
2733 1
2734 2
2735 2
2736 1
2738 5
2739 4
2740 1
2741 2
2742 1
2744 2
2746 1
2747 8
2748 5
2750 1
2751 5
2752 2
2753 1
2754 3
2755 1
2756 4
2757 4
2758 2
2759 5
2760 3
2761 2
2762 2
2763 1
2765 1
2766 6
2768 2
2769 2
2770 2
2771 5
2772 1
2773 2
2774 1
2775 5
2776 2
2777 1
2779 2
2780 1
2781 1
2782 5
2785 1
2786 5
2787 3
2788 3
2789 2
2791 1
2792 2
2793 2
2794 4
2795 3
2796 3
2797 3
2798 2
2800 3
2801 3
2802 3
2803 3
2804 2
2807 2
2808 1
2809 2
2810 4
2811 2
2812 1
2814 1
2815 5
2816 4
2817 3
2818 1
2819 4
2820 1
2821 2
2823 2
2824 2
2826 2
2827 5
2828 4
2829 1
2830 5
2831 3
2832 2
2833 2
2834 1
2836 1
2838 2
2839 2
2840 1
2841 1
2842 2
2843 1
2844 2
2845 1
2846 2
2847 2
2848 4
2849 1
2850 4
2851 1
2852 2
2853 3
2854 2
2855 3
2856 5
2857 1
2858 1
2859 3
2860 2
2861 2
2862 4
2863 1
2864 2
2865 1
2866 1
2867 1
2868 8
2869 3
2870 1
2872 2
2873 1
2874 2
2876 3
2877 6
2878 2
2879 2
2880 3
2881 4
2883 2
2884 27
2885 4
2887 2
2888 1
2890 3
2891 2
2892 1
2893 2
2894 2
2896 2
2898 2
2899 3
2900 28
2901 1
2902 2
2903 2
2904 1
2905 2
2906 2
2907 6
2908 4
2909 3
2910 1
2912 3
2913 2
2914 1
2915 2
2916 2
2917 1
2919 3
2920 6
2921 2
2922 2
2923 5
2924 2
2925 2
2926 4
2927 3
2929 2
2930 3
2932 2
2933 1
2934 3
2935 2
2936 3
2937 2
2939 2
2940 3
2941 1
2942 2
2943 3
2944 8
2945 1
2947 4
2948 2
2949 1
2950 3
2951 2
2952 2
2953 1
2954 1
2955 2
2956 5
2957 1
2959 1
2960 2
2961 2
2962 1
2963 3
2965 1
2966 1
2968 8
2971 3
2972 4
2975 2
2976 2
2977 1
2978 1
2979 2
2980 1
2981 2
2982 3
2983 2
2984 2
2986 1
2987 1
2988 2
2989 2
2990 6
2992 6
2993 2
2995 5
2997 1
2999 5
3001 3
3002 3
3003 3
3004 5
3005 1
3006 1
3007 1
3008 3
3010 4
3011 2
3014 1
3016 3
3017 3
3018 1
3019 2
3020 3
3021 1
3022 2
3024 1
3025 3
3026 4
3027 3
3028 4
3029 2
3030 3
3031 5
3032 3
3033 1
3034 3
3035 2
3036 1
3037 1
3038 1
3039 1
3040 2
3041 3
3042 4
3043 2
3044 3
3045 7
3046 2
3048 1
3050 2
3051 1
3052 3
3053 2
3054 4
3055 2
3057 2
3058 4
3059 4
3060 5
3061 1
3062 2
3063 4
3064 3
3065 2
3066 3
3067 3
3068 1
3069 3
3070 4
3071 3
3072 20
3074 1
3075 2
3076 4
3077 4
3078 1
3079 4
3080 2
3081 3
3082 6
3083 2
3084 2
3085 2
3087 1
3088 2
3089 1
3091 1
3092 3
3093 1
3094 4
3095 1
3096 5
3097 1
3098 2
3099 1
3100 1
3101 3
3103 1
3104 2
3105 1
3106 2
3107 3
3109 2
3110 2
3111 2
3113 44
3115 2
3116 3
3118 4
3119 1
3120 1
3121 1
3122 4
3123 1
3124 3
3125 1
3126 3
3127 2
3128 1
3129 1
3130 1
3131 3
3132 3
3133 2
3134 1
3136 3
3137 1
3138 1
3140 1
3142 5
3143 1
3144 3
3145 1
3146 1
3147 1
3148 2
3149 1
3151 5
3153 2
3154 1
3155 1
3156 1
3157 1
3158 1
3159 1
3160 5
3161 3
3162 2
3163 1
3164 3
3165 2
3166 1
3167 3
3168 1
3169 1
3171 1
3172 3
3173 5
3174 2
3175 2
3176 4
3178 2
3179 3
3180 1
3181 3
3182 1
3183 1
3184 3
3185 3
3186 2
3187 1
3188 3
3189 2
3191 1
3192 1
3193 1
3194 1
3195 26
3196 2
3197 1
3199 1
3200 1
3201 2
3202 4
3203 2
3204 1
3205 2
3206 43
3207 1
3208 5
3209 2
3210 1
3211 1
3212 2
3214 3
3216 4
3217 1
3218 5
3219 1
3220 5
3221 2
3222 1
3224 3
3225 1
3226 3
3227 1
3228 3
3230 2
3231 2
3232 1
3234 4
3236 4
3238 1
3239 3
3240 4
3241 1
3242 4
3243 1
3244 3
3245 2
3247 2
3250 2
3252 1
3253 1
3254 5
3255 1
3256 2
3257 5
3259 1
3263 1
3264 1
3265 2
3266 5
3267 4
3268 3
3269 1
3270 1
3271 2
3272 3
3273 1
3274 2
3275 2
3276 3
3277 2
3278 2
3279 2
3280 5
3281 2
3282 2
3283 2
3284 3
3285 3
3286 1
3287 5
3288 1
3289 2
3292 2
3293 2
3295 2
3296 4
3297 1
3299 3
3300 1
3301 1
3302 3
3303 4
3304 1
3306 2
3307 2
3308 2
3309 2
3310 1
3311 1
3312 3
3313 4
3315 1
3316 1
3317 3
3318 1
3319 2
3320 2
3322 4
3323 2
3324 3
3325 4
3326 1
3328 3
3329 1
3331 1
3332 2
3333 1
3335 1
3336 5
3338 2
3339 1
3340 5
3341 2
3342 1
3343 1
3344 2
3346 1
3347 1
3349 3
3351 3
3352 2
3353 2
3354 2
3355 3
3356 1
3358 5
3359 3
3360 3
3362 2
3363 1
3364 1
3365 2
3366 1
3367 2
3368 1
3369 1
3370 4
3371 1
3372 1
3373 4
3374 3
3376 2
3377 1
3378 1
3379 1
3380 1
3381 1
3382 8
3383 2
3384 1
3386 6
3389 3
3390 3
3391 1
3392 5
3393 1
3396 1
3397 2
3398 2
3399 2
3400 1
3401 2
3402 2
3403 1
3404 4
3405 2
3407 4
3408 1
3409 2
3410 4
3411 3
3412 1
3413 1
3414 1
3415 3
3416 1
3420 2
3421 1
3422 4
3423 1
3425 1
3426 1
3427 4
3428 1
3429 1
3431 5
3432 1
3433 1
3434 1
3435 1
3436 7
3438 1
3440 5
3441 2
3442 2
3444 5
3445 4
3446 3
3447 1
3448 4
3450 4
3452 12
3454 4
3455 1
3456 3
3457 3
3458 2
3460 1
3461 1
3463 2
3464 1
3465 1
3467 1
3468 1
3469 1
3470 2
3472 5
3474 2
3475 2
3476 2
3479 3
3480 2
3481 1
3482 3
3483 2
3484 5
3485 2
3487 7
3488 2
3490 1
3491 3
3492 4
3493 1
3494 1
3495 1
3496 1
3497 4
3498 3
3500 3
3501 2
3502 1
3504 4
3505 1
3507 1
3508 3
3509 2
3510 2
3511 1
3512 3
3513 4
3514 2
3515 1
3516 8
3517 1
3518 1
3519 2
3520 3
3521 3
3524 4
3525 2
3526 11
3528 1
3529 4
3531 1
3532 5
3533 2
3534 1
3536 3
3540 4
3542 2
3544 3
3545 1
3547 1
3548 5
3549 2
3550 11
3551 2
3553 2
3554 5
3556 6
3558 1
3559 1
3560 2
3562 2
3564 1
3566 1
3568 5
3570 1
3571 3
3572 3
3573 1
3574 3
3575 4
3576 6
3578 1
3579 1
3581 2
3582 1
3583 3
3584 16
3585 1
3586 2
3587 4
3588 1
3590 2
3591 8
3592 14
3593 99
3594 1
3595 2
3596 3
3598 1
3600 7
3601 4
3602 1
3603 1
3604 1
3605 1
3606 1
3612 3
3614 3
3615 2
3616 5
3618 1
3619 2
3620 3
3621 1
3622 1
3623 2
3625 1
3626 4
3627 1
3628 1
3630 1
3632 1
3633 2
3634 4
3636 2
3637 2
3638 3
3639 3
3640 1
3641 2
3642 3
3643 2
3644 1
3645 1
3647 2
3648 2
3649 1
3650 2
3651 1
3652 1
3653 1
3654 1
3655 1
3656 1
3657 1
3658 3
3659 1
3661 3
3662 3
3664 2
3665 3
3666 2
3667 1
3668 2
3669 2
3670 1
3675 1
3676 1
3677 2
3679 3
3680 2
3681 1
3683 1
3685 2
3686 3
3688 4
3692 1
3694 2
3695 2
3696 1
3697 2
3698 3
3700 1
3701 2
3702 2
3703 5
3704 1
3706 3
3707 2
3708 4
3711 1
3712 2
3713 1
3715 3
3716 9
3717 1
3718 2
3719 4
3720 6
3721 2
3723 2
3724 6
3725 1
3727 1
3728 1
3729 1
3730 1
3731 4
3732 6
3735 1
3736 2
3737 1
3738 1
3740 2
3741 1
3743 1
3744 7
3745 2
3746 3
3747 1
3748 3
3749 2
3752 1
3753 3
3757 3
3758 1
3760 3
3761 1
3764 1
3765 2
3766 1
3767 2
3769 3
3770 1
3772 1
3773 1
3774 1
3775 1
3778 1
3779 3
3780 1
3781 1
3782 1
3783 1
3784 2
3785 2
3786 1
3787 1
3788 2
3789 3
3790 1
3791 1
3792 3
3793 3
3794 2
3796 4
3797 1
3798 1
3800 1
3801 1
3802 3
3803 3
3804 5
3805 1
3806 2
3808 5
3809 3
3810 1
3812 3
3813 2
3814 1
3815 1
3816 3
3820 2
3821 2
3822 2
3823 1
3824 6
3825 2
3826 1
3829 1
3830 1
3831 1
3832 2
3833 1
3834 1
3835 2
3838 1
3840 3
3843 1
3844 4
3845 1
3847 1
3848 1
3849 1
3851 1
3852 4
3854 3
3855 2
3856 2
3857 2
3858 2
3859 2
3860 1
3864 3
3865 3
3866 2
3867 2
3868 2
3869 1
3870 2
3872 2
3875 1
3876 3
3877 1
3878 1
3879 1
3880 1
3881 4
3883 1
3884 3
3886 1
3888 2
3890 4
3892 6
3895 2
3897 1
3898 1
3899 1
3900 6
3901 1
3903 1
3904 2
3905 2
3908 4
3909 1
3910 3
3912 3
3913 2
3916 2
3917 1
3919 2
3920 4
3921 1
3923 1
3924 1
3926 1
3928 2
3930 1
3932 1
3933 1
3935 3
3936 2
3937 2
3939 2
3940 2
3941 1
3943 1
3944 3
3948 1
3950 2
3951 4
3952 3
3953 1
3954 3
3955 4
3956 1
3957 1
3958 1
3959 2
3960 5
3961 5
3963 4
3964 4
3966 1
3967 1
3969 1
3970 1
3971 4
3973 2
3974 1
3975 3
3976 3
3980 4
3982 1
3983 2
3984 2
3985 1
3987 1
3988 2
3990 1
3992 2
3993 2
3994 1
3995 2
3997 5
3998 2
3999 4
4001 1
4003 1
4004 1
4005 2
4006 2
4008 1
4010 2
4013 2
4014 1
4015 1
4016 3
4017 1
4018 2
4019 2
4020 1
4021 2
4022 1
4025 3
4027 2
4028 3
4029 2
4030 1
4031 2
4032 2
4034 2
4036 2
4037 2
4038 2
4040 1
4041 3
4042 2
4043 1
4044 1
4045 2
4046 1
4047 1
4048 1
4049 1
4051 1
4054 2
4057 1
4058 1
4060 3
4061 1
4062 5
4063 2
4065 1
4067 3
4068 1
4072 1
4075 1
4076 1
4077 2
4078 1
4079 2
4081 2
4083 1
4084 2
4085 2
4088 2
4093 1
4095 1
4096 17
4097 1
4099 5
4100 3
4101 2
4102 2
4103 4
4107 1
4108 2
4110 1
4111 4
4112 2
4114 2
4115 4
4119 2
4120 1
4121 2
4122 4
4126 4
4128 2
4129 1
4130 1
4133 2
4135 1
4137 2
4138 4
4139 1
4140 1
4142 1
4144 2
4148 1
4150 3
4151 1
4152 4
4153 1
4154 1
4156 1
4157 2
4158 2
4159 1
4160 2
4161 2
4162 2
4163 4
4164 1
4166 2
4167 1
4169 2
4171 2
4175 1
4176 3
4178 1
4180 2
4186 3
4187 2
4189 1
4190 4
4192 4
4195 3
4196 4
4198 2
4199 1
4200 7
4201 2
4203 1
4205 1
4206 2
4207 4
4210 3
4211 1
4213 3
4214 1
4217 2
4218 2
4219 5
4221 1
4222 1
4223 2
4224 3
4225 1
4228 5
4229 2
4231 1
4232 1
4233 1
4234 1
4236 1
4237 1
4238 3
4239 4
4240 2
4241 1
4242 2
4243 1
4244 2
4246 1
4247 3
4248 1
4249 1
4250 7
4251 3
4252 1
4254 3
4256 4
4258 1
4262 1
4263 2
4264 1
4265 1
4266 3
4268 3
4271 1
4273 1
4276 2
4277 1
4278 1
4279 1
4280 1
4282 1
4285 2
4286 2
4287 1
4288 1
4289 2
4290 1
4292 3
4293 1
4294 4
4295 1
4296 3
4298 2
4300 3
4302 1
4304 2
4307 1
4308 2
4311 1
4312 1
4313 1
4315 3
4316 1
4317 1
4321 2
4324 4
4325 3
4326 1
4327 1
4328 3
4329 1
4330 3
4333 1
4335 1
4337 1
4339 2
4340 5
4341 2
4345 1
4349 1
4351 2
4352 2
4354 1
4355 1
4356 2
4357 1
4358 3
4359 1
4360 1
4361 3
4362 2
4363 2
4364 1
4365 3
4366 1
4367 6
4369 2
4372 2
4374 1
4375 1
4376 3
4377 1
4378 3
4379 2
4381 1
4384 2
4385 1
4386 2
4388 1
4389 1
4390 1
4394 1
4396 3
4397 2
4398 2
4399 1
4400 2
4402 1
4405 1
4406 3
4407 6
4408 1
4409 1
4412 3
4413 3
4414 3
4416 2
4418 1
4420 4
4424 3
4425 3
4427 3
4428 1
4429 2
4431 1
4433 2
4434 1
4435 1
4436 1
4437 1
4438 1
4439 3
4441 2
4442 1
4443 1
4444 1
4445 1
4446 2
4447 2
4448 4
4449 1
4450 2
4453 1
4455 1
4457 2
4459 1
4461 3
4463 2
4464 3
4465 2
4466 1
4467 2
4469 1
4471 2
4472 2
4473 1
4474 2
4475 3
4480 3
4481 4
4482 1
4483 3
4485 2
4487 2
4488 2
4489 2
4490 2
4491 2
4492 2
4493 1
4494 2
4496 2
4498 1
4500 1
4501 1
4502 1
4503 1
4504 2
4506 1
4507 5
4508 2
4509 1
4510 2
4511 1
4512 2
4513 6
4516 4
4517 1
4519 2
4520 1
4521 1
4522 2
4523 1
4524 1
4526 1
4527 1
4528 4
4529 2
4531 1
4532 1
4534 1
4535 2
4536 1
4538 2
4539 2
4540 7
4541 1
4549 1
4550 3
4551 2
4552 2
4554 1
4555 1
4556 4
4557 1
4558 3
4559 2
4561 1
4562 2
4563 3
4565 1
4566 1
4567 1
4568 1
4571 3
4572 1
4573 2
4574 3
4575 1
4576 6
4578 2
4579 2
4580 3
4581 2
4582 5
4583 3
4585 1
4587 1
4590 2
4591 1
4592 2
4593 1
4594 3
4595 1
4596 2
4598 2
4599 1
4600 2
4601 2
4602 2
4603 4
4604 4
4606 1
4608 12
4609 4
4610 3
4611 4
4612 1
4615 2
4616 4
4618 3
4619 1
4621 2
4623 1
4624 1
4625 1
4631 3
4634 1
4636 2
4638 2
4640 1
4641 1
4643 2
4644 1
4645 1
4647 2
4648 2
4649 1
4651 1
4652 1
4656 1
4658 1
4660 1
4661 1
4663 1
4664 2
4668 1
4672 3
4673 1
4674 2
4676 1
4679 1
4680 2
4681 2
4682 2
4683 3
4684 2
4685 1
4686 2
4690 1
4691 1
4692 2
4695 1
4696 2
4697 2
4699 1
4700 1
4705 1
4706 3
4707 2
4708 1
4709 4
4710 4
4711 2
4712 1
4714 1
4715 3
4716 1
4720 1
4722 1
4724 2
4725 1
4726 3
4727 1
4728 1
4731 1
4732 2
4734 4
4738 1
4739 1
4740 2
4741 1
4744 2
4746 5
4747 2
4749 2
4750 2
4751 3
4753 1
4754 2
4756 1
4757 2
4759 1
4760 1
4761 3
4762 1
4763 1
4764 1
4765 2
4766 2
4767 1
4768 1
4769 3
4770 1
4771 2
4772 3
4773 5
4775 2
4776 4
4777 3
4778 1
4780 1
4781 1
4782 1
4783 1
4784 1
4785 1
4788 1
4789 3
4791 1
4792 1
4793 2
4795 2
4796 4
4797 1
4799 1
4803 1
4804 2
4805 1
4806 2
4807 1
4808 1
4809 1
4810 1
4811 1
4812 1
4814 1
4816 1
4818 2
4819 1
4820 3
4821 1
4823 3
4824 2
4826 1
4827 1
4828 2
4831 2
4832 1
4833 2
4834 1
4837 1
4839 1
4840 1
4841 1
4843 3
4844 2
4846 2
4847 1
4848 1
4849 4
4850 1
4851 1
4852 1
4853 1
4854 1
4858 1
4859 2
4860 1
4861 1
4862 1
4864 1
4866 1
4868 1
4871 1
4872 1
4873 5
4875 3
4876 2
4877 1
4878 3
4879 1
4880 1
4881 2
4882 4
4883 4
4885 1
4887 1
4888 2
4889 1
4890 1
4891 1
4893 5
4894 1
4895 1
4896 14
4897 2
4898 2
4899 1
4900 1
4904 10
4905 4
4908 1
4909 1
4913 1
4914 1
4915 1
4916 1
4919 2
4921 2
4923 1
4925 2
4926 1
4927 1
4928 1
4929 1
4931 1
4933 1
4934 1
4937 1
4938 2
4939 1
4940 4
4941 1
4944 3
4945 2
4947 1
4948 1
4949 3
4950 1
4952 1
4955 1
4956 1
4957 2
4960 1
4961 2
4962 1
4963 1
4964 2
4966 2
4967 1
4968 1
4970 1
4971 1
4972 3
4978 3
4979 1
4980 1
4982 3
4985 1
4986 1
4988 1
4991 1
4993 1
4996 2
5000 2
5001 2
5003 4
5007 1
5009 1
5015 1
5016 2
5018 1
5019 1
5020 3
5021 2
5023 3
5024 3
5028 1
5032 2
5033 1
5035 1
5036 3
5040 1
5041 1
5042 2
5048 1
5049 1
5050 4
5052 1
5053 1
5054 2
5056 1
5059 2
5060 5
5061 1
5064 1
5065 2
5068 5
5071 1
5072 1
5073 1
5074 1
5075 1
5076 1
5077 2
5078 2
5079 1
5080 3
5081 1
5082 1
5083 2
5085 2
5086 1
5087 1
5092 3
5093 1
5094 2
5095 1
5096 1
5098 1
5099 2
5102 1
5103 1
5104 1
5106 3
5107 1
5109 1
5110 1
5111 1
5113 1
5114 1
5120 1
5122 4
5123 3
5124 2
5125 2
5126 2
5127 1
5128 2
5132 2
5134 1
5136 2
5139 2
5140 1
5141 1
5142 1
5144 4
5146 1
5147 1
5148 1
5150 2
5153 1
5154 1
5155 4
5156 3
5158 2
5161 1
5162 1
5163 1
5164 3
5165 1
5167 1
5169 1
5171 1
5172 2
5173 3
5177 1
5179 1
5181 1
5182 3
5183 2
5185 1
5187 2
5188 2
5189 1
5190 1
5194 2
5197 2
5200 4
5204 1
5206 2
5207 1
5209 2
5211 1
5212 1
5214 1
5215 2
5216 4
5218 1
5221 1
5222 2
5224 1
5225 1
5226 1
5228 2
5229 2
5230 2
5231 1
5232 2
5234 1
5237 1
5239 1
5240 1
5244 2
5246 1
5248 5
5250 1
5251 1
5253 1
5255 2
5256 1
5257 1
5258 1
5260 1
5262 2
5264 1
5266 3
5267 2
5268 1
5270 2
5272 1
5273 3
5278 2
5279 1
5280 2
5281 2
5282 1
5283 3
5284 2
5285 1
5287 2
5288 2
5290 2
5291 1
5292 1
5293 1
5294 2
5296 3
5297 1
5298 2
5300 1
5302 1
5307 2
5309 2
5311 1
5312 1
5313 1
5314 2
5315 1
5319 2
5320 1
5323 1
5324 1
5327 3
5329 1
5330 1
5331 2
5332 1
5334 1
5335 1
5336 1
5339 1
5340 2
5342 1
5344 3
5347 1
5349 1
5350 3
5351 1
5352 1
5354 1
5355 2
5356 1
5361 1
5364 1
5367 1
5369 1
5370 1
5371 2
5372 1
5376 2
5377 1
5378 1
5379 1
5380 2
5381 1
5383 1
5384 1
5388 3
5391 1
5394 1
5398 1
5400 1
5403 1
5405 2
5409 1
5411 1
5412 2
5413 1
5415 1
5416 1
5417 1
5420 1
5423 2
5424 2
5427 1
5428 1
5429 1
5432 1
5434 1
5435 1
5437 1
5438 1
5439 3
5442 1
5446 1
5447 2
5454 2
5456 1
5460 1
5462 1
5464 1
5467 1
5469 3
5470 2
5472 1
5473 1
5476 1
5480 2
5481 2
5490 1
5491 3
5494 1
5495 3
5496 2
5497 1
5498 2
5500 2
5501 2
5504 2
5508 3
5509 3
5511 1
5512 1
5513 3
5514 1
5515 1
5516 1
5517 1
5520 2
5522 2
5523 3
5524 1
5525 3
5535 2
5536 1
5537 1
5539 1
5541 2
5542 1
5546 3
5547 1
5548 1
5554 2
5555 1
5556 1
5557 1
5558 2
5560 1
5561 1
5562 1
5563 1
5564 1
5565 1
5568 1
5571 3
5572 1
5573 1
5575 1
5576 2
5577 1
5581 1
5585 2
5586 1
5587 1
5588 1
5589 1
5592 1
5595 1
5596 1
5598 3
5600 1
5601 1
5602 1
5603 1
5604 1
5605 2
5606 1
5610 1
5611 1
5614 1
5616 2
5620 1
5621 4
5622 1
5623 1
5624 1
5628 1
5631 1
5632 2
5634 1
5636 1
5637 2
5640 1
5641 1
5642 1
5644 1
5646 1
5650 1
5653 1
5655 1
5658 2
5659 1
5663 1
5666 1
5667 2
5668 1
5670 2
5671 1
5675 1
5676 2
5678 1
5679 1
5681 1
5682 1
5684 1
5686 1
5689 1
5693 1
5695 2
5696 1
5698 1
5700 2
5702 1
5703 2
5704 3
5706 2
5709 1
5712 1
5714 2
5716 1
5718 1
5720 2
5721 2
5722 1
5725 2
5726 1
5727 2
5731 2
5735 1
5736 4
5737 1
5738 1
5739 3
5742 1
5743 2
5744 1
5745 1
5746 2
5748 1
5749 2
5750 2
5753 1
5756 2
5757 1
5758 3
5759 1
5760 1
5761 1
5762 1
5765 1
5766 2
5767 1
5768 2
5769 1
5771 1
5774 1
5775 2
5778 3
5779 3
5780 2
5781 1
5784 2
5788 2
5789 2
5790 1
5791 1
5792 2
5794 1
5795 1
5796 2
5799 1
5800 2
5801 1
5805 2
5809 2
5810 1
5811 3
5815 1
5816 3
5817 1
5818 1
5823 1
5828 3
5832 2
5834 2
5835 2
5836 2
5839 1
5840 2
5842 2
5847 1
5849 1
5853 1
5856 1
5859 2
5860 1
5863 1
5864 1
5865 2
5866 2
5867 1
5868 1
5873 2
5876 1
5880 2
5881 1
5882 1
5883 1
5885 1
5886 1
5887 1
5888 1
5889 1
5890 1
5895 1
5896 1
5898 1
5899 1
5901 2
5902 1
5903 1
5904 1
5906 2
5912 1
5914 1
5915 1
5917 2
5919 1
5920 1
5923 1
5924 1
5925 1
5927 1
5929 1
5930 1
5932 1
5934 1
5935 1
5938 1
5939 2
5940 8
5942 1
5943 1
5948 1
5951 4
5953 2
5954 1
5955 3
5956 1
5957 1
5960 1
5961 3
5962 1
5963 1
5964 4
5966 1
5967 1
5970 1
5971 1
5974 1
5976 1
5977 1
5978 1
5980 1
5982 2
5983 1
5986 1
5987 2
5988 2
5989 1
5991 2
5992 3
5995 1
5996 1
5997 2
5999 1
6001 1
6003 1
6005 1
6009 1
6010 2
6011 1
6012 1
6017 1
6018 3
6022 1
6029 2
6031 1
6034 1
6035 3
6036 1
6037 2
6040 2
6042 4
6043 2
6044 1
6047 1
6049 2
6051 1
6052 2
6064 1
6065 1
6066 2
6069 1
6072 1
6073 1
6074 1
6075 3
6078 1
6086 2
6087 1
6090 1
6091 1
6096 2
6100 2
6108 1
6112 1
6113 1
6116 1
6118 1
6119 2
6121 2
6122 1
6124 1
6125 3
6128 1
6129 1
6136 4
6142 1
6143 1
6144 4
6146 1
6147 1
6152 2
6153 3
6154 3
6159 3
6162 1
6163 2
6164 1
6171 1
6172 3
6173 1
6174 1
6176 1
6181 1
6184 6
6185 2
6187 2
6190 2
6192 4
6193 1
6196 1
6199 1
6200 3
6202 2
6204 2
6208 2
6210 2
6211 1
6213 2
6217 1
6218 1
6220 2
6221 3
6222 1
6224 1
6226 1
6227 1
6229 1
6230 1
6231 1
6232 1
6234 1
6239 1
6242 1
6243 1
6247 1
6248 3
6250 4
6253 1
6254 2
6255 2
6256 1
6261 1
6263 1
6269 1
6270 2
6272 1
6274 3
6276 1
6277 2
6279 1
6284 2
6290 1
6297 1
6302 1
6305 2
6307 2
6309 2
6310 2
6312 1
6316 1
6320 1
6324 2
6326 1
6327 3
6331 1
6334 2
6335 1
6336 2
6341 1
6344 5
6347 1
6348 4
6350 1
6351 5
6355 1
6356 1
6359 1
6360 1
6364 3
6367 1
6368 2
6370 1
6374 2
6376 2
6382 1
6384 3
6385 2
6387 1
6390 1
6393 1
6396 1
6397 2
6400 1
6402 1
6403 1
6404 1
6406 1
6407 1
6408 2
6409 1
6410 2
6412 1
6414 2
6418 2
6419 2
6420 1
6422 1
6423 2
6427 1
6429 1
6430 2
6431 1
6432 3
6434 2
6435 1
6438 2
6440 1
6441 1
6445 1
6448 3
6451 2
6453 2
6455 3
6456 1
6458 1
6460 1
6462 1
6464 1
6466 1
6468 1
6469 1
6471 1
6472 2
6473 1
6474 1
6479 2
6481 1
6482 1
6485 1
6486 1
6490 1
6492 2
6496 1
6497 1
6498 1
6499 1
6500 2
6505 1
6506 1
6512 2
6513 1
6514 1
6520 2
6521 3
6522 1
6525 1
6528 2
6533 1
6534 1
6536 1
6539 2
6543 1
6544 1
6549 1
6552 1
6553 1
6559 1
6563 1
6564 1
6567 1
6570 1
6572 4
6574 1
6575 1
6576 1
6577 3
6580 1
6581 1
6585 1
6586 1
6589 1
6590 1
6591 2
6592 2
6595 1
6599 1
6600 2
6602 2
6604 2
6607 1
6608 1
6609 1
6610 2
6611 1
6612 1
6613 1
6615 1
6616 3
6617 1
6619 3
6620 1
6625 2
6628 4
6630 1
6632 1
6633 1
6634 1
6635 1
6638 1
6641 1
6644 2
6648 1
6649 1
6650 3
6651 1
6653 1
6654 1
6656 3
6658 2
6659 1
6663 1
6665 1
6666 2
6667 2
6668 1
6670 2
6671 1
6673 1
6675 2
6676 1
6677 2
6679 4
6681 1
6682 3
6683 1
6684 2
6687 1
6688 2
6691 1
6692 1
6694 3
6698 1
6700 2
6701 1
6703 2
6705 1
6707 3
6708 1
6713 1
6714 2
6715 1
6719 1
6722 2
6724 1
6728 1
6729 1
6732 1
6736 2
6737 1
6738 3
6740 3
6742 1
6745 2
6746 3
6748 1
6749 1
6751 1
6752 1
6754 1
6757 1
6759 1
6762 4
6766 1
6767 1
6768 1
6769 1
6770 1
6771 1
6772 2
6773 1
6774 1
6776 1
6779 1
6780 1
6781 3
6782 1
6783 1
6784 1
6785 5
6786 3
6787 8
6788 3
6790 3
6791 1
6792 2
6793 1
6795 1
6796 1
6797 1
6798 1
6799 1
6800 2
6802 1
6805 1
6806 1
6808 2
6809 1
6812 2
6814 1
6815 1
6818 1
6819 1
6820 2
6823 1
6824 1
6827 1
6828 1
6830 1
6832 4
6835 1
6836 2
6838 1
6840 2
6841 1
6847 2
6848 2
6850 1
6851 2
6852 2
6853 2
6854 1
6855 3
6856 1
6861 1
6864 1
6866 2
6868 1
6869 1
6870 1
6872 2
6873 2
6876 1
6878 1
6879 2
6880 2
6881 1
6882 1
6884 2
6887 1
6888 2
6889 1
6890 1
6891 1
6893 1
6895 1
6901 3
6906 1
6909 1
6910 1
6913 1
6916 1
6917 2
6919 1
6922 1
6923 1
6924 1
6926 1
6927 1
6928 2
6930 2
6931 2
6933 1
6934 1
6937 1
6938 1
6940 1
6942 1
6944 2
6946 1
6947 1
6948 1
6949 1
6952 2
6954 1
6956 1
6957 2
6959 2
6962 1
6964 1
6965 1
6967 2
6968 1
6970 1
6971 2
6972 1
6974 1
6979 1
6981 1
6983 1
6984 3
6987 1
6988 1
6989 1
6990 1
6994 2
6996 1
6997 1
7005 2
7007 1
7008 1
7009 1
7010 1
7012 1
7015 3
7024 2
7025 1
7030 2
7032 1
7033 1
7034 1
7038 1
7040 1
7044 2
7046 2
7047 1
7054 3
7056 1
7059 1
7061 1
7062 2
7067 1
7070 1
7072 1
7077 1
7080 2
7081 1
7083 1
7084 1
7085 2
7088 1
7089 3
7090 1
7092 1
7095 3
7100 1
7108 2
7109 1
7110 1
7111 2
7112 1
7115 1
7116 1
7120 1
7126 1
7136 1
7137 3
7139 2
7141 1
7143 1
7144 1
7146 2
7147 1
7150 1
7154 1
7155 1
7164 3
7165 1
7168 3
7169 2
7170 1
7175 1
7176 1
7177 1
7179 2
7181 1
7183 1
7185 1
7187 2
7191 3
7192 1
7194 1
7195 1
7196 4
7197 1
7198 3
7199 2
7202 1
7204 1
7209 1
7210 1
7211 1
7215 1
7216 2
7218 2
7221 1
7222 1
7225 1
7228 2
7229 1
7230 1
7231 1
7232 1
7234 1
7235 2
7236 1
7240 2
7241 2
7248 1
7249 2
7251 2
7253 1
7254 2
7258 1
7261 1
7267 1
7268 2
7269 1
7270 4
7271 1
7274 1
7276 2
7277 1
7278 1
7280 2
7281 1
7287 2
7288 1
7289 1
7295 1
7301 2
7304 1
7308 1
7309 1
7312 1
7313 1
7314 2
7318 1
7320 1
7321 1
7322 2
7323 1
7327 2
7331 2
7332 1
7334 1
7336 2
7339 1
7341 1
7343 2
7346 1
7347 1
7349 1
7352 3
7355 1
7356 1
7357 1
7359 1
7360 1
7362 1
7363 12
7368 1
7369 1
7370 1
7372 2
7373 1
7374 1
7376 2
7377 1
7380 1
7384 1
7388 1
7391 1
7394 1
7395 1
7397 1
7398 1
7400 3
7403 2
7404 1
7407 2
7408 3
7413 2
7415 1
7416 1
7417 1
7420 1
7425 1
7426 1
7427 2
7428 1
7429 1
7430 3
7433 2
7434 1
7435 1
7436 4
7439 1
7440 2
7442 3
7444 2
7445 1
7446 1
7448 1
7449 2
7450 1
7451 3
7452 1
7453 2
7457 2
7458 1
7459 2
7461 1
7464 1
7465 1
7466 2
7467 3
7468 1
7470 2
7472 2
7474 1
7475 1
7477 2
7478 2
7480 2
7481 2
7482 1
7483 1
7484 1
7485 1
7487 2
7488 1
7491 1
7493 1
7494 1
7496 1
7499 1
7502 2
7503 2
7504 2
7506 1
7508 4
7509 1
7511 1
7516 1
7517 1
7521 1
7529 2
7531 1
7535 1
7539 1
7540 2
7541 1
7543 1
7548 1
7550 1
7552 2
7555 1
7560 1
7562 2
7564 1
7567 1
7568 2
7570 1
7571 1
7573 1
7575 2
7576 1
7584 1
7588 1
7589 1
7597 1
7598 1
7600 1
7602 1
7603 1
7604 4
7606 1
7607 1
7608 1
7611 1
7612 1
7613 1
7616 2
7620 3
7622 1
7623 1
7624 2
7628 1
7630 1
7637 2
7640 1
7641 2
7649 1
7660 1
7661 1
7662 1
7664 1
7670 4
7673 1
7674 1
7680 2
7682 1
7687 1
7689 1
7690 2
7691 2
7695 1
7696 1
7698 1
7702 2
7707 1
7710 1
7712 1
7714 1
7715 1
7717 2
7724 1
7725 1
7727 1
7730 2
7733 1
7738 1
7739 1
7744 2
7747 1
7748 1
7750 1
7753 1
7757 1
7765 1
7766 1
7769 1
7774 2
7775 1
7777 1
7778 1
7779 1
7781 2
7784 1
7786 1
7787 1
7795 1
7796 3
7801 1
7804 1
7805 1
7812 2
7820 1
7830 1
7834 1
7836 2
7840 1
7843 1
7844 1
7847 1
7848 3
7853 2
7856 1
7858 1
7860 1
7862 1
7863 3
7864 1
7865 2
7868 2
7870 1
7871 1
7872 1
7873 1
7877 1
7879 1
7880 1
7882 2
7883 1
7886 1
7888 2
7890 1
7894 1
7898 2
7900 2
7904 1
7907 1
7909 1
7913 1
7914 1
7916 4
7919 3
7921 1
7928 1
7929 1
7931 1
7932 1
7937 1
7944 5
7945 2
7946 1
7948 1
7950 1
7951 2
7958 1
7960 1
7964 3
7966 2
7967 1
7968 1
7976 2
7978 1
7980 1
7984 1
7985 1
7987 1
7988 1
7991 1
7992 1
7996 1
8000 2
8002 3
8003 1
8005 1
8008 1
8009 1
8010 1
8011 1
8012 1
8015 2
8018 1
8021 2
8023 2
8025 1
8026 1
8028 1
8032 2
8033 1
8038 1
8039 1
8040 3
8045 1
8046 1
8047 1
8051 1
8052 2
8053 3
8055 2
8056 3
8059 3
8062 1
8064 2
8069 2
8079 1
8080 1
8082 2
8085 1
8086 2
8089 3
8093 1
8094 1
8095 1
8096 1
8102 3
8104 2
8105 1
8114 1
8119 1
8120 1
8124 3
8129 1
8136 3
8137 1
8141 1
8143 1
8145 2
8152 1
8153 1
8160 1
8163 1
8164 2
8167 4
8168 2
8171 1
8174 1
8176 1
8182 2
8186 1
8188 1
8190 1
8192 41
8197 1
8200 2
8201 1
8205 1
8208 4
8212 2
8215 1
8218 1
8219 1
8220 2
8221 1
8224 299
8225 1
8227 1
8228 1
8230 1
8234 1
8235 3
8238 1
8240 3
8241 1
8256 1
8258 1
8261 1
8268 1
8269 1
8274 1
8276 1
8280 1
8287 4
8295 1
8296 2
8297 2
8298 1
8300 1
8304 1
8306 1
8308 2
8313 1
8316 1
8322 2
8323 1
8324 2
8327 1
8332 1
8337 1
8338 1
8342 1
8344 2
8346 1
8351 6
8354 1
8356 2
8358 1
8364 1
8366 1
8369 2
8372 1
8374 1
8376 1
8380 1
8382 1
8383 1
8386 1
8389 1
8396 1
8397 2
8399 1
8400 1
8402 1
8403 1
8404 3
8406 1
8411 1
8414 1
8418 2
8419 1
8421 2
8424 1
8426 1
8428 1
8431 3
8435 1
8439 1
8444 1
8447 1
8452 2
8454 1
8455 1
8457 2
8460 1
8464 1
8465 2
8467 1
8470 1
8471 1
8479 1
8481 2
8486 1
8487 1
8494 1
8496 2
8500 1
8504 1
8506 1
8508 1
8509 1
8510 2
8511 2
8512 1
8515 2
8517 3
8519 1
8520 1
8524 1
8525 3
8527 1
8528 1
8529 1
8530 2
8531 1
8534 3
8538 1
8544 1
8546 1
8547 1
8548 1
8549 1
8558 2
8562 2
8563 1
8568 2
8570 1
8576 1
8578 1
8580 1
8581 2
8582 1
8585 2
8591 1
8592 1
8593 1
8596 1
8600 1
8603 1
8605 1
8606 1
8607 1
8608 1
8609 1
8612 1
8614 1
8617 1
8620 2
8625 1
8627 1
8628 4
8631 4
8632 1
8633 1
8636 2
8642 1
8645 1
8648 3
8649 1
8651 1
8655 1
8656 1
8657 1
8658 1
8660 2
8663 2
8665 1
8666 1
8668 1
8674 2
8676 1
8684 3
8686 1
8687 1
8694 1
8699 1
8700 1
8701 1
8704 1
8707 1
8709 1
8710 2
8714 1
8715 2
8716 1
8721 1
8723 1
8724 1
8727 1
8732 1
8733 1
8735 1
8736 1
8740 1
8745 2
8749 1
8750 1
8751 1
8752 2
8753 1
8756 1
8759 1
8760 1
8761 1
8762 1
8764 2
8772 1
8774 1
8777 1
8780 1
8781 1
8782 3
8785 1
8788 1
8789 1
8790 1
8793 1
8796 2
8797 2
8798 1
8800 1
8802 1
8803 2
8804 1
8807 1
8818 1
8824 1
8828 1
8830 1
8833 1
8834 1
8844 1
8847 1
8852 1
8854 2
8859 3
8861 1
8863 1
8867 1
8870 1
8871 1
8872 3
8874 1
8876 1
8877 2
8881 1
8887 2
8889 1
8891 1
8892 2
8896 2
8907 1
8909 1
8913 1
8929 1
8931 1
8939 1
8942 1
8944 1
8947 2
8948 1
8949 1
8951 3
8952 1
8953 2
8959 1
8961 2
8962 1
8965 1
8970 1
8971 1
8977 2
8978 2
8982 1
8984 1
8988 2
8992 2
8997 1
8999 1
9006 1
9011 1
9014 1
9018 3
9020 1
9021 1
9022 1
9026 1
9027 3
9030 1
9034 1
9038 2
9040 1
9041 1
9042 2
9045 1
9048 1
9052 1
9057 1
9060 1
9068 2
9070 1
9072 1
9074 1
9076 1
9081 1
9085 1
9092 1
9095 1
9107 1
9109 1
9121 1
9122 1
9124 1
9126 2
9127 1
9138 2
9140 1
9141 1
9143 1
9151 1
9156 1
9162 1
9164 2
9168 1
9170 1
9179 1
9180 2
9181 1
9182 2
9188 1
9192 1
9196 1
9208 1
9210 1
9215 1
9216 7
9218 4
9232 149
9236 1
9246 1
9249 1
9250 4
9253 1
9254 1
9257 3
9260 2
9265 3
9266 1
9269 1
9278 1
9279 1
9282 2
9283 1
9284 1
9288 2
9293 1
9306 1
9313 1
9316 2
9318 1
9320 1
9324 1
9329 1
9336 1
9338 1
9339 1
9340 1
9347 1
9349 1
9354 1
9355 1
9357 1
9358 1
9361 1
9364 1
9371 1
9373 1
9378 1
9388 1
9390 1
9396 3
9397 1
9399 1
9404 5
9417 1
9418 1
9420 1
9427 2
9428 1
9433 1
9435 1
9437 2
9440 1
9445 2
9453 2
9456 1
9457 1
9464 1
9466 1
9467 2
9470 1
9472 1
9474 2
9480 1
9484 2
9485 1
9487 1
9491 1
9494 1
9495 1
9499 1
9511 1
9512 1
9516 1
9517 1
9522 1
9525 1
9527 1
9529 1
9532 2
9533 1
9536 3
9538 1
9539 1
9546 1
9551 1
9555 1
9578 1
9584 1
9585 1
9586 1
9592 1
9594 1
9596 1
9597 1
9599 1
9606 1
9611 1
9615 1
9616 2
9623 1
9625 1
9628 1
9629 2
9636 2
9643 1
9645 1
9650 1
9651 1
9656 1
9658 2
9659 1
9662 2
9667 1
9674 1
9676 2
9680 3
9681 1
9682 1
9688 2
9690 1
9692 1
9693 1
9699 2
9708 1
9709 2
9712 1
9714 1
9715 1
9717 2
9719 1
9721 1
9725 4
9726 1
9730 1
9731 1
9736 1
9738 1
9743 1
9747 1
9749 1
9750 1
9751 1
9757 1
9761 1
9763 2
9765 1
9769 1
9773 1
9775 1
9777 1
9782 1
9787 1
9801 3
9802 1
9803 2
9805 1
9808 2
9810 1
9812 1
9813 1
9817 1
9820 2
9826 2
9828 1
9830 2
9838 1
9840 2
9842 1
9845 1
9851 1
9856 1
9861 1
9865 2
9866 2
9867 2
9868 1
9869 1
9886 3
9887 1
9888 1
9892 5
9894 1
9895 1
9901 1
9902 2
9903 1
9904 2
9908 2
9909 1
9915 1
9917 1
9922 2
9926 1
9930 1
9938 2
9939 1
9940 2
9943 1
9948 1
9951 2
9954 1
9960 1
9962 2
9966 1
9968 1
9971 1
9974 1
9978 3
9981 2
9983 1
9992 2
9996 1
9999 1
10000 1
10012 1
10016 1
10031 2
10039 3
10042 1
10051 1
10057 1
10063 4
10064 1
10075 1
10081 1
10082 1
10084 1
10085 1
10090 1
10095 1
10096 1
10098 3
10100 1
10106 1
10108 1
10110 1
10114 1
10116 1
10119 1
10120 1
10124 1
10125 1
10129 1
10131 1
10139 1
10143 1
10148 3
10151 1
10164 1
10166 1
10167 1
10177 1
10178 1
10180 1
10181 3
10182 2
10183 2
10184 1
10186 1
10187 2
10190 1
10196 1
10199 2
10200 2
10205 1
10208 3
10210 2
10212 2
10213 2
10221 1
10225 1
10232 1
10234 3
10236 2
10239 1
10240 13
10248 1
10249 1
10250 1
10251 1
10257 1
10263 1
10265 1
10270 1
10271 1
10272 2
10276 1
10280 1
10283 1
10284 1
10285 4
10287 1
10288 2
10293 1
10295 1
10297 2
10301 2
10305 1
10306 1
10310 3
10313 1
10315 1
10316 1
10317 1
10324 1
10331 2
10336 1
10340 2
10344 1
10354 2
10355 2
10358 2
10359 1
10362 1
10364 1
10365 1
10367 1
10369 1
10374 1
10376 1
10381 1
10383 1
10384 1
10387 1
10389 1
10395 1
10396 1
10399 1
10401 1
10408 1
10414 1
10420 1
10432 2
10436 2
10439 1
10440 1
10462 1
10466 1
10468 1
10469 1
10476 1
10479 1
10481 1
10490 1
10492 1
10494 1
10495 1
10498 1
10499 4
10500 2
10501 1
10506 1
10507 1
10508 1
10512 1
10520 1
10523 1
10524 1
10527 2
10529 1
10531 1
10535 2
10539 2
10542 1
10548 2
10556 1
10564 1
10565 2
10571 2
10579 1
10582 1
10590 1
10592 1
10596 1
10602 1
10604 1
10607 1
10608 3
10612 1
10620 2
10621 1
10630 1
10631 2
10636 1
10638 1
10644 1
10647 1
10651 1
10656 4
10663 1
10664 1
10665 1
10666 1
10667 1
10668 2
10671 1
10673 1
10676 1
10686 1
10689 1
10695 1
10697 1
10699 1
10703 2
10707 2
10708 1
10712 1
10714 1
10722 1
10724 1
10726 1
10733 1
10743 1
10744 1
10751 1
10754 2
10755 1
10756 2
10760 1
10776 1
10778 1
10779 1
10784 3
10785 1
10787 1
10789 1
10791 1
10798 2
10801 1
10809 1
10812 1
10819 1
10827 2
10828 1
10829 2
10833 1
10838 1
10845 1
10848 1
10852 1
10863 1
10864 1
10865 1
10867 1
10869 1
10876 3
10877 1
10879 2
10883 3
10888 1
10889 2
10890 2
10901 1
10902 2
10908 1
10910 1
10923 1
10935 1
10941 1
10943 1
10949 1
10955 1
10960 1
10964 1
10968 1
10969 4
10989 1
10993 1
10996 1
10998 1
11006 1
11007 1
11008 3
11020 1
11023 1
11025 1
11030 1
11031 2
11033 1
11034 1
11039 2
11040 1
11041 1
11057 1
11060 1
11071 3
11075 1
11080 1
11086 1
11091 2
11096 1
11100 1
11101 1
11104 2
11106 1
11107 1
11108 1
11111 1
11114 1
11124 1
11127 1
11129 1
11130 1
11133 2
11134 1
11135 1
11139 2
11140 1
11144 3
11145 1
11148 1
11156 2
11157 2
11158 1
11167 1
11176 1
11178 2
11183 1
11186 1
11194 1
11197 1
11198 1
11199 2
11209 1
11210 1
11212 1
11216 1
11218 2
11219 3
11220 1
11222 1
11224 1
11228 1
11229 1
11231 1
11232 1
11237 1
11238 1
11239 1
11245 2
11253 1
11264 20
11268 1
11270 1
11272 4
11279 1
11283 1
11285 1
11291 1
11292 2
11294 1
11295 1
11303 2
11305 1
11307 1
11310 1
11311 1
11322 1
11324 2
11328 1
11333 1
11337 1
11340 1
11343 1
11344 1
11346 6
11354 1
11361 3
11362 1
11365 1
11367 1
11368 2
11369 1
11370 3
11375 1
11376 1
11377 1
11378 1
11385 1
11391 1
11396 2
11400 1
11405 1
11412 1
11413 1
11414 1
11416 1
11425 1
11442 20
11446 1
11450 1
11451 1
11458 2
11459 1
11461 1
11468 1
11470 1
11479 1
11481 1
11484 1
11498 1
11507 1
11516 1
11528 1
11530 6
11535 1
11541 1
11548 1
11549 1
11550 1
11551 1
11552 1
11560 1
11565 1
11576 1
11578 1
11581 1
11588 2
11593 1
11595 1
11598 1
11600 1
11601 1
11604 1
11606 1
11608 1
11609 1
11617 1
11618 1
11629 1
11634 1
11635 1
11643 1
11646 1
11655 1
11657 1
11668 1
11670 1
11676 1
11684 2
11688 1
11695 1
11696 1
11702 1
11704 1
11708 1
11716 2
11717 1
11718 1
11719 2
11725 1
11728 1
11730 1
11731 1
11740 1
11742 1
11760 1
11762 1
11767 1
11768 2
11769 1
11770 1
11772 1
11804 1
11825 1
11828 1
11832 1
11836 1
11839 1
11848 1
11858 1
11866 2
11871 1
11873 1
11874 1
11880 1
11886 1
11888 1
11890 1
11892 1
11911 1
11912 1
11919 1
11924 1
11929 1
11933 1
11940 1
11944 1
11945 1
11950 1
11959 2
11966 1
11969 1
11973 1
11976 1
11978 1
11981 1
11987 1
11988 1
11996 1
11999 1
12002 2
12004 1
12014 2
12016 1
12021 1
12022 1
12023 1
12025 1
12026 1
12028 1
12031 1
12033 2
12039 2
12043 1
12046 1
12053 1
12054 1
12055 1
12059 1
12066 1
12068 1
12071 1
12080 1
12089 1
12097 2
12100 2
12101 2
12108 1
12111 1
12123 1
12127 1
12129 3
12132 1
12140 1
12142 2
12146 1
12150 1
12152 3
12156 1
12167 1
12175 1
12177 1
12185 1
12187 1
12192 2
12195 1
12199 1
12209 4
12217 1
12236 1
12240 1
12246 1
12251 1
12252 1
12262 1
12276 2
12277 1
12281 1
12288 13
12294 1
12296 1
12298 1
12302 1
12312 1
12319 2
12324 2
12327 1
12332 2
12333 1
12335 1
12346 1
12352 1
12375 1
12382 1
12388 1
12392 2
12396 1
12404 1
12414 1
12424 1
12429 2
12439 1
12440 1
12446 1
12453 1
12468 1
12478 1
12481 2
12482 1
12488 1
12489 2
12494 2
12499 1
12500 1
12505 1
12506 2
12513 1
12517 1
12521 1
12524 1
12529 2
12533 1
12536 1
12541 1
12544 1
12548 1
12549 1
12569 2
12599 1
12600 1
12606 1
12608 1
12610 1
12613 1
12622 2
12624 1
12627 3
12630 1
12631 1
12632 1
12633 1
12637 1
12640 1
12644 3
12646 1
12652 2
12655 1
12661 1
12663 1
12664 1
12668 1
12683 1
12684 1
12685 1
12698 1
12706 1
12718 1
12721 1
12725 2
12726 1
12732 1
12734 1
12736 3
12737 1
12739 1
12743 2
12749 2
12758 1
12765 1
12770 1
12771 1
12772 1
12775 2
12784 1
12794 1
12795 1
12800 3
12814 1
12815 1
12816 1
12819 1
12820 1
12822 1
12823 1
12824 1
12827 3
12840 1
12841 1
12847 2
12860 1
12862 2
12872 1
12874 2
12881 2
12908 1
12909 1
12910 1
12912 1
12913 1
12919 1
12920 1
12923 1
12936 1
12937 1
12943 1
12944 2
12950 5
12952 1
12958 1
12960 1
12961 1
12968 1
12969 1
12971 1
12976 2
12981 1
12983 1
12984 1
12986 1
12993 1
12995 1
12997 1
13003 1
13005 1
13014 1
13016 1
13017 1
13021 3
13025 1
13026 2
13037 1
13050 1
13052 1
13063 1
13065 1
13072 2
13090 1
13091 1
13093 1
13099 1
13104 1
13106 1
13107 1
13110 1
13112 1
13116 2
13119 1
13145 2
13149 1
13158 1
13159 1
13161 1
13165 1
13169 1
13177 1
13181 1
13192 1
13193 1
13203 1
13217 3
13220 1
13221 1
13228 1
13230 1
13236 1
13238 2
13251 1
13256 1
13257 2
13272 1
13276 1
13280 1
13284 1
13285 1
13288 1
13289 1
13290 1
13293 2
13294 1
13298 1
13307 1
13308 1
13309 1
13312 28
13313 1
13314 1
13319 1
13331 1
13336 1
13337 1
13338 1
13345 1
13348 1
13378 1
13387 1
13396 1
13397 1
13404 1
13407 2
13412 1
13416 2
13418 2
13421 1
13429 1
13432 1
13435 1
13441 1
13444 1
13445 1
13449 1
13451 1
13456 1
13467 1
13468 1
13472 1
13473 1
13484 1
13487 1
13495 1
13502 1
13508 1
13511 1
13515 2
13529 1
13539 1
13549 1
13555 1
13559 1
13569 1
13579 1
13594 1
13596 1
13597 1
13607 1
13609 1
13614 1
13622 1
13628 1
13629 1
13632 2
13635 1
13639 1
13642 1
13643 1
13657 1
13664 1
13685 1
13690 1
13694 1
13695 1
13697 1
13698 1
13699 1
13711 1
13720 1
13724 1
13725 1
13743 1
13753 1
13754 2
13769 1
13770 1
13774 2
13784 1
13785 1
13792 1
13793 1
13796 1
13821 1
13831 1
13832 1
13841 1
13844 1
13872 1
13885 1
13889 1
13896 1
13900 1
13902 2
13904 2
13908 1
13913 1
13914 1
13916 1
13918 1
13929 1
13930 1
13936 1
13943 1
13952 1
13956 1
13963 1
13964 1
13975 1
13989 1
13990 1
13995 1
13996 1
14015 1
14016 1
14025 1
14042 1
14048 1
14052 2
14059 1
14061 1
14064 1
14065 1
14067 1
14070 1
14073 1
14090 1
14091 1
14097 1
14098 2
14115 1
14122 1
14132 2
14143 1
14156 1
14162 2
14164 1
14172 1
14175 1
14178 1
14184 1
14207 1
14211 1
14222 1
14226 1
14236 1
14245 1
14259 1
14270 1
14278 1
14302 1
14310 1
14313 1
14320 1
14322 2
14332 1
14336 28
14348 1
14357 1
14362 3
14368 1
14375 2
14382 1
14386 2
14388 1
14392 1
14417 1
14418 1
14431 1
14436 1
14441 1
14444 2
14456 1
14473 1
14480 1
14483 1
14506 1
14516 1
14520 1
14542 1
14547 2
14550 2
14551 1
14558 1
14564 1
14575 1
14579 1
14580 1
14585 1
14602 1
14604 2
14606 1
14618 1
14626 1
14627 1
14628 1
14669 1
14673 1
14687 1
14688 1
14716 1
14719 1
14724 2
14729 2
14743 1
14750 1
14751 1
14753 1
14761 1
14764 1
14773 1
14775 2
14787 1
14795 2
14807 2
14808 1
14809 1
14816 1
14818 1
14824 1
14828 1
14837 1
14840 1
14845 1
14846 2
14876 5
14881 1
14888 1
14892 1
14896 3
14904 1
14926 1
14929 1
14940 1
14944 1
14949 1
14951 1
14953 1
14960 1
14961 3
14973 1
14974 1
14977 1
14979 1
14988 2
14997 1
15001 1
15016 1
15022 1
15029 1
15032 1
15033 1
15034 1
15051 1
15052 1
15055 1
15056 1
15059 1
15062 1
15068 2
15077 1
15079 1
15080 1
15087 2
15090 1
15092 2
15121 1
15136 1
15137 1
15140 1
15144 2
15147 1
15148 1
15151 2
15155 1
15156 1
15178 1
15181 1
15183 1
15184 4
15188 1
15191 1
15200 1
15201 1
15234 2
15236 1
15256 1
15262 1
15271 1
15308 1
15309 1
15322 1
15323 1
15342 1
15345 1
15357 1
15360 10
15377 1
15383 1
15385 1
15389 1
15394 1
15404 1
15416 1
15420 4
15428 1
15457 1
15477 1
15478 1
15483 1
15500 1
15527 1
15528 1
15542 1
15544 2
15549 1
15557 5
15564 1
15569 1
15573 1
15578 1
15597 3
15598 1
15600 1
15622 1
15623 2
15633 1
15642 2
15674 1
15684 1
15689 1
15712 1
15716 1
15736 1
15737 1
15745 1
15755 1
15760 1
15764 1
15784 1
15791 1
15792 1
15794 1
15796 1
15798 1
15801 1
15802 1
15808 1
15812 1
15819 1
15824 1
15829 1
15836 1
15839 1
15846 1
15850 1
15851 1
15860 1
15872 2
15875 1
15890 2
15896 1
15918 1
15925 1
15928 2
15936 1
15937 1
15939 1
15942 2
15943 1
15944 1
15947 2
15954 1
15959 1
15960 1
15963 1
15982 1
15987 1
15999 1
16001 1
16005 1
16006 3
16007 1
16017 1
16019 1
16026 1
16028 2
16031 1
16040 1
16052 1
16056 1
16059 1
16060 1
16063 1
16089 1
16090 1
16111 1
16112 1
16116 2
16129 1
16143 1
16155 1
16156 2
16158 1
16159 2
16176 3
16177 1
16179 1
16203 2
16210 1
16218 1
16230 1
16239 1
16244 1
16245 1
16256 1
16257 1
16260 1
16273 1
16277 1
16280 1
16282 1
16292 1
16314 1
16320 1
16321 2
16322 1
16325 1
16332 3
16345 2
16346 1
16347 1
16349 1
16356 1
16359 2
16360 1
16368 1
16376 1
16382 1
16384 12
16388 4
16390 2
16399 1
16403 1
16405 1
16407 1
16416 1
16420 1
16423 1
16439 1
16452 1
16456 1
16458 1
16463 1
16480 1
16484 1
16488 1
16500 1
16508 1
16511 1
16526 1
16532 1
16534 1
16552 1
16553 1
16576 1
16579 1
16589 1
16611 1
16616 1
16617 1
16621 1
16623 1
16624 1
16640 1
16644 1
16645 1
16650 1
16656 1
16660 1
16673 1
16682 1
16693 1
16702 1
16711 1
16719 2
16727 1
16732 1
16740 1
16746 1
16758 2
16774 1
16790 1
16793 1
16796 2
16803 1
16807 1
16808 2
16813 1
16820 1
16823 1
16832 1
16835 3
16836 1
16847 1
16850 1
16851 2
16859 1
16863 1
16865 1
16877 1
16896 1
16905 1
16911 1
16912 2
16919 1
16930 1
16941 1
16948 1
16949 1
16950 1
16951 1
16955 1
16958 1
16992 1
16997 1
17000 1
17007 1
17009 1
17012 1
17027 1
17028 1
17043 2
17056 2
17073 1
17078 1
17094 1
17113 1
17114 1
17115 1
17123 1
17139 1
17142 2
17145 1
17150 2
17155 1
17171 1
17174 1
17191 1
17195 1
17202 2
17204 1
17208 1
17216 1
17223 1
17227 1
17243 1
17244 1
17256 1
17263 1
17273 1
17311 1
17312 1
17321 1
17335 1
17337 1
17347 2
17349 1
17355 2
17362 1
17364 1
17368 1
17369 1
17372 1
17373 1
17382 1
17392 1
17402 1
17408 14
17420 2
17427 1
17435 1
17437 1
17455 1
17488 1
17493 1
17496 1
17517 1
17522 1
17524 1
17569 1
17572 1
17573 1
17574 2
17576 1
17583 1
17591 1
17592 1
17607 1
17618 2
17623 1
17636 1
17653 1
17660 1
17668 1
17677 1
17687 1
17690 1
17730 1
17745 1
17758 1
17765 1
17766 2
17777 1
17784 2
17786 1
17792 1
17798 1
17821 1
17827 1
17828 1
17832 1
17860 1
17863 1
17864 1
17867 1
17881 2
17885 1
17886 1
17902 1
17919 1
17930 1
17932 1
17942 1
17945 1
17946 1
17977 1
17979 1
17982 2
17987 1
18000 1
18015 1
18025 1
18033 1
18054 2
18068 3
18072 1
18090 1
18099 1
18107 1
18119 1
18139 1
18151 1
18172 1
18186 1
18196 1
18221 2
18231 1
18235 1
18239 1
18240 3
18250 1
18255 1
18335 1
18337 2
18353 1
18356 1
18400 1
18401 1
18403 1
18413 1
18418 1
18428 2
18432 5
18434 1
18440 1
18458 1
18470 1
18473 1
18485 1
18492 1
18504 1
18512 1
18515 1
18538 1
18549 1
18552 1
18555 2
18559 1
18574 1
18576 1
18578 1
18623 1
18633 1
18643 1
18647 1
18656 2
18669 1
18670 1
18673 1
18680 1
18688 1
18691 1
18711 1
18714 1
18720 1
18722 1
18728 2
18732 1
18769 3
18774 2
18778 1
18780 1
18784 1
18786 1
18798 1
18799 1
18812 1
18815 1
18830 1
18858 1
18859 1
18871 1
18905 1
18910 2
18911 1
18922 1
18936 1
18947 1
18950 1
18952 2
18957 1
18960 1
18982 1
18989 1
19021 1
19024 1
19054 1
19061 1
19069 2
19074 1
19090 1
19103 1
19108 1
19111 1
19112 1
19116 1
19118 1
19141 1
19147 1
19157 1
19161 1
19164 1
19180 1
19194 1
19205 1
19206 1
19222 1
19228 1
19233 1
19234 11
19238 1
19240 1
19245 1
19246 1
19256 1
19264 1
19270 1
19279 1
19281 1
19295 1
19321 1
19323 1
19324 1
19325 1
19328 1
19335 2
19336 1
19338 1
19339 1
19342 1
19351 1
19355 1
19360 1
19376 1
19380 1
19384 2
19412 1
19448 1
19450 1
19451 1
19456 4
19466 2
19467 1
19470 1
19477 1
19478 2
19479 1
19488 1
19492 1
19505 1
19516 1
19521 1
19522 2
19526 1
19554 1
19557 1
19558 1
19559 1
19560 1
19564 1
19588 1
19591 1
19598 1
19611 1
19618 1
19627 1
19628 1
19636 1
19661 1
19668 2
19677 1
19684 1
19688 1
19702 1
19704 1
19717 2
19724 2
19741 1
19744 1
19746 1
19750 2
19779 1
19783 2
19790 1
19792 2
19800 1
19805 1
19810 1
19811 1
19823 1
19840 1
19864 1
19885 1
19892 1
19913 1
19916 2
19917 1
19924 1
19945 1
19966 1
19967 1
19986 1
19993 1
20000 1
20007 1
20027 1
20030 1
20044 1
20051 1
20058 1
20076 2
20077 1
20090 1
20099 1
20107 1
20121 1
20128 1
20131 1
20148 1
20156 1
20163 1
20170 1
20171 1
20184 1
20185 1
20206 1
20207 2
20238 1
20239 1
20246 1
20253 1
20258 1
20263 1
20264 1
20286 2
20292 1
20319 2
20322 1
20324 1
20333 1
20337 1
20344 2
20354 1
20364 1
20366 2
20383 4
20395 1
20400 2
20406 1
20411 1
20419 1
20432 1
20437 1
20438 1
20440 1
20444 1
20445 1
20446 1
20452 1
20454 1
20465 1
20469 1
20480 4
20481 1
20490 1
20501 1
20506 1
20509 1
20524 1
20527 1
20529 1
20537 1
20539 1
20555 1
20560 1
20621 1
20625 1
20671 1
20676 1
20696 1
20698 1
20705 1
20711 1
20714 1
20725 1
20726 1
20737 1
20740 1
20756 1
20760 1
20767 1
20797 1
20798 1
20800 1
20801 1
20805 1
20820 1
20830 1
20833 1
20835 1
20849 1
20850 2
20869 1
20880 1
20884 1
20888 1
20896 1
20909 2
20948 1
20986 1
21004 1
21008 1
21018 1
21023 2
21027 1
21034 1
21060 1
21076 1
21087 1
21098 1
21101 1
21103 1
21107 1
21108 1
21180 1
21224 1
21230 1
21244 1
21251 1
21254 1
21261 1
21275 1
21281 1
21291 1
21300 1
21303 1
21317 1
21323 1
21343 3
21352 1
21381 1
21418 1
21419 1
21439 1
21457 1
21485 1
21488 1
21496 1
21497 1
21503 1
21504 5
21515 1
21531 1
21532 1
21534 1
21544 1
21567 1
21568 1
21572 1
21577 1
21595 1
21621 1
21625 1
21640 1
21643 1
21648 1
21663 1
21683 1
21701 2
21703 1
21711 2
21712 1
21732 1
21745 2
21764 1
21769 1
21777 1
21825 2
21839 1
21846 1
21847 1
21853 1
21884 1
21888 1
21890 1
21904 1
21947 1
21954 1
21960 1
21976 1
21983 1
21984 1
21990 2
21998 1
22011 1
22016 1
22028 1
22036 1
22081 2
22120 2
22122 1
22125 1
22150 1
22153 1
22198 1
22206 1
22227 2
22245 1
22247 1
22266 1
22278 1
22292 1
22336 2
22356 1
22358 1
22360 1
22361 1
22383 1
22389 1
22425 1
22426 2
22429 1
22457 1
22477 1
22484 1
22485 1
22489 1
22500 1
22508 1
22509 1
22526 1
22528 4
22533 2
22567 1
22573 1
22604 1
22608 1
22610 1
22623 1
22636 1
22643 1
22648 1
22659 1
22683 1
22685 1
22690 1
22691 1
22692 1
22694 1
22719 2
22735 2
22736 2
22738 1
22752 1
22756 1
22766 1
22787 1
22801 1
22805 1
22816 1
22854 2
22861 1
22868 1
22875 3
22900 1
22907 1
22916 1
22921 1
22924 1
22925 2
22928 1
22941 1
22960 1
23004 1
23010 1
23038 1
23039 1
23050 1
23056 1
23065 1
23109 1
23120 1
23169 2
23170 2
23172 1
23177 1
23189 1
23202 1
23227 1
23246 1
23256 2
23278 1
23279 1
23280 1
23312 1
23326 1
23348 1
23365 1
23391 1
23392 1
23396 1
23404 1
23422 1
23424 1
23435 1
23472 1
23484 1
23502 1
23552 2
23565 1
23566 1
23574 1
23609 1
23615 1
23616 1
23622 1
23657 1
23675 1
23701 1
23702 1
23708 1
23712 1
23746 1
23763 1
23840 1
23978 1
23985 1
24037 1
24040 1
24059 1
24091 1
24106 2
24112 2
24116 2
24118 1
24130 1
24136 1
24140 1
24141 1
24145 1
24147 1
24156 2
24182 1
24212 1
24220 1
24281 1
24309 1
24318 1
24344 1
24364 1
24375 1
24383 2
24388 1
24396 1
24402 1
24406 1
24423 1
24424 1
24457 1
24477 1
24480 2
24482 1
24488 1
24499 1
24513 2
24515 1
24523 2
24525 1
24537 1
24545 1
24549 1
24568 1
24570 1
24576 255
24580 1
24592 1
24596 1
24604 1
24608 1
24636 1
24659 2
24699 3
24707 1
24725 1
24732 1
24742 1
24744 1
24783 1
24793 1
24812 1
24822 1
24836 1
24881 1
24899 1
24901 1
24909 1
24953 1
24967 1
24968 1
24983 1
25000 1
25006 1
25012 1
25023 1
25058 1
25065 2
25127 1
25134 1
25143 1
25151 1
25175 1
25180 1
25193 1
25201 1
25270 1
25281 1
25299 1
25305 1
25364 1
25434 1
25435 1
25437 1
25450 1
25499 2
25505 1
25507 1
25537 1
25545 2
25571 1
25600 3
25654 1
25674 1
25682 1
25711 1
25730 1
25769 1
25776 1
25781 1
25802 1
25806 1
25812 1
25828 1
25837 2
25838 1
25843 1
25935 1
25972 1
25989 1
26019 1
26042 1
26049 1
26124 1
26131 1
26138 1
26151 1
26183 1
26189 1
26195 1
26208 2
26257 1
26281 1
26303 1
26343 1
26350 1
26360 1
26363 2
26369 1
26385 1
26399 1
26412 1
26427 1
26429 1
26438 1
26444 1
26476 1
26507 1
26517 1
26546 1
26551 1
26580 1
26612 1
26616 1
26624 2
26643 1
26663 1
26689 1
26718 1
26725 1
26738 1
26740 1
26761 1
26770 1
26798 1
26800 1
26805 1
26807 1
26843 1
26892 1
26895 1
26929 1
26936 1
26961 1
26973 1
26974 1
26984 1
26985 1
26991 1
27012 1
27015 1
27038 1
27048 1
27053 1
27072 1
27089 1
27096 1
27101 1
27129 1
27131 1
27148 1
27161 1
27162 2
27245 2
27263 1
27301 1
27330 1
27336 1
27340 1
27342 1
27356 1
27364 1
27452 1
27475 1
27495 1
27499 1
27517 1
27536 1
27549 1
27550 1
27552 1
27578 1
27579 1
27580 1
27602 1
27606 1
27634 1
27648 3
27692 1
27722 1
27744 1
27806 1
27843 1
27845 1
27852 1
27892 1
27904 1
27905 1
27917 1
27956 1
27973 1
27985 1
27986 1
27988 1
27996 2
28002 1
28013 3
28015 2
28016 4
28017 1
28018 5
28039 1
28056 1
28113 1
28120 1
28122 1
28123 1
28131 1
28142 1
28149 1
28173 1
28191 1
28220 1
28224 1
28232 1
28243 1
28273 1
28274 1
28313 1
28322 1
28353 2
28357 1
28360 1
28365 1
28371 1
28389 1
28392 1
28401 1
28406 1
28425 2
28441 1
28442 1
28454 1
28526 1
28527 1
28528 1
28551 1
28606 1
28609 1
28610 1
28630 2
28648 1
28654 1
28672 2
28682 1
28693 1
28716 2
28741 1
28745 1
28778 2
28789 1
28793 1
28812 1
28825 1
28894 1
28905 1
28951 1
28984 1
28990 1
29004 1
29032 1
29048 1
29133 1
29168 1
29183 1
29186 1
29193 1
29200 1
29220 1
29221 1
29224 1
29242 1
29254 1
29259 1
29270 1
29276 2
29304 2
29319 1
29322 2
29371 1
29405 1
29410 1
29444 1
29457 1
29484 1
29487 1
29500 1
29519 1
29524 1
29537 1
29603 1
29609 2
29642 1
29650 1
29680 1
29696 2
29725 1
29755 1
29792 1
29811 1
29820 1
29826 1
29835 1
29838 1
29853 1
29880 1
29909 1
29919 1
29979 1
29984 1
30030 1
30032 1
30067 1
30116 1
30120 1
30160 1
30163 1
30176 1
30254 2
30264 1
30280 1
30298 1
30330 2
30358 1
30371 1
30384 1
30435 1
30446 1
30461 1
30532 1
30579 1
30597 1
30606 1
30612 1
30654 3
30656 1
30668 2
30669 1
30682 1
30692 1
30720 1
30723 2
30760 1
30772 1
30777 1
30779 1
30788 1
30795 1
30807 2
30826 1
30827 1
30875 1
30880 2
30904 2
30937 1
30941 1
30944 1
30947 1
30995 1
31008 1
31019 1
31020 1
31040 1
31062 1
31067 1
31072 1
31141 1
31160 1
31164 1
31227 1
31251 1
31267 1
31276 1
31281 1
31282 1
31328 1
31368 1
31400 1
31402 1
31416 1
31418 1
31447 1
31483 1
31541 1
31732 1
31742 2
31744 1
31761 1
31768 1
31784 1
31823 1
31843 1
31845 1
31865 2
31871 1
31880 1
31887 1
31915 1
31917 1
31945 1
31959 1
31978 1
31994 1
32008 1
32012 1
32031 1
32036 1
32056 1
32067 1
32079 1
32100 1
32119 1
32122 1
32168 1
32208 1
32234 1
32247 1
32280 1
32297 2
32355 1
32381 1
32463 1
32480 1
32484 1
32508 1
32523 1
32535 2
32566 1
32576 1
32589 1
32618 1
32637 1
32641 1
32649 1
32659 1
32735 1
32767 1
32768 77
32820 1
32828 1
32855 1
32903 1
32940 1
32944 1
32970 1
32997 1
32998 3
33032 1
33035 1
33121 1
33184 1
33222 2
33237 1
33280 1
33300 1
33302 1
33310 1
33341 1
33373 1
33376 1
33392 1
33417 1
33431 1
33478 1
33553 1
33574 1
33579 1
33583 1
33645 1
33682 1
33684 1
33728 1
33783 1
33792 5
33798 1
33812 1
33814 1
33825 1
33838 1
33863 1
33886 1
33887 1
33901 1
33927 1
33947 1
33973 1
34012 1
34052 1
34056 1
34085 1
34101 1
34114 2
34135 1
34203 1
34320 1
34352 1
34356 1
34357 1
34403 1
34428 1
34435 1
34436 1
34461 1
34486 1
34494 1
34496 1
34502 1
34506 1
34520 1
34572 1
34578 1
34585 1
34588 2
34643 1
34651 1
34721 1
34732 1
34774 1
34816 3
34837 1
34856 1
34905 1
34912 1
34920 1
34928 2
34932 2
34936 1
34948 1
34961 1
34965 1
34990 1
35024 1
35044 1
35069 2
35088 1
35098 1
35107 1
35120 1
35130 1
35137 1
35147 1
35155 1
35165 2
35166 1
35168 1
35205 1
35207 1
35215 1
35233 1
35319 1
35331 1
35339 1
35392 1
35437 1
35439 1
35457 1
35547 1
35610 1
35675 1
35715 1
35718 1
35732 1
35827 1
35840 1
35845 1
35848 2
35864 1
35871 1
35884 1
35909 1
35938 1
35988 1
36007 1
36015 1
36035 1
36047 1
36054 1
36058 1
36075 1
36093 1
36137 1
36146 1
36191 1
36236 1
36274 1
36279 1
36322 2
36336 1
36421 1
36428 1
36432 2
36548 1
36596 1
36604 1
36609 1
36613 1
36664 1
36669 1
36676 1
36685 1
36712 1
36731 1
36784 1
36785 1
36829 1
36832 149
36850 1
36899 1
36907 1
36909 1
36911 1
36916 1
36938 1
36986 2
36994 1
37002 1
37019 1
37042 1
37051 1
37057 1
37075 1
37132 1
37140 1
37142 1
37161 1
37189 1
37204 1
37219 1
37236 1
37246 2
37264 1
37352 1
37396 1
37457 1
37479 1
37492 1
37502 1
37596 1
37666 1
37698 1
37715 1
37735 2
37748 1
37752 1
37806 2
37813 1
37822 1
37844 1
37884 1
37932 1
37979 1
37983 2
37985 1
38011 1
38036 1
38112 1
38142 1
38156 1
38197 1
38205 1
38210 1
38221 1
38229 1
38286 1
38361 2
38369 1
38389 1
38460 1
38477 1
38495 1
38501 1
38525 1
38568 1
38592 1
38629 1
38641 1
38656 1
38658 1
38685 1
38689 1
38697 1
38722 1
38725 1
38740 1
38780 1
38801 1
38815 2
38825 1
38829 1
38850 1
38855 1
38869 1
38874 1
38903 1
38912 1
38939 1
38948 2
38950 2
39045 1
39051 1
39063 1
39077 1
39082 1
39118 1
39140 1
39159 1
39164 1
39264 1
39272 1
39450 1
39456 1
39476 1
39494 1
39528 2
39530 1
39562 1
39602 1
39619 1
39621 1
39681 1
39682 1
39700 1
39718 1
39739 1
39744 1
39841 1
39845 1
39854 1
39858 1
39914 1
39920 1
39929 1
39963 1
40121 1
40128 1
40135 1
40152 1
40240 1
40247 1
40307 1
40309 1
40363 1
40380 1
40404 1
40440 1
40485 1
40570 1
40647 1
40712 1
40720 1
40787 1
40790 1
40801 1
40901 1
40960 25
41005 1
41074 1
41097 1
41122 1
41145 1
41158 1
41163 1
41164 1
41195 1
41196 1
41201 2
41220 1
41233 1
41239 1
41251 1
41264 1
41269 1
41275 1
41281 1
41317 1
41332 1
41438 1
41447 1
41474 1
41485 1
41580 1
41614 1
41638 1
41672 1
41676 1
41726 1
41899 1
41900 1
41907 1
41909 1
41985 1
41988 1
41996 2
42015 2
42019 2
42028 1
42048 1
42062 1
42068 1
42095 1
42104 1
42140 1
42228 1
42262 1
42274 2
42281 1
42288 1
42312 2
42316 1
42322 1
42339 1
42376 1
42386 1
42442 1
42493 1
42532 2
42609 1
42672 1
42677 1
42692 2
42723 1
42727 1
42736 1
42795 2
42802 1
42847 1
42871 1
42890 1
42893 1
42941 1
42948 1
43043 1
43058 2
43124 1
43172 1
43188 1
43190 4
43228 1
43252 1
43255 1
43263 1
43265 1
43379 2
43407 1
43438 1
43451 2
43470 1
43482 1
43511 1
43535 1
43539 2
43544 1
43545 1
43565 1
43572 1
43577 2
43579 1
43590 1
43592 1
43655 1
43668 1
43672 1
43712 1
43730 1
43740 1
43753 1
43768 1
43800 1
44100 1
44131 2
44182 1
44211 1
44316 1
44341 1
44401 1
44432 1
44451 1
44452 1
44464 1
44571 1
44646 1
44652 1
44658 1
44681 1
44724 1
44726 1
44754 1
44764 1
44773 1
44830 1
44870 1
44877 1
44905 1
44909 1
44933 1
44955 1
44979 2
45056 3
45092 1
45130 1
45144 1
45187 1
45289 1
45342 1
45360 1
45363 1
45384 1
45412 1
45472 1
45490 1
45500 1
45505 1
45524 1
45566 1
45582 1
45608 1
45621 1
45861 1
45866 1
45875 1
45886 1
45917 1
46000 1
46046 1
46055 1
46200 1
46241 1
46245 1
46294 1
46355 1
46425 1
46453 1
46523 1
46539 1
46545 1
46562 1
46616 2
46717 1
46791 1
46805 1
46863 1
46883 1
46895 1
46925 1
46950 1
47039 1
47043 1
47067 1
47081 1
47093 2
47104 1
47125 1
47126 1
47175 1
47193 1
47233 1
47249 1
47251 1
47273 1
47304 1
47312 1
47315 2
47354 1
47475 1
47585 1
47633 1
47668 1
47803 1
47896 1
47943 1
47967 1
47975 1
48014 1
48027 1
48030 1
48072 1
48285 1
48356 1
48385 1
48432 1
48442 1
48454 1
48491 1
48502 1
48503 1
48559 1
48606 1
48609 1
48630 1
48639 1
48687 1
48718 1
48744 1
48795 1
48865 1
48887 1
48968 1
49044 1
49152 21
49195 1
49236 2
49252 1
49261 1
49290 1
49349 1
49364 1
49375 1
49377 1
49382 1
49411 1
49431 1
49460 1
49483 1
49553 1
49606 2
49636 2
49643 1
49686 2
49689 1
49741 1
49785 1
49787 2
49844 2
49875 1
49890 1
49925 1
50027 2
50063 1
50067 1
50076 1
50086 1
50107 1
50109 1
50127 1
50265 1
50272 1
50287 1
50288 1
50315 1
50352 1
50503 1
50519 1
50597 1
50615 1
50669 1
50725 1
50793 1
50869 1
50927 1
50963 1
51044 1
51108 1
51137 1
51200 1
51223 1
51245 1
51258 1
51446 1
51660 1
51707 1
51760 1
51833 1
51837 1
51864 1
51865 1
51905 1
51907 1
51920 1
51924 1
51933 1
52026 1
52040 1
52145 1
52185 1
52192 1
52291 1
52332 1
52372 1
52462 1
52548 1
52561 1
52602 1
52639 1
52644 1
52658 1
52674 1
52721 1
52747 1
52904 1
52945 1
52954 1
52980 1
52998 1
53072 1
53100 2
53177 1
53213 1
53231 1
53326 1
53338 1
53418 1
53465 1
53475 1
53596 1
53604 1
53608 1
53696 1
53857 1
53906 1
53991 1
54022 1
54032 1
54107 1
54196 1
54297 1
54307 1
54338 1
54390 1
54438 1
54457 2
54484 1
54520 2
54547 2
54612 1
54635 1
54676 1
54766 1
54784 1
54864 1
54927 1
54967 1
55020 1
55028 1
55075 2
55088 1
55125 1
55255 1
55284 1
55296 2
55322 1
55367 1
55432 1
55504 1
55511 1
55553 1
55617 1
55623 1
55681 2
55701 1
55750 1
55772 1
55800 1
55809 1
55976 1
56036 1
56038 1
56142 1
56240 1
56320 3
56370 1
56611 1
56672 1
56748 3
56857 1
56879 1
56935 1
57135 2
57145 1
57165 2
57174 1
57194 1
57201 2
57227 1
57268 1
57290 1
57300 2
57324 1
57344 18
57365 2
57380 1
57382 1
57384 2
57398 1
57403 1
57404 1
57407 2
57408 1
57476 1
57547 1
57566 1
57568 1
57577 1
57711 1
57728 1
57789 1
57833 1
57838 1
57904 1
57908 2
57921 1
58037 1
58249 1
58422 1
58511 1
58551 1
58571 1
58629 1
58731 2
58732 1
58790 1
58877 1
58894 1
58909 1
58936 1
59076 1
59078 1
59090 1
59112 1
59119 1
59124 1
59204 2
59271 1
59289 1
59352 1
59407 1
59527 1
59622 1
59681 1
59701 1
59773 1
59776 1
59801 1
59820 1
59968 1
60052 1
60118 1
60160 1
60173 1
60174 1
60416 2
60417 1
60452 1
60505 1
60524 1
60653 1
60710 1
60720 1
60802 1
60848 1
60909 1
60932 1
61016 1
61060 2
61073 1
61312 1
61440 2
61538 1
61578 1
61583 1
61613 1
61623 1
61663 1
61686 1
61689 2
61690 1
61691 1
62099 1
62104 1
62112 1
62119 1
62128 1
62195 1
62435 1
62464 3
62500 1
62536 1
62608 1
62929 1
63042 1
63085 1
63152 1
63174 1
63212 1
63279 1
63308 1
63346 1
63488 1
63730 1
63863 1
63895 1
64104 1
64115 1
64132 1
64195 1
64235 1
64437 1
64512 2
64669 1
64789 1
64792 1
64951 1
65301 1
65316 1
65332 1
65433 1
65536 9
65764 1
65868 1
65930 1
66139 1
66279 1
66302 1
66525 1
66533 1
66560 3
66735 1
66819 1
66929 2
67029 1
67056 1
67091 1
67204 1
67241 1
67259 1
67520 1
67543 1
67705 1
67918 1
67989 1
68047 1
68107 1
68237 1
68249 1
68352 1
68357 1
68382 1
68470 3
68505 1
68585 1
68692 1
68698 1
68949 1
69001 1
69038 1
69110 1
69137 1
69181 1
69327 1
69330 1
69339 1
69500 1
69782 1
69838 1
69841 1
69858 1
69868 1
69880 1
70193 1
70476 1
70528 1
70660 1
70725 1
70753 1
70805 1
70806 1
70889 1
70909 1
70950 1
71383 1
71531 1
71638 1
71677 1
71689 2
71821 1
71824 1
71837 1
71864 1
71943 1
72158 1
72220 1
72454 1
72538 1
72623 1
72680 1
72706 1
72740 1
72823 1
73271 1
73344 1
73364 1
73444 1
73547 1
73576 1
73605 1
73714 1
73728 24
73897 1
73898 1
73902 1
73946 1
74422 1
74648 1
74665 1
74686 1
74752 1
74766 1
74946 1
75064 1
75100 1
75222 1
75274 2
75567 1
75576 1
75763 1
75799 1
75961 1
76136 1
76241 1
76288 2
76391 1
76692 1
76800 2
76828 1
76845 1
76935 1
76947 1
77081 1
77621 1
77770 1
77811 1
77824 1
77977 1
78099 1
78212 1
78503 1
78787 1
78824 1
79009 1
79155 1
79302 1
79449 2
79841 1
79905 1
79918 1
80046 1
80154 1
80162 2
80312 1
80347 1
80383 1
80420 1
80502 1
80672 1
80821 1
80896 1
80917 1
80930 1
80940 2
80955 1
80968 1
80987 1
81180 1
81480 1
81865 1
81920 13
82102 1
82226 1
82248 1
82448 1
82496 1
82621 1
82639 1
82944 1
82976 1
83008 1
83158 1
83507 1
83777 1
83896 1
83929 1
83968 2
83999 1
84110 1
84296 1
84335 1
84490 1
84496 1
84535 1
84681 1
84695 1
84808 1
84991 1
84992 1
85272 1
85580 1
85585 1
85677 1
85720 1
85745 1
85980 1
86016 1
86155 1
86375 1
86394 1
86451 1
86596 1
86622 1
86629 1
86689 1
86691 1
86930 1
86995 1
87037 1
87040 1
87089 1
87120 1
87149 1
87223 1
87265 1
87287 1
87292 1
87507 1
87517 1
87697 1
87734 1
87777 1
87912 1
87938 1
88208 1
88330 1
88412 1
88560 1
88579 1
88734 1
88736 1
89173 1
89282 1
89383 1
89440 1
89624 1
89672 2
89694 1
89965 1
90103 1
90112 11
90172 1
90236 1
90360 1
90377 1
90656 1
90783 1
91001 1
91152 1
91695 1
91799 1
91832 1
91847 1
91952 1
91968 1
92042 1
92400 1
92439 1
92475 1
92696 1
92900 1
93035 1
93137 1
93153 1
93276 1
93665 1
93825 1
93837 1
94135 1
94155 1
94208 1
94488 1
94529 1
94868 1
94892 2
95082 1
95307 1
95344 1
95568 1
95821 1
96247 1
96398 1
96862 1
97662 1
97837 1
97848 1
97903 1
97955 1
98182 1
98238 1
98304 23
98417 1
98886 1
99088 1
99135 1
99161 1
99180 1
99229 1
99328 1
99333 1
99384 1
99438 1
99570 1
99606 1
99681 1
99759 1
100022 1
100065 1
100516 1
100975 1
100989 1
101156 1
101182 1
101210 1
101469 1
101670 1
102156 1
102400 1
102501 1
102557 1
102612 1
102628 1
102684 1
102936 1
103048 1
103248 1
103255 1
103265 1
103424 2
103625 1
103672 1
104046 6
104390 1
104490 1
104621 1
104773 1
104957 1
105204 1
105309 1
105717 1
106112 1
106201 1
106496 39
106625 1
106949 1
107076 1
107149 1
107152 1
107173 1
107196 1
107527 1
107556 2
107612 1
107691 1
107731 1
108052 1
108125 1
108139 1
108230 1
108322 1
108430 1
108494 1
108537 1
108553 1
108788 1
108798 1
108851 1
108960 1
108989 1
109312 1
109428 1
109696 2
109715 1
109849 1
109988 2
109994 1
110021 2
110212 1
110333 1
110545 1
110556 1
110670 1
111054 1
111620 1
112257 1
112349 1
112492 1
112567 1
112628 1
112640 1
112646 1
112722 1
112804 1
112987 1
113087 1
113128 1
113500 1
113601 1
113664 1
113683 1
113888 1
114049 1
114176 2
114505 1
114688 7
114945 1
115296 1
115791 1
115942 1
115958 1
115972 1
116245 1
116988 1
116996 1
117015 1
117768 2
117769 1
117776 1
117780 2
118468 2
118781 1
118784 2
119020 1
119051 1
119711 1
119808 1
120043 1
120082 1
120176 1
120365 1
120421 1
121629 1
122136 1
122593 1
122689 2
122690 1
122691 1
122714 1
122851 1
122880 2
123018 1
123245 1
123433 1
123680 1
123708 1
124906 1
125578 1
125589 1
126064 2
127096 1
127165 1
127511 1
127616 1
127655 1
127910 1
127969 1
129632 1
129731 2
130092 1
130283 1
130298 1
131008 1
131072 9
131908 1
132444 1
133319 1
133610 1
133705 1
133811 1
134345 1
135669 1
135828 1
135842 1
136401 1
137024 1
137663 1
137844 1
137914 1
138033 1
138049 1
138181 1
138240 1
138241 1
139264 7
139400 1
139547 1
139678 1
141205 1
141655 1
142335 1
142665 1
143816 1
144048 1
144490 1
144967 1
145264 1
145341 1
146395 1
147456 7
147586 1
147665 1
148436 1
148563 1
148623 1
149632 1
150290 1
150475 1
150528 2
150982 1
151210 1
152984 1
153044 1
153186 1
153322 1
153402 1
153477 1
153600 1
153899 1
154624 2
154718 1
155251 1
155576 1
155648 5
156512 1
156530 1
156582 1
156778 1
157103 1
157142 1
157466 1
157664 1
157996 1
158267 1
158541 1
158669 1
159233 1
159261 1
159265 1
159485 1
160591 1
160971 1
162312 1
163514 1
163840 4
163850 1
164670 1
164714 1
165210 1
168054 1
169376 1
169793 1
170479 1
170820 1
171059 1
171844 1
171873 1
171894 1
172032 8
172386 1
172710 1
173632 1
173955 1
173960 1
175634 1
177613 1
178574 1
179026 1
179178 1
179685 1
179791 1
179944 1
180032 1
180224 3
180857 1
181601 2
181814 1
181939 1
182229 1
184738 1
185669 1
186292 1
186421 1
187160 1
187871 1
188416 24
190693 1
190898 1
191146 1
191318 1
192028 1
192349 1
192434 1
193130 1
194083 1
194223 1
194231 1
194405 1
194406 1
195699 1
196043 1
196210 1
196608 1
197137 1
197520 1
197978 1
198757 1
198892 1
198895 1
199394 1
199599 1
199977 1
200211 1
200764 1
201881 1
203016 1
203617 1
204109 1
204478 1
204800 2
205035 1
205389 1
207005 1
207006 1
207885 1
209736 1
211956 1
212992 1
215040 1
215189 1
215552 1
216814 1
218757 1
219681 1
220249 1
221001 1
221002 1
221184 4
221415 1
221916 1
222208 1
223189 1
223735 1
223759 1
225060 1
225937 1
226502 1
227894 1
229376 1
230668 1
231403 1
231908 1
232005 1
232576 1
235129 1
235665 1
235875 1
236735 1
237568 2
238941 1
238999 1
242693 1
244037 1
245181 1
246446 1
247880 1
249611 1
250667 1
252113 1
252427 1
252554 1
252881 1
253337 1
253952 3
254239 1
254869 1
256349 1
256939 1
258805 1
259335 1
261464 1
261779 1
262192 1
262385 1
262389 1
262628 1
263354 1
263878 1
264539 1
266708 1
267398 1
268790 1
269432 1
270301 1
270849 1
271360 1
271557 1
272956 1
273210 1
274323 1
275594 1
277679 1
278105 1
279115 1
279684 1
280445 1
280761 1
283710 1
284604 1
284913 1
285201 1
287035 1
287156 1
287460 1
287598 1
287696 1
289620 1
290235 1
291824 1
291956 1
292195 1
293837 1
293994 1
294228 1
294912 2
295044 1
295913 1
297036 1
297701 1
297787 1
298958 1
299171 1
299172 1
299215 1
300225 1
302236 1
302720 1
303104 3
304845 1
306671 2
310359 1
310421 1
311296 5
313860 1
314585 1
319488 1
322620 1
327680 2
327875 1
328932 1
331291 1
331429 2
333333 1
335872 1
338424 1
344064 1
356197 1
357945 1
362120 1
362650 1
363676 1
364110 1
365643 1
368640 1
369899 1
371730 1
381322 1
381634 1
382036 1
382190 1
383208 1
383339 1
383541 1
385024 3
387779 1
388609 1
388904 1
389120 1
393527 1
393692 1
401408 1
403837 1
405356 1
406144 1
409600 1
411917 1
413235 1
417792 1
422018 1
429392 1
430894 1
434176 1
436226 1
438400 1
451426 1
457671 1
460521 1
460976 1
461143 1
465938 1
469854 1
470793 2
478529 1
480030 1
480042 1
481984 1
486513 1
487619 1
488506 1
489216 1
491520 1
513128 1
516096 1
516568 1
518763 1
524288 2
532480 1
536258 1
546647 1
548864 2
551590 1
560252 1
565248 1
584185 1
593074 1
602521 1
606208 1
610693 1
625525 1
627971 1
645949 1
647108 1
649665 1
651094 1
655360 1
657430 1
665362 1
696320 1
734850 1
754186 1
756587 1
764189 1
773990 1
785918 1
810557 1
835096 1
851968 1
901120 1
902446 1
954161 1
955337 1
1026345 1
1048576 1
1056768 1
1095680 2
1103196 1
1125505 1
1181048 1
1183740 1
1203603 1
1203692 1
1205562 1
1228800 2
1284797 1
1345019 1
1377451 1
1537588 1
1542031 1
1637727 1
1665405 1
1761280 1
1925120 1
2293760 1
2629632 1
2652902 1
2899968 1
3087966 1
3673092 1
6896058 1
