0 71
2 13
3 10
4 1
6 5
7 3
8 4
9 4
10 3
11 5
12 6
13 3
14 2
15 4
16 5
17 4
18 2
19 6
20 12
21 3
22 4
23 3
24 8
25 14
26 5
27 2
28 3
29 5
30 11
31 3
32 3
33 1
34 4
35 6
36 6
37 5
38 5
39 4
40 10
41 8
42 7
43 3
44 4
45 5
46 3
47 3
48 10
49 9
50 6
51 4
52 3
53 3
54 5
56 4
57 7
58 3
60 3
61 5
62 2
63 1
64 3
65 1
66 3
68 2
69 5
70 4
71 5
72 11
73 4
74 3
75 4
76 1
77 7
78 6
79 5
80 4
81 3
82 10
83 8
84 3
85 1
86 1
87 2
88 2
89 1
90 1
91 4
92 2
93 2
94 3
95 4
96 3
97 2
98 2
99 2
100 6
101 4
102 4
103 5
104 2
105 2
106 3
107 2
108 3
109 3
110 1
111 9
112 2
113 7
114 6
115 2
116 5
117 2
118 9
119 4
120 6
121 3
122 1
123 1
124 1
125 3
126 1
127 4
128 3
129 6
130 4
131 2
132 2
134 2
135 4
136 1
138 3
140 5
141 8
142 5
143 2
144 1
147 3
148 2
151 1
152 3
153 9
154 4
155 7
156 3
157 7
158 10
159 1
160 5
161 4
162 2
163 1
164 3
165 1
166 5
167 7
168 1
169 3
170 3
172 2
173 4
174 3
175 5
176 2
177 5
178 10
179 3
180 5
181 9
182 2
183 10
184 2
185 10
186 13
187 11
188 14
189 4
190 7
191 7
193 6
194 5
195 6
197 3
198 1
200 5
201 1
202 3
204 7
206 3
207 3
208 2
209 2
210 3
211 1
212 1
213 2
214 1
216 4
217 5
218 1
219 4
220 3
221 2
222 4
223 3
225 4
228 2
229 1
230 3
232 1
233 2
234 2
235 2
236 3
237 4
238 1
239 5
240 2
241 3
242 6
243 5
244 2
245 3
246 6
247 3
248 3
249 2
250 2
251 4
253 4
255 1
256 3
257 3
258 8
259 8
260 4
261 2
262 2
264 4
265 1
266 2
268 3
270 1
271 1
272 4
275 3
276 5
278 3
279 1
280 1
281 1
282 4
283 1
284 3
285 2
286 2
288 4
289 1
290 4
291 9
292 1
293 2
294 1
296 3
297 1
298 6
299 4
301 2
303 5
304 2
305 2
306 1
307 1
309 3
310 1
311 3
312 4
313 4
314 2
315 4
318 3
319 3
321 4
322 11
323 2
324 2
325 1
327 1
329 2
332 2
333 2
334 1
336 1
337 2
338 1
339 1
340 2
341 1
342 5
343 2
346 2
347 2
349 1
351 1
352 2
353 2
354 1
357 1
358 1
359 3
360 1
361 1
364 4
365 1
366 1
367 6
368 1
369 4
371 2
374 3
375 3
376 1
377 2
379 4
380 2
381 1
382 3
383 3
384 2
387 1
388 1
389 3
390 1
391 2
392 1
393 2
395 2
396 2
397 1
398 5
399 1
402 3
404 1
405 2
406 2
408 1
409 2
410 2
412 2
414 1
415 1
416 3
418 1
419 2
420 1
421 1
423 2
424 3
425 1
426 1
428 2
430 1
432 1
433 1
434 2
435 1
436 3
437 2
438 1
439 2
440 2
441 2
443 1
444 2
445 1
446 1
447 4
448 3
449 4
450 2
451 2
452 2
453 3
454 2
455 1
458 1
459 3
460 1
461 1
462 1
463 7
464 2
466 3
467 1
468 1
470 2
471 2
472 1
473 1
474 2
476 2
477 2
478 1
479 3
483 3
484 3
485 3
486 1
487 2
488 1
492 4
493 6
494 3
496 4
497 2
498 1
499 1
500 4
501 2
502 2
505 2
506 4
510 1
512 371
513 2
514 1
516 4
517 1
518 3
519 1
521 1
523 1
527 1
528 1
529 3
530 2
531 1
532 3
533 3
534 2
535 4
536 1
537 1
538 1
539 2
540 1
541 1
542 2
543 1
544 3
545 3
546 2
547 2
548 1
549 2
550 1
553 1
554 1
556 3
560 1
561 1
562 1
563 1
564 2
565 1
567 1
569 3
570 1
571 3
573 1
574 1
576 4
577 1
578 2
580 2
582 1
583 2
584 1
586 1
587 1
588 1
590 3
593 13
594 2
595 2
596 1
597 1
599 3
601 2
602 3
603 1
604 1
606 1
607 2
608 3
609 2
610 2
611 2
613 2
614 2
615 2
616 2
618 1
620 1
621 2
622 1
624 1
625 1
626 2
628 2
629 1
630 1
631 3
632 1
633 1
634 1
635 2
636 1
638 1
639 2
641 6
648 2
649 2
651 1
652 1
655 2
656 5
657 2
659 1
660 2
661 1
663 1
665 2
666 1
667 1
668 1
669 1
670 1
671 1
674 1
675 3
676 1
677 1
678 2
680 2
681 1
686 2
688 1
692 2
697 1
698 1
699 3
701 3
702 4
703 2
705 1
708 2
709 4
711 1
713 1
721 1
723 1
724 1
725 1
727 1
728 1
730 1
734 3
735 1
736 1
738 1
739 2
740 2
741 1
742 1
745 2
747 2
748 1
750 1
751 1
752 2
753 2
754 1
756 1
759 2
761 2
764 1
770 1
771 3
772 2
774 1
776 4
778 1
780 3
784 1
785 1
787 1
789 2
792 3
794 1
796 1
797 1
800 1
801 1
802 2
803 1
804 2
805 6
809 1
810 3
811 1
812 1
813 2
815 2
816 1
817 1
819 2
820 4
821 1
823 2
825 2
826 1
828 2
829 1
832 1
834 3
836 2
840 3
841 3
842 2
844 1
845 1
846 1
847 2
849 1
852 1
853 1
860 1
861 2
862 1
863 1
868 1
870 1
871 1
874 1
878 1
880 1
881 2
884 1
885 1
886 1
887 1
888 2
890 2
891 2
892 3
895 2
897 1
898 1
899 1
901 2
904 1
905 3
906 3
909 1
910 1
911 1
912 2
914 2
917 1
918 1
919 2
923 1
924 2
925 1
926 2
929 1
932 1
934 1
937 2
939 1
941 2
944 1
945 1
946 2
948 4
950 1
951 1
952 2
954 1
958 2
960 1
962 1
963 1
964 2
965 3
969 1
975 1
978 2
979 1
981 1
987 1
989 1
991 2
993 1
998 1
1000 1
1002 1
1003 2
1006 1
1011 1
1012 1
1013 1
1016 2
1017 2
1018 1
1022 1
1024 50
1028 1
1032 1
1034 2
1036 2
1041 3
1042 1
1043 2
1044 2
1045 3
1046 1
1052 2
1054 1
1058 1
1059 1
1065 2
1066 1
1069 1
1070 3
1072 3
1075 1
1082 1
1083 1
1085 1
1087 5
1089 2
1093 1
1094 11
1095 1
1096 1
1099 1
1102 1
1103 1
1104 1
1105 3
1107 2
1109 3
1110 1
1111 1
1114 1
1115 1
1117 3
1122 2
1124 1
1127 1
1128 1
1129 1
1132 1
1133 1
1136 1
1138 2
1139 1
1140 1
1141 2
1147 2
1149 2
1153 1
1157 2
1162 1
1164 2
1167 2
1168 1
1169 1
1171 1
1173 1
1177 3
1178 1
1180 2
1184 2
1187 3
1188 1
1190 2
1191 1
1195 1
1200 2
1201 2
1204 1
1206 1
1210 1
1212 1
1216 1
1219 1
1220 3
1223 1
1226 3
1227 4
1228 1
1229 1
1230 2
1231 1
1232 2
1233 1
1236 2
1237 1
1238 2
1239 1
1241 1
1242 1
1245 1
1246 1
1248 2
1257 1
1261 1
1262 1
1264 1
1271 1
1272 1
1276 1
1277 1
1280 1
1283 1
1285 1
1287 1
1288 1
1291 2
1292 1
1295 2
1301 1
1302 1
1303 2
1311 1
1313 2
1316 2
1317 1
1318 2
1320 2
1323 1
1324 2
1327 2
1329 1
1330 1
1331 1
1336 2
1339 2
1340 1
1341 1
1342 1
1343 1
1344 1
1348 1
1349 1
1350 1
1352 1
1354 1
1356 2
1357 1
1358 1
1359 1
1360 2
1361 1
1362 1
1363 2
1364 1
1366 2
1367 1
1370 4
1371 1
1374 3
1375 1
1377 1
1378 1
1379 1
1384 1
1391 1
1398 1
1399 2
1403 1
1404 2
1406 1
1408 4
1412 2
1414 1
1415 1
1416 1
1417 1
1421 2
1424 1
1426 1
1429 1
1430 1
1432 2
1434 1
1437 1
1438 1
1441 1
1446 1
1448 1
1449 1
1450 2
1451 1
1452 2
1453 1
1454 1
1455 1
1461 1
1469 1
1472 1
1475 1
1477 1
1481 1
1483 1
1484 2
1486 1
1487 1
1488 1
1490 1
1495 1
1505 1
1510 1
1511 1
1513 1
1514 1
1515 1
1517 1
1519 2
1523 1
1525 1
1526 1
1530 1
1531 1
1532 6
1533 1
1534 5
1535 3
1536 17
1539 1
1541 1
1542 1
1544 1
1548 1
1549 3
1551 1
1552 1
1554 3
1564 1
1572 1
1573 1
1576 1
1590 1
1591 2
1594 2
1597 2
1601 1
1606 5
1611 1
1612 1
1615 1
1616 3
1617 2
1619 2
1624 1
1633 1
1635 1
1636 1
1638 1
1648 1
1649 1
1650 3
1652 2
1657 1
1658 1
1659 1
1660 2
1661 2
1666 2
1667 1
1670 1
1672 1
1673 1
1675 1
1678 2
1683 2
1684 2
1685 2
1686 2
1687 2
1689 1
1691 2
1692 2
1693 2
1694 1
1695 3
1701 1
1702 1
1704 1
1705 1
1706 1
1707 1
1710 2
1715 1
1716 1
1718 1
1720 1
1723 1
1724 1
1729 1
1731 1
1738 1
1745 1
1747 1
1752 2
1755 2
1756 2
1757 2
1761 1
1762 1
1764 1
1766 1
1769 1
1772 1
1773 1
1775 1
1776 1
1783 1
1784 2
1787 1
1791 1
1799 1
1800 3
1801 1
1802 2
1803 2
1804 1
1806 2
1812 1
1814 1
1815 1
1818 1
1820 1
1821 1
1824 101
1833 2
1834 1
1836 1
1838 1
1839 1
1840 6
1844 1
1845 2
1848 1
1850 1
1852 2
1861 4
1862 2
1864 2
1868 2
1873 1
1875 3
1880 1
1884 1
1887 1
1891 1
1892 1
1893 1
1899 2
1917 2
1920 2
1922 1
1923 1
1925 1
1931 1
1932 1
1939 1
1940 1
1941 1
1944 2
1945 1
1947 2
1962 1
1965 2
1966 2
1972 1
1975 2
1977 1
1979 1
1980 1
1982 1
1986 1
1987 1
1991 1
1994 1
1999 1
2000 1
2003 1
2006 1
2007 1
2008 1
2009 1
2017 1
2018 1
2022 1
2023 4
2026 1
2027 1
2030 4
2031 2
2033 1
2034 1
2039 1
2042 3
2043 1
2048 8
2049 1
2051 1
2055 1
2062 1
2066 2
2070 2
2073 1
2074 2
2078 1
2079 1
2082 2
2084 1
2085 1
2087 1
2090 2
2092 1
2093 1
2096 1
2100 1
2103 1
2104 1
2105 1
2119 3
2125 3
2129 1
2130 1
2131 1
2135 2
2137 2
2139 2
2141 1
2143 1
2144 5
2146 1
2147 1
2149 2
2151 3
2152 4
2155 1
2156 1
2157 3
2160 1
2162 2
2166 1
2169 1
2170 1
2172 1
2175 2
2178 2
2184 1
2185 1
2187 1
2188 1
2189 1
2190 1
2194 2
2202 1
2207 2
2209 1
2216 1
2217 2
2220 1
2225 1
2227 1
2237 1
2238 1
2239 1
2240 1
2242 1
2251 1
2257 1
2258 1
2259 1
2260 2
2264 2
2265 3
2268 1
2272 1
2273 1
2274 1
2284 1
2285 1
2287 2
2293 1
2294 1
2295 2
2297 1
2300 1
2301 3
2305 1
2308 2
2311 1
2316 3
2318 1
2319 1
2324 1
2326 3
2327 1
2330 4
2334 1
2335 1
2341 2
2344 1
2356 1
2364 1
2366 1
2371 1
2375 1
2377 1
2383 2
2384 1
2387 1
2388 1
2389 1
2392 1
2396 1
2397 1
2399 2
2407 1
2408 1
2409 1
2410 2
2412 1
2415 3
2420 2
2423 1
2428 1
2432 1
2435 1
2437 1
2442 1
2447 1
2458 2
2465 1
2467 1
2468 2
2473 1
2474 1
2475 1
2477 1
2479 1
2486 1
2490 1
2492 1
2495 1
2496 2
2503 1
2506 1
2507 2
2508 2
2510 1
2512 1
2521 1
2522 1
2533 2
2534 2
2535 1
2536 1
2544 1
2545 1
2547 2
2548 2
2552 1
2553 1
2555 1
2560 3
2565 1
2573 2
2575 2
2576 1
2577 1
2582 2
2589 1
2590 1
2592 1
2593 2
2602 1
2606 1
2614 2
2617 1
2628 1
2631 1
2632 1
2634 1
2637 1
2639 3
2644 1
2647 1
2648 1
2654 1
2656 2
2658 1
2670 2
2675 1
2679 1
2683 2
2686 1
2688 1
2692 1
2694 2
2697 1
2698 1
2700 1
2708 1
2710 3
2718 2
2722 1
2726 1
2733 1
2743 1
2751 1
2756 1
2757 1
2758 1
2762 1
2765 1
2772 1
2775 2
2776 1
2780 1
2783 1
2789 1
2794 5
2799 1
2800 1
2801 2
2806 2
2809 1
2812 1
2819 1
2820 1
2827 1
2835 2
2845 3
2853 1
2856 1
2861 1
2862 1
2863 1
2872 1
2878 2
2881 1
2884 5
2889 1
2890 1
2900 1
2901 1
2905 1
2909 1
2918 1
2920 1
2928 1
2930 1
2931 1
2932 1
2934 1
2937 1
2939 1
2942 1
2949 1
2953 1
2956 3
2960 1
2967 1
2974 1
2981 1
2985 4
2992 1
2999 1
3004 1
3005 1
3012 1
3018 1
3020 1
3022 1
3023 1
3029 1
3033 1
3041 1
3042 1
3046 1
3049 1
3063 1
3066 1
3072 3
3073 1
3080 1
3095 1
3099 1
3110 1
3113 5
3114 1
3116 1
3118 2
3130 1
3133 1
3136 1
3138 1
3148 1
3158 1
3164 1
3165 2
3177 1
3179 1
3184 1
3187 1
3195 6
3197 1
3198 2
3205 1
3206 2
3207 1
3208 1
3217 1
3222 2
3231 1
3232 1
3240 1
3241 1
3251 1
3254 1
3256 1
3266 2
3267 1
3273 1
3279 2
3284 1
3286 2
3289 1
3293 2
3295 2
3302 1
3306 1
3307 2
3308 1
3310 1
3319 1
3320 1
3326 1
3336 1
3340 1
3342 1
3344 1
3346 1
3358 4
3382 2
3389 1
3394 1
3399 2
3402 1
3406 1
3408 1
3414 1
3423 1
3434 1
3440 2
3442 1
3449 1
3453 1
3456 1
3458 1
3463 1
3470 1
3473 1
3476 1
3479 1
3482 1
3492 1
3496 1
3500 1
3501 1
3504 1
3510 1
3512 1
3526 2
3546 4
3548 1
3558 1
3563 1
3564 1
3580 2
3583 1
3588 2
3596 1
3599 1
3600 15
3610 1
3623 1
3625 1
3627 1
3632 1
3637 1
3653 1
3675 1
3679 1
3683 1
3694 1
3699 1
3702 1
3703 1
3706 1
3708 2
3713 1
3714 1
3716 1
3717 2
3721 1
3729 1
3732 1
3734 1
3746 1
3749 1
3762 1
3779 1
3783 1
3784 1
3785 1
3797 1
3798 1
3805 1
3806 1
3808 1
3816 2
3823 1
3824 1
3837 1
3838 1
3840 1
3845 1
3848 1
3850 1
3854 1
3859 1
3865 1
3866 1
3869 1
3878 1
3880 1
3887 1
3899 1
3908 1
3917 1
3920 1
3924 3
3927 1
3932 1
3933 2
3934 2
3951 1
3956 1
3964 1
3967 1
3972 1
3986 1
4000 1
4003 1
4005 1
4010 1
4014 1
4020 1
4024 2
4032 2
4036 1
4047 1
4052 1
4062 1
4064 3
4066 1
4087 2
4088 1
4089 1
4090 1
4096 3
4097 1
4111 1
4115 1
4116 1
4118 1
4140 1
4148 1
4158 1
4159 1
4171 1
4183 1
4198 2
4222 1
4223 2
4234 1
4239 1
4248 3
4255 1
4259 1
4262 1
4263 1
4273 1
4276 1
4277 2
4279 1
4292 1
4306 1
4311 1
4319 1
4328 1
4332 1
4338 1
4340 1
4342 2
4344 1
4351 1
4352 1
4356 1
4357 1
4360 1
4365 2
4389 1
4397 1
4402 1
4407 1
4417 1
4418 1
4431 1
4440 1
4452 2
4458 1
4459 1
4464 1
4465 1
4467 2
4478 1
4491 2
4507 1
4513 1
4528 1
4534 1
4535 1
4539 1
4546 2
4547 1
4561 1
4562 1
4571 1
4572 1
4574 2
4575 1
4580 1
4593 1
4598 1
4601 1
4602 1
4606 1
4620 1
4625 2
4641 1
4645 1
4646 1
4647 1
4660 1
4662 1
4663 1
4672 1
4679 1
4680 1
4681 1
4691 1
4693 2
4697 1
4728 1
4742 1
4743 1
4744 1
4750 1
4759 1
4760 1
4763 2
4777 1
4784 1
4786 1
4788 1
4792 1
4796 1
4800 2
4801 1
4806 1
4820 2
4821 1
4826 2
4840 1
4843 1
4844 2
4850 1
4858 1
4861 1
4880 1
4892 1
4894 1
4896 12
4902 1
4908 1
4911 1
4925 1
4928 2
4936 1
4950 1
4959 1
4966 1
4968 1
4976 1
4998 1
5001 1
5002 1
5011 1
5022 1
5039 1
5041 1
5042 1
5049 1
5052 1
5058 2
5059 1
5061 1
5064 1
5071 1
5074 1
5079 1
5093 1
5096 1
5104 2
5114 1
5115 1
5127 2
5132 1
5137 1
5138 2
5145 1
5156 1
5179 1
5186 2
5190 1
5192 1
5198 1
5209 1
5213 1
5215 1
5218 1
5221 1
5224 2
5229 1
5231 1
5239 1
5244 1
5248 1
5281 1
5288 1
5289 1
5297 2
5300 1
5303 1
5305 2
5308 1
5312 1
5337 1
5338 1
5342 1
5365 2
5376 1
5390 2
5392 1
5398 1
5417 1
5418 1
5431 1
5439 1
5440 1
5448 1
5452 1
5455 1
5462 1
5483 2
5490 1
5500 1
5504 1
5513 1
5518 1
5528 1
5544 1
5556 1
5570 2
5582 1
5588 1
5593 1
5597 1
5610 3
5613 1
5629 1
5635 1
5643 2
5660 1
5674 1
5677 1
5697 1
5702 1
5717 1
5719 1
5743 1
5746 2
5750 1
5751 1
5766 1
5772 2
5774 1
5784 2
5830 1
5833 1
5846 1
5850 1
5852 1
5855 1
5857 3
5863 1
5866 1
5869 1
5878 1
5899 1
5904 1
5925 2
5943 2
5963 1
5966 1
5975 1
5998 1
6002 1
6003 1
6004 2
6009 1
6013 1
6015 1
6026 2
6027 1
6028 1
6032 1
6037 1
6040 1
6041 1
6042 8
6052 2
6053 1
6075 2
6079 1
6081 1
6083 2
6092 1
6095 1
6097 2
6100 1
6120 1
6124 1
6131 1
6133 1
6135 1
6154 1
6159 1
6179 1
6191 1
6203 1
6238 1
6246 1
6248 1
6250 2
6267 1
6268 1
6279 2
6301 1
6307 1
6308 1
6321 1
6325 1
6327 1
6328 1
6331 1
6335 2
6336 1
6345 2
6359 1
6368 1
6369 1
6377 1
6382 1
6389 1
6403 1
6406 1
6411 2
6418 1
6424 1
6434 3
6441 1
6444 1
6450 1
6452 1
6453 2
6456 1
6457 1
6473 1
6480 2
6485 1
6497 1
6504 2
6517 1
6533 1
6537 1
6549 1
6570 2
6574 1
6583 1
6584 1
6597 3
6598 1
6604 1
6607 2
6612 1
6619 1
6636 1
6640 2
6656 1
6668 2
6673 1
6703 1
6714 1
6724 1
6727 1
6734 1
6737 1
6763 1
6764 1
6774 2
6779 1
6784 1
6795 1
6801 1
6808 1
6816 1
6830 2
6834 1
6841 1
6844 1
6845 1
6848 1
6850 1
6857 1
6865 1
6870 1
6881 1
6884 1
6894 1
6895 1
6896 1
6901 1
6904 1
6912 1
6924 2
6928 1
6931 1
6940 1
6943 1
6949 1
6952 1
6955 1
6956 1
6958 1
6987 1
6992 1
7003 1
7008 2
7011 1
7017 1
7027 1
7033 1
7068 1
7069 1
7070 1
7078 1
7084 1
7097 1
7106 1
7107 1
7126 1
7156 1
7162 1
7167 3
7172 1
7189 1
7200 2
7205 1
7206 1
7244 1
7286 1
7296 1
7300 2
7301 1
7324 2
7328 1
7340 1
7341 1
7348 1
7380 2
7384 1
7391 1
7436 1
7448 1
7453 1
7459 1
7464 1
7479 1
7493 1
7508 1
7548 1
7558 1
7561 1
7564 1
7602 1
7621 2
7628 1
7645 1
7650 1
7667 1
7668 1
7678 1
7716 1
7770 1
7772 1
7797 1
7812 1
7817 1
7824 3
7839 1
7864 1
7872 1
7875 1
7904 1
7916 1
7920 1
7922 1
7927 1
7943 1
7960 2
7963 1
7980 1
8028 1
8050 1
8064 1
8092 1
8096 1
8142 1
8146 1
8166 1
8169 1
8171 1
8180 1
8190 1
8192 5
8204 1
8216 14
8243 1
8247 1
8272 1
8298 1
8320 1
8331 1
8348 1
8365 1
8366 1
8374 1
8384 1
8407 1
8416 1
8473 1
8508 1
8518 1
8526 1
8546 2
8557 1
8558 3
8559 3
8564 2
8618 1
8633 1
8649 1
8650 1
8651 2
8658 1
8668 2
8700 1
8704 1
8708 1
8731 1
8736 1
8739 1
8751 1
8763 1
8849 1
8864 2
8865 1
8869 1
8901 1
8906 3
8928 1
8930 1
8932 1
8942 1
8946 1
8981 1
8984 3
8988 2
8996 1
9003 1
9058 1
9059 1
9064 1
9078 1
9086 1
9089 1
9090 1
9107 1
9115 2
9127 1
9132 1
9160 1
9164 1
9168 1
9187 1
9191 1
9194 1
9216 1
9243 1
9249 1
9267 1
9268 1
9302 2
9313 1
9334 1
9362 1
9386 1
9400 1
9405 1
9408 1
9414 1
9423 1
9437 1
9458 1
9462 1
9473 1
9474 2
9502 1
9503 1
9518 2
9539 1
9575 1
9626 1
9662 1
9708 1
9751 1
9760 1
9829 1
9830 1
9846 1
9852 1
9858 1
9859 1
9933 1
9941 1
9973 1
9980 2
10026 1
10029 1
10036 1
10053 1
10056 1
10070 1
10075 1
10092 1
10151 1
10164 1
10195 2
10197 1
10256 1
10262 1
10270 1
10283 1
10292 1
10301 1
10324 1
10325 2
10329 1
10383 1
10478 1
10500 2
10506 2
10509 1
10529 2
10551 3
10558 1
10563 1
10615 1
10637 1
10642 1
10648 1
10679 1
10700 1
10762 1
10784 1
10789 1
10818 1
10826 1
10851 1
10858 1
10861 1
10880 1
10885 2
10907 1
10950 3
10952 1
10959 1
10979 1
10984 1
10989 1
11001 1
11016 1
11031 2
11039 1
11058 1
11059 1
11089 2
11116 1
11139 1
11318 1
11384 1
11432 1
11441 1
11442 2
11467 1
11494 1
11514 1
11515 1
11583 1
11588 1
11613 1
11633 1
11650 1
11665 1
11678 1
11696 1
11717 1
11804 1
11872 2
11962 1
12011 1
12054 1
12095 1
12111 1
12127 1
12144 1
12145 1
12169 1
12288 1
12301 1
12328 1
12398 1
12416 1
12434 1
12446 1
12486 1
12536 1
12548 2
12581 1
12680 1
12791 1
12804 1
12819 1
12863 1
12895 1
12909 1
12934 1
12940 1
12947 1
12951 1
12954 1
12956 1
12968 1
12986 1
13028 1
13050 1
13080 1
13148 1
13159 1
13198 1
13270 1
13312 4
13326 1
13470 1
13525 1
13526 1
13532 1
13665 1
13682 1
13718 2
13735 2
13755 1
13831 1
13855 1
13911 1
13959 1
13971 1
14010 1
14017 1
14047 1
14067 1
14077 1
14151 2
14201 1
14204 1
14220 1
14315 1
14318 1
14329 1
14336 3
14348 1
14371 1
14403 1
14408 1
14421 1
14514 1
14610 1
14635 1
14652 1
14684 1
14776 1
14791 1
14818 1
14892 1
15012 1
15068 2
15090 1
15096 1
15125 1
15161 1
15181 1
15186 2
15214 1
15215 1
15223 1
15241 1
15242 1
15312 2
15334 1
15394 1
15443 1
15500 1
15510 1
15511 1
15544 1
15561 2
15708 1
15820 1
15860 2
15867 1
15890 1
15970 1
15982 1
16070 1
16078 1
16085 1
16096 1
16159 1
16220 1
16259 1
16317 1
16377 1
16384 7
16496 1
16505 1
16512 1
16546 1
16666 1
16713 1
16789 1
16840 1
16862 1
16913 1
16997 1
17037 1
17162 1
17180 1
17200 2
17208 1
17408 1
17504 1
17644 1
17646 1
17657 1
17704 1
17724 1
17853 1
17987 1
18010 1
18043 1
18122 1
18245 1
18297 1
18416 1
18432 1
18440 1
18465 1
18529 1
18559 1
18565 1
18736 1
18832 1
19035 1
19039 2
19040 1
19044 1
19090 1
19150 1
19170 1
19172 1
19203 1
19220 1
19227 1
19247 1
19363 1
19419 3
19474 1
19656 1
19689 2
19741 1
19798 1
19820 1
20017 1
20022 1
20025 3
20058 3
20207 1
20287 1
20288 1
20392 1
20395 1
20459 1
20480 2
20574 1
20630 1
20678 1
20748 1
20754 1
20804 1
20852 1
20901 1
20907 1
20919 1
21000 3
21014 1
21022 1
21055 1
21068 1
21128 1
21225 1
21362 1
21373 1
21504 3
21706 1
21871 1
22029 1
22083 1
22140 1
22194 1
22248 1
22307 1
22322 1
22332 1
22343 1
22391 1
22432 1
22528 1
22660 1
22691 1
22761 1
22843 1
22852 1
22909 1
23112 1
23457 3
23486 1
23536 1
23970 1
24177 1
24198 1
24576 30
24592 1
24783 1
24841 1
24878 1
24923 1
25201 3
25234 1
25283 1
25325 1
25376 1
25458 1
25512 1
25523 1
25581 1
25712 1
25972 1
26018 1
26102 1
26400 1
26413 1
26661 1
26741 1
26805 1
26891 1
26954 1
27281 1
27379 1
27487 1
27636 1
27755 1
28173 1
28235 1
28502 3
28586 1
28633 1
28748 1
29092 1
29623 1
29818 1
29900 1
29904 1
29960 1
29966 1
30000 1
30077 1
30093 10
30184 1
30220 1
30224 1
30230 1
30233 1
30368 1
30478 1
30668 1
30720 4
31361 2
31362 1
31447 1
31552 1
31626 1
31673 1
31714 1
31732 1
31987 1
32029 1
32290 1
32515 1
32518 1
32768 38
32950 1
33077 1
33164 1
33215 1
33468 1
33792 1
33954 1
34004 1
34174 1
34326 1
34329 1
34380 1
34438 1
34465 1
34528 1
34650 1
34697 1
34816 1
34826 1
35088 1
35982 1
36531 3
36894 1
37421 1
37589 1
37728 1
38454 1
38696 1
38912 1
39960 2
40196 1
40238 1
40243 1
40808 1
40870 1
40960 12
41974 5
42000 1
42798 1
42915 1
43218 1
44008 1
44304 1
44692 1
45538 2
46198 1
46241 1
47043 1
48643 3
48744 1
49152 2
49553 1
50528 1
50983 1
51094 1
52375 1
52586 1
53282 1
53816 1
53885 1
54917 1
55020 1
55276 1
55374 1
55619 1
55750 1
55781 1
56974 1
57324 1
57344 3
57762 1
58139 1
58261 1
58432 1
59192 1
59212 1
59277 1
59600 1
59665 1
59694 1
59832 1
61656 1
62288 1
62431 1
63383 1
65475 2
65536 11
65595 1
65665 1
67460 1
67766 2
68021 1
70485 1
70636 1
71342 1
73463 1
73728 6
74018 1
74130 1
74170 1
74233 1
74386 1
74492 1
74612 2
75526 1
76121 1
76298 1
76790 1
76937 1
77824 1
78017 1
81920 5
83233 1
84110 1
84299 1
84351 1
85035 1
87040 3
87943 1
88068 1
88069 1
90112 4
91705 1
91734 1
95014 1
96735 1
97489 1
98304 5
101690 1
103834 2
103837 4
106496 2
109080 1
110649 1
110817 1
112327 2
112546 1
114688 2
114708 1
115004 1
115203 1
121716 1
122187 1
122880 3
125162 1
127431 1
127564 1
131072 2
131572 1
133581 1
133798 2
137049 1
137990 1
139264 1
148833 1
150575 1
154388 1
156172 1
163840 2
168052 3
168997 1
169666 2
172032 1
173368 1
193435 1
196608 1
211599 1
211600 2
221184 1
229376 2
236656 1
237568 1
239208 1
245760 1
249594 1
260056 1
262160 1
262860 1
264690 1
266304 2
268128 2
272451 1
274304 1
275526 1
295632 1
297600 1
307706 1
329090 1
335872 1
356441 1
367607 1
442368 7
450560 1
458752 1
512000 1
514082 1
532480 1
565248 1
638976 1
729088 1
753205 1
922752 1
1228800 1
2638176 1
2742418 1
