0 23
1 1
2 16
3 3
4 1
5 1
7 1
8 2
9 4
11 145
12 2
13 4
14 1
16 1
17 2
18 2
19 1
22 2
23 1
24 2
25 1
27 2
28 1
30 8
31 1
33 2
35 4
36 1
37 2
38 1
39 1
41 2
42 2
43 2
44 4
46 1
48 15
49 4
50 1
51 1
53 1
54 3
55 2
56 1
57 2
58 3
59 2
60 2
61 1
62 6
63 1
66 1
68 2
71 1
73 12
74 2
75 1
76 2
77 3
81 2
86 3
87 3
89 4
90 3
94 1
95 5
96 3
97 3
98 1
103 1
104 3
105 1
106 1
107 2
108 2
109 6
110 1
111 1
113 2
114 1
116 2
117 1
118 5
120 2
121 3
123 1
124 2
125 2
127 1
128 1
130 1
131 4
132 2
133 4
134 3
135 1
136 1
138 1
139 1
140 3
141 3
142 1
144 1
145 1
146 1
147 1
148 1
151 2
152 1
153 1
154 1
155 1
156 2
158 3
159 2
160 1
161 1
162 1
163 1
164 2
165 1
166 1
167 1
168 1
169 3
170 1
171 1
172 3
173 2
174 3
175 2
176 2
179 2
180 2
181 2
182 3
185 2
186 2
187 2
188 1
193 2
194 4
195 2
196 1
197 1
198 2
199 1
200 1
203 1
204 12
205 1
206 1
208 4
209 1
210 3
212 2
213 3
216 3
218 1
220 2
221 1
222 4
224 2
225 1
226 6
227 1
228 2
229 2
230 1
235 3
236 7
237 2
238 2
239 4
240 8
241 2
243 1
245 1
246 4
247 3
248 2
250 1
252 4
253 3
255 2
256 1
257 3
258 1
260 2
262 4
263 2
265 2
266 1
267 1
268 4
270 4
272 1
274 2
275 5
276 4
277 2
278 13
279 2
280 4
281 2
284 3
286 2
287 3
290 2
291 1
292 1
293 2
294 2
296 2
297 1
298 4
300 3
302 2
303 6
304 7
305 2
306 1
308 3
309 3
311 2
312 1
313 5
314 1
315 2
316 2
318 2
319 4
320 5
321 4
322 21
323 6
324 4
325 1
326 5
327 1
328 4
329 1
330 1
331 1
332 3
333 3
334 6
335 4
336 3
337 1
340 1
342 1
343 1
344 1
345 2
346 2
347 3
348 1
349 1
350 5
351 5
352 1
353 8
355 3
359 1
360 2
361 3
362 2
363 1
365 6
366 1
367 5
368 3
369 3
372 2
373 7
374 1
375 3
376 2
377 4
378 10
379 4
380 2
381 2
382 6
383 1
384 3
385 3
386 3
387 3
388 2
389 7
391 4
393 3
395 4
396 6
397 3
398 4
399 7
400 1
401 3
402 1
403 5
404 3
406 1
407 2
408 2
409 1
410 2
411 20
413 2
414 2
415 3
416 1
417 3
418 6
419 3
420 2
421 6
422 2
423 2
424 2
425 3
426 5
427 3
428 3
429 2
430 3
431 1
432 1
433 8
434 3
436 2
437 3
438 1
439 16
440 1
441 1
443 3
445 1
446 3
447 1
449 1
450 6
451 5
452 3
453 2
454 3
455 2
457 1
459 2
460 1
462 4
463 3
464 4
466 2
467 7
469 3
471 2
472 1
473 5
474 5
476 4
477 2
478 4
479 1
480 4
481 1
482 1
483 1
484 2
485 2
486 1
488 3
489 2
490 1
491 5
492 2
493 3
494 3
495 1
497 1
498 1
499 4
500 11
501 1
502 2
503 2
504 1
505 1
506 1
507 4
508 1
509 1
511 4
512 726
514 1
515 1
516 4
519 3
520 1
522 1
523 1
524 2
525 2
526 1
528 8
529 1
530 1
531 1
532 1
533 4
534 3
535 2
536 1
538 1
539 2
540 2
541 2
542 1
543 2
544 2
545 3
546 3
547 4
548 2
549 1
550 5
551 1
552 1
554 2
555 5
556 3
557 3
558 3
559 3
560 2
561 1
562 2
563 1
565 3
566 1
567 1
568 1
569 4
571 2
572 2
573 1
574 2
578 2
580 2
581 3
582 1
583 3
585 2
586 1
587 1
588 1
589 2
590 1
591 2
592 3
593 14
594 2
595 7
596 3
597 2
598 1
599 1
601 1
602 1
603 3
604 3
605 1
606 1
607 1
608 2
609 1
610 1
612 1
613 1
615 1
616 1
617 1
618 2
619 1
620 1
621 1
622 2
623 4
625 3
626 2
627 4
628 4
629 1
630 1
631 5
632 1
633 1
634 1
635 3
636 2
637 4
638 6
639 2
640 1
641 2
643 2
644 1
645 2
646 1
647 1
648 2
649 1
650 2
651 4
653 1
655 1
656 1
659 1
661 1
662 1
664 5
665 1
666 1
668 2
669 1
670 1
671 3
673 1
674 1
677 2
678 2
681 1
683 2
684 1
685 2
686 3
687 1
688 1
691 2
692 2
698 2
699 2
700 3
701 1
702 1
703 1
704 2
705 1
706 1
707 6
708 2
710 1
713 2
714 2
717 1
718 1
719 3
720 1
721 2
722 3
725 2
726 1
727 1
728 4
729 1
730 1
732 3
733 1
735 5
738 3
739 2
740 1
741 1
742 3
743 2
744 1
746 1
747 2
748 3
749 2
750 1
751 1
753 5
755 2
756 2
759 1
760 5
764 2
766 1
767 1
768 3
769 2
770 1
771 2
772 2
774 1
775 3
776 2
777 1
779 5
780 2
781 1
782 1
784 2
785 1
788 2
789 1
790 2
791 1
792 1
795 2
796 1
797 1
798 2
799 1
800 3
802 1
804 2
805 2
806 2
807 1
808 1
809 10
810 1
811 4
812 2
813 2
814 1
816 1
817 2
818 3
819 3
820 2
821 13
822 3
823 5
826 1
827 1
831 2
834 1
836 2
837 1
840 1
841 1
842 2
843 1
844 2
846 2
849 2
850 11
851 1
852 2
854 3
856 1
857 1
858 2
859 1
861 1
864 3
865 2
866 5
867 1
868 2
869 2
870 1
871 4
872 1
875 1
876 1
877 1
879 1
880 1
881 1
884 1
885 2
886 2
890 2
892 2
895 2
896 1
897 2
902 2
904 1
906 2
908 2
909 1
910 3
912 2
913 3
914 1
915 3
919 1
923 1
924 2
926 1
930 1
931 1
934 3
935 2
936 3
940 2
942 1
944 3
946 1
949 1
951 1
954 1
955 1
956 1
957 2
958 1
960 1
961 2
962 2
963 2
965 1
966 1
969 1
971 1
972 1
973 1
974 1
977 1
978 1
980 5
982 2
983 2
984 2
986 1
987 3
988 1
991 2
992 1
993 2
995 1
996 1
998 1
1000 2
1002 2
1003 1
1004 1
1005 1
1006 3
1007 2
1008 1
1011 1
1013 3
1014 1
1016 1
1018 2
1021 1
1024 40
1025 1
1027 2
1031 1
1034 2
1035 1
1036 2
1037 1
1039 1
1041 4
1044 2
1045 1
1046 1
1047 1
1048 3
1050 2
1052 1
1053 1
1057 1
1064 1
1065 2
1066 1
1068 1
1069 1
1070 1
1071 2
1076 2
1078 1
1079 2
1080 1
1082 1
1083 1
1084 1
1085 2
1086 3
1087 3
1088 3
1090 1
1092 3
1094 1
1096 3
1098 1
1103 1
1105 1
1106 2
1107 1
1108 2
1110 2
1112 1
1115 2
1116 2
1118 1
1120 2
1121 1
1124 3
1126 3
1128 2
1129 1
1130 3
1131 2
1132 1
1135 1
1140 1
1141 3
1142 1
1143 1
1147 2
1152 1
1153 2
1154 1
1156 1
1157 1
1159 2
1160 2
1161 1
1164 1
1165 1
1166 2
1167 1
1169 1
1170 2
1171 1
1174 2
1175 1
1176 2
1177 2
1178 1
1179 2
1182 2
1184 1
1185 1
1186 2
1187 1
1189 1
1191 2
1192 1
1194 1
1195 3
1196 1
1204 1
1205 1
1207 1
1208 1
1209 1
1211 1
1212 1
1214 1
1218 1
1220 1
1221 1
1222 6
1223 1
1224 2
1225 2
1231 1
1232 3
1234 3
1237 2
1238 1
1240 1
1243 1
1250 2
1253 2
1257 1
1258 1
1259 1
1261 1
1266 3
1268 1
1270 1
1276 2
1277 1
1282 1
1284 1
1286 2
1288 2
1292 3
1294 1
1296 1
1300 2
1301 1
1303 1
1308 3
1310 1
1311 2
1312 2
1314 1
1316 2
1321 1
1322 1
1328 2
1333 1
1341 1
1346 2
1347 3
1349 1
1350 2
1353 1
1354 2
1358 1
1362 1
1364 2
1365 3
1368 1
1372 1
1375 1
1380 2
1381 1
1384 1
1385 1
1386 1
1387 1
1390 3
1391 1
1393 1
1395 1
1401 1
1403 2
1405 1
1414 1
1415 2
1416 1
1420 1
1422 2
1425 2
1426 1
1429 1
1434 2
1440 2
1442 2
1444 3
1447 3
1448 1
1449 1
1452 3
1454 1
1458 2
1463 2
1468 2
1473 2
1474 1
1475 2
1476 1
1477 3
1478 1
1480 1
1481 1
1483 2
1485 1
1492 1
1498 1
1504 1
1508 2
1509 1
1511 1
1512 1
1514 1
1516 1
1518 1
1520 3
1524 1
1525 2
1526 3
1528 2
1532 1
1534 13
1535 2
1536 5
1538 1
1545 1
1547 2
1548 4
1553 1
1554 1
1555 1
1556 1
1557 2
1558 2
1561 3
1565 1
1566 2
1568 1
1569 1
1571 1
1572 1
1573 1
1576 1
1580 2
1585 2
1588 2
1593 1
1598 1
1599 1
1600 2
1602 1
1604 2
1606 1
1608 1
1616 1
1619 1
1620 1
1621 1
1622 1
1625 1
1628 1
1632 2
1633 2
1634 2
1635 1
1637 5
1641 1
1643 1
1644 2
1645 1
1650 1
1651 1
1653 1
1658 1
1660 1
1662 1
1670 1
1671 1
1674 1
1677 1
1678 1
1680 2
1683 1
1688 1
1690 2
1692 1
1693 1
1695 1
1696 1
1697 1
1698 1
1699 1
1702 3
1704 1
1705 1
1713 1
1714 1
1718 2
1720 3
1721 2
1727 1
1728 2
1732 1
1737 3
1743 1
1745 1
1748 1
1755 1
1764 1
1767 1
1778 1
1779 2
1780 2
1783 1
1792 1
1798 1
1800 1
1816 2
1818 2
1820 2
1825 1
1830 1
1832 2
1833 1
1836 1
1837 1
1852 2
1855 2
1858 1
1861 1
1862 1
1878 1
1879 1
1883 1
1886 2
1887 1
1889 3
1892 1
1893 2
1894 1
1902 1
1904 8
1905 1
1910 2
1913 2
1919 1
1920 1
1924 2
1936 1
1938 1
1941 1
1946 1
1947 1
1948 1
1959 2
1986 1
1989 1
1990 1
1994 1
1995 1
1996 2
1998 2
2002 1
2003 1
2005 1
2009 1
2010 1
2014 1
2016 2
2018 1
2020 1
2024 1
2029 1
2031 1
2036 2
2040 1
2048 5
2056 2
2058 2
2060 1
2063 2
2065 1
2070 2
2081 1
2084 3
2088 1
2090 3
2092 1
2094 1
2102 1
2104 1
2108 1
2111 1
2113 1
2115 1
2121 7
2128 1
2130 1
2133 1
2135 1
2141 2
2142 1
2143 2
2144 12
2146 1
2153 1
2154 2
2158 1
2160 2
2167 1
2170 1
2171 2
2173 1
2177 1
2181 1
2183 3
2200 1
2206 2
2215 1
2217 1
2221 1
2222 1
2238 2
2239 1
2244 2
2249 1
2256 1
2259 2
2264 2
2280 1
2281 1
2282 2
2284 1
2287 3
2290 2
2295 2
2300 2
2301 1
2307 2
2310 1
2312 1
2313 1
2322 2
2324 1
2330 1
2339 1
2340 1
2345 1
2346 2
2348 1
2350 1
2357 1
2358 1
2362 1
2363 1
2365 2
2368 2
2370 1
2377 1
2394 1
2400 1
2404 1
2406 1
2407 2
2413 1
2420 1
2422 2
2426 1
2431 1
2443 1
2472 1
2478 2
2479 1
2484 2
2492 2
2499 2
2513 1
2517 1
2519 2
2528 1
2540 2
2548 1
2549 2
2555 1
2557 1
2560 3
2563 1
2566 1
2570 3
2571 2
2575 1
2583 1
2596 2
2602 1
2608 1
2610 1
2612 1
2623 1
2628 1
2631 3
2632 1
2638 1
2642 1
2643 1
2667 1
2685 1
2691 1
2692 1
2695 1
2705 1
2710 2
2729 1
2732 1
2733 1
2738 1
2743 2
2750 1
2751 1
2755 1
2756 1
2757 1
2760 2
2761 1
2762 1
2764 1
2769 1
2773 1
2781 1
2800 1
2802 1
2812 2
2813 1
2824 1
2830 1
2845 1
2847 2
2849 1
2852 1
2855 2
2857 1
2858 1
2867 1
2874 1
2876 1
2878 2
2882 1
2892 1
2896 1
2914 1
2920 1
2931 1
2932 1
2935 1
2937 1
2940 1
2944 1
2946 1
2958 1
2966 1
2967 2
2985 1
2990 1
2992 3
2995 1
2997 1
2998 1
3022 2
3024 2
3026 2
3034 2
3037 1
3047 2
3052 2
3056 1
3063 2
3072 1
3076 1
3110 1
3113 13
3120 2
3124 1
3134 1
3136 2
3143 1
3153 1
3166 1
3169 1
3171 1
3174 1
3176 1
3177 1
3205 1
3206 13
3211 1
3221 1
3224 1
3225 1
3226 1
3229 1
3248 2
3249 1
3252 1
3263 1
3271 1
3272 1
3273 1
3275 2
3278 2
3281 12
3283 1
3284 8
3287 21
3288 2
3290 10
3293 14
3296 9
3302 1
3308 2
3313 1
3321 1
3324 1
3338 2
3347 2
3355 1
3359 1
3360 2
3365 1
3367 1
3377 1
3384 1
3402 1
3417 1
3432 1
3446 1
3456 2
3472 3
3480 1
3483 1
3489 2
3491 1
3500 1
3506 1
3509 1
3516 1
3526 1
3535 1
3540 1
3560 1
3573 1
3576 2
3581 1
3583 1
3584 2
3591 1
3600 1
3609 1
3610 1
3613 1
3615 2
3620 1
3624 1
3626 1
3629 1
3635 1
3640 1
3649 1
3667 2
3673 1
3677 1
3685 1
3686 1
3688 1
3692 2
3694 1
3716 1
3718 1
3734 2
3749 2
3751 2
3763 2
3765 1
3777 2
3780 1
3795 1
3798 1
3801 1
3812 1
3824 2
3826 1
3844 1
3862 1
3863 2
3867 1
3869 1
3879 1
3891 1
3902 1
3905 1
3906 3
3915 1
3918 2
3923 1
3939 1
3941 2
3944 2
3953 1
3963 1
3975 2
3976 1
3984 2
3992 1
3994 2
4004 1
4008 2
4014 1
4033 1
4036 2
4045 1
4048 1
4053 1
4080 1
4083 1
4085 1
4087 2
4088 1
4091 1
4096 1
4102 2
4106 1
4111 1
4113 1
4130 1
4138 1
4143 2
4146 1
4160 1
4174 1
4190 1
4199 4
4203 1
4212 2
4217 1
4223 1
4233 1
4262 1
4264 1
4279 1
4292 1
4311 2
4333 1
4335 1
4340 2
4346 1
4353 1
4369 1
4375 2
4377 1
4381 1
4388 1
4391 1
4401 1
4410 2
4418 1
4423 2
4432 1
4433 1
4435 1
4437 1
4442 1
4454 1
4474 1
4478 1
4483 1
4512 1
4527 1
4538 2
4542 1
4549 1
4551 2
4553 1
4565 1
4576 2
4582 1
4584 1
4590 2
4592 1
4617 2
4618 1
4637 1
4639 1
4648 1
4650 1
4655 1
4656 1
4662 1
4665 1
4670 1
4680 1
4691 1
4692 3
4696 1
4698 1
4702 2
4705 2
4722 1
4728 2
4730 1
4738 2
4739 1
4741 1
4770 1
4771 1
4780 1
4795 1
4799 1
4808 2
4814 2
4821 1
4829 1
4842 2
4860 1
4866 1
4899 1
4904 2
4912 1
4919 1
4926 2
4933 1
4950 1
4964 2
4971 1
4983 1
4991 1
5002 1
5008 1
5018 1
5034 1
5035 1
5038 2
5040 1
5041 2
5044 1
5047 2
5051 1
5058 2
5063 1
5065 1
5088 1
5103 1
5105 1
5111 1
5120 2
5125 1
5129 1
5148 2
5150 2
5158 1
5160 1
5168 1
5183 1
5189 1
5190 1
5196 1
5209 1
5214 2
5250 1
5255 1
5257 2
5262 2
5279 1
5281 2
5282 1
5308 3
5311 1
5318 1
5322 1
5345 1
5366 1
5387 1
5390 1
5392 1
5394 1
5395 1
5396 1
5399 1
5423 1
5429 3
5438 1
5445 1
5459 1
5461 1
5473 3
5480 1
5498 1
5502 1
5510 2
5511 2
5519 2
5541 2
5548 1
5553 1
5572 1
5573 1
5577 1
5588 1
5596 1
5607 1
5618 1
5632 1
5634 1
5650 2
5653 2
5658 1
5660 1
5696 1
5711 2
5716 2
5725 1
5730 2
5736 1
5740 1
5748 1
5752 1
5754 1
5758 1
5765 2
5767 1
5770 1
5774 1
5792 1
5793 1
5797 1
5815 1
5823 1
5856 1
5858 1
5859 1
5860 3
5877 2
5900 1
5911 1
5914 1
5938 1
5947 1
5978 1
6044 2
6056 1
6060 1
6064 1
6085 1
6088 2
6096 1
6101 1
6115 1
6140 1
6149 1
6156 2
6175 2
6204 1
6215 1
6257 1
6262 1
6268 3
6269 2
6276 1
6315 1
6332 1
6362 1
6376 1
6380 2
6383 2
6388 1
6403 1
6430 1
6434 1
6470 1
6475 1
6488 2
6492 3
6496 1
6514 1
6526 2
6531 1
6537 2
6552 1
6563 1
6585 1
6599 2
6604 2
6638 1
6656 2
6658 1
6690 1
6702 1
6715 1
6716 2
6725 1
6733 1
6756 1
6763 1
6769 1
6774 1
6782 1
6786 1
6794 1
6804 1
6829 1
6837 1
6849 1
6852 1
6857 2
6858 1
6862 1
6867 1
6883 2
6888 1
6902 1
6906 1
6920 1
6927 1
6936 1
6974 1
6979 1
6988 1
6989 1
6995 2
7020 1
7055 1
7060 2
7090 1
7107 3
7133 1
7151 1
7168 1
7190 2
7196 1
7208 1
7210 1
7219 2
7251 1
7268 1
7291 1
7296 1
7312 1
7318 1
7320 1
7331 2
7332 1
7334 1
7341 1
7374 1
7377 2
7381 1
7385 1
7386 1
7432 2
7443 2
7448 1
7456 1
7468 1
7506 1
7517 1
7532 1
7555 2
7560 1
7594 1
7602 1
7612 1
7620 2
7627 1
7628 1
7667 2
7688 1
7712 1
7716 1
7751 1
7770 1
7771 2
7789 1
7791 1
7804 6
7815 1
7846 1
7853 1
7886 1
7894 1
7903 1
7928 1
7952 1
7968 1
7974 1
7978 2
7986 1
7992 1
8012 2
8020 1
8028 1
8044 2
8066 2
8072 1
8110 2
8155 2
8164 1
8192 1
8202 1
8258 1
8259 1
8278 1
8348 1
8350 1
8363 1
8368 2
8373 1
8379 1
8401 1
8419 1
8425 1
8448 2
8463 1
8489 1
8504 1
8522 1
8524 1
8525 1
8533 1
8541 1
8586 1
8625 1
8704 1
8736 1
8741 1
8831 2
8877 1
8883 1
8889 1
8908 1
8912 1
8929 1
8950 1
8952 2
9009 1
9013 1
9015 1
9028 2
9029 1
9030 1
9084 1
9151 1
9179 1
9192 1
9216 1
9232 149
9241 1
9251 1
9263 1
9293 1
9346 1
9365 1
9401 1
9413 1
9415 1
9459 1
9538 1
9582 1
9606 1
9652 1
9680 1
9700 1
9728 1
9743 1
9758 2
9763 1
9773 1
9775 1
9786 1
9832 1
9865 1
9888 1
9905 1
9928 1
9976 1
10051 1
10069 1
10085 1
10110 1
10113 1
10132 1
10150 1
10183 2
10201 1
10215 1
10240 1
10269 1
10270 1
10277 1
10324 1
10403 1
10424 1
10439 1
10484 1
10525 1
10623 1
10642 1
10739 2
10880 1
10881 1
10883 1
10892 1
10900 1
10905 1
10975 1
11013 1
11088 1
11155 1
11190 1
11193 1
11218 1
11280 1
11308 1
11324 1
11366 1
11404 1
11405 1
11406 1
11428 1
11432 1
11437 1
11492 1
11502 1
11504 1
11515 1
11539 1
11579 1
11612 1
11622 1
11624 1
11632 1
11644 1
11663 2
11677 1
11696 1
11697 1
11700 1
11723 2
11735 1
11762 1
11806 1
11819 1
11830 1
11864 1
11891 1
11909 1
11916 1
11921 1
11942 1
11972 1
11976 2
11988 1
11992 1
11996 1
12004 1
12020 1
12024 1
12048 1
12071 1
12073 1
12116 3
12120 1
12127 1
12128 1
12136 1
12139 1
12144 1
12148 2
12152 2
12156 3
12188 1
12214 1
12220 1
12230 1
12268 1
12278 1
12282 1
12304 1
12308 2
12320 1
12324 2
12328 1
12332 2
12336 2
12340 2
12344 6
12348 2
12349 1
12352 3
12360 1
12362 1
12368 1
12380 1
12456 1
12473 1
12488 2
12497 1
12500 1
12508 1
12521 1
12536 3
12537 1
12540 1
12544 2
12548 2
12552 1
12556 1
12564 1
12568 1
12576 1
12603 1
12628 1
12636 1
12660 1
12700 2
12701 1
12707 1
12708 2
12754 2
12760 1
12772 1
12809 1
12853 1
12856 2
12860 1
12868 1
12872 5
12876 2
12877 1
12880 1
12884 1
12888 1
12892 3
12900 4
12912 1
12932 2
12956 2
12976 2
12979 1
12980 3
12992 1
13008 2
13016 1
13020 1
13030 1
13060 1
13078 1
13089 1
13100 1
13104 1
13116 1
13120 2
13124 2
13128 2
13132 2
13140 1
13148 2
13152 2
13156 2
13160 2
13163 2
13164 2
13168 1
13172 1
13180 1
13188 1
13194 1
13248 1
13252 1
13254 1
13263 1
13264 1
13268 2
13272 1
13276 2
13284 1
13292 1
13300 2
13304 1
13312 1
13347 1
13352 1
13368 1
13372 1
13380 1
13408 2
13509 1
13520 1
13527 1
13528 1
13531 1
13532 1
13536 1
13540 1
13544 1
13548 3
13556 1
13582 1
13596 1
13619 1
13628 1
13708 1
13709 2
13712 1
13716 2
13754 2
13758 1
13802 1
13808 1
13820 1
13822 1
13824 1
13828 1
13832 1
13835 1
13836 1
13844 1
13848 2
13860 1
13864 1
13868 1
13884 1
13885 1
13948 1
13972 1
13988 1
13996 1
14004 1
14058 1
14080 1
14084 1
14104 2
14116 1
14120 3
14128 1
14144 1
14164 1
14168 1
14178 2
14188 1
14192 1
14259 1
14323 1
14328 1
14332 1
14348 1
14352 1
14354 1
14357 1
14363 2
14366 1
14368 1
14380 1
14384 1
14392 1
14408 1
14426 1
14440 2
14452 1
14456 1
14472 1
14480 1
14484 3
14488 1
14492 2
14508 1
14512 1
14520 1
14533 1
14536 1
14540 1
14547 1
14560 2
14564 1
14570 1
14572 1
14632 1
14642 2
14644 2
14656 1
14669 1
14676 1
14681 2
14684 2
14696 2
14705 1
14708 1
14718 1
14724 1
14764 1
14772 2
14783 1
14841 1
14848 1
14928 1
14980 1
15000 2
15004 1
15008 1
15025 1
15043 1
15046 1
15059 1
15116 1
15143 2
15188 1
15220 1
15250 1
15314 1
15316 1
15332 1
15342 1
15344 1
15347 1
15368 1
15396 1
15416 1
15424 1
15428 1
15435 1
15452 1
15456 2
15486 1
15494 2
15501 1
15508 1
15517 1
15576 1
15633 1
15656 1
15695 2
15697 1
15786 2
15793 1
15813 1
15831 1
15834 3
15838 1
15852 2
15866 2
15896 2
16167 1
16178 1
16243 1
16296 1
16315 1
16384 5
16400 1
16413 1
16454 1
16471 1
16492 1
16501 2
16594 2
16612 1
16682 1
16763 1
16808 1
16842 1
16880 1
16910 1
17024 2
17221 1
17230 1
17296 1
17342 1
17398 1
17416 1
17455 1
17511 1
17556 1
17575 1
17580 1
17584 1
17638 1
17701 1
17753 1
17790 1
17836 1
17857 1
17894 1
17948 1
17982 1
18004 1
18044 1
18052 1
18092 1
18133 1
18181 1
18284 1
18295 2
18346 1
18366 1
18478 1
18488 1
18492 1
18559 1
18562 1
18614 1
18662 1
18744 2
18778 1
18818 1
18828 1
18924 1
18944 1
19126 1
19192 1
19221 1
19239 2
19290 1
19294 1
19338 1
19420 1
19513 1
19636 1
19699 1
19713 1
19760 1
19806 2
19920 1
19933 1
20017 1
20050 1
20080 1
20096 1
20128 1
20145 1
20247 1
20331 1
20395 1
20404 1
20436 1
20440 1
20474 1
20553 1
20563 1
20652 1
20690 1
20702 1
20814 1
20884 1
20889 1
20900 1
20912 1
20920 1
21016 1
21036 1
21081 1
21164 2
21201 1
21212 1
21285 2
21297 1
21350 2
21381 1
21394 1
21424 1
21517 1
21518 2
21542 1
21575 1
21600 1
21607 1
21640 1
21676 1
21700 1
21775 2
21932 1
21965 1
22029 1
22060 2
22075 1
22104 1
22144 1
22200 1
22208 1
22276 1
22278 1
22301 1
22330 1
22408 1
22565 1
22594 1
22631 1
22743 1
22846 1
22847 1
22875 1
22897 2
22962 1
23092 2
23236 1
23259 1
23408 1
23513 1
23516 1
23530 1
23552 1
23565 1
23572 1
23599 1
23692 1
23708 1
23736 1
23743 1
23757 1
23765 1
23768 1
23824 1
23872 1
23875 2
23912 1
23927 2
23929 2
23956 2
23994 1
24087 1
24111 1
24121 1
24158 1
24167 1
24176 1
24219 2
24262 2
24264 1
24360 1
24419 1
24440 1
24452 1
24515 2
24576 18
24612 1
24623 1
24760 1
24812 1
24850 1
24951 1
25009 1
25011 1
25092 1
25222 1
25297 1
25334 1
25380 1
25425 1
25513 1
25521 2
25523 1
25535 1
25563 1
25605 1
25734 1
25768 1
25818 1
25822 1
25854 1
25915 1
26017 1
26028 1
26038 1
26044 1
26122 2
26150 1
26158 1
26240 1
26363 1
26395 1
26446 1
26494 1
26597 1
26620 1
26658 1
26679 1
26688 1
26795 1
26825 1
26905 1
26968 1
27000 1
27275 1
27368 1
27426 2
27449 1
27636 1
27652 1
27667 1
27926 1
27979 1
28022 2
28025 1
28027 1
28047 2
28067 1
28141 1
28159 1
28222 1
28337 1
28391 1
28402 1
28450 1
28479 1
28510 1
28638 1
28652 1
28726 2
28755 2
28840 1
28868 2
29035 1
29089 1
29091 1
29316 1
29318 1
29386 1
29399 1
29484 1
29492 1
29518 1
29568 1
29577 1
29656 1
29781 1
29788 1
29817 1
29932 1
29940 1
29952 1
30029 1
30046 1
30217 1
30507 1
30579 1
30628 1
30662 1
30938 1
31175 1
31247 1
31315 3
31325 2
31416 1
31422 1
31439 1
31468 1
31472 1
31484 1
31585 1
31597 2
31603 2
31674 1
31728 2
31770 1
31785 1
31848 1
32037 1
32072 1
32074 1
32106 1
32176 1
32180 1
32202 1
32264 1
32429 1
32562 1
32609 1
32635 1
32668 1
32676 2
32692 1
32713 1
32740 1
32760 2
32768 7
32790 1
32832 1
32838 4
32965 1
33117 1
33207 2
33217 1
33218 1
33284 1
33313 1
33366 1
33672 2
33702 2
33750 1
33909 1
33955 1
34065 1
34068 1
34108 1
34261 1
34364 1
34472 1
34490 1
34513 2
34542 2
34560 1
34599 2
34600 2
34618 1
34695 1
34792 1
34817 1
35093 1
35134 1
35245 1
35311 2
35479 1
35506 1
35612 1
35636 1
35741 1
35831 2
35861 1
35898 1
35904 1
35984 1
36066 1
36293 1
36462 1
36574 1
36652 1
36697 2
36832 149
36993 1
37160 1
37564 1
37616 1
37638 1
37829 2
38076 1
38284 1
38308 1
38312 1
38326 1
38375 1
38526 1
38544 1
38640 1
38752 1
38872 1
38920 1
38945 1
39265 1
39356 1
39437 1
39625 1
39740 1
39882 1
40049 1
40068 1
40218 1
40297 2
40314 1
40342 1
40427 1
40622 1
40960 7
40975 1
41067 1
41371 1
41388 2
41475 1
41577 1
41636 1
41720 1
41760 1
41787 1
41867 1
42060 2
42149 1
42235 1
42425 1
42432 1
42498 1
42500 1
42512 1
42727 1
42786 1
42920 1
42949 2
42975 1
42987 1
43088 2
43176 1
43326 1
43447 1
43637 1
43823 1
44240 1
44256 1
44263 1
44294 1
44315 1
44349 2
44436 1
44529 1
44864 1
44987 1
45035 1
45042 1
45208 1
45287 1
45308 1
45339 1
45664 1
45672 1
45717 1
45937 2
45945 2
45949 1
46248 1
46552 1
46568 1
46661 1
46796 1
46797 1
46804 1
47007 1
47116 1
47266 2
47304 1
47417 1
47473 1
47475 1
47702 3
47848 1
47861 1
47875 1
47948 1
47996 1
48040 1
48227 2
48318 1
48356 1
48516 2
48677 1
48718 2
48928 1
48992 1
48993 1
49152 13
49269 2
49365 1
49565 1
49636 1
49742 2
49760 1
49785 2
50044 1
50078 1
50166 1
50358 2
50521 1
50678 1
50952 1
51149 2
51242 1
51304 1
51467 1
51801 1
51852 1
52097 1
52400 1
52556 1
52903 2
52921 1
52922 1
53012 1
53148 1
53156 1
53238 2
53387 2
53396 1
53634 1
54071 2
54237 1
54310 1
54329 1
54668 1
54975 1
55305 1
55980 1
55996 1
56036 2
56365 1
56542 1
56624 1
57344 9
57438 1
58008 1
58101 1
58633 1
59238 2
59291 2
59463 1
59519 1
59662 1
60100 1
60178 1
60379 1
60704 1
60728 1
60762 3
60792 1
60953 1
61760 2
62340 1
62388 1
62763 2
63195 2
63323 1
63488 1
63570 1
64325 2
64432 1
64551 1
64636 1
64645 1
64870 1
64882 1
64956 1
65076 1
65536 3
66004 1
66242 1
66285 1
66406 1
66552 1
66701 1
66813 1
66837 1
66875 1
66939 1
67368 1
68036 1
68295 1
68325 1
68892 1
69023 1
69213 1
69741 1
69864 1
69894 1
69953 1
70005 1
70230 1
70493 1
70597 1
70612 1
71268 1
71734 1
71861 1
72314 1
72639 1
72651 1
72729 1
73048 1
73064 1
73728 2
73809 1
73841 1
74886 2
75184 1
75232 1
75560 2
75862 1
76120 1
76307 1
76586 1
76713 1
76785 1
77205 1
77208 1
77383 1
77546 1
77681 1
77793 1
78238 1
78752 1
78768 1
78780 1
78796 1
79457 1
79558 1
79599 1
80084 1
80095 1
80732 2
80737 2
81569 1
81920 4
81945 1
82847 1
82898 2
83067 1
84511 1
84561 1
85177 1
85816 1
85984 1
86748 1
87051 1
87140 1
87156 1
87399 1
88728 2
89349 1
90112 3
91101 1
91385 1
91935 1
91957 1
92260 1
92268 1
92332 1
92609 1
92686 1
92999 1
93816 1
94572 1
95172 1
95856 1
96031 1
97535 1
98304 1
98843 1
99320 1
99352 1
99546 1
99840 1
101188 1
101388 1
101520 1
101536 1
101718 1
101996 1
102637 1
102887 2
103651 1
104226 1
104352 1
104685 1
105097 1
106402 1
106496 2
106825 1
106920 1
107064 1
108109 1
108364 1
108384 1
109019 1
109162 2
110361 1
110436 1
111671 2
111724 2
112228 1
112304 1
113345 2
113453 1
114013 1
114688 1
114762 1
115627 1
116323 1
116409 1
116541 1
116928 1
116952 1
117368 2
117457 1
118219 1
118924 1
118940 1
120139 1
121113 1
121128 1
121176 1
122080 2
122614 1
122632 1
123720 1
126976 1
127338 2
127664 2
128070 1
128500 1
128524 1
128776 1
131072 1
133144 1
133928 1
136194 1
136688 1
137920 1
138072 1
138940 1
139264 4
140928 1
140956 1
141438 1
142260 1
145804 2
146623 1
147456 1
147966 1
149161 1
151253 1
153240 1
155101 2
155648 6
156558 2
157003 1
159342 2
163840 2
165134 1
165255 1
168303 1
168376 2
177164 1
178284 1
180362 2
180966 1
184919 2
186828 1
188416 2
189172 1
190871 1
197381 1
197488 1
198653 1
200212 1
203423 1
205409 1
209512 1
211560 1
212992 4
218253 1
221184 1
222264 1
223484 1
225890 1
225942 1
229376 1
234397 1
237568 1
242852 1
245760 2
247748 1
253952 3
254269 1
258614 1
258795 1
261225 2
262144 1
269163 1
269310 1
270850 1
274311 1
283637 1
286720 2
290568 1
294912 3
303104 2
318459 1
319488 1
325848 1
326839 1
327680 1
339783 1
344064 4
345222 1
348801 1
352256 25
355568 1
360448 8
367725 1
368640 6
376832 5
401408 1
401936 3
413962 2
425984 2
438871 1
442368 1
444767 1
450560 1
458393 1
458445 1
466331 1
474979 1
475136 1
475201 1
475254 1
488171 1
493027 1
493568 1
507904 2
516096 3
527840 2
537573 1
540672 1
553234 1
557056 2
565248 2
574012 1
581632 2
606208 1
614400 1
623669 1
638976 1
655360 1
660676 1
671744 1
679936 1
680058 1
699840 22
737280 1
746424 1
761856 1
767337 1
768808 1
770048 1
791216 1
794624 1
796398 1
818719 1
834364 1
857391 1
859343 1
868352 2
937931 1
946312 1
947217 1
947238 1
956498 1
958709 1
1036597 1
1036649 1
1048576 1
1082320 1
1119224 1
1196032 1
1286144 1
1312650 1
1364239 1
1377751 1
1433600 1
1484045 1
1499136 1
1540096 1
1564672 2
1606836 1
1613824 1
1646592 2
1662976 1
1671168 1
1687552 1
1863846 1
2039808 1
2088274 1
2105344 1
2193245 1
2263466 1
2263518 1
2359296 1
2439831 1
2549511 1
2867200 1
2908160 1
2946029 1
3014656 1
3751657 1
3765053 1
3834994 1
3855188 1
3921208 1
3947917 1
4014080 1
4083243 1
4425572 1
4487361 1
4659671 1
4701331 1
4740932 1
4882951 1
5120000 1
5221016 1
5589544 1
6419189 1
6469065 1
7962624 1
9434483 1
9485340 1
