0 65
1 1
5 2
7 1
8 3
10 1
11 2
12 3
13 13
14 6
15 7
16 11
17 22
18 110
19 38
20 58
21 86
22 82
23 68
24 43
25 40
26 89
27 45
28 28
29 25
30 41
31 30
32 17
33 8
34 22
35 17
36 3
37 12
38 8
39 1
40 3
41 2
42 3
43 3
44 6
45 1
46 2
47 5
48 21
49 36
50 71
51 106
52 156
53 149
54 226
55 206
56 270
57 175
58 214
59 151
60 115
61 110
62 106
63 75
64 70
65 64
66 46
67 59
68 39
69 30
70 22
71 33
72 12
73 8
74 7
75 7
76 5
77 8
79 8
80 2
81 1
82 2
83 2
84 2
87 1
88 3
89 1
90 4
91 4
92 4
93 2
94 2
95 4
96 5
99 12
101 9
102 3
104 4
105 3
106 8
108 3
109 4
110 2
111 7
113 2
114 1
115 1
116 1
117 5
118 2
119 2
120 3
121 3
122 2
123 1
124 1
126 5
128 3
129 1
130 4
131 1
132 2
133 2
134 4
135 2
137 1
138 1
139 1
142 2
143 1
144 1
145 2
149 1
150 1
152 1
153 2
154 2
156 6
157 17
158 22
159 43
160 36
161 30
162 37
163 34
164 25
165 12
166 15
167 4
168 5
169 2
170 3
171 1
172 2
173 3
174 4
175 3
176 3
177 3
178 1
179 1
180 1
181 2
183 1
184 3
191 2
192 14
193 73
194 4
195 3
196 1
197 1
199 1
200 2
201 1
202 1
204 2
205 2
206 1
207 24
208 1
210 3
211 1
212 4
213 2
214 1
215 2
216 1
217 2
218 8
219 1
220 1
221 9
222 4
224 1
225 1
227 2
228 3
230 6
231 2
232 19
234 1
236 1
237 4
239 4
240 2
241 4
242 1
245 2
247 1
248 8
250 1
252 3
253 1
255 1
256 4
258 2
259 1
260 7
262 2
263 3
264 5
265 1
268 2
270 1
272 13
275 5
276 5
277 1
278 3
279 2
280 4
281 9
284 13
285 11
286 1
287 2
288 1
289 7
290 4
291 3
292 3
293 7
294 8
295 1
296 7
298 1
299 2
300 2
302 4
303 2
304 2
305 5
306 4
307 1
308 2
311 1
312 7
313 1
315 1
316 3
317 3
319 2
320 5
321 1
322 8
324 2
326 2
327 5
328 12
329 2
330 2
332 3
333 1
334 3
335 1
336 2
337 4
339 1
340 6
341 2
342 1
343 1
345 1
346 3
347 5
348 7
349 1
350 2
351 1
352 7
354 3
356 1
358 1
359 1
360 2
361 2
363 1
364 4
368 3
370 1
372 5
373 2
375 2
376 9
377 3
379 1
380 2
384 1
385 3
387 3
388 3
389 1
390 1
391 1
392 4
393 2
394 1
395 1
396 5
397 6
398 1
400 3
401 2
403 3
404 1
405 1
408 4
409 1
410 1
411 3
412 9
413 3
414 4
415 5
416 6
417 4
418 9
419 11
420 9
421 12
422 8
423 9
424 9
425 3
426 8
427 8
428 7
429 6
430 7
431 3
432 4
433 4
434 5
435 2
436 6
437 7
439 2
441 1
442 2
444 9
445 3
446 1
448 2
450 2
451 1
452 2
453 1
455 2
456 18
457 1
458 5
460 6
461 2
462 1
463 2
464 1
465 1
467 1
468 1
469 1
471 4
472 5
473 11
475 4
476 1
477 3
479 4
480 4
481 4
482 4
483 2
484 4
485 2
486 1
487 3
488 5
489 1
490 2
491 1
492 2
493 3
495 2
496 3
497 5
499 3
500 2
502 1
503 4
504 3
506 1
507 3
508 4
510 2
511 3
512 440
513 2
514 1
515 6
516 8
517 1
518 5
519 2
520 2
521 1
522 1
523 2
524 2
525 2
526 4
527 4
528 6
530 5
531 7
532 7
533 1
534 11
535 3
536 10
537 3
538 8
539 3
540 6
541 9
542 7
543 7
544 7
545 11
546 14
547 5
548 12
549 15
550 13
551 11
552 9
553 8
554 11
555 8
556 11
557 4
558 7
559 8
560 8
561 4
562 13
563 4
564 6
565 3
566 3
567 4
568 5
569 9
571 4
572 2
573 4
574 2
575 2
576 1
577 5
578 5
579 8
580 6
582 3
583 1
584 4
585 4
588 1
589 164
590 3
591 3
592 6
593 8
594 4
595 1
596 2
597 5
599 1
600 6
601 5
603 1
604 8
605 1
606 1
607 2
608 7
609 2
610 1
611 5
612 4
613 3
614 2
615 4
616 1
617 3
618 2
619 2
620 7
621 1
622 23
623 2
625 5
626 2
627 1
628 9
629 3
631 3
632 8
633 3
635 5
636 5
637 4
638 5
639 3
640 8
641 3
642 6
643 1
644 1
645 4
647 4
648 3
649 3
650 4
651 6
652 4
653 4
654 2
655 6
656 4
657 10
658 5
659 4
660 6
661 3
662 6
663 1
664 2
665 2
666 2
667 4
668 1
669 5
670 1
671 1
672 11
673 5
674 1
675 5
676 7
677 2
678 9
679 9
680 2
683 9
684 8
685 1
686 5
687 5
688 6
689 2
690 4
691 5
692 4
693 3
694 1
696 2
697 3
698 3
699 6
700 11
701 6
702 4
703 5
704 22
705 2
706 4
707 7
708 6
709 2
710 7
711 3
712 8
713 4
714 7
715 5
716 10
717 3
718 3
719 3
720 3
721 6
722 3
723 1
724 4
725 5
726 2
727 5
728 7
729 1
730 5
731 3
732 9
733 3
734 6
735 2
736 4
737 7
738 4
739 3
740 9
741 1
742 3
743 4
744 7
746 3
747 5
748 8
749 5
750 3
751 4
752 5
753 5
754 3
755 2
756 9
757 4
758 8
759 3
760 8
761 9
762 4
763 10
764 2
765 6
766 1
767 1
768 7
769 2
770 2
771 3
772 1
773 4
774 5
775 5
776 4
777 4
778 3
779 5
781 2
782 5
783 6
784 3
785 5
786 7
787 2
788 2
789 3
790 2
791 7
792 5
793 2
794 2
795 3
796 5
797 3
798 4
799 5
800 6
801 2
802 5
803 6
804 1
805 3
806 3
807 8
808 9
809 1
810 5
811 1
812 9
813 2
814 4
815 4
816 4
817 6
818 5
819 1
820 12
821 10
822 5
823 3
824 6
825 7
826 5
827 4
828 5
829 5
830 4
831 1
832 4
833 4
834 2
835 9
836 6
837 3
838 6
839 2
840 4
841 6
842 3
843 1
844 1
845 4
846 8
847 7
848 4
849 2
850 2
851 1
852 6
853 1
854 1
856 3
857 2
858 4
859 4
860 2
861 4
862 1
863 2
864 12
865 3
866 1
867 9
868 13
869 3
870 6
871 4
872 8
873 2
874 5
875 3
876 4
877 5
878 2
879 3
880 5
881 2
882 2
883 9
884 3
885 3
886 1
887 6
888 6
889 6
890 4
891 2
892 5
893 2
895 6
896 2
897 2
898 2
899 4
900 2
901 3
902 6
903 8
904 4
905 9
906 5
908 4
909 7
910 3
911 7
912 6
913 4
914 4
915 3
916 10
917 2
918 3
919 2
920 2
921 4
922 4
923 8
924 8
926 4
927 5
928 6
929 1
930 2
931 4
932 4
933 1
934 1
935 9
936 1
937 3
938 2
939 3
940 3
941 4
942 5
943 6
944 6
945 7
946 3
947 4
948 7
949 4
950 5
951 6
952 10
953 2
955 1
956 3
957 3
958 2
959 2
960 3
961 1
962 7
963 10
964 5
965 14
966 2
967 6
968 4
969 1
970 7
971 3
972 1
973 3
974 4
975 1
976 4
977 5
978 2
979 1
980 13
981 3
982 1
984 3
985 2
986 1
987 3
989 1
990 2
991 2
992 4
993 1
994 2
995 3
996 1
997 5
998 8
999 7
1000 5
1001 3
1002 3
1003 4
1004 1
1005 4
1006 7
1007 8
1008 5
1009 3
1010 2
1011 4
1012 5
1013 7
1015 8
1016 6
1017 6
1018 4
1019 3
1020 2
1021 7
1022 3
1023 3
1024 144
1025 7
1026 1
1027 7
1028 4
1029 1
1030 1
1031 3
1032 4
1033 2
1034 2
1035 2
1036 7
1037 1
1038 2
1039 1
1040 8
1041 2
1043 5
1044 15
1045 3
1046 2
1047 6
1048 8
1049 4
1050 4
1051 4
1052 20
1054 8
1055 4
1056 45
1057 3
1058 3
1059 6
1060 12
1061 2
1062 5
1063 5
1064 1
1065 11
1067 4
1068 4
1069 6
1070 2
1071 2
1072 11
1073 4
1075 24
1076 6
1077 6
1078 4
1079 5
1080 5
1081 4
1082 6
1083 1
1084 8
1085 4
1086 6
1087 3
1088 59
1089 2
1090 4
1091 3
1092 10
1093 5
1094 2
1095 3
1096 1
1097 2
1098 3
1099 4
1100 5
1101 2
1102 3
1104 1
1105 5
1106 6
1107 8
1108 3
1109 5
1110 3
1111 4
1112 4
1113 3
1114 8
1115 5
1116 2
1117 4
1118 3
1119 3
1120 6
1121 5
1122 4
1123 3
1124 9
1125 5
1126 5
1127 3
1128 3
1129 7
1130 5
1132 8
1133 4
1134 3
1135 5
1136 6
1137 1
1138 5
1139 4
1140 4
1141 9
1142 3
1143 3
1144 6
1145 6
1146 10
1148 10
1149 4
1150 1
1151 6
1152 4
1154 6
1155 2
1156 4
1157 6
1158 5
1159 3
1160 1
1161 3
1162 2
1163 6
1164 10
1165 2
1166 2
1167 8
1168 2
1169 2
1170 6
1171 3
1172 3
1173 4
1174 2
1175 5
1176 5
1177 5
1178 2
1179 3
1180 3
1181 1
1182 7
1183 5
1184 6
1185 6
1186 1
1187 4
1189 8
1190 6
1191 4
1192 2
1193 4
1194 3
1195 2
1196 3
1197 2
1198 4
1199 4
1200 4
1201 5
1202 1
1203 8
1204 4
1205 4
1206 2
1207 5
1208 8
1209 6
1210 6
1211 4
1212 4
1213 4
1214 4
1215 1
1216 10
1217 4
1218 2
1219 2
1220 3
1221 2
1222 2
1223 5
1224 13
1225 7
1226 2
1227 4
1228 8
1229 4
1230 7
1231 2
1232 7
1233 6
1234 4
1235 1
1236 15
1237 1
1238 6
1239 5
1240 8
1241 7
1242 2
1243 5
1244 6
1245 4
1246 5
1247 3
1248 12
1249 3
1250 10
1251 4
1252 10
1253 7
1254 5
1255 3
1256 8
1257 2
1258 8
1259 1
1260 9
1261 5
1263 5
1264 15
1265 4
1266 6
1267 2
1268 14
1269 3
1270 4
1271 8
1272 7
1273 1
1274 6
1275 8
1276 7
1277 2
1278 3
1280 8
1281 4
1282 5
1283 3
1284 6
1285 7
1286 4
1287 3
1288 7
1289 4
1290 4
1291 4
1292 5
1293 5
1294 4
1295 5
1296 8
1297 2
1298 6
1299 2
1300 5
1301 3
1302 5
1303 4
1305 5
1306 4
1307 6
1308 7
1309 5
1310 2
1311 3
1312 5
1314 2
1315 2
1316 6
1317 6
1318 5
1319 3
1320 6
1321 6
1322 3
1323 1
1324 10
1325 4
1326 5
1327 6
1328 10
1329 5
1330 3
1331 3
1332 8
1333 2
1334 4
1335 1
1336 6
1337 5
1338 9
1339 5
1340 9
1341 1
1342 2
1343 3
1344 6
1345 1
1346 5
1347 3
1348 4
1349 1
1351 4
1352 13
1353 5
1354 5
1355 4
1356 8
1357 1
1358 3
1359 2
1360 8
1361 1
1362 4
1363 6
1364 8
1365 3
1366 7
1367 2
1368 4
1369 3
1370 3
1371 3
1372 8
1373 3
1374 6
1376 10
1377 6
1378 9
1379 5
1380 10
1381 10
1383 3
1384 3
1386 3
1387 4
1388 7
1389 10
1390 3
1391 4
1392 16
1393 3
1394 4
1395 4
1396 5
1397 5
1398 6
1399 4
1400 6
1401 6
1402 8
1403 3
1404 5
1405 9
1406 3
1407 2
1408 8
1409 1
1410 6
1411 2
1412 8
1413 1
1414 8
1415 5
1416 8
1417 8
1418 7
1419 8
1420 8
1421 5
1422 1
1423 2
1424 7
1425 1
1426 4
1427 8
1428 9
1429 7
1430 1
1431 3
1432 11
1433 3
1434 3
1435 2
1436 6
1437 3
1438 11
1439 4
1440 10
1441 4
1442 3
1443 2
1444 15
1445 5
1446 2
1447 3
1448 4
1449 6
1450 9
1451 4
1452 3
1453 3
1454 5
1455 8
1456 19
1457 2
1458 1
1459 1
1460 23
1461 4
1462 5
1463 2
1464 154
1465 3
1466 8
1467 6
1468 12
1469 3
1470 1
1471 5
1472 6
1473 7
1474 4
1475 3
1476 17
1477 3
1478 4
1479 5
1481 6
1482 7
1483 6
1484 5
1486 3
1487 2
1488 7
1489 6
1490 1
1491 2
1492 7
1493 5
1494 7
1495 7
1496 4
1497 5
1498 4
1499 8
1500 9
1501 5
1502 3
1503 6
1504 3
1505 3
1506 2
1507 1
1508 7
1509 3
1510 6
1511 10
1512 14
1513 5
1514 1
1515 17
1516 17
1517 13
1518 23
1519 6
1520 2
1521 5
1522 7
1523 2
1524 2
1525 2
1526 6
1527 6
1528 14
1529 8
1530 3
1531 3
1532 7
1533 4
1534 7
1535 6
1536 100
1537 5
1538 7
1539 2
1540 6
1541 4
1543 7
1544 6
1545 9
1546 2
1547 6
1548 2
1549 1
1550 3
1551 7
1552 7
1553 5
1554 2
1556 5
1557 5
1558 5
1559 4
1560 7
1561 3
1562 3
1563 3
1564 4
1565 6
1566 5
1567 10
1568 5
1569 9
1570 7
1571 3
1572 4
1574 1
1575 5
1576 13
1577 1
1578 4
1579 3
1580 2
1581 2
1582 3
1583 1
1584 4
1585 3
1587 5
1588 4
1589 5
1590 1
1591 3
1592 12
1593 10
1594 2
1595 2
1596 2
1597 1
1598 6
1599 3
1600 11
1601 4
1602 3
1603 6
1604 1
1605 6
1606 2
1607 2
1608 5
1609 1
1610 2
1611 1
1612 7
1613 10
1614 6
1615 5
1616 6
1617 3
1618 3
1619 1
1620 4
1621 3
1622 5
1623 3
1624 6
1625 5
1626 2
1628 6
1629 4
1630 8
1631 5
1632 2
1633 7
1634 9
1635 6
1636 11
1637 2
1638 3
1639 2
1640 5
1641 1
1642 4
1643 3
1644 12
1645 6
1646 7
1647 2
1648 9
1649 6
1650 5
1651 1
1652 5
1653 5
1654 6
1655 1
1656 7
1657 4
1658 7
1659 5
1660 5
1661 3
1662 3
1663 3
1664 13
1665 5
1666 3
1668 2
1669 2
1670 4
1671 2
1672 9
1673 4
1674 1
1675 3
1676 8
1677 5
1678 2
1679 2
1680 2
1681 1
1682 7
1683 4
1684 8
1685 6
1686 4
1687 2
1688 10
1689 1
1690 4
1691 7
1692 9
1693 4
1694 2
1695 7
1696 5
1697 2
1698 4
1699 5
1700 9
1701 8
1702 2
1703 5
1704 6
1705 5
1706 9
1707 5
1708 8
1710 4
1711 2
1712 4
1713 2
1714 4
1715 2
1716 11
1717 1
1719 2
1720 6
1721 6
1722 3
1724 9
1725 5
1727 4
1728 6
1729 3
1730 3
1731 4
1732 5
1733 2
1734 5
1735 2
1736 8
1737 3
1738 5
1739 7
1740 4
1742 10
1743 2
1744 6
1745 2
1746 1
1747 3
1748 5
1749 2
1750 3
1751 1
1752 9
1753 6
1754 4
1755 1
1756 6
1757 3
1759 5
1760 6
1761 6
1762 2
1763 9
1764 8
1765 2
1766 1
1767 1
1768 5
1769 2
1770 4
1771 4
1772 10
1773 2
1774 3
1775 2
1776 5
1777 4
1778 7
1779 3
1780 7
1782 6
1783 1
1784 10
1785 4
1786 3
1787 2
1788 7
1789 3
1790 3
1791 2
1792 3
1793 4
1794 7
1795 5
1796 7
1797 6
1798 7
1799 5
1800 13
1801 3
1802 7
1803 4
1804 11
1805 1
1806 1
1807 5
1808 14
1809 5
1810 6
1811 5
1812 9
1813 3
1814 1
1815 5
1816 18
1817 2
1819 2
1820 19
1821 3
1824 9
1825 1
1826 6
1827 1
1828 9
1829 3
1830 6
1831 6
1832 4
1833 2
1834 2
1835 4
1836 8
1837 6
1838 6
1839 3
1840 13
1841 3
1842 2
1843 5
1844 16
1845 4
1846 6
1847 1
1848 6
1849 2
1850 1
1851 4
1852 6
1853 3
1854 3
1855 8
1856 3
1857 5
1858 2
1859 5
1860 4
1861 10
1862 6
1863 2
1864 4
1865 1
1866 3
1867 2
1868 7
1869 5
1870 2
1871 3
1872 13
1873 1
1874 2
1875 4
1876 10
1877 1
1878 3
1879 2
1880 4
1881 3
1882 2
1883 2
1884 7
1885 2
1886 7
1887 3
1888 5
1889 6
1890 3
1891 5
1892 6
1893 1
1894 2
1895 5
1896 4
1897 2
1898 9
1899 3
1900 4
1901 1
1902 3
1903 5
1904 5
1906 2
1907 4
1908 11
1910 5
1911 1
1912 3
1913 1
1914 4
1915 4
1916 1
1917 8
1918 4
1919 5
1920 5
1922 4
1923 1
1924 40
1925 3
1926 4
1927 2
1928 11
1929 3
1931 4
1932 6
1933 46
1934 1
1935 1
1936 5
1937 4
1938 3
1939 1
1940 17
1941 2
1942 2
1943 1
1944 3
1945 1
1948 13
1949 5
1950 6
1951 1
1952 4
1953 3
1954 4
1955 5
1956 5
1957 3
1958 1
1959 4
1960 1
1961 2
1962 4
1963 2
1964 10
1965 3
1966 5
1967 4
1968 2
1969 4
1970 9
1971 1
1972 4
1973 3
1974 2
1975 3
1976 4
1977 1
1978 4
1979 6
1980 10
1981 1
1982 2
1984 12
1985 2
1986 4
1987 6
1988 5
1989 5
1990 5
1992 8
1993 1
1994 4
1995 4
1996 8
1997 32
1998 4
1999 3
2000 6
2001 8
2002 3
2003 2
2004 3
2005 5
2006 5
2007 1
2008 10
2009 5
2010 6
2011 2
2012 13
2013 3
2014 5
2015 3
2016 8
2017 2
2018 3
2019 2
2020 7
2021 5
2022 4
2024 8
2026 5
2027 2
2028 8
2029 3
2030 2
2031 5
2032 16
2033 2
2034 3
2035 3
2036 5
2037 5
2038 1
2040 5
2041 1
2042 2
2043 2
2044 1
2045 6
2047 4
2048 72
2049 2
2051 3
2052 7
2053 6
2054 3
2055 2
2056 2
2057 5
2059 1
2060 1
2061 5
2062 5
2063 2
2064 8
2065 1
2066 1
2067 7
2068 5
2069 8
2070 6
2071 3
2072 4
2074 2
2075 2
2076 6
2077 2
2078 6
2079 2
2080 5
2081 1
2082 1
2083 1
2084 9
2085 2
2086 3
2087 1
2088 7
2089 1
2090 4
2091 5
2092 10
2093 2
2094 4
2095 3
2096 12
2097 1
2098 3
2099 3
2100 8
2101 3
2102 3
2103 3
2104 6
2105 1
2106 2
2107 4
2108 3
2109 3
2110 5
2111 3
2112 1
2113 5
2114 1
2115 4
2116 3
2117 8
2118 2
2119 4
2120 3
2121 2
2122 9
2123 3
2124 4
2125 4
2126 2
2128 8
2129 3
2130 4
2131 4
2132 1
2133 1
2134 2
2135 3
2136 5
2137 10
2138 2
2140 6
2141 2
2143 2
2144 8
2145 3
2146 2
2147 2
2148 3
2149 5
2151 3
2152 3
2153 2
2154 3
2155 2
2156 9
2157 12
2158 4
2159 8
2160 4
2161 2
2162 1
2163 1
2164 4
2165 8
2166 3
2167 2
2168 5
2169 5
2170 2
2171 7
2172 5
2173 1
2174 1
2176 6
2178 8
2179 3
2180 1
2181 2
2182 4
2184 3
2185 3
2186 6
2187 3
2188 3
2189 4
2190 9
2192 7
2193 3
2194 1
2195 1
2196 6
2197 1
2198 4
2199 4
2200 8
2202 4
2203 4
2204 5
2205 4
2206 2
2207 4
2208 7
2209 1
2210 1
2212 12
2214 3
2215 4
2216 8
2217 3
2218 2
2219 2
2220 8
2221 5
2223 2
2224 3
2225 6
2227 4
2228 6
2229 2
2230 7
2231 3
2232 7
2233 1
2234 5
2235 1
2236 6
2237 5
2238 1
2239 2
2240 4
2241 1
2243 3
2244 6
2245 3
2246 8
2248 3
2249 1
2251 3
2252 11
2253 1
2254 1
2255 7
2256 4
2258 3
2259 1
2260 6
2262 5
2263 6
2264 5
2265 4
2266 4
2267 2
2268 3
2269 7
2270 1
2271 1
2272 6
2274 3
2275 2
2276 4
2277 2
2278 3
2279 2
2280 5
2281 3
2282 9
2283 3
2284 8
2285 3
2286 4
2287 3
2288 5
2289 1
2292 9
2293 3
2294 1
2295 2
2296 8
2297 1
2298 1
2299 4
2300 4
2302 4
2303 3
2304 9
2305 1
2306 1
2307 6
2308 6
2309 3
2310 4
2311 1
2312 1
2313 6
2314 4
2316 3
2317 2
2319 2
2320 2
2321 1
2322 1
2323 4
2324 7
2325 2
2326 2
2327 2
2328 8
2329 2
2330 1
2332 13
2333 4
2334 2
2335 2
2336 10
2337 4
2338 1
2339 3
2340 7
2342 3
2343 1
2344 4
2345 5
2346 2
2347 8
2348 1
2350 4
2351 1
2352 2
2353 4
2354 3
2356 7
2357 1
2358 2
2359 4
2360 2
2361 1
2363 1
2364 7
2365 1
2366 1
2367 2
2368 8
2369 3
2370 6
2371 3
2372 4
2373 4
2374 6
2375 4
2376 14
2377 5
2378 1
2379 1
2380 1
2381 4
2383 4
2384 2
2385 1
2387 5
2388 2
2391 4
2392 2
2393 4
2394 4
2395 4
2396 3
2397 2
2398 3
2399 6
2400 5
2401 5
2402 1
2403 8
2404 10
2405 1
2406 3
2407 2
2408 2
2409 3
2410 1
2411 6
2412 2
2413 3
2414 3
2415 1
2418 2
2419 4
2420 3
2421 3
2422 3
2423 1
2424 6
2425 3
2426 5
2428 4
2429 2
2430 2
2431 2
2432 3
2433 1
2434 2
2435 4
2436 3
2437 7
2438 2
2440 3
2441 2
2442 4
2443 2
2444 8
2446 5
2447 3
2448 6
2449 5
2450 2
2451 2
2452 7
2453 6
2454 3
2455 2
2456 6
2457 2
2458 1
2459 9
2460 5
2461 3
2462 4
2463 3
2464 3
2465 6
2466 2
2467 2
2468 6
2469 4
2470 3
2471 3
2472 1
2473 2
2474 2
2475 3
2476 5
2477 2
2478 2
2479 1
2480 5
2481 2
2482 1
2484 4
2486 1
2487 7
2488 3
2489 3
2490 6
2491 1
2492 4
2493 2
2494 3
2495 3
2496 9
2497 1
2498 4
2499 6
2500 8
2501 1
2502 1
2503 4
2504 4
2505 2
2506 1
2507 3
2508 2
2509 2
2510 2
2512 3
2513 4
2514 2
2516 5
2517 3
2518 3
2519 7
2520 2
2521 2
2522 3
2523 4
2524 2
2525 5
2526 5
2527 6
2528 4
2529 6
2530 5
2531 3
2532 9
2533 4
2534 1
2535 3
2539 1
2540 9
2541 2
2542 4
2543 1
2544 1
2545 3
2547 1
2549 1
2550 6
2551 5
2552 3
2553 3
2554 4
2555 6
2556 1
2557 2
2558 3
2559 2
2560 40
2561 5
2562 2
2564 2
2565 2
2566 2
2567 3
2568 1
2569 3
2570 1
2571 3
2572 5
2573 4
2574 1
2575 7
2576 1
2577 4
2580 3
2581 6
2583 1
2584 3
2585 1
2586 1
2587 2
2588 2
2589 4
2590 2
2591 2
2592 3
2593 1
2594 8
2595 2
2596 6
2597 4
2598 2
2599 2
2600 4
2601 3
2602 1
2603 4
2604 3
2605 6
2606 2
2607 3
2608 6
2609 2
2610 4
2611 2
2612 2
2613 4
2614 1
2615 5
2616 6
2617 3
2618 3
2620 4
2621 1
2622 4
2623 4
2624 5
2625 1
2626 1
2627 2
2628 3
2629 2
2630 3
2632 3
2633 3
2634 6
2635 7
2636 2
2637 4
2638 6
2639 3
2640 2
2641 1
2642 4
2643 6
2644 6
2645 2
2647 3
2648 4
2649 1
2651 2
2652 7
2653 5
2654 2
2655 2
2656 5
2657 2
2658 5
2659 2
2660 6
2661 1
2662 9
2663 1
2664 3
2665 2
2666 2
2667 2
2668 4
2669 2
2670 4
2671 2
2672 4
2673 3
2675 2
2676 5
2677 1
2678 2
2679 1
2680 3
2682 1
2683 2
2684 3
2685 9
2686 1
2687 1
2688 5
2689 5
2690 4
2691 1
2692 5
2695 10
2696 7
2697 2
2698 3
2699 1
2700 6
2701 3
2702 2
2703 3
2704 2
2705 4
2707 2
2708 4
2709 1
2710 5
2711 6
2712 4
2713 6
2714 1
2715 1
2716 2
2717 3
2718 2
2720 8
2721 2
2722 3
2724 2
2725 5
2726 3
2727 1
2728 3
2729 4
2730 6
2731 6
2732 4
2733 1
2734 2
2736 1
2737 5
2738 1
2739 2
2741 1
2742 5
2745 1
2746 4
2747 3
2748 3
2749 1
2750 4
2751 5
2752 2
2753 1
2754 2
2755 1
2756 3
2758 5
2759 3
2761 5
2762 4
2763 3
2764 3
2765 4
2766 5
2767 4
2768 5
2769 4
2770 4
2771 1
2772 2
2776 1
2777 2
2778 3
2779 4
2780 1
2782 1
2783 3
2785 2
2786 4
2787 4
2788 1
2790 3
2791 1
2792 2
2793 6
2795 2
2796 4
2797 1
2798 1
2799 1
2800 1
2801 6
2802 1
2803 2
2804 4
2805 2
2806 1
2807 3
2808 12
2809 3
2811 3
2812 1
2813 4
2815 3
2816 3
2817 2
2818 6
2819 3
2820 1
2821 4
2822 2
2823 1
2824 1
2825 3
2827 3
2828 2
2830 4
2831 2
2832 2
2833 4
2834 3
2836 3
2839 2
2840 5
2842 3
2843 4
2844 4
2845 2
2847 5
2848 2
2849 4
2850 1
2851 1
2852 7
2853 3
2854 2
2856 6
2857 1
2858 1
2860 5
2861 1
2862 1
2863 3
2864 1
2865 5
2867 1
2868 2
2869 5
2870 3
2871 5
2872 4
2874 2
2876 3
2877 2
2878 1
2880 4
2882 7
2883 2
2884 7
2885 2
2886 1
2887 2
2888 3
2889 6
2891 6
2892 1
2893 1
2894 3
2895 3
2896 3
2897 5
2900 6
2901 4
2902 1
2903 2
2904 2
2905 3
2906 1
2907 3
2908 1
2909 2
2910 3
2911 3
2912 4
2914 5
2915 3
2916 5
2917 3
2918 5
2919 5
2920 2
2921 5
2923 3
2924 1
2925 1
2926 1
2927 4
2928 3
2929 3
2930 2
2931 1
2932 10
2933 1
2935 3
2936 3
2937 4
2938 2
2939 5
2940 4
2941 1
2942 6
2943 2
2944 3
2945 3
2947 1
2948 2
2949 2
2950 1
2951 1
2952 3
2953 2
2954 2
2955 5
2956 3
2958 4
2959 3
2960 3
2961 5
2962 10
2963 1
2964 4
2965 2
2966 5
2967 1
2968 1
2969 4
2970 1
2971 4
2972 3
2973 4
2974 1
2976 6
2977 2
2979 1
2980 1
2982 2
2983 5
2984 1
2985 3
2986 1
2987 4
2988 3
2989 3
2990 2
2992 2
2993 3
2994 1
2995 1
2996 1
2997 3
2998 2
2999 4
3000 5
3001 3
3003 4
3004 2
3005 1
3007 3
3008 4
3010 1
3011 3
3012 2
3013 2
3014 3
3016 4
3018 1
3020 1
3021 5
3022 2
3023 2
3024 5
3025 2
3027 1
3028 5
3029 2
3031 6
3032 3
3033 3
3034 3
3035 5
3036 4
3037 2
3038 1
3039 4
3040 3
3041 1
3042 3
3044 2
3045 2
3047 7
3048 3
3049 5
3050 3
3051 4
3052 1
3054 4
3055 1
3056 4
3057 1
3058 1
3059 6
3060 1
3061 7
3063 1
3064 3
3065 1
3066 2
3067 2
3068 8
3069 3
3070 2
3071 2
3072 38
3073 7
3075 2
3076 3
3077 5
3079 3
3080 2
3081 3
3082 4
3083 2
3084 3
3086 2
3087 2
3088 5
3089 1
3090 2
3091 1
3092 4
3093 2
3094 6
3099 1
3100 6
3101 2
3102 3
3103 1
3104 9
3105 1
3106 5
3107 4
3108 7
3109 6
3110 2
3112 1
3113 3
3114 2
3115 1
3116 7
3117 2
3118 7
3119 2
3120 9
3121 3
3123 7
3124 2
3126 2
3127 1
3128 3
3129 4
3130 2
3131 1
3132 3
3133 1
3134 4
3135 1
3136 4
3137 2
3138 2
3139 1
3140 4
3141 5
3142 3
3143 4
3144 1
3145 3
3146 2
3147 3
3148 2
3150 4
3151 3
3152 1
3153 1
3154 3
3155 4
3156 6
3157 2
3158 2
3159 2
3160 2
3161 6
3162 3
3163 2
3164 2
3165 3
3166 6
3167 3
3168 6
3169 2
3170 2
3171 4
3172 2
3173 2
3174 4
3175 5
3176 3
3177 2
3178 2
3179 2
3181 3
3182 3
3183 2
3184 5
3185 2
3186 3
3187 4
3188 2
3189 1
3190 2
3192 3
3193 2
3194 1
3196 1
3198 1
3199 4
3200 7
3202 1
3203 3
3204 2
3205 1
3206 7
3207 1
3208 3
3209 2
3210 2
3212 7
3215 1
3216 2
3217 2
3219 1
3220 2
3222 1
3223 3
3224 4
3225 1
3226 2
3228 2
3229 1
3231 5
3232 5
3233 2
3234 4
3235 1
3236 2
3237 4
3238 2
3239 1
3240 4
3241 4
3243 1
3244 1
3245 4
3246 2
3247 1
3248 1
3249 7
3250 2
3251 3
3252 7
3253 3
3254 1
3255 4
3256 2
3257 1
3259 1
3260 2
3261 2
3263 3
3264 3
3267 2
3268 1
3269 5
3270 3
3271 3
3272 2
3274 3
3275 1
3276 1
3277 5
3278 1
3279 4
3280 4
3281 1
3282 6
3283 3
3284 1
3285 2
3286 2
3287 3
3288 3
3289 1
3290 4
3292 6
3293 4
3294 2
3295 4
3296 6
3297 1
3298 3
3299 1
3300 6
3301 3
3302 3
3303 1
3304 2
3305 3
3306 2
3307 4
3308 4
3309 2
3310 3
3311 2
3312 2
3313 2
3314 3
3316 3
3317 6
3318 1
3319 3
3320 2
3321 3
3322 8
3323 3
3324 1
3326 6
3327 3
3328 3
3329 4
3330 4
3331 4
3332 6
3333 1
3334 1
3335 2
3336 3
3340 3
3344 1
3345 1
3346 1
3347 1
3348 5
3350 3
3351 3
3352 2
3354 4
3355 1
3356 4
3357 6
3359 2
3360 3
3361 1
3362 1
3363 5
3364 4
3365 2
3366 3
3367 5
3368 1
3370 2
3371 2
3372 5
3373 2
3375 4
3376 4
3377 3
3379 3
3380 1
3383 2
3384 2
3385 2
3386 3
3388 3
3389 1
3390 1
3392 2
3393 1
3395 2
3396 2
3398 3
3400 5
3401 4
3404 8
3405 1
3406 1
3407 3
3408 3
3409 2
3410 1
3411 6
3412 2
3415 2
3416 3
3417 3
3418 1
3419 3
3420 2
3421 1
3422 3
3423 1
3424 3
3426 3
3427 3
3428 2
3429 4
3430 2
3431 3
3432 1
3433 5
3434 2
3436 3
3437 2
3438 2
3439 4
3440 3
3441 1
3443 1
3444 3
3446 4
3447 3
3448 3
3450 2
3451 1
3452 4
3453 2
3455 2
3456 5
3457 4
3458 1
3461 1
3465 5
3466 2
3467 1
3468 4
3469 1
3470 4
3471 1
3473 2
3474 3
3475 1
3476 3
3477 5
3478 1
3479 5
3480 1
3481 2
3482 1
3483 1
3484 2
3485 2
3487 1
3488 7
3489 2
3490 1
3491 4
3492 3
3494 3
3495 2
3496 4
3497 4
3498 2
3500 1
3502 1
3503 3
3504 2
3506 2
3507 5
3508 4
3509 2
3510 3
3511 1
3512 2
3513 1
3514 6
3515 1
3516 4
3517 2
3519 3
3520 3
3522 4
3523 5
3524 5
3525 4
3526 4
3527 1
3528 3
3529 4
3530 2
3531 1
3533 6
3535 5
3537 2
3538 3
3539 1
3540 2
3541 2
3542 1
3543 4
3544 3
3545 2
3547 2
3548 4
3549 2
3551 4
3552 2
3553 1
3554 4
3555 2
3556 2
3557 1
3558 3
3559 4
3560 7
3561 1
3563 1
3564 2
3566 2
3567 1
3568 3
3569 1
3570 2
3571 2
3572 5
3573 1
3574 1
3576 2
3578 1
3579 2
3580 2
3581 1
3582 3
3583 1
3584 40
3586 3
3587 1
3588 4
3590 3
3592 2
3593 3
3594 1
3595 6
3596 2
3598 1
3599 1
3600 11
3602 1
3603 3
3604 2
3606 2
3607 2
3608 3
3609 1
3610 3
3611 2
3612 4
3613 2
3614 1
3615 2
3616 6
3618 3
3619 2
3621 4
3622 1
3624 1
3626 2
3627 1
3628 3
3629 1
3630 2
3631 1
3632 3
3633 2
3634 1
3637 4
3638 2
3639 1
3640 6
3641 3
3643 1
3644 2
3645 1
3647 3
3648 3
3649 1
3650 4
3651 1
3652 2
3653 8
3655 1
3656 4
3658 2
3659 4
3660 3
3661 4
3663 1
3666 4
3667 3
3668 2
3670 1
3671 1
3672 4
3673 1
3675 2
3676 2
3677 2
3679 1
3680 5
3681 3
3682 3
3683 6
3684 3
3687 1
3688 2
3690 1
3691 3
3692 2
3693 2
3694 3
3696 1
3697 1
3698 2
3700 2
3702 2
3703 1
3704 1
3705 2
3706 4
3707 2
3708 1
3709 1
3710 2
3711 1
3712 6
3713 3
3714 2
3716 5
3717 1
3718 3
3719 1
3720 2
3723 2
3725 1
3727 4
3728 3
3730 1
3732 5
3736 1
3737 6
3738 2
3740 3
3741 4
3742 2
3743 1
3744 1
3745 1
3746 2
3748 1
3749 2
3750 1
3751 1
3752 1
3753 3
3754 1
3756 3
3757 2
3760 3
3761 2
3762 1
3763 5
3764 1
3765 3
3767 2
3768 4
3769 1
3770 1
3772 6
3773 1
3774 5
3775 2
3776 1
3777 4
3778 3
3779 2
3781 3
3782 2
3783 3
3784 1
3787 1
3790 2
3792 3
3793 3
3796 5
3797 1
3798 1
3799 1
3800 3
3801 3
3802 5
3804 5
3805 3
3806 3
3807 2
3808 1
3810 1
3811 2
3812 3
3813 2
3814 1
3815 1
3816 1
3818 1
3820 2
3822 4
3824 1
3825 1
3826 2
3828 5
3829 1
3830 1
3831 2
3832 2
3834 2
3835 2
3836 4
3839 2
3840 3
3842 2
3844 1
3846 3
3847 3
3848 2
3850 3
3851 1
3852 2
3853 4
3857 2
3858 2
3859 1
3860 1
3862 1
3863 3
3864 4
3865 2
3866 3
3868 2
3869 3
3871 2
3872 3
3874 1
3876 4
3877 3
3878 2
3880 4
3881 1
3882 2
3883 1
3884 4
3885 2
3886 3
3888 2
3889 2
3890 1
3892 2
3893 2
3894 1
3896 3
3897 1
3902 2
3904 1
3905 1
3906 3
3907 1
3908 7
3909 2
3910 2
3911 1
3912 3
3913 3
3914 3
3916 5
3917 1
3918 1
3919 1
3920 3
3921 4
3922 3
3923 2
3924 1
3925 4
3928 1
3930 2
3931 3
3932 3
3933 3
3934 1
3936 5
3938 1
3939 4
3940 1
3941 2
3942 3
3943 1
3944 3
3945 1
3946 2
3948 1
3951 1
3952 3
3953 2
3954 3
3955 1
3956 3
3957 5
3958 2
3959 3
3962 2
3963 2
3964 3
3967 1
3968 1
3969 1
3971 1
3973 2
3974 1
3976 3
3977 1
3978 2
3979 3
3980 1
3981 2
3982 1
3983 2
3984 3
3985 2
3986 1
3987 4
3988 5
3989 3
3990 3
3991 2
3992 4
3994 1
3995 2
3996 3
3999 3
4000 3
4001 2
4002 1
4003 2
4004 1
4005 2
4007 2
4008 1
4009 1
4010 3
4013 3
4014 3
4015 2
4016 1
4018 1
4019 1
4020 1
4021 1
4022 2
4023 1
4024 2
4025 4
4026 1
4027 3
4028 6
4029 1
4030 3
4031 3
4032 1
4035 1
4037 2
4038 3
4039 1
4040 5
4041 2
4042 2
4044 1
4049 1
4050 1
4051 2
4052 1
4053 2
4054 1
4056 1
4057 2
4058 1
4059 2
4060 3
4063 1
4064 2
4066 1
4068 3
4070 1
4073 1
4074 3
4076 3
4078 1
4079 3
4080 3
4082 2
4083 4
4084 4
4085 2
4086 2
4087 1
4088 2
4091 1
4092 2
4093 1
4094 4
4095 1
4096 57
4097 3
4098 1
4099 3
4104 2
4105 3
4107 2
4108 3
4109 2
4111 1
4112 1
4113 3
4115 1
4116 1
4117 1
4118 1
4119 2
4120 3
4122 2
4123 7
4124 7
4125 1
4126 1
4127 7
4128 3
4129 1
4131 1
4132 1
4134 11
4136 3
4137 7
4139 2
4140 3
4143 2
4144 5
4146 3
4147 5
4148 2
4149 9
4151 1
4152 6
4155 1
4156 2
4157 3
4159 7
4160 5
4162 7
4164 3
4165 3
4166 1
4167 3
4168 2
4169 3
4170 2
4172 1
4173 2
4175 1
4177 3
4178 4
4179 3
4180 3
4182 1
4183 1
4184 4
4185 1
4186 1
4187 3
4188 4
4191 2
4192 1
4193 1
4194 2
4195 2
4196 1
4197 1
4198 3
4199 1
4200 3
4201 2
4202 1
4203 3
4206 1
4207 3
4208 2
4209 1
4210 1
4212 2
4214 2
4215 1
4218 3
4219 4
4220 2
4221 2
4222 1
4223 1
4224 2
4226 4
4228 2
4229 2
4230 1
4231 1
4232 2
4234 1
4237 1
4239 2
4240 4
4241 2
4242 1
4243 3
4244 2
4245 1
4247 3
4252 3
4254 2
4256 2
4258 1
4260 3
4261 2
4262 2
4263 3
4264 2
4265 2
4267 1
4268 5
4272 2
4273 3
4274 6
4276 2
4280 3
4281 2
4282 2
4284 2
4286 2
4288 1
4289 3
4290 3
4292 2
4293 1
4295 1
4296 2
4297 3
4298 1
4299 1
4300 1
4301 4
4302 2
4303 2
4304 1
4305 1
4306 2
4310 1
4311 1
4312 1
4313 1
4314 3
4315 3
4317 2
4318 2
4320 1
4323 1
4324 2
4325 2
4326 2
4327 2
4328 4
4329 1
4330 3
4332 2
4333 1
4334 3
4336 4
4338 5
4340 1
4341 2
4342 3
4345 4
4346 1
4348 2
4351 1
4352 1
4353 3
4355 1
4359 2
4360 2
4361 2
4363 1
4364 1
4366 4
4368 1
4369 3
4372 2
4374 4
4377 2
4378 1
4379 1
4380 8
4381 4
4383 1
4384 7
4385 2
4386 3
4387 1
4388 2
4389 2
4390 3
4392 2
4394 1
4395 2
4396 6
4397 1
4398 1
4399 1
4400 3
4401 1
4402 3
4404 2
4406 1
4408 5
4410 2
4411 1
4412 1
4413 1
4416 2
4417 2
4420 2
4421 2
4422 3
4424 4
4425 1
4426 2
4427 1
4428 2
4432 1
4433 1
4434 1
4435 2
4436 8
4437 3
4438 1
4439 2
4440 3
4441 1
4443 1
4444 1
4445 2
4446 2
4447 3
4448 1
4452 5
4453 3
4454 2
4455 1
4458 2
4459 1
4460 3
4463 1
4464 2
4465 1
4466 2
4467 2
4468 4
4469 1
4470 2
4472 2
4473 2
4474 1
4476 4
4477 1
4480 1
4481 1
4482 4
4484 5
4487 2
4488 2
4490 2
4492 2
4493 2
4496 1
4498 2
4499 1
4500 3
4501 2
4503 3
4504 1
4506 2
4508 2
4509 2
4510 1
4511 2
4512 3
4513 1
4514 1
4515 2
4516 2
4519 1
4520 2
4522 3
4523 1
4524 1
4527 1
4528 4
4529 4
4530 2
4532 4
4534 2
4536 1
4537 3
4538 1
4539 1
4540 1
4541 1
4543 2
4545 6
4547 2
4549 2
4550 1
4551 2
4552 5
4553 3
4554 1
4555 1
4556 1
4558 3
4559 1
4560 2
4561 1
4565 2
4566 2
4567 3
4568 2
4571 2
4572 1
4573 1
4576 2
4577 2
4578 2
4579 1
4580 5
4581 2
4583 3
4588 2
4589 3
4592 3
4593 1
4594 3
4596 2
4598 3
4599 5
4600 4
4601 2
4602 3
4604 1
4605 1
4606 3
4608 49
4609 1
4610 2
4611 1
4612 4
4616 3
4621 4
4622 2
4623 1
4624 1
4625 2
4626 4
4628 3
4629 1
4631 1
4632 4
4633 2
4634 1
4635 1
4636 2
4640 1
4641 1
4642 1
4644 2
4646 1
4648 5
4650 1
4652 1
4653 2
4655 2
4656 1
4657 2
4659 1
4660 4
4663 1
4664 4
4665 3
4666 1
4667 2
4668 1
4669 3
4670 2
4672 1
4675 1
4676 1
4678 3
4679 2
4684 2
4686 1
4688 1
4689 1
4690 4
4691 2
4692 1
4693 2
4696 3
4697 2
4698 1
4699 1
4700 1
4701 1
4702 2
4703 4
4705 2
4709 1
4710 1
4712 2
4716 1
4717 1
4720 3
4722 1
4724 2
4726 2
4728 2
4730 3
4731 1
4732 1
4733 4
4735 1
4737 2
4739 2
4740 2
4741 2
4742 1
4743 1
4745 2
4749 1
4750 1
4751 2
4753 1
4756 1
4758 2
4759 1
4760 1
4762 2
4764 1
4765 2
4766 1
4769 1
4772 1
4775 3
4776 1
4777 2
4778 3
4780 2
4781 1
4783 2
4784 1
4785 1
4786 1
4787 1
4788 4
4789 1
4790 2
4791 2
4792 3
4793 1
4796 1
4797 1
4798 1
4800 1
4806 2
4807 2
4808 4
4810 1
4811 2
4812 4
4814 1
4815 2
4818 1
4819 1
4820 3
4821 1
4824 2
4825 1
4828 2
4829 1
4834 1
4835 2
4836 3
4837 2
4838 1
4840 1
4841 2
4842 2
4844 3
4846 1
4848 4
4849 2
4851 2
4852 3
4855 3
4856 2
4858 3
4859 1
4864 2
4865 1
4866 1
4868 1
4872 6
4874 1
4876 4
4878 5
4879 1
4880 3
4881 1
4882 2
4883 2
4884 2
4885 6
4888 1
4889 2
4891 1
4892 1
4893 1
4894 1
4896 3
4897 2
4899 1
4900 5
4902 2
4903 2
4904 1
4905 3
4906 2
4908 1
4910 1
4911 2
4912 3
4916 1
4917 2
4918 3
4919 2
4920 3
4921 1
4922 2
4923 1
4924 2
4928 3
4929 6
4930 1
4931 1
4932 1
4933 1
4934 1
4935 1
4936 3
4937 2
4938 2
4940 4
4942 2
4945 1
4946 2
4948 5
4949 2
4952 2
4956 1
4957 3
4958 1
4960 2
4961 1
4962 1
4963 1
4964 2
4965 4
4968 3
4970 1
4971 2
4972 1
4974 1
4976 3
4977 2
4978 1
4979 2
4980 2
4981 1
4982 1
4983 2
4985 3
4986 2
4987 2
4988 3
4989 1
4992 1
4993 2
4994 4
4996 1
4998 1
4999 3
5000 1
5001 2
5003 2
5004 1
5006 2
5008 2
5009 1
5011 1
5012 2
5014 1
5015 3
5016 2
5019 1
5020 4
5021 1
5024 1
5026 1
5027 2
5029 2
5030 2
5035 2
5036 3
5038 1
5040 5
5043 1
5044 1
5045 1
5046 1
5047 1
5048 6
5049 2
5051 3
5053 4
5055 1
5056 3
5057 1
5059 1
5061 1
5064 2
5065 3
5067 3
5068 2
5071 3
5072 4
5073 2
5074 1
5075 2
5076 2
5077 1
5079 2
5081 1
5082 1
5083 1
5087 1
5089 1
5090 1
5092 1
5093 2
5094 3
5095 4
5099 2
5100 2
5104 6
5105 6
5107 2
5109 1
5110 1
5112 7
5114 1
5115 1
5116 4
5117 1
5118 3
5120 52
5121 3
5123 2
5125 1
5127 2
5130 2
5131 1
5134 1
5136 2
5137 1
5138 1
5139 1
5140 1
5141 1
5144 2
5146 1
5147 2
5149 5
5153 3
5154 1
5156 5
5161 1
5162 1
5163 1
5164 1
5166 2
5167 3
5168 2
5169 4
5170 1
5172 4
5173 2
5174 1
5175 2
5180 1
5181 1
5182 2
5183 1
5184 2
5185 1
5187 1
5188 2
5191 2
5192 2
5196 3
5197 1
5199 1
5202 1
5209 1
5210 1
5212 1
5213 1
5215 2
5218 1
5219 6
5222 1
5223 2
5225 1
5227 2
5228 1
5232 1
5236 2
5237 1
5238 1
5240 1
5242 2
5243 3
5244 3
5247 2
5249 2
5250 2
5253 2
5255 1
5258 1
5260 1
5264 1
5265 2
5267 1
5268 1
5269 3
5271 1
5276 2
5278 1
5280 3
5281 3
5282 1
5284 1
5285 1
5287 3
5288 2
5292 1
5299 1
5300 2
5301 3
5302 1
5303 1
5304 2
5306 1
5308 2
5310 2
5312 2
5315 3
5317 1
5320 5
5321 2
5324 1
5326 3
5327 1
5328 1
5329 1
5330 1
5331 1
5332 1
5333 2
5334 1
5335 1
5336 3
5338 1
5340 4
5342 1
5343 5
5346 1
5348 3
5349 1
5353 1
5356 1
5357 1
5359 3
5360 1
5361 1
5364 1
5365 3
5366 1
5368 1
5369 1
5370 2
5372 4
5374 1
5376 2
5378 2
5380 2
5382 2
5384 1
5386 5
5387 3
5388 2
5389 2
5390 1
5391 5
5394 1
5395 3
5397 1
5398 2
5400 2
5402 3
5404 2
5407 4
5408 1
5409 2
5410 1
5412 1
5414 3
5416 1
5420 1
5421 1
5422 2
5424 2
5425 3
5426 4
5427 1
5428 2
5429 1
5430 3
5431 1
5433 2
5434 1
5435 1
5436 4
5437 1
5439 2
5442 1
5444 4
5445 2
5447 2
5448 1
5449 1
5451 1
5452 2
5453 3
5455 2
5457 1
5460 1
5461 1
5462 1
5463 1
5464 4
5465 1
5466 2
5468 1
5470 5
5472 7
5473 1
5474 2
5476 1
5480 3
5483 3
5484 4
5485 2
5487 2
5491 1
5492 2
5494 1
5495 1
5497 3
5498 1
5502 1
5504 1
5507 2
5508 2
5511 1
5514 2
5515 1
5521 1
5523 2
5526 2
5528 2
5534 3
5536 1
5538 1
5539 1
5540 1
5541 1
5546 2
5547 2
5554 2
5555 1
5556 1
5557 4
5560 1
5562 3
5563 1
5564 3
5567 1
5568 2
5569 1
5571 2
5573 2
5574 1
5579 1
5581 1
5583 2
5584 1
5585 1
5586 1
5587 3
5589 1
5590 2
5591 1
5599 3
5600 1
5607 2
5608 1
5610 1
5612 2
5616 1
5618 2
5620 2
5623 2
5624 2
5626 1
5627 4
5628 2
5632 56
5633 3
5634 2
5636 2
5637 1
5638 2
5640 2
5641 1
5642 1
5643 1
5644 1
5646 2
5647 2
5652 2
5653 2
5655 1
5657 1
5658 3
5659 1
5660 2
5662 2
5663 2
5666 1
5668 2
5670 1
5672 1
5673 2
5675 2
5677 3
5678 1
5679 2
5683 1
5685 3
5688 1
5689 1
5691 1
5692 2
5695 2
5696 2
5697 1
5699 1
5700 2
5701 2
5702 1
5705 2
5706 1
5707 3
5711 2
5713 1
5715 1
5716 3
5719 2
5722 2
5724 1
5725 1
5727 3
5728 4
5729 3
5731 1
5732 2
5735 2
5736 4
5740 1
5741 1
5744 1
5748 1
5750 1
5751 1
5752 1
5755 2
5757 2
5758 1
5759 1
5760 1
5761 4
5762 2
5763 2
5766 1
5767 2
5770 2
5771 1
5772 5
5773 1
5777 1
5780 1
5783 4
5786 2
5787 1
5788 3
5791 3
5792 4
5794 1
5797 2
5799 3
5800 2
5801 1
5802 2
5804 2
5805 2
5808 1
5814 1
5816 4
5817 1
5819 2
5820 2
5825 1
5828 1
5830 1
5831 1
5835 2
5837 1
5840 5
5841 2
5842 1
5843 3
5844 1
5845 1
5847 1
5848 2
5849 2
5851 1
5852 1
5853 2
5855 1
5859 1
5860 1
5861 1
5864 1
5867 1
5868 2
5869 1
5872 4
5875 2
5878 3
5879 2
5880 1
5881 6
5883 2
5884 5
5886 2
5887 2
5888 3
5889 1
5891 2
5892 3
5894 2
5899 3
5903 4
5904 1
5906 3
5909 1
5912 5
5914 1
5916 5
5920 3
5922 1
5924 2
5925 2
5927 2
5928 1
5931 2
5932 1
5935 3
5938 1
5940 1
5942 4
5943 2
5948 2
5949 1
5951 1
5953 1
5954 2
5956 6
5957 1
5958 3
5960 4
5961 2
5963 2
5964 1
5966 1
5968 2
5970 1
5972 5
5975 1
5976 2
5977 1
5980 1
5982 2
5989 2
5990 1
5992 3
5994 2
5996 2
6000 1
6001 1
6007 1
6008 1
6009 3
6010 2
6011 4
6012 2
6015 4
6019 1
6021 1
6023 1
6026 2
6028 1
6029 1
6030 1
6031 1
6036 2
6037 2
6039 3
6040 3
6043 1
6044 3
6046 2
6048 2
6050 2
6052 3
6055 1
6056 1
6057 2
6059 2
6061 1
6065 2
6068 1
6072 1
6074 1
6076 2
6080 2
6081 3
6082 1
6083 1
6084 2
6085 4
6086 1
6088 4
6090 1
6091 1
6092 2
6093 1
6096 1
6098 1
6099 2
6101 2
6103 1
6104 3
6107 1
6111 2
6112 1
6113 2
6114 1
6115 1
6116 2
6117 2
6119 1
6120 4
6122 1
6126 1
6127 1
6128 1
6129 1
6133 1
6139 2
6144 44
6146 1
6147 2
6148 4
6150 1
6152 1
6154 2
6159 1
6160 1
6165 4
6168 1
6169 1
6171 2
6173 2
6175 1
6179 1
6181 1
6182 1
6184 2
6187 4
6191 2
6196 1
6197 1
6198 1
6199 1
6217 1
6219 1
6226 1
6231 1
6233 2
6234 3
6236 2
6237 1
6238 2
6240 4
6242 2
6244 1
6248 2
6253 1
6261 1
6262 1
6263 1
6264 1
6266 1
6267 1
6268 1
6269 2
6271 2
6272 2
6273 1
6274 1
6276 1
6279 2
6280 2
6281 1
6284 1
6286 1
6287 1
6289 2
6292 1
6295 1
6296 3
6297 2
6298 2
6300 2
6302 1
6305 1
6315 1
6316 1
6317 1
6318 1
6319 2
6324 3
6325 3
6328 4
6331 2
6332 2
6335 1
6336 1
6338 1
6340 2
6343 1
6344 1
6345 1
6347 2
6352 2
6353 2
6355 4
6356 1
6357 2
6360 3
6361 2
6362 1
6363 1
6364 1
6366 2
6367 3
6368 1
6372 3
6374 1
6379 1
6388 1
6389 1
6390 1
6392 2
6394 1
6396 1
6399 2
6400 1
6405 1
6407 1
6408 1
6409 3
6412 3
6413 2
6418 3
6424 1
6428 1
6429 1
6430 1
6434 1
6437 2
6438 1
6439 1
6440 1
6443 1
6444 3
6448 1
6449 2
6450 3
6451 2
6456 3
6458 1
6463 1
6464 2
6465 2
6466 1
6476 2
6479 2
6480 1
6483 1
6484 1
6486 1
6488 2
6490 1
6491 1
6493 1
6496 1
6503 2
6504 3
6508 1
6512 2
6514 1
6515 1
6516 1
6517 1
6523 1
6524 2
6525 2
6529 2
6532 7
6537 2
6539 1
6540 5
6552 1
6554 1
6555 2
6559 2
6562 2
6563 1
6565 3
6566 2
6567 2
6568 1
6569 1
6571 3
6573 2
6581 2
6582 2
6584 1
6586 2
6587 1
6588 1
6589 2
6591 2
6592 1
6595 1
6596 1
6598 1
6599 1
6600 1
6601 1
6605 2
6607 1
6608 5
6609 2
6612 1
6613 1
6614 3
6615 2
6621 1
6624 1
6625 2
6628 1
6630 1
6632 1
6633 4
6634 2
6637 2
6640 1
6643 2
6645 1
6646 2
6647 1
6648 1
6650 2
6651 1
6654 1
6655 1
6656 45
6657 1
6658 2
6660 2
6666 1
6667 1
6668 4
6669 3
6670 1
6674 1
6675 1
6677 3
6681 3
6683 3
6684 2
6685 1
6686 1
6690 1
6693 3
6699 1
6700 3
6702 2
6703 1
6704 2
6707 1
6708 3
6709 2
6710 1
6712 1
6716 1
6717 1
6718 2
6720 1
6726 1
6728 1
6734 1
6736 2
6740 2
6743 1
6746 1
6748 1
6750 2
6755 1
6762 1
6763 2
6768 2
6771 1
6773 1
6774 3
6777 2
6780 2
6784 2
6788 1
6792 2
6794 1
6796 3
6799 2
6801 2
6803 1
6804 1
6807 1
6810 2
6812 1
6813 1
6814 1
6816 1
6819 1
6820 1
6821 1
6824 3
6825 2
6826 2
6828 1
6836 2
6838 1
6839 2
6840 3
6841 1
6844 1
6847 2
6850 1
6851 2
6852 2
6856 2
6857 1
6858 3
6862 2
6868 2
6871 1
6874 1
6877 3
6878 1
6879 1
6880 3
6881 2
6882 2
6884 1
6893 3
6894 1
6895 1
6897 1
6898 1
6900 1
6903 2
6904 2
6905 1
6906 2
6908 2
6914 1
6916 3
6924 1
6925 2
6926 1
6929 2
6930 1
6931 1
6932 1
6934 2
6936 1
6937 2
6939 2
6945 1
6946 1
6947 2
6950 2
6951 1
6959 2
6960 2
6961 2
6964 1
6970 1
6974 2
6976 1
6977 1
6980 1
6983 1
6984 3
6986 4
6988 1
6995 2
7004 1
7007 1
7008 3
7009 1
7010 1
7019 1
7020 1
7024 1
7025 1
7027 1
7028 2
7030 1
7032 1
7038 1
7039 2
7041 1
7044 4
7046 1
7048 2
7052 3
7054 1
7056 2
7059 1
7060 1
7063 3
7064 2
7068 1
7069 1
7070 1
7071 1
7074 1
7076 1
7080 1
7081 1
7082 1
7083 2
7084 4
7087 1
7088 2
7089 1
7090 1
7093 1
7095 1
7096 2
7097 1
7098 1
7100 5
7106 1
7107 2
7108 1
7110 1
7111 1
7112 1
7117 1
7118 2
7120 2
7121 1
7122 1
7124 4
7125 1
7126 2
7127 3
7128 1
7129 2
7131 2
7135 1
7137 2
7138 1
7139 2
7140 1
7145 1
7149 3
7157 1
7158 1
7160 2
7163 1
7164 1
7165 1
7168 35
7169 2
7171 3
7172 1
7173 1
7180 1
7184 1
7189 4
7190 1
7192 1
7193 1
7195 1
7197 2
7200 2
7202 1
7208 4
7209 1
7210 1
7211 1
7213 1
7221 1
7223 2
7224 1
7226 2
7228 1
7230 2
7234 1
7236 2
7240 2
7242 1
7244 1
7245 1
7246 2
7247 2
7249 2
7252 1
7254 2
7255 1
7258 1
7260 3
7262 1
7264 2
7266 2
7268 2
7269 1
7271 1
7273 3
7275 2
7276 3
7277 3
7284 1
7285 1
7288 1
7291 3
7292 1
7294 1
7295 3
7296 1
7300 1
7301 1
7302 2
7303 7
7306 1
7307 1
7312 2
7314 2
7316 1
7324 2
7326 1
7328 1
7331 1
7332 3
7335 2
7336 1
7337 1
7340 3
7341 1
7342 2
7343 2
7346 2
7348 1
7350 1
7352 1
7353 1
7354 1
7357 2
7361 1
7365 1
7366 3
7367 1
7368 3
7370 1
7371 1
7372 3
7378 1
7383 1
7384 1
7385 1
7387 2
7388 1
7391 2
7392 1
7393 2
7395 1
7396 2
7397 1
7398 1
7399 2
7402 1
7403 1
7404 1
7405 1
7407 2
7408 1
7411 2
7419 2
7420 2
7421 1
7424 2
7425 1
7428 1
7429 1
7432 1
7436 5
7437 1
7439 1
7445 1
7447 1
7448 2
7451 2
7454 2
7456 1
7459 2
7460 2
7461 1
7464 1
7468 2
7470 1
7471 2
7473 1
7474 2
7475 2
7482 2
7485 2
7487 2
7490 1
7494 2
7497 1
7500 3
7510 1
7512 1
7513 2
7514 2
7516 1
7520 3
7524 1
7525 1
7526 2
7527 1
7531 1
7532 1
7533 2
7534 2
7535 3
7536 1
7540 1
7541 1
7542 1
7551 1
7552 1
7557 1
7558 1
7560 2
7562 1
7568 1
7569 1
7571 1
7575 1
7577 2
7578 1
7579 2
7580 1
7583 1
7584 1
7586 1
7588 1
7590 1
7591 2
7596 1
7603 1
7604 1
7607 1
7612 2
7619 2
7620 1
7626 1
7628 1
7629 1
7630 1
7636 1
7639 1
7640 1
7641 1
7642 1
7644 1
7647 1
7648 1
7653 2
7659 1
7660 2
7663 1
7664 1
7666 1
7669 1
7671 1
7673 2
7677 1
7679 1
7680 28
7684 1
7685 4
7687 1
7689 1
7691 1
7695 1
7696 1
7697 1
7700 1
7702 1
7710 3
7712 1
7714 1
7716 1
7717 2
7720 1
7724 1
7726 2
7728 2
7732 1
7733 1
7735 2
7738 1
7740 1
7748 1
7750 1
7751 1
7752 1
7757 1
7758 1
7762 1
7766 1
7767 2
7774 1
7775 2
7776 1
7777 1
7780 3
7784 1
7793 1
7794 3
7795 1
7796 1
7797 3
7800 2
7801 3
7804 1
7809 1
7811 2
7816 1
7817 1
7820 1
7829 1
7830 1
7833 1
7835 1
7836 1
7839 1
7840 2
7841 1
7842 1
7848 2
7849 2
7853 1
7858 1
7859 2
7862 1
7863 1
7864 3
7868 1
7869 1
7870 2
7874 1
7875 1
7876 2
7880 2
7881 3
7886 1
7887 1
7888 2
7892 1
7900 3
7906 1
7911 1
7913 1
7915 2
7919 1
7920 2
7930 1
7931 1
7932 1
7940 1
7946 2
7948 2
7951 2
7956 1
7957 1
7964 2
7966 2
7970 3
7973 1
7974 1
7976 1
7978 1
7979 1
7980 2
7982 1
7984 1
7986 1
7987 1
7988 2
7989 3
7991 1
7993 1
7995 1
8000 3
8004 1
8006 1
8007 1
8012 2
8014 1
8019 1
8023 2
8031 1
8034 1
8036 1
8037 1
8038 1
8040 1
8042 1
8043 1
8044 3
8055 2
8059 1
8061 1
8064 3
8065 1
8070 1
8072 2
8079 3
8082 1
8084 1
8088 2
8092 1
8094 2
8096 1
8100 1
8112 3
8119 1
8120 1
8121 1
8124 1
8126 1
8127 1
8128 2
8131 1
8138 1
8141 2
8142 1
8143 1
8144 1
8145 1
8148 2
8150 1
8152 1
8155 1
8156 5
8161 1
8164 1
8170 4
8174 1
8176 1
8178 3
8179 1
8182 3
8184 2
8192 28
8193 2
8194 2
8196 2
8201 2
8202 2
8203 1
8207 1
8210 2
8212 2
8215 2
8219 1
8224 1
8225 1
8226 1
8232 1
8236 1
8237 1
8238 1
8239 1
8241 1
8242 1
8248 2
8253 1
8264 1
8269 1
8272 1
8274 1
8279 3
8281 1
8292 1
8293 1
8296 1
8297 1
8299 1
8302 2
8304 1
8309 1
8312 1
8316 1
8317 1
8319 2
8320 1
8322 1
8324 1
8326 3
8328 4
8337 1
8344 1
8346 1
8348 1
8356 1
8359 1
8360 1
8362 2
8372 3
8373 1
8379 1
8381 1
8382 1
8383 1
8384 2
8391 1
8396 1
8429 2
8433 1
8434 1
8436 1
8439 1
8440 1
8441 1
8443 1
8444 1
8445 2
8449 2
8451 1
8456 1
8463 1
8467 1
8472 1
8478 1
8480 2
8481 1
8483 3
8485 1
8488 1
8489 2
8492 2
8494 1
8500 2
8503 1
8507 1
8520 4
8521 1
8523 1
8524 3
8527 1
8528 3
8532 1
8534 5
8536 1
8538 2
8540 2
8548 1
8550 1
8552 3
8555 1
8558 1
8562 1
8563 3
8564 1
8566 1
8568 2
8569 2
8571 1
8572 1
8574 1
8575 2
8579 2
8581 1
8588 1
8589 1
8591 1
8592 1
8594 1
8599 1
8605 2
8609 1
8610 1
8614 1
8620 1
8621 3
8625 5
8628 1
8630 1
8631 2
8637 1
8642 1
8645 1
8649 1
8650 1
8652 2
8656 1
8657 1
8664 1
8665 1
8666 2
8667 1
8670 1
8672 3
8675 1
8677 1
8679 1
8684 1
8685 1
8691 1
8692 1
8696 1
8704 19
8708 2
8712 1
8714 2
8715 1
8728 2
8733 2
8737 1
8740 2
8741 3
8742 1
8746 1
8747 1
8750 1
8757 2
8763 1
8768 1
8769 1
8770 1
8771 2
8772 1
8774 1
8776 2
8778 2
8779 2
8784 1
8785 1
8788 1
8792 1
8793 1
8802 1
8804 1
8806 2
8808 1
8813 1
8816 1
8820 1
8822 1
8823 1
8828 1
8830 1
8836 1
8837 1
8840 1
8842 1
8848 2
8849 3
8850 2
8853 1
8854 2
8856 1
8857 1
8861 1
8864 2
8865 2
8866 1
8868 1
8873 1
8874 3
8878 2
8879 1
8880 1
8882 1
8884 2
8888 1
8895 1
8901 1
8902 1
8905 1
8907 1
8908 2
8919 2
8920 2
8926 1
8932 1
8934 1
8936 1
8938 1
8940 1
8941 1
8942 2
8944 1
8946 1
8948 1
8949 1
8959 1
8963 2
8965 4
8973 2
8987 2
8989 1
8990 1
8992 2
8997 1
8998 2
8999 1
9000 2
9004 1
9008 1
9012 1
9013 1
9027 1
9031 1
9034 1
9038 2
9039 1
9044 1
9046 1
9048 1
9049 1
9051 1
9053 2
9056 2
9065 3
9068 1
9070 2
9072 1
9073 1
9077 1
9080 1
9081 1
9088 2
9092 2
9109 1
9111 1
9113 1
9116 1
9121 1
9122 2
9124 2
9125 2
9128 1
9138 1
9144 1
9146 2
9149 1
9150 2
9155 1
9159 2
9160 1
9163 2
9167 1
9172 2
9175 1
9176 2
9182 2
9198 1
9199 1
9204 1
9209 1
9214 1
9216 21
9218 1
9220 2
9222 1
9224 1
9227 1
9233 1
9238 1
9241 2
9242 2
9245 1
9248 2
9254 1
9258 1
9259 1
9266 1
9267 1
9268 1
9269 1
9273 1
9276 1
9277 2
9278 1
9280 1
9284 2
9285 1
9287 1
9288 1
9293 2
9294 2
9298 1
9299 1
9300 1
9304 2
9312 1
9315 1
9320 1
9322 1
9328 1
9335 2
9340 1
9341 1
9349 1
9357 1
9363 1
9365 1
9368 2
9372 1
9374 2
9375 2
9382 1
9383 3
9384 1
9385 1
9386 1
9389 1
9396 1
9398 1
9406 1
9417 1
9420 3
9428 1
9429 2
9431 2
9432 1
9434 1
9435 1
9436 1
9445 1
9453 1
9468 2
9472 2
9475 1
9484 1
9488 2
9490 2
9495 2
9497 1
9504 3
9507 2
9515 1
9516 2
9517 1
9522 1
9524 1
9528 1
9530 1
9541 2
9555 2
9560 1
9565 1
9568 1
9569 3
9578 1
9580 1
9581 1
9582 1
9587 1
9591 1
9592 1
9593 1
9594 1
9600 1
9604 1
9607 2
9609 2
9612 2
9619 1
9620 1
9625 1
9626 1
9629 1
9632 1
9636 1
9638 1
9640 1
9646 1
9652 2
9654 1
9655 2
9658 1
9660 1
9666 2
9677 2
9678 1
9679 1
9681 1
9682 1
9686 1
9690 3
9700 1
9704 2
9710 2
9720 1
9721 1
9724 1
9728 21
9730 1
9735 1
9736 1
9742 2
9745 1
9761 1
9762 2
9764 1
9773 1
9780 1
9787 1
9792 1
9794 1
9795 1
9800 1
9801 1
9805 1
9806 2
9814 1
9817 1
9821 1
9825 1
9827 1
9828 1
9832 1
9834 2
9836 1
9839 2
9841 2
9856 1
9860 1
9866 1
9868 1
9877 2
9878 1
9883 1
9884 1
9887 2
9890 2
9892 2
9893 1
9894 2
9896 1
9897 1
9899 1
9903 2
9906 1
9907 1
9910 1
9920 1
9922 1
9926 1
9927 1
9928 2
9930 2
9932 1
9934 2
9938 2
9941 1
9943 1
9945 2
9946 2
9949 1
9950 1
9952 1
9959 1
9960 1
9961 1
9962 1
9970 1
9980 2
9984 1
9985 1
9986 2
9992 1
9993 2
9999 1
10001 1
10004 1
10007 1
10012 1
10013 1
10014 1
10018 1
10019 1
10032 1
10036 1
10037 1
10038 1
10045 1
10050 2
10053 1
10060 1
10061 1
10062 1
10069 2
10075 1
10081 1
10084 1
10087 1
10095 1
10115 1
10116 1
10124 1
10126 1
10130 2
10132 3
10136 3
10138 1
10140 2
10143 1
10144 1
10148 2
10150 1
10152 1
10153 1
10155 1
10163 1
10165 1
10168 2
10171 1
10174 1
10178 1
10180 1
10183 1
10186 1
10191 1
10197 3
10198 1
10204 3
10206 1
10208 2
10212 1
10217 2
10218 2
10220 2
10225 1
10228 1
10232 3
10235 1
10238 4
10240 15
10245 1
10247 1
10257 1
10258 4
10262 2
10264 1
10265 2
10270 2
10274 1
10277 1
10278 2
10285 1
10288 1
10291 1
10292 1
10316 1
10317 1
10320 1
10323 1
10324 2
10326 1
10331 1
10334 2
10341 2
10351 2
10355 1
10360 2
10364 1
10372 1
10378 1
10384 1
10388 1
10400 1
10403 1
10405 2
10407 1
10412 1
10416 1
10420 1
10421 1
10423 1
10425 1
10429 1
10432 2
10436 2
10438 1
10439 2
10440 1
10444 1
10448 1
10452 1
10453 1
10454 1
10458 1
10462 2
10463 1
10468 1
10469 2
10472 2
10477 1
10480 1
10493 1
10498 2
10513 2
10519 1
10520 3
10528 1
10532 1
10535 1
10536 2
10537 1
10539 1
10546 1
10554 1
10555 1
10560 1
10584 1
10588 1
10589 1
10590 1
10592 1
10600 2
10613 3
10616 1
10626 1
10629 1
10630 1
10636 1
10638 1
10641 1
10648 1
10649 1
10652 2
10656 1
10672 1
10680 1
10688 2
10689 2
10690 1
10693 1
10697 1
10703 2
10707 1
10714 1
10715 1
10716 1
10720 1
10731 1
10737 1
10747 1
10752 16
10765 2
10768 1
10771 1
10774 1
10776 1
10780 1
10783 1
10788 1
10790 1
10797 1
10802 2
10803 1
10810 1
10811 1
10812 1
10816 1
10818 1
10819 1
10824 1
10825 1
10835 1
10839 1
10856 2
10876 2
10882 1
10888 3
10889 1
10890 1
10891 1
10892 1
10901 1
10908 3
10916 1
10925 3
10927 2
10938 1
10942 1
10951 1
10952 1
10960 1
10967 1
10969 1
10972 1
10975 1
10978 2
10983 1
10985 2
10990 1
10992 1
10996 2
10997 1
11004 1
11011 2
11016 1
11022 1
11023 1
11027 1
11038 1
11048 1
11055 1
11061 1
11069 1
11071 1
11080 3
11084 1
11087 1
11092 1
11109 2
11120 1
11135 1
11136 2
11148 1
11149 1
11152 1
11153 2
11162 2
11163 1
11176 1
11178 1
11180 1
11181 1
11187 1
11197 1
11201 1
11209 1
11213 1
11220 2
11234 1
11252 1
11256 1
11257 1
11264 13
11271 1
11272 1
11274 1
11284 1
11288 1
11298 1
11299 1
11309 1
11314 1
11315 1
11329 1
11333 1
11335 1
11340 1
11351 1
11352 1
11366 1
11380 1
11381 2
11388 2
11392 1
11399 1
11418 1
11426 1
11439 1
11442 1
11451 1
11455 1
11456 1
11459 1
11460 2
11474 1
11488 1
11491 1
11496 1
11498 1
11508 2
11509 1
11511 2
11517 1
11532 1
11546 1
11551 3
11552 1
11556 3
11568 1
11580 1
11584 1
11598 1
11601 1
11611 1
11612 1
11622 1
11631 1
11636 1
11644 2
11645 1
11650 3
11655 1
11662 1
11664 1
11673 1
11677 1
11680 2
11693 1
11704 1
11708 2
11724 2
11725 2
11728 1
11737 1
11745 2
11747 2
11751 1
11754 1
11763 1
11766 1
11767 1
11776 10
11779 1
11794 1
11798 1
11801 3
11806 1
11809 1
11817 1
11819 1
11820 3
11822 1
11832 1
11837 1
11838 1
11840 1
11847 2
11852 1
11855 1
11863 2
11878 1
11889 1
11901 1
11908 1
11916 1
11917 1
11920 1
11926 1
11943 1
11949 3
11956 1
11959 1
11962 1
11966 1
11976 2
11981 1
11983 2
11984 1
11991 2
11993 2
12013 1
12016 3
12019 1
12020 1
12030 1
12032 1
12038 1
12040 1
12044 1
12053 1
12055 2
12060 3
12064 1
12067 2
12078 1
12079 1
12088 1
12093 1
12106 1
12108 1
12112 3
12125 2
12128 1
12129 1
12135 1
12137 2
12141 1
12149 1
12150 1
12151 1
12164 1
12176 1
12182 1
12185 1
12194 1
12205 1
12206 2
12207 1
12212 2
12217 1
12220 2
12232 1
12248 2
12254 2
12256 2
12267 1
12269 1
12285 1
12286 1
12288 11
12295 1
12296 1
12299 1
12304 1
12305 1
12312 1
12315 2
12325 1
12331 2
12333 1
12340 1
12346 1
12352 1
12353 1
12360 1
12368 1
12380 1
12384 1
12387 2
12393 1
12398 2
12406 2
12410 1
12414 2
12424 1
12427 1
12432 2
12433 1
12439 1
12443 1
12447 2
12448 1
12460 2
12462 1
12488 3
12489 2
12493 1
12496 2
12507 1
12512 1
12520 1
12528 4
12533 1
12536 1
12544 1
12556 1
12561 1
12574 1
12589 1
12592 1
12593 2
12606 1
12612 1
12619 1
12633 2
12644 1
12648 1
12651 1
12655 1
12668 1
12682 1
12683 2
12692 1
12695 1
12699 1
12710 1
12711 1
12712 1
12731 1
12740 2
12748 1
12760 1
12765 1
12772 1
12773 2
12775 1
12784 1
12793 1
12795 1
12797 1
12800 7
12803 2
12813 1
12824 2
12829 1
12842 1
12843 1
12856 1
12866 1
12874 2
12875 3
12877 2
12880 2
12901 1
12911 1
12919 1
12920 2
12937 1
12944 1
12949 1
12952 1
12961 2
12963 1
12973 1
12976 1
12980 3
12988 2
12991 1
13011 2
13012 2
13013 1
13017 1
13020 1
13024 1
13040 1
13044 1
13049 1
13051 4
13065 2
13085 2
13101 2
13103 2
13113 1
13130 1
13132 1
13139 1
13142 2
13144 3
13145 1
13154 1
13157 1
13160 1
13164 1
13167 1
13188 1
13200 1
13212 1
13224 1
13232 1
13237 1
13248 1
13257 1
13262 1
13263 2
13268 1
13271 1
13275 1
13286 1
13300 1
13306 1
13307 2
13308 2
13311 1
13312 12
13318 1
13319 2
13320 1
13323 1
13340 1
13344 1
13354 1
13360 1
13362 1
13404 2
13405 3
13409 1
13419 1
13428 1
13436 1
13438 1
13440 2
13447 1
13448 2
13468 1
13481 1
13489 1
13490 1
13496 1
13505 1
13508 1
13516 1
13532 1
13533 1
13542 1
13549 1
13555 1
13562 1
13565 2
13568 1
13569 1
13570 1
13574 2
13578 1
13581 1
13582 1
13584 1
13587 1
13588 1
13597 2
13600 3
13609 1
13616 1
13623 1
13627 1
13628 2
13637 2
13638 1
13641 2
13645 1
13648 1
13649 1
13655 1
13660 2
13666 2
13672 3
13678 1
13686 1
13712 1
13718 2
13745 2
13752 1
13757 1
13759 1
13760 1
13770 1
13772 1
13809 1
13813 1
13824 6
13827 1
13828 2
13829 1
13832 1
13836 1
13840 1
13844 2
13850 1
13856 1
13872 1
13883 1
13886 1
13890 2
13894 1
13910 1
13911 1
13924 1
13938 1
13971 1
13973 2
13974 1
13980 1
14010 1
14022 1
14060 1
14062 1
14070 1
14087 1
14103 1
14108 1
14110 2
14116 1
14118 2
14120 1
14124 1
14129 1
14148 1
14158 2
14164 1
14184 1
14194 1
14200 1
14204 2
14216 1
14218 1
14223 1
14233 1
14252 1
14267 1
14268 1
14275 1
14294 2
14304 1
14317 1
14328 2
14335 1
14336 4
14339 1
14345 2
14349 2
14358 1
14366 3
14368 1
14369 1
14381 1
14389 1
14404 2
14407 1
14408 1
14432 1
14459 2
14464 1
14465 1
14480 1
14502 1
14517 1
14526 1
14536 1
14539 1
14540 2
14560 2
14561 1
14564 1
14572 1
14580 1
14584 1
14588 1
14599 1
14619 1
14642 1
14652 1
14660 2
14663 1
14679 2
14691 1
14717 1
14729 1
14730 1
14734 2
14739 1
14740 1
14748 1
14751 1
14755 2
14762 1
14763 1
14764 1
14778 1
14787 1
14796 1
14798 2
14803 1
14811 2
14819 2
14836 1
14843 1
14848 7
14854 1
14862 1
14863 1
14865 1
14868 2
14875 1
14877 2
14912 1
14923 1
14952 1
14953 1
14961 2
14968 1
14984 1
14996 1
15014 1
15028 1
15032 1
15040 1
15045 1
15055 1
15059 1
15071 1
15087 1
15111 1
15128 1
15129 1
15130 1
15155 1
15164 1
15168 1
15179 2
15186 1
15188 2
15200 2
15221 1
15224 1
15241 2
15262 3
15272 2
15285 1
15305 1
15307 2
15308 1
15324 1
15332 2
15338 2
15346 1
15349 1
15360 2
15361 2
15432 1
15442 1
15451 1
15480 1
15487 1
15491 2
15495 1
15496 2
15498 1
15508 2
15510 1
15540 1
15541 2
15550 1
15551 2
15560 1
15565 1
15605 1
15619 1
15627 1
15640 1
15648 1
15652 2
15665 2
15671 1
15680 1
15687 2
15713 1
15740 1
15752 1
15755 1
15764 1
15767 1
15829 1
15834 1
15846 1
15850 1
15853 1
15854 2
15856 2
15872 3
15890 1
15900 1
15906 1
15910 1
15977 1
15990 2
16026 2
16047 3
16068 1
16076 1
16095 1
16104 1
16133 1
16137 1
16155 1
16163 1
16173 1
16178 1
16180 1
16189 1
16192 1
16204 1
16207 1
16210 1
16211 1
16233 1
16239 1
16248 1
16270 1
16290 2
16292 1
16313 1
16325 1
16353 2
16354 1
16357 1
16358 1
16369 1
16382 1
16383 1
16384 5
16400 1
16405 1
16409 1
16416 1
16440 1
16445 1
16455 1
16464 1
16467 1
16504 1
16507 1
16515 2
16520 1
16561 2
16567 2
16582 1
16590 1
16594 1
16618 1
16624 1
16652 1
16658 1
16659 1
16660 1
16669 1
16675 1
16678 1
16691 1
16704 1
16736 1
16739 4
16741 1
16744 1
16815 1
16820 2
16835 2
16837 1
16872 1
16879 1
16882 1
16896 3
16925 1
16932 1
16938 1
16940 1
16954 1
16956 1
16998 1
17000 1
17009 2
17021 1
17056 1
17068 1
17073 1
17075 1
17089 1
17096 1
17110 1
17130 2
17141 1
17163 1
17164 1
17182 2
17188 1
17225 1
17268 1
17293 1
17318 1
17373 2
17381 1
17390 1
17403 1
17404 1
17408 1
17431 1
17432 2
17438 1
17439 1
17442 1
17452 2
17454 1
17470 1
17493 2
17510 1
17553 1
17565 1
17591 1
17616 1
17624 1
17668 1
17676 1
17690 1
17698 1
17700 1
17708 1
17719 1
17762 1
17771 1
17777 2
17779 2
17808 1
17820 1
17833 1
17852 1
17871 1
17884 1
17885 1
17920 3
17934 1
17938 1
17956 1
17968 1
17969 1
17986 1
18007 1
18011 1
18022 1
18044 2
18048 1
18066 1
18096 1
18106 1
18116 1
18127 1
18142 1
18149 1
18190 1
18212 1
18233 1
18240 1
18249 2
18331 2
18344 1
18420 1
18423 1
18427 1
18432 2
18452 1
18454 1
18458 1
18481 2
18500 1
18559 1
18572 1
18576 1
18587 1
18613 2
18614 1
18623 1
18627 1
18632 1
18660 1
18665 1
18671 1
18689 1
18690 1
18692 1
18694 1
18696 1
18724 1
18730 1
18733 1
18775 1
18804 1
18806 1
18822 1
18840 1
18846 1
18848 1
18864 1
18865 1
18868 2
18877 1
18878 1
18886 1
18888 1
18917 1
18944 2
18955 1
18965 1
19015 1
19071 1
19098 1
19099 1
19104 1
19109 2
19111 2
19117 1
19120 1
19161 1
19199 1
19220 1
19244 1
19269 1
19280 2
19296 1
19297 1
19299 1
19306 1
19318 1
19329 1
19330 1
19340 1
19357 1
19367 1
19368 1
19371 1
19377 1
19379 1
19402 1
19422 1
19465 1
19489 1
19512 1
19548 2
19583 1
19588 1
19589 1
19596 1
19598 2
19615 1
19627 1
19634 1
19652 1
19662 1
19663 1
19675 1
19677 1
19697 1
19701 1
19713 2
19737 1
19738 1
19752 1
19755 1
19764 1
19765 1
19806 1
19826 1
19853 1
19860 1
19862 1
19865 1
19868 1
19896 1
19927 1
19948 1
19958 3
20001 1
20025 1
20037 2
20044 1
20079 1
20097 2
20119 1
20138 1
20142 1
20146 1
20164 1
20219 2
20226 1
20229 1
20262 1
20271 2
20285 1
20307 1
20330 1
20333 1
20334 2
20337 1
20363 1
20371 2
20391 1
20396 1
20400 1
20428 1
20437 1
20482 1
20501 1
20520 1
20540 2
20554 1
20560 1
20569 1
20625 1
20676 1
20710 1
20711 1
20712 1
20758 1
20799 1
20830 1
20832 1
20834 1
20904 1
20916 2
20924 1
20930 2
20992 1
21003 1
21012 1
21028 1
21075 2
21103 1
21106 1
21124 1
21140 1
21156 1
21160 1
21164 1
21218 1
21236 1
21247 1
21264 1
21277 1
21282 1
21285 1
21296 1
21300 1
21332 1
21402 1
21406 1
21436 1
21480 1
21488 1
21504 2
21526 1
21537 1
21539 1
21548 1
21551 1
21560 1
21601 1
21626 1
21652 1
21662 2
21664 1
21689 2
21692 1
21714 1
21744 1
21757 1
21784 1
21794 2
21796 1
21804 1
21863 1
21865 1
21876 1
21880 1
21884 1
21892 1
21909 1
21912 1
21920 1
21924 1
21930 1
21952 2
22025 1
22052 1
22064 1
22099 1
22102 1
22119 1
22142 1
22153 1
22232 1
22245 2
22264 1
22313 1
22323 1
22344 1
22383 1
22465 1
22467 1
22481 1
22496 1
22506 1
22517 1
22523 1
22535 1
22539 1
22544 1
22546 1
22552 2
22588 1
22621 1
22628 1
22640 1
22643 1
22648 1
22694 1
22732 1
22760 1
22780 1
22796 1
22875 1
22901 6
22916 1
22920 1
22936 1
22938 1
22953 1
22957 1
22970 1
22980 2
23053 1
23098 1
23104 1
23106 1
23149 1
23169 1
23187 1
23192 1
23210 1
23236 1
23248 1
23287 1
23325 1
23332 1
23346 1
23377 1
23389 1
23409 1
23417 1
23432 1
23456 1
23491 1
23497 1
23498 2
23522 1
23524 1
23547 1
23579 1
23581 1
23586 1
23589 2
23601 1
23604 1
23645 1
23648 1
23651 1
23652 1
23653 1
23663 1
23671 1
23679 1
23680 2
23684 1
23685 1
23722 1
23723 1
23731 1
23732 1
23744 2
23762 1
23773 1
23792 1
23803 2
23811 1
23826 1
23829 1
23833 2
23863 1
23894 1
23920 1
23952 1
23962 2
24015 1
24043 1
24055 1
24064 1
24070 1
24081 1
24083 1
24110 1
24121 1
24146 1
24156 2
24159 1
24187 1
24188 2
24217 1
24224 1
24240 1
24258 2
24262 1
24302 1
24324 1
24330 1
24335 1
24422 1
24435 1
24468 2
24487 1
24568 2
24586 1
24628 1
24672 1
24675 1
24687 2
24701 1
24715 1
24723 1
24748 1
24756 1
24791 1
24792 1
24796 1
24844 1
24852 1
24853 2
24855 1
24888 1
24898 1
24945 1
24962 1
25029 2
25043 1
25051 1
25063 1
25088 2
25118 1
25151 1
25194 1
25201 1
25223 1
25229 2
25247 1
25264 1
25402 1
25416 1
25428 1
25446 1
25448 1
25453 1
25458 1
25498 1
25499 3
25509 2
25519 1
25520 1
25560 1
25591 1
25616 1
25651 1
25659 1
25661 1
25665 1
25696 1
25745 1
25786 1
25871 1
25872 1
25943 1
25969 1
25979 1
26029 1
26068 1
26091 1
26112 1
26155 1
26157 1
26161 1
26203 1
26262 1
26264 1
26268 1
26311 1
26366 1
26386 1
26428 1
26452 1
26473 1
26516 1
26534 1
26557 1
26624 1
26625 1
26626 1
26700 1
26716 2
26723 1
26729 1
26734 1
26738 1
26760 1
26812 1
26872 1
26931 1
26959 1
26965 1
26992 1
27028 1
27034 2
27073 1
27091 1
27117 1
27130 1
27150 1
27151 2
27155 1
27227 1
27242 1
27248 1
27264 1
27316 1
27318 1
27348 1
27374 1
27427 1
27466 1
27573 1
27590 1
27605 1
27628 1
27667 1
27704 1
27803 1
27900 1
27923 1
27969 1
28024 1
28050 1
28057 1
28058 1
28094 1
28132 1
28156 1
28170 1
28198 1
28202 1
28210 1
28214 1
28227 1
28237 1
28265 1
28268 2
28303 1
28404 1
28456 1
28473 1
28496 1
28510 1
28522 1
28546 1
28573 1
28624 1
28689 1
28727 1
28780 1
28803 1
28884 1
28911 1
28930 1
28945 1
29006 2
29026 1
29079 1
29120 1
29155 2
29177 1
29200 1
29263 1
29365 2
29401 1
29428 1
29433 1
29570 1
29741 1
29748 1
29829 1
29865 1
29877 1
29883 1
29962 1
30072 1
30183 1
30208 1
30220 1
30236 1
30270 1
30284 1
30309 1
30318 2
30390 1
30415 1
30423 1
30519 1
30629 1
30637 1
30639 1
30679 2
30696 1
30701 1
30720 1
30741 1
30752 1
30779 1
30782 1
30783 2
30784 1
30793 1
30824 1
30901 1
30912 2
30940 1
30951 1
30962 1
30995 1
31028 2
31055 1
31072 1
31079 1
31105 1
31114 1
31163 1
31183 1
31193 1
31205 1
31209 1
31224 1
31238 1
31264 1
31389 1
31460 1
31510 1
31515 1
31551 1
31554 1
31571 1
31576 1
31634 1
31643 2
31689 1
31712 1
31719 1
31794 1
31800 1
31801 1
31812 1
31877 1
31878 1
31891 1
31948 1
31950 1
31977 1
32047 2
32066 1
32085 1
32107 1
32177 1
32195 1
32328 1
32339 1
32348 1
32414 1
32416 1
32418 1
32419 1
32428 1
32450 1
32475 1
32484 1
32509 1
32528 1
32550 1
32617 1
32768 1
32819 1
32832 1
32860 1
32917 1
32920 1
32922 1
32933 1
32958 1
32987 1
33003 1
33020 1
33036 1
33274 1
33331 1
33359 1
33411 1
33422 2
33427 1
33438 1
33490 1
33549 1
33573 1
33591 1
33637 1
33694 1
33716 1
33742 1
33745 1
33756 2
33794 1
33804 2
33821 1
33878 1
33880 1
33973 1
34062 1
34082 1
34092 1
34117 1
34147 1
34261 1
34268 1
34270 1
34280 1
34296 1
34329 1
34356 1
34375 1
34464 1
34479 1
34536 1
34554 1
34638 1
34641 2
34751 1
34772 1
34816 1
34830 1
34865 1
34877 1
34955 1
34971 1
35030 2
35087 1
35101 1
35182 1
35219 1
35249 1
35275 1
35491 1
35502 1
35506 1
35624 1
35631 1
35666 1
35732 2
35735 1
35776 1
35808 1
35855 1
35876 1
35905 1
35927 1
36048 1
36050 1
36132 2
36136 1
36194 1
36219 1
36232 1
36249 1
36332 1
36365 1
36435 1
36533 1
36555 1
36608 2
36628 1
36629 1
36681 1
36778 1
36779 1
36785 1
36813 1
36831 1
37031 1
37078 1
37115 1
37116 1
37224 1
37265 1
37353 1
37363 1
37369 1
37396 1
37445 1
37459 1
37467 1
37532 2
37579 1
37639 1
37641 1
37675 1
37727 1
37752 1
37784 1
37875 1
37911 1
37959 1
37965 1
37970 2
38124 1
38156 2
38192 1
38231 1
38265 1
38310 1
38392 1
38393 1
38419 1
38519 1
38542 1
38546 1
38570 1
38602 1
38723 1
38767 1
38777 2
38781 1
38975 2
38976 1
38987 1
39017 1
39038 1
39078 1
39100 1
39154 1
39192 1
39207 1
39254 1
39305 1
39364 1
39571 1
39620 1
39676 1
39683 1
39738 1
39820 1
39846 1
39865 1
39872 1
39873 1
40054 1
40069 1
40359 1
40385 1
40564 1
40715 1
40815 1
40867 1
40902 1
41019 1
41154 1
41177 1
41200 1
41326 1
41569 1
41583 1
41614 1
41616 1
41765 1
41827 1
41917 1
42189 2
42241 1
42247 1
42351 1
42376 2
42404 1
42512 1
42600 1
42625 1
42843 1
42854 1
42916 1
43008 1
43099 1
43111 1
43200 1
43286 1
43291 1
43310 1
43423 1
43456 1
43515 1
43516 1
43542 1
43575 1
43583 1
43760 1
43835 1
43986 1
44005 1
44052 1
44186 1
44206 1
44355 1
44422 1
44432 1
44500 2
44606 2
44608 1
44659 1
44939 2
44943 1
44946 1
45122 1
45133 1
45363 1
45372 1
45576 1
45645 2
45724 1
45727 1
45740 1
45865 1
45885 1
45931 2
45987 1
46089 1
46090 1
46104 1
46119 1
46340 1
46346 1
46471 1
46500 1
46506 1
46545 1
46547 1
46658 1
46698 1
46711 1
46898 1
47113 2
47136 1
47220 1
47259 1
47263 1
47398 1
47445 1
47460 1
47570 1
47578 1
47611 1
47615 1
47786 1
47826 1
48039 1
48063 1
48111 1
48150 1
48241 1
48284 1
48318 1
48458 1
48480 1
48485 1
48509 1
48560 1
48650 1
48667 1
48679 1
48681 1
48703 1
48724 1
48741 1
48835 1
48838 1
48895 1
48927 1
48956 1
48986 1
48996 1
49101 1
49107 1
49117 1
49122 1
49123 1
49146 1
49176 1
49179 1
49267 1
49417 1
49472 1
49477 1
49517 1
49559 1
49607 1
49640 1
49664 1
49699 1
49701 1
49744 1
49805 1
49882 1
49930 1
49938 1
50013 1
50059 1
50076 1
50093 1
50112 1
50119 1
50136 1
50139 1
50186 1
50249 1
50259 1
50288 1
50315 1
50337 1
50347 1
50348 1
50382 1
50383 1
50384 1
50393 1
50398 1
50419 1
50450 1
50491 1
50496 1
50499 1
50540 1
50574 1
50579 1
50659 1
50679 1
50705 1
50742 1
50752 1
50759 1
50806 1
50808 1
50831 1
50858 1
50912 1
50927 1
50981 1
50990 1
50995 1
51012 1
51075 1
51079 1
51154 1
51167 1
51176 1
51246 1
51273 1
51491 1
51502 1
51601 1
51614 1
51713 1
51808 2
51822 1
51997 1
52032 1
52036 2
52051 1
52289 1
52314 1
52342 1
52440 1
52493 1
52507 1
52552 2
52566 1
52634 1
52925 1
53106 1
53217 1
53462 1
53726 1
53731 2
53860 1
53865 1
53981 1
54045 1
54063 1
54072 2
54326 1
54459 1
54602 1
54638 1
54720 1
54791 1
55025 1
55105 1
55160 1
55182 1
55202 1
55512 1
55630 1
55674 1
55845 1
55853 1
55876 1
55937 1
56242 1
56308 1
56413 1
56743 1
56884 1
56888 1
57025 1
57163 1
57314 1
57540 3
57606 1
57721 2
57750 1
57772 1
57781 1
58031 1
58337 2
58397 2
58455 1
58750 1
58803 1
58877 3
58924 1
58970 1
59436 1
59571 1
59630 1
59720 2
59731 1
60241 1
60370 1
60527 2
60537 1
60625 1
60631 2
60720 1
60932 1
61593 1
61991 1
62184 1
62467 1
62624 1
62841 1
63057 1
63279 1
63285 1
63408 1
63677 1
63710 1
63756 1
63761 2
63946 1
64083 1
64205 2
64365 1
64684 1
64760 1
64767 1
64824 1
64922 1
64962 1
65079 1
65326 1
65329 1
65353 1
65615 1
65877 1
66094 1
66678 1
66935 1
66967 1
67023 1
67154 1
67215 1
67305 1
67817 1
68649 1
68895 1
69122 2
69338 1
69744 1
69807 1
69817 1
69868 1
69894 1
70304 1
70317 2
70324 1
70824 1
71002 1
71034 1
71066 1
71100 1
71116 1
71159 1
71202 1
71252 1
71922 1
72008 1
72020 1
72192 1
72237 1
72300 1
72354 1
72834 1
72960 1
73179 1
73257 1
73280 1
73398 1
73419 2
73420 1
73593 1
73622 1
74282 1
74408 1
74549 1
74686 1
74729 1
74750 1
74892 1
75363 1
75454 1
75625 1
76217 2
76235 1
76828 2
76905 1
77354 1
77510 1
77800 1
77812 1
77818 1
77888 1
77977 1
78322 1
78369 1
78519 2
78522 1
78680 1
78771 1
78826 1
78848 1
78972 1
79316 1
79390 1
79651 1
79818 1
79886 1
79908 1
80025 1
80324 1
80470 1
80541 1
80598 1
80645 1
80885 1
81888 1
82239 1
82520 1
82602 1
82709 1
82792 1
82944 1
83001 1
83195 1
83379 1
83404 1
83588 1
83677 1
84028 1
84122 1
84801 1
84808 1
85117 1
85317 1
85575 1
85804 1
85867 1
85909 1
86517 1
86644 1
87136 1
87510 1
88002 1
88011 1
88059 1
88137 1
88383 1
88968 1
89469 1
89519 2
89856 1
90566 1
90730 1
90821 1
91485 1
91602 1
91676 2
92089 1
92580 1
93295 1
93771 1
94205 1
94824 1
95164 1
95796 1
96250 1
96987 1
97281 1
97402 1
97891 1
98097 1
98801 1
99038 1
99177 1
99256 1
99269 4
99659 1
99930 2
99945 1
100355 1
100520 1
101049 1
101398 1
101670 1
101775 1
102330 1
103048 1
103872 1
103906 1
104076 1
104468 1
106299 1
108302 1
108375 2
109170 1
110704 1
111875 1
112186 1
114720 1
115394 1
115749 1
117664 1
118057 1
118994 1
119972 1
120348 1
122124 1
123018 1
123109 2
123904 1
125201 1
126064 1
126868 1
129260 1
130812 1
133148 1
133191 1
134320 1
139616 1
142289 1
143792 1
146078 1
146299 1
150502 1
151458 1
151480 1
152846 1
153148 1
156150 1
158200 1
161257 1
164355 1
169041 1
172199 1
178363 1
178518 1
180799 1
186629 1
192063 1
192601 1
193904 1
200000 2
201632 1
203207 1
211117 1
217394 1
224441 1
225356 1
225849 1
225947 1
237276 1
237586 1
241666 1
242081 1
246784 1
249611 1
249790 1
252934 1
283514 1
285969 1
288309 2
292035 1
303089 1
304054 1
304764 1
321489 1
323584 1
328336 1
340340 1
347082 1
358679 1
370099 1
412931 1
420356 1
430421 1
468724 1
473656 1
500860 1
550077 1
561744 1
565615 1
595516 1
608144 1
642048 1
652958 1
661739 1
974848 1
991232 2
999168 1
1054607 1
1219820 1
1941632 1
2560032 1
