0 18
1 2
6 1
7 2
8 6
10 3
11 7
12 6
13 8
14 9
15 13
16 13
17 8
18 7
19 10
20 20
21 12
22 15
23 7
24 3
25 8
26 5
27 3
28 3
29 7
30 1
31 1
32 5
33 6
34 2
35 8
36 6
37 4
38 2
39 6
40 1
41 5
42 4
43 3
44 5
45 7
46 4
47 15
48 14
49 7
50 15
51 27
52 32
53 24
54 17
55 13
56 11
57 13
58 17
59 19
60 10
61 23
62 15
63 12
64 18
65 13
66 11
67 11
68 15
69 8
70 13
71 10
72 14
73 27
74 17
75 11
76 13
77 25
78 30
79 30
80 21
81 17
82 14
83 19
84 35
85 30
86 17
87 12
88 14
89 5
90 8
91 7
92 7
93 16
94 1
95 4
96 5
97 3
98 5
99 7
100 8
101 5
102 5
103 3
104 9
105 1
106 2
107 3
108 1
109 2
110 4
111 7
112 1
113 2
114 6
115 8
117 2
118 1
119 1
121 5
122 3
123 11
124 2
125 1
126 2
127 6
128 3
129 3
130 3
131 4
132 4
133 1
134 2
135 3
137 3
138 3
139 3
140 3
141 7
142 3
143 3
144 2
145 1
146 2
147 2
149 2
150 2
151 6
152 5
153 7
155 2
156 8
157 2
158 2
159 2
160 1
161 1
162 1
163 3
164 3
165 2
166 2
167 5
168 1
169 1
171 1
172 4
173 1
174 3
175 2
176 1
177 3
178 4
179 3
180 1
181 3
182 4
183 1
184 14
185 2
186 1
187 3
189 1
190 4
191 3
192 9
193 5
195 3
198 2
199 3
200 1
201 2
202 2
203 4
204 1
206 2
207 4
208 3
210 2
211 3
212 2
213 2
214 2
215 8
217 3
218 9
219 4
221 7
222 1
224 1
226 1
227 1
230 1
231 1
233 2
234 10
235 6
236 1
237 7
238 2
240 11
241 1
242 2
243 10
246 16
247 3
248 1
249 16
250 1
251 2
252 10
253 2
254 3
255 10
256 13
257 1
258 4
259 3
261 2
262 2
263 1
264 1
267 4
268 4
269 2
270 1
271 2
272 6
273 1
274 4
275 21
276 3
278 21
279 1
280 3
281 26
282 1
284 12
285 1
286 3
287 6
288 3
290 8
291 3
292 1
293 6
295 1
296 1
297 1
298 3
299 2
300 2
301 1
302 1
303 2
304 1
307 2
308 1
309 1
310 7
311 1
313 2
314 2
315 2
316 1
318 1
319 3
320 4
321 1
322 5
323 1
324 2
326 3
327 2
328 7
330 2
331 2
332 4
336 3
337 3
342 3
344 1
345 2
346 5
347 3
348 2
350 6
351 2
352 1
353 1
354 1
355 1
356 2
357 4
360 3
361 1
362 1
363 1
365 1
366 1
367 2
368 3
369 1
370 1
372 2
373 3
374 1
376 2
377 2
378 2
379 1
380 1
381 3
382 3
384 1
387 6
388 1
389 2
391 1
392 8
393 1
394 1
395 4
396 4
397 2
398 1
399 1
400 4
401 4
402 1
403 3
404 3
405 2
406 1
407 4
410 1
413 1
415 1
417 2
419 1
421 2
422 1
423 4
424 1
426 1
427 1
428 2
429 1
430 2
434 1
435 5
436 1
438 3
439 1
441 1
442 4
443 2
446 3
447 1
450 1
454 2
455 2
456 3
459 1
460 4
461 1
462 1
465 1
467 1
469 1
470 2
471 2
473 1
474 1
476 3
477 1
478 1
479 1
481 1
482 2
484 2
485 2
486 1
488 1
489 1
490 2
491 2
492 2
493 3
494 3
498 1
500 3
502 2
503 1
504 1
505 2
506 2
507 1
510 1
511 1
512 240
513 3
516 3
519 1
520 2
521 5
522 3
523 5
524 6
525 1
527 9
528 1
530 15
532 3
533 7
534 1
535 1
536 9
537 1
538 1
539 1
540 1
541 3
542 3
544 1
545 2
546 1
548 2
549 3
551 1
552 1
554 3
556 1
557 1
558 1
559 2
560 3
562 3
563 1
564 2
565 1
568 1
570 1
573 2
575 3
577 2
578 3
579 1
581 8
584 2
587 1
589 2
590 1
591 1
598 1
600 1
601 1
602 2
604 2
605 3
606 1
610 2
613 3
614 1
615 1
616 3
618 1
619 1
620 1
621 1
622 1
624 1
625 2
626 3
628 1
629 1
630 3
631 1
635 1
636 2
639 2
642 1
644 1
645 1
646 1
647 1
653 2
654 2
657 2
659 1
660 1
661 2
662 1
664 3
667 2
671 1
673 1
678 3
680 3
681 2
683 1
685 1
686 1
688 2
689 1
692 1
693 1
694 1
698 1
699 1
701 1
702 1
703 1
704 1
705 1
706 1
707 2
709 1
711 1
712 2
713 2
716 2
718 1
719 1
720 1
721 1
722 6
723 1
724 1
728 1
732 1
733 1
734 4
735 1
737 1
739 1
741 4
743 1
748 1
750 1
752 3
753 1
754 2
757 1
758 2
760 1
762 3
766 1
767 2
768 4
770 1
773 1
775 1
776 1
778 1
779 1
780 2
783 1
784 2
789 3
791 1
793 1
796 1
797 1
798 2
799 1
800 2
801 1
802 1
804 1
806 1
808 1
811 1
812 4
814 1
815 2
818 1
821 1
823 1
824 3
825 2
826 2
827 2
828 1
829 4
830 3
831 2
833 2
836 4
840 1
841 1
843 1
844 1
845 1
847 1
848 1
850 1
851 2
852 4
854 1
856 8
857 1
859 2
860 1
861 1
862 1
863 1
864 1
865 2
868 3
870 1
871 1
872 1
873 1
874 1
876 2
878 1
879 1
880 3
881 1
882 1
884 4
887 1
890 1
891 1
892 2
894 3
895 2
896 2
901 1
902 1
903 1
908 3
912 2
913 2
914 3
917 1
918 1
919 3
920 1
927 1
928 1
929 2
930 1
932 1
933 1
934 2
936 3
937 2
938 1
939 1
940 3
943 1
944 2
948 1
950 1
952 1
953 1
954 2
955 1
956 3
957 1
963 1
964 2
966 1
967 2
968 3
969 3
971 3
972 2
973 2
974 1
975 1
976 2
977 3
978 1
979 3
980 2
981 1
983 3
984 3
985 1
987 3
989 2
991 2
992 4
993 1
994 3
996 4
998 1
1001 1
1004 1
1005 1
1007 1
1009 1
1010 1
1012 4
1014 1
1015 1
1016 5
1017 1
1018 1
1020 5
1023 1
1024 36
1032 1
1034 2
1035 1
1040 5
1042 2
1043 2
1044 4
1045 1
1046 1
1048 3
1050 1
1051 3
1054 2
1058 1
1059 3
1060 3
1062 3
1064 2
1065 1
1066 1
1067 4
1068 5
1070 1
1072 1
1074 2
1075 22
1076 2
1080 1
1081 1
1082 3
1087 1
1088 104
1090 2
1091 3
1092 4
1094 1
1095 1
1096 3
1097 1
1098 1
1099 1
1100 2
1101 1
1108 7
1114 1
1115 1
1116 1
1122 1
1123 1
1124 4
1127 1
1128 3
1130 1
1132 2
1133 1
1135 1
1140 1
1142 1
1144 2
1145 1
1148 1
1149 2
1150 1
1152 5
1154 1
1155 1
1156 3
1157 1
1158 1
1160 4
1163 1
1167 1
1170 2
1172 1
1174 1
1177 1
1179 1
1180 3
1182 2
1184 4
1186 1
1187 5
1188 2
1191 1
1192 2
1196 2
1199 1
1201 2
1205 1
1207 1
1208 6
1209 3
1211 1
1212 1
1214 1
1216 1
1219 1
1220 5
1224 1
1225 1
1228 2
1231 1
1232 2
1233 1
1236 2
1241 1
1243 1
1247 2
1252 3
1264 2
1268 5
1270 1
1273 1
1275 1
1277 1
1280 1
1281 1
1282 1
1285 1
1290 1
1295 1
1296 2
1298 1
1300 2
1301 2
1302 1
1308 1
1309 1
1311 2
1312 1
1316 4
1320 2
1323 1
1324 1
1325 1
1328 1
1332 1
1334 1
1340 3
1342 1
1345 1
1347 1
1348 1
1349 1
1352 2
1353 1
1354 2
1356 2
1357 1
1359 1
1360 3
1361 1
1362 1
1364 4
1368 3
1369 1
1371 1
1372 1
1375 3
1376 1
1378 2
1379 1
1380 2
1386 2
1387 1
1390 1
1392 2
1393 1
1396 1
1400 2
1403 1
1408 1
1409 1
1410 1
1412 1
1416 6
1417 1
1420 2
1424 1
1425 1
1428 5
1429 1
1432 2
1433 1
1439 1
1440 1
1444 3
1446 2
1448 1
1452 4
1453 1
1458 9
1459 1
1461 2
1464 3
1468 3
1469 1
1472 3
1474 1
1475 2
1482 1
1484 2
1485 1
1486 3
1488 4
1492 1
1493 2
1500 5
1502 1
1504 3
1508 3
1512 13
1513 4
1515 8
1516 11
1517 7
1518 13
1519 6
1536 26
1541 1
1544 1
1547 1
1548 2
1550 1
1552 2
1554 1
1556 2
1559 1
1560 5
1561 1
1568 2
1571 2
1572 6
1576 2
1579 1
1580 1
1583 2
1585 2
1587 2
1588 5
1591 1
1592 2
1594 2
1596 2
1599 1
1602 1
1603 1
1608 1
1611 1
1612 1
1614 1
1616 1
1619 2
1620 3
1621 1
1623 1
1624 5
1631 1
1632 1
1633 1
1640 1
1642 1
1643 1
1644 2
1648 4
1651 1
1652 1
1655 1
1656 1
1658 3
1660 2
1664 5
1666 1
1667 1
1668 4
1670 1
1672 3
1674 1
1678 1
1679 1
1684 2
1688 4
1689 1
1690 1
1692 2
1695 1
1696 1
1704 1
1705 1
1708 1
1710 1
1711 2
1712 1
1720 3
1724 3
1730 2
1731 1
1732 3
1733 1
1734 2
1736 3
1740 2
1741 2
1745 2
1748 1
1749 2
1753 3
1756 3
1757 1
1759 2
1763 1
1764 1
1765 1
1768 1
1772 1
1774 1
1776 2
1779 1
1780 6
1782 1
1785 1
1787 2
1790 3
1792 4
1795 1
1796 2
1800 1
1802 1
1805 1
1806 1
1808 2
1811 1
1812 1
1815 2
1816 2
1817 2
1820 2
1821 1
1823 1
1828 2
1830 1
1832 1
1836 3
1840 1
1843 1
1844 2
1848 1
1850 1
1852 2
1853 1
1856 3
1857 1
1860 1
1866 1
1867 1
1868 1
1871 1
1875 1
1876 1
1879 1
1880 5
1883 2
1884 1
1886 2
1888 2
1889 2
1892 2
1896 2
1901 2
1904 1
1908 2
1911 2
1912 1
1915 1
1916 1
1918 1
1919 1
1928 2
1930 1
1936 2
1939 3
1940 2
1948 2
1952 2
1953 2
1956 2
1959 1
1965 1
1967 1
1968 1
1971 1
1973 1
1976 2
1980 2
1985 1
1988 2
1991 1
1993 1
1995 1
1996 2
1999 1
2000 2
2008 2
2010 1
2013 1
2014 1
2016 2
2019 2
2027 1
2028 1
2032 1
2034 2
2036 3
2040 8
2043 1
2048 3
2050 1
2052 1
2054 1
2056 1
2060 1
2063 1
2064 1
2065 1
2066 2
2067 1
2068 2
2072 2
2075 1
2076 3
2080 1
2086 2
2092 1
2096 1
2098 3
2104 1
2106 2
2107 1
2108 3
2110 2
2112 2
2114 1
2115 2
2116 2
2120 1
2126 2
2127 1
2130 1
2131 1
2132 1
2136 2
2138 1
2142 2
2148 1
2149 1
2152 1
2160 2
2168 2
2172 1
2174 1
2178 1
2180 1
2186 1
2188 1
2191 2
2193 1
2194 1
2196 1
2199 1
2201 1
2202 2
2203 1
2204 2
2207 1
2214 1
2216 2
2218 1
2222 3
2225 1
2228 1
2229 1
2232 2
2236 2
2239 1
2241 1
2248 3
2252 2
2257 2
2266 1
2271 1
2272 2
2276 3
2278 2
2287 1
2288 1
2292 7
2294 1
2296 1
2298 1
2306 1
2309 2
2315 1
2316 3
2317 1
2319 1
2320 1
2323 2
2325 1
2328 1
2332 1
2337 1
2343 1
2344 1
2348 1
2349 1
2350 1
2351 1
2352 1
2353 1
2355 2
2359 1
2365 1
2372 1
2373 1
2375 1
2376 1
2379 1
2387 1
2389 1
2391 1
2396 1
2397 1
2400 11
2403 1
2404 2
2424 1
2427 1
2429 1
2435 1
2448 1
2450 1
2455 2
2459 1
2463 1
2465 1
2467 1
2471 1
2474 1
2475 1
2476 3
2480 1
2488 1
2499 8
2500 1
2503 2
2504 6
2508 3
2509 1
2511 1
2514 1
2520 2
2523 4
2524 1
2526 1
2528 1
2537 1
2540 1
2541 1
2542 1
2543 1
2544 1
2545 1
2556 1
2559 1
2560 5
2567 1
2572 2
2573 1
2577 3
2579 1
2581 2
2582 1
2583 1
2585 2
2592 1
2598 2
2608 1
2615 1
2619 1
2624 1
2628 2
2637 1
2638 1
2641 2
2656 1
2660 1
2664 1
2671 1
2674 1
2676 1
2677 1
2697 2
2700 1
2710 1
2716 1
2720 1
2736 1
2737 1
2739 1
2741 1
2744 1
2752 1
2756 1
2761 1
2763 1
2771 1
2772 3
2781 2
2794 1
2798 1
2800 1
2804 1
2814 1
2816 1
2820 1
2823 1
2826 1
2831 3
2838 1
2850 1
2852 1
2857 1
2867 1
2871 1
2875 2
2878 1
2881 1
2908 2
2910 2
2911 3
2912 1
2913 4
2914 1
2915 2
2917 3
2921 1
2925 1
2936 1
2937 1
2944 1
2946 1
2947 1
2953 1
2956 1
2965 1
2975 2
2989 1
2997 1
3000 2
3009 1
3011 1
3023 1
3030 1
3032 1
3045 1
3048 21
3049 1
3066 2
3067 1
3068 1
3076 1
3079 1
3084 2
3086 1
3087 1
3088 1
3092 1
3093 1
3098 2
3099 1
3100 1
3104 1
3106 3
3107 4
3108 2
3109 2
3110 1
3112 1
3113 1
3116 2
3117 5
3118 4
3119 1
3120 1
3121 2
3123 3
3124 2
3127 1
3128 2
3131 2
3135 3
3136 4
3139 2
3142 1
3143 1
3144 1
3145 1
3146 1
3147 2
3148 1
3149 1
3150 1
3153 3
3154 5
3156 3
3157 3
3158 2
3159 1
3160 2
3161 1
3164 1
3165 4
3166 2
3168 1
3169 1
3171 2
3173 4
3174 1
3175 1
3178 1
3179 1
3180 2
3182 3
3184 2
3186 1
3187 1
3190 2
3192 2
3201 1
3202 1
3208 1
3220 1
3239 1
3240 7
3251 1
3256 1
3259 1
3264 1
3280 1
3298 1
3301 1
3304 1
3306 1
3319 1
3334 1
3336 2
3337 1
3338 1
3343 2
3345 1
3353 1
3357 1
3369 1
3370 1
3406 1
3419 1
3431 1
3440 2
3447 1
3452 1
3454 1
3485 1
3496 7
3508 1
3509 1
3513 1
3516 1
3519 1
3520 1
3525 1
3532 2
3550 1
3551 1
3554 1
3556 2
3557 1
3565 1
3584 14
3594 1
3597 1
3598 1
3607 1
3614 1
3618 1
3619 1
3623 1
3630 2
3641 1
3652 1
3664 1
3667 1
3670 1
3671 1
3673 2
3674 1
3675 1
3676 1
3677 1
3679 2
3680 1
3682 1
3683 1
3685 3
3687 3
3688 3
3689 2
3690 2
3691 6
3692 1
3693 5
3694 3
3695 1
3696 3
3697 4
3698 1
3699 1
3700 2
3701 3
3703 1
3704 3
3705 3
3707 1
3709 1
3712 2
3717 1
3721 1
3724 1
3728 1
3730 2
3734 1
3735 1
3739 1
3758 1
3765 1
3766 1
3777 1
3781 1
3783 1
3785 1
3792 1
3795 1
3798 1
3803 1
3814 1
3824 1
3826 1
3844 1
3866 1
3867 1
3876 1
3878 1
3881 2
3882 2
3883 2
3886 1
3896 1
3898 1
3902 1
3908 1
3909 1
3913 1
3917 1
3918 1
3922 1
3928 1
3932 1
3941 1
3956 1
3958 1
3959 1
3960 1
3967 2
3971 1
3973 1
3983 1
3987 1
3994 1
3999 1
4000 1
4001 1
4005 1
4015 2
4019 1
4025 1
4028 1
4059 2
4064 1
4067 1
4079 2
4084 1
4085 1
4089 2
4093 1
4094 1
4096 4
4102 1
4105 2
4112 1
4132 1
4133 1
4140 1
4159 1
4164 2
4185 1
4187 1
4201 1
4206 1
4217 1
4229 1
4233 1
4239 1
4249 2
4253 1
4264 1
4289 1
4290 1
4302 1
4309 1
4310 1
4312 1
4324 2
4327 1
4332 1
4334 2
4341 1
4369 1
4373 1
4394 1
4395 1
4396 1
4409 1
4414 1
4424 1
4425 1
4467 2
4489 1
4501 2
4524 1
4532 1
4544 1
4552 1
4566 1
4568 2
4606 1
4608 6
4620 2
4622 1
4628 1
4629 1
4632 1
4636 1
4638 1
4639 1
4648 1
4669 1
4684 1
4693 1
4694 1
4696 1
4718 1
4720 1
4726 1
4729 1
4730 2
4741 1
4745 1
4761 1
4782 1
4823 2
4831 1
4832 1
4844 1
4851 1
4853 2
4866 1
4868 2
4872 1
4882 1
4890 2
4910 1
4916 2
4927 2
4928 2
4933 1
4934 1
4935 1
4964 2
4965 1
4974 1
4987 1
4992 2
5009 1
5024 1
5029 1
5039 1
5048 2
5051 1
5064 1
5070 1
5077 2
5081 1
5091 1
5093 1
5095 1
5112 1
5123 1
5140 1
5148 1
5165 1
5194 1
5197 1
5200 1
5206 1
5214 1
5216 1
5228 2
5230 1
5241 1
5243 1
5249 1
5254 1
5261 3
5264 1
5268 1
5282 1
5293 1
5295 1
5312 1
5330 1
5340 1
5343 1
5388 1
5389 1
5392 1
5393 1
5394 1
5396 1
5402 5
5414 1
5422 1
5424 1
5436 3
5444 1
5452 2
5455 2
5464 2
5468 1
5470 1
5476 1
5484 2
5485 1
5512 1
5520 1
5544 1
5560 2
5584 1
5588 1
5596 1
5600 1
5628 2
5632 2
5648 1
5672 2
5676 1
5686 1
5687 1
5708 1
5716 1
5720 1
5728 4
5732 2
5736 1
5767 1
5768 1
5772 1
5778 1
5784 1
5792 1
5800 1
5804 1
5812 1
5813 1
5816 1
5820 2
5824 4
5828 1
5832 1
5844 1
5846 1
5852 1
5876 2
5880 1
5885 1
5891 1
5908 1
5911 1
5912 1
5913 1
5916 1
5925 1
5932 2
5944 1
5948 1
5966 1
5967 1
5969 1
5984 1
5990 1
6000 2
6003 1
6006 1
6020 3
6021 3
6035 1
6036 1
6056 1
6068 2
6076 1
6079 1
6088 1
6092 2
6096 2
6098 1
6100 2
6104 1
6108 1
6112 1
6113 2
6127 1
6132 2
6136 3
6138 1
6140 3
6144 1
6152 2
6160 1
6168 1
6169 1
6172 2
6173 1
6176 3
6180 2
6184 2
6188 1
6196 5
6200 1
6204 1
6216 2
6224 2
6232 2
6240 1
6246 1
6248 1
6254 1
6256 1
6260 1
6272 2
6273 1
6276 1
6288 2
6300 4
6304 1
6316 1
6324 2
6328 2
6333 1
6340 1
6347 1
6352 2
6356 2
6359 1
6360 1
6362 1
6368 1
6372 2
6374 1
6378 1
6380 1
6398 1
6408 1
6412 6
6418 1
6420 1
6428 1
6432 2
6444 2
6465 1
6466 2
6468 4
6469 1
6470 1
6472 1
6475 1
6480 1
6484 1
6490 1
6492 1
6496 3
6500 1
6502 1
6504 1
6510 1
6512 2
6520 1
6521 1
6524 3
6529 1
6532 1
6540 1
6544 1
6560 2
6564 2
6568 1
6572 3
6575 1
6576 3
6580 2
6583 1
6584 2
6588 1
6592 1
6596 1
6612 1
6616 1
6620 1
6624 1
6628 1
6632 1
6636 2
6640 1
6642 1
6648 1
6651 1
6652 1
6656 2
6660 1
6664 2
6668 2
6672 2
6676 1
6679 1
6684 2
6688 1
6692 1
6696 4
6700 2
6701 1
6708 3
6732 1
6736 1
6738 1
6740 2
6741 1
6742 1
6744 5
6752 2
6760 1
6765 1
6768 1
6772 2
6776 2
6778 4
6783 2
6792 2
6795 1
6796 1
6800 1
6804 1
6806 1
6820 2
6824 2
6828 2
6844 1
6852 1
6853 1
6856 2
6867 1
6868 4
6869 1
6872 1
6874 1
6876 1
6892 4
6896 1
6900 1
6904 1
6908 1
6912 1
6916 5
6924 1
6936 2
6944 1
6948 1
6953 1
6960 1
6976 2
6980 4
6992 1
6996 1
6997 1
6998 1
7000 1
7012 3
7016 2
7024 4
7028 3
7032 2
7036 9
7046 3
7048 1
7056 1
7060 2
7064 3
7068 1
7074 1
7076 1
7080 1
7092 1
7096 2
7100 1
7104 2
7112 4
7120 6
7128 6
7132 3
7136 4
7140 3
7148 1
7152 1
7156 3
7160 1
7164 1
7171 1
7180 1
7184 1
7188 1
7192 1
7195 1
7210 4
7212 1
7216 1
7224 1
7227 1
7228 1
7240 3
7246 1
7252 1
7256 1
7260 1
7268 1
7271 1
7276 1
7284 1
7293 1
7300 2
7304 2
7320 2
7322 1
7324 1
7327 1
7333 2
7340 1
7344 2
7351 1
7352 2
7360 1
7364 1
7372 2
7376 1
7384 1
7388 3
7396 3
7400 1
7404 1
7408 5
7419 1
7420 1
7424 1
7428 1
7440 1
7441 1
7444 3
7447 1
7452 4
7460 4
7461 1
7464 1
7468 3
7476 1
7480 5
7484 6
7485 1
7488 2
7492 12
7496 3
7500 6
7504 3
7508 1
7512 1
7520 2
7524 2
7528 1
7532 1
7540 2
7544 1
7548 1
7556 2
7560 1
7564 5
7568 2
7575 1
7580 1
7584 2
7589 1
7592 1
7596 3
7600 3
7604 1
7607 1
7608 1
7612 2
7616 1
7619 1
7620 1
7621 1
7628 1
7632 2
7636 1
7656 2
7657 1
7664 1
7668 1
7672 1
7676 1
7680 4
7684 1
7688 1
7692 2
7696 2
7698 1
7708 1
7715 1
7716 4
7720 1
7740 3
7748 1
7752 1
7760 1
7764 2
7768 1
7772 2
7776 1
7780 1
7784 2
7792 1
7796 1
7800 1
7804 5
7808 1
7812 2
7832 3
7840 1
7844 4
7848 2
7849 1
7850 1
7852 1
7856 1
7860 1
7864 2
7866 1
7868 3
7872 4
7876 4
7880 3
7884 4
7888 2
7892 5
7896 2
7900 3
7904 1
7908 2
7912 1
7920 3
7923 1
7928 8
7932 1
7940 3
7944 5
7946 1
7952 3
7956 1
7962 1
7964 1
7968 2
7972 2
7976 3
7980 3
7984 1
7988 2
7992 2
7998 2
8000 1
8004 2
8012 3
8016 1
8018 1
8020 3
8024 2
8028 1
8036 1
8040 1
8042 1
8044 1
8048 3
8052 2
8060 1
8076 2
8080 1
8081 1
8084 1
8100 3
8108 3
8114 1
8116 1
8117 1
8120 1
8128 2
8132 3
8136 2
8140 2
8146 1
8148 1
8152 1
8154 3
8160 1
8164 1
8168 1
8171 1
8176 1
8188 1
8192 1
8200 2
8208 1
8212 6
8216 1
8218 1
8220 3
8224 3
8226 1
8228 1
8232 2
8236 1
8244 1
8248 1
8252 1
8254 1
8255 2
8256 3
8260 1
8264 2
8272 1
8276 1
8280 1
8284 3
8288 2
8292 2
8300 3
8304 1
8308 3
8312 1
8320 4
8324 1
8328 1
8332 4
8336 2
8340 4
8344 1
8352 1
8356 3
8357 1
8360 2
8364 5
8368 2
8371 1
8372 2
8376 4
8377 1
8380 2
8384 1
8390 1
8396 1
8400 1
8404 2
8408 3
8410 1
8412 3
8415 1
8416 1
8420 1
8423 1
8424 1
8428 3
8432 2
8436 6
8437 1
8440 4
8444 2
8448 4
8460 1
8464 3
8468 1
8469 1
8472 2
8476 1
8480 3
8484 4
8492 2
8496 4
8500 4
8504 4
8510 1
8512 8
8516 5
8520 1
8524 1
8528 1
8533 1
8540 1
8544 1
8548 3
8552 1
8556 1
8560 2
8568 1
8570 1
8572 2
8577 1
8600 1
8604 2
8608 2
8612 1
8613 1
8620 1
8624 1
8628 1
8632 2
8636 1
8644 2
8648 2
8652 4
8656 2
8660 2
8664 1
8668 2
8672 1
8674 1
8676 2
8680 2
8688 1
8692 1
8696 3
8700 3
8709 1
8712 4
8720 1
8724 1
8728 2
8732 1
8735 1
8736 2
8740 1
8744 1
8748 1
8756 5
8760 2
8764 1
8768 3
8772 2
8776 3
8780 2
8784 3
8788 3
8792 2
8796 5
8800 7
8804 3
8808 1
8812 2
8813 1
8816 1
8818 1
8820 1
8828 2
8832 4
8840 1
8844 2
8848 2
8856 1
8860 2
8863 1
8864 3
8868 3
8872 2
8875 1
8876 1
8880 1
8884 1
8888 1
8892 1
8896 1
8900 1
8908 2
8912 1
8920 1
8928 2
8936 1
8952 1
8956 2
8960 3
8964 1
8968 6
8972 1
8976 1
8981 1
8984 1
8988 1
8990 1
8992 1
8996 2
9004 2
9012 1
9016 2
9030 1
9032 3
9036 2
9037 1
9040 1
9048 1
9060 2
9068 2
9071 1
9072 3
9080 1
9084 1
9088 4
9092 1
9095 1
9096 1
9101 1
9104 1
9108 1
9112 4
9116 4
9120 1
9121 1
9124 1
9132 1
9140 5
9144 2
9148 1
9152 1
9156 1
9158 1
9164 4
9168 2
9172 4
9176 1
9180 2
9183 1
9184 1
9188 4
9192 3
9196 3
9200 7
9204 1
9208 2
9212 2
9216 2
9220 1
9224 1
9228 1
9232 5
9240 3
9244 1
9252 3
9256 1
9260 2
9264 2
9272 1
9276 2
9280 1
9284 5
9288 3
9292 1
9296 1
9308 1
9310 1
9312 1
9315 1
9316 2
9320 1
9324 3
9328 1
9332 2
9340 3
9352 3
9356 3
9360 2
9361 1
9364 1
9368 1
9377 1
9384 6
9388 1
9394 2
9404 1
9407 1
9408 1
9416 3
9420 1
9428 3
9436 4
9444 2
9446 1
9448 1
9452 2
9454 1
9456 1
9460 1
9464 2
9468 1
9476 1
9480 2
9485 1
9486 1
9488 1
9496 3
9500 2
9512 2
9516 5
9527 1
9528 3
9536 3
9540 6
9548 1
9552 2
9557 1
9560 5
9564 1
9568 4
9572 1
9576 2
9579 1
9580 1
9584 1
9592 2
9596 2
9600 3
9604 2
9608 1
9612 1
9616 3
9623 1
9624 2
9636 1
9640 1
9644 2
9648 2
9652 2
9656 2
9660 4
9664 2
9668 4
9669 3
9672 2
9676 1
9680 3
9688 3
9692 2
9696 1
9700 1
9704 4
9708 2
9715 1
9716 2
9720 2
9724 2
9728 4
9732 1
9736 1
9740 7
9744 4
9748 4
9752 3
9756 1
9760 3
9767 1
9768 3
9772 3
9780 3
9783 1
9784 1
9786 1
9788 4
9796 2
9800 2
9804 3
9808 6
9809 1
9811 1
9812 2
9815 1
9816 2
9820 5
9828 2
9836 1
9843 2
9844 4
9848 2
9849 2
9856 2
9860 2
9864 1
9868 2
9872 1
9877 2
9880 1
9882 2
9884 4
9888 1
9892 2
9896 2
9902 2
9904 3
9908 1
9912 2
9916 1
9924 2
9928 2
9932 1
9936 1
9940 1
9952 4
9956 2
9960 2
9964 4
9965 4
9968 3
9972 1
9973 2
9980 3
9982 2
9984 1
9988 2
9992 5
10004 1
10008 2
10012 3
10016 2
10020 3
10024 1
10032 4
10040 2
10048 3
10054 1
10056 1
10060 2
10064 1
10068 1
10072 1
10076 3
10084 2
10092 2
10096 1
10100 1
10104 1
10108 2
10112 2
10116 1
10120 1
10124 1
10128 1
10132 1
10133 1
10136 3
10140 3
10144 2
10156 1
10160 1
10164 4
10168 4
10171 1
10172 1
10176 2
10188 1
10192 1
10196 1
10200 3
10204 2
10208 1
10212 1
10227 1
10232 1
10236 1
10244 2
10248 2
10251 1
10264 1
10268 1
10280 1
10284 1
10292 3
10296 3
10304 1
10308 2
10312 1
10313 2
10316 2
10320 4
10328 2
10332 1
10336 1
10340 3
10341 1
10344 5
10360 1
10364 1
10368 1
10376 1
10380 1
10392 2
10396 1
10404 3
10408 1
10412 3
10420 3
10423 1
10424 2
10428 1
10432 2
10436 2
10440 2
10445 1
10448 1
10452 2
10456 1
10468 3
10472 3
10476 3
10480 2
10484 1
10488 1
10496 2
10500 2
10504 6
10508 6
10512 2
10516 3
10523 1
10524 4
10528 1
10532 1
10535 1
10540 2
10544 2
10548 2
10552 2
10556 2
10560 3
10564 5
10572 1
10584 2
10592 2
10600 1
10604 1
10612 1
10620 1
10624 1
10648 1
10656 2
10660 5
10664 5
10665 1
10668 5
10673 1
10676 1
10680 1
10684 1
10688 5
10692 2
10696 3
10708 2
10712 1
10720 2
10728 1
10740 1
10744 1
10752 1
10760 1
10772 2
10784 3
10788 1
10790 1
10792 1
10800 1
10804 2
10812 2
10816 3
10820 1
10824 1
10832 1
10840 1
10844 2
10848 1
10860 1
10864 3
10868 2
10872 9
10880 5
10900 3
10904 2
10908 1
10912 2
10916 1
10920 2
10924 1
10928 1
10932 1
10936 2
10940 1
10944 1
10948 1
10952 2
10953 1
10956 1
10960 2
10964 1
10968 3
10972 3
10988 4
10996 1
11004 2
11008 1
11012 5
11016 5
11018 1
11020 1
11024 2
11028 3
11030 2
11032 3
11036 2
11044 5
11048 3
11052 1
11056 3
11064 1
11068 1
11072 1
11076 2
11080 1
11084 2
11088 1
11090 3
11092 2
11096 2
11102 1
11108 1
11112 2
11116 1
11120 1
11124 4
11128 3
11136 1
11139 1
11140 2
11144 2
11148 1
11152 2
11164 1
11168 3
11172 1
11188 4
11192 3
11195 1
11196 3
11204 1
11208 1
11220 1
11224 1
11232 3
11236 2
11240 2
11252 1
11264 1
11268 3
11271 1
11272 4
11276 2
11284 2
11288 3
11296 2
11300 1
11304 2
11308 3
11312 3
11316 2
11320 1
11324 4
11325 1
11328 5
11332 1
11336 4
11352 1
11356 2
11360 2
11368 2
11370 1
11371 1
11376 1
11384 1
11388 1
11392 2
11396 2
11404 1
11408 1
11420 1
11432 2
11440 2
11444 1
11448 1
11457 1
11460 1
11468 2
11472 1
11476 2
11480 1
11484 1
11492 1
11496 3
11500 1
11504 1
11508 2
11512 3
11520 3
11521 1
11524 3
11528 2
11532 3
11536 3
11540 2
11544 1
11548 2
11553 1
11556 1
11564 1
11568 3
11584 4
11588 3
11596 1
11600 5
11604 4
11612 2
11616 2
11620 2
11627 1
11636 1
11640 4
11644 1
11648 4
11656 4
11660 2
11668 1
11688 2
11696 2
11700 2
11704 1
11708 3
11712 2
11716 2
11724 3
11728 2
11740 3
11742 1
11744 1
11748 1
11752 1
11759 1
11760 2
11768 1
11776 3
11780 3
11784 3
11788 2
11792 1
11800 3
11804 3
11808 1
11812 1
11816 2
11820 1
11828 4
11844 1
11848 3
11860 1
11864 2
11872 1
11876 2
11884 1
11900 1
11908 2
11920 1
11923 1
11924 2
11932 2
11936 2
11940 2
11944 2
11952 2
11956 2
11960 2
11964 1
11968 3
11970 1
11972 2
11976 2
11980 4
11984 1
11992 1
11994 1
12000 1
12004 1
12012 4
12020 1
12024 1
12028 1
12032 1
12036 1
12040 4
12041 1
12044 2
12047 1
12048 1
12052 3
12056 1
12072 1
12076 1
12080 1
12084 1
12088 1
12092 1
12096 3
12100 3
12104 2
12108 2
12116 3
12120 1
12124 2
12128 1
12132 2
12136 1
12140 2
12146 1
12148 1
12151 1
12152 1
12156 2
12160 1
12164 1
12168 1
12176 5
12180 1
12184 3
12188 2
12196 1
12200 1
12204 1
12208 1
12224 1
12228 1
12232 2
12240 1
12246 1
12248 2
12252 1
12256 1
12264 1
12272 1
12280 2
12288 1
12292 5
12296 1
12304 1
12305 1
12312 1
12316 2
12320 3
12324 1
12332 3
12336 3
12340 2
12348 2
12360 2
12364 3
12372 3
12380 2
12396 1
12408 1
12416 1
12420 1
12424 1
12428 1
12432 1
12436 1
12440 1
12444 4
12452 1
12472 1
12496 2
12500 2
12504 1
12514 1
12516 1
12520 1
12528 2
12532 1
12536 3
12544 2
12545 1
12548 2
12552 3
12564 1
12568 1
12569 1
12580 1
12592 1
12596 1
12604 1
12608 1
12612 7
12616 1
12620 2
12624 1
12628 2
12632 2
12636 1
12640 1
12652 3
12660 1
12668 1
12672 1
12673 2
12676 2
12680 1
12689 1
12692 2
12696 1
12700 1
12704 2
12712 1
12724 3
12728 1
12732 1
12740 1
12748 1
12752 1
12764 2
12772 1
12776 2
12784 1
12788 1
12792 1
12800 1
12804 3
12812 1
12816 1
12820 1
12824 2
12828 2
12832 1
12836 1
12852 1
12860 1
12864 1
12868 3
12872 1
12873 1
12892 2
12904 1
12908 1
12916 2
12920 1
12928 1
12932 1
12936 2
12938 1
12944 1
12948 2
12952 2
12968 2
12972 1
12976 1
12978 1
12980 2
12984 1
12988 4
13000 1
13004 4
13008 1
13012 1
13016 1
13032 2
13040 1
13044 2
13056 1
13060 2
13064 1
13068 1
13072 2
13076 1
13080 3
13084 2
13088 2
13092 1
13096 2
13100 2
13104 1
13108 2
13116 3
13124 1
13125 1
13128 3
13132 1
13136 2
13140 1
13152 1
13156 3
13164 1
13168 4
13176 1
13180 2
13184 1
13192 2
13196 1
13197 1
13200 2
13204 4
13208 1
13212 1
13219 1
13224 1
13240 2
13244 2
13248 1
13252 1
13264 3
13268 1
13284 1
13288 1
13304 1
13308 1
13316 1
13320 2
13332 1
13340 3
13344 1
13348 4
13350 1
13352 1
13356 3
13364 1
13366 1
13376 1
13380 2
13384 2
13396 1
13400 1
13408 1
13410 1
13424 2
13436 1
13440 2
13452 1
13456 1
13460 1
13466 1
13472 1
13480 2
13488 1
13496 1
13504 2
13510 1
13512 1
13520 1
13528 1
13543 1
13544 1
13548 1
13556 3
13560 1
13564 1
13568 1
13572 1
13576 1
13584 1
13592 2
13596 2
13604 1
13606 1
13608 1
13609 2
13616 3
13620 2
13624 2
13628 1
13632 1
13636 1
13644 2
13648 1
13664 1
13672 1
13676 1
13680 2
13684 2
13704 1
13708 1
13712 1
13728 1
13738 1
13744 1
13755 1
13760 1
13768 2
13776 1
13780 1
13804 1
13812 1
13820 1
13832 1
13836 1
13848 1
13852 1
13860 1
13872 2
13876 2
13884 1
13900 1
13904 1
13912 2
13913 1
13920 2
13924 1
13936 2
13948 1
13952 1
13956 2
13968 1
13972 1
13988 1
13992 1
13996 2
14024 1
14028 3
14040 1
14068 1
14072 1
14076 1
14080 2
14088 1
14100 2
14104 1
14112 2
14124 1
14128 1
14132 2
14140 2
14148 1
14152 1
14168 1
14172 1
14176 2
14180 2
14188 1
14192 2
14196 1
14200 1
14208 1
14212 6
14236 1
14240 1
14248 3
14260 1
14272 2
14273 1
14276 1
14280 1
14284 1
14292 6
14296 1
14304 1
14306 1
14312 2
14316 1
14320 1
14324 2
14332 2
14340 1
14344 1
14348 2
14352 2
14356 2
14364 1
14372 1
14376 2
14380 1
14384 1
14392 4
14396 1
14404 4
14408 2
14416 2
14424 3
14436 2
14440 1
14444 1
14448 2
14452 1
14460 2
14464 1
14468 1
14472 3
14476 1
14480 1
14484 1
14488 1
14492 2
14496 1
14500 1
14508 5
14512 1
14516 1
14531 1
14544 2
14549 1
14556 1
14560 1
14568 2
14572 1
14587 1
14592 1
14593 1
14620 1
14636 1
14649 1
14650 1
14660 3
14664 1
14676 2
14680 1
14684 1
14688 2
14699 1
14704 1
14709 1
14712 2
14716 2
14724 1
14728 1
14732 1
14740 1
14764 2
14776 1
14780 1
14784 1
14792 1
14800 2
14817 1
14820 1
14828 1
14840 1
14848 1
14856 1
14864 1
14868 1
14880 1
14928 1
14932 3
14936 1
14940 1
14960 1
14980 1
14984 2
14992 1
14996 2
15000 2
15004 1
15008 1
15016 1
15036 2
15040 1
15076 1
15080 1
15084 2
15088 1
15092 2
15096 1
15104 1
15116 2
15120 1
15127 1
15128 1
15132 2
15134 1
15146 1
15152 1
15156 2
15164 1
15168 2
15172 1
15175 1
15176 2
15187 1
15192 1
15194 1
15195 1
15204 1
15208 1
15210 1
15225 1
15226 1
15228 1
15232 1
15236 1
15237 1
15244 1
15245 1
15256 2
15260 1
15267 1
15272 1
15276 2
15280 1
15288 2
15296 1
15320 1
15325 1
15332 1
15336 1
15340 1
15344 2
15355 1
15358 1
15360 1
15364 1
15372 1
15396 2
15400 1
15405 1
15417 1
15424 1
15428 1
15432 1
15439 1
15442 1
15448 2
15451 1
15457 1
15459 1
15460 1
15467 1
15468 1
15474 1
15475 1
15476 1
15485 1
15494 1
15498 1
15500 2
15504 2
15508 1
15510 1
15512 1
15518 1
15520 2
15521 1
15536 1
15540 1
15544 1
15548 1
15564 1
15570 1
15572 1
15576 1
15579 1
15584 1
15591 1
15592 2
15596 2
15598 1
15600 1
15608 5
15616 2
15625 1
15628 2
15636 1
15642 1
15644 1
15648 1
15649 1
15656 1
15660 1
15664 1
15676 1
15684 1
15688 1
15696 2
15708 2
15711 1
15712 1
15716 1
15720 2
15724 2
15725 2
15740 1
15744 2
15748 2
15752 3
15764 1
15772 1
15776 3
15780 3
15792 1
15800 1
15804 1
15816 2
15824 1
15841 1
15844 1
15848 1
15856 1
15872 1
15876 2
15902 2
15920 1
15946 1
15956 1
15960 1
15968 1
15972 1
15996 1
16008 1
16016 1
16020 1
16036 1
16040 3
16044 1
16064 1
16084 1
16112 1
16116 1
16124 2
16132 1
16136 2
16156 1
16180 1
16184 1
16192 1
16208 1
16224 1
16259 1
16264 1
16266 1
16276 1
16288 1
16300 2
16304 1
16312 1
16316 1
16320 1
16324 1
16328 1
16335 1
16348 1
16384 76
16388 1
16392 1
16400 2
16408 1
16412 2
16416 1
16424 1
16432 1
16436 1
16440 1
16443 1
16444 2
16448 2
16456 1
16468 1
16472 1
16483 1
16484 1
16512 1
16520 1
16533 1
16536 1
16544 2
16552 1
16556 1
16560 1
16584 2
16588 2
16592 1
16600 1
16612 1
16620 1
16628 2
16641 1
16644 2
16656 2
16660 2
16664 1
16676 1
16679 1
16688 1
16690 1
16696 1
16704 1
16708 1
16712 1
16720 4
16724 1
16728 3
16732 1
16740 3
16764 1
16772 1
16792 2
16812 3
16832 2
16836 3
16840 1
16844 1
16848 3
16852 1
16863 1
16868 1
16880 2
16896 3
16904 1
16912 1
16932 1
16936 1
16956 1
16967 1
16980 1
16992 3
17000 1
17004 1
17028 1
17052 2
17060 1
17064 1
17076 1
17084 2
17088 1
17096 1
17104 1
17116 1
17136 2
17137 1
17140 2
17150 1
17160 1
17168 1
17184 2
17188 1
17200 1
17204 1
17224 1
17232 1
17236 1
17251 1
17252 1
17256 1
17259 1
17264 1
17276 1
17280 1
17288 3
17292 2
17296 2
17304 1
17308 1
17312 1
17320 1
17332 1
17344 1
17352 1
17356 1
17364 1
17372 1
17398 1
17404 1
17408 1
17416 1
17420 1
17424 1
17432 1
17440 1
17444 2
17452 1
17460 1
17484 1
17500 1
17504 1
17512 1
17524 1
17526 1
17528 1
17548 1
17572 1
17580 1
17600 1
17648 1
17652 1
17670 1
17676 2
17680 1
17684 2
17688 1
17691 1
17692 1
17704 1
17708 2
17712 2
17720 1
17744 2
17748 3
17756 1
17764 1
17768 1
17780 1
17788 1
17792 1
17796 1
17804 1
17812 1
17816 1
17860 1
17868 3
17872 1
17876 1
17884 2
17932 1
17936 1
17948 2
17960 2
17964 1
17996 1
18016 2
18024 2
18028 2
18037 1
18068 1
18072 2
18075 1
18080 1
18081 1
18096 1
18100 1
18108 1
18112 1
18120 1
18136 1
18144 1
18152 1
18154 1
18164 1
18168 1
18184 1
18200 1
18204 1
18220 1
18232 1
18236 1
18252 1
18264 2
18268 1
18284 1
18301 1
18304 1
18308 1
18312 1
18328 1
18332 1
18348 1
18352 2
18356 2
18400 2
18408 1
18412 1
18416 1
18424 1
18428 1
18440 1
18444 1
18492 1
18496 1
18500 2
18540 1
18564 2
18592 2
18640 2
18648 1
18656 1
18680 1
18692 2
18698 1
18700 1
18704 1
18728 1
18760 1
18763 1
18784 2
18789 1
18800 2
18808 1
18832 1
18836 1
18840 1
18852 1
18856 1
18908 2
18912 1
18920 2
18926 1
18932 1
18944 2
18952 1
18956 1
18970 1
18972 1
19012 1
19022 1
19028 1
19032 1
19060 1
19076 1
19096 1
19122 1
19132 2
19140 1
19150 1
19160 1
19184 1
19188 1
19252 2
19260 1
19296 1
19314 1
19327 1
19352 1
19356 1
19384 1
19416 1
19456 2
19468 1
19496 2
19519 1
19564 1
19568 1
19572 2
19575 1
19592 2
19604 3
19608 1
19616 1
19620 1
19621 1
19626 2
19656 1
19724 1
19736 1
19756 1
19768 1
19776 1
19808 1
19844 1
19872 1
19920 1
19924 1
19949 1
19984 1
19992 1
19996 1
20050 1
20080 1
20092 1
20104 1
20121 1
20127 1
20170 1
20216 3
20256 1
20328 1
20332 1
20336 1
20381 1
20388 3
20396 1
20424 2
20440 1
20500 1
20540 1
20561 1
20572 2
20577 1
20600 1
20620 1
20636 1
20640 1
20648 1
20656 3
20692 1
20700 1
20736 1
20744 1
20760 1
20772 1
20788 1
20796 1
20800 1
20816 1
20864 1
20868 1
20876 1
20880 1
20916 2
20924 1
20928 1
20966 3
20972 1
20980 1
21004 1
21008 1
21028 1
21032 1
21044 2
21060 1
21072 1
21092 1
21152 2
21160 1
21192 1
21200 1
21240 1
21255 1
21269 1
21296 1
21300 1
21304 1
21320 1
21340 1
21344 1
21376 1
21384 1
21396 2
21400 1
21401 1
21404 1
21408 1
21420 1
21428 1
21448 1
21476 1
21492 2
21496 1
21503 1
21524 1
21540 1
21548 1
21560 3
21588 1
21592 2
21597 1
21632 1
21636 1
21648 1
21696 1
21744 1
21748 1
21763 1
21784 1
21788 1
21800 1
21804 1
21852 1
21876 1
21892 3
21900 1
21904 1
21908 1
21912 1
21920 1
21928 1
21940 1
21964 2
21988 1
22068 1
22092 1
22100 1
22104 1
22147 1
22148 1
22164 2
22196 1
22200 1
22216 1
22220 1
22224 2
22244 1
22252 1
22269 1
22280 1
22300 1
22302 1
22324 1
22336 1
22348 1
22368 1
22380 1
22388 1
22394 1
22396 2
22398 1
22448 1
22480 1
22503 1
22516 1
22528 1
22536 1
22544 1
22556 2
22608 1
22636 1
22648 1
22676 1
22684 1
22716 1
22727 1
22752 1
22764 1
22782 1
22824 1
22856 1
22868 1
22892 1
22932 2
22936 1
22944 1
22981 1
22992 1
23012 1
23024 3
23028 1
23036 1
23076 1
23084 1
23098 1
23116 1
23180 1
23188 1
23192 1
23200 1
23208 1
23210 1
23220 1
23232 1
23244 1
23283 1
23356 1
23440 1
23574 1
23579 1
23620 1
23708 1
23720 1
23832 1
23904 1
23956 2
23984 1
23988 1
24024 1
24026 1
24036 1
24052 1
24100 1
24128 1
24132 1
24172 1
24300 1
24304 1
24324 1
24440 1
24484 1
24512 1
24524 1
24540 1
24576 212
24585 1
24618 1
24646 1
24681 1
24744 1
24768 1
24856 1
24876 1
24931 1
24984 1
24988 1
25024 1
25044 1
25078 1
25152 1
25196 1
25254 1
25344 1
25376 1
25392 1
25396 1
25404 1
25426 1
25468 1
25475 1
25476 1
25503 1
25556 1
25567 1
25628 1
25700 1
25701 1
25744 1
25772 1
25780 1
25788 1
25796 1
25821 1
25852 1
25916 1
25920 1
25924 1
25988 1
26028 2
26065 1
26084 1
26113 1
26164 1
26264 1
26316 1
26352 1
26439 3
26456 1
26508 1
26532 1
26552 1
26579 1
26604 1
26672 1
26673 1
26740 1
26744 1
26816 1
26828 1
26848 1
26930 1
27020 1
27071 2
27112 1
27126 1
27156 1
27168 1
27196 1
27225 1
27228 1
27248 1
27256 1
27264 1
27285 1
27377 1
27436 1
27496 1
27512 1
27521 1
27568 1
27576 1
27624 1
27628 1
27640 1
27784 1
27908 1
27920 1
27943 1
28120 1
28192 1
28208 1
28242 1
28244 1
28344 1
28372 1
28392 1
28504 1
28697 1
28740 1
28756 1
28815 1
28975 1
29011 1
29076 1
29108 1
29113 1
29148 1
29172 1
29176 1
29224 1
29556 1
29567 1
29590 1
29612 1
29671 1
29680 1
29684 1
29696 1
29705 1
29709 1
29820 1
29884 1
29892 3
29964 1
29982 1
29992 1
30054 1
30060 1
30092 1
30148 1
30285 1
30336 1
30384 1
30416 1
30420 1
30426 1
30528 1
30609 1
30612 3
30717 1
30720 3
30778 1
30853 1
30864 1
31076 1
31124 1
31268 1
31296 1
31305 1
31396 1
31434 1
31456 1
31606 1
31609 3
31635 1
31638 3
31657 1
31726 1
31773 1
31860 1
31871 1
31982 1
32241 1
32255 1
32380 1
32760 1
32768 106
32810 2
33176 1
33427 1
33564 1
33616 1
33828 1
34262 4
34272 1
34422 2
34462 1
34480 1
34596 1
34919 3
34920 1
35136 1
35368 1
35576 1
35968 1
36229 1
36230 1
36304 1
36308 1
36556 1
36564 1
36738 1
36780 2
36807 1
37362 2
37608 1
37645 1
38088 1
38340 1
38780 1
39004 1
39076 1
39133 1
39282 1
39424 1
39462 1
39644 1
39784 1
39892 1
40193 1
40214 1
40605 1
40640 1
40760 1
40795 1
40910 1
40960 50
41083 1
41124 1
41296 1
41772 1
41941 1
43012 1
43158 1
43432 1
43457 1
43474 1
43583 1
43584 1
43680 1
43712 1
43968 1
44047 1
44221 1
44264 1
44676 1
44742 2
44752 2
45045 1
45214 1
45544 1
45824 1
46190 1
46278 1
46322 1
46464 1
46495 2
46544 1
46994 1
47273 1
47284 1
47402 1
47788 1
48538 1
48588 1
48804 1
49152 46
49634 1
50112 1
50593 1
50960 1
52300 1
52424 1
52640 1
52988 1
53144 1
53260 1
53604 1
54177 1
54384 1
54898 1
56148 1
56200 1
56640 1
57344 32
58103 1
58367 1
58840 1
58979 1
59460 1
59472 1
60975 1
60991 12
61065 1
61191 1
61214 1
61216 1
61251 1
63056 1
63776 1
64597 1
65307 1
65536 54
66865 1
69690 1
69824 1
69866 1
69908 1
72673 1
73570 1
73686 1
73728 30
73994 1
74266 1
76915 2
78928 1
79932 1
81167 1
81920 22
81950 1
83075 1
83104 1
83126 1
84332 1
84804 1
85180 1
85504 1
85524 1
90112 17
93099 1
94786 1
95632 1
96352 1
96585 1
98304 16
103298 2
106496 15
109176 1
110369 1
111093 1
111314 1
111540 1
112260 1
113234 1
114688 17
116304 1
116660 1
117349 1
122016 1
122744 1
122880 14
123464 1
124184 1
126642 2
127852 1
127866 1
131072 12
131368 1
132088 1
139264 7
142387 1
145495 1
147456 7
154278 1
155648 12
161460 1
163840 6
169938 1
170760 1
172032 4
176904 1
177624 1
180224 11
184508 1
185228 1
188416 9
190816 1
191227 1
196608 8
202583 1
203374 1
204800 7
209119 1
209232 1
212992 5
216985 1
220531 1
229376 7
237568 5
245760 3
246808 1
247968 1
248688 1
249729 1
253952 7
257494 1
259432 1
262144 6
263236 1
263956 1
270518 1
273308 2
278528 5
281207 2
286720 1
290774 1
294912 1
297790 1
303104 1
311296 2
320218 2
327680 1
335872 1
342802 1
344064 1
348056 1
348374 1
352256 1
353120 1
354400 1
368640 1
376832 1
379260 1
379980 1
385024 1
401408 1
409600 1
434176 3
450560 1
458752 3
467112 1
467677 1
483328 1
499712 1
507904 1
515820 1
516096 1
524288 1
527878 1
532480 1
534868 1
535588 1
548864 1
551160 1
557056 1
573440 2
577902 1
580880 1
587580 1
593328 1
598016 2
606208 1
607246 1
614261 1
614844 1
622592 1
631223 1
638568 1
638976 1
642600 1
654462 1
679936 1
680222 1
710220 1
712704 1
720896 1
749328 1
754332 1
754880 1
755712 1
761856 1
770048 1
775108 2
785424 2
786984 1
818018 1
827392 1
860160 1
860984 1
862121 1
862664 1
892928 2
909312 1
933084 1
942688 1
950272 1
974848 1
983040 2
998992 1
1038276 1
1047120 1
1057040 1
1195420 1
1196032 1
1225060 1
1228800 1
1264912 1
1376718 1
1382715 1
1391138 1
1392640 1
1400832 1
1433600 1
1474560 1
1605632 2
1613824 1
1687552 1
1703936 1
1754947 1
2009766 1
2015276 1
2292338 1
2305311 1
2342912 1
2703360 1
2918172 1
3350528 1
9513787 1
13434880 1
