0 20
11 1
29 1
38 1
56 1
64 1
71 1
75 1
78 1
91 1
100 1
102 3
105 1
116 1
120 1
128 1
130 1
150 1
151 3
152 1
161 1
175 1
176 1
179 1
180 1
196 1
202 1
207 1
212 2
213 1
217 1
224 3
226 8
227 1
230 2
238 1
240 1
243 1
262 1
264 1
267 1
268 1
269 2
273 1
291 1
294 1
298 1
307 1
314 2
320 1
322 1
323 1
327 1
328 1
331 1
337 1
340 1
341 1
353 1
354 2
355 1
356 1
365 1
375 3
377 1
378 1
385 1
386 1
387 1
388 1
389 2
391 1
392 1
394 2
402 1
406 1
411 1
416 1
417 1
422 2
424 2
425 1
428 1
430 1
441 1
443 1
445 1
448 1
453 2
464 2
465 1
466 2
471 1
477 1
484 1
486 1
491 2
492 1
498 4
503 1
507 1
509 1
510 1
512 68
521 1
527 3
528 1
531 1
533 3
537 1
548 1
553 1
566 2
569 1
570 1
574 1
575 1
578 1
582 1
584 1
585 1
595 1
596 1
597 1
608 3
628 3
632 1
640 1
642 1
650 1
652 3
655 3
664 3
672 1
674 3
676 1
680 1
682 2
694 1
695 3
699 1
703 1
706 3
710 1
711 3
720 1
725 3
762 1
763 1
772 1
778 2
782 1
783 3
789 1
793 1
797 1
801 1
806 1
818 1
821 1
837 3
841 1
848 1
857 1
861 1
864 2
875 1
882 2
887 1
899 3
900 1
907 1
909 3
917 2
933 1
939 1
940 1
944 6
949 1
954 1
963 2
966 1
974 2
996 1
1000 1
1002 1
1015 1
1020 1
1024 11
1027 1
1028 2
1031 3
1034 1
1042 1
1045 1
1059 1
1060 3
1062 3
1064 1
1066 3
1070 4
1075 2
1080 3
1089 4
1099 3
1104 3
1110 1
1111 1
1112 2
1113 1
1137 3
1156 3
1159 1
1164 1
1172 1
1183 1
1187 1
1194 1
1198 2
1202 1
1205 1
1214 3
1236 2
1248 1
1250 1
1251 1
1256 3
1274 1
1276 1
1279 1
1297 1
1303 1
1306 2
1307 1
1312 1
1320 1
1336 1
1340 3
1356 1
1359 1
1372 1
1379 3
1382 1
1384 1
1387 1
1388 1
1392 1
1395 1
1408 4
1412 1
1416 1
1420 1
1421 3
1435 1
1484 3
1488 2
1489 3
1491 1
1496 5
1513 1
1517 1
1520 1
1521 1
1536 1
1539 1
1541 1
1555 3
1559 3
1561 1
1562 1
1563 1
1573 1
1575 1
1601 1
1602 4
1608 2
1609 1
1613 2
1617 1
1620 1
1621 3
1640 2
1647 1
1653 1
1660 1
1664 2
1668 1
1684 4
1695 1
1700 1
1727 1
1743 1
1760 1
1776 1
1781 1
1804 2
1807 1
1830 1
1842 1
1845 1
1872 3
1886 1
1893 1
1909 1
1912 2
1919 1
1920 1
1924 1
1930 1
1937 1
1948 2
1956 1
1966 1
1967 1
1971 1
1972 2
1974 1
1976 4
1984 1
1987 1
1990 1
1996 5
2041 1
2046 1
2048 2
2050 3
2065 1
2102 3
2105 1
2106 1
2111 1
2131 2
2168 3
2174 1
2180 1
2192 1
2208 1
2213 3
2225 1
2230 1
2241 1
2256 2
2259 1
2300 2
2302 2
2353 1
2375 1
2384 1
2387 1
2392 1
2415 1
2447 1
2448 1
2449 1
2456 2
2460 2
2468 2
2471 1
2480 2
2481 1
2482 3
2496 2
2519 1
2530 1
2542 1
2566 3
2568 1
2586 1
2600 2
2614 1
2648 1
2652 2
2656 1
2657 1
2664 2
2668 1
2692 3
2697 1
2708 1
2729 2
2735 1
2736 2
2739 1
2743 1
2749 2
2760 1
2761 1
2766 2
2777 1
2780 1
2797 1
2823 3
2830 1
2838 1
2839 1
2875 1
2901 2
2903 3
2904 1
2912 4
2914 1
2918 3
2936 1
2984 1
3011 1
3022 1
3028 1
3040 2
3054 1
3083 1
3106 1
3109 1
3148 2
3176 1
3220 3
3223 1
3224 2
3233 1
3348 2
3370 2
3380 1
3387 1
3407 3
3410 2
3435 1
3458 2
3472 1
3488 2
3496 1
3497 1
3505 2
3509 1
3523 1
3533 1
3560 2
3566 1
3624 1
3628 1
3631 1
3640 1
3674 1
3701 1
3720 1
3733 1
3735 1
3736 2
3760 1
3783 1
3815 1
3831 1
3872 2
3880 1
3889 1
3900 2
3908 1
3920 2
3935 1
3951 1
3989 1
4005 2
4022 1
4044 1
4048 2
4148 2
4149 1
4176 2
4181 3
4208 1
4212 1
4228 1
4229 3
4298 3
4355 2
4368 1
4380 1
4412 1
4468 1
4484 1
4520 1
4552 1
4568 1
4571 1
4587 1
4595 2
4610 1
4617 2
4680 2
4684 1
4749 3
4763 2
4784 1
4822 2
4848 2
4874 1
4905 1
4943 1
4959 1
4992 1
5006 1
5078 1
5092 2
5117 1
5119 1
5152 1
5189 1
5248 2
5257 1
5259 1
5291 3
5300 1
5308 1
5323 2
5336 2
5366 1
5377 2
5386 1
5394 1
5395 2
5396 2
5399 1
5400 1
5401 1
5405 1
5450 1
5530 2
5561 1
5579 1
5586 1
5690 2
5778 1
5779 1
5783 1
5852 1
5946 1
5956 1
5960 2
5970 1
6064 1
6085 1
6106 2
6128 1
6139 2
6205 1
6251 1
6377 1
6387 1
6401 1
6428 1
6454 2
6506 1
6559 2
6598 1
6678 1
6696 1
6724 1
6798 1
6835 1
6874 1
6929 1
7110 1
7111 1
7117 1
7191 2
7226 1
7276 1
7492 1
7592 1
7607 1
7655 1
7684 1
7740 1
7821 1
7843 1
7871 1
7931 1
7964 2
7972 1
7993 2
8067 1
8083 2
8093 2
8108 2
8142 1
8205 1
8300 1
8354 1
8491 1
8685 1
8754 1
8797 1
8844 1
8857 1
8988 2
9011 1
9108 1
9156 2
9227 1
9243 1
9271 1
9297 1
9389 1
9390 1
9444 1
9450 1
9487 1
9524 1
9535 1
9536 1
9545 1
9801 1
9831 1
9956 2
10080 1
10191 1
10204 1
10317 1
10320 1
10384 1
10385 1
10464 1
10473 1
10484 1
10539 2
10588 1
10660 1
10671 1
10680 1
10752 1
10808 2
10940 1
11054 1
11065 1
11104 2
11114 1
11196 1
11335 1
11401 1
11403 1
11522 1
11532 1
11598 1
11604 1
11648 1
11788 1
11811 1
12104 2
12175 1
12212 1
12220 1
12363 1
12496 2
12779 1
12889 1
12894 1
12963 1
13032 1
13046 2
13048 1
13206 1
13310 1
13348 1
13412 1
13462 1
13547 2
13551 1
13556 2
13564 2
13685 1
13771 1
14215 1
14250 1
14375 1
14509 1
14660 1
14705 1
14768 1
14988 1
15169 1
15198 1
15252 1
15269 1
15314 1
15327 1
15443 1
15535 1
15567 2
15658 1
15718 1
15753 1
15951 1
16132 1
16238 1
16390 1
16488 1
16825 1
16828 1
16840 2
16858 1
16872 1
16908 1
17018 1
17104 1
17108 1
17337 1
17413 1
17651 1
18020 1
18176 1
18270 1
18339 1
18442 1
18538 1
18728 1
18744 1
18857 1
19217 1
19753 1
20088 1
20586 1
20604 2
20659 1
20999 1
21628 1
21864 1
21900 1
21926 1
22110 1
22477 1
22479 1
22540 1
22760 1
23336 1
23661 1
23671 1
23759 1
23827 1
23881 1
24039 1
24205 1
24548 1
24622 1
24839 1
24846 1
25456 1
26639 1
26874 1
26907 1
27626 1
27767 1
27776 1
28558 1
28672 2
29088 1
29337 1
29385 1
29615 1
29950 1
30646 1
30730 1
30961 1
31391 1
33337 1
34333 1
35314 1
37047 1
38238 1
40921 1
40946 1
41540 1
43054 1
44961 1
45346 1
45383 1
45431 1
45435 1
45439 1
45443 2
45829 1
45837 1
45914 1
45922 1
47366 1
47528 1
48113 1
50144 1
55266 1
55604 1
55744 1
59688 1
61930 1
62528 1
64266 1
64319 1
64712 1
68708 1
84676 1
92237 1
92261 1
98544 36
102640 24
104602 1
106067 1
106299 1
106736 12
110832 9
112573 1
114928 2
119024 1
120432 1
122390 1
123120 1
124940 1
137800 1
143600 1
147696 1
152057 1
153584 1
161065 1
181198 1
184179 1
207508 1
210312 1
213232 2
239721 1
448552 1
481916 1
511371 1
768000 1
778240 1
1280000 1
1982942 1
3389559 1
