0 3
2 2
3 1
4 2
5 1
6 3
8 1
9 1
10 1
11 3
16 1
20 1
22 3
23 1
29 1
30 1
57 1
72 1
83 1
88 1
95 1
101 2
140 1
162 1
166 1
200 1
229 1
238 1
241 1
243 1
244 1
256 1
273 1
284 1
285 1
324 1
333 1
352 2
360 1
364 1
371 1
372 1
394 1
404 1
410 1
414 1
415 1
424 1
428 1
439 1
440 1
446 1
448 1
498 1
510 1
512 48
519 1
533 1
559 1
564 1
604 1
642 1
675 1
703 1
704 1
706 1
707 1
754 1
799 1
803 1
825 1
838 1
842 1
843 1
844 1
861 1
886 1
1024 3
1035 1
1054 1
1065 1
1116 1
1138 1
1173 1
1422 1
1592 1
1733 1
1739 1
1772 1
1780 1
2000 2
2011 1
2130 1
2170 1
2172 1
2186 1
2271 1
2281 1
2337 1
2560 1
2611 1
2621 1
2628 1
2629 1
2726 1
2745 1
2914 1
2996 1
3292 1
3434 1
3669 1
3697 1
3788 1
4684 1
4739 1
5047 1
5198 1
5217 2
5467 1
5476 1
6290 1
6324 1
8192 2
8234 1
8532 1
10882 1
11264 1
12051 1
13600 1
16753 1
18089 1
24576 1
46007 1
49152 1
52773 1
61699 1
73728 1
81920 1
88063 1
101800 2
116394 1
122880 1
123714 1
131072 1
197926 1
217352 1
814442 1
828896 1
