0 35
1 2
4 1
6 2
9 5
10 5
11 12
12 1
13 1
16 2
17 1
19 2
20 6
21 3
22 6
23 3
24 2
25 1
26 2
28 1
29 1
30 5
32 1
33 1
38 2
40 1
43 1
44 1
47 1
48 1
49 2
50 1
51 1
52 1
53 1
55 1
57 1
59 1
60 2
61 2
65 2
66 1
69 39
70 44
72 1
81 1
83 3
86 1
87 2
89 1
90 1
91 1
92 2
97 1
99 5
101 3
103 6
113 1
115 1
119 2
123 1
125 1
128 1
129 1
148 1
150 1
160 1
165 1
172 1
178 4
182 1
186 2
194 1
195 1
198 6
200 1
202 9
208 1
210 2
211 1
212 1
213 1
214 1
220 1
223 1
229 4
238 1
242 1
245 1
248 1
250 1
254 1
256 2
260 1
263 1
264 42
267 1
270 1
275 1
279 1
283 1
284 1
287 4
288 1
294 1
298 4
301 8
304 1
306 1
308 1
313 1
315 1
316 2
317 1
330 1
337 1
349 1
351 3
353 1
364 1
372 1
374 1
375 1
377 1
378 1
393 1
402 2
404 1
409 1
415 2
417 1
420 1
429 2
431 2
432 1
433 1
445 1
448 3
450 1
458 2
467 1
468 1
483 2
494 1
499 2
503 1
505 1
506 1
512 236
516 1
518 1
519 1
522 14
523 1
532 2
541 5
543 1
550 2
559 1
561 1
573 1
574 2
576 1
584 1
596 1
600 1
612 1
613 1
618 1
625 1
631 1
642 1
663 1
678 1
680 1
704 1
710 1
725 1
729 1
732 1
735 2
736 3
739 1
743 2
749 34
755 1
758 1
764 2
774 1
775 1
783 1
788 1
792 1
795 1
796 1
797 1
803 1
804 1
807 1
826 2
831 1
844 1
850 1
851 1
854 1
865 1
874 1
875 1
877 2
880 1
895 1
896 1
897 2
902 2
908 1
915 1
917 1
923 1
959 1
963 1
965 1
973 1
976 1
980 1
992 1
994 1
1001 1
1003 1
1008 1
1022 1
1024 19
1033 2
1040 4
1041 7
1047 1
1050 1
1057 1
1065 1
1068 1
1071 1
1085 1
1090 1
1097 1
1106 1
1118 1
1131 1
1137 1
1142 1
1151 1
1157 1
1159 1
1160 1
1178 1
1197 1
1211 2
1213 1
1217 1
1245 2
1247 1
1249 1
1282 1
1290 1
1294 2
1295 1
1314 1
1326 1
1335 1
1341 3
1344 1
1345 1
1346 1
1349 1
1350 1
1354 1
1371 1
1377 1
1392 2
1396 1
1403 1
1415 1
1422 1
1457 1
1470 1
1475 1
1480 1
1486 1
1492 1
1516 1
1526 1
1532 1
1536 4
1547 1
1552 1
1568 1
1625 1
1648 1
1651 1
1652 1
1662 1
1669 1
1670 1
1687 1
1703 1
1763 1
1775 1
1787 1
1806 1
1816 4
1817 1
1836 1
1840 1
1868 1
1872 1
1883 1
1884 1
1896 1
1899 1
1913 1
1939 1
1999 1
2033 1
2035 1
2048 2
2063 1
2078 1
2105 1
2121 1
2135 1
2201 1
2203 1
2239 1
2242 1
2244 1
2261 2
2291 2
2329 1
2356 1
2369 1
2394 1
2409 1
2425 1
2458 1
2525 1
2553 1
2563 1
2565 1
2567 1
2570 1
2574 1
2585 2
2638 1
2750 1
2752 1
2769 1
2795 1
2907 1
2927 1
2928 1
2946 1
2947 1
2984 1
3099 1
3145 2
3196 47
3264 1
3288 1
3378 1
3443 1
3456 1
3490 1
3529 1
3539 1
3542 1
3544 1
3550 1
3563 1
3571 1
3632 1
3657 1
3682 1
3700 1
3726 1
3740 1
3786 1
3790 1
3793 1
3828 2
3834 1
3909 1
3911 1
3956 1
4009 1
4031 1
4053 1
4138 1
4139 1
4162 1
4207 1
4330 1
4376 1
4426 1
4512 1
4522 1
4536 1
4582 1
4670 1
4672 1
4813 2
4888 1
4926 1
4944 1
4971 1
5080 1
5134 1
5156 1
5265 1
5320 1
5328 1
5360 1
5433 1
5488 1
5524 1
5619 1
5620 1
5630 1
5683 1
5689 1
5701 1
5702 1
5719 1
5725 1
5808 1
5864 1
5904 1
6039 1
6050 1
6118 1
6148 1
6164 1
6172 1
6320 1
6376 1
6553 1
6557 1
6587 1
6633 1
6807 1
6810 1
6878 1
6919 1
6976 1
7177 1
7253 1
7454 1
7468 1
7470 1
7567 1
7568 1
7586 1
7623 1
7638 1
7639 2
7666 1
7669 1
7715 1
7785 1
7885 1
8012 48
8114 1
8260 2
8268 1
8364 1
8480 1
8826 1
8874 1
9077 1
9222 1
9280 2
9303 1
9337 1
9406 1
9409 1
9466 1
9556 1
9572 1
9578 1
9634 1
9655 1
9741 1
9855 1
9899 1
10111 1
10290 1
10409 1
10617 1
10684 1
10752 1
10940 1
11089 1
11120 1
11136 1
11283 1
11434 5
11464 44
11788 1
11989 1
12142 2
12158 1
12195 2
12317 1
12447 1
12449 1
12602 1
12729 1
12938 1
12952 1
13024 1
13104 1
13485 1
13516 1
13546 1
13644 1
13746 1
13968 1
14337 1
14444 1
14566 1
14686 1
14735 1
14808 1
14979 1
15008 1
15052 1
15304 1
15455 1
15647 1
15789 1
15869 1
15982 1
16112 1
16276 1
16435 1
16460 1
16536 1
16590 1
16657 1
16789 1
16827 1
16849 1
16928 1
16968 1
16988 1
17323 1
17604 1
17893 1
17944 1
17957 1
17996 1
18117 1
18316 1
18439 1
18572 1
19019 1
19792 1
20528 1
20910 1
21020 1
21773 1
22724 1
22968 1
22969 1
23644 1
25491 1
25805 1
27051 1
27106 1
27404 1
27478 1
28196 1
28230 1
28627 1
29286 1
29924 1
29973 1
30108 1
30795 1
30907 1
31191 1
31995 1
32328 1
32516 1
32652 1
32768 2
32816 1
33328 1
33518 1
36864 1
38244 1
42557 1
43170 1
45056 2
45346 1
45837 1
46544 1
47978 1
49328 13
50877 1
53424 9
55350 1
55375 1
55493 2
55565 1
55772 1
55906 1
55951 1
56004 1
56116 1
56454 1
56858 1
57169 1
64563 2
67586 1
68617 1
68740 1
79898 1
84094 1
100728 1
114928 1
121798 1
122700 1
136469 1
139264 1
147456 1
155888 1
158596 1
167736 1
192396 1
224966 1
262144 1
268800 1
269535 1
300555 1
307200 1
373358 1
384000 1
387691 1
409488 1
415642 1
424252 1
425132 1
435324 1
480916 1
524160 1
582928 1
595700 1
655390 1
715316 1
963764 1
1138688 1
