0 37
2 9
4 7
5 5
8 8
10 5
12 1
14 3
15 2
16 22
17 8
18 2
20 2
22 1
23 3
24 4
28 4
29 1
30 3
31 4
32 1
33 3
34 5
36 7
38 4
40 1
41 1
44 1
46 1
48 2
50 2
52 1
53 2
54 3
56 4
58 4
60 1
61 1
62 1
63 1
64 8
65 1
66 1
68 1
69 2
72 6
73 3
74 4
75 1
76 4
78 5
79 4
80 19
81 8
82 8
83 11
84 9
85 19
86 22
87 21
88 52
89 21
90 21
91 18
92 17
93 20
94 23
95 18
96 14
97 14
98 4
99 5
100 4
101 9
102 14
103 11
104 7
105 12
106 7
107 8
108 8
109 11
110 6
111 13
112 23
113 20
114 4
115 6
116 6
117 9
118 3
119 6
120 7
121 11
122 11
123 8
124 1
126 6
127 2
128 4
133 1
134 1
137 1
139 1
140 2
141 1
143 2
144 3
145 1
150 1
153 1
155 1
157 1
158 1
159 5
160 1
163 2
164 2
165 1
167 3
168 5
169 3
170 4
171 3
172 3
173 1
174 3
175 5
176 5
177 11
178 6
179 7
180 3
181 6
182 7
183 3
184 4
185 3
186 6
187 5
188 7
189 3
190 4
191 7
192 2
193 4
194 8
195 9
196 2
198 4
199 2
200 5
201 3
202 4
203 3
204 2
205 1
206 1
207 6
208 5
209 4
210 3
211 3
212 3
213 5
214 5
215 7
216 7
217 1
218 3
219 4
220 5
221 2
222 5
223 3
224 3
225 3
226 3
227 4
228 1
229 3
230 3
231 2
232 3
233 1
234 4
235 2
236 2
237 2
238 3
239 1
240 5
242 2
243 1
245 2
246 1
247 2
250 2
251 1
252 1
253 1
254 2
257 4
258 5
259 2
262 3
263 1
264 5
265 2
266 3
267 2
269 5
271 3
272 3
273 2
274 1
275 1
276 7
277 4
278 6
279 1
280 4
281 2
282 5
283 1
284 1
285 1
286 2
287 5
288 3
289 1
291 2
293 3
294 3
295 1
296 5
297 2
298 3
299 4
300 1
301 2
302 4
303 4
304 2
305 4
306 4
307 5
308 3
310 3
311 3
312 1
313 4
314 1
315 3
316 4
317 2
318 2
319 1
320 2
322 1
323 3
325 2
326 2
327 2
328 1
329 3
331 2
332 3
333 2
334 2
335 2
336 1
338 1
340 3
341 3
342 9
343 2
344 2
345 2
346 1
347 3
348 4
349 3
350 2
352 2
353 2
354 1
355 1
356 1
357 3
359 1
360 1
361 1
362 5
363 2
364 1
365 1
366 2
367 3
368 2
369 1
370 2
371 1
373 1
375 1
376 4
378 2
380 1
381 1
382 2
383 1
384 2
385 1
386 1
387 1
388 3
389 2
390 3
391 1
392 1
393 2
394 1
395 1
396 2
399 2
402 3
403 2
404 1
405 2
406 3
409 2
410 2
411 2
412 3
413 1
414 3
415 1
416 1
417 4
419 2
420 1
421 2
422 1
423 2
424 4
426 2
427 2
428 1
429 4
430 2
432 1
433 1
435 2
436 1
437 2
439 3
440 3
441 3
446 1
447 1
449 4
450 3
451 2
452 2
454 3
455 3
456 1
457 3
458 3
459 3
460 5
461 1
462 2
463 2
464 1
465 3
466 3
468 1
469 2
470 1
471 4
472 1
473 1
474 3
475 1
477 2
478 4
479 2
480 2
481 2
482 1
483 1
484 2
485 1
486 1
487 1
489 1
491 1
492 1
493 1
494 1
499 1
500 2
501 1
503 3
504 1
506 5
507 2
510 3
512 129
513 2
514 2
515 1
516 1
517 2
518 3
520 1
521 3
522 2
523 1
524 2
527 2
529 1
530 1
531 2
532 1
534 1
535 1
536 1
537 2
539 1
542 2
543 1
544 2
545 3
546 1
547 2
550 2
552 4
553 1
554 1
556 3
558 1
559 1
560 4
561 4
563 1
565 1
567 2
568 1
569 1
571 3
572 2
574 1
576 1
577 1
578 4
579 3
580 4
581 1
582 1
583 1
584 1
585 1
586 1
587 1
589 1
590 1
591 2
592 2
594 2
595 2
597 1
598 3
601 2
602 3
607 2
608 1
609 1
613 3
614 1
616 1
617 2
619 1
620 1
621 1
624 1
626 2
627 1
628 1
629 1
630 1
631 1
632 1
633 1
635 1
636 2
637 1
639 1
641 2
642 2
645 1
646 1
647 1
649 2
650 1
651 5
652 2
653 1
655 2
656 5
657 1
658 1
659 1
661 4
664 2
665 1
667 1
668 2
669 2
670 1
674 2
675 1
677 4
678 1
680 3
682 1
683 1
684 2
685 1
686 2
688 4
689 1
690 5
695 1
696 2
697 3
698 1
700 4
702 1
703 5
704 2
705 1
707 1
708 2
709 1
710 1
711 2
712 1
715 1
716 1
720 2
721 1
722 3
723 1
725 1
726 1
728 3
730 2
731 1
732 2
734 1
736 1
739 1
741 1
743 1
746 1
748 3
750 3
751 1
752 1
754 1
756 1
758 2
761 3
763 1
764 2
767 2
768 1
770 2
771 1
772 1
773 1
774 3
775 1
776 1
777 1
778 4
779 3
780 1
781 1
782 1
783 1
787 2
789 1
796 1
798 1
799 1
800 1
801 1
802 1
804 3
805 3
806 1
807 1
810 1
812 1
813 2
814 1
816 1
817 1
818 1
822 1
823 1
824 4
825 1
826 1
828 1
831 2
834 1
836 2
841 1
842 1
843 1
845 3
846 2
847 1
850 1
851 2
852 2
853 2
854 2
856 1
857 1
858 1
860 1
861 3
862 2
863 2
864 1
866 1
868 2
869 2
870 2
871 2
875 2
876 2
878 1
881 1
882 2
883 2
884 1
885 1
886 1
890 1
892 1
893 2
894 2
897 1
898 1
900 2
901 3
903 1
906 1
907 1
909 2
910 1
911 1
916 3
919 1
922 1
923 1
925 1
927 1
928 2
929 1
930 3
931 5
934 1
935 1
936 1
937 2
939 2
941 2
942 2
944 5
945 1
947 1
948 1
949 1
952 1
954 1
956 3
957 1
958 2
963 1
966 1
969 3
971 3
973 1
975 2
976 2
978 1
979 1
980 2
981 1
982 1
984 2
986 1
987 2
988 1
989 1
990 1
994 2
995 2
996 2
997 1
1000 1
1002 2
1005 2
1006 1
1007 1
1010 2
1011 24
1012 25
1013 2
1014 1
1015 1
1016 2
1017 1
1019 1
1020 2
1021 1
1022 1
1023 3
1024 21
1025 2
1027 1
1029 1
1030 2
1033 1
1034 1
1036 2
1037 2
1038 2
1039 1
1040 3
1042 1
1043 4
1044 6
1045 1
1047 1
1048 1
1050 1
1053 1
1054 3
1055 2
1058 1
1059 1
1060 1
1061 2
1065 2
1068 1
1071 1
1072 2
1073 1
1075 1
1077 1
1079 2
1085 1
1086 3
1090 1
1093 1
1094 1
1095 1
1097 1
1098 1
1102 3
1103 1
1106 3
1107 4
1108 4
1109 2
1110 1
1111 1
1112 1
1114 1
1115 1
1116 3
1118 1
1119 2
1121 1
1122 1
1123 1
1126 2
1127 1
1128 2
1130 1
1133 2
1134 1
1135 3
1136 1
1137 1
1138 1
1139 2
1140 1
1142 1
1146 1
1149 1
1150 3
1151 3
1152 6
1154 1
1156 2
1157 1
1158 4
1159 1
1160 1
1163 7
1164 6
1165 8
1167 6
1168 1
1169 9
1170 10
1171 2
1173 1
1174 4
1176 4
1177 1
1181 2
1184 2
1186 1
1187 4
1189 2
1194 2
1195 1
1197 2
1202 1
1204 1
1205 3
1208 1
1209 3
1212 1
1213 2
1214 1
1216 3
1218 3
1219 1
1223 1
1224 1
1226 1
1229 1
1230 2
1232 1
1236 2
1239 1
1240 1
1241 1
1242 312
1243 2
1244 1
1246 1
1250 1
1251 2
1252 4
1253 1
1254 1
1260 1
1261 2
1264 3
1265 1
1267 1
1271 2
1278 1
1280 1
1283 1
1284 2
1286 1
1292 1
1293 1
1294 2
1295 1
1297 1
1298 1
1299 4
1300 1
1302 1
1303 1
1304 1
1305 2
1308 1
1309 2
1310 1
1311 1
1312 2
1313 1
1317 1
1318 1
1323 1
1324 1
1325 1
1332 1
1333 1
1334 2
1337 2
1338 3
1339 1
1340 2
1343 1
1344 2
1345 1
1346 1
1347 1
1348 1
1349 2
1350 1
1354 1
1356 1
1361 3
1364 1
1366 1
1368 1
1369 1
1370 1
1371 1
1375 2
1376 2
1378 1
1380 1
1382 1
1383 1
1384 1
1386 1
1387 1
1390 1
1391 1
1398 2
1399 2
1400 1
1406 1
1407 1
1410 2
1412 2
1414 1
1415 3
1417 1
1419 1
1420 1
1421 1
1423 1
1424 1
1425 2
1426 1
1427 1
1430 9
1431 1
1433 1
1434 1
1435 1
1437 2
1441 1
1442 1
1446 1
1447 1
1448 1
1449 2
1451 1
1454 1
1455 1
1459 48
1462 1
1464 2
1466 1
1468 1
1470 4
1472 1
1473 1
1477 1
1481 1
1483 1
1486 1
1493 2
1499 1
1500 2
1502 1
1506 1
1507 1
1512 2
1517 1
1518 1
1522 1
1523 1
1526 2
1527 1
1528 2
1529 1
1533 1
1534 1
1535 2
1536 6
1538 2
1541 1
1542 2
1548 1
1549 1
1551 1
1552 1
1553 1
1556 1
1558 1
1561 1
1563 2
1565 1
1570 1
1572 3
1573 1
1574 1
1575 1
1576 1
1585 1
1588 4
1592 2
1593 1
1594 2
1598 1
1600 1
1601 1
1608 1
1613 1
1615 1
1616 1
1618 1
1620 1
1622 2
1624 1
1625 2
1628 1
1633 1
1634 1
1636 1
1637 1
1638 1
1649 1
1650 1
1651 2
1654 1
1655 1
1657 3
1658 2
1661 1
1664 2
1665 1
1677 1
1678 1
1682 1
1685 1
1695 1
1696 1
1697 2
1700 1
1703 3
1704 1
1705 1
1706 1
1712 1
1716 1
1717 1
1723 1
1725 3
1728 1
1729 3
1730 1
1736 1
1738 2
1742 1
1749 1
1750 1
1752 1
1755 2
1756 4
1759 1
1761 1
1765 1
1766 2
1768 1
1772 1
1773 1
1774 1
1777 1
1778 3
1780 1
1781 1
1784 1
1785 1
1787 2
1789 1
1792 2
1793 1
1794 1
1798 1
1803 1
1805 1
1808 1
1809 1
1812 1
1816 1
1821 1
1822 2
1823 1
1825 1
1826 1
1827 1
1828 1
1833 1
1834 1
1843 1
1847 1
1848 1
1849 1
1852 1
1854 1
1865 1
1866 2
1869 1
1870 2
1871 1
1872 1
1876 2
1877 1
1878 2
1879 1
1881 1
1883 1
1885 2
1886 1
1888 1
1890 1
1895 1
1898 4
1905 1
1909 1
1911 1
1912 1
1913 2
1926 1
1929 1
1934 1
1943 1
1944 1
1948 1
1950 1
1952 1
1955 1
1956 2
1959 1
1960 1
1961 1
1963 1
1966 3
1967 1
1969 1
1972 1
1975 1
1980 1
1984 1
1986 1
1987 1
1997 1
2001 1
2002 1
2008 4
2021 1
2022 2
2025 4
2026 1
2027 4
2028 2
2029 1
2030 1
2032 1
2036 1
2038 1
2040 2
2041 1
2043 1
2044 2
2045 1
2047 1
2048 3
2050 1
2052 1
2053 1
2055 1
2056 1
2058 1
2060 2
2062 1
2065 1
2068 1
2070 2
2072 1
2074 1
2075 1
2077 2
2082 3
2083 1
2086 1
2089 1
2090 1
2092 1
2093 1
2099 1
2100 1
2102 1
2104 1
2106 4
2111 1
2114 1
2118 1
2123 1
2126 1
2129 2
2130 4
2138 1
2143 1
2153 1
2157 1
2162 1
2168 1
2179 1
2180 1
2184 1
2192 1
2193 1
2198 1
2199 1
2200 1
2215 2
2216 1
2219 1
2224 1
2229 1
2238 1
2243 1
2244 1
2251 1
2253 1
2257 1
2262 1
2265 1
2268 1
2269 1
2279 2
2290 1
2301 1
2302 1
2304 3
2309 1
2311 2
2315 2
2317 1
2320 1
2327 1
2329 1
2334 1
2335 1
2350 1
2357 1
2358 1
2366 1
2367 1
2370 1
2373 1
2374 2
2378 1
2380 1
2381 1
2386 1
2389 1
2403 1
2404 1
2419 1
2429 1
2434 1
2435 1
2438 1
2439 1
2450 1
2451 1
2453 2
2458 1
2461 1
2462 1
2469 1
2471 1
2475 1
2478 1
2479 1
2480 1
2482 1
2483 1
2484 1
2485 1
2490 1
2492 1
2496 1
2497 1
2498 1
2499 1
2500 1
2503 1
2510 1
2513 1
2514 1
2525 1
2540 3
2551 1
2556 1
2557 1
2560 3
2564 1
2566 2
2568 3
2577 1
2582 2
2590 1
2593 1
2606 1
2614 1
2618 1
2622 1
2623 1
2625 1
2627 1
2628 1
2629 1
2632 1
2634 1
2638 1
2639 1
2641 1
2645 2
2659 1
2661 1
2663 2
2664 2
2665 1
2666 1
2670 2
2671 1
2675 1
2678 1
2685 1
2687 2
2688 1
2689 1
2690 1
2691 2
2693 1
2701 1
2703 1
2709 1
2713 1
2717 1
2725 1
2729 1
2730 1
2733 1
2736 2
2738 2
2750 1
2753 1
2754 1
2758 2
2759 1
2762 2
2764 1
2768 1
2771 1
2772 1
2775 1
2776 2
2779 1
2784 1
2792 1
2796 1
2797 1
2801 1
2814 1
2820 1
2825 1
2831 1
2833 1
2834 2
2845 1
2847 1
2850 1
2854 1
2861 1
2863 1
2867 1
2868 2
2871 1
2874 1
2875 1
2879 2
2881 1
2889 1
2903 1
2905 1
2919 1
2926 1
2927 3
2928 1
2932 2
2933 1
2935 1
2937 1
2939 2
2944 1
2946 1
2948 1
2949 2
2952 1
2957 1
2971 1
2972 1
2977 1
2984 1
2989 3
2990 1
2992 1
3000 1
3004 1
3016 1
3026 1
3034 1
3046 1
3056 1
3060 1
3063 1
3074 1
3080 1
3084 1
3092 1
3097 1
3103 1
3106 1
3113 2
3117 1
3120 1
3121 1
3123 1
3131 1
3134 1
3139 1
3144 1
3155 1
3156 2
3158 1
3174 1
3185 1
3214 1
3217 1
3237 2
3239 1
3245 1
3246 1
3249 1
3252 1
3254 1
3261 1
3273 1
3278 1
3309 1
3312 1
3315 2
3326 1
3334 1
3335 1
3336 1
3344 1
3345 1
3346 1
3359 1
3361 1
3362 1
3370 2
3378 1
3394 1
3396 1
3405 1
3418 1
3428 1
3437 1
3466 1
3470 1
3471 1
3476 1
3484 1
3489 1
3511 1
3515 1
3520 1
3535 1
3550 1
3557 3
3561 1
3571 1
3573 1
3578 1
3582 1
3584 3
3585 1
3586 1
3588 1
3593 2
3599 1
3600 3
3601 1
3605 1
3607 1
3610 1
3614 1
3620 1
3621 1
3623 1
3627 1
3631 1
3638 1
3649 1
3650 1
3652 1
3654 1
3655 1
3659 1
3669 1
3673 1
3682 1
3703 1
3706 1
3707 1
3711 1
3717 1
3719 1
3722 1
3725 1
3728 2
3734 1
3737 1
3739 1
3746 1
3756 1
3759 1
3765 1
3777 1
3801 1
3806 1
3816 1
3822 1
3827 1
3832 1
3836 2
3841 1
3843 1
3847 1
3850 1
3859 1
3862 1
3863 2
3867 1
3868 1
3871 1
3876 1
3879 1
3883 1
3886 1
3898 1
3905 3
3917 1
3926 1
3928 1
3933 1
3934 1
3952 1
3957 1
3960 1
3968 1
3973 1
3977 1
3978 3
3979 1
3981 1
3982 1
3987 1
3998 1
4016 1
4021 1
4036 1
4037 1
4041 1
4047 1
4050 2
4060 2
4064 1
4085 1
4094 1
4105 1
4106 1
4108 1
4117 1
4123 1
4125 1
4133 1
4135 1
4146 1
4147 1
4176 1
4196 1
4199 1
4200 1
4213 1
4215 1
4232 1
4234 1
4244 1
4253 1
4264 1
4270 1
4290 1
4303 1
4307 1
4335 1
4341 1
4362 1
4369 2
4376 1
4406 1
4428 1
4432 1
4440 1
4444 1
4449 1
4451 1
4452 1
4456 2
4457 2
4466 1
4488 1
4500 2
4502 1
4518 2
4522 1
4544 1
4548 1
4557 1
4565 1
4566 1
4574 1
4575 1
4578 1
4612 1
4617 2
4621 1
4623 1
4628 1
4634 1
4635 1
4646 1
4650 1
4655 1
4658 1
4677 1
4693 1
4696 1
4706 1
4724 1
4730 2
4746 1
4748 1
4761 1
4768 1
4769 2
4785 1
4791 2
4794 1
4813 1
4831 1
4851 1
4862 1
4877 1
4885 1
4897 1
4900 1
4934 1
4953 2
4954 1
4956 1
4960 1
4966 1
4975 1
4978 1
4980 1
4982 1
4996 1
4997 1
4998 1
5011 1
5017 1
5050 1
5098 1
5101 1
5108 1
5117 1
5122 2
5144 1
5147 1
5149 2
5154 1
5162 1
5176 1
5185 1
5186 1
5189 1
5198 2
5200 1
5208 1
5214 1
5241 1
5273 2
5282 1
5311 1
5322 1
5324 1
5327 1
5343 1
5355 1
5358 1
5364 1
5382 1
5383 1
5388 1
5399 2
5414 1
5430 1
5431 1
5436 1
5445 1
5446 1
5451 1
5465 1
5489 1
5492 2
5496 1
5500 1
5517 1
5520 1
5521 1
5523 1
5532 1
5547 1
5562 1
5564 1
5576 1
5580 1
5582 1
5612 1
5613 1
5622 1
5624 1
5633 1
5638 1
5653 1
5658 1
5666 1
5667 1
5683 1
5685 1
5699 1
5702 1
5709 1
5721 1
5723 2
5737 1
5746 1
5750 1
5752 1
5757 1
5781 1
5792 1
5796 1
5812 1
5816 1
5825 1
5829 1
5839 2
5854 1
5857 1
5865 1
5866 1
5902 1
5919 1
5926 1
5941 1
5949 1
5959 1
5971 1
5984 1
5985 1
5990 1
6003 1
6012 1
6013 1
6055 1
6058 1
6078 1
6092 1
6102 1
6112 1
6113 1
6115 1
6124 1
6174 1
6177 1
6215 1
6222 1
6249 1
6255 2
6260 1
6286 2
6287 1
6289 1
6293 1
6301 1
6302 1
6323 1
6333 1
6372 1
6375 1
6380 1
6391 1
6398 1
6423 1
6428 1
6452 1
6461 1
6470 1
6473 1
6474 1
6510 1
6546 1
6555 1
6571 1
6619 1
6639 1
6646 1
6650 1
6661 1
6672 1
6684 1
6712 1
6767 1
6770 1
6775 1
6783 1
6808 1
6816 1
6828 1
6836 1
6853 1
6854 1
6857 1
6860 1
6864 1
6895 1
6915 1
6920 1
6939 1
6998 1
7007 1
7012 1
7026 1
7035 1
7046 1
7076 1
7085 1
7107 1
7118 1
7126 1
7136 1
7157 1
7170 1
7177 1
7195 1
7202 1
7204 1
7238 1
7239 1
7242 1
7273 1
7278 1
7305 1
7318 1
7321 1
7328 1
7352 1
7353 1
7379 1
7389 1
7395 1
7410 1
7421 1
7424 2
7440 1
7452 1
7455 1
7457 1
7508 1
7532 1
7537 1
7561 1
7603 1
7606 1
7632 1
7633 1
7643 1
7645 1
7678 1
7725 1
7733 1
7747 1
7760 1
7787 1
7788 1
7789 1
7814 1
7819 1
7832 1
7877 1
7903 1
7912 1
7917 1
7925 2
7933 1
7949 1
7954 1
7971 1
7977 1
7978 1
8022 1
8062 1
8106 1
8119 1
8172 1
8191 1
8192 1
8195 1
8241 1
8258 1
8271 1
8352 1
8362 1
8368 1
8383 1
8386 1
8397 1
8409 1
8441 1
8454 1
8493 1
8498 1
8516 1
8549 1
8587 1
8606 1
8619 1
8623 1
8672 1
8718 1
8724 1
8768 1
8771 1
8782 1
8856 1
8864 1
8891 1
8899 1
8965 1
8985 1
9032 1
9037 1
9044 1
9058 1
9089 1
9135 1
9164 1
9186 2
9204 1
9212 1
9226 1
9227 1
9280 1
9313 1
9349 1
9354 1
9355 1
9374 1
9378 1
9390 1
9413 1
9446 1
9471 1
9494 1
9497 1
9512 1
9621 1
9625 1
9630 1
9655 1
9662 1
9694 1
9718 1
9727 1
9790 1
9817 1
9837 1
9843 2
9849 2
9852 1
9853 1
9854 2
9877 2
9882 3
9884 2
9902 2
9904 2
9915 1
9924 2
9965 4
9969 1
9973 2
9982 2
9986 1
9992 1
10043 1
10067 1
10078 1
10096 1
10100 1
10136 1
10152 1
10160 1
10180 1
10194 1
10207 1
10210 1
10223 2
10248 1
10259 1
10292 1
10353 1
10365 1
10401 1
10408 1
10416 1
10473 1
10589 1
10601 1
10618 1
10686 1
10740 1
10755 1
10789 1
10804 1
10809 1
10873 1
10925 1
10933 1
11029 1
11086 1
11121 1
11141 1
11146 1
11178 1
11212 2
11230 1
11246 1
11292 3
11308 1
11440 1
11486 1
11494 1
11523 2
11539 1
11544 1
11580 2
11620 1
11692 1
11711 1
11722 1
11756 1
11812 2
11864 1
11872 2
11900 1
11902 1
11904 2
11945 1
11954 1
11956 1
12008 1
12017 1
12059 1
12073 1
12094 1
12103 1
12120 1
12230 1
12247 1
12315 1
12338 1
12339 1
12442 1
12497 1
12543 1
12557 2
12656 1
12664 1
12687 1
12690 1
12775 1
12781 1
12787 1
12831 1
12855 1
12880 1
12882 1
12905 2
12940 1
13017 1
13035 1
13165 1
13178 1
13197 1
13213 1
13220 1
13277 1
13288 1
13363 1
13399 1
13478 1
13504 1
13622 1
13758 1
13763 1
13800 1
13831 1
13865 1
13928 1
13941 2
14101 1
14139 1
14161 1
14212 1
14241 1
14329 1
14372 1
14389 1
14416 1
14503 1
14511 2
14515 2
14520 1
14563 1
14572 1
14600 1
14639 1
14660 1
14662 1
14721 1
14818 1
14832 1
14843 2
14866 1
14880 1
14904 1
14911 1
14921 1
14968 1
14975 1
14991 1
15131 1
15212 2
15223 1
15339 1
15478 1
15516 1
15519 1
15547 1
15702 1
15836 1
15987 1
16036 1
16039 1
16094 1
16138 1
16243 1
16293 1
16384 1
16620 1
16696 2
16790 1
16796 1
16800 1
16867 1
16882 1
16886 2
16900 1
17022 1
17045 1
17071 1
17122 1
17172 1
17248 1
17322 1
17330 1
17369 1
17477 1
17731 1
17791 1
17863 1
18114 1
18228 1
18253 1
18426 1
18504 1
18576 1
18667 1
18700 1
18707 1
18791 1
18907 1
18985 1
18987 1
19086 1
19134 1
19173 1
19181 1
19187 1
19198 1
19228 5
19399 2
19401 1
19414 1
19438 1
19507 1
19522 1
19653 1
19691 1
19761 1
19806 1
19821 1
19953 1
20006 1
20131 1
20158 1
20189 1
20232 1
20454 1
20538 1
20660 1
20755 1
20811 1
20840 1
20941 1
21134 1
21193 1
21239 1
21284 1
21363 1
21444 1
21590 1
21616 1
21642 1
21660 1
21714 1
21806 1
21897 1
21990 1
22076 1
22322 1
22331 1
22463 1
22576 1
22676 1
22746 1
22968 1
22975 1
23036 1
23082 1
23206 1
23237 1
23329 1
23339 1
23784 1
23982 1
24137 1
24249 1
24398 1
24550 1
24554 2
24556 2
24575 1
24576 9
24654 1
24723 1
24839 1
25079 1
25108 1
25115 1
25158 1
25391 1
25456 1
25555 1
25560 1
25753 1
25901 1
26029 1
26076 1
26357 1
26695 1
27054 1
27071 1
27241 1
27600 1
27634 1
28493 1
29064 1
29225 1
29384 1
29529 1
29782 1
29961 1
30032 1
30235 1
30629 1
30708 1
32199 1
32311 1
32453 1
32539 1
32768 1
32794 1
33017 1
33127 1
33164 2
33718 1
33741 1
33942 2
34415 1
34440 2
34574 1
34680 1
34776 1
35348 1
35911 1
36161 1
36176 1
36533 1
36585 1
36635 1
36989 1
37021 1
37030 1
37053 1
37110 1
37184 1
37362 1
37751 1
37859 1
38324 1
38732 1
38869 1
39030 1
39117 1
39402 1
40201 1
40549 1
40690 1
40946 1
41137 1
41141 1
41710 1
43287 1
43448 1
43460 1
43636 1
43682 1
44203 1
44572 1
44672 1
44702 1
46110 1
46909 1
47180 1
47186 4
47369 1
47428 1
47696 1
47758 1
47919 1
47935 1
47990 1
48043 1
48193 1
48257 1
48288 1
48424 1
48652 1
48878 1
49152 1
51032 1
51165 1
51324 1
51831 1
52794 1
54345 1
54369 1
54674 2
54793 1
55808 1
56928 1
57326 1
57344 1
57412 1
57689 1
58177 1
59014 1
60697 1
60738 1
60965 1
62971 1
64908 1
65827 1
65856 1
66189 1
66199 1
66237 1
66460 1
66958 1
67270 1
67560 1
67892 1
67987 1
68035 1
68073 1
68610 1
69376 1
69825 1
70314 1
73163 1
73189 1
73280 1
73287 1
73317 1
73368 1
73455 1
73477 1
73728 2
73797 1
74248 1
75003 1
75077 1
75085 1
75611 1
76152 1
76229 1
77310 1
77333 1
77859 1
77954 1
78074 1
78262 1
80150 1
81613 1
81727 1
82411 1
82496 1
86485 1
87954 1
90112 3
92018 1
92247 1
93118 2
93440 1
93869 2
97130 1
99434 1
99709 1
101104 1
102885 1
106733 1
106800 1
112674 1
113553 1
121869 2
122321 1
122880 1
127600 1
130801 1
135127 1
138181 1
146353 1
155692 1
156389 1
159664 1
163889 1
164457 1
174425 1
174759 1
178503 1
178953 1
180162 2
180540 1
181609 1
182601 2
183600 1
183731 1
184093 1
184823 1
191881 1
198371 1
198984 1
202669 1
212036 1
218648 1
224588 1
239333 1
241517 1
250966 1
252172 1
260209 1
262144 1
265771 1
278528 1
278572 1
293987 1
299545 1
302062 1
302534 1
309577 1
310901 1
311296 1
314737 1
317000 1
319488 1
322619 1
338096 1
393387 1
434176 1
451149 1
485164 1
589824 1
614400 1
624695 1
645870 1
653640 1
663552 1
682435 1
707195 1
712704 1
819239 1
1109374 1
1301412 1
1322122 1
2036302 1
3953414 1
10826586 1
