0 19
4 1
5 2
12 2
17 1
59 1
65 1
67 1
184 1
379 1
427 1
450 1
478 1
512 46
523 2
527 1
575 1
582 1
588 2
593 1
599 1
611 1
612 1
653 1
794 1
905 1
936 1
949 1
953 1
1024 1
1155 1
1231 1
1343 1
1363 1
1480 1
2048 2
3078 1
3584 1
6304 1
6490 1
6636 1
6637 1
7268 1
7339 1
7669 1
8192 1
8223 1
8370 1
8647 1
9266 1
9470 1
9526 1
9838 1
9909 1
10175 1
10525 1
10660 1
17524 1
17789 1
18273 1
18959 1
22572 1
23036 1
69841 1
76533 1
81753 1
85732 1
88713 1
90237 1
95529 1
98613 1
98645 1
99913 1
103887 1
110844 1
116820 1
123120 1
123408 1
126252 1
134235 1
135026 1
171702 1
184160 1
307536 1
364211 1
592103 1
