0 311
1 81
2 26
3 7
4 15
5 7
6 43
7 32
8 166
9 28
10 20
11 28
12 17
13 10
14 21
15 12
16 9
17 15
18 9
19 30
20 30
21 12
22 21
23 12
24 21
25 27
26 21
27 17
28 14
29 159
30 21
31 5
32 13
33 29
34 14
35 14
36 36
37 12
38 17
39 20
40 14
41 12
42 16
43 14
44 13
45 15
46 10
47 18
48 10
49 24
50 20
51 18
52 18
53 12
54 12
55 13
56 19
57 15
58 20
59 28
60 13
61 11
62 17
63 4
64 8
65 7
66 17
67 9
68 14
69 6
70 62
71 17
72 20
73 10
74 13
75 22
76 10
77 24
78 10
79 10
80 19
81 9
82 25
83 20
84 20
85 10
86 9
87 18
88 11
89 20
90 15
91 9
92 15
93 18
94 17
95 14
96 16
97 10
98 19
99 11
100 14
101 38
102 9
103 8
104 8
105 13
106 8
107 13
108 22
109 10
110 11
111 12
112 17
113 10
114 11
115 22
116 11
117 4
118 15
119 9
120 18
121 10
122 20
123 14
124 19
125 20
126 22
127 20
128 12
129 18
130 7
131 11
132 11
133 15
134 19
135 8
136 16
137 9
138 16
139 7
140 6
141 12
142 18
143 18
144 20
145 30
146 24
147 16
148 16
149 16
150 7
151 15
152 18
153 10
154 9
155 6
156 8
157 14
158 12
159 19
160 11
161 9
162 18
163 12
164 10
165 9
166 13
167 12
168 14
169 8
170 28
171 15
172 6
173 13
174 10
175 9
176 11
177 11
178 12
179 9
180 10
181 8
182 15
183 10
184 12
185 13
186 16
187 13
188 8
189 6
190 19
191 13
192 9
193 8
194 17
195 5
196 11
197 9
198 11
199 10
200 8
201 6
202 17
203 10
204 13
205 9
206 15
207 9
208 11
209 7
210 18
211 13
212 8
213 10
214 12
215 9
216 8
217 6
218 16
219 4
220 13
221 9
222 12
223 10
224 9
225 6
226 10
227 9
228 7
229 10
230 26
231 3
232 13
233 7
234 10
235 16
236 3
237 11
238 23
239 19
240 7
241 8
242 12
243 9
244 8
245 14
246 8
247 7
248 17
249 4
250 18
251 9
252 34
253 15
254 8
255 5
256 26
257 16
258 13
259 14
260 5
261 6
262 7
263 9
264 10
265 6
266 6
267 5
268 6
269 14
270 10
271 7
272 11
273 10
274 12
275 19
276 11
277 5
278 15
279 5
280 8
281 10
282 10
283 5
284 9
285 17
286 4
287 20
288 8
289 13
290 13
291 13
292 17
293 11
294 9
295 10
296 11
297 2
298 25
299 17
300 17
301 6
302 6
303 10
304 7
305 11
306 14
307 4
308 14
309 7
310 17
311 4
312 9
313 8
314 23
315 23
316 3
317 10
318 11
319 5
320 15
321 3
322 10
323 9
324 23
325 7
326 8
327 5
328 6
329 15
330 9
331 14
332 11
333 8
334 11
335 5
336 5
337 3
338 10
339 6
340 12
341 17
342 5
343 6
344 13
345 14
346 4
347 4
348 9
349 6
350 7
351 19
352 10
353 8
354 7
355 11
356 11
357 4
358 14
359 13
360 11
361 12
362 10
363 5
364 10
365 12
366 12
367 11
368 15
369 24
370 6
371 11
372 4
373 11
374 5
375 4
376 5
377 3
378 11
379 10
380 7
381 13
382 9
383 16
384 19
385 5
386 4
387 3
388 7
389 14
390 14
391 15
392 4
393 12
394 1
395 8
396 5
397 12
398 5
399 14
400 9
401 11
402 12
403 5
404 16
405 5
406 10
407 6
408 10
409 9
410 5
411 7
412 4
413 12
414 15
415 13
416 5
417 9
418 12
419 13
420 5
421 10
422 7
423 18
424 9
425 9
426 6
427 9
428 7
429 13
430 7
431 6
432 33
433 15
434 3
435 19
436 24
437 8
438 15
439 4
440 7
441 10
442 6
443 6
444 7
445 11
446 5
447 5
448 31
449 3
450 11
451 10
452 2
454 6
455 12
456 7
457 10
458 9
459 10
460 8
461 8
462 3
463 14
464 5
465 12
466 8
467 5
468 16
469 11
470 12
471 10
472 2
473 9
474 16
475 15
476 2
477 8
478 11
479 16
480 7
481 7
482 5
483 11
484 13
485 8
486 8
487 2
488 6
489 7
490 9
491 2
492 4
493 8
494 2
495 5
496 11
497 7
498 10
499 8
500 8
501 12
502 5
503 7
504 11
505 11
506 14
507 12
508 13
509 4
510 11
511 10
512 2101
513 5
514 11
515 6
516 8
517 4
518 1
519 10
520 9
521 8
522 10
523 9
524 9
525 9
526 2
527 2
528 9
529 9
530 10
531 17
532 6
533 6
534 5
535 10
536 5
537 6
538 7
539 6
540 12
541 7
542 7
543 14
544 10
545 13
546 7
547 7
548 10
549 15
550 8
551 16
552 7
553 7
554 6
555 14
556 6
557 3
558 9
559 5
560 4
561 10
562 12
563 17
564 14
565 15
566 11
567 3
568 16
569 10
570 18
571 10
572 8
573 11
574 16
575 9
576 14
577 2
578 12
579 23
580 12
581 9
582 9
583 6
584 8
585 15
586 7
587 1
588 17
589 9
590 2
591 8
592 6
593 9
594 7
595 7
596 13
597 9
598 14
599 11
600 11
601 5
602 2
603 14
604 5
605 14
606 14
607 5
608 6
609 13
610 6
611 6
612 7
613 6
614 6
615 9
616 10
617 8
618 4
619 5
620 11
621 9
622 13
623 15
624 11
625 8
626 13
627 2
628 5
629 2
630 7
631 4
632 11
633 16
634 16
635 24
636 9
637 7
638 8
639 10
640 5
641 17
642 6
643 15
644 9
645 8
646 10
647 7
648 7
649 12
650 12
651 13
652 10
653 7
654 9
655 9
656 12
657 5
658 5
659 4
660 4
661 5
662 4
663 5
664 9
665 9
666 14
667 1
668 14
669 3
670 6
671 10
672 9
673 5
674 2
675 6
676 7
677 4
678 3
679 7
680 12
681 8
682 7
683 6
684 10
685 9
686 8
687 4
688 7
689 8
690 16
691 5
692 7
693 8
694 10
695 8
696 5
697 3
698 4
699 4
700 8
701 11
702 7
703 13
704 11
705 13
706 7
707 14
708 17
709 8
710 3
711 3
712 6
713 7
714 11
715 9
716 9
717 4
718 5
719 13
720 7
721 11
722 11
723 7
724 3
725 8
726 11
727 2
728 17
729 6
730 9
731 4
732 10
733 3
734 9
735 20
736 3
737 11
738 7
739 6
740 15
741 6
742 1
743 7
744 8
745 8
746 4
747 2
748 8
749 7
750 6
751 5
752 7
753 6
754 14
755 4
756 5
757 4
758 2
759 10
760 18
761 7
762 3
763 7
764 9
765 6
766 12
767 7
768 6
769 5
770 7
771 4
773 7
774 10
775 11
776 14
777 6
778 9
779 6
780 9
781 10
782 2
783 8
784 10
785 13
786 9
787 4
788 9
789 9
790 10
791 5
792 3
793 4
794 12
795 10
796 12
797 3
798 10
799 5
800 16
801 9
802 4
803 10
804 4
805 11
806 9
807 4
808 7
809 4
810 4
811 8
812 1
813 12
814 6
815 11
816 9
817 5
818 9
819 5
820 3
821 8
822 9
823 2
824 8
825 2
826 10
828 7
829 5
830 8
831 11
832 6
833 10
834 7
835 8
836 16
837 6
838 17
839 10
840 12
841 8
842 3
843 10
844 10
845 15
846 7
847 5
848 13
849 4
850 12
851 7
852 10
853 7
854 9
855 8
856 4
857 6
858 4
859 4
860 7
861 8
862 10
863 1
864 12
865 13
866 7
867 1
868 3
869 9
870 7
871 2
872 6
873 5
874 7
875 7
876 4
877 7
878 4
879 2
880 10
881 9
882 4
883 9
884 6
885 1
886 13
887 3
888 13
889 9
890 6
891 11
892 11
893 4
894 14
895 5
896 9
897 12
898 10
899 8
900 7
901 6
902 7
903 7
904 6
905 6
906 5
907 11
908 9
909 11
910 8
911 6
912 10
913 11
914 6
915 4
916 10
918 8
919 15
920 10
921 10
922 7
923 6
924 9
925 10
926 14
927 3
928 8
929 8
930 4
931 7
932 14
933 7
934 7
935 6
936 6
937 5
938 12
939 6
940 8
941 6
942 20
943 9
944 12
945 5
946 11
947 11
948 9
949 14
950 10
951 9
952 8
953 6
954 9
955 11
956 5
957 4
958 10
959 1
961 2
962 6
963 5
964 9
965 2
966 10
967 8
968 6
969 8
970 6
971 8
972 3
973 8
974 5
975 5
976 4
977 15
978 5
979 7
980 10
981 9
982 5
983 5
984 9
985 12
986 7
987 1
988 10
989 10
990 3
991 7
992 5
993 3
994 6
995 10
996 8
997 4
998 5
999 12
1000 10
1001 6
1002 8
1003 8
1004 9
1005 3
1006 5
1007 9
1008 10
1009 3
1010 6
1011 4
1012 2
1013 5
1014 3
1015 6
1016 3
1018 2
1019 10
1020 8
1021 5
1022 1
1023 3
1024 323
1025 6
1026 5
1027 7
1028 3
1029 11
1030 5
1032 14
1033 4
1034 3
1035 3
1036 7
1037 16
1038 6
1039 4
1040 3
1041 8
1042 3
1043 10
1044 5
1045 7
1046 7
1047 5
1048 3
1049 1
1050 10
1051 5
1052 4
1053 7
1054 8
1055 6
1057 3
1058 6
1059 4
1060 2
1061 8
1062 8
1063 4
1064 9
1065 12
1066 8
1067 3
1068 8
1069 3
1070 3
1071 1
1072 2
1073 9
1074 1
1075 6
1076 3
1077 9
1079 3
1080 8
1081 8
1082 3
1083 5
1084 8
1085 3
1086 2
1087 6
1088 8
1089 10
1090 12
1091 9
1092 6
1093 2
1094 3
1095 6
1096 11
1098 4
1099 4
1100 6
1101 4
1102 7
1103 2
1104 1
1105 5
1106 7
1107 3
1108 2
1109 6
1110 3
1111 1
1112 4
1113 5
1114 7
1115 4
1116 9
1117 8
1118 6
1119 7
1120 11
1121 10
1122 3
1123 2
1124 7
1125 6
1126 8
1127 6
1128 4
1129 8
1130 3
1131 6
1132 12
1133 6
1134 7
1135 4
1136 2
1137 11
1138 6
1139 6
1140 2
1141 3
1142 4
1143 2
1144 8
1145 3
1146 3
1147 2
1148 5
1149 9
1150 5
1151 6
1152 4
1153 8
1154 9
1155 5
1156 14
1157 9
1158 4
1159 5
1160 7
1161 13
1162 3
1163 5
1164 4
1165 6
1166 3
1167 6
1168 6
1169 3
1171 2
1172 13
1173 13
1174 5
1175 5
1176 12
1177 1
1178 3
1179 11
1180 3
1181 5
1182 5
1183 4
1184 9
1185 3
1186 3
1187 10
1188 7
1189 6
1190 8
1191 4
1192 1
1193 6
1194 5
1195 16
1196 6
1197 4
1198 7
1199 8
1200 6
1201 5
1202 7
1203 5
1204 8
1205 4
1206 2
1207 5
1208 8
1209 9
1210 5
1211 4
1212 15
1213 1
1214 3
1215 4
1216 4
1217 2
1218 2
1219 10
1220 6
1221 5
1222 3
1223 4
1224 5
1225 9
1226 4
1227 11
1228 5
1229 13
1230 4
1231 4
1232 2
1233 10
1234 3
1235 12
1237 9
1238 7
1239 7
1240 6
1241 4
1242 7
1243 7
1244 4
1245 7
1246 6
1247 2
1248 2
1249 3
1250 5
1251 4
1252 6
1253 5
1254 5
1255 3
1256 8
1257 5
1258 1
1260 10
1262 2
1263 6
1264 4
1265 3
1266 7
1267 6
1268 8
1269 5
1270 10
1271 10
1272 4
1273 2
1274 6
1275 8
1276 6
1277 11
1278 7
1279 2
1280 4
1281 6
1282 4
1283 8
1284 12
1285 7
1286 8
1287 3
1288 8
1289 3
1290 3
1291 3
1292 8
1293 4
1294 4
1296 7
1297 3
1298 5
1299 3
1300 7
1301 5
1302 11
1303 7
1304 8
1305 7
1306 3
1307 2
1308 3
1309 2
1310 3
1311 6
1312 9
1313 5
1314 7
1316 7
1318 5
1319 7
1320 6
1321 9
1322 4
1323 9
1324 4
1325 5
1326 6
1327 5
1328 3
1329 3
1330 13
1331 8
1332 2
1333 5
1334 4
1335 4
1336 6
1337 4
1338 9
1339 7
1340 1
1341 5
1342 3
1343 4
1344 6
1345 13
1346 2
1347 7
1348 2
1349 13
1351 6
1352 4
1353 2
1354 21
1355 3
1356 3
1357 3
1358 4
1359 3
1360 6
1361 2
1362 4
1363 2
1364 8
1365 4
1366 3
1367 7
1368 8
1369 4
1370 8
1371 9
1372 4
1374 7
1375 1
1376 10
1377 5
1378 3
1379 3
1380 8
1381 4
1382 7
1383 1
1384 7
1385 1
1386 3
1387 6
1388 1
1389 3
1390 2
1391 7
1392 3
1393 6
1394 1
1395 4
1396 2
1397 1
1398 5
1400 2
1401 2
1402 3
1403 1
1404 4
1405 6
1406 6
1407 5
1408 3
1409 3
1410 4
1411 3
1412 2
1413 9
1414 5
1415 3
1416 4
1417 11
1418 4
1419 3
1420 4
1421 5
1422 10
1423 7
1424 5
1425 1
1426 5
1427 2
1428 5
1429 5
1430 5
1431 18
1432 11
1433 5
1434 5
1435 6
1436 5
1437 4
1438 3
1439 3
1440 6
1441 1
1442 6
1443 5
1444 3
1445 4
1446 8
1447 2
1448 10
1449 4
1450 8
1451 3
1452 2
1453 3
1454 1
1455 5
1456 9
1457 4
1458 2
1459 7
1460 3
1461 3
1462 3
1463 2
1464 5
1465 8
1466 4
1467 3
1468 1
1469 3
1470 4
1471 4
1472 4
1474 3
1475 1
1476 7
1477 12
1478 2
1479 5
1480 4
1481 5
1482 2
1483 2
1484 3
1486 1
1487 2
1488 5
1489 2
1490 6
1491 3
1492 6
1493 1
1494 4
1495 3
1496 3
1497 1
1498 6
1499 1
1500 4
1501 4
1502 5
1503 2
1504 4
1505 3
1506 7
1507 1
1508 4
1509 3
1510 4
1511 1
1512 7
1513 1
1514 6
1515 4
1516 3
1517 3
1518 2
1519 2
1520 7
1521 2
1522 3
1523 10
1524 2
1525 8
1527 4
1528 2
1529 3
1530 4
1531 5
1532 2
1533 1
1534 2
1535 2
1536 135
1537 1
1538 2
1539 4
1540 2
1541 4
1542 1
1543 9
1544 2
1545 2
1546 11
1547 6
1548 4
1549 4
1550 8
1551 1
1552 3
1553 4
1554 3
1555 1
1556 3
1557 6
1558 4
1559 2
1560 3
1561 10
1562 2
1564 6
1565 1
1566 2
1567 6
1568 5
1569 1
1570 4
1571 4
1572 5
1573 5
1574 1
1575 2
1576 8
1577 2
1578 2
1579 6
1580 4
1581 2
1582 6
1583 1
1584 4
1585 3
1586 6
1587 6
1588 1
1589 3
1590 5
1591 4
1592 4
1593 5
1594 4
1595 2
1596 5
1597 4
1598 9
1599 2
1600 4
1602 5
1603 4
1604 2
1605 5
1606 3
1607 4
1608 4
1609 4
1611 9
1612 3
1613 7
1614 4
1615 4
1616 2
1617 2
1618 1
1619 5
1620 6
1621 2
1622 5
1623 1
1624 4
1625 3
1626 7
1627 3
1628 2
1629 2
1630 4
1631 5
1632 5
1633 10
1634 1
1635 8
1636 7
1637 4
1638 2
1639 1
1640 2
1641 1
1642 2
1643 7
1644 1
1645 5
1646 5
1647 1
1648 4
1649 4
1650 2
1651 1
1652 2
1653 1
1654 2
1655 11
1656 7
1657 5
1658 3
1659 3
1660 2
1661 4
1662 1
1663 2
1664 6
1665 4
1666 4
1667 4
1668 5
1669 2
1670 3
1671 3
1672 1
1674 4
1675 1
1676 5
1677 4
1678 4
1679 3
1680 6
1681 1
1682 2
1683 2
1684 4
1685 3
1686 3
1687 1
1688 4
1689 10
1690 3
1691 1
1692 6
1693 2
1694 2
1695 3
1696 1
1697 3
1698 3
1699 8
1700 2
1701 3
1702 2
1703 2
1704 6
1705 3
1706 1
1707 7
1708 4
1709 3
1710 5
1711 6
1712 3
1713 1
1715 2
1716 5
1717 4
1718 1
1719 7
1720 1
1721 3
1722 9
1723 3
1724 6
1725 3
1726 1
1727 2
1728 7
1729 3
1730 5
1731 3
1732 9
1733 4
1734 3
1735 1
1736 8
1737 4
1738 1
1739 1
1740 3
1741 6
1742 5
1743 9
1744 5
1745 4
1746 3
1747 9
1748 9
1749 7
1750 3
1751 5
1752 3
1753 1
1754 9
1755 1
1756 6
1757 1
1759 3
1760 2
1761 3
1762 8
1763 6
1764 1
1765 9
1766 10
1767 1
1768 7
1769 2
1770 4
1771 4
1772 12
1773 7
1774 1
1775 3
1776 2
1777 5
1778 4
1779 1
1780 4
1781 1
1782 1
1783 4
1784 3
1785 4
1786 6
1787 6
1788 14
1790 3
1791 3
1792 9
1793 5
1794 1
1795 5
1796 13
1797 1
1798 7
1799 2
1800 6
1801 4
1802 1
1803 4
1804 1
1805 2
1806 5
1807 6
1808 3
1809 6
1810 4
1811 4
1812 3
1813 3
1814 5
1815 4
1816 4
1817 8
1818 1
1819 13
1820 5
1821 1
1822 2
1823 6
1824 4
1825 2
1826 6
1827 3
1828 10
1829 6
1830 1
1832 5
1833 5
1834 1
1835 1
1836 9
1837 5
1838 3
1839 3
1840 4
1841 5
1842 3
1843 5
1844 2
1846 4
1847 9
1848 3
1849 6
1850 3
1851 3
1852 2
1853 1
1854 1
1855 3
1856 5
1857 2
1858 7
1859 1
1860 2
1861 2
1862 2
1863 6
1864 6
1865 8
1866 7
1867 2
1868 4
1869 4
1870 1
1871 1
1872 2
1873 5
1874 1
1875 5
1876 7
1877 3
1878 2
1879 2
1880 3
1881 2
1882 5
1883 5
1884 4
1885 1
1886 5
1887 10
1888 6
1890 2
1891 5
1892 2
1893 2
1894 3
1895 2
1896 4
1897 4
1898 3
1899 7
1900 4
1901 3
1902 5
1903 4
1904 3
1905 1
1906 3
1907 4
1908 3
1909 3
1910 1
1911 2
1912 4
1913 2
1914 7
1915 4
1916 1
1917 1
1919 3
1920 4
1921 5
1922 3
1923 3
1924 6
1925 5
1927 1
1928 1
1929 2
1930 1
1931 7
1932 6
1933 11
1934 8
1935 4
1936 5
1937 10
1938 7
1939 3
1940 4
1941 3
1942 2
1943 3
1944 2
1945 3
1946 3
1947 3
1948 3
1949 1
1950 6
1951 4
1952 7
1953 4
1954 2
1955 2
1956 3
1957 1
1958 2
1959 8
1960 2
1964 5
1965 6
1966 1
1967 9
1968 4
1969 3
1970 3
1971 2
1972 7
1973 2
1974 5
1975 2
1976 2
1977 2
1978 11
1980 5
1981 3
1982 2
1983 4
1985 4
1986 4
1987 3
1988 1
1989 1
1990 1
1991 1
1992 6
1993 2
1994 6
1995 4
1996 6
1997 4
1998 10
2000 5
2002 3
2004 4
2005 6
2007 5
2008 6
2009 2
2010 2
2011 2
2012 5
2013 5
2014 3
2015 3
2016 2
2017 1
2018 1
2019 3
2020 6
2021 2
2022 1
2023 9
2024 3
2025 6
2027 1
2028 5
2029 2
2031 2
2032 2
2034 7
2035 2
2036 2
2037 2
2038 5
2039 1
2041 3
2042 2
2043 1
2044 5
2045 5
2046 2
2047 3
2048 38
2051 2
2052 1
2053 2
2055 3
2056 6
2057 2
2058 5
2059 5
2060 3
2061 5
2062 3
2063 1
2064 2
2065 1
2066 4
2067 4
2068 4
2069 2
2070 1
2072 1
2073 3
2074 6
2075 4
2076 3
2077 3
2078 3
2079 5
2080 3
2081 6
2083 1
2084 5
2085 9
2086 2
2087 2
2088 5
2089 3
2090 4
2091 3
2092 7
2093 3
2094 2
2095 5
2096 2
2097 1
2100 3
2101 1
2102 3
2103 1
2104 2
2106 3
2107 1
2108 6
2109 2
2110 2
2111 1
2112 2
2113 6
2114 1
2115 2
2116 2
2117 3
2118 2
2120 4
2121 3
2123 13
2124 2
2125 3
2126 2
2127 7
2128 2
2129 3
2130 4
2132 10
2133 5
2134 4
2135 7
2136 7
2137 6
2139 4
2140 2
2141 3
2142 2
2143 1
2144 4
2146 2
2148 5
2149 3
2150 3
2152 9
2153 3
2154 1
2155 6
2156 3
2157 7
2158 1
2160 3
2161 10
2162 3
2163 1
2164 1
2165 5
2168 3
2169 4
2170 7
2171 1
2172 8
2173 5
2175 2
2176 4
2177 8
2179 2
2180 6
2181 9
2183 6
2184 2
2185 1
2186 5
2187 3
2188 2
2189 4
2190 5
2191 1
2192 3
2193 3
2194 3
2195 3
2196 3
2197 3
2198 6
2199 1
2200 2
2201 4
2202 1
2203 2
2204 4
2205 5
2206 5
2207 1
2208 5
2209 1
2210 3
2212 3
2213 3
2215 2
2216 3
2217 5
2218 1
2220 3
2221 1
2222 3
2223 3
2224 3
2225 2
2226 2
2227 2
2228 7
2229 2
2231 1
2232 5
2233 2
2234 1
2235 2
2237 3
2238 2
2239 1
2240 6
2241 1
2242 1
2243 1
2244 4
2245 3
2246 5
2247 5
2248 2
2249 9
2250 1
2251 6
2252 1
2253 2
2254 7
2256 3
2257 4
2258 2
2259 1
2260 1
2261 2
2262 1
2263 3
2264 3
2265 4
2266 2
2268 4
2269 6
2270 2
2271 2
2272 2
2273 6
2274 3
2275 5
2276 3
2277 2
2278 3
2279 3
2280 1
2281 1
2282 3
2283 2
2284 3
2285 10
2286 4
2287 3
2288 3
2289 3
2290 4
2291 4
2293 2
2294 3
2295 1
2296 2
2297 5
2298 1
2299 4
2300 1
2301 4
2302 5
2303 1
2304 6
2305 4
2306 5
2307 2
2308 5
2309 1
2311 3
2312 2
2313 5
2315 4
2316 5
2317 4
2318 1
2320 3
2321 2
2322 4
2323 4
2324 4
2325 1
2326 1
2327 6
2328 2
2330 5
2331 1
2333 2
2334 3
2335 4
2336 2
2337 1
2338 3
2339 2
2340 3
2341 3
2342 3
2343 5
2344 2
2345 1
2346 5
2347 4
2348 3
2349 1
2350 1
2351 1
2352 1
2353 2
2354 4
2355 2
2356 2
2357 1
2358 3
2359 3
2360 5
2361 4
2362 5
2363 4
2364 2
2365 3
2366 9
2367 1
2368 5
2370 1
2371 2
2372 8
2374 4
2375 3
2376 2
2377 4
2378 1
2379 5
2380 2
2381 6
2382 5
2383 3
2384 1
2386 2
2387 2
2388 2
2389 3
2390 6
2391 4
2392 3
2394 4
2395 2
2396 1
2397 2
2398 2
2399 2
2400 3
2401 6
2402 1
2403 1
2404 8
2405 1
2406 4
2407 1
2409 3
2410 4
2411 1
2412 3
2413 3
2414 1
2416 5
2417 2
2418 1
2419 4
2420 2
2421 3
2422 3
2423 1
2424 4
2425 1
2426 1
2427 1
2428 1
2429 2
2430 1
2431 3
2432 4
2433 2
2434 6
2435 2
2437 6
2438 3
2440 4
2441 1
2442 1
2443 4
2444 3
2445 2
2446 1
2447 2
2448 2
2449 5
2450 1
2451 2
2452 1
2453 1
2454 5
2455 4
2456 6
2457 5
2458 1
2459 2
2460 4
2461 4
2462 7
2463 1
2464 5
2465 5
2466 9
2468 8
2469 1
2470 5
2471 2
2473 1
2474 2
2475 1
2476 5
2477 4
2478 3
2479 2
2480 5
2481 2
2482 3
2483 1
2484 1
2486 1
2487 1
2488 3
2490 2
2491 3
2492 11
2493 3
2494 1
2495 5
2496 1
2498 2
2499 1
2500 2
2501 5
2502 2
2503 4
2504 5
2505 1
2506 2
2509 4
2510 15
2511 2
2512 4
2513 9
2515 3
2516 3
2517 1
2518 41
2519 6
2520 2
2521 11
2522 5
2523 3
2524 9
2525 2
2526 3
2528 4
2530 3
2531 5
2532 1
2533 2
2534 1
2535 4
2536 2
2537 2
2539 1
2540 2
2541 1
2543 1
2544 6
2545 7
2546 1
2547 2
2548 4
2549 1
2551 4
2552 4
2553 1
2554 5
2555 4
2557 1
2558 3
2559 1
2560 26
2562 1
2563 5
2564 2
2566 1
2567 4
2568 3
2570 1
2572 5
2573 1
2574 2
2576 4
2577 4
2578 6
2579 4
2580 1
2581 2
2582 2
2584 2
2585 3
2586 2
2587 1
2588 1
2589 2
2592 3
2593 3
2594 4
2596 2
2597 1
2599 6
2600 2
2601 9
2603 2
2605 1
2606 4
2607 1
2608 1
2610 1
2611 2
2613 4
2614 2
2615 1
2617 4
2618 1
2619 1
2620 5
2621 1
2622 3
2623 2
2624 2
2626 2
2627 4
2628 2
2629 3
2631 3
2632 1
2634 3
2635 3
2636 1
2639 1
2640 1
2641 1
2642 1
2644 5
2645 1
2647 6
2648 2
2649 1
2651 2
2654 4
2655 4
2656 1
2657 1
2658 1
2659 9
2660 2
2661 2
2662 2
2663 2
2664 3
2665 1
2666 1
2667 5
2668 6
2669 5
2670 7
2672 6
2673 1
2674 2
2675 1
2676 7
2677 5
2678 7
2679 6
2680 2
2681 1
2682 2
2683 3
2684 2
2686 1
2688 1
2689 3
2690 1
2691 1
2692 2
2693 2
2695 2
2696 1
2697 1
2698 8
2700 1
2701 1
2702 2
2703 2
2704 1
2706 1
2707 4
2708 5
2709 1
2710 2
2711 1
2712 1
2713 2
2715 2
2716 5
2717 2
2718 4
2719 5
2720 1
2721 2
2722 1
2723 2
2724 4
2725 2
2727 1
2728 3
2729 2
2730 3
2731 7
2732 1
2733 4
2734 6
2735 2
2736 2
2737 3
2738 1
2739 2
2740 3
2741 2
2742 2
2743 2
2744 3
2745 1
2746 3
2747 3
2749 2
2751 1
2752 2
2753 1
2755 3
2757 1
2758 1
2759 2
2760 3
2762 2
2763 2
2764 1
2765 1
2767 10
2768 1
2769 1
2770 2
2772 2
2773 1
2774 1
2776 2
2777 1
2778 1
2779 1
2781 3
2783 4
2784 1
2785 3
2786 2
2787 1
2788 2
2789 3
2790 2
2792 6
2793 1
2795 5
2796 6
2797 6
2798 1
2799 5
2800 5
2801 3
2802 4
2804 3
2805 19
2806 2
2807 3
2808 2
2809 3
2810 2
2811 3
2812 2
2813 1
2814 4
2815 1
2816 2
2817 5
2818 2
2819 1
2820 3
2822 2
2823 1
2824 3
2825 2
2826 1
2827 1
2828 2
2829 5
2830 2
2831 3
2832 3
2834 2
2835 2
2836 1
2837 1
2838 2
2839 6
2841 9
2842 1
2843 2
2844 3
2845 2
2846 2
2847 1
2848 3
2849 1
2850 2
2851 2
2852 5
2854 2
2855 2
2856 5
2858 3
2860 3
2861 1
2862 3
2863 1
2864 3
2866 1
2867 3
2869 1
2870 2
2871 1
2872 2
2873 2
2874 4
2875 2
2876 1
2877 5
2878 2
2879 1
2881 1
2882 2
2883 1
2884 2
2885 1
2886 2
2887 5
2888 5
2889 2
2890 3
2891 3
2892 2
2893 5
2894 2
2896 2
2899 2
2900 2
2902 2
2904 5
2905 2
2906 2
2908 5
2909 1
2911 1
2914 2
2915 2
2916 3
2917 3
2918 3
2920 2
2921 1
2923 2
2924 2
2925 2
2927 1
2928 2
2930 2
2931 2
2932 8
2933 2
2934 1
2935 4
2936 2
2937 2
2938 3
2939 2
2940 4
2942 4
2943 1
2944 2
2945 1
2947 4
2948 3
2949 2
2951 1
2953 1
2954 1
2955 1
2956 5
2958 1
2959 3
2960 4
2961 3
2963 1
2965 1
2966 4
2967 3
2968 3
2969 5
2970 1
2971 5
2972 2
2973 5
2974 1
2975 3
2977 6
2980 6
2981 2
2983 1
2984 5
2985 2
2986 3
2987 1
2989 1
2990 2
2992 1
2993 1
2994 2
2996 2
2999 5
3000 2
3001 2
3002 1
3003 2
3004 3
3005 6
3007 3
3008 2
3009 1
3010 2
3011 1
3012 3
3013 2
3015 3
3016 1
3017 6
3019 1
3020 6
3022 3
3023 3
3024 5
3025 2
3027 1
3028 2
3029 2
3032 4
3033 1
3035 2
3036 1
3037 4
3038 1
3039 2
3040 1
3041 5
3043 1
3045 6
3046 3
3048 3
3049 3
3050 2
3052 1
3053 2
3056 1
3060 3
3061 2
3062 1
3063 2
3064 1
3065 1
3066 2
3067 2
3070 6
3071 4
3072 16
3073 6
3075 1
3076 1
3077 1
3078 1
3079 1
3080 6
3081 1
3082 1
3083 2
3084 1
3085 2
3086 1
3087 1
3088 1
3089 1
3091 1
3092 3
3094 1
3096 4
3097 1
3098 1
3099 1
3101 5
3102 1
3103 1
3104 1
3106 4
3108 1
3110 4
3112 1
3113 4
3114 1
3115 3
3116 2
3117 2
3118 1
3119 5
3120 3
3121 2
3123 1
3125 2
3126 1
3127 3
3128 5
3129 2
3130 5
3131 2
3132 2
3133 2
3134 2
3136 3
3138 1
3139 2
3140 1
3142 2
3143 1
3145 1
3146 1
3147 7
3148 4
3149 1
3151 1
3152 5
3154 3
3156 3
3157 3
3158 2
3159 1
3160 1
3163 2
3164 1
3165 1
3167 5
3169 1
3171 1
3174 1
3175 1
3176 3
3178 1
3179 3
3180 6
3183 1
3184 4
3185 1
3186 1
3187 1
3188 4
3189 1
3190 5
3191 4
3192 1
3193 2
3195 3
3196 1
3197 2
3198 1
3200 1
3201 1
3203 2
3204 2
3205 3
3207 1
3208 5
3209 1
3211 2
3212 5
3216 3
3217 3
3218 3
3219 1
3220 2
3221 3
3223 2
3224 2
3225 1
3226 2
3227 2
3229 1
3230 2
3231 3
3232 1
3233 1
3235 1
3237 3
3238 1
3239 4
3240 1
3242 2
3244 1
3245 5
3246 6
3248 2
3250 2
3253 6
3254 2
3256 5
3258 4
3259 1
3260 3
3262 1
3263 5
3265 1
3267 3
3269 3
3270 3
3271 1
3272 1
3274 1
3277 3
3278 1
3279 4
3280 1
3281 3
3282 2
3284 1
3285 1
3286 3
3287 2
3288 3
3289 1
3290 1
3291 1
3292 1
3293 1
3295 1
3297 2
3300 2
3301 1
3302 2
3304 4
3305 2
3307 5
3308 2
3309 1
3310 2
3311 6
3312 1
3313 1
3314 2
3316 2
3318 2
3319 2
3320 3
3321 1
3323 7
3324 2
3326 1
3328 4
3329 2
3331 1
3334 1
3335 1
3336 1
3337 2
3338 6
3340 6
3341 1
3343 4
3344 3
3346 3
3347 3
3349 3
3350 1
3352 2
3353 3
3354 1
3355 2
3356 2
3357 1
3359 1
3360 4
3362 2
3363 1
3364 3
3365 8
3366 1
3367 2
3368 1
3371 2
3373 3
3374 1
3376 1
3377 1
3378 4
3379 2
3380 2
3381 1
3382 3
3383 1
3384 4
3385 3
3386 1
3387 2
3388 2
3389 1
3391 1
3392 1
3393 1
3394 1
3395 1
3396 3
3397 1
3398 3
3399 2
3400 1
3401 2
3402 1
3403 3
3404 6
3405 2
3406 1
3408 1
3410 1
3411 4
3412 1
3413 6
3414 2
3415 1
3416 2
3418 3
3419 1
3420 2
3421 3
3426 1
3427 1
3428 3
3430 1
3431 2
3432 1
3434 1
3435 3
3436 7
3437 2
3439 3
3441 1
3443 2
3444 3
3445 5
3446 1
3447 1
3449 1
3450 1
3451 1
3452 4
3454 2
3455 3
3456 1
3457 2
3459 2
3460 3
3461 2
3462 4
3463 4
3464 3
3466 1
3469 4
3470 2
3471 2
3472 1
3474 6
3475 2
3476 2
3479 2
3480 4
3482 2
3484 2
3485 3
3487 1
3488 3
3489 1
3491 1
3492 1
3493 4
3495 1
3496 1
3498 1
3499 4
3502 1
3503 1
3505 2
3506 2
3509 2
3510 1
3511 1
3512 3
3513 1
3514 5
3515 2
3518 1
3520 1
3521 1
3522 2
3523 1
3524 2
3525 5
3527 1
3528 2
3529 3
3530 1
3535 1
3536 1
3537 1
3538 1
3541 4
3542 2
3543 4
3545 3
3546 1
3547 2
3548 2
3549 7
3550 1
3552 1
3553 1
3554 1
3555 1
3556 1
3557 3
3560 1
3562 1
3565 1
3567 2
3568 5
3569 4
3570 4
3571 3
3574 1
3576 1
3580 1
3581 1
3583 1
3584 12
3586 3
3587 3
3588 4
3590 2
3591 2
3592 3
3593 3
3594 11
3595 2
3596 2
3598 3
3599 3
3600 3
3601 1
3603 2
3604 3
3605 2
3606 3
3607 1
3608 4
3609 1
3611 6
3612 6
3613 2
3614 1
3615 5
3616 3
3617 1
3619 1
3620 3
3621 1
3622 2
3623 1
3626 3
3627 3
3628 2
3629 3
3630 1
3632 3
3633 5
3634 2
3635 1
3636 1
3637 2
3638 2
3640 4
3641 1
3642 2
3643 3
3644 1
3645 1
3646 4
3647 1
3649 3
3650 1
3652 3
3653 3
3656 1
3659 1
3660 1
3662 2
3665 2
3668 5
3670 2
3672 2
3673 1
3674 3
3675 1
3676 1
3677 2
3678 1
3680 2
3681 1
3682 2
3683 2
3684 1
3686 4
3688 1
3690 3
3691 1
3692 1
3695 1
3696 1
3697 3
3700 8
3701 4
3702 1
3703 2
3704 3
3706 5
3707 1
3708 2
3710 5
3711 2
3712 2
3713 1
3714 1
3716 1
3718 2
3719 1
3720 1
3721 1
3722 8
3723 1
3724 2
3725 1
3726 1
3727 3
3728 1
3730 5
3731 2
3732 3
3733 2
3734 1
3735 3
3736 2
3737 3
3738 5
3739 1
3740 2
3741 2
3742 1
3743 1
3744 2
3745 1
3747 3
3748 2
3750 5
3751 1
3752 4
3755 2
3757 1
3759 1
3762 1
3764 2
3766 1
3768 1
3769 2
3771 2
3772 1
3773 3
3774 1
3775 1
3776 7
3777 1
3778 2
3779 1
3780 1
3782 2
3784 2
3785 1
3788 5
3791 2
3792 3
3793 1
3794 3
3796 1
3799 1
3800 2
3802 1
3804 1
3805 3
3806 7
3807 1
3808 4
3809 2
3810 4
3812 3
3814 1
3815 3
3816 1
3817 1
3818 3
3821 2
3822 1
3823 1
3824 1
3826 2
3828 3
3829 4
3830 4
3832 3
3833 1
3835 2
3838 2
3840 1
3841 1
3844 4
3846 1
3847 4
3849 1
3850 3
3851 3
3852 1
3853 2
3854 2
3856 1
3857 4
3858 1
3859 1
3860 1
3862 1
3863 2
3865 1
3866 1
3867 4
3868 2
3869 2
3870 1
3871 2
3872 3
3873 1
3874 2
3875 1
3876 1
3877 1
3878 1
3880 1
3882 1
3883 1
3884 2
3885 1
3886 1
3888 1
3889 3
3890 2
3893 1
3897 3
3898 1
3900 3
3901 1
3902 2
3903 1
3904 6
3905 1
3906 1
3911 3
3912 2
3913 2
3914 1
3916 5
3917 6
3918 1
3919 1
3922 1
3923 1
3924 4
3925 2
3926 1
3927 1
3929 1
3931 5
3932 2
3934 3
3935 2
3938 2
3939 1
3940 1
3943 1
3944 1
3948 1
3949 2
3951 2
3952 3
3953 2
3957 1
3958 1
3959 1
3960 3
3962 1
3967 2
3968 2
3969 2
3970 1
3971 1
3973 3
3974 1
3976 1
3977 1
3979 1
3981 1
3982 1
3983 2
3984 1
3986 2
3988 3
3989 1
3990 3
3991 2
3994 2
3995 2
3996 2
4000 1
4001 2
4005 4
4009 1
4011 2
4012 4
4015 1
4016 1
4017 2
4018 1
4019 5
4021 5
4024 2
4025 1
4026 1
4027 1
4028 1
4029 3
4032 3
4033 1
4034 2
4035 2
4036 1
4037 1
4038 2
4041 2
4044 3
4048 1
4049 3
4051 1
4052 1
4053 1
4054 1
4056 2
4057 6
4058 2
4060 3
4061 2
4062 1
4063 3
4065 3
4067 1
4071 1
4073 1
4076 3
4077 2
4078 1
4079 1
4080 1
4081 1
4082 2
4085 7
4086 1
4087 2
4089 1
4090 1
4091 1
4092 2
4093 2
4094 5
4096 7
4100 1
4102 6
4103 4
4104 3
4105 2
4106 2
4107 1
4109 1
4111 2
4116 2
4120 1
4121 3
4122 1
4124 4
4126 1
4127 2
4128 1
4129 4
4132 1
4134 1
4135 1
4136 4
4138 3
4139 4
4141 2
4142 3
4146 1
4148 1
4149 3
4150 3
4153 4
4154 1
4156 1
4160 2
4165 1
4169 1
4170 2
4172 1
4175 3
4176 3
4177 2
4179 2
4181 3
4184 2
4185 3
4186 3
4187 1
4196 1
4199 1
4201 2
4204 2
4205 1
4206 1
4207 2
4209 1
4210 1
4211 1
4212 1
4213 1
4220 2
4221 1
4222 2
4223 2
4225 1
4227 5
4228 2
4229 1
4230 1
4232 1
4235 4
4236 2
4237 2
4240 1
4241 3
4242 5
4243 2
4244 1
4246 1
4249 1
4251 1
4252 1
4255 2
4256 1
4257 1
4258 1
4259 1
4261 1
4262 1
4263 2
4264 2
4267 2
4268 1
4270 1
4272 1
4274 1
4275 3
4276 2
4277 1
4278 2
4279 1
4280 2
4282 1
4283 1
4285 1
4286 1
4288 2
4290 1
4291 2
4292 1
4293 2
4294 2
4295 3
4299 1
4300 4
4301 1
4303 1
4305 4
4308 1
4309 2
4311 2
4313 1
4314 1
4316 2
4317 1
4318 2
4319 1
4322 2
4324 2
4325 3
4326 2
4328 1
4330 2
4331 2
4332 2
4333 1
4336 4
4337 1
4339 1
4340 1
4341 1
4343 1
4344 1
4346 1
4347 1
4349 2
4350 4
4354 1
4355 1
4356 1
4357 1
4358 1
4359 2
4360 7
4361 5
4364 5
4365 1
4366 1
4367 1
4369 3
4370 2
4371 3
4372 1
4373 2
4376 1
4377 1
4379 2
4380 1
4381 2
4382 3
4383 1
4384 1
4385 3
4387 2
4388 4
4390 2
4392 3
4394 2
4397 2
4398 1
4401 1
4402 3
4404 3
4405 2
4408 3
4409 2
4410 1
4416 1
4417 1
4420 1
4421 2
4424 2
4425 4
4426 2
4427 3
4429 5
4430 2
4431 1
4435 1
4436 2
4438 3
4439 1
4441 2
4444 3
4445 3
4448 2
4449 3
4450 2
4454 1
4456 1
4457 4
4458 2
4459 1
4460 4
4462 1
4464 1
4465 1
4469 2
4470 1
4471 2
4473 1
4475 4
4476 1
4477 2
4478 1
4479 1
4482 1
4483 1
4484 2
4486 1
4490 2
4492 1
4493 1
4494 3
4495 1
4496 2
4497 1
4504 1
4505 1
4506 1
4508 1
4510 2
4511 1
4512 3
4516 1
4517 3
4518 1
4520 3
4521 1
4523 2
4525 1
4526 1
4528 1
4529 1
4532 1
4536 2
4538 1
4539 1
4541 3
4543 1
4544 2
4546 1
4549 2
4550 2
4553 1
4554 4
4555 1
4556 1
4562 2
4564 1
4565 2
4567 1
4568 2
4570 1
4573 2
4576 2
4577 2
4579 2
4580 2
4583 2
4585 2
4587 3
4589 2
4592 1
4594 3
4595 2
4596 1
4598 1
4600 1
4602 2
4603 1
4604 2
4605 2
4608 2
4609 1
4610 1
4612 1
4614 1
4616 2
4617 1
4618 3
4620 1
4621 4
4622 1
4624 2
4625 1
4626 2
4628 1
4629 1
4630 4
4631 7
4633 1
4634 2
4635 4
4637 3
4639 2
4643 2
4645 1
4646 1
4648 3
4650 3
4652 2
4653 2
4654 1
4656 1
4658 1
4660 1
4661 4
4663 1
4664 1
4665 2
4666 3
4668 1
4670 1
4672 2
4675 2
4677 1
4678 1
4679 1
4680 2
4681 1
4684 2
4685 1
4686 1
4688 1
4691 1
4692 3
4694 1
4699 1
4700 2
4701 1
4703 1
4706 1
4708 3
4710 1
4711 3
4712 1
4713 1
4714 1
4715 1
4716 2
4717 1
4719 1
4722 1
4724 1
4725 4
4726 2
4727 1
4728 1
4731 2
4733 1
4734 1
4735 2
4736 1
4738 1
4739 1
4740 3
4741 1
4742 1
4743 4
4745 1
4746 2
4747 1
4748 1
4750 1
4753 1
4755 1
4757 1
4760 1
4762 1
4763 2
4765 1
4766 5
4767 1
4768 2
4770 1
4772 2
4774 1
4776 1
4778 3
4780 2
4783 2
4785 3
4786 1
4790 1
4792 3
4793 1
4795 1
4796 1
4797 2
4798 2
4799 1
4800 2
4801 4
4804 1
4806 4
4807 1
4808 2
4810 2
4812 1
4814 1
4815 1
4816 2
4820 1
4821 1
4822 1
4824 4
4827 7
4828 1
4832 4
4833 1
4835 1
4838 3
4839 3
4840 2
4841 1
4842 1
4846 1
4847 1
4848 6
4850 1
4852 3
4855 3
4856 1
4862 4
4863 2
4864 1
4865 1
4866 1
4868 1
4869 1
4873 4
4875 3
4876 2
4877 1
4879 1
4880 1
4881 2
4885 3
4886 2
4887 1
4888 1
4890 2
4892 5
4897 2
4900 2
4901 1
4903 3
4908 4
4909 2
4910 1
4911 1
4914 2
4915 1
4916 1
4917 4
4919 2
4920 1
4922 1
4924 1
4925 2
4926 1
4927 3
4929 2
4931 2
4932 1
4934 3
4939 2
4940 1
4942 1
4943 3
4944 1
4948 2
4952 3
4958 4
4960 2
4961 1
4962 5
4964 5
4965 1
4966 1
4968 2
4969 4
4971 3
4972 2
4974 1
4975 1
4976 2
4977 2
4978 4
4981 1
4984 1
4985 1
4987 2
4988 1
4991 1
4995 3
4996 1
4998 1
5001 1
5003 5
5009 1
5010 2
5011 1
5012 1
5014 1
5015 1
5016 1
5020 3
5023 3
5024 2
5025 1
5026 1
5027 1
5028 1
5029 1
5030 2
5032 3
5033 2
5034 1
5035 2
5037 1
5039 2
5042 1
5043 1
5044 1
5045 1
5046 8
5048 1
5054 1
5055 4
5056 2
5059 1
5060 1
5064 4
5069 2
5073 3
5076 1
5077 2
5078 1
5080 1
5082 1
5083 2
5087 1
5090 3
5091 1
5095 1
5096 3
5100 1
5101 6
5102 2
5106 2
5110 1
5111 2
5113 1
5116 2
5117 1
5120 5
5126 1
5127 1
5128 2
5129 1
5132 6
5135 1
5137 1
5138 2
5139 4
5140 2
5141 1
5142 1
5143 1
5144 3
5149 1
5151 3
5152 2
5154 1
5155 2
5156 5
5157 1
5159 1
5161 3
5168 4
5170 1
5171 1
5175 1
5177 1
5179 2
5180 1
5182 1
5183 1
5186 1
5187 2
5188 1
5191 1
5192 2
5193 2
5194 1
5196 1
5198 1
5199 1
5200 1
5201 3
5203 2
5204 1
5205 1
5206 2
5207 1
5208 2
5209 1
5210 2
5211 3
5212 2
5213 1
5214 3
5217 1
5218 1
5219 1
5221 1
5224 1
5228 2
5229 1
5230 2
5231 1
5234 1
5235 2
5236 4
5240 1
5241 3
5244 1
5245 1
5248 1
5250 1
5251 1
5254 1
5257 1
5261 1
5262 1
5263 3
5265 1
5267 1
5268 1
5271 4
5275 1
5276 1
5279 1
5280 1
5281 3
5282 1
5284 2
5285 1
5286 2
5287 1
5288 2
5290 2
5292 1
5294 2
5300 2
5301 1
5306 1
5308 1
5309 1
5311 2
5312 2
5314 2
5315 2
5316 2
5317 1
5318 2
5320 1
5322 4
5325 1
5326 3
5328 1
5332 2
5334 2
5335 1
5339 3
5340 1
5341 1
5344 2
5345 1
5346 2
5348 2
5350 2
5351 1
5353 4
5355 2
5357 2
5358 1
5360 1
5361 1
5362 1
5369 1
5370 1
5372 1
5373 1
5374 1
5375 2
5376 3
5377 2
5378 2
5380 1
5383 3
5386 1
5388 4
5397 1
5398 1
5400 2
5402 1
5405 1
5408 2
5410 1
5414 3
5415 5
5416 1
5417 1
5418 1
5419 1
5420 1
5423 1
5425 1
5426 1
5428 2
5430 2
5432 1
5434 1
5435 2
5436 1
5438 1
5439 1
5440 1
5443 1
5446 1
5448 1
5454 1
5455 1
5460 2
5462 1
5463 2
5464 1
5465 2
5467 3
5470 1
5472 3
5473 1
5474 2
5475 2
5476 1
5477 2
5481 3
5485 2
5486 1
5487 1
5489 1
5491 1
5493 1
5498 1
5499 2
5501 1
5502 1
5508 1
5512 1
5515 1
5516 2
5518 1
5519 1
5520 1
5522 4
5523 1
5524 2
5525 1
5526 1
5530 3
5531 1
5532 1
5534 2
5535 2
5537 5
5538 2
5540 2
5541 1
5543 2
5544 1
5552 1
5553 2
5558 1
5560 3
5562 1
5564 3
5565 1
5566 1
5567 1
5569 1
5571 1
5573 3
5575 1
5576 2
5578 1
5579 2
5581 1
5582 1
5583 4
5589 1
5590 1
5591 1
5592 1
5595 1
5597 2
5599 2
5602 2
5603 2
5604 1
5606 2
5609 1
5610 2
5611 7
5612 2
5614 1
5616 6
5617 1
5620 3
5621 3
5622 3
5624 1
5625 1
5626 1
5628 2
5629 5
5631 3
5632 4
5634 4
5636 1
5637 1
5638 2
5639 1
5640 2
5645 3
5648 1
5655 2
5657 2
5658 2
5659 1
5660 1
5662 4
5664 1
5668 1
5672 1
5676 3
5677 4
5678 1
5679 1
5681 2
5682 1
5684 1
5686 1
5688 1
5693 2
5696 3
5698 2
5699 1
5700 2
5702 1
5704 2
5706 3
5707 1
5708 1
5712 1
5714 4
5717 1
5719 1
5722 2
5725 1
5727 3
5728 2
5730 2
5731 1
5740 1
5744 1
5745 3
5746 1
5748 3
5751 1
5752 1
5754 1
5755 3
5757 1
5760 1
5761 1
5764 1
5765 2
5766 1
5771 1
5773 2
5774 5
5777 6
5779 1
5781 1
5784 1
5787 1
5794 1
5795 1
5796 5
5798 1
5802 1
5803 1
5804 3
5805 1
5808 1
5810 2
5811 1
5812 1
5816 3
5817 2
5823 1
5824 1
5825 3
5827 1
5828 1
5829 2
5832 1
5836 2
5840 1
5843 3
5844 2
5845 1
5846 1
5848 20
5849 1
5850 1
5852 2
5854 3
5855 3
5856 1
5862 1
5863 1
5866 1
5869 1
5871 3
5872 1
5873 2
5875 1
5876 1
5877 2
5878 1
5881 1
5884 1
5886 2
5887 3
5889 1
5892 3
5894 1
5895 2
5896 2
5897 1
5898 1
5899 1
5901 1
5904 3
5905 1
5907 1
5909 1
5910 6
5911 3
5912 4
5914 2
5917 2
5918 1
5920 1
5921 2
5925 2
5927 2
5929 2
5930 4
5931 3
5940 1
5941 2
5944 2
5946 1
5948 3
5949 4
5957 1
5960 4
5961 1
5962 2
5965 1
5966 6
5972 4
5975 1
5977 1
5981 2
5983 1
5987 2
5988 2
5991 2
5992 5
5995 3
5996 5
5997 2
5998 1
6001 2
6005 4
6006 2
6008 1
6014 1
6015 1
6016 3
6018 1
6019 2
6022 1
6023 1
6024 2
6025 2
6026 1
6027 1
6030 1
6031 1
6032 4
6034 1
6035 1
6036 2
6038 1
6044 2
6045 3
6048 1
6052 2
6055 1
6056 2
6057 2
6058 1
6060 1
6061 1
6063 1
6064 4
6065 3
6066 1
6067 1
6068 1
6071 1
6073 1
6074 1
6076 1
6078 1
6081 2
6084 1
6086 2
6088 1
6089 2
6094 2
6097 3
6100 2
6101 2
6102 6
6103 2
6104 1
6105 3
6106 2
6107 1
6108 2
6113 1
6116 2
6117 1
6125 1
6128 1
6132 1
6133 2
6138 1
6140 2
6143 1
6144 2
6146 1
6149 2
6150 1
6156 1
6158 1
6161 1
6165 2
6167 2
6169 3
6174 1
6176 1
6177 1
6179 1
6180 3
6183 2
6185 1
6188 1
6190 7
6194 2
6195 1
6196 1
6198 1
6201 1
6203 1
6212 1
6213 2
6216 2
6217 4
6218 1
6219 1
6220 1
6222 1
6228 2
6230 1
6232 2
6233 1
6235 1
6236 2
6237 1
6241 1
6242 5
6243 1
6246 2
6248 1
6249 1
6251 4
6252 1
6253 3
6254 1
6255 2
6258 1
6261 1
6266 1
6268 1
6276 1
6279 1
6284 1
6288 1
6289 4
6294 1
6296 1
6298 1
6300 2
6302 1
6304 3
6311 1
6312 1
6316 2
6317 1
6322 2
6323 2
6326 2
6327 1
6328 1
6333 2
6338 1
6340 1
6341 2
6342 2
6346 1
6347 2
6349 2
6351 2
6352 2
6353 1
6356 4
6357 1
6361 2
6364 1
6365 1
6368 1
6369 2
6370 1
6371 1
6373 1
6377 1
6382 1
6383 1
6384 1
6385 1
6386 1
6387 2
6388 1
6389 2
6393 2
6395 5
6400 1
6401 4
6403 1
6405 1
6406 1
6407 1
6408 1
6413 2
6414 1
6415 1
6416 2
6417 1
6418 1
6419 1
6420 2
6421 1
6424 1
6429 2
6430 1
6433 1
6435 3
6436 1
6438 1
6440 1
6443 1
6447 2
6452 1
6453 1
6456 1
6457 1
6461 3
6464 2
6465 1
6467 1
6468 2
6470 2
6474 5
6477 2
6480 1
6481 1
6482 1
6485 1
6491 1
6492 1
6493 1
6494 1
6497 2
6498 2
6499 1
6504 1
6505 2
6507 1
6509 1
6512 1
6513 1
6514 1
6516 1
6518 1
6519 1
6520 1
6521 1
6524 1
6528 3
6529 1
6533 1
6536 2
6537 1
6538 1
6544 2
6550 1
6551 2
6552 2
6554 2
6555 1
6557 1
6560 2
6561 2
6563 1
6565 1
6566 3
6567 1
6572 2
6575 1
6579 2
6586 2
6591 1
6593 1
6601 1
6602 1
6606 1
6607 1
6608 3
6609 1
6613 2
6617 1
6618 3
6621 1
6622 1
6624 1
6625 1
6629 1
6631 1
6635 2
6637 1
6643 1
6648 1
6650 5
6651 1
6653 3
6655 1
6658 1
6663 1
6664 2
6666 1
6669 1
6673 1
6674 1
6676 2
6680 1
6683 1
6684 1
6686 1
6687 1
6688 1
6689 2
6692 1
6693 2
6694 1
6696 1
6700 1
6701 1
6703 1
6710 2
6712 2
6714 1
6715 1
6716 2
6721 1
6724 5
6727 1
6731 2
6732 3
6735 5
6736 1
6740 2
6746 1
6749 2
6750 1
6752 1
6754 1
6755 1
6756 1
6765 1
6771 4
6772 1
6779 2
6782 2
6783 3
6786 1
6788 1
6790 1
6793 1
6794 1
6795 3
6797 1
6803 2
6805 2
6807 2
6808 1
6809 2
6811 1
6812 1
6813 1
6814 1
6815 1
6816 1
6817 7
6818 2
6819 1
6820 1
6821 3
6822 1
6824 2
6833 2
6838 1
6840 1
6844 1
6845 1
6847 1
6848 1
6855 1
6857 1
6858 2
6860 1
6861 3
6862 1
6863 1
6865 1
6869 2
6870 6
6877 1
6884 3
6892 1
6896 3
6897 1
6898 5
6900 1
6903 2
6904 1
6905 1
6907 2
6908 2
6910 3
6912 1
6916 1
6920 4
6923 1
6926 2
6927 1
6929 2
6930 2
6933 1
6934 3
6935 1
6946 3
6947 2
6948 3
6950 2
6951 1
6953 2
6955 3
6957 1
6960 1
6961 1
6962 2
6967 1
6974 5
6980 2
6981 1
6983 3
6984 1
6985 1
6989 1
6992 2
6994 1
6999 1
7004 1
7006 1
7009 1
7012 1
7013 1
7016 1
7019 2
7022 3
7026 2
7028 2
7036 1
7037 2
7039 1
7041 1
7042 2
7044 1
7046 1
7047 1
7048 3
7052 1
7053 1
7054 2
7057 1
7058 1
7066 3
7067 1
7070 1
7071 2
7072 1
7076 1
7081 4
7084 1
7090 2
7091 1
7092 1
7094 1
7096 1
7102 1
7103 1
7105 3
7107 1
7110 3
7111 4
7112 1
7113 2
7116 1
7118 2
7124 1
7125 1
7127 3
7128 1
7129 2
7130 1
7132 2
7134 1
7139 2
7141 1
7144 1
7150 1
7152 1
7158 1
7160 1
7162 1
7165 2
7166 1
7168 4
7169 4
7170 1
7172 1
7174 1
7175 1
7185 2
7186 1
7187 1
7190 2
7191 2
7195 1
7196 2
7201 4
7202 1
7203 1
7207 5
7209 2
7214 5
7217 2
7220 4
7222 1
7223 2
7228 2
7229 1
7230 3
7231 2
7232 1
7233 3
7238 2
7239 2
7242 1
7244 2
7245 2
7246 1
7247 1
7252 1
7253 1
7254 1
7258 1
7259 2
7260 1
7262 1
7266 1
7267 2
7268 1
7270 1
7271 2
7272 1
7273 1
7274 1
7275 1
7276 1
7277 1
7278 1
7280 1
7282 1
7287 1
7288 2
7292 2
7295 2
7296 6
7297 1
7298 1
7300 1
7301 1
7303 5
7305 1
7307 1
7308 2
7312 1
7313 1
7314 1
7321 1
7324 1
7327 1
7329 2
7331 3
7333 1
7334 2
7336 1
7339 1
7340 1
7341 1
7342 2
7345 3
7347 1
7349 1
7357 1
7363 1
7364 2
7365 1
7367 2
7369 7
7370 1
7376 1
7380 3
7382 3
7385 1
7387 2
7391 2
7392 2
7395 1
7396 1
7397 1
7399 2
7400 1
7402 1
7404 1
7406 1
7409 2
7411 2
7412 1
7413 2
7415 2
7419 1
7420 4
7430 6
7431 2
7432 1
7433 1
7442 1
7443 1
7444 1
7448 1
7452 3
7454 1
7455 1
7456 1
7457 1
7461 1
7465 2
7467 1
7469 1
7475 1
7476 1
7483 1
7484 1
7485 1
7486 1
7487 2
7488 1
7490 2
7491 1
7494 5
7498 1
7500 2
7501 1
7507 2
7508 3
7511 1
7513 1
7516 1
7517 1
7520 1
7522 1
7524 1
7526 1
7528 1
7529 4
7530 1
7532 1
7535 2
7538 1
7540 3
7545 1
7547 1
7549 1
7553 1
7555 1
7556 1
7560 1
7563 1
7567 1
7568 2
7570 1
7573 1
7575 1
7576 1
7580 1
7586 2
7587 1
7588 1
7589 1
7594 1
7595 2
7597 1
7601 1
7603 1
7605 1
7606 1
7608 1
7612 1
7613 2
7614 1
7618 5
7620 2
7622 1
7623 2
7624 1
7625 2
7632 2
7639 1
7641 1
7647 1
7649 2
7651 1
7652 2
7655 1
7656 1
7658 1
7659 4
7661 1
7663 3
7665 4
7669 2
7671 1
7673 1
7676 1
7680 1
7684 2
7686 1
7688 1
7691 1
7692 1
7700 2
7701 3
7702 1
7706 1
7711 1
7712 2
7716 1
7719 1
7720 2
7724 1
7726 2
7727 1
7728 1
7733 1
7737 5
7739 1
7740 1
7742 1
7743 1
7744 2
7746 1
7747 2
7749 2
7755 1
7756 1
7766 1
7767 1
7768 2
7770 1
7774 2
7777 1
7779 1
7783 1
7785 2
7787 1
7788 2
7789 1
7790 1
7792 1
7794 1
7795 2
7797 1
7798 1
7802 1
7803 1
7806 3
7811 1
7815 1
7819 1
7820 1
7821 1
7822 2
7828 1
7832 1
7834 3
7836 1
7838 1
7841 2
7846 3
7848 2
7849 1
7850 1
7852 2
7857 1
7861 2
7862 1
7863 1
7865 2
7866 2
7867 1
7871 1
7872 1
7873 1
7875 1
7879 1
7880 1
7881 2
7888 1
7890 2
7893 1
7895 2
7896 3
7897 1
7904 1
7907 3
7909 1
7912 1
7919 1
7922 1
7925 1
7927 2
7932 1
7936 1
7937 1
7938 1
7943 1
7944 2
7945 1
7946 2
7947 2
7953 1
7956 3
7958 4
7960 1
7961 1
7964 1
7965 1
7969 1
7970 2
7972 3
7976 1
7977 3
7979 1
7980 1
7983 2
7984 1
7985 1
7989 1
7991 1
7995 1
7996 1
7997 4
8000 2
8001 2
8002 1
8004 1
8005 1
8007 2
8009 2
8010 1
8012 1
8013 1
8016 1
8019 1
8024 1
8026 2
8028 3
8031 1
8033 1
8037 1
8041 3
8043 1
8049 1
8050 1
8052 2
8053 2
8064 1
8073 3
8076 1
8078 1
8084 1
8085 1
8100 1
8104 2
8106 1
8109 3
8110 3
8111 1
8113 2
8114 1
8117 1
8120 1
8122 1
8125 1
8130 1
8132 2
8139 1
8141 1
8143 1
8145 1
8149 1
8153 1
8158 1
8159 1
8164 1
8170 1
8175 1
8180 1
8182 3
8184 1
8189 1
8191 1
8192 4
8193 1
8194 2
8196 2
8206 2
8211 3
8212 2
8214 1
8216 1
8220 1
8222 1
8224 1
8226 1
8227 1
8230 1
8233 3
8239 1
8242 1
8243 1
8247 1
8249 1
8250 2
8252 3
8255 1
8256 2
8263 2
8267 2
8268 2
8271 2
8272 2
8273 2
8276 1
8279 1
8280 3
8289 2
8290 3
8292 2
8294 1
8299 1
8302 3
8304 3
8312 1
8325 1
8331 1
8332 2
8334 1
8335 1
8336 1
8339 1
8340 1
8342 1
8346 1
8351 1
8353 1
8355 4
8356 1
8357 1
8360 1
8364 2
8367 1
8371 1
8372 1
8373 1
8376 1
8379 1
8384 1
8389 1
8395 2
8397 1
8400 1
8406 1
8409 1
8411 1
8414 1
8418 1
8428 1
8431 3
8432 3
8434 2
8437 1
8438 1
8439 1
8442 1
8444 1
8449 3
8455 3
8457 1
8458 1
8460 1
8463 1
8465 1
8467 1
8468 1
8478 1
8483 1
8484 2
8487 1
8488 1
8493 1
8494 1
8496 2
8499 1
8500 1
8502 1
8508 1
8511 2
8512 3
8513 1
8515 1
8516 1
8520 1
8523 1
8524 1
8531 3
8532 1
8533 1
8534 1
8538 1
8541 1
8545 1
8546 2
8549 1
8551 1
8552 1
8555 3
8556 2
8558 1
8559 1
8565 2
8567 2
8571 2
8572 2
8575 2
8577 1
8578 1
8580 3
8581 1
8583 1
8594 1
8595 1
8597 1
8598 1
8599 2
8600 3
8601 2
8602 2
8603 1
8605 1
8608 3
8609 1
8610 1
8611 1
8618 1
8621 1
8624 1
8625 1
8627 4
8631 1
8636 1
8640 1
8642 2
8645 1
8653 2
8654 1
8655 1
8656 2
8660 2
8663 3
8667 3
8671 1
8672 1
8674 1
8678 1
8688 1
8691 1
8694 3
8695 1
8697 1
8699 1
8703 3
8704 1
8705 2
8707 2
8711 1
8712 1
8714 1
8722 1
8725 5
8726 2
8728 1
8730 1
8731 2
8732 2
8733 2
8736 2
8737 2
8739 1
8745 1
8746 1
8749 1
8752 6
8754 2
8755 2
8759 1
8760 1
8761 1
8762 3
8763 1
8764 2
8765 1
8767 2
8770 1
8771 1
8773 1
8776 1
8778 1
8779 1
8781 1
8783 1
8784 1
8786 1
8787 1
8789 2
8796 1
8798 1
8800 2
8807 1
8809 1
8814 1
8815 1
8817 2
8822 2
8824 2
8826 1
8827 3
8829 1
8830 3
8832 1
8841 1
8845 1
8846 1
8847 1
8853 1
8855 1
8858 1
8860 1
8861 1
8862 2
8864 1
8868 2
8869 1
8873 1
8875 1
8879 1
8881 2
8886 1
8887 1
8889 1
8893 1
8894 1
8898 1
8901 1
8902 1
8909 1
8914 2
8916 1
8917 1
8923 1
8924 2
8927 1
8928 1
8931 1
8935 1
8936 2
8938 1
8940 1
8942 5
8943 1
8944 2
8945 1
8946 1
8950 1
8952 1
8961 2
8962 1
8965 2
8966 1
8967 1
8970 1
8972 2
8976 1
8980 1
8985 2
8989 2
8990 1
8994 4
8996 1
9004 2
9008 2
9009 1
9011 1
9016 2
9017 1
9019 1
9022 1
9023 1
9024 1
9027 3
9028 1
9029 2
9034 1
9043 1
9045 2
9046 1
9054 1
9057 1
9058 1
9059 1
9060 1
9062 1
9063 1
9064 1
9065 1
9068 1
9069 1
9075 1
9080 1
9081 1
9082 1
9088 3
9089 2
9090 1
9092 2
9093 1
9099 1
9108 2
9110 1
9111 1
9119 1
9120 1
9121 1
9123 1
9131 1
9132 1
9134 1
9135 1
9136 1
9144 1
9150 1
9152 2
9154 2
9160 2
9162 1
9164 4
9165 4
9167 1
9170 4
9172 2
9177 1
9179 1
9180 1
9181 1
9183 1
9186 1
9192 2
9197 1
9200 1
9203 1
9209 1
9210 4
9211 1
9216 2
9219 2
9222 1
9223 1
9225 3
9230 1
9233 1
9234 1
9236 2
9243 1
9246 2
9250 2
9251 1
9252 1
9253 2
9258 2
9261 2
9263 1
9269 1
9272 1
9274 3
9276 4
9277 2
9279 1
9286 2
9293 1
9295 1
9299 1
9300 1
9305 1
9308 1
9312 1
9314 1
9316 3
9317 2
9320 2
9328 2
9329 3
9331 1
9336 2
9337 1
9339 1
9341 1
9343 1
9344 2
9346 1
9347 2
9349 2
9350 1
9352 1
9353 1
9358 1
9363 1
9369 1
9370 1
9371 1
9383 1
9384 1
9389 2
9390 1
9391 1
9395 2
9396 3
9400 3
9401 1
9404 1
9408 2
9409 1
9412 3
9413 2
9417 1
9423 1
9424 1
9425 1
9428 1
9429 3
9431 1
9432 1
9437 1
9442 2
9443 1
9444 1
9445 1
9446 1
9448 1
9451 1
9456 1
9472 1
9475 1
9479 1
9482 2
9484 1
9485 1
9486 2
9491 1
9494 1
9499 2
9502 3
9503 1
9504 1
9506 1
9508 1
9512 2
9520 1
9522 1
9523 1
9525 1
9526 5
9527 1
9528 2
9529 2
9532 2
9533 1
9534 3
9535 3
9539 4
9544 2
9545 2
9549 1
9552 3
9554 1
9555 1
9556 1
9559 1
9563 1
9565 1
9569 1
9581 2
9582 1
9584 1
9586 3
9593 1
9596 1
9597 2
9598 1
9602 1
9604 2
9606 1
9609 2
9615 2
9623 1
9627 1
9628 1
9636 2
9638 1
9643 1
9651 1
9653 2
9656 1
9659 1
9663 1
9668 2
9669 2
9670 1
9671 3
9681 2
9683 1
9690 1
9693 1
9694 2
9696 1
9699 2
9700 1
9704 2
9705 1
9708 2
9714 1
9716 1
9717 2
9719 2
9721 1
9722 1
9725 1
9727 3
9731 3
9735 1
9738 1
9745 1
9748 1
9750 1
9753 1
9755 1
9759 1
9760 1
9761 1
9764 1
9766 3
9769 1
9770 1
9773 1
9775 1
9776 1
9777 1
9783 1
9785 1
9788 2
9789 1
9792 1
9795 1
9796 3
9799 1
9800 2
9801 1
9805 1
9809 1
9810 1
9815 1
9816 2
9817 1
9820 1
9823 1
9824 1
9826 2
9835 1
9837 3
9841 1
9846 1
9848 1
9849 3
9850 1
9855 2
9864 2
9870 1
9876 3
9882 2
9884 1
9886 1
9892 1
9898 1
9916 1
9919 4
9920 2
9925 1
9928 1
9929 1
9932 1
9944 1
9949 1
9951 2
9955 1
9958 2
9960 1
9968 1
9970 1
9975 1
9980 2
9982 1
9996 2
9997 1
10000 1
10006 1
10017 2
10018 1
10030 1
10032 1
10033 1
10040 1
10043 1
10044 1
10047 1
10048 1
10049 1
10064 1
10065 2
10066 1
10067 1
10068 1
10072 2
10085 1
10087 1
10088 1
10092 1
10095 1
10096 1
10104 1
10107 1
10108 2
10117 1
10119 4
10120 2
10122 1
10123 1
10124 1
10129 1
10132 1
10134 2
10136 1
10140 1
10150 1
10152 4
10153 1
10156 2
10160 1
10161 1
10163 1
10164 1
10165 1
10169 1
10170 2
10172 1
10174 2
10175 1
10180 2
10181 1
10186 1
10189 1
10194 2
10197 1
10198 1
10200 1
10202 1
10203 1
10218 1
10221 1
10222 5
10229 1
10230 3
10234 1
10239 2
10240 2
10248 1
10252 1
10253 3
10257 3
10259 1
10262 2
10264 2
10265 1
10270 1
10272 1
10275 1
10277 1
10278 1
10279 2
10287 1
10288 1
10292 1
10293 1
10295 1
10296 2
10297 2
10299 3
10302 1
10303 1
10305 1
10306 1
10307 1
10308 1
10311 1
10314 1
10315 1
10316 1
10318 2
10332 1
10334 1
10344 3
10348 2
10350 1
10352 2
10365 1
10370 1
10371 2
10373 1
10376 5
10380 3
10383 1
10387 3
10389 1
10394 1
10397 1
10400 3
10402 1
10404 1
10406 1
10410 2
10413 2
10416 5
10420 2
10421 2
10428 3
10431 1
10432 3
10434 2
10438 1
10444 1
10445 1
10448 1
10465 1
10469 4
10472 1
10473 2
10474 1
10476 1
10480 2
10486 1
10490 1
10496 1
10498 1
10501 1
10502 2
10507 2
10511 3
10514 4
10519 1
10520 2
10542 1
10544 1
10547 1
10550 5
10552 1
10558 1
10562 1
10564 1
10566 1
10572 2
10578 2
10579 2
10587 2
10588 1
10590 2
10592 1
10594 1
10595 1
10598 1
10599 1
10600 1
10603 1
10613 2
10620 2
10623 1
10624 2
10631 1
10636 1
10644 1
10646 1
10647 1
10649 1
10652 1
10654 1
10655 1
10658 3
10663 2
10667 1
10680 2
10681 1
10687 2
10688 4
10691 1
10692 1
10700 3
10701 1
10702 1
10709 1
10714 1
10718 1
10719 1
10726 1
10733 1
10734 4
10741 3
10748 2
10750 2
10751 2
10756 1
10759 1
10773 1
10787 1
10788 1
10789 1
10793 1
10796 2
10800 1
10801 1
10803 1
10805 2
10812 1
10819 2
10820 1
10821 1
10826 1
10835 2
10836 1
10837 1
10842 3
10845 1
10847 1
10856 1
10859 1
10861 1
10869 3
10881 1
10882 2
10887 1
10900 1
10902 1
10904 2
10906 2
10910 5
10925 1
10928 1
10930 2
10931 3
10934 2
10935 1
10946 2
10952 1
10959 1
10960 1
10965 2
10966 1
10968 1
10972 2
10975 1
10990 2
10991 3
10992 1
10996 1
10999 1
11005 1
11008 1
11009 1
11014 1
11015 1
11020 1
11024 1
11025 1
11030 1
11031 2
11034 2
11040 1
11044 1
11056 1
11060 1
11061 1
11068 1
11072 1
11074 1
11075 1
11076 2
11087 2
11098 2
11104 1
11107 1
11112 1
11114 2
11120 1
11124 1
11128 1
11131 1
11136 1
11141 1
11156 2
11161 1
11164 1
11169 1
11175 2
11179 2
11181 1
11187 1
11190 1
11191 1
11192 2
11200 1
11201 2
11203 1
11205 3
11227 1
11229 1
11236 2
11238 2
11242 1
11245 3
11248 1
11253 1
11255 1
11278 1
11280 1
11282 1
11295 1
11300 3
11301 1
11302 1
11308 2
11312 1
11314 1
11317 1
11319 1
11320 1
11323 2
11324 1
11338 1
11339 1
11340 1
11341 1
11355 3
11356 1
11359 1
11362 1
11365 2
11368 1
11370 1
11379 1
11384 2
11392 1
11393 2
11411 1
11412 1
11413 1
11427 2
11434 1
11443 2
11462 1
11468 1
11470 1
11474 2
11488 1
11503 1
11504 2
11512 1
11513 2
11516 2
11518 1
11523 1
11528 1
11533 1
11540 1
11547 2
11556 1
11561 1
11568 2
11569 1
11575 1
11587 2
11592 2
11598 1
11601 1
11609 2
11621 2
11625 1
11630 2
11637 1
11651 1
11665 1
11675 3
11680 1
11682 2
11701 2
11703 1
11712 1
11713 1
11725 1
11729 1
11732 1
11740 1
11744 2
11753 2
11757 4
11758 1
11760 1
11765 3
11767 1
11772 2
11776 2
11780 1
11782 1
11783 4
11795 1
11796 1
11797 1
11802 1
11812 1
11816 2
11821 2
11824 1
11827 1
11833 1
11834 1
11837 1
11844 4
11850 2
11852 1
11856 1
11865 1
11867 1
11870 2
11876 2
11881 1
11884 2
11886 1
11900 2
11910 1
11912 1
11914 1
11915 2
11932 3
11945 1
11951 2
11955 2
11964 1
11972 1
11975 1
11983 1
11988 1
11990 1
11992 3
11993 1
11996 1
11998 1
12001 1
12007 1
12009 1
12015 1
12016 1
12031 1
12032 3
12036 1
12037 1
12040 2
12045 1
12052 1
12053 1
12056 1
12060 4
12067 1
12068 1
12071 1
12072 1
12073 1
12076 2
12085 1
12089 1
12096 1
12099 1
12113 4
12114 3
12120 1
12124 1
12126 2
12136 1
12139 1
12141 1
12142 2
12143 2
12151 1
12156 3
12160 1
12164 1
12169 2
12189 1
12192 2
12199 1
12201 2
12204 2
12209 2
12211 1
12212 1
12214 3
12215 1
12222 2
12225 2
12228 1
12233 2
12236 1
12250 2
12253 1
12260 1
12268 1
12272 1
12275 1
12280 1
12288 1
12292 1
12300 2
12307 1
12311 1
12329 1
12342 1
12344 1
12348 1
12350 1
12353 1
12357 1
12369 2
12371 3
12374 1
12375 1
12377 2
12380 1
12386 1
12398 1
12400 1
12408 1
12410 1
12412 2
12419 1
12421 1
12424 1
12427 1
12428 10
12432 1
12435 1
12436 1
12444 1
12457 1
12460 2
12462 1
12470 3
12484 2
12488 2
12492 2
12493 2
12494 3
12496 1
12509 1
12512 2
12516 1
12520 2
12525 1
12529 2
12530 1
12541 1
12544 1
12547 1
12553 1
12557 1
12559 4
12569 2
12576 1
12577 1
12580 1
12584 2
12590 1
12595 2
12597 1
12598 2
12599 1
12601 1
12611 1
12612 2
12622 1
12626 2
12627 1
12635 1
12644 1
12648 2
12649 1
12672 1
12696 1
12713 1
12723 1
12725 2
12727 2
12732 2
12736 2
12746 1
12748 1
12752 1
12764 2
12765 1
12766 2
12767 2
12769 1
12771 2
12791 1
12795 2
12804 5
12809 1
12811 3
12819 1
12821 1
12823 1
12828 1
12836 1
12839 1
12843 1
12844 1
12871 2
12872 1
12874 2
12875 1
12877 1
12879 2
12888 1
12890 2
12892 1
12895 1
12897 1
12900 1
12920 1
12921 4
12928 1
12936 1
12941 1
12942 1
12947 1
12948 1
12951 1
12952 1
12954 2
12969 1
12971 1
12972 1
12974 2
12975 2
12986 1
12994 1
12999 2
13000 1
13006 1
13016 1
13019 1
13034 1
13035 1
13051 2
13056 1
13072 1
13081 1
13085 1
13087 1
13088 2
13089 2
13094 3
13101 1
13110 1
13112 1
13116 2
13120 2
13125 2
13131 2
13133 3
13135 1
13144 2
13146 2
13160 1
13162 1
13163 1
13169 1
13174 1
13182 1
13184 1
13193 1
13200 1
13203 1
13207 1
13210 1
13217 1
13227 2
13240 1
13241 1
13246 1
13249 1
13258 1
13270 1
13275 1
13278 1
13284 1
13301 3
13303 1
13312 1
13319 2
13322 1
13323 1
13325 2
13326 1
13327 1
13331 1
13338 1
13339 2
13344 1
13352 2
13361 1
13368 1
13378 1
13383 1
13385 2
13386 3
13387 1
13394 2
13395 2
13410 1
13418 1
13423 1
13424 1
13428 2
13434 4
13436 1
13453 1
13460 2
13466 1
13473 1
13474 1
13476 1
13479 1
13480 1
13492 1
13508 1
13516 1
13517 2
13519 3
13529 1
13531 1
13536 1
13550 1
13559 2
13560 1
13563 2
13568 1
13576 1
13582 1
13596 3
13602 1
13606 2
13607 2
13614 1
13616 3
13622 1
13628 1
13630 1
13635 1
13639 1
13642 1
13644 1
13649 1
13652 1
13657 2
13662 1
13668 1
13675 1
13677 1
13683 1
13688 1
13689 1
13695 1
13700 1
13713 1
13737 1
13739 1
13740 1
13741 3
13748 4
13755 1
13763 1
13764 2
13772 1
13778 1
13780 1
13784 2
13792 1
13798 1
13799 1
13803 1
13818 2
13819 1
13821 1
13834 1
13844 1
13845 1
13848 1
13849 1
13876 1
13883 1
13887 1
13893 2
13896 1
13902 1
13905 1
13907 1
13928 2
13930 1
13941 1
13946 2
13947 1
13948 1
13949 1
13957 1
13961 1
13964 1
13966 1
13973 3
13977 1
13978 1
13983 1
13991 1
13998 1
14020 2
14035 2
14036 1
14038 1
14045 1
14058 1
14059 1
14067 1
14071 5
14078 1
14081 1
14085 1
14108 1
14113 1
14116 1
14119 5
14134 1
14139 1
14140 1
14148 1
14150 1
14157 1
14173 1
14176 1
14180 1
14196 1
14197 1
14204 2
14205 1
14206 1
14214 1
14229 1
14232 1
14245 2
14251 1
14257 1
14258 5
14262 2
14265 1
14267 1
14271 2
14277 1
14280 1
14281 1
14297 2
14308 1
14309 1
14316 1
14317 1
14319 1
14329 1
14348 1
14360 1
14364 1
14372 1
14383 1
14390 1
14398 1
14400 1
14404 1
14405 1
14418 1
14419 1
14440 2
14442 1
14450 1
14465 1
14470 1
14487 1
14493 3
14501 3
14514 6
14524 1
14535 2
14542 2
14547 1
14551 1
14552 1
14560 1
14584 2
14591 2
14604 1
14607 1
14620 1
14621 2
14626 1
14638 1
14639 2
14640 1
14646 1
14648 1
14656 2
14661 2
14673 2
14689 1
14708 2
14716 1
14717 1
14718 1
14726 2
14727 1
14728 1
14732 2
14740 1
14742 1
14750 1
14753 2
14776 1
14786 1
14797 1
14801 1
14812 2
14815 1
14845 3
14850 1
14852 1
14859 1
14870 1
14876 1
14895 1
14896 2
14907 1
14913 2
14920 1
14923 1
14934 1
14937 1
14944 1
14949 1
14976 3
14998 2
15002 1
15006 1
15008 1
15014 1
15020 2
15022 1
15041 1
15042 2
15046 1
15052 1
15056 1
15060 1
15067 1
15068 1
15070 1
15088 1
15096 4
15101 1
15121 1
15127 2
15132 1
15147 1
15160 1
15165 1
15170 1
15174 1
15175 1
15180 1
15182 1
15184 3
15198 2
15201 2
15208 1
15215 2
15224 2
15226 1
15240 1
15243 3
15259 1
15265 3
15268 1
15285 1
15289 1
15298 2
15306 1
15307 1
15319 1
15320 1
15321 2
15334 1
15341 2
15345 1
15347 4
15356 1
15365 2
15367 2
15368 1
15372 1
15380 3
15382 2
15386 2
15389 1
15402 1
15424 1
15445 1
15462 1
15477 1
15491 2
15497 1
15504 1
15508 2
15509 2
15515 3
15516 2
15528 1
15532 1
15539 1
15551 1
15556 1
15560 2
15568 2
15580 1
15584 1
15587 1
15596 1
15600 1
15602 1
15608 1
15612 1
15619 1
15622 1
15626 2
15630 1
15631 1
15633 1
15637 1
15641 1
15644 1
15648 2
15651 1
15654 1
15658 1
15676 1
15684 1
15697 1
15702 1
15725 2
15739 1
15743 1
15753 1
15755 2
15758 1
15769 1
15772 1
15782 1
15784 1
15793 1
15797 1
15800 1
15804 1
15808 1
15812 1
15816 1
15832 1
15837 1
15846 2
15852 2
15864 1
15884 1
15894 1
15911 1
15912 1
15918 2
15921 1
15926 1
15945 1
15948 1
15949 1
15953 1
15959 1
15975 1
15989 1
15992 1
15994 2
16000 1
16004 1
16008 2
16017 1
16024 5
16033 1
16045 2
16046 2
16050 1
16054 1
16066 2
16071 1
16108 1
16116 1
16133 1
16139 1
16142 2
16148 1
16155 1
16158 1
16160 1
16174 1
16187 1
16191 1
16202 3
16203 1
16220 1
16233 1
16234 1
16239 1
16248 1
16268 1
16274 2
16291 1
16294 2
16297 1
16298 1
16304 2
16306 2
16310 1
16311 1
16332 1
16333 1
16338 1
16355 1
16366 1
16371 1
16372 1
16373 1
16376 2
16379 1
16380 1
16384 12
16388 2
16392 2
16394 1
16399 1
16402 1
16411 1
16419 1
16420 1
16421 1
16426 1
16432 1
16433 1
16435 1
16460 1
16463 2
16464 1
16465 1
16500 1
16522 2
16528 1
16550 2
16551 2
16556 2
16560 1
16565 2
16587 2
16607 1
16613 1
16638 1
16646 1
16656 1
16660 2
16661 2
16702 1
16703 1
16704 1
16707 1
16740 1
16744 1
16756 1
16768 1
16775 1
16777 1
16790 1
16800 1
16820 1
16835 1
16844 1
16855 1
16858 1
16860 1
16869 1
16897 1
16900 1
16914 1
16923 1
16924 1
16928 1
16944 2
16984 2
16993 1
16997 1
17008 4
17025 1
17037 1
17044 1
17049 1
17056 1
17066 1
17068 1
17081 3
17097 1
17100 5
17101 1
17139 1
17146 2
17148 1
17152 2
17153 1
17158 1
17173 1
17179 2
17195 3
17197 1
17204 1
17210 1
17216 1
17230 1
17232 1
17234 1
17236 1
17237 2
17248 1
17249 1
17256 1
17267 1
17274 1
17278 1
17298 1
17299 1
17304 1
17310 1
17313 2
17328 1
17335 3
17338 1
17343 2
17347 2
17378 2
17384 1
17385 2
17394 2
17400 2
17408 2
17414 1
17424 1
17442 1
17449 2
17451 1
17462 1
17490 1
17492 1
17507 1
17513 2
17514 1
17528 2
17532 1
17534 3
17537 1
17539 2
17544 1
17550 1
17558 1
17564 1
17568 1
17580 1
17592 1
17607 1
17613 2
17624 1
17625 1
17626 2
17632 2
17633 2
17645 2
17647 1
17654 1
17662 1
17668 2
17671 1
17680 1
17681 1
17687 1
17692 1
17699 1
17706 1
17712 1
17732 1
17757 2
17762 1
17779 2
17786 2
17800 1
17803 3
17810 3
17815 1
17833 3
17840 3
17869 1
17870 1
17875 2
17879 1
17889 1
17896 1
17906 1
17909 1
17911 1
17917 1
17952 1
17954 3
17962 1
17964 1
17967 1
17973 1
17976 1
18010 1
18013 1
18015 1
18052 1
18053 1
18068 1
18071 1
18075 1
18080 1
18085 2
18086 1
18108 1
18123 3
18152 1
18170 1
18197 1
18240 1
18248 1
18252 1
18262 1
18267 1
18271 1
18275 1
18282 1
18290 1
18301 1
18310 1
18317 3
18322 1
18327 1
18344 1
18371 1
18376 2
18396 2
18418 2
18432 1
18433 1
18442 1
18447 1
18459 1
18472 1
18476 2
18486 1
18490 1
18491 1
18496 1
18506 2
18510 1
18525 3
18536 1
18545 1
18569 3
18570 1
18574 1
18576 2
18588 1
18591 2
18595 1
18597 1
18611 2
18614 1
18615 2
18628 1
18637 1
18663 1
18688 2
18691 4
18692 1
18696 2
18703 1
18717 1
18744 1
18751 1
18765 1
18770 1
18772 1
18780 1
18786 1
18809 1
18812 1
18824 1
18838 1
18839 1
18842 1
18861 1
18868 1
18871 3
18874 1
18877 1
18881 2
18885 1
18890 2
18894 2
18897 1
18900 1
18940 1
18944 1
18947 1
18950 3
18968 1
18974 2
18981 1
19013 1
19020 1
19028 2
19036 2
19039 1
19044 1
19071 1
19074 1
19094 2
19096 1
19125 1
19140 1
19160 2
19168 1
19170 1
19178 1
19179 3
19190 1
19191 1
19199 1
19202 1
19207 1
19217 1
19224 2
19226 2
19227 1
19238 2
19256 1
19270 1
19281 1
19286 1
19302 2
19304 1
19324 1
19335 1
19337 1
19358 1
19364 1
19374 1
19379 1
19388 1
19404 1
19408 1
19416 2
19442 2
19451 1
19456 1
19472 1
19482 2
19512 2
19519 1
19524 1
19535 3
19556 1
19557 1
19561 1
19567 4
19570 1
19587 1
19599 2
19610 1
19612 1
19621 1
19630 1
19650 2
19673 1
19676 2
19686 2
19689 2
19694 1
19699 1
19708 1
19717 1
19733 1
19741 1
19747 2
19757 1
19782 2
19785 1
19802 1
19811 1
19825 1
19827 1
19835 2
19836 1
19848 1
19873 1
19878 1
19883 1
19887 3
19890 2
19908 1
19920 1
19924 1
19933 1
19941 1
19955 1
19964 1
19972 1
19977 1
19988 2
19994 1
20004 1
20005 1
20020 1
20023 1
20028 1
20030 2
20036 1
20049 2
20056 1
20058 1
20072 1
20077 1
20078 1
20091 1
20108 1
20112 1
20119 1
20121 1
20127 1
20136 1
20137 1
20140 1
20149 1
20164 1
20165 1
20168 1
20180 1
20190 1
20202 1
20226 1
20228 2
20234 2
20262 1
20267 2
20273 1
20278 2
20289 2
20290 1
20304 2
20305 1
20314 1
20334 1
20340 2
20342 1
20357 1
20369 1
20370 1
20374 1
20387 1
20389 3
20397 1
20400 1
20405 2
20410 1
20423 3
20437 1
20440 2
20441 1
20448 1
20458 1
20468 1
20470 1
20479 2
20495 1
20522 2
20536 1
20541 1
20544 1
20552 1
20555 1
20556 1
20560 1
20565 1
20572 1
20574 2
20578 1
20579 1
20608 1
20614 2
20624 1
20625 1
20628 1
20657 2
20658 1
20668 1
20686 1
20698 1
20708 1
20710 1
20737 1
20741 2
20760 1
20767 1
20778 1
20801 1
20804 1
20813 1
20827 1
20840 1
20842 1
20845 2
20846 1
20848 1
20905 1
20909 1
20919 1
20946 1
20948 1
20950 2
20953 1
20956 1
20960 1
20990 2
21000 1
21020 1
21021 2
21038 2
21040 1
21056 1
21103 1
21104 1
21122 1
21125 1
21132 1
21143 2
21164 2
21183 1
21200 1
21220 1
21221 1
21232 1
21237 2
21255 1
21268 1
21272 1
21274 1
21294 1
21298 3
21299 2
21306 1
21314 1
21325 2
21327 1
21340 1
21360 1
21376 3
21422 2
21428 2
21429 1
21438 1
21447 1
21479 2
21482 2
21488 2
21494 1
21508 2
21510 1
21515 3
21544 1
21545 1
21561 1
21568 1
21577 1
21585 1
21592 1
21600 1
21606 1
21610 6
21612 1
21619 2
21648 1
21650 1
21651 2
21685 1
21713 2
21725 1
21735 1
21745 1
21754 1
21769 1
21776 1
21779 1
21814 1
21819 1
21821 1
21825 1
21844 1
21851 1
21854 1
21856 1
21857 1
21865 1
21888 1
21928 2
21932 1
21953 1
21963 1
21964 1
21982 1
21991 2
21994 1
21996 1
22006 2
22025 1
22048 2
22060 3
22061 1
22065 1
22066 1
22072 1
22085 1
22116 1
22163 1
22175 1
22176 1
22182 1
22196 1
22215 1
22217 1
22220 1
22232 1
22243 2
22256 1
22296 2
22312 1
22314 1
22315 2
22336 1
22343 1
22344 3
22345 1
22346 1
22362 1
22377 1
22401 1
22407 1
22414 1
22452 2
22455 2
22505 2
22521 2
22532 1
22552 1
22566 1
22605 1
22607 1
22617 2
22620 1
22627 2
22632 2
22648 1
22661 1
22665 1
22669 1
22679 1
22691 2
22711 2
22732 1
22764 1
22783 1
22802 1
22841 1
22906 1
22914 1
22920 2
22940 1
22988 1
23005 1
23017 1
23024 1
23042 1
23044 1
23068 1
23075 1
23080 1
23096 1
23104 1
23126 1
23127 1
23140 1
23142 1
23152 1
23171 1
23184 1
23212 1
23216 1
23226 2
23230 1
23232 1
23274 1
23279 2
23308 2
23384 1
23404 1
23406 2
23422 4
23433 1
23440 2
23464 3
23483 1
23488 1
23497 1
23527 2
23544 2
23548 1
23552 1
23638 1
23648 1
23652 1
23666 2
23675 1
23696 1
23700 1
23704 3
23740 1
23752 1
23754 1
23791 1
23792 2
23800 1
23804 1
23849 1
23861 3
23869 2
23882 1
23889 2
23892 1
23900 1
23904 1
23908 1
23920 1
23923 1
23934 1
23936 2
23939 2
23951 1
23952 1
23959 1
24003 1
24013 1
24020 1
24037 1
24043 2
24051 1
24058 1
24072 1
24104 2
24108 3
24116 1
24146 1
24149 1
24158 1
24165 1
24174 1
24176 1
24180 1
24184 1
24193 1
24238 2
24257 1
24261 1
24272 1
24290 1
24316 1
24420 1
24487 1
24508 2
24531 1
24555 1
24556 3
24564 1
24574 3
24576 86
24589 1
24604 1
24611 2
24633 3
24659 2
24680 1
24688 1
24694 1
24703 1
24800 2
24836 1
24842 1
24856 16
24891 1
24892 2
24907 1
24932 1
24933 1
24960 1
24972 2
24974 1
24992 1
24996 2
25002 1
25003 1
25028 1
25032 1
25053 1
25071 1
25072 1
25098 2
25107 1
25112 1
25123 1
25145 1
25166 1
25228 1
25246 2
25249 1
25264 1
25265 1
25276 2
25281 2
25293 1
25308 3
25309 1
25357 1
25362 1
25379 1
25393 2
25415 2
25447 2
25452 1
25472 1
25518 2
25580 1
25595 1
25609 1
25635 1
25641 1
25682 1
25747 1
25756 1
25764 2
25782 1
25829 3
25830 1
25885 1
25906 1
25915 1
25918 1
25920 1
25921 1
25948 1
25953 1
25961 1
25969 1
25984 1
25996 1
26001 1
26010 1
26025 1
26028 3
26048 1
26051 1
26055 2
26056 1
26060 1
26061 1
26076 1
26123 1
26128 1
26138 1
26139 1
26191 2
26199 3
26214 1
26216 1
26230 1
26253 3
26259 1
26276 1
26305 1
26311 1
26334 1
26350 2
26372 1
26378 1
26386 1
26392 1
26400 1
26403 1
26404 1
26416 1
26443 1
26446 1
26487 1
26505 2
26597 1
26601 1
26611 1
26624 1
26629 1
26631 2
26641 1
26657 1
26660 2
26661 2
26664 1
26679 1
26685 1
26689 1
26711 1
26732 1
26749 3
26754 1
26774 1
26775 1
26780 1
26788 1
26796 1
26802 2
26808 1
26893 2
26898 1
26899 1
26918 1
26919 1
26924 2
26945 2
26954 1
26998 2
27018 1
27040 1
27103 1
27105 1
27106 1
27108 1
27158 1
27173 1
27179 1
27183 1
27188 1
27190 2
27194 2
27228 1
27237 1
27256 1
27257 2
27271 1
27281 1
27289 1
27295 1
27318 2
27340 1
27360 1
27370 1
27372 1
27375 1
27379 2
27380 1
27420 1
27448 1
27517 1
27569 1
27579 1
27585 1
27616 1
27677 1
27692 1
27699 2
27737 1
27747 1
27764 1
27798 1
27828 1
27835 1
27844 1
27877 1
27890 1
27910 1
27928 2
27932 2
27936 1
27938 1
27959 1
28091 1
28135 1
28166 2
28173 1
28200 1
28205 1
28232 1
28239 1
28246 1
28265 1
28266 1
28299 3
28315 1
28352 1
28353 1
28355 1
28358 2
28371 1
28372 2
28388 1
28404 1
28477 1
28482 1
28487 1
28530 1
28591 3
28617 1
28656 1
28661 2
28732 3
28774 2
28795 1
28842 2
28848 1
28915 1
28924 1
28953 1
28960 1
28964 3
28988 1
28997 1
28998 1
29002 2
29010 2
29027 2
29044 1
29105 1
29107 2
29193 1
29197 1
29211 1
29220 2
29233 1
29238 1
29267 1
29308 1
29328 2
29338 1
29347 1
29372 1
29376 1
29378 2
29392 1
29395 2
29405 1
29432 1
29450 1
29451 2
29481 2
29484 1
29496 1
29500 2
29509 1
29519 2
29538 1
29637 1
29643 1
29647 1
29648 1
29649 2
29653 1
29682 1
29683 1
29695 2
29702 1
29703 1
29720 1
29759 2
29768 1
29803 1
29823 2
29836 1
29839 3
29898 1
29908 1
29917 1
29930 1
29935 1
29984 1
30020 1
30032 1
30047 1
30048 1
30052 1
30064 2
30068 1
30103 1
30183 1
30244 2
30268 1
30306 1
30360 1
30369 1
30380 2
30428 1
30438 3
30462 1
30504 1
30539 1
30591 1
30600 1
30603 1
30624 1
30625 1
30660 1
30672 1
30710 2
30718 1
30736 1
30742 1
30765 1
30766 1
30798 1
30807 1
30815 1
30821 1
30828 1
30840 1
30841 1
30860 1
30898 2
30917 1
30979 2
31014 2
31039 1
31042 1
31052 1
31064 1
31135 1
31160 1
31203 1
31220 1
31221 2
31233 1
31251 1
31253 3
31259 1
31372 1
31382 2
31395 1
31413 1
31447 1
31450 1
31454 1
31467 2
31504 1
31537 3
31556 1
31634 1
31653 1
31711 1
31718 1
31720 1
31750 2
31836 1
31847 1
31860 1
31865 1
31868 1
31884 1
31889 1
31896 2
31901 2
31969 1
31999 1
32010 1
32025 1
32081 2
32090 1
32096 1
32104 3
32132 3
32142 3
32157 1
32160 1
32188 1
32217 1
32268 1
32303 1
32327 2
32328 1
32352 2
32389 1
32415 1
32427 1
32460 2
32468 1
32469 1
32477 1
32523 1
32537 1
32606 2
32636 1
32646 1
32768 26
32779 2
32780 1
32788 1
32877 1
32885 1
32908 1
32915 1
32916 2
32984 1
33045 1
33066 1
33077 1
33145 1
33159 1
33174 1
33230 1
33275 1
33289 1
33325 1
33394 1
33428 1
33542 1
33563 1
33656 2
33684 1
33759 1
33772 1
33797 1
33812 1
33814 1
33823 1
33855 3
33898 1
33937 1
33964 1
33996 1
34011 1
34020 1
34059 1
34064 1
34078 1
34089 1
34108 1
34128 1
34195 1
34196 1
34210 2
34244 1
34258 1
34261 1
34272 1
34300 2
34364 3
34373 1
34409 2
34438 1
34465 1
34512 1
34523 3
34584 1
34596 1
34633 1
34640 1
34653 1
34692 1
34712 1
34877 1
34881 1
34896 1
34897 1
34910 2
34928 1
34948 1
34984 1
34987 1
34991 1
35016 1
35019 1
35076 1
35112 2
35114 1
35116 1
35128 1
35134 2
35140 1
35163 3
35183 1
35257 1
35283 1
35328 1
35342 1
35390 1
35451 1
35493 1
35533 1
35579 4
35594 1
35639 1
35643 1
35644 1
35652 1
35714 1
35715 2
35738 1
35748 2
35790 2
35808 2
35819 2
35847 1
35855 3
35875 1
35894 3
35914 1
35916 1
35920 1
36026 1
36066 1
36075 1
36085 1
36087 2
36095 1
36096 1
36097 1
36104 1
36187 1
36277 1
36278 3
36288 2
36336 1
36345 1
36350 1
36432 2
36486 1
36490 1
36508 2
36527 1
36613 2
36655 1
36716 1
36768 1
36818 2
36838 2
36873 2
36880 1
36917 1
36929 1
36944 1
37010 1
37061 1
37066 1
37162 1
37187 2
37188 1
37194 1
37195 2
37247 1
37284 4
37335 1
37341 1
37346 2
37444 1
37452 1
37476 1
37478 1
37480 1
37544 1
37581 1
37658 1
37686 1
37773 2
37789 1
37796 1
37832 1
37837 1
37897 1
37903 1
37914 1
37933 1
37974 2
37989 1
38000 1
38105 1
38111 1
38179 1
38199 1
38255 1
38263 1
38315 3
38320 1
38362 1
38407 1
38449 1
38475 1
38526 2
38533 1
38572 1
38635 1
38756 1
38776 1
38806 2
38897 1
38921 1
38948 1
38952 1
38998 1
39023 1
39067 1
39071 1
39084 1
39100 1
39127 1
39134 1
39159 1
39167 1
39170 1
39176 1
39219 1
39227 1
39242 1
39299 1
39365 1
39369 1
39418 1
39434 1
39469 1
39498 3
39526 1
39528 1
39595 1
39604 1
39643 2
39663 1
39690 1
39714 3
39804 1
39860 1
39873 2
39880 1
39883 1
39895 1
39952 1
39979 1
39980 1
40028 1
40031 1
40044 1
40062 1
40082 1
40096 1
40158 1
40201 1
40216 1
40278 1
40292 1
40303 1
40385 1
40534 1
40545 1
40587 1
40606 1
40700 1
40704 1
40865 2
40880 1
40908 1
40918 1
40930 1
40960 27
41000 1
41012 1
41068 1
41156 1
41199 2
41215 1
41422 1
41442 1
41553 1
41555 1
41715 1
41840 1
41861 1
41897 1
41916 1
41926 1
41940 1
41968 1
41984 1
42004 1
42008 1
42068 2
42086 1
42196 1
42200 1
42206 1
42256 1
42281 1
42355 1
42440 1
42477 1
42538 1
42549 2
42560 1
42581 2
42583 1
42592 1
42677 2
42688 1
42691 1
42712 1
42733 1
42767 1
42788 1
42797 1
42820 1
42866 1
42937 1
42965 1
42976 2
42991 1
43038 1
43146 1
43253 1
43364 1
43394 1
43412 2
43608 1
43724 1
43794 1
43842 1
44002 1
44019 1
44104 1
44111 1
44132 2
44137 2
44153 3
44182 1
44413 1
44437 1
44503 1
44536 1
44551 2
44598 1
44611 1
44628 1
44643 1
44696 1
44848 2
44944 1
44948 1
45006 1
45050 1
45053 1
45090 1
45100 1
45129 3
45224 1
45240 1
45354 2
45408 1
45499 1
45556 1
45562 1
45563 1
45614 1
45641 1
45689 2
45694 1
45724 1
45830 1
45842 1
45922 1
46043 1
46045 1
46082 1
46094 1
46112 1
46118 1
46172 2
46184 1
46292 1
46326 1
46404 1
46416 1
46549 1
46563 2
46680 1
46692 2
46975 1
46976 3
46977 1
46991 1
47015 1
47076 1
47135 1
47221 1
47240 1
47244 1
47341 1
47483 1
47509 1
47549 1
47697 1
47740 1
47860 1
47864 1
47958 2
48038 1
48052 1
48072 1
48121 3
48131 3
48165 7
48179 3
48216 1
48261 1
48305 1
48314 1
48365 1
48381 1
48406 1
48434 1
48448 1
48450 1
48500 1
48574 3
48590 2
48620 1
48725 2
48729 1
48817 1
48883 1
48904 1
48928 1
48955 1
49138 1
49152 13
49156 2
49158 1
49254 1
49296 2
49320 1
49498 2
49600 1
49675 2
49765 1
49779 1
49992 1
50024 1
50060 1
50104 1
50188 3
50214 1
50272 2
50463 1
50483 1
50501 1
50545 1
50547 1
50586 1
50604 1
50780 1
50807 1
50813 1
50928 1
51054 1
51141 1
51194 1
51244 1
51260 1
51288 1
51323 1
51345 1
51404 1
51469 1
51521 1
51578 1
51651 1
51768 1
51800 1
51829 6
51970 1
51980 1
51991 1
52004 1
52079 3
52112 1
52152 1
52282 1
52412 1
52674 1
52716 1
52733 1
52783 1
52916 1
52991 1
52997 1
53105 3
53124 1
53262 1
53263 1
53267 1
53296 1
53436 1
53523 1
53524 1
53604 1
53795 2
53882 1
53911 1
53916 1
53946 1
53954 1
53980 1
54228 1
54421 1
54424 1
54440 1
54450 1
54452 1
54472 2
54482 2
54490 1
54500 1
54506 1
54569 1
54629 1
54641 1
54687 1
54726 1
54833 1
54852 1
54881 2
54958 2
55076 2
55108 1
55139 1
55140 1
55158 1
55247 1
55284 1
55378 2
55505 1
55543 1
55623 1
55698 1
55748 1
55826 2
55877 2
55916 1
55923 1
56021 1
56094 1
56313 1
56397 1
56408 1
56424 2
56476 2
56485 2
56495 1
56512 1
56532 1
56543 1
56588 1
56620 1
56640 1
56821 1
56863 1
56987 1
56988 1
57056 1
57118 2
57176 1
57264 1
57344 14
57366 1
57372 1
57381 1
57436 1
57442 2
57446 1
57452 1
57590 1
57598 1
57626 1
57696 1
57804 1
57933 1
57945 1
57975 1
57986 1
58066 1
58067 1
58077 2
58337 1
58376 1
58484 1
58604 1
58703 1
58880 1
58972 1
59095 1
59116 2
59214 1
59243 1
59259 1
59397 1
59504 1
59563 1
59761 1
59836 1
59895 1
59962 1
59990 3
60248 1
60400 1
60493 1
60634 1
60643 1
60805 1
61039 1
61051 2
61053 1
61090 1
61415 1
61425 1
61519 1
61635 1
61680 1
61727 1
61772 1
61806 1
61988 1
62028 1
62058 1
62140 4
62235 1
62415 1
62447 1
62510 1
62643 1
62649 1
62687 1
62698 1
62709 3
62873 1
62960 2
63121 2
63156 1
63332 1
63608 1
63609 1
63658 1
63697 1
64311 1
64418 1
64445 1
64797 1
64919 1
64969 1
65201 1
65228 1
65240 1
65245 2
65426 1
65440 1
65536 5
65632 1
65672 1
65717 1
65947 1
65977 1
66138 1
66770 1
66781 1
66992 1
67015 1
67030 1
67098 1
67140 1
67386 1
67482 1
67563 1
67581 1
67634 2
67658 1
67835 1
67937 1
67973 1
67977 1
68003 1
68138 1
68308 1
68488 2
68604 1
68610 1
68644 1
69051 1
69142 1
69311 1
69397 3
69636 1
69646 1
69648 1
69799 1
69833 1
69866 1
69947 1
70198 1
70237 1
70244 1
70304 1
70305 1
70376 1
70446 1
70528 1
70532 1
70618 1
70834 1
70937 1
70963 1
71057 1
71192 1
71488 1
71492 2
71502 1
71665 1
71672 2
71802 2
71906 1
71920 1
71992 1
72117 1
72217 2
72218 1
72289 1
72383 1
72434 1
72584 1
72604 1
72720 1
72744 1
72757 2
72809 1
72814 1
72817 1
72880 1
72901 1
72928 1
72932 1
72934 1
73015 1
73170 2
73306 1
73384 2
73417 1
73430 1
73482 1
73598 3
73616 1
73632 1
73641 1
73728 15
73734 1
73907 1
73985 1
74060 1
74184 1
74400 1
74454 1
74474 1
74730 1
74877 1
74989 1
75110 1
75184 2
75498 1
75528 2
75654 1
75656 2
75680 1
75710 1
76278 1
76330 1
76339 1
76342 1
76455 1
76516 1
76536 1
76542 1
76562 1
76724 2
77124 1
77132 1
77299 1
77308 2
77397 1
77677 1
77679 1
77757 1
78099 1
78421 1
78452 1
79097 1
79179 1
79319 1
79324 1
79424 1
79460 1
79857 1
79896 2
80756 1
80916 1
80972 1
81076 1
81524 2
81535 1
81580 6
81847 1
81920 2
82553 2
82774 1
82827 1
83108 1
83128 1
83181 2
83183 1
83298 1
83301 1
83340 1
83355 1
83529 1
83627 1
83728 1
83958 1
83985 2
84022 1
85368 2
85567 1
85624 1
85853 1
85884 1
86149 2
86211 1
86280 1
86961 1
87104 1
87349 2
87352 1
87394 2
87474 1
87721 1
88208 2
88611 1
88802 1
89043 1
89793 2
89972 1
90015 3
90112 4
90238 1
90796 1
90952 1
91524 1
91584 4
92793 1
92794 1
92928 4
93107 1
93176 1
93327 1
93508 1
93547 1
93844 1
94030 1
94483 1
94485 1
94856 1
95208 1
95618 1
95924 1
96502 2
96632 1
96890 1
97262 2
97385 1
97404 1
97977 1
98083 1
98304 3
98339 1
98848 1
98883 1
98946 1
98963 1
99107 1
99302 1
99866 1
100114 1
100761 2
100926 1
101387 1
101641 7
101909 1
101922 1
101974 1
102460 2
102727 1
102874 1
102980 2
103349 1
103820 1
103870 1
104324 1
104872 1
104938 2
104957 1
105016 1
105151 2
105284 1
105507 1
105681 1
105742 1
106188 1
106366 1
106496 2
106516 2
107072 2
107229 1
107518 1
107707 1
107749 1
108023 1
108306 1
108646 2
108816 1
108819 2
108900 2
109274 1
109485 1
109544 1
109814 1
109849 1
111101 1
111400 2
111949 1
112256 1
112840 1
112937 1
113168 2
113692 2
113825 1
114097 1
114484 2
114536 2
114547 1
114688 4
114727 2
114835 1
115579 1
115592 1
115940 2
116944 1
117418 1
117686 1
117700 2
118297 1
118365 1
118725 1
118838 1
119319 1
120276 1
120672 1
120859 1
120964 2
121220 1
121320 1
121331 1
121664 1
122129 1
122674 2
122704 1
122880 7
123379 1
123994 1
124007 1
124439 1
124630 2
124687 1
124739 2
124913 1
124935 1
125190 1
125923 1
125924 1
126280 1
126339 1
126444 1
126485 1
126549 1
126967 1
127454 2
127555 1
127742 1
128107 1
128520 2
129051 2
129183 2
129447 1
130512 1
130805 1
131072 9
131076 1
131134 1
132389 1
132443 1
132765 2
133340 1
133441 1
133632 1
134189 2
134226 1
134489 1
134516 1
134821 1
135012 2
135828 1
136349 1
136407 1
136815 1
136838 1
137029 1
137735 1
138030 2
138136 1
139110 1
139118 2
139139 2
139252 1
139264 2
140427 1
141010 2
141502 1
141652 1
142044 1
142054 1
142093 1
142111 2
142597 1
143247 1
143256 1
143381 1
143573 1
144274 1
145315 1
145362 1
145547 2
145647 1
146135 1
146464 1
146862 1
147351 1
147456 2
149210 1
150192 1
151354 1
151542 1
152473 1
153429 1
153529 1
153930 1
154029 1
154192 1
154538 1
154598 1
154837 2
155648 1
156245 2
157115 1
157260 1
158601 2
159275 1
159682 1
159742 1
160912 1
161990 1
162259 1
162505 1
163840 2
163956 1
163980 1
163986 1
164112 1
164482 1
164637 1
165463 1
165597 1
166372 1
166645 1
167071 1
167129 1
167175 1
167510 1
167840 1
167944 1
168658 1
168660 1
168666 1
169656 1
170312 1
170856 1
171989 1
172032 4
172248 1
172258 1
172837 1
173592 1
173662 1
173962 1
174303 1
174405 1
176563 4
176863 1
177851 1
178464 1
178502 1
178908 1
179536 1
180082 1
180224 3
180242 1
180323 1
180613 1
180900 1
181089 1
181207 1
181251 1
181450 1
183203 1
184083 1
184121 1
184244 1
184390 1
185669 1
186234 1
186613 1
186675 1
186995 1
187517 1
187823 1
188363 1
188396 1
188416 3
188595 1
189278 1
191109 1
191345 1
191588 1
191659 1
191690 1
191990 1
193186 1
195159 1
195632 1
196608 16
196664 1
198820 1
200385 1
200708 1
202467 1
202604 1
204490 1
204800 2
205316 1
206208 1
206558 1
207361 1
208329 1
209421 1
209916 1
211139 1
212992 5
214611 1
216393 1
217523 1
217810 1
219645 1
221034 1
221184 5
222495 1
222697 1
223995 1
225240 1
225405 1
228330 1
229376 1
231664 1
233252 1
233630 1
235371 1
236278 1
236549 1
236625 1
237213 1
237568 3
238735 1
239089 1
239286 1
239364 1
240287 1
241037 1
241075 1
241312 1
241828 1
243857 1
245071 1
245528 1
245760 2
246025 1
246455 1
246460 1
247606 1
248309 1
249209 1
249483 1
250043 1
251618 1
252335 1
253004 1
253337 1
253875 1
253952 2
254014 1
257237 1
257921 1
258893 1
261041 1
261048 1
262144 3
266727 1
268361 1
270336 16
274390 1
276039 1
276141 1
276511 1
277384 1
277386 1
277590 1
278299 1
278528 2
280140 1
280885 1
281718 1
282080 1
282809 1
283680 1
285005 1
285631 1
286020 1
286720 5
290033 1
291445 1
291489 1
292317 1
293249 1
294746 1
294912 1
295878 1
298976 1
299350 1
302056 1
303104 4
303377 1
303748 1
305192 1
306987 1
307214 1
308238 1
308703 1
308726 1
309554 1
310271 1
312830 1
313202 2
321079 1
322620 1
325397 1
326008 1
327878 1
327970 1
335872 2
337478 1
340539 1
341487 1
343223 1
344449 1
344776 1
350944 1
352410 1
353590 1
357272 1
363261 1
363793 1
367443 1
368895 1
368943 1
370933 1
372242 1
374238 1
376332 1
381014 1
384348 1
391095 1
392310 1
392428 1
393216 1
397331 1
402536 1
402945 1
402947 1
409600 1
411221 1
414722 1
415598 1
424827 1
431696 1
434176 1
439303 1
440969 1
442766 1
450167 1
450369 1
459539 1
462434 1
475136 1
475286 1
481046 1
482291 1
482449 1
483328 1
484613 1
491520 3
496169 1
499712 1
504746 1
507904 1
508385 1
510917 1
536493 1
540740 1
541874 1
556740 1
581298 1
586178 1
596392 1
599363 1
602563 1
603078 1
611243 1
623729 1
624558 1
629479 1
651622 1
655550 1
664613 1
672044 1
676302 1
679936 1
680306 1
684524 1
688128 3
690987 1
692336 1
693166 1
696320 3
704512 3
712704 4
720896 1
722979 1
732232 1
733391 1
744653 1
753225 1
754467 1
755818 1
770048 2
780447 1
786432 1
787366 1
793275 1
794624 1
796905 1
800171 1
801536 1
802816 1
805217 1
806075 1
811467 1
819200 1
822544 1
827392 1
829440 1
836747 1
843542 1
843776 1
860160 1
860629 2
878823 1
884736 1
925696 1
933083 1
936294 1
989571 1
1038948 1
1050739 1
1105920 1
1111427 1
1111439 1
1133954 1
1143471 1
1171456 1
1173981 1
1245184 1
1335296 2
1427819 1
1431737 1
1439990 1
1446063 1
1482670 1
1489829 1
1512844 1
1609123 1
1654784 1
1696893 1
1728512 1
1763992 1
1769472 1
1794048 1
1818624 2
1866908 1
1867776 1
2048000 2
2072576 1
2252800 1
2544048 1
2569954 1
2570240 1
2643139 1
2724151 1
2796359 1
2965504 1
3145728 1
3145869 1
3261566 1
3803263 1
4620312 1
5316985 1
5667758 1
5881856 1
6018573 1
9011200 1
10258644 1
10277682 1
10348834 1
10389918 1
10390438 1
10583152 1
10858578 1
11351023 1
11891340 1
12373096 1
