16 1
25 1
26 1
29 1
33 2
44 1
47 4
48 2
50 5
51 5
52 2
53 2
54 2
57 2
67 2
69 2
70 1
90 1
93 1
96 1
101 1
111 1
128 3
129 1
133 1
137 1
138 1
139 1
141 2
149 1
155 2
156 1
158 2
163 1
165 1
166 3
167 1
170 1
172 1
175 2
178 1
182 1
186 1
198 1
199 1
200 2
205 1
206 1
211 1
212 2
214 1
215 1
217 1
230 1
231 1
242 1
253 1
260 1
284 3
285 2
292 1
293 2
297 1
298 1
299 1
300 1
302 1
303 1
308 1
309 1
330 1
332 2
335 1
337 1
342 1
348 1
354 1
358 1
359 2
360 2
374 1
380 2
392 1
402 2
411 1
415 3
417 3
430 1
433 2
440 1
449 1
450 3
466 1
479 1
483 2
486 1
487 1
497 1
501 1
512 46
518 3
527 1
529 1
535 1
536 2
548 1
550 1
551 1
559 1
566 1
573 2
578 1
579 1
601 1
602 1
616 1
636 1
642 1
648 1
650 1
653 1
657 1
662 1
663 1
683 1
684 1
695 1
701 1
706 2
710 2
716 1
719 1
757 1
759 1
766 1
776 1
783 1
784 1
798 1
804 3
808 1
816 1
824 1
836 1
842 1
844 2
854 2
859 2
869 1
896 3
897 2
902 6
908 3
910 1
914 1
921 1
923 2
932 1
943 1
946 1
963 3
980 2
992 1
994 2
1001 2
1016 1
1020 1
1022 1
1024 8
1032 1
1034 1
1037 2
1040 1
1053 1
1056 1
1070 1
1074 1
1084 1
1089 1
1090 1
1101 1
1103 1
1106 1
1108 3
1121 1
1130 1
1135 1
1146 1
1149 1
1153 1
1157 1
1167 1
1175 1
1176 1
1177 1
1202 1
1214 1
1226 3
1233 1
1237 1
1257 1
1292 1
1296 1
1297 1
1302 1
1314 1
1322 1
1326 1
1328 5
1331 1
1334 3
1337 2
1340 4
1350 1
1371 1
1375 1
1394 1
1395 1
1415 2
1417 1
1428 1
1432 1
1433 1
1435 1
1438 1
1439 1
1440 1
1448 1
1454 1
1455 1
1457 3
1460 1
1480 1
1488 1
1491 1
1492 1
1506 1
1513 1
1516 2
1525 1
1529 1
1532 1
1533 1
1545 1
1558 1
1561 2
1567 1
1575 2
1576 1
1578 1
1579 1
1582 1
1591 1
1602 1
1615 1
1621 1
1638 1
1650 2
1656 1
1660 1
1672 1
1679 2
1683 2
1690 1
1701 1
1720 1
1722 1
1726 1
1736 1
1744 2
1745 1
1754 1
1756 1
1761 1
1763 1
1765 1
1770 1
1773 1
1782 1
1783 1
1793 1
1795 1
1799 1
1802 1
1811 1
1815 1
1827 1
1835 1
1847 1
1858 1
1873 1
1882 1
1898 1
1899 1
1900 1
1911 1
1912 1
1953 1
1955 1
1966 1
1992 1
2002 1
2011 2
2012 1
2017 1
2021 1
2024 1
2035 2
2048 4
2052 1
2053 1
2063 1
2086 1
2089 1
2105 1
2159 1
2173 1
2186 1
2199 1
2203 1
2205 1
2216 1
2221 1
2242 1
2244 1
2252 1
2280 1
2288 1
2304 1
2312 1
2328 1
2330 1
2338 1
2355 1
2360 2
2366 1
2372 1
2420 1
2423 1
2429 1
2436 1
2439 1
2452 1
2462 1
2478 1
2483 1
2491 1
2505 1
2510 1
2536 1
2537 1
2540 1
2548 1
2560 1
2575 1
2577 1
2629 1
2640 1
2651 1
2685 1
2688 1
2692 1
2695 1
2725 1
2735 1
2741 1
2744 1
2750 3
2754 1
2772 1
2783 1
2792 1
2815 1
2889 1
2899 1
2907 2
2912 1
2918 1
2940 1
2941 1
2954 1
3017 1
3050 1
3065 1
3067 1
3074 1
3088 1
3102 1
3118 1
3128 1
3135 2
3146 1
3161 1
3175 1
3197 1
3207 1
3225 1
3237 1
3250 1
3288 1
3298 1
3339 1
3365 1
3388 1
3391 1
3416 3
3441 1
3443 1
3506 1
3507 1
3524 1
3529 2
3530 2
3531 1
3538 1
3548 1
3555 2
3572 1
3587 1
3594 1
3615 1
3628 1
3652 1
3657 2
3682 1
3683 1
3716 1
3726 2
3748 1
3761 1
3767 1
3779 1
3795 1
3802 1
3814 1
3815 1
3826 1
3828 2
3834 1
3837 1
3852 1
3858 1
3891 1
3911 2
3918 1
3935 1
3945 1
3952 1
3954 2
3955 1
3956 2
3966 1
3967 1
3981 1
3999 1
4009 1
4017 1
4040 1
4049 1
4084 1
4104 1
4106 1
4107 1
4130 1
4131 1
4137 1
4139 1
4146 1
4151 1
4294 1
4295 1
4305 1
4313 1
4331 1
4334 1
4344 1
4356 1
4380 2
4389 2
4405 1
4412 1
4416 1
4417 1
4485 1
4490 1
4502 1
4512 1
4545 1
4561 1
4592 1
4608 1
4627 1
4666 1
4667 1
4669 1
4672 1
4675 1
4687 1
4715 1
4724 1
4754 1
4774 1
4775 1
4786 1
4789 1
4813 2
4834 1
4847 1
4897 1
4912 1
4926 1
4937 1
4944 2
4958 1
4971 1
4999 1
5078 1
5092 1
5108 1
5139 1
5187 1
5207 1
5265 1
5315 1
5328 1
5341 2
5352 1
5378 1
5382 1
5389 1
5404 1
5431 1
5473 1
5480 1
5509 1
5544 1
5597 1
5616 1
5619 2
5648 1
5701 1
5725 2
5772 1
5800 1
5846 1
5887 1
5918 1
5990 1
6018 1
6039 2
6079 1
6093 1
6293 1
6320 2
6348 1
6371 1
6393 2
6496 1
6557 1
6579 1
6596 1
6612 1
6783 1
6785 1
6818 1
6844 1
6976 2
6988 1
7000 2
7050 1
7104 1
7124 2
7152 2
7177 1
7189 1
7214 2
7254 1
7256 1
7305 1
7349 1
7357 1
7463 1
7472 1
7484 1
7507 1
7581 1
7586 2
7678 1
7747 1
7770 1
7780 1
7794 1
7857 1
7885 2
7908 1
8000 1
8017 1
8110 1
8163 1
8227 1
8438 1
8534 1
8593 1
8599 1
8608 1
8761 1
8821 1
9040 1
9046 1
9130 1
9199 2
9210 1
9216 1
9222 1
9301 1
9340 1
9409 2
9438 1
9449 1
9503 1
9525 1
9572 1
9699 1
9702 1
9755 2
9855 1
9949 1
9960 1
10016 1
10094 1
10111 2
10144 1
10211 1
10433 1
10477 1
10498 1
10507 1
10633 1
10708 1
10727 1
10752 1
10787 1
10796 1
10808 1
10816 1
10819 1
10820 1
10823 1
10831 1
10849 1
10855 1
10865 1
10898 1
10921 1
10940 3
10961 1
10969 1
11006 1
11078 1
11095 1
11162 1
11175 1
11196 1
11250 1
11276 1
11285 1
11336 1
11363 1
11369 1
11448 1
11454 1
11468 1
11484 1
11487 1
11547 1
11577 1
11581 1
11614 1
11705 1
11737 1
11740 1
11767 1
11781 1
11782 1
11825 1
11841 1
11848 1
11929 1
11944 1
11954 1
11970 2
11989 1
12018 1
12025 1
12044 1
12062 1
12076 1
12088 1
12091 2
12159 1
12161 1
12164 2
12214 1
12241 1
12263 1
12278 1
12302 1
12326 1
12331 1
12333 1
12352 1
12373 1
12377 1
12444 1
12450 1
12465 1
12487 1
12512 1
12520 1
12563 1
12654 1
12712 1
12726 1
12737 1
12766 1
12813 1
12823 1
12879 1
12896 1
12920 1
12928 1
12931 1
12941 1
12961 1
12968 1
13012 1
13035 1
13147 1
13168 1
13249 1
13251 1
13268 1
13273 1
13330 1
13338 1
13455 1
13476 1
13546 1
13611 1
13700 1
13732 1
13734 1
13746 1
13772 1
13815 1
13893 1
13900 2
13963 1
14033 1
14065 1
14156 1
14188 1
14229 1
14268 1
14274 1
14484 1
14498 1
14583 1
14593 1
14622 1
14677 1
14686 3
14716 1
14735 2
14839 1
14907 1
14974 1
14979 2
14990 1
15071 1
15079 1
15138 1
15231 1
15354 1
15363 1
15480 1
15518 1
15551 1
15580 1
15642 1
15768 1
15825 1
15865 1
15869 1
15880 1
15896 1
16088 1
16106 1
16140 1
16187 1
16188 1
16216 1
16235 1
16238 1
16287 1
16301 1
16313 1
16371 1
16392 1
16429 1
16460 1
16646 1
16797 1
16827 2
16921 1
16933 1
16997 1
17003 1
17029 1
17418 1
17544 1
17593 1
17689 1
17854 1
18024 1
18163 1
18215 1
18359 1
18382 1
18606 1
18654 1
18794 1
18874 1
18909 1
18944 1
19660 1
20156 1
20189 1
20269 1
20361 1
20376 1
20382 1
20388 1
20444 1
20904 1
21025 1
21067 1
21095 1
21625 1
21720 1
22307 1
22550 1
22634 1
22692 1
22724 2
22858 1
22864 1
23517 1
23638 1
23981 1
24022 1
24505 1
24621 1
25011 1
25499 1
26510 1
26758 1
26760 1
26827 1
27037 1
27111 1
27291 1
27579 1
27893 1
28842 1
28861 1
29391 1
29414 1
29737 1
29766 1
29924 1
30344 1
30494 1
31013 1
31188 1
32006 1
32151 1
32536 1
33439 1
34029 1
36060 1
36324 1
36461 1
37821 1
39747 1
40796 1
40930 1
40980 1
41037 1
41236 1
42287 1
42761 1
43248 2
44948 1
47680 1
47729 1
47978 3
48332 1
48664 1
48916 1
48921 1
49264 1
49328 1
49440 1
49484 1
49578 1
49868 1
49928 1
49992 1
50176 1
50640 1
50692 1
50760 1
50768 1
50776 1
50848 1
50992 1
51040 1
51480 1
51508 1
51768 1
51808 1
52215 1
52752 1
54108 1
54580 1
54836 1
55324 1
55604 1
56352 1
56424 1
57076 1
57104 1
57855 3
60104 1
60204 1
62004 1
62192 1
62780 1
63268 1
64036 1
64924 1
65039 1
65212 1
65708 1
65884 1
66008 1
66216 1
66347 1
66688 1
66980 1
68484 1
69272 1
69317 1
69972 1
70288 1
70452 1
71072 1
71124 1
71627 1
71860 1
71904 1
73424 1
74220 1
74324 1
74739 1
74924 1
80667 1
87470 1
88559 1
91960 1
93959 1
98304 1
106124 1
106916 1
152327 2
153504 2
231382 1
246616 2
277616 1
323036 1
334992 1
337124 1
337200 1
339148 1
343028 1
356196 1
356572 1
357304 1
372124 1
387196 1
387212 1
404312 2
409076 1
540672 1
652732 1
750848 1
831344 1
839472 1
922104 2
1104924 1
1290092 1
1328836 1
1392676 1
3412088 1
4665664 1
4677632 1
6274224 1
