0 7
2 2
3 21
4 11
6 2
9 3
11 1
12 1
15 1
18 1
19 3
33 1
34 1
35 1
38 2
43 1
63 1
65 1
66 1
72 1
83 1
84 1
88 2
126 1
128 1
169 1
175 1
182 1
197 1
206 1
209 1
235 1
237 1
280 1
290 1
291 3
292 1
294 1
299 1
305 1
316 1
322 1
325 1
327 1
333 1
336 1
341 1
350 1
375 1
406 1
412 1
424 1
433 1
435 1
444 1
455 1
483 1
484 1
489 1
501 1
512 34
514 2
533 1
549 1
560 13
563 2
578 1
581 1
584 1
597 1
615 1
618 1
637 1
645 1
656 1
660 2
710 1
722 1
739 2
779 2
790 1
792 1
794 1
818 2
821 1
846 1
941 1
982 1
1024 3
1037 1
1060 1
1074 1
1138 1
1162 1
1243 1
1253 1
1255 1
1258 1
1280 1
1295 1
1440 1
1536 3
1562 1
1624 1
1858 1
1971 1
2045 1
2048 1
2195 1
2207 1
2235 2
2560 1
2587 3
2635 1
2721 1
2736 1
2864 1
3281 1
3808 1
3811 1
3852 1
4096 2
4426 1
4534 1
4700 1
5120 1
5467 1
5632 1
7168 1
7794 1
8240 32
8601 1
8741 1
8814 1
8829 1
8861 1
9062 1
9067 1
10240 1
10752 1
12288 1
12336 18
16384 1
16432 4
16588 1
20480 1
20528 13
21196 1
21204 1
22464 1
24624 3
28720 6
32768 1
32816 4
33147 1
36864 1
36912 1
41008 1
45104 2
45431 1
49200 2
53296 1
65536 2
65584 2
69632 1
69680 3
73776 2
77872 2
81920 1
81968 2
86064 2
90160 2
94256 2
98352 1
102448 3
106544 1
114436 1
114736 1
115830 1
118832 2
126976 1
131120 1
135168 1
135216 1
137406 1
151552 1
155648 1
185328 1
217088 1
221232 1
232528 1
363440 1
372784 1
882384 1
1788416 1
