0 10
2 3
3 1
4 2
8 2
9 1
10 1
11 2
13 1
16 1
20 1
22 3
40 1
72 1
83 1
88 1
94 1
125 1
130 1
134 1
140 1
146 1
147 1
170 1
200 1
241 1
243 1
252 1
255 1
273 1
281 1
285 1
297 1
315 1
324 1
327 1
352 2
364 3
367 2
372 1
373 1
379 1
396 1
399 1
410 1
414 1
428 1
456 1
498 1
512 37
533 1
564 1
597 2
614 1
642 1
681 1
693 1
697 2
698 1
706 1
754 1
791 1
799 1
803 1
825 1
828 1
861 1
1024 3
1030 1
1035 1
1117 1
1138 1
1145 1
1592 1
1691 1
1733 1
1780 1
2000 1
2011 1
2048 1
2172 1
2200 1
2271 1
2337 1
2486 1
2621 1
2996 1
3118 1
3292 1
3697 1
4002 1
4313 1
4684 1
4739 1
5210 1
5228 2
5467 1
5476 1
6192 1
6324 1
7555 1
7691 1
8192 2
8232 1
8365 1
9315 1
10882 1
11776 1
12077 1
12739 1
16753 1
17867 1
20848 1
32768 1
45596 1
65536 1
106496 1
134984 1
140904 2
147456 1
163840 1
180224 1
192560 1
311852 1
1199722 1
1200356 1
