0 1744
1 6
2 65
5 44
6 329
7 1
9 8
10 14
11 46
12 223
13 29
14 28
15 42
16 32
17 39
18 88
19 4
20 11
21 9
22 17
23 23
24 83
25 15
26 2
27 8
28 7
29 17
30 35
31 5
32 2
33 2
34 8
35 10
36 58
37 6
38 5
39 2
40 8
41 17
42 42
43 8
45 5
46 11
47 6
48 50
49 4
50 5
51 3
52 6
53 5
54 20
55 8
56 2
57 1
58 10
59 4
60 55
61 1
62 4
64 5
65 8
66 29
67 6
68 10
69 6
70 9
71 18
72 27
73 5
74 8
75 3
76 4
77 2
78 19
79 11
80 13
82 3
83 3
84 34
85 7
86 4
87 3
88 1
89 4
90 21
91 4
92 3
93 1
94 8
95 6
96 26
97 2
98 3
99 6
100 6
101 5
102 13
103 4
104 4
105 1
106 8
107 3
108 19
109 6
110 3
111 6
112 4
113 5
114 15
115 4
116 5
117 3
118 5
119 5
120 18
121 4
122 4
123 7
124 5
125 2
126 9
127 4
128 4
129 5
130 6
131 5
132 20
133 15
134 3
136 7
137 4
138 16
139 2
140 5
141 4
142 6
143 10
144 24
145 2
146 5
147 11
148 11
149 5
150 6
151 4
152 3
153 4
154 4
155 7
156 9
157 7
158 6
159 6
160 6
161 10
162 4
163 7
164 8
165 9
166 4
167 9
168 13
169 12
170 9
171 3
172 5
173 5
174 10
175 5
176 4
177 6
178 6
179 4
180 10
181 27
182 25
183 5
184 7
185 6
186 12
187 4
188 8
189 4
190 9
191 8
192 12
193 2
194 12
195 4
196 6
197 4
198 9
199 5
200 11
201 32
202 15
203 19
204 17
205 8
206 13
207 13
208 20
209 8
210 11
211 14
212 12
213 7
214 11
215 3
216 19
217 5
218 13
219 13
220 5
221 38
222 4
223 8
224 3
225 9
226 4
227 8
228 5
229 11
230 3
231 3
232 5
233 5
234 7
235 7
236 7
237 11
238 15
239 2
240 62
241 115
242 2
243 3
244 80
245 1
246 15
247 36
248 3
249 7
250 7
251 6
252 2
253 7
254 6
255 2
256 3
257 7
258 3
259 5
260 9
261 8
262 15
263 13
264 5
265 6
266 2
267 8
268 4
269 4
270 16
271 9
272 25
273 9
274 32
275 26
276 11
277 6
278 21
279 7
280 8
281 5
282 10
283 4
284 19
285 9
286 2
287 8
288 18
289 8
290 6
291 12
292 7
293 16
294 8
295 8
296 11
297 4
298 7
299 14
300 4
301 3
302 6
303 3
304 6
305 4
306 6
307 7
308 3
309 2
310 3
311 2
312 2
313 9
314 4
315 1
316 12
317 50
318 22
319 15
320 117
321 69
322 6
323 3
324 8
325 2
326 11
327 8
328 2
329 5
330 3
331 3
332 7
333 9
334 6
335 10
336 6
337 4
338 6
339 11
340 7
341 9
342 4
343 6
344 17
345 6
346 9
347 13
348 8
349 8
350 12
351 7
352 5
353 4
354 6
355 6
356 3
357 4
358 5
359 4
360 7
361 1
362 5
363 4
364 1
365 5
366 2
367 2
368 6
369 4
370 48
371 6
372 5
373 6
374 4
375 9
376 5
377 6
378 7
379 6
380 10
381 3
382 4
383 4
384 6
385 96
386 5
387 5
388 5
389 5
390 3
391 7
392 3
393 2
394 6
395 5
396 7
397 6
398 7
399 3
400 5
401 9
402 5
403 4
404 5
405 1
406 10
407 129
408 5
409 5
410 3
411 6
412 7
413 9
414 7
415 12
416 11
417 6
418 6
419 3
420 3
421 7
422 6
423 3
424 9
425 4
426 4
427 2
428 1
429 6
430 11
431 7
432 4
433 6
434 9
435 8
436 9
437 2
438 4
439 5
440 3
441 7
442 2
443 8
444 4
445 8
446 9
447 11
448 5
449 13
450 8
451 6
452 7
453 15
454 3
455 21
456 3
457 8
458 6
459 8
460 10
461 4
462 10
463 11
464 7
465 13
466 12
467 3
468 4
469 5
470 4
471 5
472 1
473 3
474 3
475 5
476 5
477 4
478 6
479 4
480 1
481 8
482 4
483 6
484 3
485 7
486 4
487 7
488 5
489 1
490 4
491 10
492 10
493 6
494 8
495 7
496 4
497 2
498 3
499 16
500 6
501 12
502 6
503 11
504 3
505 4
506 3
507 12
508 4
509 9
510 8
511 2
512 3901
513 2
514 6
515 1
516 25
517 8
518 11
519 3
520 13
521 6
522 13
523 5
524 4
525 2
526 9
527 5
528 4
529 5
530 13
531 2
532 2
533 5
534 4
535 4
536 5
537 8
538 3
539 5
540 3
541 10
542 2
543 9
544 2
545 10
546 5
547 3
548 1
549 10
550 5
551 11
552 7
553 8
554 8
555 23
556 2
557 23
558 5
559 29
560 17
561 10
562 8
563 13
564 9
565 10
566 11
567 2
568 11
569 6
570 1
571 11
572 10
573 7
574 118
575 9
576 9
577 137
578 11
579 9
580 47
581 6
582 5
583 6
584 3
585 4
586 9
587 12
588 8
589 14
590 7
591 9
592 7
593 8
594 12
595 3
596 7
597 4
598 2
599 6
600 9
601 3
602 4
603 6
604 4
605 11
606 5
607 1
608 6
609 3
610 3
611 1
612 10
613 2
614 3
615 8
616 9
617 6
618 4
619 7
620 7
621 2
622 13
623 5
624 4
625 2
626 6
627 2
628 4
629 3
630 8
631 7
632 6
633 5
634 2
635 2
636 4
637 4
638 5
639 3
640 4
641 9
642 6
643 4
644 6
645 10
646 5
647 7
648 8
649 11
650 6
651 3
652 1
653 9
654 8
655 8
656 3
657 5
658 6
659 7
660 5
661 2
662 2
663 3
664 3
665 3
666 1
667 6
668 3
669 2
670 4
671 1
673 4
674 8
675 3
676 4
677 1
678 3
679 4
680 2
681 4
682 7
683 3
684 14
685 3
686 6
687 10
688 9
689 4
690 6
691 5
692 6
693 2
694 3
695 14
696 4
697 5
698 2
699 3
700 4
701 5
702 3
703 4
704 5
705 4
706 11
707 6
708 4
709 12
710 9
711 2
712 5
713 3
714 7
715 1
716 4
717 3
718 5
719 2
720 8
721 11
722 3
723 3
724 6
725 4
726 1
727 6
728 6
729 4
730 1
731 8
732 4
733 5
734 4
735 3
736 2
737 3
738 7
739 2
740 6
742 3
743 2
744 4
745 21
746 8
747 8
748 114
749 4
750 5
751 120
753 3
754 5
755 1
756 6
757 3
759 1
760 5
761 6
762 2
763 8
764 3
765 3
766 2
767 5
768 5
769 9
770 5
771 3
772 3
773 7
774 1
775 3
776 5
777 2
778 2
779 3
780 2
781 4
782 1
783 4
784 2
785 2
786 4
787 1
788 10
789 2
790 2
791 1
792 3
793 3
794 1
795 7
796 3
797 5
798 10
799 4
800 7
801 6
802 3
803 1
804 5
805 3
806 2
807 5
808 1
809 2
810 4
811 4
812 6
813 3
814 6
815 4
816 4
817 4
818 3
819 6
820 3
821 2
822 8
823 4
824 4
825 3
826 3
827 5
828 5
829 5
830 4
831 7
832 4
833 8
834 1
835 4
836 13
837 15
838 2
839 3
840 5
841 4
842 7
843 1
844 5
845 2
846 9
847 1
848 8
849 2
850 5
851 2
852 4
853 2
854 8
855 2
856 1
857 1
858 6
859 2
860 4
861 4
862 3
863 4
864 2
865 3
866 4
867 7
868 3
869 2
871 4
872 3
873 4
874 5
875 7
876 7
877 4
878 2
879 3
880 3
881 6
882 2
883 4
884 6
885 2
886 3
887 6
888 1
890 5
891 4
892 6
893 2
894 4
895 7
896 7
897 1
898 4
899 4
900 5
901 6
902 12
903 6
904 2
905 2
906 2
907 11
908 5
910 4
911 3
912 9
913 3
914 7
915 16
916 6
917 3
918 1
919 3
920 3
921 6
922 7
923 13
924 4
925 7
926 7
927 7
928 4
929 1
930 5
931 5
932 7
933 7
934 7
935 3
936 2
937 4
938 1
939 3
940 2
941 2
942 4
943 6
944 5
945 4
946 4
947 1
948 1
949 2
950 3
951 6
952 7
953 3
954 3
955 4
956 2
958 3
959 3
960 7
962 4
963 2
964 11
965 3
966 2
967 6
968 2
969 4
971 3
972 9
973 7
974 2
976 2
977 1
978 3
979 4
980 7
981 7
982 9
983 12
984 6
985 6
986 3
987 5
988 1
989 5
990 3
991 5
992 4
993 3
994 3
995 4
996 1
997 5
999 6
1000 6
1001 6
1002 10
1003 3
1004 2
1005 3
1007 43
1008 5
1009 5
1010 2
1011 4
1012 5
1013 8
1014 3
1015 3
1016 4
1017 3
1018 2
1019 2
1020 4
1021 5
1022 1
1023 6
1024 113
1025 2
1026 1
1027 2
1028 18
1029 1
1030 3
1031 1
1032 9
1033 6
1034 8
1035 4
1036 6
1037 7
1038 3
1039 3
1040 6
1041 10
1042 3
1043 1
1044 4
1045 2
1046 1
1047 3
1048 5
1049 5
1050 7
1052 3
1053 3
1054 1
1055 2
1056 6
1057 3
1058 4
1059 7
1060 6
1061 6
1062 5
1063 3
1064 3
1065 13
1066 11
1067 5
1068 4
1069 10
1070 6
1071 2
1072 2
1073 4
1074 1
1075 5
1076 4
1077 11
1078 4
1079 1
1080 2
1081 4
1082 3
1083 5
1084 2
1085 11
1086 4
1087 3
1089 2
1090 4
1091 5
1092 5
1093 1
1095 2
1096 5
1097 4
1098 2
1099 5
1100 3
1101 11
1102 1
1103 5
1104 2
1105 3
1106 2
1107 3
1108 9
1109 3
1110 1
1111 1
1112 10
1113 1
1114 3
1116 2
1117 2
1118 3
1119 3
1120 3
1121 1
1122 7
1123 4
1124 10
1125 7
1126 2
1127 9
1128 1
1129 7
1130 3
1131 2
1132 1
1133 2
1134 9
1135 2
1136 7
1137 7
1138 16
1139 6
1140 7
1141 3
1142 5
1143 7
1144 6
1145 7
1146 4
1147 8
1148 7
1149 4
1150 5
1151 2
1152 7
1153 5
1154 5
1155 3
1156 3
1157 2
1158 3
1159 4
1160 5
1161 4
1162 4
1163 6
1164 3
1165 6
1166 4
1167 4
1168 4
1169 5
1170 2
1171 9
1172 8
1173 5
1174 3
1176 9
1177 3
1178 5
1179 4
1180 4
1181 7
1182 7
1183 3
1184 8
1185 3
1186 4
1187 3
1188 5
1189 6
1190 2
1191 3
1192 1
1193 2
1194 2
1195 1
1196 3
1197 1
1198 1
1199 9
1200 5
1201 1
1202 6
1203 6
1204 4
1205 4
1206 6
1207 7
1208 4
1209 3
1210 2
1211 1
1212 6
1213 7
1214 10
1215 3
1216 6
1217 6
1218 7
1219 6
1220 8
1221 4
1222 6
1223 2
1224 4
1225 5
1226 3
1227 2
1228 7
1229 4
1230 1
1231 9
1232 5
1233 5
1234 6
1235 2
1236 7
1237 3
1238 5
1239 8
1240 6
1241 8
1243 1
1244 2
1245 3
1246 1
1247 2
1248 2
1249 1
1250 8
1251 3
1253 1
1254 1
1255 6
1256 5
1257 2
1258 2
1259 6
1260 6
1261 6
1262 8
1263 2
1264 2
1265 4
1266 2
1267 4
1268 3
1269 3
1270 1
1271 4
1272 2
1273 3
1274 5
1275 3
1276 3
1277 1
1278 4
1279 3
1280 3
1281 5
1282 2
1283 8
1284 7
1285 5
1286 6
1287 7
1288 8
1289 6
1290 5
1292 5
1294 3
1295 2
1296 9
1297 8
1298 5
1299 4
1300 2
1301 6
1302 4
1303 3
1304 3
1305 3
1306 3
1307 10
1308 10
1309 8
1310 4
1311 6
1312 55
1313 3
1314 6
1315 5
1316 2
1317 6
1318 2
1320 3
1321 1
1322 6
1323 2
1324 4
1325 4
1326 8
1327 3
1328 2
1329 12
1330 6
1331 4
1332 6
1333 9
1334 5
1335 12
1336 2
1337 2
1338 3
1339 4
1340 6
1341 3
1342 7
1343 6
1344 6
1345 8
1346 7
1347 8
1348 7
1349 5
1350 4
1351 6
1352 6
1353 9
1354 7
1355 6
1356 11
1357 1
1358 2
1359 5
1360 13
1361 4
1362 7
1363 2
1365 3
1366 5
1367 2
1368 1
1369 1
1370 6
1371 4
1372 2
1374 7
1375 6
1376 13
1377 6
1378 5
1379 3
1380 8
1381 5
1382 5
1383 4
1384 2
1385 5
1386 3
1387 2
1388 2
1389 5
1390 1
1391 2
1392 6
1393 2
1394 9
1395 7
1396 5
1397 6
1398 10
1399 5
1400 4
1401 1
1402 1
1403 3
1404 2
1405 4
1406 1
1407 3
1408 5
1409 5
1410 2
1411 7
1412 5
1413 1
1414 6
1415 6
1416 1
1417 3
1418 5
1419 1
1420 6
1421 3
1422 7
1423 3
1424 3
1425 2
1426 1
1427 1
1428 3
1429 2
1430 4
1431 1
1432 3
1433 5
1434 2
1436 1
1437 2
1438 2
1439 2
1440 5
1441 7
1442 10
1443 9
1444 6
1445 4
1446 1
1447 2
1448 2
1449 2
1450 2
1451 6
1452 4
1453 3
1454 8
1455 4
1456 3
1457 4
1458 2
1459 3
1460 3
1462 3
1463 1
1464 2
1465 3
1466 4
1467 6
1468 1
1469 2
1470 4
1472 2
1474 4
1475 3
1476 2
1477 3
1478 8
1479 5
1480 5
1481 4
1482 4
1483 3
1484 3
1485 4
1486 2
1488 7
1489 3
1490 8
1491 1
1492 3
1493 7
1494 4
1496 5
1497 4
1498 5
1499 1
1500 4
1501 10
1503 4
1504 14
1505 2
1506 1
1508 4
1509 1
1510 1
1511 3
1512 5
1513 1
1514 4
1515 5
1516 3
1517 2
1518 4
1520 5
1521 6
1522 11
1523 6
1524 2
1525 6
1526 7
1527 2
1528 5
1529 5
1530 5
1531 5
1532 6
1533 4
1534 3
1535 2
1536 53
1537 5
1538 1
1539 1
1540 5
1541 1
1542 2
1543 4
1544 2
1545 6
1546 10
1547 2
1549 3
1550 3
1551 3
1552 3
1553 5
1554 3
1555 3
1556 4
1557 5
1558 2
1559 4
1560 2
1561 2
1562 4
1563 7
1564 3
1565 5
1566 4
1568 8
1569 7
1570 1
1571 6
1572 2
1573 5
1574 3
1575 5
1576 3
1577 6
1578 2
1579 4
1580 6
1581 8
1582 6
1583 2
1584 8
1585 4
1586 7
1587 7
1588 1
1589 2
1590 4
1591 5
1592 3
1593 1
1594 2
1595 4
1596 9
1597 6
1598 15
1599 3
1600 7
1601 10
1603 4
1604 5
1605 3
1606 4
1607 3
1608 3
1609 2
1610 2
1611 2
1612 5
1613 4
1614 9
1615 6
1616 7
1617 7
1618 6
1619 7
1620 5
1621 1
1622 1
1623 3
1624 7
1625 2
1626 7
1627 1
1628 3
1629 2
1630 1
1631 5
1633 6
1634 5
1635 6
1636 3
1637 1
1638 5
1639 4
1640 5
1641 1
1642 4
1643 7
1644 3
1645 7
1646 4
1647 3
1648 4
1649 1
1650 5
1651 2
1652 3
1653 2
1654 3
1655 4
1656 1
1657 4
1658 6
1659 1
1660 3
1661 2
1662 3
1663 1
1664 6
1665 5
1666 2
1667 4
1668 4
1669 2
1670 1
1671 2
1672 3
1673 4
1674 1
1675 6
1676 8
1677 3
1678 2
1679 8
1680 7
1682 6
1683 6
1684 4
1685 5
1686 4
1687 2
1688 4
1689 6
1690 3
1691 4
1692 4
1693 13
1694 10
1695 9
1696 6
1697 1
1698 3
1699 5
1700 2
1701 2
1702 4
1703 5
1704 1
1705 8
1706 3
1707 2
1708 3
1709 2
1710 2
1711 4
1712 13
1713 3
1714 2
1715 2
1716 16
1717 2
1718 4
1719 1
1720 1
1721 5
1722 5
1723 1
1724 3
1725 3
1726 4
1727 2
1728 8
1729 2
1730 3
1731 5
1732 5
1733 6
1734 1
1735 2
1736 4
1737 2
1738 5
1739 3
1740 3
1741 5
1742 2
1744 5
1745 3
1746 5
1747 7
1748 5
1749 5
1750 2
1751 6
1752 2
1753 5
1754 2
1755 1
1756 2
1758 3
1759 8
1760 2
1761 4
1762 9
1763 4
1764 2
1765 4
1766 14
1767 3
1768 2
1769 1
1770 9
1771 7
1772 5
1773 4
1774 2
1775 3
1776 3
1777 3
1778 1
1780 2
1781 3
1782 3
1783 6
1784 1
1785 2
1786 9
1787 3
1788 6
1789 1
1790 4
1791 2
1793 2
1794 2
1795 1
1796 1
1798 5
1799 2
1800 1
1801 1
1803 2
1804 7
1806 1
1807 2
1808 2
1809 1
1810 2
1811 1
1812 3
1814 2
1815 5
1816 1
1817 1
1818 5
1820 1
1821 3
1822 3
1823 2
1824 3
1825 3
1826 1
1827 2
1828 1
1829 1
1830 1
1832 1
1833 1
1834 5
1835 2
1836 7
1837 2
1839 2
1840 3
1842 2
1843 4
1844 3
1845 1
1846 3
1847 1
1848 3
1849 3
1850 3
1851 1
1852 6
1853 3
1854 3
1855 1
1856 3
1857 4
1858 2
1859 4
1860 5
1861 3
1862 3
1863 4
1864 2
1866 1
1867 6
1868 3
1869 3
1870 4
1871 6
1872 3
1873 5
1874 1
1875 2
1876 2
1877 5
1879 4
1881 5
1883 2
1885 3
1886 3
1887 4
1888 3
1889 2
1890 2
1891 7
1892 4
1893 2
1894 4
1895 1
1896 6
1897 2
1898 1
1899 1
1900 5
1901 1
1902 2
1903 5
1905 4
1906 2
1907 3
1908 3
1909 2
1910 3
1911 4
1912 6
1913 1
1914 4
1915 9
1916 1
1917 2
1918 3
1919 2
1920 3
1921 3
1922 8
1923 7
1924 4
1925 10
1927 8
1928 1
1929 5
1930 2
1931 6
1932 4
1933 14
1934 2
1935 5
1936 1
1938 1
1940 2
1941 4
1942 2
1944 2
1946 3
1947 1
1948 2
1949 1
1950 3
1951 3
1952 1
1953 2
1954 1
1955 3
1956 2
1957 2
1958 3
1959 3
1960 2
1961 3
1962 2
1963 2
1964 4
1965 1
1966 2
1967 2
1968 1
1970 4
1971 1
1972 1
1973 1
1974 3
1975 2
1976 2
1977 1
1978 6
1979 1
1981 5
1982 3
1983 4
1984 1
1986 6
1987 1
1988 7
1989 3
1990 5
1991 4
1992 3
1993 1
1994 6
1995 4
1996 10
1997 6
1998 2
1999 11
2000 5
2001 3
2002 5
2003 7
2004 6
2005 3
2007 4
2008 1
2009 5
2010 5
2011 2
2012 9
2013 4
2014 1
2015 4
2016 9
2017 4
2018 4
2019 1
2020 2
2021 5
2022 1
2023 3
2024 3
2025 4
2026 3
2027 10
2028 3
2029 1
2030 1
2031 1
2032 4
2033 1
2034 1
2035 3
2036 2
2037 4
2039 1
2040 4
2043 3
2044 1
2045 2
2048 30
2050 13
2051 2
2052 4
2053 2
2054 3
2055 17
2056 3
2057 1
2058 2
2059 2
2060 1
2062 3
2063 2
2064 7
2065 1
2066 10
2067 6
2068 1
2069 2
2070 2
2071 1
2072 2
2073 2
2075 4
2078 2
2079 10
2081 5
2083 1
2084 8
2085 6
2086 4
2087 4
2088 8
2089 2
2090 4
2091 2
2092 9
2093 4
2094 3
2095 2
2096 3
2097 2
2098 3
2099 2
2100 8
2101 2
2102 2
2103 6
2104 10
2105 3
2106 13
2107 3
2108 2
2109 2
2110 1
2111 4
2112 7
2113 1
2114 3
2115 2
2116 8
2117 3
2118 3
2119 1
2120 4
2121 4
2122 1
2123 3
2124 3
2126 9
2127 2
2128 2
2129 2
2130 1
2132 3
2133 1
2134 7
2135 2
2136 1
2137 4
2138 3
2139 2
2140 4
2141 1
2142 2
2143 1
2144 3
2145 4
2146 8
2147 9
2148 4
2149 8
2150 2
2151 1
2152 1
2153 5
2154 7
2155 7
2156 2
2157 1
2158 1
2159 4
2160 8
2161 1
2162 14
2163 1
2165 2
2166 7
2167 1
2168 4
2169 5
2170 2
2171 3
2172 7
2173 4
2174 6
2175 3
2176 2
2177 1
2178 1
2179 4
2180 7
2181 4
2182 7
2183 4
2184 4
2185 1
2186 4
2187 3
2188 2
2189 4
2190 2
2191 1
2194 2
2195 4
2196 1
2197 1
2198 3
2199 4
2200 6
2201 1
2202 2
2203 2
2205 2
2206 8
2207 1
2208 2
2209 1
2210 6
2211 2
2213 3
2214 5
2215 10
2216 1
2217 2
2218 1
2219 3
2220 1
2221 5
2222 9
2223 5
2225 2
2226 3
2227 6
2228 17
2229 2
2230 5
2231 2
2232 1
2233 1
2234 2
2235 1
2236 2
2237 1
2238 2
2240 3
2241 3
2242 1
2244 2
2245 3
2246 5
2247 1
2248 5
2249 8
2250 1
2251 4
2252 3
2253 6
2255 3
2256 3
2257 4
2258 3
2259 4
2260 2
2261 2
2262 2
2263 3
2264 1
2265 16
2266 2
2267 7
2268 5
2269 4
2270 5
2271 2
2272 4
2273 2
2274 2
2275 2
2276 6
2277 2
2280 5
2282 1
2283 1
2284 1
2285 1
2286 4
2287 4
2289 2
2291 1
2292 3
2293 4
2294 1
2296 3
2297 5
2298 3
2299 4
2300 4
2301 7
2302 5
2303 10
2304 8
2305 1
2306 4
2307 1
2308 3
2309 6
2310 4
2311 1
2312 1
2313 3
2314 3
2315 4
2318 4
2319 2
2320 1
2323 2
2324 3
2325 2
2326 3
2327 6
2328 3
2329 3
2330 1
2331 2
2332 3
2334 3
2335 2
2337 1
2338 7
2339 4
2341 3
2342 1
2345 2
2347 1
2348 1
2349 1
2350 7
2351 2
2352 2
2353 1
2354 1
2355 2
2356 3
2357 4
2359 1
2360 7
2361 7
2362 1
2363 9
2366 4
2367 7
2369 1
2371 2
2372 3
2373 2
2374 1
2376 8
2377 3
2378 2
2379 4
2380 51
2381 7
2382 1
2383 1
2384 2
2386 10
2387 1
2388 1
2389 3
2390 1
2391 3
2394 10
2395 1
2396 4
2397 3
2398 7
2399 1
2400 3
2401 5
2402 2
2403 4
2404 1
2405 1
2406 4
2407 1
2408 2
2409 7
2410 6
2411 3
2412 8
2413 3
2414 5
2415 4
2416 4
2417 2
2418 5
2419 3
2420 2
2421 4
2422 1
2427 2
2428 3
2429 5
2430 9
2431 2
2432 4
2433 3
2434 4
2435 5
2436 2
2437 3
2438 4
2439 3
2440 4
2441 5
2442 1
2443 6
2444 2
2445 1
2446 3
2447 10
2448 1
2449 3
2451 1
2452 1
2453 8
2454 1
2455 2
2456 3
2457 2
2459 4
2460 1
2461 4
2462 3
2463 1
2464 4
2466 1
2467 6
2468 2
2469 3
2470 2
2473 6
2474 3
2476 1
2477 1
2478 1
2479 3
2480 1
2482 1
2483 2
2484 1
2485 3
2486 1
2487 3
2489 2
2490 3
2491 13
2492 20
2493 4
2494 1
2495 3
2496 1
2497 5
2499 4
2500 6
2501 3
2502 3
2503 3
2504 3
2506 2
2507 2
2508 2
2510 5
2512 2
2513 4
2514 6
2515 4
2516 1
2517 2
2518 8
2519 2
2520 7
2521 6
2522 9
2523 10
2524 2
2525 1
2526 5
2527 2
2529 6
2530 2
2531 3
2532 1
2533 7
2534 1
2535 1
2536 3
2537 2
2538 5
2539 3
2540 1
2542 3
2543 1
2544 1
2545 14
2546 6
2547 3
2548 1
2549 3
2550 4
2552 5
2553 8
2554 14
2555 5
2556 4
2557 2
2558 2
2559 4
2560 22
2561 3
2562 2
2564 2
2565 1
2566 3
2567 7
2568 1
2569 14
2571 7
2572 2
2573 6
2574 3
2575 9
2576 3
2577 3
2578 1
2579 9
2581 4
2582 6
2583 4
2584 1
2585 8
2587 5
2588 7
2589 3
2591 12
2592 2
2593 3
2594 5
2595 1
2596 2
2598 3
2599 3
2600 4
2603 1
2604 2
2606 5
2607 2
2609 1
2611 5
2612 2
2615 3
2616 2
2617 1
2618 1
2620 8
2622 1
2623 2
2624 2
2625 14
2626 2
2627 2
2628 1
2629 3
2630 12
2631 2
2632 4
2634 2
2635 12
2636 4
2637 1
2638 2
2639 5
2640 5
2641 2
2642 2
2644 3
2645 6
2646 3
2647 1
2648 5
2649 1
2650 4
2651 2
2652 1
2653 1
2654 1
2655 1
2656 4
2658 1
2660 3
2661 1
2662 2
2665 2
2666 2
2667 1
2668 1
2669 3
2670 4
2671 3
2672 1
2673 1
2674 1
2675 1
2676 1
2677 1
2678 1
2679 1
2681 1
2683 2
2684 3
2686 4
2687 3
2688 1
2691 2
2692 2
2693 2
2694 1
2695 1
2696 2
2698 1
2699 2
2700 1
2701 4
2702 1
2703 7
2705 1
2706 1
2707 1
2708 1
2709 1
2710 28
2711 2
2712 2
2713 1
2714 3
2716 3
2717 1
2718 1
2720 4
2721 1
2722 1
2724 2
2725 2
2727 3
2728 9
2729 6
2730 8
2731 6
2732 2
2733 3
2734 4
2735 5
2736 8
2737 2
2738 10
2739 6
2740 2
2741 5
2743 1
2745 1
2746 4
2748 4
2749 3
2751 1
2752 2
2753 3
2754 3
2755 14
2756 10
2757 2
2758 1
2759 9
2760 3
2761 5
2762 2
2764 1
2765 1
2766 3
2768 1
2769 1
2770 2
2771 5
2772 2
2774 4
2775 4
2776 4
2777 2
2778 2
2779 1
2780 1
2781 3
2782 6
2783 3
2784 5
2785 3
2787 4
2788 1
2789 2
2790 1
2792 1
2793 1
2794 1
2795 2
2796 1
2797 2
2798 3
2799 2
2800 1
2801 1
2802 2
2803 3
2804 3
2805 3
2806 3
2807 3
2808 4
2809 2
2810 3
2811 4
2812 2
2813 2
2815 3
2816 2
2817 1
2818 2
2819 1
2820 1
2821 1
2822 2
2823 3
2826 2
2827 1
2828 2
2829 4
2830 3
2831 2
2833 1
2834 1
2835 2
2836 2
2837 2
2838 2
2839 2
2840 1
2841 2
2842 4
2843 3
2844 1
2845 3
2846 2
2847 1
2848 1
2850 3
2852 1
2853 3
2854 2
2856 5
2857 1
2858 1
2859 3
2860 2
2861 8
2862 3
2863 1
2865 4
2866 2
2867 2
2868 2
2869 2
2870 4
2871 5
2873 3
2875 2
2876 8
2877 2
2878 2
2879 2
2880 1
2881 2
2882 6
2884 2
2885 4
2886 1
2887 1
2889 2
2890 2
2891 2
2892 2
2893 3
2894 2
2896 1
2897 3
2898 9
2899 5
2900 1
2901 1
2902 5
2903 5
2904 1
2905 1
2906 5
2907 1
2908 4
2909 4
2910 3
2912 11
2913 1
2915 4
2916 3
2919 1
2920 3
2921 2
2923 1
2924 1
2925 3
2929 1
2930 5
2932 3
2933 3
2936 4
2937 8
2938 4
2940 2
2941 7
2942 7
2943 1
2944 2
2945 3
2946 3
2947 1
2948 2
2949 7
2950 2
2951 1
2952 3
2954 3
2955 2
2957 7
2958 2
2960 2
2963 4
2964 2
2965 2
2966 2
2969 2
2970 1
2971 2
2972 3
2973 4
2974 7
2975 1
2976 2
2977 2
2978 3
2979 1
2981 5
2982 1
2984 1
2985 2
2986 3
2987 2
2989 1
2990 1
2991 1
2993 1
2994 1
2995 2
2996 3
2997 2
2999 1
3000 1
3002 1
3004 2
3006 2
3007 1
3008 2
3009 1
3010 2
3011 1
3013 1
3014 3
3015 1
3016 1
3018 3
3021 3
3024 3
3025 1
3026 5
3028 2
3029 3
3030 2
3031 2
3032 1
3033 1
3034 3
3035 3
3036 4
3037 3
3038 5
3041 1
3042 1
3043 1
3044 1
3045 2
3046 1
3047 1
3048 1
3049 1
3051 2
3052 2
3053 6
3054 2
3056 1
3057 4
3058 1
3059 3
3060 3
3061 2
3062 1
3063 2
3064 3
3065 2
3067 1
3068 2
3070 2
3071 1
3072 16
3073 1
3074 1
3076 1
3077 2
3078 2
3079 2
3080 3
3081 3
3082 5
3083 1
3084 1
3085 1
3086 1
3088 3
3090 4
3091 1
3092 2
3095 1
3096 1
3097 1
3099 2
3100 3
3101 5
3104 4
3105 1
3106 2
3107 4
3108 2
3110 3
3111 1
3113 1
3114 4
3115 1
3116 1
3118 4
3119 1
3120 1
3121 3
3122 1
3124 1
3125 3
3126 7
3127 3
3128 2
3129 1
3130 1
3131 2
3132 1
3134 4
3135 3
3137 3
3138 3
3143 6
3145 2
3146 1
3148 1
3149 3
3150 1
3151 1
3152 1
3153 2
3154 4
3155 1
3157 3
3159 1
3160 6
3161 2
3162 3
3163 1
3164 1
3165 2
3167 4
3168 1
3170 2
3171 1
3172 1
3173 3
3175 4
3176 1
3177 1
3178 1
3179 3
3181 2
3183 4
3184 1
3185 2
3186 1
3188 3
3189 4
3191 2
3192 1
3193 3
3194 2
3195 1
3196 1
3197 2
3198 2
3199 5
3200 3
3201 1
3203 1
3204 1
3205 2
3206 7
3207 1
3208 1
3209 2
3210 5
3212 1
3213 4
3214 4
3215 6
3216 5
3217 1
3220 1
3221 3
3222 3
3223 1
3224 3
3225 1
3227 2
3228 2
3229 1
3230 1
3231 2
3232 3
3233 2
3234 3
3235 1
3236 6
3237 1
3239 3
3241 4
3243 1
3244 1
3245 1
3246 1
3247 3
3248 1
3249 1
3250 1
3252 1
3253 1
3255 2
3256 2
3257 1
3258 2
3260 1
3261 3
3263 2
3264 2
3267 1
3268 1
3269 2
3270 2
3271 1
3272 15
3273 4
3274 3
3275 11
3276 2
3277 1
3278 1
3279 1
3280 3
3281 2
3282 1
3283 3
3284 4
3285 2
3287 6
3288 1
3290 1
3292 3
3293 1
3294 2
3295 1
3296 28
3297 2
3298 3
3299 5
3300 3
3301 2
3303 1
3304 3
3305 2
3306 3
3308 4
3309 1
3310 3
3311 3
3312 1
3313 1
3316 2
3317 1
3319 1
3320 3
3321 2
3322 3
3323 2
3324 6
3326 4
3327 1
3328 2
3329 3
3330 4
3331 8
3332 2
3333 1
3334 4
3336 1
3337 2
3338 1
3339 4
3342 2
3343 1
3344 2
3346 2
3347 1
3348 3
3349 1
3350 1
3351 2
3352 2
3353 4
3354 1
3355 2
3357 2
3359 2
3360 1
3361 1
3362 5
3363 1
3364 1
3365 1
3366 2
3367 3
3368 2
3369 1
3370 1
3371 2
3372 1
3374 2
3375 1
3376 1
3377 2
3378 1
3379 4
3380 2
3382 1
3383 1
3384 2
3385 3
3387 1
3388 1
3390 2
3391 4
3394 4
3396 1
3398 4
3399 3
3400 1
3401 1
3403 1
3404 4
3405 6
3406 6
3407 2
3408 1
3410 1
3411 5
3412 1
3413 4
3415 1
3416 3
3417 1
3420 5
3421 2
3423 2
3424 1
3425 1
3426 2
3427 6
3428 3
3429 4
3430 1
3432 2
3433 1
3434 3
3435 1
3436 4
3437 1
3438 2
3439 2
3440 2
3441 3
3442 10
3443 17
3444 9
3445 3
3447 1
3448 3
3449 3
3450 3
3451 2
3452 2
3453 3
3454 1
3456 1
3459 4
3460 1
3461 5
3462 2
3463 3
3465 4
3466 2
3469 2
3470 1
3472 1
3473 4
3475 1
3477 4
3478 4
3479 1
3480 4
3481 3
3482 1
3483 3
3484 1
3485 1
3487 2
3489 4
3490 3
3493 1
3494 1
3496 2
3497 1
3498 3
3499 1
3500 3
3501 1
3502 1
3503 3
3505 3
3507 4
3508 3
3509 2
3510 2
3511 3
3514 1
3515 1
3516 1
3518 1
3519 1
3522 3
3523 3
3524 2
3525 1
3526 4
3527 4
3528 2
3529 2
3531 1
3532 5
3535 3
3536 1
3540 1
3541 4
3542 4
3543 5
3544 1
3545 2
3546 1
3547 2
3548 1
3550 3
3551 1
3552 4
3553 1
3555 4
3556 1
3557 1
3558 1
3559 6
3560 2
3561 1
3562 2
3564 1
3565 3
3567 3
3569 5
3571 1
3572 1
3573 3
3574 4
3577 1
3578 1
3579 2
3580 3
3582 2
3583 2
3584 9
3585 1
3586 1
3587 4
3588 1
3589 1
3590 6
3592 2
3593 3
3594 3
3595 1
3597 1
3598 2
3601 1
3603 1
3604 1
3605 1
3606 5
3608 1
3609 1
3610 4
3612 1
3613 2
3614 3
3616 3
3617 2
3618 1
3619 2
3621 2
3622 4
3623 1
3625 4
3626 2
3627 1
3628 1
3629 4
3631 1
3633 3
3634 2
3635 6
3636 4
3637 1
3638 2
3640 4
3641 2
3642 1
3643 1
3644 1
3646 3
3647 1
3649 2
3650 2
3654 1
3658 3
3659 2
3660 2
3661 1
3662 1
3664 1
3665 1
3666 3
3667 2
3668 1
3670 1
3671 3
3672 3
3675 3
3676 1
3678 1
3679 1
3680 1
3682 1
3683 2
3686 1
3687 1
3689 1
3692 3
3693 2
3695 2
3696 1
3697 1
3698 1
3699 1
3700 2
3702 1
3703 1
3704 1
3705 5
3708 1
3710 1
3711 2
3712 2
3714 2
3715 4
3718 2
3719 3
3720 1
3721 2
3722 4
3723 1
3724 5
3726 4
3727 6
3731 3
3733 2
3735 2
3736 1
3737 3
3740 4
3741 4
3742 2
3744 7
3745 1
3746 1
3747 1
3748 2
3750 1
3753 1
3754 2
3755 4
3756 1
3757 2
3758 3
3759 1
3760 2
3761 2
3762 5
3763 2
3764 3
3766 6
3767 2
3768 2
3770 4
3771 1
3772 1
3773 3
3775 2
3776 2
3780 1
3781 1
3785 1
3786 1
3787 1
3788 1
3789 2
3791 1
3793 1
3794 4
3795 2
3796 2
3797 2
3799 1
3800 4
3805 2
3811 1
3812 2
3814 1
3816 1
3817 2
3821 1
3822 2
3823 1
3824 1
3826 1
3829 2
3831 1
3832 2
3836 1
3837 2
3839 1
3842 1
3845 5
3847 1
3848 3
3852 1
3854 2
3856 2
3857 2
3858 1
3859 1
3860 1
3863 1
3866 1
3868 1
3871 3
3874 1
3876 1
3877 1
3882 2
3883 2
3886 4
3887 3
3891 1
3893 2
3895 1
3896 2
3897 3
3898 1
3899 1
3900 2
3901 1
3904 1
3905 1
3910 2
3911 2
3912 2
3913 4
3914 2
3916 2
3917 3
3919 2
3920 2
3921 2
3922 2
3923 1
3924 2
3926 1
3927 1
3928 1
3930 1
3931 1
3932 1
3934 2
3936 2
3937 1
3939 2
3941 1
3945 2
3947 1
3948 2
3949 1
3950 1
3951 1
3952 1
3956 1
3959 2
3960 3
3963 1
3964 2
3965 1
3968 1
3969 2
3970 2
3972 1
3974 1
3975 2
3978 3
3979 1
3980 1
3982 4
3986 1
3987 1
3990 1
3991 2
3992 1
3993 1
3997 2
3998 1
3999 1
4000 1
4001 1
4002 1
4004 2
4005 2
4007 2
4008 1
4009 3
4015 1
4016 2
4017 1
4018 2
4019 3
4022 1
4024 1
4025 2
4027 2
4030 4
4031 1
4032 3
4033 1
4036 2
4037 1
4039 2
4040 1
4041 1
4045 1
4046 2
4047 1
4049 2
4050 2
4054 1
4056 3
4057 1
4060 2
4061 1
4064 2
4066 1
4067 1
4068 1
4069 3
4070 3
4073 1
4075 1
4076 1
4078 1
4079 1
4081 1
4082 4
4083 3
4084 3
4087 1
4089 1
4090 1
4096 8
4099 2
4100 2
4101 1
4103 1
4107 3
4108 2
4113 3
4115 1
4118 2
4119 1
4120 3
4121 1
4123 6
4124 1
4127 2
4128 4
4129 1
4131 1
4133 1
4135 4
4136 2
4137 1
4138 1
4139 1
4142 2
4145 1
4146 1
4147 1
4150 1
4151 1
4154 3
4155 3
4158 1
4160 1
4161 2
4163 2
4164 1
4166 2
4167 3
4168 2
4170 1
4172 1
4173 1
4174 2
4175 2
4176 1
4177 1
4178 1
4179 2
4180 5
4181 2
4182 1
4184 1
4185 4
4186 3
4187 4
4188 1
4189 5
4190 2
4191 3
4192 2
4193 1
4194 6
4196 1
4197 1
4203 1
4204 1
4205 2
4209 2
4212 1
4213 2
4214 3
4215 1
4217 2
4218 2
4220 1
4222 1
4226 3
4227 1
4228 1
4229 1
4230 1
4231 1
4232 2
4233 2
4237 2
4238 1
4240 3
4244 1
4245 1
4246 1
4247 3
4249 1
4251 1
4254 1
4255 2
4256 1
4257 1
4261 1
4262 3
4265 3
4266 1
4267 1
4268 1
4269 1
4270 1
4271 2
4272 2
4274 2
4277 4
4279 1
4281 1
4283 1
4284 3
4285 2
4286 2
4287 3
4288 1
4290 2
4291 1
4292 1
4293 3
4294 1
4296 2
4297 1
4298 2
4299 1
4302 1
4303 4
4304 1
4305 2
4306 1
4308 3
4309 2
4310 2
4311 2
4313 1
4316 2
4317 3
4325 1
4326 3
4327 1
4328 1
4329 1
4330 1
4331 2
4332 1
4333 2
4338 1
4339 2
4340 2
4341 1
4342 1
4343 1
4345 1
4346 2
4347 1
4349 1
4353 1
4355 1
4356 3
4357 1
4360 3
4361 1
4363 1
4365 2
4367 1
4368 1
4369 1
4371 6
4372 9
4373 1
4374 1
4375 1
4376 3
4377 2
4383 2
4384 3
4385 2
4387 1
4388 1
4389 1
4391 1
4392 2
4393 2
4394 1
4397 1
4399 1
4400 1
4401 1
4403 1
4405 1
4410 1
4413 3
4414 1
4416 2
4418 1
4419 3
4420 2
4423 1
4426 1
4428 1
4429 2
4430 1
4431 1
4432 3
4436 1
4437 1
4438 1
4439 2
4440 1
4441 2
4442 1
4443 1
4444 1
4445 2
4446 2
4448 1
4450 4
4451 1
4452 2
4453 1
4454 2
4455 3
4458 2
4460 2
4461 1
4463 1
4465 1
4466 1
4467 1
4469 1
4472 2
4474 1
4475 2
4478 1
4480 2
4483 1
4484 1
4485 2
4487 1
4488 1
4489 1
4491 2
4492 2
4495 1
4496 4
4497 1
4500 1
4504 4
4507 2
4509 1
4510 1
4512 3
4513 1
4514 1
4516 2
4518 2
4519 3
4521 1
4522 1
4523 1
4524 1
4525 1
4526 4
4529 1
4531 5
4538 3
4543 2
4544 3
4546 1
4551 1
4552 1
4555 1
4556 3
4557 1
4559 1
4565 3
4566 1
4567 2
4568 1
4569 1
4571 2
4573 3
4574 2
4575 1
4577 3
4579 1
4581 1
4582 1
4583 2
4584 1
4586 3
4587 2
4590 1
4594 1
4595 1
4596 1
4598 1
4603 1
4604 1
4607 1
4608 4
4609 2
4610 1
4611 1
4612 1
4613 1
4617 1
4619 1
4620 1
4621 1
4624 6
4627 1
4628 1
4630 1
4631 1
4639 1
4643 3
4644 1
4646 1
4647 1
4648 3
4649 2
4650 2
4652 2
4653 1
4654 1
4656 2
4659 1
4660 1
4662 1
4664 1
4670 1
4676 2
4680 3
4682 2
4683 3
4684 1
4687 2
4688 1
4689 1
4690 2
4696 1
4697 2
4700 1
4701 2
4703 2
4704 2
4706 3
4710 1
4711 2
4713 1
4714 1
4715 1
4717 3
4723 2
4725 2
4727 2
4732 1
4733 1
4736 1
4742 1
4743 2
4744 1
4746 1
4747 2
4752 1
4754 1
4755 1
4756 1
4757 1
4758 3
4759 1
4761 2
4762 2
4766 1
4770 1
4771 7
4773 1
4775 2
4777 1
4781 1
4782 1
4783 2
4785 1
4787 2
4789 3
4793 1
4794 1
4796 1
4799 1
4802 1
4804 2
4806 2
4807 2
4808 1
4809 2
4814 1
4819 2
4822 1
4824 1
4826 1
4827 1
4828 1
4832 2
4835 1
4839 3
4841 2
4842 1
4844 1
4846 1
4848 2
4852 3
4854 1
4855 1
4857 1
4858 1
4859 1
4861 1
4863 2
4864 2
4866 2
4867 1
4868 1
4869 1
4870 2
4871 1
4872 1
4873 2
4874 1
4875 2
4877 2
4878 1
4880 1
4882 1
4884 1
4886 1
4887 3
4888 4
4892 1
4894 1
4904 1
4906 1
4907 1
4908 1
4909 2
4910 2
4911 1
4913 1
4914 1
4915 2
4916 2
4919 1
4920 1
4923 2
4926 1
4929 1
4930 1
4931 2
4937 1
4939 1
4941 1
4942 1
4943 1
4947 2
4948 2
4949 1
4950 1
4952 1
4954 2
4955 1
4962 1
4964 2
4965 1
4966 2
4967 2
4968 4
4969 3
4970 5
4972 1
4973 1
4976 1
4977 1
4978 1
4979 3
4980 1
4982 2
4984 1
4985 1
4990 2
4994 1
5000 1
5001 1
5002 2
5003 1
5006 1
5008 1
5013 2
5014 1
5015 1
5017 2
5020 2
5021 1
5023 1
5024 2
5025 1
5027 1
5028 1
5029 1
5034 2
5035 1
5036 3
5040 1
5044 1
5048 1
5051 2
5053 1
5056 1
5065 1
5068 1
5069 1
5070 1
5073 1
5077 1
5079 2
5080 4
5083 1
5085 3
5088 1
5091 1
5096 2
5098 1
5100 1
5101 2
5106 1
5107 1
5108 1
5111 1
5112 1
5113 1
5117 1
5118 1
5119 1
5120 26
5122 1
5123 1
5126 1
5132 1
5133 1
5134 1
5135 1
5136 2
5138 1
5139 1
5140 1
5141 1
5142 1
5143 2
5146 1
5147 2
5148 4
5150 1
5154 1
5155 1
5157 1
5158 3
5160 2
5164 1
5166 1
5168 2
5169 1
5172 1
5173 2
5174 1
5178 1
5182 1
5183 1
5184 3
5185 1
5187 2
5193 1
5195 1
5196 1
5198 1
5200 1
5203 3
5204 1
5205 2
5207 1
5208 1
5209 1
5212 3
5213 1
5214 1
5222 2
5224 1
5226 1
5227 1
5228 1
5230 1
5233 1
5234 1
5236 1
5237 3
5238 1
5242 2
5244 1
5248 1
5250 1
5251 1
5253 1
5257 1
5258 1
5260 2
5263 1
5264 1
5268 1
5270 1
5273 1
5274 2
5275 1
5278 1
5279 1
5280 2
5282 3
5283 1
5284 1
5285 2
5288 1
5289 2
5292 1
5293 2
5297 1
5298 2
5300 1
5302 1
5306 1
5307 1
5308 1
5310 2
5312 1
5313 2
5315 4
5319 1
5321 1
5325 2
5330 2
5332 2
5333 1
5334 1
5335 1
5336 2
5338 1
5342 1
5343 1
5348 1
5349 2
5351 1
5356 2
5358 1
5360 2
5361 1
5366 1
5369 1
5371 2
5372 1
5376 2
5378 1
5380 1
5381 2
5383 1
5386 1
5388 1
5391 1
5392 3
5394 4
5396 2
5398 1
5399 2
5408 1
5409 1
5414 1
5416 1
5417 1
5418 1
5420 1
5421 1
5422 1
5424 2
5426 1
5427 1
5428 1
5429 1
5431 1
5434 3
5435 2
5437 1
5438 2
5442 1
5446 2
5448 1
5449 1
5450 1
5451 1
5453 1
5456 1
5459 1
5460 1
5462 1
5469 1
5471 2
5472 1
5473 3
5475 3
5476 2
5477 1
5480 1
5486 1
5491 2
5493 1
5494 2
5495 1
5496 4
5498 1
5499 1
5500 3
5502 1
5504 3
5507 1
5512 2
5513 2
5515 1
5518 1
5529 1
5530 1
5532 1
5533 2
5538 2
5539 1
5541 1
5545 3
5549 1
5550 1
5551 4
5552 1
5555 1
5556 1
5559 1
5562 1
5564 2
5565 1
5566 1
5568 1
5572 1
5575 1
5578 1
5581 1
5582 1
5583 1
5588 4
5589 3
5591 1
5592 1
5593 1
5597 1
5600 2
5609 1
5615 1
5616 1
5621 1
5623 2
5624 1
5626 1
5627 1
5630 1
5632 14
5634 1
5635 1
5637 2
5640 1
5642 2
5645 3
5647 1
5651 2
5654 3
5655 2
5657 1
5659 1
5660 1
5662 2
5667 2
5668 1
5671 1
5674 1
5676 2
5677 2
5678 1
5680 1
5682 1
5686 1
5687 2
5688 2
5689 1
5690 1
5694 1
5695 1
5696 2
5698 1
5699 1
5702 2
5703 1
5704 1
5706 1
5708 1
5709 2
5711 3
5712 1
5716 2
5720 1
5725 4
5726 3
5728 2
5729 1
5731 1
5732 1
5733 1
5736 2
5738 1
5739 2
5740 3
5741 1
5743 1
5745 1
5746 2
5748 3
5750 1
5754 1
5756 1
5760 1
5762 1
5763 1
5766 1
5771 1
5773 1
5774 1
5779 1
5783 1
5786 3
5788 2
5789 1
5791 2
5792 2
5793 1
5796 1
5800 1
5802 1
5804 1
5805 1
5809 3
5811 1
5817 2
5819 1
5820 1
5825 1
5828 2
5829 1
5830 2
5833 1
5840 1
5843 1
5846 1
5847 1
5848 1
5849 1
5851 1
5853 1
5856 1
5860 1
5863 2
5864 1
5867 1
5870 2
5872 2
5873 1
5877 1
5878 3
5879 1
5881 1
5885 1
5886 1
5888 1
5889 2
5891 1
5893 2
5894 2
5896 1
5898 1
5900 2
5902 2
5903 1
5907 1
5908 1
5909 1
5911 1
5913 1
5916 2
5918 3
5920 2
5921 2
5924 1
5925 1
5928 2
5932 2
5933 1
5934 1
5936 1
5937 2
5938 1
5939 1
5952 1
5955 1
5956 1
5957 1
5961 1
5963 1
5965 1
5966 1
5976 1
5977 1
5981 1
5987 1
5989 1
5990 1
5991 1
5992 1
5993 1
5994 2
5998 1
6004 3
6005 1
6012 2
6015 1
6017 1
6021 2
6023 1
6025 2
6026 2
6029 1
6032 2
6035 3
6038 1
6040 1
6042 1
6045 1
6050 1
6056 1
6060 2
6064 1
6068 2
6072 1
6081 1
6084 1
6085 1
6086 1
6087 1
6088 1
6092 2
6093 1
6097 1
6098 1
6100 1
6104 1
6108 3
6118 2
6121 1
6124 2
6125 3
6131 1
6137 1
6139 1
6144 22
6145 1
6149 1
6150 1
6151 1
6158 1
6172 1
6173 1
6175 7
6176 5
6178 3
6179 1
6180 1
6184 2
6185 1
6186 2
6190 2
6192 1
6193 1
6197 1
6204 2
6206 1
6208 1
6216 1
6221 1
6224 1
6226 1
6232 1
6233 1
6234 1
6241 1
6246 1
6251 2
6252 2
6253 1
6260 1
6263 1
6266 1
6268 2
6271 1
6272 2
6276 3
6277 1
6278 2
6288 3
6297 1
6299 1
6300 1
6302 2
6303 1
6308 2
6310 2
6311 1
6314 2
6316 1
6320 1
6321 1
6327 2
6328 1
6330 2
6334 1
6336 4
6340 2
6341 1
6342 1
6345 1
6346 1
6348 1
6350 1
6356 1
6357 1
6358 2
6364 2
6366 1
6367 1
6369 1
6370 1
6374 2
6376 1
6378 1
6379 1
6380 2
6385 1
6391 1
6392 1
6395 1
6398 1
6400 4
6404 2
6406 1
6407 1
6412 3
6413 1
6420 1
6422 1
6432 5
6434 1
6437 1
6440 1
6441 1
6445 2
6447 1
6448 2
6450 1
6454 1
6460 1
6462 1
6463 1
6470 1
6472 1
6479 2
6481 1
6482 1
6485 1
6488 2
6493 1
6494 1
6497 3
6499 4
6500 3
6501 1
6512 1
6514 1
6520 2
6523 1
6526 3
6534 1
6542 1
6544 2
6549 1
6550 1
6572 1
6574 1
6586 1
6592 1
6593 1
6594 1
6599 1
6602 1
6607 2
6609 1
6623 2
6625 1
6629 2
6633 1
6639 1
6640 1
6642 1
6643 2
6648 1
6656 23
6659 1
6660 1
6669 1
6678 1
6679 1
6680 1
6681 1
6683 1
6684 2
6688 1
6690 4
6693 1
6713 1
6716 1
6717 1
6732 1
6741 1
6746 2
6749 1
6754 1
6760 1
6763 2
6765 1
6776 1
6781 2
6785 1
6787 1
6790 1
6798 5
6800 1
6805 1
6810 1
6824 1
6834 1
6838 1
6840 1
6858 1
6865 1
6868 2
6873 1
6879 1
6881 1
6882 1
6888 1
6889 1
6900 1
6905 1
6910 2
6914 1
6916 2
6921 1
6925 1
6926 1
6929 1
6931 1
6936 1
6938 1
6941 1
6942 1
6949 1
6950 1
6957 1
6961 1
6965 1
6976 1
6981 1
6982 2
6983 1
6984 1
6988 1
6991 1
6994 1
6996 1
6998 2
7004 1
7011 1
7012 2
7014 1
7015 1
7022 1
7024 1
7025 1
7027 1
7028 1
7034 1
7035 1
7036 1
7040 2
7045 1
7056 1
7058 2
7060 1
7064 1
7067 1
7068 1
7069 1
7083 1
7084 1
7085 2
7088 1
7124 1
7127 2
7128 1
7130 1
7133 1
7135 1
7143 8
7146 1
7168 13
7169 1
7170 1
7172 1
7174 1
7185 1
7190 1
7192 1
7196 1
7200 1
7202 1
7204 2
7207 1
7215 1
7217 1
7231 1
7237 1
7243 1
7255 1
7256 1
7264 1
7267 2
7272 1
7273 1
7274 1
7284 2
7286 1
7287 1
7295 1
7300 3
7308 2
7316 1
7321 2
7325 1
7326 1
7329 2
7349 1
7350 2
7354 1
7355 1
7358 2
7364 1
7374 1
7378 1
7391 1
7392 1
7395 1
7398 1
7399 1
7411 1
7415 1
7419 1
7422 1
7424 2
7432 1
7448 1
7449 2
7454 1
7459 1
7461 1
7464 1
7468 2
7472 1
7473 1
7479 5
7480 1
7492 1
7494 2
7496 3
7503 1
7506 1
7511 1
7515 1
7524 2
7526 1
7530 1
7539 2
7544 1
7559 2
7569 1
7573 1
7574 1
7581 1
7587 1
7590 1
7592 1
7593 1
7595 1
7597 1
7609 1
7610 2
7612 1
7616 1
7620 1
7624 2
7629 2
7630 1
7631 1
7635 1
7637 1
7644 2
7650 1
7655 1
7657 1
7660 1
7662 2
7670 1
7677 2
7678 2
7679 1
7680 11
7685 1
7688 1
7696 2
7697 2
7702 2
7710 1
7714 1
7719 1
7726 1
7728 1
7730 1
7734 1
7739 1
7744 1
7745 2
7746 1
7756 1
7757 1
7758 1
7773 1
7775 1
7781 1
7786 1
7793 2
7807 1
7813 1
7816 1
7842 1
7845 2
7846 1
7851 2
7852 1
7857 1
7873 1
7879 1
7896 1
7902 1
7905 1
7913 3
7914 1
7922 1
7925 1
7927 1
7929 1
7937 1
7940 1
7945 2
7948 2
7956 1
7959 1
7960 3
7977 1
7978 2
7981 1
7983 1
7991 1
7992 1
7993 1
7995 1
8004 1
8005 1
8008 3
8009 1
8012 1
8016 1
8020 1
8030 1
8033 1
8034 1
8057 1
8064 1
8065 1
8071 1
8079 1
8086 1
8087 2
8088 1
8090 1
8093 1
8095 1
8099 1
8109 1
8110 2
8113 1
8114 1
8117 1
8123 1
8124 1
8127 1
8128 1
8131 1
8134 1
8136 1
8146 1
8148 1
8151 1
8154 2
8158 1
8160 1
8162 1
8163 1
8172 1
8181 1
8192 14
8208 1
8210 1
8217 1
8228 1
8229 1
8230 1
8239 1
8247 1
8258 2
8266 1
8281 1
8294 1
8310 2
8312 1
8315 1
8325 1
8330 1
8340 1
8346 1
8357 1
8365 1
8372 1
8373 1
8377 1
8394 1
8408 1
8423 1
8425 1
8436 1
8443 1
8444 2
8447 1
8464 1
8466 1
8468 1
8472 3
8475 1
8480 2
8488 1
8492 1
8493 1
8496 1
8497 1
8498 1
8502 1
8503 1
8512 1
8514 1
8520 1
8524 2
8526 1
8528 1
8543 1
8544 1
8546 1
8549 1
8553 1
8554 1
8560 1
8564 1
8570 1
8574 1
8576 2
8577 1
8594 1
8598 1
8602 1
8607 1
8608 2
8609 1
8612 1
8614 1
8621 1
8624 1
8626 1
8627 1
8629 2
8636 1
8640 1
8655 1
8657 1
8660 1
8690 1
8699 1
8704 10
8724 1
8729 1
8736 2
8740 1
8741 1
8742 1
8744 2
8751 1
8753 1
8755 1
8779 1
8790 1
8793 1
8796 1
8801 1
8803 1
8809 1
8814 1
8821 1
8846 2
8847 1
8868 1
8869 1
8877 1
8882 2
8897 1
8917 1
8927 1
8935 1
8937 1
8943 1
8945 1
8947 1
8948 1
8960 2
8984 1
8985 1
8997 2
9000 2
9005 1
9023 1
9026 1
9040 1
9061 2
9066 1
9077 1
9081 1
9097 2
9105 1
9122 1
9130 2
9132 1
9138 1
9150 1
9156 1
9163 1
9164 1
9172 1
9176 1
9182 1
9209 1
9216 29
9218 2
9225 1
9230 2
9259 1
9266 1
9297 1
9298 1
9303 1
9310 1
9312 4
9314 2
9316 1
9318 1
9319 1
9336 1
9358 1
9373 2
9374 1
9376 1
9380 1
9384 1
9385 1
9387 1
9390 1
9391 1
9392 1
9400 1
9409 1
9410 1
9412 1
9413 1
9432 2
9440 1
9451 1
9452 2
9458 1
9472 10
9486 1
9495 1
9506 2
9508 1
9536 1
9542 1
9546 1
9549 1
9554 2
9558 1
9568 2
9576 1
9586 1
9602 1
9608 1
9617 1
9618 1
9619 2
9624 2
9625 1
9631 1
9632 1
9639 1
9649 1
9657 1
9668 1
9672 1
9686 1
9692 1
9698 1
9711 1
9712 1
9717 1
9718 1
9722 1
9728 6
9729 1
9730 1
9737 1
9738 2
9739 1
9745 1
9746 1
9749 1
9755 1
9760 1
9767 1
9776 1
9779 2
9783 1
9784 2
9792 1
9794 2
9815 2
9818 1
9827 1
9836 1
9839 1
9853 2
9855 1
9857 1
9862 1
9872 1
9882 2
9888 1
9905 1
9906 1
9919 1
9922 2
9926 2
9932 1
9937 1
9938 1
9949 1
9968 1
9975 1
9983 2
10007 1
10012 1
10030 1
10034 1
10036 1
10063 1
10064 1
10065 1
10090 1
10105 1
10110 1
10111 1
10114 1
10118 1
10122 1
10125 1
10134 1
10135 1
10139 1
10141 1
10142 2
10146 1
10159 1
10161 1
10178 2
10184 1
10209 1
10211 1
10226 2
10229 1
10238 1
10240 6
10245 1
10294 1
10298 1
10320 1
10321 1
10322 1
10334 1
10335 1
10343 1
10346 1
10352 1
10365 1
10366 1
10375 1
10378 1
10383 1
10393 1
10401 1
10403 1
10404 1
10406 1
10407 1
10409 2
10418 1
10425 1
10429 1
10453 1
10461 1
10463 1
10466 1
10472 1
10474 1
10479 1
10481 1
10486 1
10499 1
10510 1
10512 1
10517 1
10520 2
10525 1
10535 1
10537 1
10538 1
10547 1
10548 1
10552 1
10555 3
10560 2
10561 1
10574 1
10580 2
10584 2
10597 1
10602 1
10610 1
10621 1
10640 1
10643 1
10645 1
10649 1
10660 1
10673 1
10689 1
10692 1
10701 1
10714 1
10715 1
10719 1
10725 1
10729 1
10732 1
10733 1
10741 1
10744 1
10750 1
10752 8
10753 1
10756 1
10764 1
10781 1
10782 1
10783 1
10786 1
10793 1
10807 1
10818 1
10825 1
10826 1
10828 2
10832 1
10837 1
10844 1
10845 5
10848 1
10850 1
10853 1
10870 1
10871 1
10877 1
10881 1
10882 1
10895 1
10896 1
10900 1
10902 1
10905 2
10918 1
10921 1
10933 1
10938 1
10946 1
10970 2
10977 1
10979 1
10983 1
11010 1
11017 1
11019 2
11024 1
11028 1
11031 1
11033 1
11044 1
11050 1
11051 1
11060 1
11078 1
11084 2
11088 1
11090 1
11092 1
11105 1
11106 1
11112 1
11124 1
11126 1
11133 1
11139 1
11146 1
11163 1
11168 2
11171 1
11187 1
11189 1
11190 1
11199 1
11211 1
11221 1
11234 1
11235 1
11245 1
11253 1
11256 2
11260 1
11264 16
11279 1
11280 1
11284 1
11292 1
11305 1
11308 1
11313 1
11316 1
11318 1
11323 1
11331 1
11332 1
11339 1
11346 1
11352 1
11355 1
11360 1
11363 1
11366 1
11388 1
11411 1
11420 4
11421 1
11424 1
11428 5
11432 5
11464 1
11483 1
11495 2
11504 1
11536 1
11538 1
11540 4
11544 6
11556 1
11559 1
11568 1
11590 1
11608 1
11612 1
11614 1
11624 1
11626 1
11628 1
11632 3
11636 3
11640 4
11644 1
11650 1
11651 1
11656 1
11689 3
11700 1
11724 1
11733 1
11734 2
11742 1
11743 1
11761 1
11766 1
11776 1
11782 1
11801 1
11802 1
11808 1
11809 1
11848 1
11851 1
11880 3
11902 1
11916 2
11968 1
11972 1
11988 1
11992 1
11993 1
11995 1
12012 1
12014 1
12020 2
12024 1
12028 1
12048 2
12060 1
12065 2
12076 1
12112 4
12113 1
12116 4
12120 1
12121 1
12128 1
12136 2
12144 1
12148 2
12152 2
12156 3
12163 1
12166 1
12177 1
12188 1
12193 1
12204 2
12208 3
12209 1
12212 2
12213 1
12215 1
12216 1
12220 2
12228 3
12234 1
12244 2
12253 1
12266 1
12268 2
12270 1
12272 12
12274 1
12276 1
12280 1
12283 1
12288 7
12304 1
12307 1
12308 2
12309 1
12310 1
12311 1
12317 1
12320 1
12324 2
12328 1
12330 2
12332 2
12336 2
12339 1
12340 2
12344 6
12348 2
12351 1
12352 3
12365 2
12366 1
12368 1
12376 1
12385 1
12394 3
12408 2
12412 7
12413 1
12416 4
12420 1
12423 1
12424 1
12428 2
12432 1
12436 2
12438 1
12440 2
12444 2
12453 1
12456 3
12459 1
12481 2
12482 1
12484 2
12500 1
12508 1
12523 2
12524 1
12532 1
12536 3
12538 1
12540 1
12544 2
12548 2
12549 2
12552 1
12556 1
12564 5
12565 2
12568 7
12574 3
12576 1
12589 2
12603 1
12604 2
12611 2
12612 1
12619 1
12632 1
12636 3
12639 1
12640 2
12648 2
12652 1
12655 1
12656 3
12659 1
12660 3
12664 1
12668 1
12676 1
12680 2
12685 2
12691 1
12700 2
12705 2
12708 2
12710 1
12717 1
12730 1
12742 2
12759 2
12760 1
12763 1
12772 2
12773 1
12786 1
12793 1
12798 1
12800 6
12805 1
12814 1
12816 1
12818 1
12854 1
12856 2
12860 2
12868 2
12872 7
12874 1
12876 2
12880 2
12883 1
12884 1
12887 2
12888 1
12892 3
12900 4
12903 1
12911 2
12912 2
12913 2
12915 1
12916 2
12920 2
12922 2
12928 2
12931 1
12932 2
12938 1
12942 1
12953 1
12956 2
12964 1
12968 1
12969 1
12971 2
12972 2
12976 4
12980 5
12983 1
12987 1
12988 1
12992 1
12996 1
12998 2
13000 1
13003 2
13004 1
13007 1
13008 2
13011 2
13012 1
13016 3
13020 1
13024 2
13032 2
13037 1
13038 1
13044 1
13045 2
13051 1
13052 1
13053 1
13060 1
13063 1
13100 1
13104 1
13106 2
13112 2
13116 2
13120 4
13124 2
13128 1
13132 4
13136 1
13140 4
13145 1
13148 2
13152 2
13156 2
13160 2
13163 1
13164 1
13168 2
13170 1
13171 2
13172 1
13180 1
13184 1
13188 1
13201 1
13208 1
13214 1
13216 1
13217 1
13220 1
13236 2
13240 1
13246 3
13248 2
13249 3
13252 1
13253 1
13254 1
13256 1
13260 2
13262 1
13264 2
13268 2
13271 1
13272 3
13276 3
13277 1
13280 1
13284 3
13296 2
13300 2
13301 1
13304 3
13308 1
13312 18
13316 1
13317 1
13325 2
13329 2
13330 1
13336 1
13341 1
13344 1
13346 1
13347 1
13349 1
13352 1
13353 1
13356 1
13364 1
13366 1
13368 1
13372 1
13373 1
13379 1
13380 2
13384 2
13390 1
13396 1
13400 1
13412 1
13421 1
13423 1
13428 1
13432 1
13433 1
13440 1
13448 1
13456 1
13457 1
13470 1
13479 1
13481 1
13483 1
13489 1
13496 1
13497 1
13520 1
13522 1
13528 1
13529 2
13532 1
13536 1
13537 1
13544 1
13546 2
13547 1
13548 2
13556 1
13563 1
13568 1
13579 1
13586 1
13588 1
13596 1
13609 1
13619 1
13625 1
13628 1
13629 1
13642 1
13648 2
13649 1
13659 1
13660 1
13664 2
13665 1
13667 2
13668 1
13673 2
13676 2
13677 2
13680 1
13688 1
13692 2
13695 1
13697 2
13700 1
13702 1
13708 1
13712 2
13715 2
13716 2
13718 1
13727 2
13730 1
13740 1
13741 1
13752 1
13764 1
13775 1
13780 1
13784 1
13787 1
13793 2
13798 2
13808 1
13814 1
13820 1
13824 3
13825 1
13828 1
13831 1
13832 1
13833 1
13836 1
13844 1
13847 1
13848 2
13857 1
13859 2
13860 3
13863 1
13864 1
13865 2
13868 1
13875 2
13883 1
13884 1
13910 2
13916 1
13948 1
13964 1
13972 2
13976 1
13984 1
13988 1
13992 3
13993 1
13994 1
13996 4
14000 1
14004 1
14008 3
14010 2
14012 1
14024 1
14025 1
14028 1
14032 1
14040 2
14069 3
14070 1
14078 1
14080 3
14084 1
14097 1
14099 1
14104 2
14116 1
14120 3
14123 2
14128 3
14130 1
14132 1
14138 2
14147 1
14155 1
14164 1
14168 3
14185 1
14188 1
14192 1
14195 2
14209 1
14218 2
14219 2
14223 2
14224 1
14228 1
14235 2
14244 1
14250 2
14254 2
14256 1
14260 4
14261 1
14264 4
14268 2
14280 1
14284 1
14285 1
14288 3
14300 1
14303 1
14304 2
14306 2
14308 1
14312 1
14316 2
14320 1
14328 1
14332 1
14333 1
14334 2
14336 15
14348 1
14352 2
14361 1
14370 1
14371 1
14372 2
14373 1
14376 1
14379 2
14380 1
14384 1
14392 1
14408 1
14430 1
14440 1
14444 1
14452 1
14455 1
14456 3
14465 2
14472 1
14474 1
14477 1
14480 1
14481 1
14483 1
14484 3
14488 1
14492 3
14505 1
14507 1
14508 1
14512 1
14514 1
14518 1
14520 1
14528 2
14530 1
14536 1
14540 1
14544 2
14552 1
14560 2
14564 1
14572 1
14580 1
14582 1
14584 5
14586 3
14589 2
14596 2
14599 2
14600 2
14603 1
14608 2
14612 2
14615 1
14618 1
14620 1
14624 1
14626 1
14630 3
14636 1
14639 2
14644 2
14646 1
14647 1
14648 4
14652 1
14654 2
14655 2
14656 2
14659 2
14660 1
14661 2
14664 1
14666 1
14668 2
14670 1
14672 3
14676 1
14678 1
14680 1
14683 1
14684 1
14685 2
14695 2
14697 1
14702 2
14705 2
14706 1
14708 1
14711 2
14712 1
14713 1
14715 3
14717 1
14721 3
14726 1
14729 1
14743 2
14748 1
14750 1
14753 2
14757 2
14764 1
14766 1
14771 2
14772 2
14783 2
14784 2
14788 1
14791 2
14792 2
14793 1
14796 1
14798 1
14806 1
14808 2
14818 1
14826 1
14828 1
14832 1
14839 2
14848 3
14853 1
14856 1
14861 1
14868 2
14872 2
14878 2
14898 2
14906 2
14909 1
14912 1
14914 1
14916 2
14917 3
14924 2
14928 2
14933 1
14934 1
14937 1
14945 1
14946 1
14948 1
14954 1
14964 1
14972 1
14979 2
14983 2
14985 2
14987 1
14993 1
14996 1
15004 1
15008 1
15009 1
15021 1
15030 2
15035 1
15036 1
15037 1
15041 1
15055 1
15068 1
15072 5
15086 2
15093 1
15101 1
15103 1
15105 1
15108 1
15112 1
15114 1
15122 1
15124 1
15128 1
15132 1
15135 2
15158 1
15160 1
15161 1
15168 2
15170 1
15173 1
15176 1
15180 1
15191 3
15196 1
15209 1
15226 2
15231 2
15232 2
15234 2
15239 2
15257 2
15258 1
15272 2
15273 1
15275 3
15285 3
15289 2
15291 1
15292 2
15300 1
15320 1
15322 1
15323 1
15325 1
15332 1
15334 1
15338 1
15345 2
15349 1
15350 1
15351 1
15360 8
15365 2
15368 1
15372 2
15375 1
15387 1
15389 3
15396 1
15397 1
15398 1
15400 1
15416 1
15419 1
15422 1
15424 1
15428 1
15440 1
15443 1
15448 1
15450 1
15452 1
15456 2
15460 1
15461 1
15462 1
15464 2
15466 1
15468 3
15470 1
15474 1
15485 1
15486 1
15492 1
15495 1
15497 1
15499 1
15508 1
15510 1
15511 1
15512 1
15518 1
15527 1
15531 2
15533 1
15538 1
15539 1
15540 1
15541 2
15546 1
15549 1
15554 6
15561 2
15565 1
15572 3
15573 1
15576 2
15578 1
15579 1
15580 1
15582 1
15585 1
15588 1
15589 3
15592 1
15595 1
15599 1
15608 1
15609 2
15618 1
15619 1
15624 2
15626 1
15631 1
15656 1
15661 1
15672 2
15675 1
15688 1
15692 3
15703 2
15704 1
15710 1
15712 1
15725 1
15743 2
15748 1
15749 1
15755 1
15762 1
15780 1
15795 1
15823 2
15833 1
15837 2
15853 1
15861 1
15872 4
15874 3
15876 1
15877 2
15881 2
15883 1
15907 2
15915 1
15917 1
15931 2
15935 1
15943 1
15966 1
15975 1
15978 1
15995 2
16011 1
16012 1
16023 1
16048 2
16051 3
16059 1
16061 2
16067 1
16071 1
16090 2
16126 1
16128 1
16134 1
16135 2
16141 2
16148 1
16149 1
16150 1
16151 1
16153 1
16157 3
16180 1
16182 2
16187 2
16192 1
16200 3
16218 2
16228 2
16263 1
16268 1
16271 1
16273 1
16300 2
16322 1
16384 20
16398 1
16410 1
16423 2
16427 1
16430 2
16435 1
16442 1
16447 1
16468 1
16478 1
16494 1
16496 1
16506 1
16523 1
16528 1
16531 1
16575 1
16582 2
16588 2
16593 2
16627 1
16634 1
16637 1
16640 1
16642 2
16654 1
16704 1
16707 1
16712 1
16716 1
16719 3
16724 3
16725 1
16726 2
16727 1
16729 1
16749 1
16754 1
16756 1
16757 1
16764 1
16769 1
16770 2
16814 1
16817 1
16834 1
16842 2
16854 2
16858 2
16865 2
16868 2
16880 1
16888 1
16891 2
16893 1
16894 1
16896 7
16900 1
16903 1
16908 1
16937 2
16947 1
16967 1
16989 3
17004 1
17008 1
17009 2
17016 1
17040 1
17067 1
17076 1
17081 1
17084 1
17100 1
17102 1
17111 1
17120 1
17127 2
17128 1
17130 1
17140 1
17143 1
17177 1
17194 2
17198 2
17205 2
17206 1
17211 1
17216 1
17224 1
17229 1
17230 1
17236 1
17247 1
17249 1
17283 1
17305 1
17309 1
17310 2
17354 1
17356 1
17364 1
17372 1
17376 2
17388 1
17408 11
17425 2
17436 1
17439 1
17448 1
17451 1
17452 1
17466 1
17468 2
17482 1
17484 1
17487 1
17490 1
17496 1
17508 1
17513 1
17514 1
17516 2
17555 1
17568 1
17574 1
17580 2
17581 1
17593 2
17613 2
17633 1
17635 1
17636 2
17638 2
17639 2
17646 1
17657 1
17658 1
17681 2
17696 1
17699 1
17722 1
17737 1
17743 1
17747 1
17762 1
17843 1
17847 1
17848 3
17857 1
17872 4
17875 1
17899 2
17930 1
17940 1
17947 1
17950 1
17964 2
17980 1
17997 1
18015 1
18027 1
18032 1
18056 2
18061 1
18071 1
18079 2
18096 1
18116 1
18129 2
18131 2
18134 1
18139 1
18156 1
18172 2
18178 2
18188 1
18189 1
18197 1
18211 1
18238 1
18240 1
18265 2
18268 1
18270 2
18282 1
18288 1
18293 1
18304 1
18349 1
18360 1
18371 1
18383 2
18388 2
18402 1
18416 1
18429 1
18432 9
18453 2
18475 1
18488 1
18507 1
18508 1
18526 1
18533 1
18537 1
18598 1
18602 1
18619 2
18633 1
18645 1
18649 1
18652 2
18693 1
18698 1
18743 2
18751 2
18768 1
18782 1
18807 1
18812 1
18813 1
18833 3
18836 2
18855 1
18872 1
18876 1
18879 2
18880 1
18902 1
18915 1
18939 1
18940 1
18944 1
18956 1
18960 1
18961 2
18962 2
18986 1
19004 2
19005 1
19012 3
19013 1
19023 1
19041 1
19048 1
19060 1
19066 1
19074 2
19076 1
19096 1
19172 2
19188 1
19193 1
19221 1
19230 1
19233 1
19259 1
19270 1
19276 1
19280 1
19292 1
19303 1
19312 1
19319 1
19356 2
19378 1
19388 2
19391 2
19406 1
19416 1
19423 1
19456 17
19463 1
19468 1
19470 1
19472 1
19493 1
19498 2
19502 1
19521 1
19536 1
19538 1
19569 2
19570 2
19610 1
19626 1
19636 1
19644 1
19663 1
19675 1
19711 1
19713 1
19718 1
19725 1
19730 1
19749 1
19753 1
19802 1
19808 1
19813 1
19819 1
19844 1
19883 1
19884 1
19888 1
19894 1
19908 2
19937 1
19968 1
19999 1
20012 2
20021 2
20031 1
20052 1
20059 1
20076 1
20092 1
20101 1
20108 1
20117 1
20130 1
20132 1
20137 1
20155 1
20188 1
20189 1
20193 1
20196 1
20230 1
20234 1
20251 1
20254 1
20262 2
20298 1
20304 1
20345 1
20361 1
20385 2
20391 1
20400 1
20407 1
20431 1
20433 1
20452 1
20475 1
20480 17
20491 1
20534 1
20545 1
20633 1
20640 1
20672 4
20675 1
20679 1
20686 1
20687 1
20706 3
20728 1
20736 2
20738 1
20740 2
20757 4
20780 1
20828 1
20891 2
20921 1
20924 1
20964 1
20974 1
20978 1
20992 1
21030 1
21064 1
21104 1
21128 1
21196 1
21204 1
21231 2
21236 2
21252 1
21296 2
21326 1
21332 1
21339 1
21451 1
21455 1
21478 2
21479 1
21504 14
21548 1
21586 2
21596 1
21621 1
21638 1
21640 1
21656 1
21673 1
21685 1
21694 1
21734 1
21748 1
21769 1
21792 1
21794 2
21819 1
21824 1
21889 1
21910 1
21936 1
21950 1
21989 1
22016 1
22026 2
22040 1
22059 1
22073 1
22075 2
22090 1
22102 1
22156 1
22180 2
22200 1
22210 1
22236 1
22263 1
22272 1
22276 1
22295 1
22317 1
22330 1
22331 1
22339 1
22361 1
22363 1
22418 1
22437 1
22440 1
22444 1
22512 1
22528 9
22535 1
22536 2
22539 1
22562 1
22571 2
22581 1
22586 1
22600 1
22652 1
22664 1
22669 1
22676 2
22681 1
22685 1
22689 1
22695 1
22725 1
22732 1
22746 1
22752 1
22916 1
22926 1
22966 1
22969 1
22981 1
22999 1
23007 1
23023 1
23040 4
23046 1
23054 1
23128 1
23164 1
23166 1
23201 1
23232 4
23236 1
23243 1
23283 2
23312 1
23325 1
23339 1
23426 1
23456 1
23472 7
23502 1
23542 1
23550 1
23552 20
23556 1
23559 1
23561 1
23572 1
23597 1
23632 1
23751 1
23778 1
23814 2
23819 1
23829 1
23840 1
23904 1
23971 1
23976 1
23978 1
24064 3
24078 1
24128 1
24152 1
24168 1
24214 1
24264 1
24311 1
24391 1
24440 1
24476 1
24480 1
24483 1
24509 1
24514 1
24544 1
24576 27
24595 1
24599 1
24612 1
24636 1
24642 2
24718 1
24720 1
24726 1
24822 1
24853 1
24926 1
24952 1
25007 1
25008 1
25047 1
25048 1
25070 2
25088 16
25092 1
25152 2
25210 1
25221 1
25222 1
25259 1
25267 1
25299 1
25334 1
25423 1
25429 1
25432 1
25498 1
25502 1
25543 1
25596 1
25600 20
25605 1
25610 1
25633 1
25642 1
25643 1
25647 1
25690 1
25694 1
25716 1
25736 1
25741 1
25752 2
25818 1
25839 1
25855 1
25898 1
25941 1
25989 1
26038 1
26060 1
26097 1
26112 7
26132 2
26139 1
26179 1
26183 1
26240 1
26244 1
26328 1
26330 1
26334 1
26336 1
26358 1
26363 1
26375 1
26378 1
26436 1
26460 2
26470 1
26487 1
26488 1
26520 1
26560 1
26595 1
26613 1
26621 1
26624 13
26630 1
26658 1
26679 1
26691 1
26692 1
26715 1
26719 1
26725 1
26727 1
26743 1
26818 1
26849 1
26890 1
26917 1
26936 1
26952 1
26962 1
26971 1
26975 1
27040 1
27048 1
27072 3
27083 1
27106 1
27127 1
27136 4
27148 1
27156 2
27173 1
27184 1
27196 1
27281 2
27321 1
27340 1
27357 1
27419 1
27437 1
27483 1
27525 1
27543 1
27550 1
27562 1
27565 1
27575 1
27579 1
27588 1
27590 1
27597 1
27644 3
27648 8
27649 2
27663 1
27674 2
27712 1
27714 1
27745 1
27756 1
27776 1
27813 1
27897 1
27924 1
27952 1
27957 1
28084 1
28085 1
28118 1
28140 1
28156 2
28160 4
28175 1
28179 1
28200 1
28212 4
28217 1
28247 1
28333 1
28336 1
28384 1
28423 2
28456 1
28469 1
28506 1
28545 1
28606 1
28625 1
28652 1
28672 8
28712 1
28716 1
28724 1
28725 1
28737 2
28781 1
28782 1
28800 1
28830 1
28831 1
28883 1
28928 1
28966 1
29018 1
29050 1
29072 1
29080 1
29096 1
29109 1
29121 1
29140 1
29142 1
29164 1
29173 1
29182 1
29184 4
29192 1
29272 1
29293 1
29296 1
29298 1
29318 1
29327 2
29334 1
29432 1
29481 1
29506 1
29519 1
29521 1
29543 1
29570 1
29681 1
29696 14
29733 1
29780 1
29786 1
29823 2
29894 1
29910 1
29933 1
30052 1
30064 1
30127 1
30148 1
30208 6
30233 1
30270 1
30470 1
30524 1
30543 1
30693 1
30698 1
30720 13
30761 1
30773 1
30808 1
30822 1
30841 1
30854 1
30887 1
30933 1
30995 1
31004 1
31017 1
31023 1
31032 2
31074 1
31107 1
31206 1
31232 7
31252 1
31282 1
31320 1
31332 1
31370 1
31394 1
31408 1
31431 1
31451 1
31457 1
31474 1
31506 2
31534 1
31686 1
31722 1
31739 1
31744 14
31791 1
31818 1
31828 1
31841 1
31893 1
31894 1
31913 1
31927 1
31931 1
31935 1
31947 2
31963 1
31965 1
31970 1
31991 1
32018 1
32026 1
32047 1
32057 1
32066 1
32083 2
32125 1
32256 1
32272 1
32294 1
32310 1
32438 2
32480 1
32496 1
32498 1
32567 1
32578 1
32629 1
32654 1
32768 15
32865 1
32875 1
32904 1
32995 1
33072 2
33117 1
33132 1
33136 1
33142 1
33149 1
33263 1
33323 1
33376 1
33393 1
33411 1
33439 1
33503 1
33507 1
33535 1
33544 1
33570 1
33620 1
33636 1
33683 1
33690 1
33728 1
33783 1
33792 8
33863 1
33876 1
33897 1
33906 1
33928 1
33955 1
33962 6
34020 1
34072 1
34108 1
34136 1
34205 1
34230 1
34274 1
34276 1
34277 2
34279 1
34304 2
34352 1
34401 1
34402 1
34411 1
34438 1
34443 1
34514 1
34560 1
34579 1
34600 1
34601 2
34683 1
34722 1
34729 1
34785 1
34792 1
34816 6
34859 1
34882 1
35061 1
35093 1
35134 1
35245 1
35262 1
35292 1
35300 1
35328 2
35340 5
35356 1
35371 1
35393 1
35424 1
35468 1
35479 1
35486 1
35504 1
35565 1
35607 1
35633 1
35718 1
35728 1
35731 1
35840 9
35841 1
35872 1
35906 1
35916 1
36032 2
36085 1
36096 1
36127 1
36132 1
36168 1
36194 1
36260 1
36324 1
36352 1
36366 1
36384 1
36392 1
36404 2
36412 1
36516 1
36560 1
36608 1
36658 1
36662 1
36667 2
36679 1
36781 1
36850 1
36856 1
36864 8
36908 1
36911 1
36926 1
36939 1
37031 1
37032 1
37072 1
37087 1
37088 3
37114 1
37128 1
37194 1
37197 1
37202 1
37221 1
37312 1
37342 1
37360 1
37376 2
37403 1
37407 1
37437 1
37483 1
37487 1
37565 1
37574 1
37597 1
37617 1
37656 1
37672 1
37702 1
37716 1
37728 1
37834 1
37846 1
37888 6
37968 1
37976 1
38055 1
38088 1
38160 2
38171 1
38248 1
38252 1
38263 1
38463 1
38467 1
38576 1
38597 1
38673 1
38708 1
38870 1
38884 2
38903 1
38912 6
38977 1
39037 1
39067 1
39099 1
39271 1
39273 1
39323 1
39397 1
39508 1
39510 1
39539 1
39600 1
39664 1
39679 1
39724 1
39755 1
39796 1
39921 1
39936 2
39962 1
40029 1
40051 1
40103 1
40135 1
40172 1
40177 1
40233 1
40306 1
40357 1
40389 1
40430 1
40448 1
40462 1
40464 1
40495 1
40525 1
40610 1
40960 15
41045 1
41110 1
41163 1
41249 1
41279 1
41287 1
41316 1
41440 1
41472 1
41499 1
41573 1
41606 1
41666 1
41740 1
41813 1
41828 1
41856 1
41918 1
41923 1
41984 6
42165 1
42188 1
42361 1
42401 1
42426 1
42444 1
42477 1
42484 1
42507 1
42508 1
42568 2
42607 1
42652 1
42657 1
42731 1
42764 1
42839 1
42863 1
42972 1
43008 3
43049 1
43127 1
43143 1
43181 1
43205 1
43246 1
43273 1
43329 1
43369 1
43520 1
43646 1
43657 1
43924 1
43932 1
43945 1
43948 1
43953 1
43984 1
44028 1
44032 8
44056 1
44116 1
44163 1
44189 1
44277 1
44278 1
44286 1
44308 1
44409 1
44452 1
44606 1
44691 1
44741 1
44890 1
44914 1
45030 1
45043 1
45047 1
45056 4
45097 1
45108 1
45114 1
45480 1
45508 1
45751 1
45772 1
45898 1
46056 1
46076 1
46080 9
46174 1
46299 1
46592 1
46974 1
46992 1
47074 1
47103 1
47104 8
47105 1
47135 1
47146 1
47362 1
47384 6
47444 1
47451 1
47457 1
47467 1
47469 1
47542 1
47565 1
47616 1
47617 1
47621 1
47631 1
47692 1
47721 1
47748 1
47834 1
47886 1
47892 1
47920 1
47938 1
47940 1
48000 8
48002 2
48096 1
48103 1
48128 3
48339 1
48353 1
48376 1
48387 1
48420 1
48423 1
48566 1
48640 1
48660 1
48665 1
48788 1
48872 1
48879 1
48894 2
48908 1
49128 1
49152 11
49191 1
49304 1
49404 1
49406 1
49409 1
49439 1
49482 1
49592 13
49620 1
49623 1
49664 1
49776 1
49806 1
49928 1
50042 1
50089 1
50176 5
50184 1
50217 1
50288 1
50483 1
50591 1
50786 1
50855 1
51077 1
51098 1
51104 1
51200 6
51279 1
51294 2
51356 1
51426 1
51451 1
51525 1
51526 1
51530 1
51648 1
51759 1
51852 1
52014 1
52097 1
52184 1
52224 5
52252 1
52376 1
52451 1
52477 1
52498 1
52500 1
52556 1
52587 1
52630 1
52680 1
52684 1
52712 1
52889 1
52936 1
52986 1
53012 1
53099 2
53140 1
53248 2
53297 1
53361 1
53398 1
53427 1
53442 1
53543 1
53572 1
53923 1
53944 1
54058 1
54103 1
54191 1
54272 4
54372 1
54431 1
54535 1
54647 1
54744 1
54810 1
54905 1
55109 1
55296 8
55318 1
55365 1
55381 1
55463 1
55487 1
55488 1
55562 1
55588 1
55612 2
55675 1
55737 1
55818 1
55910 1
55969 1
56064 1
56298 1
56320 6
56440 1
56678 1
56709 1
56800 3
56856 1
57280 1
57284 1
57344 5
57357 1
57367 1
57411 1
57716 1
57873 1
58179 1
58196 1
58281 1
58294 1
58368 7
58377 1
58624 1
58734 1
58744 1
58809 1
58888 1
58969 1
59002 1
59149 1
59392 3
59629 1
59680 1
59709 1
59850 1
59881 1
59985 1
60028 1
60036 1
60037 1
60039 1
60087 1
60132 1
60287 1
60290 1
60374 1
60399 1
60416 5
60504 1
60640 1
60730 1
60733 1
60761 1
60896 1
60972 1
61053 1
61065 1
61241 1
61270 1
61416 1
61440 2
61452 1
61771 1
62128 1
62235 1
62464 3
62641 1
62680 1
62976 1
63028 1
63132 1
63250 1
63323 1
63415 1
63484 1
63488 6
63528 1
63549 1
63563 1
63633 1
63843 1
63847 1
63964 1
64419 1
64432 1
64508 1
64512 4
64617 1
64645 1
64715 1
64736 1
64756 1
64870 1
64956 1
65034 1
65075 1
65076 1
65266 1
65536 9
65579 1
65863 1
65995 1
66048 2
66050 1
66058 1
66291 1
66406 1
66419 1
66468 1
66560 5
66580 1
66599 1
66837 1
67053 1
67118 1
67130 1
67154 1
67320 1
67500 1
67584 2
67588 1
67693 1
67758 1
67818 1
67873 1
67920 1
67948 1
67997 1
68102 1
68200 1
68308 1
68323 1
68418 1
68608 5
68845 1
68919 1
69188 1
69443 1
69604 1
69632 6
69738 1
69824 1
69947 1
70193 1
70220 1
70230 1
70366 1
70447 1
70560 1
70656 2
70760 1
70841 1
71224 1
71283 1
71347 1
71376 1
71410 1
71451 1
71510 1
71511 1
71680 2
71805 1
72004 1
72274 1
72441 1
72539 1
72635 1
72704 6
72869 1
72911 1
73060 1
73191 1
73437 1
73579 1
73728 3
73919 1
73920 1
74007 1
74047 1
74196 1
74218 1
74346 1
74371 1
74377 1
74581 1
74656 1
74752 4
75025 1
75162 1
75349 1
75379 1
75449 1
75536 1
75776 1
75788 1
75960 1
76179 1
76598 1
76756 1
76800 3
76925 1
77050 2
77123 1
77166 1
77206 1
77215 1
77474 1
77681 1
77765 1
77824 3
78218 1
78474 1
78745 1
78848 2
79204 1
79402 1
79760 1
79831 1
79872 6
79920 1
79973 1
80192 1
80254 1
80327 1
80687 1
80814 1
80896 1
81045 1
81231 1
81592 1
81899 1
81920 7
81932 1
82366 1
82624 1
82706 1
82944 7
83083 1
83340 1
83456 1
83530 1
83547 1
83611 1
83689 1
83874 1
83968 3
84127 1
84601 1
84775 1
84992 3
85236 1
85479 1
85553 1
85801 1
85956 1
85957 1
86016 6
86056 1
86204 1
86243 1
86589 1
86726 1
87040 8
87065 1
87575 1
87781 1
87846 1
87912 1
87988 1
88064 1
88173 1
88441 1
88958 1
89014 1
89030 1
89088 4
89186 1
89236 1
89312 1
89360 1
89382 1
89410 1
89582 1
89728 1
89788 1
89891 1
90112 8
90360 1
90384 1
90634 1
90881 1
90899 1
90990 1
91136 4
91561 1
91600 1
91881 1
92160 1
92183 1
92341 1
92444 1
92577 2
92601 1
92856 1
93058 1
93184 5
93248 1
93403 1
93414 1
93667 1
93807 1
94208 4
94581 1
94812 1
94931 1
94967 1
95230 1
95232 4
95342 1
95593 1
95667 1
95691 1
95926 1
96256 1
96275 1
96374 1
96457 1
96825 1
96933 1
96978 1
97231 1
97280 2
97977 1
98257 1
98304 7
98594 1
98980 1
99101 1
99172 1
99227 1
99328 5
99476 1
99814 1
99827 1
99925 1
100352 3
100756 1
100950 1
101059 1
101376 6
101577 1
101880 1
102400 2
102528 1
103107 1
103123 1
103284 1
103424 2
103696 1
104092 1
104114 1
104269 1
104289 1
104448 4
104863 1
105077 1
105186 3
105472 2
105874 1
105912 1
106277 1
106329 1
106496 10
106780 1
107347 1
107520 3
107604 1
108018 1
108024 1
108062 1
108124 1
108167 1
108544 4
108719 1
108856 1
108880 1
109179 1
109350 1
109445 1
109568 3
109860 1
109980 1
110123 1
110403 1
110570 1
110592 5
111107 1
111407 1
111616 1
112575 1
112640 2
112743 1
113099 1
113466 1
113540 1
113552 1
113664 1
114261 1
114517 1
114521 1
114688 4
115712 1
115743 1
115962 1
116054 1
116097 1
116342 1
116736 1
117291 1
117428 1
117630 1
117760 4
118172 1
118552 1
118584 1
118681 1
118716 1
118784 3
119076 1
119293 1
119746 1
119808 3
119920 1
120217 1
120374 1
120392 1
120832 3
121139 1
121274 1
121761 1
121856 3
121866 2
122343 1
122537 1
122774 1
122880 9
123018 1
123532 1
123787 1
123904 5
124928 1
124949 1
125229 1
125273 1
125449 1
125940 1
125952 2
126601 1
126976 3
127087 1
127166 1
127217 1
127244 1
127449 1
127595 1
127758 1
128000 3
128312 1
128512 2
128654 1
129024 2
130048 2
131072 5
131423 1
131527 1
131718 1
132096 3
132820 1
132853 1
133743 1
134144 5
135168 1
136192 4
137145 1
137216 3
137617 1
138219 1
138240 2
138974 1
139095 1
139264 5
140288 1
140666 1
141224 1
141548 1
141597 1
141844 1
142003 1
142136 1
142212 1
142968 1
143353 1
143360 1
143400 1
143552 1
143959 1
144384 3
144672 1
145408 1
146199 1
146227 1
146432 2
147104 1
147166 1
147456 2
148480 3
148549 1
148603 1
149384 1
149504 1
149980 1
150528 3
151545 1
151552 1
151713 1
152100 1
152576 3
153600 2
153925 1
153937 1
154624 1
155332 1
155376 1
155648 7
155853 1
156632 1
157685 1
157696 3
158720 2
159744 6
160757 1
160768 1
161792 1
161986 1
162208 1
162816 4
163840 6
164072 1
164864 2
165298 1
165475 1
165888 2
166102 1
166912 1
167257 1
167936 1
168006 1
168400 1
169752 1
169984 1
170481 1
170486 1
170583 1
172032 6
173019 1
173056 3
173657 1
173770 1
173898 1
174080 2
175104 4
175860 1
176128 2
176979 1
177059 1
177152 1
177970 1
178176 2
178181 1
178995 1
179200 3
179320 1
179896 1
180016 1
180224 3
180748 1
181026 1
181153 1
181248 1
182272 3
182338 1
182752 1
183296 1
183753 1
183826 1
184320 4
187340 1
187392 2
188416 4
188512 1
188635 1
189128 1
190464 2
191309 1
191551 1
191688 1
192240 1
192752 1
193884 1
193932 1
194560 1
194688 1
195089 1
196101 1
196608 3
197632 4
197846 1
197888 1
199110 1
199680 2
202995 1
203588 1
203712 1
204800 2
205824 1
205863 1
207390 1
208553 1
208896 2
208987 1
208998 1
211407 1
211673 1
211968 1
212530 1
212992 1
213208 1
214776 1
215040 3
215289 1
215308 2
215813 1
216759 1
217088 2
217278 1
217348 1
218080 1
218088 1
220040 1
220160 3
221468 1
222385 1
222991 1
223865 1
225280 1
226304 1
227328 1
228352 1
229376 2
229555 1
230224 1
230400 1
231068 1
231424 1
233472 2
233608 1
235520 3
237469 1
237568 1
237856 1
239616 2
240000 1
241800 1
242829 1
243712 1
243832 1
245760 1
246784 1
247413 1
247808 1
248832 1
249202 1
250880 1
250968 1
251342 1
254168 1
254958 1
255510 1
255560 1
256048 1
259072 1
260096 1
261816 1
262144 1
262252 1
263507 1
264332 1
266123 1
266240 1
266856 1
268064 1
268431 1
270336 2
271360 2
272384 1
273408 1
273610 1
274432 3
278063 1
278528 3
281600 2
281741 1
282624 2
282680 1
282713 1
282933 1
283672 1
284672 2
285696 1
286720 5
288216 1
289792 1
290816 1
291143 1
292864 1
293932 1
294352 1
294912 2
295202 1
295936 1
297984 1
299008 1
300032 1
302080 1
303104 5
306344 1
307261 1
308332 1
313954 1
315045 1
316416 1
319036 1
320000 1
323203 1
323584 1
324608 1
325632 1
327441 1
327680 1
328704 1
330752 1
335872 3
336896 2
339116 1
339808 1
339968 1
340992 1
341235 1
341672 2
342016 1
342748 1
346648 1
347136 1
348160 1
350008 1
351140 1
351232 1
352256 1
353125 1
353241 1
353976 1
355328 2
356072 1
356352 3
357459 1
359306 1
359420 1
360448 1
365568 1
371712 1
372399 1
380928 1
386048 1
387072 1
392192 1
396288 1
397104 1
397312 1
406301 1
407552 1
408576 1
409264 1
411812 1
413484 1
416242 1
417792 1
424960 2
427644 1
429056 1
430080 1
431104 2
431961 1
438272 1
441344 1
445440 1
446464 1
450560 1
451584 1
452608 1
459205 1
463872 2
471819 1
472064 1
473950 1
479232 1
482107 1
483276 1
483328 1
487415 1
488448 1
499712 2
500736 1
501013 1
502741 1
505856 2
507904 1
510827 1
519612 1
520192 1
520281 1
522240 1
524288 1
527129 1
534868 1
538270 1
540672 1
542720 1
543613 1
543744 1
547808 1
556032 1
560990 1
565248 1
567393 1
570469 1
571265 1
574464 1
581632 2
586345 1
587776 1
595045 1
595968 1
602112 1
606208 3
614400 3
622592 1
625792 1
628639 1
633000 1
636941 1
640661 1
640665 1
644096 1
646144 1
648253 1
648301 1
654553 1
661504 1
664109 1
666947 1
667438 1
669696 1
677857 1
678912 1
679936 1
685337 1
688993 1
689824 1
699475 1
712704 1
716077 1
717161 1
719349 1
721981 1
723029 1
723101 1
725408 1
725985 1
727925 1
729088 1
731352 1
731581 1
731949 1
733749 1
733761 1
735285 1
736256 1
737797 1
738641 1
740902 1
742321 1
743133 1
743833 1
744673 1
745472 1
745501 1
746945 1
748121 1
751053 1
751181 1
753664 1
754473 1
754801 1
756137 1
757865 1
758129 1
758589 2
759149 1
761653 1
762389 1
762821 1
765441 1
767573 1
773681 1
780373 1
781527 1
783853 1
788879 1
792057 1
793237 1
794501 1
795591 1
800453 1
801585 1
806997 1
809337 1
811008 1
816835 1
821029 1
826263 1
827213 1
832929 1
844426 1
844885 1
845085 1
845237 1
846833 1
851456 1
852523 1
855959 1
856885 1
864825 1
865403 1
867737 1
868352 1
869159 1
870346 1
871792 1
871915 1
876544 1
885805 1
890885 1
896207 1
901120 1
906467 1
906934 1
909312 1
917520 1
925696 1
936561 1
943104 1
958400 1
958464 1
973848 1
983040 1
992309 1
999422 1
1001472 1
1012736 1
1050390 1
1076847 1
1103421 1
1123689 1
1128068 1
1134241 1
1143664 1
1144409 1
1149625 1
1181739 1
1245184 1
1246709 1
1247733 1
1253376 1
1261568 1
1265664 1
1270986 1
1277952 1
1286144 8
1294336 10
1295787 1
1302528 1
1310720 2
1317423 1
1317975 1
1318912 1
1327104 3
1335296 1
1343488 2
1346615 1
1347595 1
1350823 1
1351680 3
1368064 2
1370361 1
1374038 1
1376256 1
1384448 1
1390607 1
1400832 1
1417216 1
1420822 1
1433600 2
1441792 1
1458176 1
1466368 1
1507328 2
1532374 1
1540096 1
1564672 1
1569847 1
1576483 1
1581056 1
1582789 1
1584915 1
1589248 1
1597440 1
1612923 1
1616663 1
1622271 1
1622771 1
1629139 1
1637507 1
1638400 1
1639763 1
1653167 1
1653679 1
1654405 1
1662976 3
1664243 1
1679360 1
1687552 1
1698539 1
1698923 1
1706407 1
1707875 1
1708079 1
1708395 1
1714485 1
1726115 1
1742032 1
1744896 2
1747319 1
1748320 1
1749731 1
1750587 1
1766831 1
1769472 2
1778151 1
1798440 1
1802240 1
1803495 1
1826623 1
1833464 1
1835503 1
1849440 1
1859275 1
1867776 1
1872979 1
1876300 1
1878915 1
1881280 1
1914459 1
1948104 1
1950792 1
1956607 1
1999880 1
2001743 1
2006995 1
2007555 1
2009049 1
2031616 1
2033887 1
2056443 1
2077423 1
2105344 1
2105494 1
2114984 1
2125885 1
2145392 1
2157304 1
2172291 1
2177327 1
2203617 1
2209456 1
2214523 1
2270563 1
2271075 1
2275599 1
2277376 1
2278147 1
2310144 1
2361864 1
2367627 1
2369115 1
2375071 1
2397184 1
2408056 1
2465792 1
2547923 1
2585879 1
2621440 1
2637824 1
2705875 1
2734072 1
2800227 1
2800827 1
2872211 1
3022848 2
3072000 1
3088384 1
3096576 1
3112960 1
3138945 1
3177467 1
3197783 1
3221155 1
3279023 1
3321059 1
3375104 1
3383296 1
3424256 1
3496936 1
3538944 1
3584000 1
3618873 1
4227071 1
4358144 1
4468208 1
4568720 1
4963897 1
5761027 1
5906432 1
6241604 1
6915371 1
7045120 1
7151616 1
7298400 1
8675328 1
10297344 2
