0 16
2 2
3 3
4 2
6 1
7 1
8 2
23 3
37 1
60 1
62 1
65 1
66 1
67 1
79 1
87 1
88 1
95 1
118 2
124 1
133 1
140 1
161 1
165 1
172 1
176 1
187 1
188 1
193 2
200 1
209 1
211 1
215 1
218 1
223 1
239 1
252 1
261 1
263 1
265 1
280 1
285 3
324 1
333 1
348 1
349 1
352 1
359 1
361 1
364 1
365 1
411 1
414 1
426 1
428 1
447 1
472 1
476 1
477 1
501 1
512 59
519 1
526 1
529 1
533 1
564 1
599 2
606 1
642 1
644 1
650 1
663 1
705 1
745 1
754 1
825 1
826 1
861 1
866 1
900 1
913 1
969 1
1000 1
1005 1
1013 1
1024 3
1035 1
1092 1
1138 1
1145 1
1180 1
1242 1
1259 1
1270 1
1324 1
1569 1
1592 1
1739 1
1780 1
1961 1
1968 1
1981 1
2011 1
2048 1
2139 1
2172 1
2200 1
2320 1
2388 1
2866 1
2992 1
3024 1
3064 1
3181 1
3292 1
3697 1
3856 1
3868 1
4096 1
4684 1
4739 1
5208 1
5217 2
5476 1
6021 1
6121 1
6436 1
6851 1
6905 1
7389 1
7973 1
8192 1
10085 1
10468 1
10882 1
11264 1
12341 1
13858 1
18757 1
20848 1
21392 1
32768 1
36768 1
41688 1
65536 1
106496 1
110400 1
134328 1
147456 1
163840 1
180224 1
233117 1
247973 1
285012 1
1278562 1
1308083 1
