0 26
1 1
2 1
4 5
5 1
6 2
8 1
12 1
17 2
19 1
21 1
22 1
26 3
27 5
28 1
29 3
30 1
32 1
33 2
34 1
35 1
36 2
37 1
41 1
42 2
44 1
45 1
47 2
48 1
49 3
52 4
55 2
56 1
57 3
61 1
62 1
63 1
64 2
65 1
66 1
69 3
70 2
71 1
73 1
77 2
79 1
80 1
81 3
82 1
83 1
87 1
89 1
92 1
95 1
97 1
98 2
101 3
102 2
104 1
105 2
106 1
107 2
108 1
110 1
111 1
112 1
113 1
114 1
119 1
120 2
121 2
122 3
125 3
127 2
129 1
131 1
133 1
135 1
137 1
140 1
143 1
145 2
147 1
149 2
150 1
151 1
152 1
153 1
154 1
156 1
157 1
158 4
162 2
167 1
168 1
169 1
178 3
183 2
185 1
186 2
189 1
201 2
202 1
206 2
213 1
215 1
216 1
221 1
222 1
226 3
227 1
229 1
230 3
233 1
234 1
246 2
248 1
257 1
260 2
261 1
262 2
264 1
266 1
269 1
271 1
273 1
277 1
278 1
279 1
281 1
284 1
286 1
287 1
288 3
294 1
297 1
299 2
300 1
301 1
302 1
303 1
305 1
309 1
311 1
313 1
314 1
316 2
318 2
324 1
325 1
326 1
328 9
329 1
330 1
332 1
334 3
335 1
337 2
339 2
340 3
341 2
343 1
344 2
345 1
347 2
348 3
351 2
354 2
356 1
358 2
359 1
361 1
362 3
363 2
364 4
365 6
366 3
367 2
368 1
369 1
370 2
371 1
373 1
375 1
376 2
377 1
379 2
380 3
381 2
382 2
383 2
385 1
386 2
387 1
389 2
390 1
391 1
392 1
393 1
395 2
396 1
397 1
398 1
399 3
400 2
401 1
402 1
404 1
405 2
406 1
407 2
408 2
409 1
410 2
411 2
412 2
413 2
414 1
415 3
416 1
417 3
418 2
419 1
420 3
421 1
422 2
423 2
424 1
426 3
427 4
428 1
430 2
431 2
433 5
434 1
436 2
437 2
438 2
439 1
440 4
441 1
442 1
444 6
445 2
446 1
447 1
448 2
449 2
450 3
451 1
452 2
453 2
454 1
455 2
459 3
460 1
462 3
465 3
466 1
468 1
469 2
470 3
471 3
472 1
473 3
474 1
476 1
477 2
478 1
479 1
483 1
486 1
487 2
488 2
490 2
491 4
492 2
493 2
494 1
495 2
496 3
497 2
498 1
501 1
503 7
504 2
505 1
506 2
507 1
508 3
509 1
510 1
511 1
512 141
513 1
514 1
516 3
517 1
519 1
520 3
521 2
522 4
523 4
524 3
525 1
526 3
527 2
528 2
529 2
530 3
531 1
532 1
534 2
536 1
537 1
538 1
539 2
540 2
542 2
543 1
544 1
546 1
547 2
548 1
549 3
550 5
551 1
552 1
553 1
554 1
555 2
556 1
560 2
561 5
562 5
563 6
564 3
565 2
566 2
568 2
569 2
570 5
571 2
572 2
574 4
575 1
576 2
577 1
578 1
579 3
580 3
581 3
582 2
583 1
586 1
587 2
589 4
590 3
591 1
592 5
593 2
594 4
595 2
596 2
597 2
598 1
599 2
600 1
601 4
603 1
604 3
605 1
606 2
607 2
608 3
609 2
610 4
611 5
612 3
613 3
614 2
615 2
616 3
617 3
619 2
620 1
621 3
622 2
623 1
624 3
625 4
626 2
627 3
629 8
632 2
633 1
634 1
636 6
637 1
638 4
639 2
640 2
641 2
643 1
644 3
645 2
646 1
647 3
648 2
649 5
650 1
651 4
653 2
654 3
656 5
657 1
658 3
659 2
660 1
661 2
664 2
665 2
666 2
667 3
668 2
669 3
670 2
671 3
672 1
673 1
674 4
675 2
676 4
678 2
680 2
682 3
683 5
684 2
685 1
686 2
687 4
688 2
689 1
690 3
691 3
692 2
693 2
694 2
695 1
696 3
698 3
699 4
700 4
701 2
703 3
704 3
705 3
706 2
707 2
708 2
710 3
711 2
712 2
713 1
714 2
715 4
716 1
717 3
718 1
719 1
720 1
721 5
722 2
723 3
724 3
725 2
726 3
727 3
728 3
729 2
730 2
731 5
734 1
735 2
737 1
738 1
739 3
740 1
741 1
742 2
743 1
744 1
745 1
748 1
749 6
750 4
752 4
753 3
754 2
755 1
756 1
760 2
762 1
764 1
765 2
766 3
768 2
769 2
771 2
772 2
774 3
775 2
776 1
778 1
779 3
781 2
782 3
783 1
784 3
785 3
786 2
787 1
788 2
789 3
790 1
791 2
792 3
794 2
795 1
796 1
797 3
798 2
799 4
800 4
801 5
802 2
803 4
804 4
805 4
806 2
807 1
808 2
810 2
811 3
813 1
815 2
816 3
817 3
818 1
819 2
820 4
822 3
823 1
825 1
826 6
827 2
828 2
829 5
831 1
832 4
835 1
837 5
838 3
840 1
841 5
842 3
843 5
844 1
845 1
846 3
847 1
848 3
849 2
850 3
851 3
852 4
853 1
854 1
855 2
856 2
858 4
859 1
860 5
861 1
862 5
865 2
866 2
867 4
868 1
869 2
870 2
872 2
873 2
875 1
876 1
877 1
878 1
880 3
881 2
882 3
883 2
885 1
888 2
890 1
891 4
894 1
895 2
896 5
897 4
898 3
901 4
902 2
903 3
904 2
905 8
907 1
908 4
909 2
912 3
913 2
915 3
916 3
917 1
918 2
919 1
920 2
921 2
922 1
923 2
924 2
925 3
927 2
928 1
929 4
930 2
931 2
934 2
935 4
937 2
938 2
939 1
940 3
941 2
942 1
943 1
944 2
945 1
946 1
947 1
949 1
950 1
951 1
952 1
953 1
955 3
956 1
957 1
958 2
960 4
961 2
962 5
963 2
964 1
965 3
966 3
967 2
968 3
969 2
970 1
972 2
973 4
974 1
977 1
979 3
980 3
981 1
983 3
984 1
985 1
986 2
988 1
989 2
992 2
994 2
995 2
996 2
997 2
998 3
1000 1
1002 1
1003 1
1004 1
1005 2
1006 1
1007 1
1008 2
1009 2
1010 2
1012 1
1013 1
1014 1
1015 2
1016 1
1017 1
1018 3
1019 1
1020 1
1022 1
1023 3
1024 16
1025 5
1027 5
1028 4
1029 5
1030 2
1032 1
1033 1
1034 3
1035 3
1036 1
1037 2
1039 3
1040 2
1041 2
1043 1
1044 1
1045 1
1046 1
1048 4
1051 1
1052 3
1053 2
1055 1
1056 1
1057 2
1058 2
1060 1
1061 1
1062 3
1065 2
1066 1
1067 1
1068 4
1071 1
1072 1
1073 2
1074 2
1075 2
1076 2
1077 1
1078 1
1079 1
1080 2
1081 1
1082 2
1083 2
1084 1
1085 1
1086 2
1088 4
1089 2
1090 1
1092 2
1093 3
1095 2
1097 1
1098 2
1099 1
1100 1
1101 1
1102 1
1103 1
1104 1
1106 1
1109 2
1111 5
1114 2
1115 2
1116 1
1117 4
1118 5
1120 1
1121 1
1122 2
1123 1
1124 2
1128 2
1129 1
1131 3
1132 1
1133 2
1134 2
1135 2
1136 3
1138 1
1140 7
1141 3
1142 3
1143 4
1144 4
1146 2
1147 2
1148 7
1149 3
1151 2
1154 3
1155 1
1156 6
1157 2
1158 3
1159 4
1160 3
1161 3
1162 1
1163 2
1165 3
1166 2
1167 1
1168 1
1170 2
1171 2
1172 1
1173 1
1174 2
1176 4
1177 2
1179 5
1181 2
1182 1
1183 3
1188 3
1189 1
1190 2
1191 1
1192 3
1193 1
1194 1
1196 2
1198 4
1199 2
1200 1
1201 1
1202 4
1203 1
1204 1
1205 2
1206 3
1207 1
1208 1
1209 1
1210 3
1211 3
1215 1
1216 1
1217 1
1218 2
1219 1
1220 3
1221 1
1222 1
1223 2
1224 1
1225 1
1226 3
1227 1
1228 3
1229 1
1232 2
1234 2
1236 1
1237 4
1239 1
1241 5
1242 1
1243 2
1244 1
1245 1
1246 2
1247 2
1248 1
1249 2
1251 1
1252 1
1253 2
1254 1
1255 1
1256 1
1257 1
1258 2
1259 1
1260 1
1261 1
1264 1
1266 1
1267 1
1268 2
1269 2
1270 1
1271 2
1273 1
1275 4
1276 2
1277 5
1278 1
1279 2
1280 2
1283 1
1285 1
1286 2
1292 1
1293 3
1294 1
1295 1
1296 4
1299 1
1300 3
1303 2
1304 3
1306 1
1307 2
1308 1
1310 2
1311 1
1313 4
1316 1
1319 1
1321 1
1323 1
1326 2
1327 1
1328 1
1329 3
1330 2
1332 1
1333 2
1335 1
1336 1
1338 2
1340 1
1341 1
1342 4
1343 3
1344 2
1345 1
1346 1
1347 3
1348 1
1349 2
1350 1
1351 1
1352 1
1354 2
1355 1
1356 2
1357 2
1361 1
1363 2
1364 2
1365 2
1366 1
1367 1
1369 4
1371 1
1373 2
1374 1
1375 1
1376 1
1379 1
1380 2
1381 1
1382 1
1384 1
1385 1
1386 2
1387 1
1388 2
1391 2
1392 2
1394 3
1395 2
1396 1
1397 3
1398 2
1399 1
1400 1
1401 1
1402 1
1403 2
1404 1
1405 1
1406 1
1408 3
1409 2
1411 4
1412 2
1413 2
1414 1
1415 1
1416 1
1417 1
1418 1
1419 1
1420 2
1422 1
1424 2
1426 2
1428 2
1429 1
1430 1
1432 2
1434 1
1438 1
1440 1
1442 1
1446 1
1447 1
1448 1
1450 2
1451 1
1452 2
1453 1
1455 1
1456 1
1457 1
1458 4
1459 2
1460 2
1461 1
1465 3
1467 1
1468 3
1469 1
1473 1
1474 1
1475 1
1476 1
1477 1
1480 2
1481 1
1482 1
1483 3
1484 1
1487 2
1488 3
1490 1
1491 1
1492 1
1495 1
1496 1
1498 1
1499 3
1501 1
1503 1
1506 4
1510 1
1511 1
1512 1
1513 1
1514 4
1515 3
1519 2
1520 2
1521 2
1522 1
1523 1
1524 3
1526 1
1528 2
1529 2
1531 1
1532 2
1533 1
1535 2
1536 4
1538 1
1539 1
1540 1
1541 4
1542 1
1543 1
1544 2
1548 1
1549 2
1550 1
1551 1
1552 1
1553 2
1554 3
1555 2
1556 3
1557 2
1558 1
1559 1
1560 4
1562 1
1563 1
1564 2
1566 2
1567 1
1569 1
1571 1
1572 1
1573 1
1574 2
1577 1
1578 1
1582 1
1585 2
1586 1
1587 5
1588 1
1589 1
1590 2
1591 1
1593 1
1596 1
1597 1
1598 2
1599 1
1600 1
1601 1
1603 1
1605 1
1607 1
1609 1
1615 1
1616 1
1619 2
1622 1
1623 3
1624 1
1632 3
1634 2
1635 1
1636 3
1637 2
1638 2
1643 2
1644 1
1645 2
1646 2
1650 2
1651 1
1656 2
1657 2
1658 4
1659 1
1660 1
1662 2
1663 2
1665 1
1666 2
1668 1
1669 1
1672 3
1674 2
1675 1
1680 1
1682 1
1687 1
1688 2
1689 1
1694 1
1695 1
1696 3
1698 1
1699 2
1700 1
1703 2
1705 1
1706 1
1707 2
1710 1
1711 1
1712 1
1713 1
1716 1
1721 1
1724 2
1725 1
1726 1
1729 1
1730 2
1732 3
1734 2
1738 1
1739 1
1740 1
1741 1
1742 2
1744 2
1748 2
1749 1
1751 1
1754 1
1756 2
1759 1
1762 1
1763 1
1764 1
1765 3
1766 1
1767 2
1769 2
1772 1
1773 2
1777 1
1779 2
1780 1
1781 1
1784 2
1785 1
1787 1
1788 2
1791 2
1795 1
1797 1
1800 3
1801 1
1804 3
1805 2
1806 1
1807 4
1808 1
1811 1
1818 1
1819 1
1820 1
1821 1
1824 1
1826 2
1827 1
1831 1
1833 1
1834 1
1835 1
1836 1
1837 1
1839 1
1841 1
1842 3
1843 3
1845 1
1848 2
1849 2
1850 4
1851 1
1854 1
1855 1
1856 2
1857 1
1860 3
1862 1
1863 1
1864 4
1867 1
1869 2
1870 1
1871 1
1872 1
1873 1
1874 1
1875 2
1879 2
1882 1
1885 3
1886 1
1889 1
1890 2
1892 3
1894 1
1901 1
1903 1
1904 2
1905 2
1906 2
1909 2
1913 1
1915 1
1917 1
1918 4
1919 1
1920 1
1921 2
1922 1
1923 1
1924 1
1925 1
1929 1
1932 1
1935 1
1938 1
1939 1
1941 1
1945 2
1950 1
1952 1
1960 2
1964 2
1965 2
1966 2
1967 3
1968 1
1971 1
1972 1
1973 1
1976 1
1977 2
1978 4
1979 1
1980 1
1981 2
1982 1
1985 1
1986 2
1987 2
1992 1
1993 3
1994 1
1995 1
1997 1
1998 1
2001 1
2002 2
2004 2
2005 1
2011 1
2015 1
2018 1
2019 1
2020 1
2021 3
2025 1
2026 1
2032 1
2034 1
2038 4
2040 3
2042 2
2043 2
2047 1
2048 2
2052 1
2053 1
2054 2
2055 2
2057 2
2062 1
2063 1
2067 2
2068 2
2069 2
2072 1
2073 2
2074 2
2075 1
2076 2
2081 2
2089 1
2092 1
2095 1
2097 2
2098 2
2100 1
2101 1
2104 1
2105 1
2106 2
2107 1
2111 1
2124 1
2127 2
2128 1
2131 1
2132 1
2134 2
2135 2
2136 2
2138 3
2143 1
2146 3
2149 1
2154 1
2155 1
2156 1
2157 1
2158 1
2162 2
2165 2
2172 2
2173 1
2176 1
2177 1
2178 4
2179 1
2185 1
2188 2
2189 1
2190 1
2192 1
2194 1
2196 1
2199 1
2200 2
2201 2
2202 2
2203 1
2204 3
2206 1
2208 1
2212 2
2216 1
2217 2
2220 1
2224 1
2225 1
2226 1
2229 1
2233 1
2236 1
2238 1
2240 2
2241 2
2243 2
2244 1
2245 1
2254 1
2255 1
2257 3
2261 1
2264 2
2265 1
2268 3
2269 4
2272 1
2275 2
2277 2
2279 1
2282 1
2284 1
2285 2
2289 1
2292 1
2295 2
2298 1
2299 1
2302 1
2303 1
2307 1
2314 1
2316 1
2317 1
2320 1
2325 1
2326 3
2327 1
2331 1
2334 2
2335 1
2336 1
2341 1
2342 1
2344 2
2345 2
2347 1
2350 2
2353 1
2355 1
2356 1
2358 1
2360 1
2362 1
2365 2
2366 2
2370 2
2372 1
2375 1
2376 1
2379 1
2381 1
2382 1
2383 1
2387 2
2393 1
2396 1
2399 1
2400 1
2401 1
2409 1
2421 1
2425 1
2427 2
2428 2
2435 1
2437 1
2438 1
2442 1
2443 1
2444 1
2449 1
2451 1
2454 3
2455 3
2457 1
2459 1
2460 2
2462 1
2463 1
2466 3
2467 1
2472 3
2474 1
2480 1
2482 1
2483 1
2485 1
2486 1
2487 1
2489 1
2494 1
2495 1
2496 1
2497 1
2500 1
2501 2
2502 1
2508 1
2509 1
2513 1
2514 1
2518 1
2520 1
2523 1
2525 2
2526 1
2528 1
2529 1
2533 1
2535 1
2539 1
2540 1
2543 2
2554 1
2557 2
2558 2
2560 2
2566 1
2568 1
2569 2
2570 1
2577 1
2579 1
2581 1
2582 1
2591 1
2593 1
2596 3
2597 1
2599 3
2601 2
2604 2
2607 1
2609 2
2612 1
2615 2
2622 1
2623 1
2626 1
2627 1
2628 1
2629 1
2631 1
2634 1
2637 1
2642 2
2646 1
2648 1
2649 1
2650 1
2651 1
2652 2
2654 1
2655 2
2658 1
2659 1
2661 1
2665 1
2666 7
2668 1
2671 1
2672 1
2675 1
2680 1
2682 1
2683 1
2688 1
2689 2
2690 1
2695 1
2700 1
2701 1
2702 1
2705 1
2707 1
2712 1
2722 1
2726 1
2730 1
2733 1
2735 1
2737 1
2739 1
2742 1
2744 1
2745 1
2750 1
2752 1
2753 1
2754 1
2755 2
2757 1
2758 1
2760 2
2762 3
2763 2
2765 1
2766 1
2767 1
2773 1
2774 1
2776 1
2777 1
2782 1
2784 1
2789 3
2792 2
2793 1
2805 2
2807 1
2808 1
2810 2
2812 1
2816 1
2822 3
2824 2
2826 2
2830 1
2832 1
2837 1
2838 1
2839 3
2847 1
2850 1
2851 2
2857 1
2858 1
2860 1
2861 2
2862 1
2864 2
2865 1
2867 1
2869 1
2875 2
2876 1
2878 1
2879 1
2880 1
2881 1
2883 1
2884 1
2885 1
2889 1
2893 2
2898 1
2903 1
2904 1
2905 2
2908 2
2910 1
2913 1
2914 1
2916 1
2917 1
2918 2
2923 2
2926 1
2929 1
2934 1
2941 1
2943 2
2948 1
2950 1
2952 2
2954 1
2956 1
2957 1
2961 2
2965 1
2967 2
2969 3
2973 1
2974 1
2975 1
2980 1
2983 1
2984 2
2986 2
2989 1
2990 1
2991 1
2994 1
2995 1
2999 1
3000 2
3004 1
3007 1
3008 1
3019 1
3024 1
3026 1
3027 2
3028 1
3030 1
3042 1
3048 1
3053 3
3056 1
3061 2
3062 1
3066 2
3070 2
3071 1
3075 1
3076 1
3077 1
3080 2
3081 1
3082 1
3083 1
3086 1
3088 1
3090 1
3091 1
3095 1
3096 1
3097 1
3098 1
3100 2
3102 2
3104 2
3107 1
3111 1
3119 1
3122 2
3127 2
3136 1
3137 1
3138 2
3139 2
3146 1
3151 1
3152 1
3153 1
3157 1
3162 2
3168 1
3169 2
3173 1
3176 1
3182 1
3185 2
3187 1
3188 1
3190 1
3194 2
3203 1
3204 1
3206 1
3210 1
3212 2
3213 2
3215 2
3220 2
3223 1
3226 1
3227 1
3228 4
3230 3
3231 1
3234 2
3235 1
3236 1
3239 1
3242 1
3244 2
3246 1
3247 1
3248 1
3251 1
3257 2
3258 2
3259 1
3260 2
3264 1
3267 1
3269 1
3275 1
3276 1
3280 1
3282 1
3284 2
3289 2
3291 2
3293 1
3294 2
3296 1
3297 1
3302 2
3304 2
3307 2
3310 1
3312 1
3315 1
3323 3
3326 2
3340 1
3342 1
3344 1
3346 1
3347 2
3350 1
3351 1
3355 1
3365 1
3366 1
3369 1
3370 1
3371 1
3376 1
3381 1
3385 1
3387 1
3395 1
3397 1
3407 1
3409 2
3411 1
3413 1
3415 1
3416 2
3417 1
3420 1
3425 2
3426 1
3429 1
3430 1
3434 1
3435 1
3437 1
3439 1
3440 2
3443 2
3444 1
3446 1
3447 1
3451 2
3456 1
3458 1
3461 1
3465 1
3470 3
3474 1
3475 1
3476 2
3478 3
3482 1
3485 1
3486 1
3493 1
3495 1
3497 2
3503 1
3514 1
3517 2
3519 1
3520 2
3522 1
3523 1
3524 1
3526 2
3530 1
3532 1
3535 2
3540 1
3545 3
3546 1
3551 2
3553 1
3560 1
3561 1
3563 1
3568 1
3569 1
3576 2
3578 1
3582 2
3583 3
3584 3
3589 1
3595 2
3596 1
3598 2
3601 1
3604 1
3605 1
3606 1
3611 2
3612 1
3614 1
3615 1
3620 2
3626 1
3630 2
3631 1
3637 1
3642 1
3645 2
3646 1
3649 1
3651 1
3652 1
3654 1
3658 2
3661 1
3662 1
3663 1
3665 3
3666 1
3673 1
3675 1
3676 1
3679 1
3685 1
3686 1
3687 1
3689 1
3690 1
3696 1
3697 1
3703 2
3705 1
3711 1
3714 1
3716 1
3718 1
3729 1
3731 1
3732 1
3733 2
3736 2
3747 2
3748 1
3757 1
3762 1
3763 1
3766 1
3772 1
3774 1
3776 1
3778 1
3781 1
3783 1
3784 1
3785 1
3791 1
3796 1
3805 1
3811 2
3814 1
3818 1
3826 1
3827 1
3840 2
3844 1
3847 1
3853 1
3857 1
3862 1
3864 2
3865 1
3868 1
3872 1
3876 1
3877 1
3889 2
3890 1
3892 1
3895 1
3897 1
3898 2
3902 1
3911 1
3916 1
3919 1
3923 1
3931 1
3934 1
3937 1
3942 1
3949 1
3950 1
3951 1
3955 1
3956 1
3958 1
3963 1
3965 1
3966 1
3972 2
3976 1
3980 1
3981 1
3982 1
3988 1
3998 1
4009 1
4010 1
4013 2
4020 1
4036 1
4050 1
4055 1
4068 1
4069 1
4071 1
4076 1
4079 1
4091 1
4096 2
4099 1
4110 1
4116 1
4117 1
4126 1
4127 1
4128 1
4134 1
4137 1
4144 1
4147 1
4149 1
4160 1
4163 1
4164 1
4174 1
4180 1
4181 1
4183 1
4186 1
4188 1
4192 1
4193 1
4196 1
4197 1
4204 1
4206 1
4214 1
4215 1
4222 1
4225 1
4235 1
4238 1
4243 1
4247 1
4251 1
4252 1
4255 1
4260 1
4263 1
4266 1
4271 1
4273 1
4277 1
4292 1
4303 1
4308 1
4310 2
4316 1
4319 1
4323 1
4324 3
4325 1
4328 1
4345 1
4346 1
4347 1
4362 2
4363 1
4364 1
4366 1
4384 1
4386 1
4391 1
4398 1
4400 1
4414 1
4416 1
4420 1
4422 1
4424 1
4426 1
4446 1
4453 2
4454 1
4456 2
4457 1
4462 1
4465 1
4469 1
4470 2
4471 1
4478 1
4480 1
4481 1
4486 2
4489 1
4490 1
4494 1
4496 2
4497 2
4505 1
4514 1
4518 1
4520 1
4523 2
4527 1
4529 1
4532 1
4535 1
4536 1
4548 3
4558 1
4560 1
4562 1
4568 1
4570 1
4571 1
4577 1
4587 1
4588 2
4597 1
4608 2
4612 2
4619 1
4623 2
4624 1
4625 1
4629 1
4630 1
4644 1
4648 1
4655 1
4656 1
4660 1
4662 1
4663 1
4672 1
4673 1
4676 1
4680 1
4683 1
4688 1
4690 1
4700 2
4704 1
4706 1
4710 1
4718 1
4724 1
4726 1
4729 1
4738 1
4740 1
4741 1
4742 1
4762 1
4767 1
4774 1
4776 2
4777 1
4779 2
4801 1
4818 2
4822 1
4824 1
4831 1
4855 2
4856 1
4868 1
4877 1
4880 1
4883 1
4894 2
4916 1
4942 1
4944 1
4946 1
4947 2
4948 1
4955 1
4963 1
4964 2
4972 1
4973 2
4977 1
4978 1
4986 1
4987 1
4999 1
5002 1
5008 1
5012 1
5015 1
5021 1
5044 1
5047 2
5052 1
5063 1
5067 1
5069 1
5072 1
5081 1
5084 1
5086 1
5087 2
5090 1
5104 1
5107 1
5109 1
5111 1
5112 2
5129 1
5148 1
5152 1
5155 1
5159 1
5167 2
5170 1
5191 2
5194 1
5198 1
5216 1
5223 1
5225 1
5231 1
5234 1
5252 1
5266 1
5272 1
5283 1
5296 1
5298 1
5341 1
5350 1
5351 1
5354 1
5360 1
5371 1
5372 1
5374 1
5383 1
5384 1
5395 1
5407 1
5424 1
5428 1
5448 1
5449 1
5464 1
5465 1
5468 2
5487 1
5489 1
5495 1
5500 1
5513 1
5514 1
5516 1
5528 1
5531 1
5532 1
5534 1
5537 1
5542 1
5543 1
5553 1
5554 1
5560 1
5562 1
5563 1
5566 2
5570 1
5576 1
5579 1
5587 1
5594 1
5604 2
5630 1
5638 2
5654 1
5655 1
5657 1
5664 1
5685 1
5689 1
5698 1
5709 1
5714 1
5733 1
5744 1
5745 1
5762 1
5770 1
5771 1
5772 1
5777 1
5783 1
5789 1
5800 2
5801 1
5831 1
5856 1
5860 1
5868 1
5869 1
5876 1
5881 1
5899 1
5902 1
5906 1
5908 1
5912 1
5916 1
5917 1
5920 1
5925 1
5929 1
5931 1
5936 1
5937 1
5941 1
5943 1
5950 1
5952 1
5966 1
5988 2
5996 1
6000 1
6001 1
6004 1
6008 1
6010 1
6025 2
6026 1
6034 1
6035 1
6036 1
6040 1
6045 1
6047 1
6050 2
6063 3
6098 1
6101 1
6109 1
6111 1
6131 1
6143 1
6149 1
6155 1
6173 2
6177 1
6220 1
6224 1
6232 1
6235 1
6238 1
6239 1
6256 1
6263 1
6289 1
6290 1
6295 1
6333 1
6335 1
6337 2
6338 1
6345 1
6352 1
6358 1
6367 1
6368 1
6373 1
6382 1
6395 1
6410 2
6416 1
6420 1
6431 1
6441 1
6443 1
6449 1
6463 1
6478 1
6487 2
6489 1
6497 1
6507 1
6519 1
6523 1
6537 1
6539 1
6553 2
6554 1
6559 1
6571 1
6572 1
6579 1
6581 1
6594 1
6615 1
6629 1
6637 1
6656 1
6675 2
6685 1
6689 1
6699 1
6713 1
6716 1
6718 1
6731 1
6744 1
6756 1
6776 1
6779 3
6784 4
6785 1
6803 1
6807 1
6818 1
6827 2
6828 1
6849 1
6850 1
6851 2
6858 1
6860 1
6879 1
6890 1
6898 1
6907 1
6916 1
6924 1
6940 1
6944 1
6945 1
6975 1
7007 1
7010 1
7026 1
7032 1
7036 2
7054 1
7073 1
7075 1
7087 1
7094 1
7110 1
7121 1
7123 1
7139 1
7143 1
7173 1
7175 1
7176 1
7180 1
7188 1
7218 1
7233 1
7261 1
7277 1
7285 2
7288 1
7302 1
7305 1
7327 1
7332 1
7334 1
7335 2
7342 2
7344 1
7376 1
7420 1
7426 1
7432 1
7441 1
7468 1
7503 1
7506 2
7513 1
7532 1
7548 1
7580 1
7591 2
7592 1
7606 2
7617 1
7626 1
7636 1
7660 1
7672 1
7674 1
7675 1
7680 1
7697 1
7705 1
7706 1
7735 1
7737 1
7770 1
7774 2
7798 1
7803 2
7812 1
7825 1
7834 1
7848 2
7883 2
7887 1
7912 2
7927 1
7934 1
7941 1
7942 2
7943 1
7945 1
7946 1
7972 2
7985 2
7997 1
8037 1
8052 1
8055 1
8104 1
8192 1
8193 2
8212 1
8219 1
8225 1
8253 1
8270 1
8288 1
8293 1
8295 1
8312 1
8317 2
8319 2
8322 1
8339 1
8340 1
8349 1
8378 1
8389 1
8391 1
8392 1
8400 1
8403 1
8407 1
8423 1
8446 1
8464 1
8509 1
8512 1
8518 1
8529 1
8532 1
8569 1
8579 1
8585 1
8609 1
8633 1
8654 1
8663 1
8671 1
8676 1
8692 1
8716 1
8735 1
8751 1
8756 1
8768 1
8775 1
8780 1
8788 1
8800 1
8830 1
8835 1
8879 1
8897 1
8904 1
8920 1
8935 1
8942 1
8957 1
8979 1
8996 1
9032 1
9037 1
9053 1
9079 1
9081 1
9083 1
9109 1
9119 4
9140 1
9143 1
9151 1
9155 1
9183 1
9203 1
9237 1
9246 1
9270 1
9291 1
9298 1
9305 1
9308 1
9311 1
9333 1
9336 1
9364 1
9384 1
9411 1
9417 1
9441 1
9448 1
9461 1
9524 1
9554 1
9558 1
9576 1
9609 1
9612 1
9621 1
9632 1
9658 1
9673 1
9678 1
9749 1
9771 1
9778 1
9794 1
9798 1
9810 1
9827 1
9834 1
9917 1
9925 1
9960 1
9970 2
9981 1
9994 1
10004 1
10047 1
10058 1
10074 1
10075 1
10078 1
10083 2
10084 1
10090 1
10128 1
10145 2
10167 1
10183 1
10199 1
10202 1
10219 1
10234 1
10238 1
10244 1
10248 1
10294 1
10298 1
10312 1
10335 1
10365 1
10373 1
10386 1
10395 1
10402 2
10421 1
10464 1
10470 1
10487 1
10489 1
10516 1
10523 1
10570 1
10588 1
10599 1
10602 1
10606 1
10633 1
10637 1
10641 1
10671 1
10675 2
10678 1
10692 2
10700 1
10709 1
10712 2
10716 1
10724 1
10741 1
10815 1
10824 1
10862 1
10871 1
10902 1
10910 1
10942 1
10943 1
10971 1
10997 1
11014 1
11020 1
11035 2
11039 1
11049 1
11124 1
11134 1
11161 1
11200 1
11235 1
11313 1
11361 1
11378 1
11419 1
11437 1
11456 2
11460 1
11475 1
11488 1
11495 1
11497 1
11498 1
11500 1
11529 1
11549 1
11556 1
11584 1
11601 1
11602 1
11631 1
11638 1
11668 1
11673 1
11708 1
11726 1
11739 1
11753 1
11767 1
11794 1
11795 1
11798 1
11805 1
11856 1
11937 1
11962 1
12020 1
12035 1
12046 2
12063 2
12092 3
12101 1
12110 1
12134 2
12154 1
12156 1
12225 1
12248 1
12251 1
12267 1
12316 1
12337 1
12424 1
12529 1
12536 1
12564 1
12584 1
12590 1
12597 1
12604 1
12617 1
12687 1
12711 1
12782 1
12792 1
12817 1
12850 1
12872 1
12881 1
12909 1
12923 1
12935 1
12952 1
12955 1
12969 1
12993 1
13019 1
13025 1
13036 1
13046 1
13058 1
13068 1
13126 1
13318 2
13330 1
13367 1
13416 1
13434 1
13469 1
13522 1
13596 1
13649 1
13698 1
13721 1
13758 1
13866 1
13931 1
13934 1
13997 2
13999 1
14033 1
14044 1
14053 1
14061 1
14152 1
14164 1
14178 1
14216 1
14222 1
14229 1
14243 1
14314 1
14358 1
14369 1
14413 1
14414 1
14587 1
14629 1
14700 1
14767 1
14937 1
15006 1
15130 1
15175 1
15221 1
15242 1
15257 1
15286 1
15297 1
15303 1
15313 2
15321 1
15344 1
15365 1
15436 1
15493 1
15495 1
15521 1
15524 1
15535 2
15562 1
15587 1
15590 1
15666 1
15685 1
15695 1
15729 2
15798 1
15806 1
15818 2
15860 1
15870 1
15893 1
15903 1
15917 1
15926 1
15956 2
15967 1
15976 1
16071 2
16082 1
16137 2
16144 1
16165 1
16188 2
16206 1
16369 1
16383 1
16384 2
16417 1
16422 1
16498 1
16507 1
16518 2
16526 1
16615 1
16700 1
16884 1
16887 1
16908 1
16919 2
16950 1
16963 1
16966 1
16967 1
17132 1
17144 1
17162 1
17226 1
17228 1
17272 1
17278 1
17279 1
17533 1
17571 1
17634 1
17636 1
17648 1
17708 1
17750 1
17758 1
17802 1
17832 1
17930 1
17933 1
17936 1
17948 1
18075 1
18115 1
18198 1
18212 1
18290 1
18291 1
18332 1
18344 2
18372 1
18386 1
18419 1
18471 1
18537 1
18567 1
18581 1
18592 1
18599 1
18609 1
18639 1
18684 1
18695 1
18707 1
18783 1
18824 1
18850 1
18925 2
18959 1
18986 1
19031 1
19146 1
19226 1
19240 1
19258 1
19277 1
19322 2
19414 1
19420 1
19500 1
19514 1
19554 1
19568 2
19577 1
19597 1
19612 1
19627 1
19654 1
19669 1
19710 1
19765 1
19818 1
19836 1
19855 1
19867 1
19930 2
19946 1
19955 1
19969 1
19980 1
20027 1
20198 1
20207 1
20216 1
20233 1
20278 1
20304 1
20321 1
20459 1
20481 1
20490 1
20499 1
20630 1
20658 1
20709 1
20793 1
20870 1
20917 1
21032 1
21051 1
21073 1
21096 1
21106 1
21140 2
21148 1
21169 1
21245 1
21300 1
21313 1
21316 1
21323 1
21355 1
21404 1
21411 1
21483 1
21505 1
21523 1
21530 1
21596 1
21602 1
21643 1
21652 1
21681 1
21701 1
21814 1
21857 1
21877 2
21902 1
21977 1
21993 1
21998 2
22104 1
22173 1
22218 1
22245 1
22293 1
22307 1
22326 1
22373 1
22396 1
22405 1
22438 1
22475 2
22517 1
22559 1
22590 1
22731 1
22753 1
22757 1
22763 1
22776 1
22912 1
22914 1
23015 1
23100 1
23200 1
23224 1
23271 1
23288 1
23308 1
23311 1
23454 1
23506 1
23583 1
23599 1
23624 1
23629 1
23638 1
23701 1
23709 1
23796 1
23860 1
24001 1
24026 1
24037 1
24072 1
24087 2
24211 1
24274 1
24301 1
24379 1
24389 1
24448 1
24459 1
24570 1
24576 11
24713 1
24722 1
24823 1
24839 1
25000 1
25012 1
25055 1
25058 1
25135 2
25159 1
25250 2
25257 1
25293 1
25366 1
25374 1
25388 1
25581 1
25604 1
25621 1
25700 1
25780 1
25803 2
25843 1
25944 1
25988 1
26064 1
26106 1
26221 1
26276 1
26374 1
26404 1
26488 1
26525 1
26530 1
26533 1
26608 1
26643 1
26772 1
26808 1
26990 1
27071 1
27110 1
27143 1
27185 1
27202 1
27526 1
27622 1
27681 2
27710 1
27753 1
27842 1
28008 1
28125 1
28214 1
28243 1
28303 1
28490 1
28531 1
28679 1
28704 1
29033 3
29412 1
29417 1
29876 1
29987 1
30092 1
30116 1
30206 1
30242 1
30269 1
30390 1
30408 1
30460 1
30532 1
30780 1
30851 1
31029 1
31050 1
31140 1
31163 2
31267 1
31288 1
31314 1
31368 1
31404 1
31428 1
31462 1
31492 1
31528 1
31541 1
31671 1
31678 1
31782 1
31952 1
31965 1
31972 1
32025 2
32045 2
32113 1
32117 1
32135 1
32212 1
32228 1
32339 1
32382 1
32470 1
32493 1
32768 2
32864 1
32895 1
33024 1
33129 1
33202 1
33240 1
33260 1
33373 1
33415 1
33512 1
33715 1
33786 1
34212 1
34327 1
34438 1
34460 1
34549 1
34550 1
34609 1
34819 1
34825 1
34879 1
34965 1
35036 1
35264 1
35386 1
35582 1
35604 1
35680 1
35808 1
36120 1
36314 1
36467 1
36517 1
36859 2
36922 1
36939 1
36977 1
37103 1
37154 1
37437 1
37450 1
37592 1
37911 2
37957 1
37967 1
38151 1
38284 1
38292 1
38331 1
38344 1
38391 1
38402 1
38416 1
38829 1
39153 1
39166 1
39438 1
39486 1
39489 1
39533 1
39669 1
39705 1
39960 2
40126 1
40192 1
40301 1
40456 1
40953 1
40960 2
41049 1
41168 1
41297 1
41512 1
41667 1
41771 1
41776 1
41994 1
42384 1
42398 1
42615 1
42628 1
42830 1
43346 1
43740 1
43952 1
44059 1
44134 1
44141 1
44176 1
44258 1
44334 1
44966 1
45088 1
45174 1
45614 1
46154 1
46168 1
46397 1
46509 1
46519 1
46565 1
46949 1
47003 1
47062 1
47107 1
47125 1
47171 1
47183 1
48039 1
48110 1
48258 1
48362 2
48532 1
48553 1
48590 1
48682 1
49152 2
49713 1
50102 1
50126 1
50218 1
50414 1
51107 1
51191 1
51201 1
51864 1
52164 1
52340 1
52350 1
52352 1
52370 1
52408 1
52497 1
52833 1
53043 1
53081 1
53462 1
53465 1
53728 1
53888 1
53991 1
54200 1
54496 2
55146 1
55362 1
55423 1
55777 1
55944 1
56464 1
56625 1
57307 1
57344 2
58273 1
58909 1
59192 1
59571 2
60407 1
60977 1
61252 1
61597 1
61635 1
62147 1
62467 1
62567 1
63155 1
63756 2
64489 1
64496 1
64581 1
64831 1
64853 1
65363 1
65471 1
65563 1
66023 1
66105 1
66547 1
67056 1
67876 1
69071 1
69133 2
69163 1
69251 1
69276 1
69459 2
69483 1
69953 1
70525 1
70593 1
70621 1
70751 1
70869 1
71543 1
71773 1
71990 1
72401 1
72427 1
72623 1
74664 1
74706 1
75113 1
75123 1
75183 1
75254 1
75270 1
76007 1
76473 2
76568 1
77047 1
77511 1
78028 1
78043 1
78391 1
78609 1
79105 1
79435 1
79581 1
79931 1
80497 1
80826 1
81259 1
81405 1
81777 1
81802 1
82410 1
82731 1
82941 1
82962 1
83065 1
83165 1
83167 1
83185 1
83775 1
84111 1
84153 1
84329 1
84429 1
84732 1
84765 1
84845 1
85258 1
85851 1
86293 1
86331 1
86415 1
86521 1
86667 1
87244 1
88645 1
88865 1
89175 1
89600 1
90183 1
90859 1
91104 1
91411 1
91423 1
91564 1
91665 1
92405 1
92665 1
92921 1
93861 1
94277 1
95337 1
95355 1
95575 1
95819 1
96211 1
97339 1
98304 1
98825 1
98923 1
99539 1
100797 1
100865 1
101591 1
101739 1
101828 1
102703 1
103575 1
103969 1
104767 1
104827 1
105281 1
106501 1
107349 1
107539 1
109375 1
111963 1
113637 1
113805 1
113909 1
115024 2
115257 1
115279 1
115675 1
117149 1
117215 1
117613 2
118469 1
118489 1
118994 2
119159 1
119839 1
120609 1
121269 1
121375 1
123800 1
124917 1
124936 1
125403 1
126524 1
126589 1
126665 1
126866 1
128289 1
129124 1
130843 1
130909 1
131172 1
131885 1
131905 2
132189 1
133615 2
133650 1
133705 1
133861 1
134481 1
137934 1
138197 1
139167 1
140114 1
140952 1
141122 1
141396 1
141848 1
142029 1
143389 1
143551 1
144314 1
144597 1
147136 1
147220 1
149992 1
150891 1
152226 1
152318 1
153342 1
153734 1
155298 1
161106 1
161184 1
161286 1
161799 1
161871 1
162982 1
163840 1
163998 1
165701 1
166516 1
166867 2
167107 1
168384 1
169656 1
169706 1
171408 1
172032 5
172081 1
174021 1
175836 1
177136 1
178264 1
178775 1
181154 1
182855 1
189088 1
191551 1
193206 1
193733 1
195175 1
198309 1
198682 1
201071 1
201217 1
203177 2
203207 2
207314 1
209117 1
211881 1
212765 1
212906 1
212992 1
213134 2
213785 1
214145 1
215735 1
215889 1
216513 1
218784 1
219443 1
219693 1
220773 1
221184 1
221863 1
222189 1
224014 1
228368 1
231631 1
234648 1
239653 2
242537 1
243540 1
245760 1
245858 1
247597 1
249587 1
250124 1
252348 1
252382 1
252773 1
257483 1
259821 1
265413 1
265679 1
267300 1
268646 1
271432 1
273287 1
273614 1
276816 1
277685 1
279426 1
283505 1
285246 1
290154 1
292969 1
294284 1
294951 3
296514 1
302805 1
303026 1
304669 1
305945 1
312424 1
314203 1
320343 1
322342 1
323524 1
325606 1
326071 1
326113 1
336224 1
336370 1
342817 1
344287 1
349716 1
355957 2
359243 1
361093 1
361134 1
362593 1
369441 1
369981 1
383260 1
384747 1
385565 2
387473 1
392782 2
393733 1
396202 1
397583 1
407127 1
407140 1
416097 1
421549 1
439493 1
440570 1
443066 1
443496 2
449197 1
451526 1
455629 1
456491 1
466944 1
470613 1
472286 1
488953 1
490520 1
499712 1
502396 1
507904 1
509230 1
512659 1
513216 8
529529 1
533988 1
535699 1
536258 1
540672 2
552522 1
566709 1
568621 1
583455 1
589824 1
613567 1
614400 1
623886 1
630784 1
651351 1
680306 1
688128 1
723116 1
725240 2
735715 1
753664 1
764287 1
774502 1
775527 1
783787 2
787295 1
796703 2
798566 1
805095 1
846491 1
913061 1
991883 1
995448 1
1015091 1
1322623 1
1392667 1
1801455 1
1808945 1
1811027 1
1878984 1
1897863 1
1897887 1
2048000 1
2192484 1
3338339 1
3367368 1
3744745 1
3953137 1
9280346 1
9329200 1
9489345 1
