0 21
4 1
14 2
35 1
56 1
65 1
67 1
385 1
428 1
478 1
512 47
579 1
642 1
649 1
802 1
926 1
963 1
1003 1
1024 7
1516 1
1561 1
1654 1
1752 1
2048 4
2160 1
2296 1
3404 1
3409 1
3509 1
4096 26
4719 1
4848 1
5021 1
5120 1
6156 1
7128 1
7555 1
7626 1
8192 6
8344 1
8706 2
8822 1
9036 1
10080 1
12954 1
13118 1
13776 1
15360 2
16384 1
17408 1
17641 1
19179 1
20721 1
31456 1
32504 1
32768 1
37965 1
47088 1
49110 1
50075 1
55601 1
55940 1
56320 1
62407 1
68169 1
78944 1
104738 1
141991 1
152430 1
243516 1
249478 1
4149083 1
