0 15
1 1
2 1
4 19
5 1
6 1
10 10
11 3
37 2
38 2
39 1
40 1
41 2
47 1
50 2
56 1
109 1
144 1
156 1
162 1
202 1
260 1
283 1
284 1
286 1
294 1
298 1
351 1
353 1
402 1
425 1
447 1
458 1
464 1
469 1
478 1
512 105
553 1
573 1
574 2
594 1
648 1
658 1
659 1
664 1
683 1
684 1
687 1
719 1
797 1
822 1
892 1
922 1
975 1
1024 4
1077 1
1120 1
1138 1
1158 1
1204 1
1507 1
1536 1
1636 1
1644 1
1898 1
2002 1
2059 1
2074 1
2207 1
2266 1
2304 1
2321 1
2568 3
2854 1
2954 1
3048 1
3279 1
3340 1
3527 1
3536 1
4096 1
4119 1
4608 1
4631 1
4667 1
4728 1
4738 1
4803 1
4908 1
4973 1
5467 1
5913 1
6056 1
6861 1
7063 1
7116 1
7168 1
7486 1
7558 1
7757 1
7762 1
7820 1
8192 1
10217 1
11264 1
12879 1
16597 1
16924 1
16992 1
20762 1
23296 1
24133 1
24538 1
24576 1
27944 1
28672 2
29059 1
29696 1
31063 1
32768 3
36864 1
36986 1
39954 1
44282 1
52343 1
57344 1
58997 1
64311 1
65536 1
74184 1
77824 2
81920 1
90112 1
94208 1
98304 1
102400 1
104820 1
107008 1
110592 2
113967 1
114688 1
121149 1
192512 2
209853 1
212992 1
217088 1
223406 1
241664 1
245760 2
335544 1
560128 1
699431 1
941976 1
960448 1
1036000 1
1129840 1
2290624 1
