0 78
1 1
2 1
4 1
5 8
6 4
7 2
8 8
9 2
10 5
11 6
12 7
13 13
14 9
15 15
16 14
17 11
18 16
19 26
20 53
21 80
22 34
23 40
24 39
25 36
26 77
27 32
28 29
29 24
30 40
31 26
32 32
33 8
34 23
35 16
36 2
37 11
38 6
39 4
40 3
42 6
43 8
44 14
45 6
46 4
47 6
48 9
49 5
50 4
51 3
52 25
53 5
54 1
55 3
56 12
57 3
58 1
59 2
60 5
61 6
62 4
64 12
65 2
66 1
67 7
68 16
69 12
70 6
71 23
72 13
73 9
74 2
75 1
76 8
79 1
80 3
81 1
82 2
83 7
84 7
85 2
86 8
87 7
88 7
89 7
90 10
91 7
92 1
93 1
94 11
95 1
96 19
97 1
98 5
99 11
100 8
101 2
102 7
104 8
105 5
106 5
107 7
108 18
109 8
110 3
111 7
112 4
113 2
114 9
115 5
116 9
117 10
118 2
119 3
120 16
121 7
122 1
123 5
124 9
125 2
126 7
127 3
128 9
129 1
130 3
131 3
132 5
133 5
134 2
135 5
136 16
137 6
138 6
139 2
140 18
141 2
142 5
143 4
144 8
145 2
146 4
147 3
148 24
149 2
150 2
151 2
152 9
154 2
155 1
156 6
157 1
158 3
159 9
160 7
161 2
162 1
163 4
164 11
165 2
166 4
167 1
168 10
169 5
171 3
172 8
173 3
174 4
175 6
176 11
177 1
178 4
179 1
180 15
181 7
182 3
183 6
184 14
185 2
186 5
187 3
188 11
189 3
190 7
191 1
192 4
193 197
194 9
195 6
196 12
197 2
198 1
199 2
200 9
202 4
203 1
204 7
205 2
206 4
207 19
208 8
210 8
211 7
212 14
213 4
214 4
215 7
216 7
217 3
218 1
219 6
220 14
221 7
222 4
223 3
224 3
225 1
226 5
227 5
228 7
229 3
230 7
231 4
232 15
233 2
234 3
235 4
236 5
237 7
238 1
239 6
240 14
241 2
242 1
243 6
244 6
245 4
246 4
247 3
248 14
249 3
250 3
252 7
253 4
254 1
255 1
256 66
257 4
258 3
259 2
260 7
261 2
262 3
263 6
264 5
265 1
266 3
267 7
268 11
269 3
270 7
271 7
272 20
273 7
274 2
275 6
276 6
277 5
278 13
279 5
280 14
281 17
284 21
285 12
286 5
287 7
288 3
289 4
290 11
291 5
292 9
293 10
294 2
295 8
296 14
298 5
299 15
301 4
302 7
303 7
304 10
305 7
306 3
307 11
308 9
310 2
311 4
312 2
313 6
314 2
315 2
316 11
317 7
318 3
319 4
320 2
321 6
322 9
323 3
324 5
326 4
327 1
328 8
329 1
330 5
332 8
333 2
334 4
335 2
336 12
337 11
338 3
339 6
340 8
341 7
342 3
343 8
344 6
345 4
346 5
347 7
348 12
349 3
350 1
351 5
352 15
353 6
354 2
356 6
357 4
358 1
359 7
360 1
361 9
363 4
364 5
365 6
366 1
367 1
368 9
369 2
370 4
371 4
372 18
373 6
374 4
375 10
376 9
378 5
379 7
380 9
381 1
382 9
383 1
384 5
385 3
386 4
387 5
388 4
389 2
390 4
391 6
392 7
393 3
394 6
395 3
396 11
397 6
398 3
399 1
400 10
401 4
402 3
403 5
404 10
405 3
406 6
407 6
408 8
409 1
410 1
411 4
412 6
413 4
414 4
415 3
416 5
417 5
418 5
419 5
420 10
421 5
422 1
423 5
424 9
425 1
426 5
427 8
428 10
429 5
430 3
431 6
432 8
433 7
434 3
435 5
436 9
437 3
438 7
439 4
440 6
441 5
442 4
444 10
445 2
446 4
447 2
448 12
449 10
450 6
451 3
452 7
453 7
454 7
455 11
456 25
457 4
458 7
459 4
460 13
461 7
462 11
463 3
464 8
465 3
466 4
467 4
468 4
469 3
470 4
471 7
472 10
473 13
474 5
475 1
476 3
477 6
478 16
479 4
480 14
481 10
482 5
483 8
484 9
485 9
486 5
487 4
488 11
489 7
490 5
491 4
492 9
493 5
494 6
495 5
496 10
497 4
498 2
499 6
500 10
501 8
502 2
503 6
504 7
505 3
506 4
507 7
508 4
509 9
510 7
511 6
512 789
513 2
514 3
515 5
516 11
517 1
518 4
519 5
520 5
521 5
522 4
523 6
524 7
525 6
526 8
527 3
528 7
529 2
530 5
531 5
532 8
533 5
534 7
535 3
536 12
537 3
538 7
539 6
540 17
541 10
542 4
543 6
544 9
545 10
546 7
547 3
548 7
549 8
550 1
551 63
552 9
553 4
554 5
555 2
556 5
557 1
558 4
559 13
560 7
561 8
562 5
563 4
564 10
565 1
566 4
567 1
568 6
569 2
570 11
571 3
572 4
573 7
574 5
575 1
576 12
577 9
578 11
579 4
580 7
581 7
582 2
583 4
584 7
585 4
586 4
587 13
588 10
589 41
590 5
591 1
592 7
593 3
594 5
595 3
596 5
597 9
598 5
599 8
600 11
601 7
602 3
603 6
604 9
605 2
606 4
607 4
608 10
609 4
610 2
611 6
612 7
613 4
614 8
615 10
616 4
617 2
618 3
619 4
620 15
621 5
622 8
623 1
624 16
625 3
626 13
627 3
628 8
629 4
630 5
631 1
632 9
633 5
634 11
635 9
636 10
637 4
638 2
639 6
640 15
641 1
642 9
643 6
644 16
645 4
646 4
647 6
648 3
649 3
650 4
651 6
652 8
653 4
654 12
655 8
656 8
657 12
658 5
659 6
660 14
661 2
662 3
664 11
665 2
666 1
667 2
668 13
669 3
670 6
672 10
673 5
674 4
675 4
676 10
677 3
678 7
679 6
680 8
681 7
682 4
683 4
684 12
685 2
686 8
687 6
688 11
689 5
690 6
691 3
692 13
693 1
694 7
695 9
696 7
697 3
698 5
699 5
700 8
701 4
702 2
703 9
704 17
705 4
706 5
707 4
708 12
709 8
710 4
711 3
712 7
713 3
714 5
715 1
716 13
717 4
718 1
719 3
720 4
721 5
722 7
723 7
724 10
725 2
726 7
727 2
728 5
729 1
730 1
731 1
732 17
733 6
734 5
735 6
736 13
737 5
738 8
739 7
740 8
741 5
742 5
743 6
744 5
745 4
746 2
747 2
748 11
749 6
750 104
751 4
752 11
753 14
754 5
755 3
756 8
757 7
758 6
759 6
760 5
762 9
763 10
764 5
765 7
766 1
767 5
768 4
769 3
770 6
771 1
772 7
773 3
774 3
775 7
776 15
777 1
778 3
779 5
780 8
781 6
782 2
783 4
784 9
785 4
786 4
787 6
788 8
789 5
790 4
791 4
792 20
795 6
796 19
797 4
798 9
799 6
800 13
801 5
802 9
803 3
804 11
805 4
806 3
807 3
808 11
809 7
810 2
811 3
812 6
813 5
814 3
816 6
817 6
818 4
819 2
820 15
821 7
822 6
823 2
824 13
825 3
826 4
827 1
828 5
829 3
830 2
832 7
833 2
834 4
836 10
837 4
838 2
839 8
840 9
841 3
842 2
843 6
844 13
845 5
846 2
847 4
848 10
849 3
850 4
851 5
852 4
853 3
854 2
855 3
856 13
857 3
858 3
859 3
860 2
861 2
862 7
863 5
864 8
865 4
866 3
867 3
868 8
869 8
870 4
871 1
872 5
873 4
874 4
875 6
876 13
877 3
878 3
879 2
880 6
881 2
882 1
883 5
884 17
885 2
886 7
887 10
888 9
889 2
890 3
891 3
892 4
893 7
894 2
895 1
896 14
897 6
898 3
899 2
900 9
901 6
902 6
903 6
904 8
905 8
906 4
907 3
908 8
909 3
910 7
911 5
912 9
913 4
914 10
915 3
916 9
917 4
918 5
919 8
920 15
921 3
922 4
923 2
924 4
925 2
926 3
927 1
928 8
929 1
930 4
931 4
932 6
933 4
934 1
935 4
936 7
937 4
938 3
939 1
940 5
941 3
942 2
943 2
944 5
946 5
947 3
948 11
949 2
950 4
951 9
952 10
953 5
954 5
955 4
956 2
957 4
958 3
959 2
960 7
961 4
962 3
963 5
964 5
965 3
966 5
967 5
968 10
969 9
970 10
971 7
972 5
973 4
974 4
976 3
977 3
978 6
979 1
980 11
981 5
982 3
983 3
984 7
985 5
986 2
987 3
988 4
989 1
990 3
991 5
992 8
993 2
994 9
995 4
996 8
997 5
998 1
999 4
1000 9
1001 2
1002 4
1003 5
1004 5
1005 4
1006 4
1007 4
1008 6
1009 2
1010 5
1011 1
1012 8
1013 5
1014 7
1015 3
1016 7
1017 6
1018 5
1019 4
1020 9
1021 4
1023 1
1024 101
1025 1
1026 1
1027 4
1028 11
1029 3
1030 3
1031 5
1032 3
1033 3
1034 5
1035 1
1036 13
1037 2
1038 2
1039 3
1040 19
1041 3
1042 8
1043 5
1044 6
1045 5
1046 4
1047 2
1048 8
1049 4
1050 4
1051 6
1052 5
1053 2
1054 4
1055 4
1056 12
1057 5
1058 7
1059 4
1060 4
1061 6
1062 4
1063 4
1064 10
1066 2
1067 5
1068 3
1069 2
1070 6
1071 7
1072 10
1073 4
1074 4
1075 8
1076 2
1077 2
1078 3
1079 4
1080 9
1081 2
1082 2
1083 5
1084 4
1085 5
1086 1
1087 4
1088 8
1089 1
1090 8
1091 3
1092 3
1093 2
1094 1
1095 7
1096 9
1097 6
1098 1
1099 2
1100 7
1101 6
1102 1
1103 4
1104 4
1105 6
1106 3
1107 5
1108 9
1109 5
1110 5
1111 1
1112 12
1113 1
1114 3
1115 4
1116 6
1117 3
1118 6
1119 7
1120 8
1121 3
1122 3
1123 5
1124 6
1125 2
1126 1
1127 2
1128 5
1129 4
1130 7
1131 6
1132 8
1133 3
1134 6
1135 1
1136 4
1138 3
1142 4
1143 2
1144 4
1145 6
1146 2
1147 4
1148 3
1149 1
1150 2
1151 2
1152 5
1153 2
1154 6
1155 3
1156 9
1157 5
1159 4
1160 5
1161 6
1162 2
1163 4
1164 12
1165 1
1166 3
1167 5
1168 3
1169 3
1170 2
1171 3
1172 5
1173 3
1174 6
1175 2
1176 9
1177 5
1178 1
1179 12
1180 5
1181 3
1182 1
1183 5
1184 11
1185 4
1186 5
1187 10
1188 4
1189 11
1190 12
1191 2
1192 4
1193 1
1194 7
1195 6
1196 5
1197 1
1198 4
1199 3
1200 6
1201 4
1202 3
1204 5
1205 4
1206 1
1207 6
1208 14
1209 7
1210 4
1211 1
1212 6
1213 4
1214 2
1215 1
1216 7
1217 4
1218 1
1219 4
1220 3
1221 6
1222 5
1223 3
1224 17
1225 2
1226 8
1227 1
1228 16
1230 4
1231 4
1232 9
1233 2
1234 2
1235 1
1236 10
1237 5
1238 2
1239 6
1240 8
1241 5
1242 1
1243 5
1244 6
1245 4
1246 1
1247 1
1248 12
1249 2
1250 6
1251 1
1252 9
1253 5
1254 2
1255 4
1256 5
1257 3
1258 4
1259 3
1260 8
1261 1
1262 1
1263 6
1264 14
1265 1
1266 1
1267 2
1268 8
1269 2
1270 4
1271 8
1272 6
1273 1
1274 4
1275 2
1276 11
1277 7
1278 5
1279 1
1280 13
1281 5
1282 5
1283 4
1284 2
1285 3
1286 3
1287 5
1288 14
1289 3
1290 6
1291 2
1292 9
1293 6
1294 2
1296 23
1297 1
1298 1
1299 3
1300 8
1301 4
1302 1
1303 2
1304 8
1305 3
1306 4
1307 4
1308 5
1309 1
1310 3
1311 1
1312 13
1313 4
1314 1
1315 2
1316 7
1317 2
1318 1
1319 6
1320 15
1321 2
1322 2
1323 3
1324 9
1325 3
1326 4
1327 1
1328 12
1329 2
1330 5
1331 4
1332 8
1333 5
1335 7
1336 6
1337 7
1338 2
1339 1
1340 5
1341 4
1342 1
1343 2
1344 3
1345 4
1346 2
1347 4
1348 11
1349 3
1351 4
1352 6
1353 1
1354 4
1355 2
1356 9
1358 1
1359 3
1360 12
1361 2
1362 5
1363 2
1364 3
1365 3
1366 6
1368 2
1369 3
1370 5
1371 2
1372 8
1373 6
1374 4
1375 3
1376 11
1378 2
1379 3
1380 12
1381 2
1382 3
1383 4
1384 9
1385 4
1386 4
1387 6
1388 10
1389 3
1390 1
1391 8
1392 14
1393 4
1395 2
1396 5
1397 3
1398 3
1400 5
1401 4
1402 2
1403 2
1404 7
1405 2
1406 1
1408 9
1409 4
1410 3
1411 5
1412 5
1414 3
1415 1
1416 7
1417 3
1419 2
1420 11
1421 3
1422 2
1423 2
1424 13
1425 4
1426 4
1427 7
1428 6
1429 4
1430 1
1431 2
1432 11
1433 8
1434 3
1436 6
1437 2
1438 4
1439 1
1440 5
1441 1
1442 1
1443 1
1444 5
1445 3
1446 6
1448 2
1449 2
1450 1
1451 4
1452 8
1453 3
1454 2
1455 1
1456 8
1457 1
1458 5
1459 2
1460 5
1462 1
1463 1
1464 79
1465 2
1466 2
1467 1
1468 6
1469 2
1470 2
1471 2
1472 8
1473 1
1474 1
1475 2
1476 8
1477 2
1478 5
1479 1
1480 5
1483 3
1484 2
1485 4
1486 3
1487 4
1488 8
1489 5
1490 1
1491 2
1492 3
1493 3
1494 1
1495 5
1496 6
1497 4
1498 4
1499 3
1500 5
1501 4
1502 3
1503 4
1504 5
1505 5
1506 7
1508 9
1509 6
1510 4
1512 14
1513 6
1514 6
1515 11
1516 14
1517 12
1518 16
1519 8
1520 6
1521 2
1522 2
1524 11
1526 2
1528 21
1529 2
1532 7
1533 1
1534 4
1535 4
1536 38
1537 1
1538 5
1539 3
1540 3
1541 5
1543 8
1544 8
1546 8
1548 4
1549 3
1550 2
1551 1
1552 4
1553 2
1554 2
1555 2
1556 6
1557 6
1558 1
1559 1
1560 12
1561 2
1562 4
1563 3
1564 7
1565 3
1566 2
1567 3
1568 6
1569 7
1570 3
1571 2
1572 7
1573 5
1574 1
1575 3
1576 3
1577 6
1578 3
1579 6
1580 5
1581 3
1582 3
1583 2
1584 4
1585 3
1586 3
1587 3
1588 5
1589 4
1591 5
1592 3
1593 3
1594 3
1595 4
1596 12
1597 1
1598 2
1599 4
1600 13
1601 2
1602 1
1603 5
1604 2
1605 3
1606 1
1607 5
1608 5
1609 1
1611 4
1612 2
1613 2
1614 2
1615 2
1616 3
1617 2
1618 3
1619 2
1620 5
1621 1
1622 1
1623 1
1624 5
1625 4
1626 5
1627 1
1628 16
1629 2
1630 3
1631 4
1632 2
1633 1
1635 1
1636 7
1638 1
1639 1
1640 6
1641 4
1642 2
1643 2
1644 3
1645 1
1646 2
1647 4
1648 7
1649 2
1651 3
1652 4
1653 2
1654 1
1656 5
1657 1
1658 2
1659 2
1660 4
1661 4
1662 5
1663 5
1664 5
1665 1
1666 1
1667 5
1668 9
1669 2
1670 3
1671 1
1672 6
1673 3
1674 1
1675 3
1676 4
1677 5
1678 8
1679 6
1681 2
1682 6
1683 1
1684 3
1685 5
1686 3
1687 1
1688 7
1689 1
1690 3
1691 2
1692 5
1693 3
1694 1
1695 5
1696 5
1697 1
1699 2
1700 5
1701 2
1702 1
1703 4
1704 2
1705 1
1706 2
1707 1
1708 7
1709 3
1710 2
1712 2
1714 5
1715 3
1716 4
1717 2
1718 2
1719 1
1720 2
1721 1
1722 1
1723 1
1724 1
1725 3
1726 3
1727 1
1728 10
1729 1
1730 5
1731 1
1732 3
1733 3
1734 3
1735 2
1736 4
1737 4
1739 6
1740 3
1741 2
1742 10
1744 3
1745 2
1747 1
1748 3
1749 3
1751 7
1752 3
1753 5
1756 7
1757 1
1758 2
1759 1
1760 5
1761 2
1762 2
1763 3
1764 7
1765 4
1767 1
1768 3
1769 1
1770 4
1772 9
1773 3
1774 2
1775 6
1776 4
1777 4
1778 3
1779 3
1780 4
1781 5
1782 4
1783 6
1784 4
1785 3
1786 3
1788 5
1789 3
1790 1
1791 2
1792 3
1793 1
1794 2
1795 1
1796 2
1797 2
1798 3
1800 6
1801 2
1802 2
1804 6
1805 4
1806 1
1808 11
1809 5
1810 7
1811 6
1812 9
1813 5
1814 6
1815 3
1816 19
1818 1
1819 1
1820 15
1821 5
1822 4
1823 1
1824 13
1826 3
1827 4
1828 10
1830 3
1831 2
1832 12
1833 2
1834 1
1835 2
1836 25
1837 2
1838 4
1839 2
1840 13
1841 1
1843 4
1844 16
1845 3
1846 4
1847 2
1848 12
1849 4
1850 4
1851 1
1852 13
1853 3
1854 1
1855 1
1856 7
1859 4
1860 6
1861 8
1862 4
1863 3
1864 6
1865 2
1866 4
1867 3
1868 3
1869 2
1870 1
1871 1
1872 2
1873 1
1874 1
1875 4
1876 1
1878 1
1879 2
1880 5
1881 1
1882 1
1883 2
1884 3
1886 9
1887 2
1888 6
1889 7
1890 3
1891 4
1892 4
1893 1
1894 2
1895 9
1896 3
1897 3
1898 7
1899 1
1900 3
1901 2
1902 4
1904 9
1905 4
1906 2
1907 2
1908 2
1909 2
1911 4
1912 6
1913 5
1914 1
1916 6
1917 1
1918 5
1919 1
1920 2
1921 1
1923 4
1924 1
1925 3
1926 1
1928 5
1929 1
1930 4
1931 1
1932 6
1933 53
1934 3
1935 1
1936 1
1937 2
1938 2
1940 2
1941 1
1942 1
1943 4
1944 1
1945 1
1946 2
1947 1
1948 6
1949 2
1950 2
1951 1
1952 5
1953 2
1954 2
1955 1
1956 4
1957 3
1959 1
1960 2
1962 2
1963 1
1964 3
1965 2
1967 1
1968 2
1969 2
1970 3
1971 1
1972 2
1973 3
1974 1
1975 1
1976 5
1977 1
1978 1
1979 1
1980 4
1982 4
1983 2
1984 3
1985 1
1986 1
1987 3
1988 3
1989 2
1990 4
1992 8
1993 2
1994 1
1996 5
1997 5
1998 5
1999 5
2000 9
2001 3
2002 2
2003 2
2004 6
2005 1
2007 2
2008 10
2009 2
2010 3
2012 17
2013 1
2014 3
2015 3
2016 5
2018 2
2019 1
2020 4
2021 5
2022 3
2024 6
2025 2
2026 2
2027 1
2028 4
2029 1
2030 1
2031 3
2032 9
2033 3
2034 2
2035 3
2036 7
2037 5
2038 1
2039 1
2040 2
2041 2
2043 2
2044 2
2045 1
2046 1
2047 3
2048 19
2049 3
2050 9
2051 1
2052 1
2053 3
2055 4
2056 4
2057 2
2058 3
2059 2
2060 6
2062 1
2063 2
2064 1
2065 2
2066 1
2067 1
2068 4
2069 2
2070 4
2071 4
2072 4
2074 3
2076 4
2077 1
2078 3
2079 3
2080 3
2081 1
2082 5
2083 2
2084 10
2085 2
2086 1
2087 2
2088 6
2089 2
2090 2
2091 2
2092 2
2093 1
2094 1
2095 1
2096 6
2097 1
2098 5
2099 1
2100 8
2101 1
2102 3
2103 5
2104 5
2105 1
2107 2
2108 4
2110 2
2111 1
2112 3
2114 2
2116 3
2117 3
2118 3
2120 1
2121 2
2122 3
2123 3
2124 6
2125 6
2128 3
2130 2
2131 1
2132 4
2134 1
2135 3
2136 6
2137 6
2139 2
2140 3
2141 2
2142 2
2143 2
2144 6
2148 4
2150 4
2151 3
2152 1
2153 4
2154 2
2156 5
2157 6
2159 2
2160 3
2161 3
2162 1
2164 5
2165 6
2166 5
2167 5
2168 5
2169 6
2171 2
2172 9
2173 1
2176 8
2178 6
2179 4
2180 2
2182 4
2183 1
2184 2
2185 4
2186 4
2187 2
2188 1
2189 3
2190 4
2191 2
2192 4
2195 1
2196 3
2197 1
2198 1
2199 3
2200 7
2201 2
2203 1
2204 4
2205 2
2206 1
2208 7
2210 2
2212 13
2214 7
2216 8
2218 1
2219 2
2220 3
2221 3
2222 3
2223 5
2224 1
2225 1
2226 2
2227 4
2228 3
2229 5
2230 5
2231 1
2232 3
2234 3
2236 8
2237 2
2238 2
2239 1
2240 9
2241 2
2243 1
2244 5
2245 3
2246 2
2247 1
2248 8
2250 2
2251 3
2252 4
2255 3
2256 2
2257 1
2258 4
2259 2
2260 12
2262 3
2263 3
2264 1
2265 1
2266 6
2268 1
2269 2
2270 1
2271 4
2272 5
2273 2
2276 2
2277 3
2278 2
2279 2
2280 1
2282 2
2283 1
2284 2
2285 3
2286 1
2287 1
2288 5
2290 6
2291 3
2292 7
2293 5
2295 4
2296 14
2297 1
2299 3
2300 3
2302 4
2303 3
2304 8
2305 1
2306 2
2307 1
2308 5
2309 3
2310 2
2311 2
2312 1
2314 4
2315 2
2316 1
2317 3
2318 1
2319 3
2320 5
2324 2
2325 2
2326 2
2327 1
2328 7
2329 2
2331 2
2332 5
2333 1
2334 2
2335 1
2336 5
2337 2
2338 1
2340 4
2342 2
2343 1
2344 2
2345 1
2346 1
2347 2
2348 2
2349 2
2350 3
2351 3
2352 2
2353 3
2355 1
2356 3
2357 2
2358 1
2359 6
2360 4
2361 2
2362 3
2363 3
2364 3
2366 3
2368 8
2370 1
2371 4
2372 5
2373 5
2374 1
2375 1
2376 4
2377 3
2378 2
2379 3
2380 5
2381 2
2382 5
2383 3
2384 3
2385 1
2386 1
2387 2
2388 42
2390 2
2392 7
2393 5
2394 9
2395 6
2396 5
2397 2
2398 1
2400 5
2401 4
2402 2
2404 4
2405 1
2408 6
2409 2
2412 3
2413 1
2414 1
2415 2
2416 3
2417 3
2418 2
2420 1
2421 4
2422 1
2423 3
2424 4
2425 2
2426 1
2428 5
2429 1
2430 3
2432 1
2434 1
2435 1
2436 4
2440 7
2441 5
2442 1
2443 1
2444 2
2445 1
2446 7
2447 1
2448 3
2449 3
2451 5
2452 5
2453 4
2456 3
2457 2
2458 4
2459 2
2460 6
2461 1
2462 2
2463 2
2464 4
2465 5
2466 2
2467 3
2468 7
2470 5
2472 1
2473 1
2476 4
2477 5
2478 2
2479 1
2480 2
2481 2
2482 1
2483 3
2484 1
2485 2
2488 2
2489 1
2491 3
2492 3
2493 1
2494 1
2495 1
2496 4
2497 1
2498 1
2499 1
2500 9
2504 3
2505 1
2506 1
2507 4
2509 1
2511 1
2512 1
2514 3
2515 3
2516 2
2517 2
2518 3
2520 2
2522 4
2523 4
2526 1
2527 2
2528 2
2529 1
2531 2
2532 5
2535 2
2536 1
2537 1
2538 2
2540 4
2542 7
2543 3
2544 2
2545 3
2546 4
2547 2
2549 2
2550 1
2552 2
2554 1
2555 2
2556 4
2557 2
2558 3
2559 2
2560 18
2561 1
2564 1
2565 2
2566 4
2567 1
2568 1
2569 1
2570 1
2572 5
2573 2
2574 2
2575 1
2576 1
2577 1
2578 2
2581 1
2582 1
2583 1
2585 1
2587 1
2588 4
2589 3
2590 2
2591 1
2592 4
2593 1
2594 1
2596 1
2597 2
2599 2
2600 6
2601 3
2602 2
2604 5
2605 2
2607 1
2608 7
2610 3
2611 1
2613 2
2614 6
2615 3
2616 3
2618 3
2620 2
2623 3
2624 6
2625 1
2627 3
2628 1
2629 2
2630 1
2631 2
2632 2
2633 2
2634 4
2635 1
2636 1
2637 1
2638 2
2640 1
2641 3
2642 1
2643 1
2644 3
2645 1
2647 4
2648 2
2649 2
2650 2
2651 1
2652 4
2653 1
2655 2
2656 3
2658 3
2659 3
2660 3
2661 1
2662 1
2663 2
2664 2
2665 2
2666 1
2668 2
2669 1
2672 1
2673 2
2676 1
2677 5
2678 1
2683 2
2684 4
2686 1
2688 3
2691 1
2692 4
2693 2
2694 3
2696 1
2697 3
2699 3
2700 5
2702 1
2703 1
2704 2
2707 5
2709 3
2710 4
2711 1
2712 2
2717 1
2719 2
2720 3
2721 3
2724 2
2725 4
2728 3
2729 2
2731 2
2732 4
2734 1
2735 1
2736 1
2737 2
2738 2
2740 1
2742 8
2744 2
2745 2
2746 2
2747 1
2749 1
2750 3
2751 3
2752 3
2753 2
2754 1
2756 2
2757 1
2760 2
2761 2
2762 1
2763 2
2764 1
2765 1
2766 6
2767 7
2768 2
2769 1
2770 5
2773 3
2776 1
2778 3
2779 1
2780 1
2781 1
2782 3
2783 2
2784 3
2785 1
2786 2
2787 6
2788 2
2789 2
2791 2
2792 2
2794 1
2795 2
2796 4
2800 2
2801 3
2802 1
2804 2
2805 3
2806 2
2807 1
2808 2
2809 4
2813 2
2814 4
2815 1
2816 5
2818 4
2819 3
2820 3
2821 4
2822 3
2825 1
2827 4
2828 2
2829 1
2830 2
2831 1
2832 5
2833 4
2834 2
2835 1
2836 1
2837 2
2839 2
2840 4
2841 1
2843 1
2844 1
2845 1
2846 2
2847 2
2848 1
2849 2
2850 2
2851 1
2852 3
2853 1
2855 2
2856 3
2858 1
2859 1
2860 3
2861 1
2863 1
2865 5
2866 3
2867 1
2868 2
2869 1
2871 2
2872 1
2873 1
2874 1
2875 2
2878 1
2879 1
2880 3
2881 1
2883 1
2884 5
2885 2
2886 2
2887 1
2888 2
2889 4
2890 1
2891 2
2893 1
2894 1
2896 5
2897 3
2899 1
2900 2
2902 1
2903 2
2904 2
2905 4
2907 3
2908 5
2909 3
2910 2
2911 1
2912 1
2914 3
2915 2
2916 5
2917 1
2918 6
2920 3
2921 2
2924 2
2928 1
2929 1
2930 1
2932 1
2934 1
2935 3
2937 2
2938 1
2939 7
2940 4
2942 2
2944 2
2946 1
2948 3
2949 1
2950 1
2951 3
2952 2
2953 1
2954 1
2955 3
2956 1
2958 2
2959 1
2960 1
2962 5
2964 4
2965 3
2966 1
2967 2
2968 2
2969 2
2970 2
2971 2
2972 4
2973 1
2974 2
2975 2
2976 2
2977 1
2978 2
2979 2
2980 5
2981 1
2983 2
2984 1
2985 4
2986 2
2988 3
2989 4
2992 4
2995 3
2996 4
2998 1
3000 1
3002 1
3003 2
3004 1
3007 2
3008 3
3009 2
3011 2
3013 2
3014 1
3015 3
3016 5
3018 2
3020 1
3021 3
3022 1
3023 2
3027 3
3028 4
3031 1
3032 4
3033 3
3034 1
3035 4
3036 4
3038 1
3040 1
3041 3
3042 3
3043 1
3044 4
3045 3
3046 2
3047 4
3048 4
3050 1
3051 3
3052 2
3053 2
3054 4
3056 1
3057 1
3059 1
3063 2
3064 2
3065 1
3066 3
3067 3
3068 4
3069 2
3070 3
3072 5
3075 2
3076 1
3077 4
3078 2
3079 1
3080 1
3081 1
3082 2
3083 3
3084 3
3085 1
3086 1
3087 2
3088 3
3089 2
3090 1
3091 3
3092 2
3093 1
3094 2
3096 2
3097 2
3098 2
3099 1
3100 1
3101 2
3102 2
3104 3
3106 5
3107 4
3108 6
3109 3
3110 5
3112 6
3113 2
3114 2
3115 2
3116 3
3117 4
3118 6
3119 1
3120 3
3121 3
3122 1
3123 4
3124 2
3125 1
3126 2
3127 3
3128 5
3129 2
3130 3
3131 2
3132 1
3133 1
3134 1
3135 3
3136 4
3138 1
3139 2
3140 2
3141 1
3142 1
3143 1
3144 4
3145 1
3146 2
3147 5
3148 3
3149 4
3150 1
3152 3
3153 3
3154 5
3155 1
3156 3
3157 6
3158 2
3159 5
3160 2
3161 3
3164 2
3165 4
3166 5
3168 2
3169 4
3171 2
3172 1
3173 7
3174 3
3175 1
3178 1
3179 1
3180 2
3182 2
3184 1
3185 3
3186 2
3187 2
3188 1
3190 3
3192 2
3193 1
3196 1
3199 2
3200 3
3202 6
3204 2
3205 1
3206 1
3208 1
3210 1
3212 2
3214 4
3215 2
3217 2
3218 1
3219 3
3220 3
3222 3
3224 1
3227 1
3228 2
3229 2
3232 2
3233 1
3234 2
3236 1
3237 1
3239 1
3240 2
3241 3
3242 2
3243 2
3244 2
3245 3
3247 3
3248 4
3249 1
3250 4
3252 2
3253 3
3254 2
3255 2
3257 1
3258 1
3259 1
3260 1
3261 2
3265 4
3266 1
3268 2
3269 1
3270 1
3271 1
3272 1
3273 1
3275 1
3278 2
3279 3
3280 2
3281 1
3282 1
3283 3
3284 4
3288 3
3290 3
3291 1
3292 1
3293 4
3294 1
3295 1
3296 2
3297 2
3298 1
3299 3
3300 1
3302 1
3304 4
3305 2
3306 1
3308 3
3309 3
3310 2
3311 3
3312 2
3313 2
3314 2
3315 3
3316 6
3317 1
3319 3
3320 1
3321 1
3325 1
3326 2
3327 1
3328 2
3329 3
3330 2
3332 3
3333 2
3334 1
3335 1
3336 1
3338 2
3339 2
3340 3
3343 4
3345 1
3346 4
3347 1
3348 1
3349 1
3350 2
3352 2
3355 1
3356 2
3357 2
3358 4
3360 2
3363 4
3364 1
3368 1
3369 1
3370 1
3371 1
3372 3
3373 2
3374 1
3375 4
3376 1
3377 1
3379 1
3382 2
3383 3
3384 3
3385 10
3386 1
3387 2
3388 2
3390 1
3391 3
3392 2
3393 3
3395 4
3396 2
3397 2
3398 7
3399 1
3400 7
3401 1
3402 1
3403 3
3404 2
3406 1
3408 1
3411 1
3412 2
3414 1
3416 2
3417 1
3419 2
3420 2
3421 1
3422 1
3423 2
3424 1
3425 1
3426 1
3427 1
3432 3
3433 2
3435 2
3436 2
3438 2
3439 4
3442 2
3443 1
3444 2
3445 3
3446 1
3447 2
3448 2
3449 2
3450 1
3451 2
3452 3
3453 2
3454 4
3457 1
3458 1
3460 2
3461 1
3462 1
3463 1
3464 2
3465 4
3468 3
3469 2
3471 2
3472 2
3473 1
3476 5
3482 1
3484 1
3485 3
3487 3
3488 2
3489 3
3490 1
3492 3
3494 4
3495 2
3496 4
3497 3
3501 2
3502 2
3505 2
3507 3
3508 2
3509 5
3510 3
3511 2
3514 3
3515 1
3516 2
3517 4
3518 1
3520 2
3522 1
3524 1
3525 4
3527 6
3529 1
3530 1
3531 2
3532 4
3533 4
3534 1
3535 4
3536 3
3537 1
3539 1
3542 2
3543 2
3544 1
3545 4
3546 2
3548 1
3551 2
3552 2
3554 2
3555 1
3556 3
3557 2
3558 2
3559 1
3560 4
3561 1
3563 2
3564 1
3566 1
3567 2
3568 2
3569 1
3570 2
3571 1
3576 2
3577 1
3579 2
3580 4
3582 1
3584 17
3587 1
3588 3
3589 1
3590 1
3591 2
3592 2
3594 1
3595 2
3596 3
3597 1
3598 5
3600 1
3601 3
3602 3
3603 3
3605 1
3606 2
3607 4
3608 2
3609 3
3610 1
3612 3
3613 1
3614 3
3615 1
3616 6
3617 1
3618 2
3622 2
3623 1
3624 4
3628 4
3629 5
3630 2
3631 2
3632 3
3633 1
3634 2
3635 1
3636 2
3637 4
3640 5
3641 3
3643 1
3647 1
3648 2
3649 1
3650 2
3652 4
3653 4
3655 3
3656 4
3658 2
3659 2
3661 1
3663 2
3664 3
3665 1
3666 1
3667 1
3671 3
3673 2
3674 1
3675 2
3676 1
3677 1
3680 4
3681 3
3682 3
3683 5
3685 1
3686 3
3688 4
3689 2
3690 2
3691 1
3692 1
3693 2
3694 1
3695 1
3696 1
3700 1
3701 1
3702 1
3703 2
3704 1
3705 1
3706 1
3707 1
3708 1
3709 3
3710 7
3711 1
3712 4
3715 1
3716 5
3717 2
3718 5
3719 4
3720 1
3722 4
3723 3
3724 2
3725 3
3728 2
3730 2
3732 2
3733 3
3735 1
3736 2
3737 1
3740 1
3741 2
3742 3
3743 1
3744 2
3746 2
3747 1
3748 1
3749 2
3750 3
3751 1
3752 2
3753 2
3754 2
3758 2
3760 3
3761 1
3764 3
3765 3
3768 1
3769 1
3770 1
3771 1
3772 2
3774 1
3776 2
3778 3
3779 3
3781 2
3784 3
3785 1
3787 5
3788 5
3790 1
3792 2
3793 3
3795 2
3796 1
3798 5
3799 4
3800 4
3802 4
3804 5
3806 6
3807 1
3808 6
3809 2
3811 1
3812 9
3813 3
3814 3
3815 3
3816 6
3819 1
3820 9
3821 1
3824 12
3826 2
3827 1
3828 6
3831 3
3832 6
3835 2
3836 4
3839 1
3840 4
3842 1
3844 1
3845 1
3847 1
3848 1
3850 2
3851 3
3852 4
3855 1
3856 1
3857 1
3858 1
3859 1
3860 2
3861 1
3862 1
3865 2
3866 1
3867 1
3868 1
3870 1
3871 1
3872 2
3873 1
3874 1
3876 2
3877 3
3878 3
3880 4
3882 1
3884 2
3888 2
3889 4
3891 3
3892 5
3895 1
3896 1
3898 1
3899 1
3900 2
3902 2
3905 1
3906 1
3907 1
3908 7
3909 1
3912 1
3913 2
3914 2
3915 1
3916 2
3917 3
3919 1
3920 2
3921 3
3922 3
3924 2
3927 1
3928 1
3929 2
3930 1
3931 2
3932 2
3934 2
3935 1
3936 4
3937 1
3938 1
3940 4
3941 1
3944 1
3946 1
3948 2
3949 1
3950 4
3952 1
3954 1
3955 1
3956 3
3958 1
3959 1
3960 1
3961 2
3962 1
3963 4
3966 2
3967 2
3968 1
3970 1
3974 1
3976 1
3980 3
3981 2
3982 1
3984 7
3985 3
3986 1
3987 2
3988 3
3989 2
3990 1
3992 3
3993 1
3994 2
3995 2
3996 2
3997 4
3999 1
4001 5
4002 1
4004 1
4006 4
4008 1
4009 4
4010 3
4012 2
4013 3
4014 2
4015 3
4016 2
4017 2
4018 4
4019 1
4020 1
4021 7
4022 3
4023 1
4024 2
4025 1
4026 1
4027 1
4028 4
4029 1
4030 4
4032 1
4033 1
4036 2
4038 3
4040 4
4041 3
4042 2
4044 2
4045 1
4047 1
4048 1
4049 1
4050 1
4052 3
4053 2
4055 1
4056 1
4057 1
4058 6
4061 1
4062 2
4063 1
4064 3
4065 4
4066 1
4067 2
4068 3
4069 1
4071 1
4072 2
4074 1
4075 3
4076 4
4078 2
4080 3
4081 1
4083 2
4084 4
4086 4
4087 2
4088 1
4090 1
4092 2
4093 1
4096 17
4098 1
4102 2
4104 1
4108 1
4111 3
4112 1
4113 2
4114 1
4115 2
4116 1
4120 3
4121 1
4124 2
4125 3
4126 2
4131 1
4135 1
4136 2
4137 2
4138 2
4139 1
4140 3
4141 1
4143 1
4146 1
4147 1
4148 3
4149 2
4150 5
4152 2
4155 2
4156 1
4158 1
4160 3
4164 2
4166 1
4167 1
4168 2
4170 1
4172 2
4174 1
4175 2
4176 1
4177 2
4178 3
4180 6
4181 2
4184 4
4185 2
4186 2
4187 2
4188 2
4189 2
4191 2
4192 2
4193 1
4194 2
4195 3
4197 1
4199 1
4200 2
4205 1
4206 1
4207 1
4208 3
4210 2
4212 2
4215 1
4216 2
4217 1
4218 1
4220 5
4221 1
4224 1
4225 1
4226 1
4227 2
4228 3
4230 1
4231 4
4232 1
4233 1
4234 2
4235 1
4236 2
4237 2
4240 3
4241 1
4243 1
4244 4
4248 5
4250 5
4251 2
4252 1
4254 1
4255 1
4256 2
4258 1
4259 1
4263 2
4264 3
4265 3
4267 1
4268 4
4269 1
4271 1
4273 2
4274 3
4278 1
4280 1
4281 1
4284 3
4286 3
4288 1
4289 3
4290 3
4291 1
4292 5
4293 1
4296 1
4299 3
4300 1
4301 4
4302 3
4304 2
4305 1
4307 1
4308 3
4309 2
4311 1
4313 2
4315 2
4316 3
4318 1
4319 1
4320 2
4322 1
4323 1
4324 3
4326 1
4327 1
4328 1
4330 2
4334 1
4336 1
4338 2
4340 3
4341 1
4344 1
4349 1
4351 1
4352 2
4353 2
4356 1
4357 4
4359 1
4360 1
4364 3
4366 1
4368 1
4369 1
4370 1
4372 1
4375 3
4376 1
4380 4
4382 1
4383 1
4384 2
4388 1
4389 5
4390 1
4391 1
4392 4
4396 4
4397 2
4398 1
4400 3
4401 1
4402 5
4403 1
4404 2
4405 1
4406 3
4408 1
4409 1
4410 1
4412 2
4415 1
4416 4
4417 2
4418 2
4420 1
4421 2
4424 2
4426 1
4427 1
4428 1
4430 2
4432 6
4433 1
4435 1
4436 4
4437 1
4440 2
4443 1
4444 1
4445 1
4447 2
4448 2
4449 2
4450 1
4452 2
4453 2
4454 4
4455 3
4456 2
4458 1
4459 2
4460 3
4461 1
4463 2
4464 2
4468 2
4470 2
4472 2
4473 1
4475 1
4480 1
4482 2
4484 3
4486 1
4487 2
4488 1
4490 2
4493 5
4494 1
4496 1
4497 2
4498 1
4499 2
4500 1
4502 1
4511 1
4512 1
4515 1
4516 1
4517 1
4519 2
4521 2
4522 2
4523 4
4524 2
4525 1
4526 1
4527 2
4528 3
4529 1
4532 4
4536 3
4538 3
4539 1
4540 4
4541 2
4543 1
4544 2
4545 1
4548 1
4549 2
4550 3
4552 4
4553 1
4557 2
4560 3
4561 1
4566 1
4567 2
4568 1
4569 2
4572 1
4573 3
4575 1
4576 3
4577 3
4580 6
4581 1
4583 2
4584 2
4586 1
4587 1
4588 1
4589 5
4590 1
4592 2
4594 1
4596 2
4599 1
4600 1
4605 2
4606 1
4608 10
4609 5
4610 1
4612 1
4613 3
4617 1
4618 1
4620 1
4621 3
4623 2
4624 2
4625 1
4629 2
4631 2
4632 1
4633 1
4634 2
4635 1
4636 2
4637 1
4638 1
4639 2
4640 4
4641 2
4642 1
4644 1
4648 4
4651 1
4652 5
4653 6
4654 1
4655 3
4656 2
4657 2
4660 2
4661 2
4663 1
4664 3
4665 1
4666 1
4667 8
4668 2
4669 1
4670 1
4672 2
4673 2
4675 1
4676 1
4678 1
4679 1
4681 1
4684 1
4686 1
4688 4
4689 1
4690 3
4691 1
4692 2
4694 1
4695 1
4696 4
4700 2
4703 2
4704 2
4707 1
4708 1
4709 2
4710 2
4711 1
4712 5
4715 1
4716 1
4719 1
4720 2
4727 1
4728 4
4729 3
4730 1
4731 1
4732 4
4733 1
4740 3
4741 1
4742 2
4743 2
4744 2
4745 2
4749 2
4750 1
4754 1
4756 1
4759 1
4761 2
4762 1
4763 1
4764 3
4765 1
4767 1
4768 1
4770 1
4776 1
4777 1
4778 4
4780 6
4783 1
4784 1
4787 2
4788 2
4789 2
4791 1
4792 2
4793 1
4794 1
4797 1
4798 4
4800 3
4801 1
4803 1
4804 1
4805 1
4807 1
4808 6
4811 2
4815 1
4817 1
4818 7
4820 4
4821 1
4825 1
4826 2
4828 1
4829 2
4834 2
4836 3
4837 2
4840 3
4841 2
4842 2
4843 2
4844 4
4847 1
4848 1
4849 1
4850 1
4852 1
4853 1
4854 2
4855 2
4857 3
4861 2
4864 2
4866 1
4868 4
4869 1
4871 4
4872 6
4873 1
4874 2
4876 4
4879 1
4880 2
4881 3
4882 3
4884 2
4886 3
4887 2
4888 4
4889 1
4892 2
4893 3
4895 3
4896 2
4898 1
4900 1
4902 1
4904 5
4906 2
4908 4
4909 2
4910 2
4911 1
4912 1
4915 1
4916 1
4921 1
4922 1
4923 3
4924 1
4925 2
4926 2
4928 4
4930 2
4932 1
4935 1
4936 1
4937 2
4938 2
4939 2
4942 2
4943 2
4944 6
4945 2
4948 6
4949 2
4951 4
4952 3
4953 1
4955 2
4956 5
4958 1
4960 3
4961 2
4963 2
4964 1
4967 1
4968 4
4970 2
4972 2
4975 2
4976 2
4977 1
4979 2
4980 4
4981 3
4985 1
4986 2
4987 1
4988 3
4989 2
4990 1
4991 1
4992 2
4994 2
4996 2
4998 1
4999 2
5000 1
5002 1
5004 1
5005 3
5006 2
5008 2
5009 5
5010 1
5011 1
5012 3
5014 1
5015 1
5017 3
5019 4
5020 3
5021 3
5022 1
5024 4
5027 1
5031 2
5032 2
5033 1
5035 1
5036 3
5040 1
5043 3
5045 1
5048 3
5051 4
5055 1
5056 3
5059 1
5060 1
5061 3
5062 2
5063 2
5064 2
5065 2
5068 4
5070 1
5071 2
5072 3
5073 1
5075 1
5076 3
5077 3
5079 1
5080 2
5082 1
5084 4
5085 1
5086 9
5087 1
5088 3
5089 2
5090 1
5091 1
5093 1
5094 2
5095 2
5096 1
5097 1
5098 1
5100 3
5104 3
5106 1
5107 1
5109 2
5110 1
5112 6
5114 2
5116 1
5118 5
5120 4
5122 2
5123 2
5124 1
5125 2
5127 3
5128 1
5129 1
5130 1
5134 2
5135 1
5136 2
5140 4
5144 2
5146 3
5147 1
5148 1
5149 2
5152 1
5156 5
5157 1
5158 2
5160 1
5164 1
5166 2
5168 2
5170 1
5172 4
5174 2
5177 2
5179 1
5180 3
5182 1
5184 2
5186 1
5187 2
5188 6
5192 1
5196 2
5198 1
5199 1
5202 2
5203 1
5204 1
5206 1
5208 4
5209 1
5212 1
5214 1
5216 1
5218 1
5219 2
5221 4
5222 2
5223 1
5227 1
5228 1
5230 1
5232 2
5238 2
5240 2
5241 1
5244 4
5245 1
5248 3
5249 1
5253 1
5256 1
5258 1
5260 2
5261 1
5263 1
5264 1
5268 2
5269 1
5270 1
5271 2
5276 3
5277 1
5278 1
5279 1
5280 7
5281 1
5283 3
5285 2
5286 2
5288 2
5292 2
5293 1
5294 1
5295 1
5296 1
5297 1
5298 2
5300 4
5302 1
5303 1
5304 1
5308 1
5310 2
5311 1
5312 1
5314 2
5315 1
5316 1
5320 11
5321 1
5324 2
5328 2
5329 2
5330 1
5331 1
5332 1
5335 1
5336 2
5338 2
5339 1
5340 1
5341 2
5343 2
5346 2
5347 1
5348 1
5353 1
5354 1
5359 3
5360 2
5361 1
5363 1
5365 1
5366 1
5368 1
5369 1
5371 1
5372 5
5373 2
5376 8
5377 2
5378 1
5380 4
5381 1
5382 2
5384 1
5386 3
5387 1
5388 1
5391 1
5392 3
5395 1
5396 2
5400 1
5404 1
5408 3
5411 2
5416 1
5418 1
5420 1
5421 2
5422 2
5424 4
5428 2
5430 2
5434 1
5437 1
5440 3
5442 1
5443 8
5444 1
5446 1
5448 3
5451 2
5452 3
5453 3
5455 1
5460 1
5461 1
5465 1
5466 1
5467 1
5468 1
5472 3
5473 2
5475 1
5476 2
5477 1
5480 2
5483 1
5484 1
5485 1
5486 2
5487 2
5491 2
5492 2
5496 3
5497 4
5500 1
5503 1
5504 1
5505 1
5507 1
5509 1
5516 1
5520 1
5524 1
5526 1
5528 3
5533 1
5536 1
5540 1
5541 1
5544 3
5546 1
5550 1
5554 1
5556 1
5557 1
5560 1
5563 1
5564 1
5566 1
5567 1
5568 5
5569 1
5572 4
5574 1
5577 1
5579 1
5580 2
5584 1
5586 2
5589 2
5590 5
5592 2
5596 2
5597 10
5599 1
5600 2
5602 2
5604 1
5607 1
5608 2
5610 2
5616 3
5620 1
5621 1
5623 2
5624 1
5626 1
5627 4
5628 2
5629 3
5632 8
5633 1
5637 1
5639 1
5642 1
5643 1
5646 1
5647 1
5649 1
5651 3
5652 3
5653 1
5656 1
5659 3
5660 2
5662 3
5663 1
5664 1
5668 7
5671 1
5672 1
5677 1
5680 2
5681 1
5683 1
5684 4
5685 3
5686 2
5688 1
5692 2
5696 4
5698 1
5700 5
5701 1
5705 1
5706 2
5709 3
5712 1
5713 1
5716 6
5717 2
5724 1
5725 3
5726 1
5728 2
5729 3
5732 2
5736 2
5738 2
5740 1
5744 2
5747 2
5749 1
5750 1
5752 2
5756 2
5757 1
5758 1
5759 3
5760 1
5762 1
5764 3
5766 1
5767 3
5768 1
5770 1
5772 2
5778 2
5780 1
5783 1
5788 3
5791 2
5792 2
5796 1
5797 1
5798 1
5799 2
5800 2
5804 3
5805 1
5807 1
5808 1
5812 1
5814 1
5816 1
5818 1
5820 4
5823 1
5828 2
5832 7
5835 2
5837 1
5838 1
5840 1
5841 4
5845 2
5848 3
5849 2
5850 1
5852 2
5853 1
5855 1
5857 1
5859 1
5864 3
5865 2
5868 2
5869 3
5871 1
5875 2
5876 2
5878 1
5879 2
5880 3
5881 1
5883 1
5884 2
5888 1
5889 2
5892 4
5893 2
5894 2
5895 1
5896 1
5900 3
5902 2
5904 2
5907 1
5908 3
5909 1
5912 5
5915 1
5916 1
5918 1
5919 2
5920 2
5924 2
5927 2
5929 1
5931 1
5932 2
5935 1
5938 1
5942 2
5948 1
5956 4
5960 2
5962 2
5964 1
5966 1
5968 2
5972 2
5974 2
5976 3
5978 3
5979 1
5981 1
5982 2
5985 2
5988 1
5990 1
5991 1
5993 1
5996 6
5998 2
5999 1
6000 2
6001 1
6008 2
6010 3
6011 2
6012 1
6014 1
6015 3
6016 3
6019 1
6020 2
6025 2
6027 1
6028 2
6029 1
6030 1
6031 3
6035 2
6036 2
6038 1
6040 2
6041 2
6044 2
6045 1
6047 3
6048 3
6050 2
6051 1
6052 2
6053 1
6054 1
6056 3
6058 1
6060 1
6064 1
6065 1
6067 1
6068 1
6072 1
6073 2
6074 2
6075 1
6076 1
6077 1
6080 3
6082 1
6083 1
6084 4
6087 2
6088 2
6090 1
6091 1
6092 1
6093 1
6096 2
6098 2
6101 5
6103 2
6104 1
6106 1
6108 2
6111 2
6112 1
6114 2
6115 1
6116 2
6118 1
6119 1
6120 1
6122 2
6124 2
6127 2
6128 1
6129 4
6130 1
6132 2
6133 1
6135 2
6136 1
6140 2
6141 1
6144 2
6147 2
6148 3
6150 3
6152 2
6153 1
6159 1
6160 1
6162 1
6163 1
6168 3
6172 2
6173 3
6176 1
6178 1
6179 3
6181 1
6184 4
6185 1
6188 1
6189 2
6194 1
6196 1
6200 1
6203 1
6204 2
6208 2
6209 3
6214 1
6216 4
6221 2
6223 1
6224 2
6226 1
6228 1
6231 1
6233 1
6237 1
6239 1
6242 1
6244 1
6248 1
6256 1
6260 1
6261 2
6263 2
6264 1
6265 2
6269 1
6273 1
6274 1
6276 1
6278 1
6279 1
6280 2
6284 2
6293 1
6295 3
6296 3
6297 2
6299 2
6300 2
6301 1
6302 2
6305 1
6306 1
6307 1
6312 1
6316 2
6318 1
6319 1
6324 1
6325 1
6328 4
6332 4
6333 1
6335 2
6336 2
6340 1
6342 1
6343 1
6344 7
6349 1
6350 3
6352 2
6356 1
6359 2
6360 1
6364 2
6368 1
6369 1
6371 1
6372 1
6374 2
6376 1
6383 1
6387 1
6388 2
6392 2
6393 1
6394 1
6396 3
6398 1
6400 2
6401 1
6404 1
6405 1
6406 1
6408 4
6413 2
6415 1
6416 3
6417 2
6418 1
6423 1
6424 4
6427 1
6428 1
6430 3
6432 2
6434 3
6436 1
6437 1
6438 2
6440 1
6444 3
6448 1
6449 1
6450 1
6451 2
6456 3
6457 1
6460 1
6464 2
6468 1
6476 3
6477 1
6479 1
6480 1
6482 1
6484 3
6486 1
6489 1
6491 1
6492 2
6493 1
6496 3
6501 1
6503 1
6504 2
6505 1
6507 1
6508 1
6512 1
6514 1
6515 1
6516 1
6518 1
6528 1
6529 3
6532 5
6535 2
6536 1
6540 3
6544 1
6548 1
6553 1
6556 1
6557 2
6561 2
6562 1
6566 2
6568 1
6569 1
6571 2
6572 4
6576 1
6582 1
6584 1
6586 3
6588 1
6592 2
6593 1
6595 1
6596 2
6598 1
6599 4
6600 1
6605 2
6606 1
6608 2
6612 1
6619 2
6621 1
6624 3
6625 1
6628 2
6632 2
6636 2
6640 1
6644 2
6645 1
6648 1
6650 3
6654 1
6656 3
6660 3
6665 1
6666 1
6668 3
6674 2
6675 1
6678 1
6679 2
6680 2
6681 2
6684 5
6686 1
6690 1
6692 1
6697 1
6698 1
6699 1
6700 3
6701 1
6703 1
6704 3
6707 2
6708 2
6709 1
6712 2
6713 1
6715 1
6716 1
6718 1
6720 1
6725 1
6732 1
6733 1
6734 2
6736 5
6737 2
6740 1
6744 1
6746 1
6748 3
6749 2
6754 1
6755 2
6756 2
6760 1
6761 1
6762 4
6766 3
6771 1
6772 1
6773 3
6774 3
6777 1
6779 1
6780 1
6783 1
6784 1
6787 2
6788 1
6790 1
6792 1
6796 1
6800 1
6804 5
6805 1
6807 1
6808 4
6811 2
6812 2
6813 1
6815 2
6816 2
6820 1
6821 1
6824 1
6825 1
6827 1
6829 1
6830 4
6831 1
6832 1
6836 1
6839 2
6841 1
6845 1
6846 2
6848 1
6850 3
6856 9
6860 1
6863 1
6864 1
6866 1
6868 2
6873 1
6874 2
6875 1
6876 1
6879 2
6880 1
6884 1
6888 2
6890 1
6893 4
6894 1
6896 1
6897 4
6900 2
6901 2
6902 2
6904 2
6908 1
6912 2
6915 2
6916 2
6920 1
6922 1
6924 1
6926 2
6928 1
6932 1
6934 1
6936 1
6938 4
6943 3
6947 2
6950 1
6951 1
6952 1
6956 1
6957 1
6960 1
6961 1
6962 1
6964 1
6971 3
6976 2
6980 2
6981 1
6984 4
6987 1
6993 1
6996 1
7005 1
7007 1
7008 1
7014 1
7018 1
7019 3
7022 2
7024 1
7030 2
7032 2
7037 2
7038 2
7042 2
7043 1
7045 1
7046 1
7048 5
7049 1
7052 2
7054 1
7056 2
7062 1
7064 3
7068 1
7070 1
7072 1
7074 1
7076 2
7079 1
7080 2
7084 1
7087 2
7088 1
7089 1
7090 2
7091 1
7097 1
7100 6
7106 1
7108 1
7113 1
7114 1
7115 1
7120 2
7121 1
7124 3
7126 1
7128 1
7130 1
7136 2
7140 1
7141 6
7145 1
7149 1
7152 1
7156 1
7157 1
7158 1
7160 2
7161 1
7167 1
7168 1
7182 2
7192 1
7195 2
7196 1
7201 1
7207 1
7208 3
7209 3
7212 1
7213 1
7215 2
7216 2
7217 1
7218 1
7220 1
7223 1
7224 2
7229 1
7236 3
7238 1
7240 2
7242 1
7246 2
7247 1
7248 1
7249 1
7252 2
7254 1
7255 2
7256 1
7260 2
7262 1
7264 2
7266 1
7268 3
7270 1
7271 1
7276 3
7278 1
7279 2
7284 2
7285 2
7288 2
7291 1
7292 3
7295 4
7296 1
7300 3
7302 2
7304 2
7306 4
7312 1
7317 2
7319 3
7320 3
7328 2
7329 1
7331 5
7336 2
7337 3
7341 1
7343 1
7348 1
7352 5
7354 2
7356 1
7361 1
7364 1
7366 1
7368 5
7370 1
7372 2
7374 1
7376 1
7377 1
7378 2
7382 1
7384 2
7386 5
7389 1
7390 1
7392 1
7393 3
7397 1
7398 2
7400 1
7403 1
7406 1
7408 1
7409 2
7410 1
7411 2
7412 1
7415 2
7416 2
7420 1
7423 1
7424 2
7428 1
7430 1
7431 1
7432 1
7435 1
7436 1
7437 2
7438 2
7439 1
7440 1
7445 2
7447 1
7448 1
7452 2
7453 1
7454 2
7455 6
7459 1
7460 4
7461 1
7464 2
7468 1
7471 2
7472 1
7473 1
7475 2
7482 2
7484 3
7488 3
7492 3
7493 2
7496 1
7497 1
7500 2
7501 1
7504 1
7513 1
7514 1
7515 1
7516 1
7520 3
7527 1
7528 1
7532 1
7533 1
7534 1
7536 1
7540 3
7544 1
7548 1
7552 1
7557 1
7565 1
7569 1
7571 1
7572 1
7573 1
7575 3
7578 2
7579 1
7584 1
7588 2
7589 1
7590 1
7591 3
7594 1
7596 3
7604 1
7607 1
7612 2
7616 2
7619 2
7620 1
7624 3
7626 2
7628 2
7631 2
7637 2
7639 1
7640 2
7647 1
7648 1
7656 1
7657 1
7663 1
7664 2
7666 1
7668 1
7670 2
7671 1
7675 1
7680 3
7684 1
7685 1
7689 1
7690 2
7696 3
7697 2
7699 2
7700 1
7712 1
7714 1
7716 1
7717 1
7720 1
7724 1
7725 3
7726 1
7728 1
7732 2
7733 1
7734 1
7748 2
7751 2
7757 1
7761 1
7764 1
7767 1
7768 1
7771 1
7774 1
7775 1
7780 3
7781 2
7784 1
7785 2
7791 1
7792 1
7794 2
7796 1
7800 1
7804 1
7806 1
7815 1
7817 2
7820 1
7823 1
7824 1
7828 2
7829 2
7830 1
7832 2
7839 2
7840 1
7847 6
7848 1
7853 2
7862 2
7864 1
7866 1
7868 1
7872 2
7876 1
7884 1
7887 2
7888 1
7889 1
7892 2
7898 1
7899 1
7900 2
7903 1
7904 2
7906 2
7911 1
7916 1
7921 1
7923 1
7932 2
7935 2
7939 1
7944 4
7946 2
7948 4
7952 1
7953 2
7954 1
7957 2
7958 1
7959 1
7964 3
7969 1
7970 1
7972 1
7974 1
7975 1
7976 1
7979 1
7980 3
7982 1
7984 2
7985 1
7991 1
7992 1
7993 1
7999 1
8000 1
8002 1
8004 1
8006 2
8008 3
8012 1
8016 2
8017 1
8020 4
8027 1
8036 3
8040 4
8042 2
8043 1
8048 1
8049 1
8052 1
8055 1
8058 1
8060 1
8066 1
8083 1
8084 2
8088 2
8091 2
8092 1
8096 1
8097 1
8100 1
8104 1
8108 1
8111 2
8112 3
8114 1
8116 2
8122 2
8124 1
8128 1
8140 2
8142 2
8144 1
8145 2
8148 3
8150 2
8152 1
8155 1
8156 2
8160 2
8161 3
8164 1
8166 1
8172 2
8174 2
8180 1
8183 1
8184 1
8185 1
8186 2
8189 1
8192 8
8193 2
8200 2
8205 2
8206 2
8207 1
8208 2
8210 1
8212 1
8215 1
8216 1
8218 2
8219 2
8220 3
8222 2
8224 2
8228 1
8232 2
8236 1
8237 1
8238 1
8244 1
8247 1
8248 1
8249 1
8252 2
8253 2
8261 1
8276 2
8279 14
8281 1
8282 1
8296 2
8300 1
8301 1
8304 2
8305 1
8308 2
8316 1
8320 1
8322 2
8324 1
8327 1
8328 1
8336 1
8337 1
8338 1
8340 1
8342 1
8344 3
8348 2
8352 1
8356 1
8360 4
8364 1
8368 2
8371 1
8372 1
8375 1
8377 1
8379 3
8380 1
8381 1
8383 1
8384 1
8386 1
8388 3
8392 1
8393 1
8395 1
8396 1
8408 1
8409 1
8411 1
8413 1
8420 1
8421 1
8432 2
8434 3
8436 2
8437 1
8440 1
8444 2
8447 1
8448 1
8449 1
8450 1
8452 1
8455 1
8456 2
8458 1
8460 1
8461 1
8462 1
8467 1
8472 2
8476 1
8479 1
8480 3
8485 2
8487 1
8488 1
8492 3
8496 1
8500 3
8504 2
8508 1
8512 6
8516 5
8520 3
8528 1
8533 1
8536 1
8537 3
8538 1
8540 2
8542 2
8544 1
8552 4
8555 1
8561 2
8563 1
8564 1
8566 1
8569 2
8572 2
8576 1
8577 1
8580 1
8581 1
8588 2
8589 1
8591 1
8592 2
8594 1
8597 2
8600 1
8604 1
8605 1
8616 2
8620 1
8622 1
8624 2
8626 2
8628 2
8630 1
8631 2
8632 3
8639 1
8644 1
8648 1
8652 2
8655 1
8656 2
8660 2
8664 2
8665 1
8668 2
8669 2
8670 3
8672 3
8680 1
8684 3
8685 1
8688 1
8692 2
8693 1
8694 2
8696 5
8708 1
8714 4
8715 1
8716 1
8720 1
8724 4
8728 3
8732 1
8740 1
8743 1
8744 1
8746 2
8748 2
8754 1
8756 3
8758 1
8768 3
8769 1
8771 1
8772 2
8776 3
8777 1
8782 1
8784 3
8787 2
8788 4
8791 2
8792 2
8796 2
8800 1
8804 1
8806 1
8808 2
8815 1
8816 1
8817 2
8818 1
8820 1
8821 1
8822 1
8828 2
8832 2
8836 3
8837 2
8840 2
8844 1
8856 2
8858 1
8861 1
8868 2
8874 1
8878 1
8881 1
8883 2
8884 4
8886 1
8887 1
8888 1
8889 1
8892 2
8894 1
8900 2
8908 4
8912 1
8916 2
8920 3
8934 2
8936 1
8937 1
8941 1
8944 2
8945 1
8948 1
8955 1
8956 2
8964 2
8965 1
8966 1
8967 1
8968 7
8972 1
8973 1
8974 1
8976 1
8977 2
8980 1
8983 1
8984 1
8988 4
8992 3
8994 1
9000 1
9004 1
9008 1
9012 2
9016 3
9022 3
9023 1
9025 4
9027 2
9029 2
9032 2
9035 4
9036 2
9040 2
9044 2
9048 2
9050 1
9052 1
9056 1
9062 1
9065 2
9068 3
9076 3
9078 1
9079 1
9088 2
9089 1
9090 2
9092 2
9101 2
9103 1
9104 2
9108 1
9110 1
9113 1
9117 1
9120 5
9121 4
9122 2
9123 1
9125 3
9128 1
9132 1
9136 1
9142 1
9144 1
9148 1
9152 1
9156 1
9160 2
9161 2
9162 1
9163 1
9168 2
9171 1
9172 1
9176 2
9180 2
9184 3
9192 2
9194 2
9195 2
9196 3
9198 1
9200 1
9203 1
9204 2
9209 4
9210 2
9212 1
9213 1
9218 2
9219 1
9220 3
9222 1
9224 1
9228 1
9232 1
9234 1
9236 1
9241 1
9244 2
9248 1
9252 1
9254 1
9258 1
9261 2
9264 1
9267 1
9268 1
9269 3
9271 1
9272 2
9276 2
9279 1
9284 2
9288 2
9292 1
9296 1
9300 2
9302 1
9304 3
9314 1
9315 1
9316 1
9317 1
9320 2
9326 1
9327 2
9328 1
9330 1
9332 3
9340 1
9342 3
9349 1
9352 1
9355 2
9360 1
9367 1
9368 2
9369 1
9372 2
9376 2
9384 2
9386 3
9391 1
9392 1
9396 2
9404 2
9412 1
9413 1
9414 1
9416 2
9420 3
9426 1
9428 2
9431 2
9434 1
9436 6
9440 1
9446 1
9452 2
9455 1
9460 1
9462 1
9464 1
9469 1
9472 3
9475 1
9476 1
9477 1
9481 1
9484 1
9485 1
9488 1
9492 3
9493 1
9495 1
9496 1
9497 1
9500 2
9503 2
9504 3
9508 1
9512 1
9516 2
9517 2
9520 1
9521 1
9524 4
9527 1
9530 1
9536 3
9540 4
9544 1
9547 1
9548 1
9552 2
9553 1
9556 1
9558 1
9560 1
9567 2
9568 1
9572 1
9575 2
9576 2
9577 1
9580 2
9584 1
9588 1
9592 2
9593 1
9597 1
9600 4
9603 2
9604 1
9605 2
9612 3
9620 1
9624 2
9626 2
9629 1
9632 3
9636 4
9638 1
9640 1
9644 1
9648 2
9649 1
9652 1
9655 3
9656 2
9660 3
9664 2
9669 2
9672 4
9676 3
9678 1
9679 1
9680 2
9681 1
9682 1
9684 2
9685 2
9688 2
9692 5
9696 2
9700 3
9704 3
9708 1
9712 2
9719 1
9720 3
9721 1
9724 4
9726 1
9732 1
9736 2
9740 4
9748 1
9752 2
9756 1
9760 2
9763 1
9767 1
9768 1
9772 2
9776 2
9780 1
9788 1
9792 1
9794 1
9795 1
9796 1
9800 4
9804 1
9806 2
9808 2
9812 3
9816 1
9817 2
9821 1
9824 1
9828 1
9831 1
9832 1
9836 1
9838 1
9839 1
9844 1
9851 1
9860 1
9865 2
9866 1
9867 1
9872 1
9880 1
9884 1
9885 4
9887 1
9888 1
9892 3
9896 3
9901 2
9904 1
9906 1
9910 2
9912 1
9917 2
9924 1
9926 2
9928 1
9932 2
9936 1
9940 2
9943 2
9944 1
9947 1
9948 1
9952 3
9959 2
9964 1
9968 1
9970 1
9972 1
9976 2
9984 5
9988 2
9992 5
9998 1
10004 2
10012 2
10013 1
10018 2
10019 1
10028 1
10029 1
10036 2
10037 2
10040 2
10042 1
10050 1
10054 2
10056 1
10057 1
10060 1
10072 2
10076 1
10080 2
10081 1
10084 2
10088 2
10094 1
10099 1
10104 2
10112 2
10113 1
10116 2
10120 1
10124 2
10126 1
10128 4
10130 2
10138 2
10139 1
10140 2
10144 4
10148 1
10151 1
10153 1
10161 2
10164 2
10168 5
10171 2
10174 1
10176 1
10178 1
10180 4
10185 1
10186 1
10190 1
10191 1
10200 3
10204 1
10208 3
10210 1
10212 1
10214 1
10216 1
10220 2
10221 2
10225 2
10232 1
10233 2
10240 9
10244 3
10248 2
10251 1
10253 2
10264 1
10270 1
10272 3
10273 1
10276 2
10284 2
10288 2
10305 1
10308 6
10310 1
10312 3
10316 3
10320 4
10325 1
10328 2
10331 1
10332 2
10336 1
10340 1
10343 2
10344 2
10345 1
10348 1
10360 4
10364 3
10372 1
10384 1
10386 1
10389 1
10392 1
10394 1
10396 2
10398 1
10400 1
10404 1
10407 1
10408 1
10412 2
10414 1
10416 1
10420 2
10424 2
10432 1
10435 2
10436 3
10438 1
10440 2
10445 2
10448 2
10452 1
10454 1
10462 1
10463 1
10468 2
10478 1
10480 1
10484 1
10492 2
10495 1
10500 2
10504 1
10505 1
10508 2
10512 1
10516 1
10520 2
10528 1
10532 1
10533 1
10536 3
10537 1
10544 1
10546 1
10552 1
10556 1
10557 1
10560 4
10564 4
10565 1
10580 1
10584 2
10588 2
10589 3
10590 2
10592 2
10596 2
10600 5
10604 2
10615 1
10616 1
10619 1
10629 1
10641 1
10643 1
10644 1
10648 1
10656 3
10664 1
10666 1
10675 1
10680 1
10682 2
10684 2
10688 5
10689 1
10711 2
10712 2
10713 1
10719 1
10720 2
10744 1
10747 2
10752 1
10754 1
10756 1
10768 2
10772 3
10776 1
10782 1
10784 2
10789 2
10790 1
10792 2
10795 1
10796 1
10800 1
10804 1
10811 1
10815 1
10816 3
10819 1
10824 1
10825 1
10828 1
10832 3
10835 4
10840 1
10842 1
10844 1
10848 1
10856 5
10872 1
10876 4
10882 2
10884 1
10885 1
10888 1
10890 2
10892 1
10893 1
10901 1
10904 2
10910 1
10912 1
10916 1
10920 1
10921 1
10924 2
10928 3
10929 1
10934 1
10936 2
10942 1
10943 1
10947 1
10948 4
10949 2
10952 2
10956 1
10964 2
10965 2
10967 1
10968 1
10969 2
10972 1
10975 1
10978 2
10992 4
10996 2
10997 1
10998 1
11000 2
11001 1
11004 1
11008 1
11011 2
11012 2
11016 5
11020 1
11024 1
11031 1
11032 1
11036 1
11038 1
11043 1
11044 1
11048 1
11055 1
11057 1
11061 1
11063 3
11064 1
11068 2
11071 3
11072 3
11073 2
11076 2
11080 1
11084 2
11087 2
11088 3
11092 2
11096 2
11097 1
11100 2
11102 1
11104 1
11120 3
11134 2
11136 1
11143 2
11144 1
11146 1
11148 3
11152 1
11160 1
11162 1
11163 1
11164 1
11167 1
11168 2
11172 4
11176 1
11180 1
11184 1
11188 5
11189 1
11202 1
11204 2
11212 3
11217 1
11223 1
11228 1
11232 2
11236 2
11239 1
11247 2
11248 1
11252 2
11253 1
11255 2
11256 2
11261 1
11263 1
11264 2
11268 2
11270 1
11272 1
11273 1
11276 1
11280 1
11281 1
11284 5
11287 2
11288 2
11292 1
11296 2
11300 1
11304 2
11307 1
11308 1
11309 1
11312 1
11316 1
11320 1
11323 2
11324 2
11325 2
11328 1
11332 1
11336 2
11339 1
11340 1
11343 1
11348 1
11349 1
11352 1
11356 1
11357 1
11360 1
11368 1
11370 1
11380 1
11381 2
11382 2
11388 2
11401 1
11404 1
11418 4
11419 1
11424 1
11425 1
11428 1
11432 2
11433 1
11436 1
11438 2
11440 1
11444 1
11456 1
11460 1
11462 2
11469 2
11472 2
11474 1
11484 1
11488 2
11492 1
11496 2
11500 1
11504 1
11505 3
11508 3
11512 1
11517 1
11520 1
11524 2
11528 2
11532 2
11533 2
11536 2
11540 2
11541 2
11544 1
11548 4
11552 2
11556 2
11561 1
11564 1
11568 3
11580 2
11584 2
11588 4
11597 1
11600 2
11604 2
11608 2
11609 1
11612 3
11616 1
11620 2
11631 2
11636 2
11639 1
11640 3
11644 2
11648 2
11650 1
11652 1
11654 1
11656 3
11658 2
11660 1
11664 1
11668 1
11674 2
11680 3
11682 1
11683 1
11688 1
11691 1
11692 2
11700 1
11704 3
11708 5
11712 1
11714 1
11715 1
11720 2
11724 3
11725 1
11728 1
11740 1
11745 2
11747 1
11760 1
11763 2
11766 4
11768 2
11776 1
11780 2
11781 1
11784 1
11786 1
11792 2
11796 1
11804 1
11806 2
11807 2
11808 3
11816 1
11820 2
11832 1
11840 1
11844 4
11847 1
11850 1
11852 3
11856 1
11858 1
11860 2
11863 1
11864 1
11871 1
11880 1
11883 1
11884 2
11904 1
11908 3
11916 1
11917 2
11920 1
11924 1
11928 1
11932 1
11936 2
11940 1
11944 2
11945 1
11952 2
11956 2
11960 1
11962 1
11963 1
11972 1
11973 2
11975 2
11976 3
11980 2
11984 3
11988 1
11992 3
11993 2
11996 3
12004 4
12009 1
12013 1
12015 1
12016 1
12020 4
12024 2
12028 1
12030 2
12036 2
12040 3
12044 1
12052 4
12056 1
12058 1
12059 1
12060 2
12064 1
12067 1
12072 1
12084 4
12085 1
12088 2
12092 1
12093 1
12096 4
12100 2
12104 2
12116 2
12120 1
12124 2
12128 1
12132 2
12134 1
12135 2
12136 1
12140 1
12147 4
12156 1
12162 1
12164 2
12166 1
12177 2
12184 4
12187 1
12188 3
12196 1
12200 1
12201 1
12207 1
12208 1
12212 1
12217 1
12224 2
12225 1
12228 1
12232 3
12248 4
12253 1
12256 1
12264 1
12265 1
12272 1
12282 2
12283 1
12288 2
12292 1
12296 2
12300 2
12305 1
12312 1
12319 1
12320 1
12333 2
12336 3
12340 1
12344 1
12348 3
12352 1
12370 1
12372 4
12380 1
12384 1
12388 1
12392 1
12393 1
12403 1
12404 1
12412 2
12417 2
12419 2
12424 3
12432 1
12433 2
12439 2
12444 1
12446 1
12448 2
12449 1
12454 1
12471 1
12488 7
12504 1
12517 2
12520 3
12522 1
12524 1
12528 3
12536 1
12544 4
12546 1
12548 2
12552 2
12556 1
12557 4
12560 1
12562 1
12564 2
12566 1
12568 1
12569 1
12570 2
12596 1
12608 1
12612 3
12616 1
12621 1
12624 1
12639 1
12640 1
12648 1
12652 3
12658 1
12668 1
12672 1
12683 2
12684 1
12686 3
12688 1
12704 1
12708 1
12710 1
12712 2
12720 2
12724 1
12733 2
12740 2
12748 3
12752 1
12754 1
12759 1
12760 2
12762 2
12764 1
12766 1
12770 1
12772 3
12776 1
12784 1
12792 1
12794 1
12799 2
12802 4
12803 1
12808 1
12812 2
12824 1
12832 2
12834 1
12836 2
12843 1
12852 2
12856 1
12857 1
12866 2
12880 2
12884 1
12885 1
12901 2
12904 2
12909 3
12911 2
12912 1
12916 2
12920 2
12928 1
12929 1
12936 2
12944 1
12947 1
12948 1
12952 3
12954 2
12960 1
12964 2
12968 1
12972 1
12976 2
12978 1
12980 5
12984 1
12988 1
12991 2
12996 1
13000 1
13004 2
13008 2
13013 1
13020 5
13028 1
13036 1
13040 2
13044 2
13048 1
13056 2
13060 3
13064 1
13072 2
13076 2
13080 3
13082 1
13084 3
13088 1
13092 1
13096 3
13100 2
13106 4
13108 2
13110 1
13116 4
13119 1
13124 1
13128 3
13132 1
13133 2
13140 1
13144 1
13145 2
13152 2
13154 1
13160 2
13164 4
13165 1
13168 3
13178 1
13184 1
13188 1
13190 1
13192 1
13200 1
13202 1
13212 1
13220 1
13224 3
13252 1
13256 2
13260 1
13263 2
13268 1
13271 2
13272 2
13276 2
13278 1
13281 2
13290 2
13292 1
13294 1
13298 1
13300 1
13306 1
13308 1
13312 1
13314 1
13316 2
13319 1
13320 1
13340 2
13342 1
13352 1
13360 1
13374 1
13396 1
13412 1
13419 2
13438 1
13440 1
13443 1
13448 1
13460 2
13484 1
13489 1
13490 1
13492 1
13496 3
13504 4
13508 1
13512 2
13516 1
13520 1
13525 1
13528 1
13532 3
13540 2
13546 1
13548 2
13553 2
13555 1
13556 2
13560 1
13561 1
13566 1
13568 1
13576 1
13582 1
13584 1
13592 2
13595 1
13600 1
13602 1
13603 1
13609 2
13616 5
13620 1
13624 3
13626 1
13628 1
13632 1
13634 1
13636 1
13640 2
13642 1
13644 3
13659 2
13660 1
13664 2
13672 3
13678 1
13680 1
13682 1
13684 3
13686 1
13696 1
13700 1
13712 1
13716 1
13720 2
13724 2
13737 1
13738 1
13739 1
13744 1
13748 1
13752 2
13756 1
13760 4
13768 2
13770 1
13772 1
13776 1
13780 1
13783 1
13784 1
13788 1
13804 1
13808 1
13809 1
13812 1
13824 1
13828 1
13832 1
13836 1
13840 1
13844 2
13848 2
13850 1
13851 2
13852 1
13856 2
13872 1
13876 1
13880 1
13886 1
13894 2
13897 2
13900 2
13904 1
13905 1
13912 2
13920 2
13924 1
13932 1
13936 3
13956 1
13960 1
13968 1
13972 1
13973 1
13974 1
13975 2
13980 1
13982 1
13984 1
13987 1
13996 1
14000 3
14004 1
14008 1
14011 3
14012 1
14015 2
14020 1
14024 1
14043 1
14049 1
14056 1
14060 1
14062 1
14064 1
14070 3
14076 1
14079 1
14080 1
14084 1
14088 2
14091 1
14092 1
14100 1
14104 3
14108 1
14112 2
14120 1
14124 1
14132 1
14133 1
14136 1
14140 2
14152 1
14156 1
14161 1
14164 2
14176 1
14180 2
14186 1
14188 1
14192 1
14199 1
14200 2
14208 1
14212 4
14216 2
14218 1
14220 1
14228 1
14231 1
14240 1
14248 4
14252 3
14257 3
14260 1
14261 1
14272 1
14273 1
14275 1
14276 1
14280 1
14284 1
14288 1
14292 5
14296 1
14300 2
14304 1
14310 2
14312 1
14313 1
14316 1
14318 2
14320 1
14324 1
14328 2
14332 2
14335 2
14340 1
14344 1
14352 4
14356 1
14364 1
14368 1
14372 1
14373 1
14376 1
14380 3
14383 1
14384 1
14388 1
14392 1
14393 1
14403 1
14404 2
14408 2
14416 2
14417 1
14424 3
14440 1
14444 2
14452 1
14460 3
14462 1
14464 2
14472 1
14492 2
14496 2
14508 1
14512 1
14516 1
14523 1
14526 1
14531 1
14544 1
14560 1
14565 4
14568 1
14580 1
14588 1
14592 1
14593 1
14614 1
14616 1
14620 1
14624 1
14626 1
14636 1
14643 1
14652 1
14660 2
14676 2
14688 2
14708 2
14712 2
14716 1
14724 1
14726 1
14732 3
14740 2
14744 1
14748 3
14750 1
14762 1
14763 2
14764 3
14778 1
14780 1
14784 3
14785 1
14793 1
14794 2
14796 1
14800 1
14803 1
14806 1
14815 1
14819 1
14832 2
14836 1
14856 1
14859 1
14865 1
14872 1
14880 1
14884 1
14892 1
14896 2
14916 1
14928 1
14932 13
14933 1
14936 4
14940 1
14948 2
14950 1
14968 2
14976 1
14984 2
14996 3
15000 1
15002 1
15004 1
15008 1
15012 2
15016 1
15036 1
15040 2
15044 1
15045 1
15056 2
15060 1
15064 1
15072 1
15080 1
15084 2
15087 1
15088 1
15092 2
15096 1
15104 1
15116 2
15120 1
15127 1
15128 2
15132 3
15137 1
15142 1
15146 1
15152 1
15156 2
15160 1
15162 1
15168 2
15172 1
15175 1
15176 2
15183 1
15187 1
15188 1
15194 1
15195 1
15200 4
15203 1
15208 1
15210 1
15212 2
15216 1
15224 1
15225 1
15226 1
15237 1
15241 2
15244 2
15245 1
15252 1
15264 1
15265 1
15267 1
15268 1
15272 1
15276 1
15280 3
15281 2
15284 1
15285 1
15291 2
15292 1
15299 1
15312 1
15320 2
15324 1
15325 1
15330 1
15332 2
15333 3
15338 1
15340 1
15341 1
15344 1
15347 2
15349 1
15356 1
15358 1
15360 1
15364 1
15366 2
15388 1
15405 5
15414 1
15416 2
15417 2
15432 2
15435 2
15438 1
15439 1
15442 1
15444 2
15448 2
15451 1
15452 1
15457 1
15459 1
15460 2
15465 1
15468 1
15474 1
15475 1
15476 2
15480 2
15485 1
15494 1
15496 1
15498 1
15500 1
15504 2
15509 1
15510 1
15512 1
15518 1
15520 2
15540 2
15541 1
15543 1
15544 1
15548 2
15560 1
15564 1
15570 1
15577 1
15579 1
15591 1
15598 1
15600 1
15608 4
15616 1
15625 1
15628 1
15632 1
15636 1
15642 1
15644 1
15648 2
15649 1
15652 1
15656 1
15660 2
15662 1
15664 2
15676 1
15677 1
15680 3
15684 1
15688 1
15696 2
15708 1
15711 1
15723 1
15724 2
15728 1
15740 2
15743 2
15744 2
15748 2
15752 1
15755 2
15763 2
15764 2
15767 1
15768 1
15776 2
15804 1
15816 1
15820 1
15828 1
15832 1
15834 1
15846 1
15848 1
15853 2
15854 1
15872 2
15876 1
15884 2
15890 3
15910 2
15920 1
15924 1
15925 1
15944 1
15945 1
15946 1
15958 2
15960 1
15961 1
15968 1
15972 1
15977 1
15998 1
16009 2
16010 1
16012 1
16016 1
16031 1
16032 1
16039 2
16040 2
16056 1
16064 1
16065 2
16072 2
16080 1
16084 1
16101 2
16104 1
16110 1
16112 2
16133 1
16137 1
16148 1
16152 2
16175 1
16179 1
16180 2
16187 1
16192 1
16204 1
16215 1
16220 4
16224 2
16228 1
16239 2
16243 1
16248 1
16256 1
16264 1
16271 1
16276 1
16280 2
16281 1
16289 1
16292 1
16309 1
16312 1
16316 1
16328 1
16335 1
16340 1
16348 1
16357 1
16358 2
16362 1
16364 1
16372 1
16382 2
16383 1
16384 41
16388 1
16392 1
16400 2
16404 3
16408 1
16412 2
16416 2
16420 1
16424 1
16426 1
16428 1
16432 1
16438 2
16440 1
16448 1
16456 1
16464 1
16468 1
16472 2
16480 1
16484 2
16488 2
16500 1
16501 1
16504 1
16515 1
16520 2
16544 3
16556 1
16560 1
16561 2
16584 1
16601 1
16602 2
16610 1
16620 2
16628 2
16644 2
16652 1
16658 2
16660 3
16661 1
16664 1
16676 1
16688 1
16689 2
16690 1
16701 1
16720 1
16721 1
16724 1
16728 3
16735 1
16740 1
16741 1
16761 1
16764 1
16772 1
16788 1
16792 1
16812 2
16820 1
16832 1
16836 3
16842 1
16844 1
16848 2
16852 1
16860 1
16868 1
16872 1
16875 1
16876 1
16878 1
16882 1
16886 2
16892 1
16896 1
16903 2
16914 2
16915 1
16916 2
16932 2
16936 2
16940 1
16956 2
16960 1
16981 2
16988 1
16992 4
16998 1
17008 1
17024 1
17052 1
17054 2
17058 2
17060 1
17062 1
17064 1
17068 1
17075 2
17084 2
17088 1
17089 1
17096 3
17101 2
17103 1
17106 1
17113 2
17116 1
17136 1
17137 2
17139 2
17140 2
17144 1
17164 1
17168 1
17171 1
17184 2
17188 1
17196 1
17200 1
17204 1
17218 2
17219 6
17223 1
17224 1
17232 2
17236 1
17244 1
17256 1
17260 2
17276 1
17278 2
17280 1
17286 1
17288 1
17292 2
17293 1
17294 1
17305 1
17312 1
17320 1
17325 2
17332 1
17356 1
17359 4
17364 1
17370 1
17373 2
17381 3
17382 1
17389 2
17408 2
17414 1
17415 2
17416 1
17424 1
17426 1
17432 1
17442 2
17444 1
17445 1
17452 1
17464 1
17472 2
17484 1
17493 1
17504 1
17508 1
17524 2
17536 1
17548 1
17556 1
17572 1
17576 2
17580 1
17584 1
17592 1
17600 1
17607 1
17616 1
17624 2
17635 1
17640 1
17644 1
17664 1
17670 2
17676 3
17680 1
17684 2
17688 1
17691 1
17692 1
17698 1
17704 1
17708 2
17712 1
17720 1
17726 1
17731 1
17741 1
17742 1
17744 1
17762 1
17764 1
17768 1
17772 2
17780 1
17788 1
17792 1
17796 1
17804 2
17808 1
17812 1
17816 1
17843 2
17860 1
17866 1
17868 1
17881 1
17884 2
17885 1
17892 1
17895 1
17924 1
17927 1
17932 1
17934 1
17936 1
17952 1
17956 1
17960 1
17968 1
17978 2
17984 1
17985 1
17988 1
17990 1
17994 1
17996 1
18004 2
18012 1
18016 2
18022 2
18024 2
18026 1
18028 2
18029 1
18041 2
18048 1
18064 1
18068 1
18071 1
18072 3
18092 1
18108 2
18120 1
18136 1
18144 1
18150 1
18152 1
18168 1
18184 3
18185 1
18204 1
18209 1
18212 3
18220 1
18233 1
18236 1
18249 3
18252 1
18264 1
18268 1
18292 2
18304 1
18308 1
18328 1
18332 1
18348 1
18356 1
18368 2
18371 2
18400 2
18412 1
18420 1
18422 1
18427 1
18432 5
18440 2
18444 1
18460 1
18469 1
18496 1
18500 3
18501 1
18517 1
18519 1
18524 1
18540 1
18548 1
18555 1
18564 1
18568 1
18572 1
18575 1
18576 2
18580 1
18585 1
18594 1
18623 2
18627 2
18632 1
18648 2
18656 1
18661 1
18672 1
18680 1
18692 1
18696 3
18700 1
18704 1
18712 1
18721 1
18724 1
18728 1
18730 1
18733 3
18784 1
18788 1
18800 1
18804 1
18836 1
18840 1
18852 1
18854 2
18856 1
18864 1
18880 1
18888 1
18908 1
18911 3
18912 1
18920 2
18932 1
18956 2
18969 1
18972 1
18973 1
19012 2
19021 1
19048 1
19060 1
19068 1
19071 2
19076 1
19077 1
19080 2
19096 1
19109 1
19114 1
19117 1
19120 2
19124 1
19132 1
19140 1
19160 1
19164 1
19172 1
19216 2
19224 1
19244 1
19253 1
19269 1
19276 2
19288 1
19296 1
19329 2
19340 1
19352 1
19356 1
19359 1
19367 1
19370 1
19376 1
19379 1
19402 1
19450 2
19453 2
19496 1
19506 1
19512 2
19528 1
19540 1
19548 3
19564 1
19572 1
19592 1
19604 1
19606 1
19608 1
19615 1
19616 1
19621 1
19627 2
19656 2
19663 1
19696 1
19755 1
19761 1
19764 1
19773 2
19796 2
19876 1
19896 1
19927 1
19948 1
19958 1
19992 1
20036 1
20051 1
20069 1
20070 1
20080 1
20097 2
20143 1
20146 2
20168 1
20172 1
20248 1
20281 2
20301 2
20307 1
20336 1
20347 1
20348 1
20388 1
20396 1
20417 1
20419 2
20428 1
20458 2
20488 1
20499 1
20512 1
20520 1
20524 1
20540 1
20541 1
20554 1
20563 1
20572 2
20580 1
20600 1
20612 1
20615 1
20617 1
20620 1
20624 1
20625 1
20632 1
20636 1
20640 1
20648 2
20649 1
20656 1
20676 2
20692 1
20712 2
20736 1
20740 1
20744 1
20772 1
20776 1
20777 1
20796 2
20800 1
20816 3
20864 1
20868 1
20880 2
20883 1
20904 1
20916 2
20924 3
20928 5
20968 1
20972 1
20977 1
20980 1
20987 1
20988 1
20989 1
20992 1
21004 1
21008 1
21028 1
21032 1
21044 2
21060 1
21080 1
21092 1
21108 1
21124 1
21136 1
21152 1
21156 1
21160 1
21184 1
21200 1
21215 1
21221 2
21232 1
21236 1
21240 1
21251 1
21252 1
21288 1
21292 1
21296 1
21300 1
21301 1
21320 1
21340 1
21344 6
21347 2
21376 2
21380 1
21384 2
21389 2
21396 2
21397 1
21400 1
21404 1
21406 2
21408 1
21420 1
21428 1
21440 1
21448 1
21468 1
21476 1
21492 2
21496 1
21504 2
21529 1
21540 1
21544 2
21548 1
21560 1
21572 2
21592 2
21604 2
21616 1
21626 1
21648 1
21665 1
21688 1
21692 1
21713 1
21716 1
21736 1
21738 2
21784 1
21794 2
21800 1
21820 1
21832 1
21852 1
21865 1
21880 1
21884 1
21892 3
21893 1
21900 1
21904 1
21908 1
21912 2
21920 1
21928 1
21931 1
21936 1
21940 1
21964 1
21972 1
21988 1
22008 1
22076 1
22099 1
22100 1
22101 1
22132 1
22148 1
22164 2
22183 1
22187 2
22196 1
22200 1
22224 2
22232 2
22244 1
22246 1
22276 1
22280 1
22316 1
22324 1
22328 1
22329 1
22336 1
22344 1
22368 1
22380 1
22388 1
22396 1
22421 1
22448 1
22480 1
22516 1
22523 2
22524 1
22536 1
22548 1
22552 1
22605 1
22608 1
22628 1
22643 1
22648 1
22704 1
22715 1
22732 1
22740 4
22749 1
22760 3
22764 1
22789 1
22800 1
22816 1
22832 1
22844 1
22852 1
22856 1
22872 2
22908 1
22916 1
22918 1
22920 1
22924 1
22936 1
22938 1
22941 1
22944 1
22972 1
23012 1
23017 1
23028 1
23053 1
23056 2
23076 1
23080 2
23083 1
23084 1
23088 1
23112 1
23113 1
23116 2
23125 1
23192 2
23228 1
23244 1
23267 1
23303 1
23377 1
23416 1
23432 1
23438 2
23456 1
23464 2
23561 2
23581 2
23637 1
23638 1
23653 1
23708 1
23720 1
23722 1
23731 1
23744 2
23788 2
23792 2
23816 1
23820 1
23824 1
23829 1
23832 1
23876 1
23904 1
23948 2
23952 1
23962 1
23988 1
24052 1
24072 1
24075 1
24081 2
24108 1
24110 1
24196 1
24224 1
24300 1
24304 2
24320 1
24332 1
24334 1
24344 1
24364 1
24372 1
24422 2
24435 1
24468 2
24529 2
24576 139
24588 1
24600 1
24604 3
24664 1
24675 1
24680 1
24693 1
24704 1
24716 1
24728 1
24756 1
24768 1
24812 1
24834 2
24852 1
24860 2
24864 2
24875 1
24876 1
24898 1
24936 1
24940 1
24984 1
24986 1
24988 1
25004 1
25039 2
25052 1
25054 2
25060 1
25104 1
25117 1
25132 1
25142 1
25260 2
25270 1
25272 1
25284 2
25292 1
25361 1
25376 1
25380 1
25468 1
25499 2
25520 1
25551 1
25556 1
25563 2
25567 1
25612 1
25625 2
25637 2
25644 1
25651 2
25665 1
25689 1
25700 1
25709 2
25736 1
25780 1
25874 1
25880 1
25901 1
25916 1
25920 1
25988 1
26028 2
26112 1
26132 1
26164 1
26224 2
26232 1
26280 1
26284 1
26298 1
26361 1
26386 1
26428 1
26464 2
26480 1
26508 1
26516 1
26524 1
26532 1
26552 1
26624 1
26625 1
26640 1
26664 1
26674 1
26698 1
26705 1
26726 1
26740 1
26757 1
26761 1
26780 1
26788 1
26792 1
26808 1
26824 1
26828 2
26848 1
26872 1
26876 1
26921 1
26992 1
27042 1
27049 1
27080 1
27112 1
27155 1
27165 2
27168 1
27216 2
27227 1
27256 1
27264 2
27302 1
27316 2
27318 1
27348 1
27374 1
27383 1
27396 1
27483 1
27496 1
27512 1
27536 1
27576 1
27628 2
27640 1
27652 2
27667 2
27676 1
27680 1
27681 2
27748 1
27784 1
27796 1
27821 1
27838 1
27900 2
27928 1
28009 1
28025 1
28079 1
28096 2
28150 1
28163 1
28229 1
28251 1
28347 2
28374 1
28375 1
28392 1
28492 1
28504 1
28518 2
28584 1
28588 1
28624 1
28672 2
28732 1
28752 1
28776 1
28780 1
28784 1
28796 1
28872 1
28908 2
29048 1
29049 1
29097 1
29113 2
29155 3
29165 1
29304 1
29308 1
29376 1
29428 1
29544 1
29598 1
29603 1
29612 1
29696 2
29756 1
29775 1
29835 1
29892 1
29962 1
30114 2
30148 1
30194 1
30260 1
30284 1
30304 1
30381 1
30390 1
30392 1
30433 2
30529 2
30548 1
30564 1
30612 1
30720 1
30779 1
30793 2
30849 1
30860 1
30899 1
30911 1
30936 1
30943 1
30946 1
30996 1
31024 1
31063 1
31068 1
31083 1
31089 1
31105 1
31148 1
31247 1
31346 1
31400 1
31412 1
31424 1
31428 1
31434 1
31460 1
31488 1
31496 1
31532 1
31544 1
31562 1
31636 1
31662 1
31689 2
31723 1
31739 1
31796 1
31859 2
31861 1
31869 1
31986 1
31990 1
32131 2
32198 1
32244 1
32304 1
32339 1
32348 2
32528 1
32594 1
32600 3
32728 2
32768 78
32770 1
32812 2
32863 2
32951 1
33020 1
33061 1
33340 2
33348 1
33355 2
33425 1
33457 1
33479 1
33536 2
33628 1
33669 1
33710 1
33734 1
33745 1
33821 1
33852 2
33880 1
33918 2
33996 1
34082 1
34210 1
34261 2
34270 1
34479 1
34536 1
34583 1
34596 1
34638 1
34712 1
34772 2
34820 1
34877 1
34893 1
35019 2
35306 2
35398 2
35414 1
35454 1
35491 1
35494 1
35624 1
35715 1
35812 1
35876 2
35905 1
36000 2
36022 1
36048 2
36065 1
36125 2
36194 1
36197 1
36365 1
36391 8
36435 1
36437 1
36468 2
36564 1
36778 1
36949 1
36998 1
37018 1
37031 1
37074 1
37212 1
37300 1
37312 1
37376 1
37389 1
37404 1
37513 1
37533 1
37645 1
37670 2
37683 1
37727 1
37744 2
37757 1
37821 1
37934 1
38279 1
38353 2
38376 1
38392 1
38419 1
38497 1
38522 1
38547 1
38563 1
38570 1
38599 2
38600 2
38781 1
38831 1
38958 2
39040 1
39043 1
39078 1
39154 2
39192 2
39373 1
39396 1
39568 1
39676 1
39694 1
39781 1
39872 1
40060 1
40243 1
40269 1
40378 2
40388 1
40526 1
40590 1
40676 1
40775 1
40839 2
40858 1
40951 1
40960 58
40985 2
41064 1
41149 1
41177 1
41218 1
41501 2
41569 1
41647 1
41760 1
41765 1
41960 1
42065 1
42327 1
42404 1
42505 1
42506 1
42625 1
42671 1
42854 1
42907 1
43020 2
43414 1
43542 2
43599 1
43724 1
43760 1
43798 1
43844 1
43955 1
43976 1
44052 1
44095 1
44221 1
44322 1
44432 1
44471 1
44495 2
44595 2
44806 1
44908 1
44967 1
45036 1
45123 1
45131 1
45132 1
45133 1
45146 1
45160 1
45239 1
45284 1
45459 2
45526 1
45727 1
45745 1
45873 1
45987 1
46090 1
46104 1
46217 1
46341 1
46468 1
46502 1
46780 1
46904 1
47096 1
47104 1
47187 1
47423 1
47445 1
47460 1
47573 1
47786 1
47889 1
47927 2
48082 1
48137 1
48150 1
48155 1
48241 2
48261 1
48318 1
48448 1
48458 1
48474 1
48538 1
48594 2
48608 1
48660 1
48679 1
48681 1
48741 1
48790 1
48804 1
48835 1
48895 1
48927 1
48966 1
49011 1
49043 1
49048 1
49101 1
49152 44
49263 1
49277 1
49381 1
49472 1
49510 1
49559 1
49596 1
49645 1
49646 1
49684 1
49721 1
49744 1
49775 1
49807 1
49835 1
49874 1
49930 1
49969 1
50008 1
50112 1
50136 1
50162 1
50170 1
50207 1
50242 1
50248 1
50250 1
50278 1
50307 1
50311 1
50393 1
50450 1
50485 1
50491 1
50565 1
50585 1
50607 1
50629 1
50695 1
50742 1
50744 1
50759 1
50798 1
50845 1
50855 1
50864 1
50874 1
50898 1
50901 1
50953 2
50995 2
51019 1
51105 1
51108 1
51193 2
51200 1
51413 1
51615 1
51616 1
51663 1
51808 3
51950 1
52000 1
52032 1
52223 1
52456 1
52630 1
52646 1
52728 1
52840 1
53090 1
53167 2
53217 1
53460 2
53462 1
53542 1
53592 1
53726 2
53812 1
54063 1
54372 3
54374 1
54383 1
54534 1
54602 1
54757 1
54791 1
55085 1
55105 1
55108 1
55160 2
55182 1
55252 1
55350 2
55551 1
55554 1
55662 1
56044 2
56086 2
56242 2
56259 1
56342 1
56902 1
57130 1
57142 1
57281 1
57344 40
57505 1
57540 2
57817 1
57893 1
58031 1
58144 1
58297 1
58314 1
58318 1
58337 1
58388 2
58488 1
58547 1
58567 1
58750 1
58877 2
59284 1
59297 1
59400 4
59411 1
59460 1
59472 1
60143 1
60338 1
60370 1
60720 1
60766 1
60932 1
61065 1
61214 1
61380 1
61593 1
61632 1
61872 1
61908 1
62362 1
62429 1
62456 1
62624 1
62845 1
63057 1
63117 1
63288 1
63408 1
63501 1
63504 1
63598 1
63616 1
63677 1
63946 1
64136 1
64166 1
64280 1
64828 1
65281 1
65289 1
65401 1
65536 32
66622 1
66968 1
67154 1
67187 1
67215 1
67307 1
67377 1
68029 1
69071 1
69119 1
69320 2
69338 1
69774 1
69930 1
70304 1
70542 1
71002 1
71212 1
71612 1
71922 1
72008 1
72020 1
72152 1
72267 1
72300 1
72354 1
72564 1
72720 1
72834 1
72960 1
73452 1
73570 1
73686 1
73728 15
73984 1
73994 1
74108 1
74266 1
74282 1
74632 1
74791 1
74892 1
75139 1
75363 1
75454 1
77099 2
77158 1
77658 1
77752 1
77812 1
78388 2
78519 2
78522 1
78534 1
78972 1
79179 1
79269 1
79390 1
79886 1
80025 1
80048 1
80319 1
80470 1
80885 1
81056 1
81920 17
82520 1
82792 1
82817 1
83308 1
83580 1
83588 1
83592 1
83833 1
83840 1
83876 1
84122 1
84801 1
85336 1
85762 1
85909 1
86210 1
86296 1
86858 1
87026 1
87136 1
87261 1
87720 1
87721 1
88012 1
88056 1
88159 1
88208 1
88290 1
88383 1
88747 1
88849 1
89159 1
89298 1
89331 1
89475 1
90112 22
90289 1
90384 1
90395 1
90462 1
90566 2
91012 1
91440 1
91871 1
91913 1
92027 1
92508 1
92580 2
92784 1
93295 1
93716 1
93771 1
93889 1
94204 1
94400 1
94462 1
94505 1
94538 1
94767 1
94773 1
94824 1
95512 1
95854 1
96464 1
96477 1
96788 1
96879 1
96987 1
97281 1
97421 1
97469 1
97474 1
97642 1
97891 1
98097 1
98304 13
98733 1
98801 1
98813 1
100249 1
100355 1
100520 1
100575 2
101142 1
101761 1
101775 1
102041 2
102361 1
102588 1
103131 1
104415 1
105344 1
105615 1
106213 1
106496 14
107116 1
107360 1
107581 1
108133 2
108984 1
109170 1
109176 1
109364 1
109633 1
109822 1
109869 1
109934 1
110608 1
110653 1
111660 1
111883 1
112502 1
113211 1
114069 1
114522 1
114688 12
114730 1
114960 1
115456 1
116073 1
117061 1
117470 1
117996 1
118369 1
119040 1
119377 1
119527 1
119818 1
120343 1
120362 1
120620 1
120626 1
121779 1
122124 1
122452 1
122880 15
123018 1
123289 1
124007 2
124845 1
125123 1
125201 1
125648 1
125868 1
126064 1
126250 1
126868 1
127315 1
127911 1
128238 1
128490 1
128760 1
129572 1
130192 1
130198 1
130506 1
131057 1
131072 11
132440 1
132752 1
134256 1
138016 1
139264 4
140683 1
140712 1
140813 1
142929 2
144333 1
145893 1
146337 1
146578 1
146734 1
147069 1
147456 10
150848 1
152543 1
154652 1
155648 8
156348 1
158726 1
161230 2
161257 1
162496 1
163379 1
163388 1
163840 4
169041 1
172032 6
172576 1
176651 2
176770 2
179324 2
179702 2
180224 7
188416 10
193821 1
193904 1
196608 9
198826 1
200732 1
204800 4
205980 1
206792 1
212812 1
212992 7
215090 1
221184 2
225210 2
226296 1
229376 2
230021 1
230990 1
232612 1
232798 1
233352 1
234240 1
235838 7
235870 1
235968 1
237568 7
237649 2
237652 1
238574 2
239034 1
239054 1
239057 1
241666 1
243852 1
244924 1
245760 4
252934 1
253952 1
254380 1
262144 4
263398 1
264110 1
268288 1
270336 2
278528 3
285969 2
286412 1
288917 1
292025 1
292385 1
294912 3
309660 1
309710 1
311296 3
319488 3
323584 1
335872 5
336199 1
338585 1
344064 2
352256 1
353521 1
354325 1
368640 1
374056 1
376832 2
380852 1
385003 1
385024 1
390094 1
391748 1
401408 2
405820 1
405848 1
407400 1
413062 1
413314 1
417792 1
425984 1
427191 1
438620 1
442368 1
450560 1
450596 1
475980 1
501274 2
532480 2
548864 1
549996 1
557056 2
565248 1
573312 1
573440 1
581632 1
582910 1
587580 1
589824 2
593578 1
598016 2
601219 1
614400 1
622592 1
630784 1
638568 1
638976 1
642600 1
655360 1
663552 1
671744 2
729088 1
735347 2
745361 2
775108 2
806668 1
807732 1
835584 2
843776 1
847528 1
851968 1
862664 1
917504 1
925696 1
942080 1
962556 1
974068 1
974848 1
1007616 1
1024000 1
1038276 1
1147070 1
1236992 1
1335296 1
1347914 1
1368096 1
1425668 1
1514346 1
1681856 1
1736704 1
2424832 1
2523136 1
2539520 1
2629632 1
3375104 1
3506176 1
