0 35
2 1
4 5
8 1
10 4
12 3
13 2
14 1
15 1
17 3
20 1
21 4
22 1
23 1
24 1
25 2
26 3
27 8
28 2
30 1
31 1
32 5
33 5
34 1
35 6
36 4
37 2
38 2
39 1
40 2
41 2
43 6
44 1
45 1
46 2
47 1
48 3
49 1
50 1
51 2
52 2
53 7
54 4
55 1
57 3
58 1
59 1
60 3
61 7
62 2
63 6
64 2
65 5
66 2
67 2
68 3
69 1
70 4
71 3
72 1
73 6
74 4
75 4
76 3
77 4
78 5
79 2
80 4
81 1
82 3
83 1
84 1
85 1
86 2
87 6
88 2
89 3
90 7
91 5
92 1
93 2
94 5
95 3
96 1
97 1
98 3
99 7
100 4
101 1
102 1
103 6
104 4
105 4
106 3
107 4
108 5
109 2
110 5
111 4
112 7
113 3
114 2
115 1
116 1
117 4
118 5
119 4
120 3
122 3
123 2
124 2
125 1
126 1
127 1
128 2
129 7
130 1
131 3
133 1
134 1
135 2
138 4
140 5
141 3
142 3
143 7
145 1
146 2
147 1
148 3
149 3
150 3
151 9
152 2
153 1
154 2
155 1
156 2
157 1
158 4
159 1
160 5
163 4
165 2
166 2
167 2
169 1
170 1
172 2
173 13
174 1
176 5
177 4
179 1
180 4
181 2
182 2
183 2
184 1
185 2
187 3
188 5
189 1
190 6
191 1
192 1
193 76
194 2
195 1
196 8
197 1
200 5
201 2
202 2
203 1
204 1
205 1
206 10
207 1
208 3
209 1
212 7
214 1
215 7
216 2
217 1
218 23
221 1
222 6
224 1
225 3
226 4
227 7
228 4
229 1
230 51
231 1
233 15
234 12
236 1
238 5
240 1
241 2
242 1
243 3
244 1
245 2
246 6
247 4
248 4
249 4
250 2
251 3
252 1
253 2
255 2
258 2
260 3
261 8
262 1
263 2
264 1
265 1
266 37
267 2
268 87
269 23
270 18
272 3
273 29
274 1
275 156
276 88
277 7
278 52
279 98
280 3
281 7
282 1
283 2
284 2
287 2
288 2
290 2
291 1
292 2
294 3
295 1
296 1
297 2
299 3
300 2
301 1
302 2
303 1
304 4
306 3
307 3
308 5
309 3
310 6
311 6
312 3
313 4
314 7
315 7
316 7
317 5
318 2
320 1
321 3
322 3
323 3
325 3
326 1
327 1
328 1
329 4
330 2
331 1
332 3
334 4
336 5
337 3
338 3
339 4
340 2
341 1
343 3
344 1
345 1
346 1
347 1
348 4
350 3
352 1
353 1
354 5
355 3
356 2
357 1
359 4
360 5
361 4
362 3
364 2
365 3
367 1
368 6
369 2
370 3
371 1
372 2
373 1
374 1
375 2
376 1
377 1
378 4
379 1
380 6
381 5
382 4
383 5
384 2
385 4
386 3
387 4
388 1
389 2
391 2
392 3
393 4
394 1
395 2
396 1
398 3
399 3
400 1
401 1
402 1
403 1
404 8
405 2
406 1
407 1
408 1
409 3
410 2
411 3
412 6
413 2
414 4
415 3
416 5
417 1
418 3
419 1
420 2
421 3
422 2
423 1
424 6
425 2
426 1
427 1
428 3
430 5
431 2
432 2
433 6
435 3
436 3
437 2
438 3
439 3
440 2
441 1
442 2
443 3
444 1
445 1
446 3
447 1
448 2
449 2
450 1
451 3
452 2
453 2
454 2
455 1
456 4
458 3
461 2
462 3
463 3
464 1
465 2
466 1
467 7
468 1
470 1
471 3
472 2
473 3
474 1
476 2
478 3
479 4
480 6
481 2
482 2
483 1
484 1
485 2
486 2
487 2
488 6
489 3
490 2
491 2
492 2
493 3
494 1
495 6
496 1
497 3
498 3
499 1
501 1
502 1
503 3
504 1
505 1
507 1
508 3
510 7
511 6
512 429
513 5
514 2
515 8
516 4
517 2
518 3
519 6
520 11
521 5
522 3
523 4
524 7
525 3
526 8
527 10
528 5
529 5
530 5
531 7
532 7
533 2
534 5
535 10
536 5
537 2
538 7
539 3
540 5
541 7
542 2
543 3
544 7
545 6
546 4
547 2
548 1
549 3
550 2
551 2
552 3
553 2
554 2
555 3
556 1
557 3
558 2
559 4
560 2
561 4
562 2
563 2
564 3
565 2
566 2
567 4
568 2
569 3
570 6
571 1
572 1
573 1
574 2
577 3
578 1
580 3
581 1
583 2
584 3
585 3
587 1
588 1
589 8
590 5
591 6
592 3
593 1
595 2
596 1
597 1
598 1
600 1
601 1
602 2
603 1
605 2
607 2
608 7
609 1
610 2
611 1
613 2
614 5
615 3
616 1
617 1
619 3
620 3
621 1
622 1
623 4
624 1
625 3
626 1
628 2
629 1
630 4
631 3
633 4
634 1
635 2
636 3
637 3
638 3
639 2
640 4
641 1
642 2
643 1
644 1
645 2
646 3
647 1
648 2
649 1
650 4
651 4
652 2
653 4
654 1
655 1
657 1
658 2
659 2
660 6
661 2
662 1
663 4
664 1
665 2
666 1
669 2
670 1
671 1
672 5
673 2
675 6
676 8
677 3
678 4
679 1
680 4
681 5
683 3
685 2
686 4
687 3
688 4
689 5
690 3
691 3
692 2
693 2
695 3
696 2
697 2
698 3
699 3
700 3
702 2
703 1
704 4
705 4
706 1
707 7
708 4
709 1
710 3
711 1
712 3
713 2
714 3
715 7
716 3
717 4
718 2
719 2
721 3
722 11
725 1
726 3
727 4
728 1
729 2
731 1
732 1
733 1
734 1
735 2
736 3
737 1
738 4
739 1
740 1
741 4
742 2
743 2
744 1
745 5
746 4
747 3
748 2
749 1
750 3
751 1
752 4
753 3
754 1
758 2
759 2
761 3
762 1
763 3
764 2
765 1
766 8
767 3
768 1
769 1
770 6
771 4
772 4
773 2
774 2
775 2
776 1
778 1
780 2
783 1
784 1
785 1
786 3
787 2
788 4
789 1
790 1
791 3
792 2
795 1
796 3
797 5
799 3
800 1
801 1
802 2
803 2
805 1
807 3
809 1
810 1
811 2
812 4
813 3
814 1
815 2
816 5
817 2
818 2
819 2
820 6
821 4
822 3
823 3
824 1
825 1
826 2
827 3
828 1
829 2
830 6
831 4
832 3
834 1
835 1
837 4
838 3
839 2
840 2
841 3
842 3
845 3
846 4
847 4
850 1
851 2
853 3
854 1
855 2
856 7
857 1
858 2
859 2
860 3
861 4
862 2
863 1
864 1
865 4
866 2
867 2
868 5
869 3
870 3
871 3
872 2
873 1
875 3
876 1
877 3
878 2
879 3
880 3
881 2
882 1
883 2
885 1
886 2
887 1
889 4
891 1
892 2
893 2
894 2
895 3
896 4
897 1
898 2
899 3
900 1
901 2
902 4
903 3
904 3
905 1
906 2
909 5
910 1
911 2
915 1
916 2
917 3
918 3
920 2
921 6
923 1
924 1
925 2
927 5
928 1
929 1
930 1
931 2
932 2
933 1
934 2
935 5
936 2
938 3
939 1
940 4
941 1
942 2
943 4
945 4
946 2
947 1
948 2
949 3
951 1
952 2
953 3
955 2
956 1
957 3
958 3
959 3
960 2
963 1
964 3
966 1
967 2
968 2
969 1
971 2
972 2
973 1
974 2
975 3
976 2
978 1
979 1
980 2
983 4
984 1
985 1
986 1
987 2
988 1
989 2
990 2
991 3
993 4
994 1
996 5
997 1
999 2
1000 2
1001 1
1004 2
1005 1
1006 1
1008 2
1009 1
1010 1
1012 1
1013 2
1014 3
1015 2
1016 3
1017 1
1018 1
1019 1
1020 2
1022 3
1024 45
1025 5
1026 1
1027 2
1028 1
1031 3
1032 1
1033 2
1034 4
1036 2
1038 3
1039 1
1040 2
1041 3
1042 2
1043 2
1045 1
1046 1
1047 2
1048 2
1049 3
1053 1
1054 2
1055 4
1056 2
1057 2
1061 2
1064 4
1066 1
1067 1
1069 2
1073 2
1074 2
1076 2
1077 1
1078 2
1079 2
1080 1
1081 4
1082 1
1083 2
1084 2
1086 2
1088 1
1090 1
1091 1
1092 3
1093 1
1094 1
1096 1
1097 1
1099 1
1100 5
1101 1
1105 2
1106 5
1108 1
1110 3
1112 2
1113 1
1116 1
1118 1
1119 3
1121 1
1123 1
1124 5
1125 1
1126 1
1127 1
1128 3
1130 2
1132 1
1133 1
1134 1
1135 1
1136 2
1137 1
1138 1
1140 2
1141 1
1143 2
1144 3
1145 2
1147 1
1149 1
1151 3
1152 1
1154 5
1156 1
1157 2
1158 1
1160 5
1161 2
1162 1
1163 4
1164 4
1166 2
1167 4
1168 2
1169 1
1170 1
1172 1
1173 2
1175 3
1176 3
1178 1
1179 2
1180 1
1181 1
1185 1
1186 1
1187 2
1188 1
1190 3
1191 1
1193 1
1194 1
1195 2
1196 1
1197 1
1199 2
1201 2
1203 1
1204 1
1207 2
1208 1
1209 1
1210 5
1211 1
1212 2
1213 1
1214 1
1217 1
1218 1
1221 2
1224 1
1225 1
1226 2
1227 1
1228 1
1229 4
1230 2
1234 1
1235 1
1236 1
1237 3
1238 1
1239 2
1240 3
1241 1
1243 1
1244 1
1246 2
1247 3
1248 2
1249 1
1250 1
1251 4
1252 5
1254 4
1255 1
1256 1
1258 2
1260 2
1262 2
1263 1
1264 1
1265 3
1269 1
1270 1
1272 1
1276 2
1277 1
1278 1
1279 1
1280 4
1281 1
1282 2
1283 2
1285 1
1286 6
1288 2
1289 1
1293 2
1294 1
1296 2
1297 4
1298 1
1299 3
1300 1
1301 2
1303 3
1304 1
1306 1
1309 3
1310 1
1315 3
1317 2
1318 2
1319 1
1321 3
1322 1
1323 2
1324 1
1325 2
1327 1
1329 1
1330 3
1331 2
1333 1
1334 2
1337 2
1338 2
1343 1
1344 2
1345 3
1348 1
1349 2
1350 2
1351 1
1352 1
1353 2
1355 2
1356 1
1357 1
1358 3
1359 2
1360 3
1361 2
1363 6
1364 1
1365 1
1366 1
1367 3
1368 3
1370 3
1374 2
1376 3
1377 1
1378 1
1379 1
1381 2
1383 3
1384 2
1385 1
1386 1
1393 2
1394 1
1397 2
1398 1
1400 1
1401 1
1402 1
1403 1
1404 2
1406 6
1407 4
1408 2
1409 1
1411 2
1412 2
1413 1
1415 1
1416 1
1417 1
1418 1
1421 1
1422 1
1424 1
1425 1
1427 1
1428 2
1432 3
1433 1
1434 2
1435 1
1436 4
1438 4
1440 2
1441 3
1443 2
1445 3
1447 1
1448 2
1449 2
1450 2
1453 1
1454 1
1456 4
1459 2
1460 5
1461 1
1462 1
1465 1
1467 6
1469 1
1471 2
1472 5
1473 2
1474 1
1476 1
1477 1
1478 2
1480 1
1485 1
1489 1
1491 1
1493 2
1494 3
1496 6
1501 1
1502 2
1503 2
1504 1
1506 4
1507 2
1508 1
1510 1
1511 1
1514 3
1517 5
1519 1
1521 2
1522 2
1523 1
1524 1
1526 2
1528 1
1532 1
1533 1
1534 2
1535 1
1536 11
1537 5
1538 3
1540 1
1542 1
1543 4
1544 3
1545 1
1546 1
1548 3
1550 1
1552 1
1555 1
1556 3
1557 2
1560 4
1564 1
1566 2
1567 2
1569 3
1571 5
1574 1
1576 1
1578 2
1580 1
1582 1
1584 1
1585 2
1587 1
1588 3
1589 1
1592 2
1594 2
1595 1
1596 3
1597 1
1598 1
1600 4
1601 2
1605 2
1606 1
1608 2
1611 2
1612 1
1613 1
1616 1
1620 3
1621 2
1625 2
1626 1
1628 2
1631 1
1634 3
1636 2
1640 2
1644 2
1647 1
1648 2
1650 2
1651 1
1653 3
1655 1
1660 2
1664 1
1666 1
1670 3
1671 1
1672 1
1673 3
1674 1
1677 1
1678 7
1679 1
1680 3
1682 2
1683 1
1684 1
1688 1
1689 2
1690 1
1691 1
1692 2
1693 1
1694 2
1697 4
1698 2
1700 1
1701 1
1702 2
1703 1
1705 1
1707 2
1709 2
1714 1
1715 4
1716 2
1717 4
1719 1
1724 3
1725 1
1726 2
1728 1
1731 2
1732 1
1734 2
1735 2
1738 2
1740 1
1742 1
1744 2
1746 2
1749 1
1750 2
1751 2
1753 1
1755 1
1757 1
1760 1
1761 1
1762 2
1765 1
1766 2
1767 2
1775 2
1777 1
1778 2
1780 1
1785 1
1790 2
1791 2
1792 2
1793 1
1796 2
1798 1
1801 1
1803 2
1805 1
1806 1
1807 1
1808 1
1810 1
1812 1
1813 1
1816 1
1818 7
1820 1
1821 1
1823 1
1824 1
1826 1
1827 2
1828 2
1829 1
1831 1
1832 1
1834 1
1835 2
1837 2
1838 2
1839 3
1842 1
1843 2
1844 1
1845 1
1846 4
1848 1
1849 1
1850 2
1852 4
1853 1
1854 2
1855 3
1864 5
1866 1
1867 2
1869 1
1870 1
1874 1
1875 2
1878 1
1879 4
1880 4
1882 8
1884 4
1885 1
1887 1
1894 3
1898 1
1901 1
1902 3
1903 2
1905 1
1911 1
1912 2
1913 2
1918 1
1919 2
1920 2
1923 4
1925 3
1926 2
1928 1
1931 1
1933 45
1934 1
1935 4
1937 4
1938 2
1944 2
1948 1
1955 1
1959 1
1961 1
1962 1
1965 1
1966 2
1969 1
1971 1
1976 1
1978 1
1979 1
1982 2
1983 1
1984 1
1985 1
1989 2
1992 2
1993 2
1995 1
1996 1
1997 5
2000 1
2001 2
2003 1
2004 1
2005 3
2006 1
2007 1
2009 1
2010 1
2011 1
2013 1
2019 3
2025 1
2026 1
2029 1
2030 1
2031 1
2032 4
2036 1
2037 1
2039 2
2040 2
2041 3
2042 3
2045 2
2047 1
2048 13
2053 1
2056 1
2061 1
2063 1
2066 2
2068 2
2070 1
2073 1
2075 1
2078 1
2080 2
2081 1
2082 1
2084 3
2085 2
2088 1
2092 1
2098 2
2101 2
2102 1
2104 2
2109 1
2110 1
2111 2
2112 2
2113 1
2115 1
2116 1
2118 1
2124 3
2126 2
2127 1
2131 2
2135 3
2136 2
2139 1
2146 2
2148 2
2154 1
2155 2
2156 2
2157 1
2161 1
2168 1
2169 1
2170 2
2171 1
2175 1
2176 1
2178 1
2179 1
2186 2
2195 1
2197 1
2199 2
2200 4
2203 1
2204 4
2206 1
2208 2
2211 2
2212 2
2213 1
2219 2
2222 1
2225 1
2226 2
2227 2
2229 1
2230 2
2231 2
2235 1
2236 3
2237 1
2238 2
2239 1
2240 2
2243 1
2246 1
2247 1
2248 1
2250 3
2251 1
2253 1
2254 7
2256 2
2257 1
2258 2
2264 4
2266 1
2267 2
2268 1
2269 3
2270 1
2273 1
2276 1
2280 1
2282 1
2286 3
2289 1
2290 1
2292 1
2293 1
2295 2
2296 1
2298 1
2303 1
2304 2
2305 1
2306 1
2307 1
2309 1
2310 1
2313 1
2315 1
2316 4
2317 2
2318 2
2320 1
2321 1
2323 3
2330 1
2331 1
2333 1
2334 1
2336 1
2347 1
2355 1
2357 1
2358 1
2361 1
2363 1
2367 1
2372 1
2376 1
2379 1
2380 1
2384 1
2385 1
2388 1
2389 2
2396 1
2399 1
2401 1
2405 1
2406 1
2407 1
2409 2
2410 1
2414 1
2415 3
2423 1
2424 1
2426 2
2427 1
2432 1
2435 1
2437 2
2438 1
2440 1
2442 1
2444 1
2449 2
2450 3
2453 2
2455 1
2459 1
2462 1
2463 3
2464 2
2465 1
2466 1
2472 1
2475 1
2478 1
2479 2
2480 2
2481 1
2483 1
2486 1
2487 1
2489 1
2490 1
2491 1
2492 1
2494 2
2498 2
2506 3
2509 1
2512 1
2514 2
2516 2
2517 1
2518 2
2520 4
2525 1
2526 3
2528 1
2535 1
2540 2
2541 1
2545 2
2546 1
2547 3
2549 1
2553 1
2555 1
2558 1
2560 2
2564 1
2565 1
2567 1
2570 2
2572 1
2573 1
2574 1
2576 1
2582 2
2583 1
2584 1
2586 2
2590 1
2592 1
2595 2
2597 1
2599 3
2601 1
2602 1
2605 1
2606 1
2609 1
2611 1
2612 1
2617 2
2618 1
2622 2
2625 2
2629 1
2632 1
2642 1
2643 1
2646 2
2648 1
2650 1
2656 1
2658 4
2659 1
2662 1
2665 1
2666 1
2667 1
2670 1
2671 3
2675 1
2678 1
2681 2
2688 2
2692 1
2696 1
2698 1
2701 1
2708 5
2709 1
2710 1
2711 2
2714 3
2717 1
2720 1
2727 1
2731 1
2734 1
2736 1
2737 1
2738 1
2747 2
2749 1
2755 1
2757 2
2760 1
2761 1
2762 1
2764 1
2766 1
2775 1
2776 4
2778 3
2779 1
2781 1
2783 1
2792 1
2805 1
2807 1
2809 1
2816 1
2818 1
2819 1
2820 1
2823 2
2826 1
2828 2
2830 2
2839 1
2840 1
2841 1
2842 1
2844 1
2851 1
2852 1
2857 1
2860 2
2862 1
2863 2
2865 1
2866 1
2869 1
2871 1
2873 1
2877 1
2878 1
2884 2
2887 1
2888 1
2889 2
2896 1
2897 1
2903 2
2904 2
2905 1
2907 1
2908 1
2911 1
2915 1
2916 2
2921 1
2930 2
2934 1
2937 2
2940 1
2942 1
2946 1
2951 2
2954 1
2956 1
2957 2
2960 1
2961 1
2962 1
2969 4
2973 2
2976 2
2982 1
2986 1
2989 1
2991 2
2992 1
2993 2
3001 1
3005 1
3008 4
3014 1
3015 1
3019 1
3020 1
3022 1
3025 1
3028 1
3029 1
3030 1
3036 1
3038 1
3047 1
3048 1
3051 2
3056 2
3058 1
3063 1
3064 1
3066 1
3067 1
3068 2
3071 2
3072 1
3075 1
3076 1
3079 1
3081 3
3084 2
3086 2
3087 2
3089 1
3098 2
3099 1
3105 1
3113 1
3116 1
3117 1
3120 2
3124 1
3126 1
3129 1
3130 1
3133 2
3134 1
3142 1
3151 1
3152 1
3153 1
3159 1
3170 2
3173 1
3182 1
3184 1
3188 1
3190 2
3195 1
3198 2
3204 1
3206 1
3208 1
3209 2
3212 2
3220 2
3226 1
3227 2
3235 1
3238 1
3239 1
3244 1
3245 2
3246 1
3254 1
3256 1
3261 1
3265 1
3267 2
3278 1
3279 1
3280 1
3281 1
3282 1
3284 1
3285 1
3286 1
3300 1
3301 1
3303 1
3304 2
3306 1
3315 1
3316 2
3318 1
3319 1
3337 1
3340 1
3346 2
3347 1
3351 1
3352 1
3353 1
3364 1
3367 1
3368 2
3370 4
3374 3
3378 1
3383 1
3385 1
3386 1
3391 2
3394 2
3396 1
3407 1
3409 1
3416 1
3417 1
3418 1
3422 1
3437 1
3440 1
3451 1
3452 1
3455 1
3456 2
3457 1
3462 1
3463 1
3466 1
3469 1
3472 1
3473 1
3479 1
3485 1
3486 1
3489 1
3492 2
3496 1
3501 1
3508 2
3512 1
3513 1
3514 1
3519 1
3523 2
3524 4
3525 1
3527 1
3532 2
3541 2
3545 4
3546 2
3550 2
3557 1
3559 1
3563 1
3568 2
3569 1
3575 1
3583 2
3584 2
3586 1
3589 1
3592 1
3593 1
3594 4
3596 1
3597 1
3598 1
3600 2
3611 1
3612 3
3622 1
3626 1
3631 2
3635 1
3637 1
3640 1
3645 1
3649 1
3654 1
3656 1
3657 1
3665 2
3670 1
3673 1
3674 1
3684 3
3688 1
3690 2
3699 1
3701 1
3702 2
3705 1
3708 1
3712 1
3713 1
3714 1
3716 1
3721 1
3725 1
3726 2
3727 2
3728 2
3729 2
3730 1
3736 1
3740 1
3747 1
3748 1
3752 1
3754 1
3760 2
3762 2
3765 3
3766 2
3773 3
3776 1
3782 1
3784 1
3785 5
3791 6
3792 2
3799 1
3800 1
3801 1
3803 1
3806 1
3808 1
3809 2
3811 1
3817 1
3821 1
3826 1
3831 1
3841 1
3856 1
3863 2
3865 2
3872 4
3880 1
3882 1
3884 1
3885 1
3888 1
3891 1
3901 1
3902 1
3906 1
3912 2
3918 1
3931 1
3946 1
3947 2
3949 1
3960 1
3961 2
3964 1
3976 1
3981 1
3982 2
3986 1
3988 1
3991 1
3995 1
3998 2
3999 1
4013 2
4016 1
4017 1
4018 2
4019 1
4026 1
4037 2
4048 1
4050 1
4054 1
4060 1
4068 2
4072 1
4075 1
4081 1
4087 1
4088 1
4090 1
4094 1
4096 1
4099 3
4104 1
4120 1
4121 1
4122 1
4131 1
4147 2
4155 2
4166 1
4178 1
4181 1
4184 1
4188 1
4191 1
4192 2
4194 1
4199 1
4204 1
4206 2
4212 2
4215 1
4220 1
4222 1
4223 1
4224 1
4225 1
4228 1
4231 1
4232 1
4235 1
4242 2
4243 1
4244 1
4266 2
4273 1
4278 2
4292 1
4294 1
4295 1
4301 1
4303 2
4304 1
4306 1
4312 1
4313 3
4314 1
4319 1
4324 2
4327 1
4333 2
4336 2
4339 1
4344 1
4353 1
4375 1
4384 2
4386 1
4387 1
4398 1
4399 1
4407 2
4408 1
4410 1
4411 1
4415 1
4421 1
4422 2
4425 2
4427 1
4430 1
4436 1
4438 1
4440 1
4444 1
4446 2
4449 3
4454 3
4455 1
4457 1
4458 2
4478 1
4479 1
4484 1
4487 1
4489 2
4493 1
4494 1
4499 1
4502 1
4505 1
4507 1
4511 1
4512 1
4519 1
4520 1
4530 1
4533 1
4539 1
4553 2
4556 1
4560 1
4563 1
4576 1
4585 1
4590 1
4591 1
4593 1
4602 1
4608 2
4612 2
4619 1
4624 2
4633 2
4634 1
4636 1
4637 1
4638 2
4643 1
4644 1
4650 3
4663 1
4672 2
4675 4
4683 1
4689 2
4693 2
4695 2
4696 1
4697 1
4700 1
4704 3
4714 1
4719 1
4722 1
4723 1
4729 1
4730 2
4742 1
4747 1
4753 1
4758 1
4762 1
4763 1
4771 1
4772 2
4773 5
4774 1
4780 1
4782 1
4784 1
4786 1
4788 1
4795 1
4809 1
4814 2
4816 1
4821 1
4826 1
4838 1
4840 1
4844 1
4847 1
4848 1
4855 2
4856 3
4860 1
4861 1
4862 2
4873 1
4880 1
4881 1
4882 1
4887 1
4890 1
4903 1
4904 2
4905 1
4933 1
4935 1
4938 1
4941 1
4948 1
4952 1
4962 1
4964 4
4976 1
4978 1
4980 1
4986 1
4987 2
4996 2
4999 1
5001 2
5012 1
5022 2
5026 1
5028 1
5038 2
5039 1
5041 1
5070 2
5079 2
5084 1
5085 1
5090 2
5096 1
5100 1
5110 2
5111 2
5114 1
5117 1
5127 1
5129 1
5130 1
5132 2
5134 1
5140 1
5148 1
5156 2
5157 2
5163 1
5174 1
5188 1
5198 1
5202 1
5208 1
5209 1
5210 1
5221 1
5225 1
5229 1
5231 1
5233 1
5234 2
5235 1
5239 1
5243 1
5247 1
5252 1
5253 1
5275 1
5281 3
5288 1
5290 1
5293 1
5312 1
5315 1
5317 1
5319 1
5321 1
5333 1
5334 1
5335 1
5340 1
5343 1
5350 1
5356 1
5363 1
5369 1
5381 1
5386 1
5393 1
5395 1
5400 1
5408 1
5413 1
5437 1
5440 1
5441 1
5448 2
5451 1
5454 1
5458 2
5460 1
5464 1
5468 1
5475 1
5476 1
5483 1
5485 1
5492 1
5493 2
5497 1
5500 3
5508 1
5511 1
5512 2
5539 1
5540 1
5557 1
5565 1
5578 1
5585 1
5586 2
5597 1
5613 1
5628 1
5633 1
5641 1
5645 1
5647 1
5668 1
5688 1
5692 1
5710 1
5715 2
5720 1
5728 1
5733 1
5744 4
5746 1
5754 1
5760 1
5766 1
5770 1
5786 1
5790 1
5792 1
5799 1
5802 1
5804 1
5806 1
5810 1
5827 1
5836 1
5844 1
5856 2
5861 1
5868 1
5872 1
5876 1
5883 2
5884 1
5888 1
5896 4
5898 2
5901 1
5905 1
5908 1
5912 2
5917 3
5920 1
5921 1
5931 1
5936 1
5939 1
5978 1
5988 1
5996 1
6002 2
6006 1
6009 1
6010 1
6015 2
6016 1
6020 1
6026 2
6045 2
6053 1
6059 2
6066 1
6071 2
6079 1
6082 1
6105 2
6109 2
6115 1
6138 1
6143 1
6144 1
6147 2
6148 1
6161 1
6179 1
6188 1
6190 2
6196 1
6217 1
6222 2
6227 2
6232 1
6258 1
6268 1
6272 1
6273 1
6278 1
6282 1
6290 1
6300 1
6312 2
6313 1
6328 1
6330 1
6340 1
6343 1
6346 1
6348 1
6358 1
6363 1
6383 1
6391 1
6400 1
6405 1
6417 1
6420 3
6423 1
6425 1
6426 1
6428 2
6434 1
6441 1
6445 1
6447 1
6448 1
6449 1
6451 1
6453 1
6454 1
6465 2
6477 1
6483 1
6491 1
6493 1
6507 1
6516 1
6521 1
6535 1
6536 3
6537 1
6544 1
6549 1
6568 1
6573 1
6584 1
6586 1
6588 1
6601 1
6603 1
6604 1
6629 2
6632 1
6655 1
6656 1
6657 1
6664 1
6665 1
6668 1
6678 1
6679 1
6680 1
6684 1
6704 1
6705 2
6707 1
6728 1
6737 1
6738 2
6747 2
6755 1
6760 1
6765 1
6791 1
6794 1
6807 1
6808 1
6809 1
6820 1
6823 1
6832 1
6838 2
6873 1
6884 1
6894 1
6895 1
6898 2
6907 1
6912 1
6916 1
6920 1
6928 1
6929 1
6944 1
6946 1
6948 1
6951 1
6955 1
6957 1
6966 1
6968 1
6976 1
6980 1
6988 1
7007 1
7008 1
7012 1
7013 1
7016 1
7022 1
7025 1
7029 1
7043 1
7067 1
7068 1
7077 1
7079 1
7084 1
7094 2
7095 1
7096 1
7097 1
7099 1
7106 2
7112 1
7113 1
7114 1
7115 1
7120 1
7128 1
7136 1
7138 1
7142 1
7163 1
7170 1
7176 2
7184 1
7196 1
7208 1
7210 2
7213 1
7220 1
7233 2
7234 1
7244 2
7252 2
7253 2
7260 1
7265 2
7285 2
7292 2
7294 1
7298 2
7300 2
7308 1
7320 1
7322 1
7324 2
7353 1
7367 1
7370 1
7379 1
7387 1
7389 1
7393 1
7396 1
7398 1
7404 1
7408 1
7410 1
7416 1
7423 1
7424 2
7428 1
7436 1
7439 1
7444 2
7446 1
7458 1
7461 1
7462 1
7463 1
7467 1
7480 1
7481 1
7482 1
7484 2
7492 1
7500 1
7513 1
7518 1
7531 1
7546 2
7549 1
7557 1
7562 1
7571 1
7576 1
7587 1
7591 1
7599 1
7601 1
7610 1
7612 1
7632 1
7652 1
7666 1
7670 1
7672 1
7673 1
7674 1
7694 1
7697 2
7701 1
7725 2
7741 1
7745 1
7764 1
7765 1
7780 1
7782 1
7784 1
7795 1
7800 1
7802 1
7816 1
7834 1
7845 1
7846 1
7861 1
7871 1
7877 2
7880 1
7889 2
7891 1
7896 1
7908 1
7932 1
7937 1
7940 1
7952 1
7953 2
7966 1
7967 1
7968 1
7973 1
7974 1
7975 1
7978 1
7982 1
7988 2
7991 1
8003 1
8015 1
8016 1
8017 1
8019 1
8021 1
8022 1
8032 1
8035 2
8037 1
8038 1
8042 1
8064 1
8065 1
8066 1
8097 1
8100 1
8115 1
8124 1
8126 1
8134 1
8155 1
8159 1
8160 1
8162 2
8164 1
8168 1
8169 1
8170 1
8190 1
8192 34
8222 1
8234 1
8245 1
8249 1
8250 1
8275 1
8277 1
8280 1
8292 1
8296 1
8309 1
8310 1
8312 1
8317 1
8321 1
8325 1
8336 1
8368 1
8379 1
8427 2
8428 1
8431 1
8439 1
8453 1
8482 1
8486 1
8502 1
8515 1
8529 2
8537 1
8539 1
8540 1
8544 1
8554 1
8556 2
8560 1
8571 1
8584 1
8585 1
8587 1
8590 1
8609 2
8613 1
8615 1
8621 1
8642 1
8668 1
8670 1
8672 1
8676 1
8682 1
8684 1
8688 1
8691 1
8693 1
8709 1
8723 1
8744 1
8762 1
8768 2
8780 2
8793 1
8826 1
8834 1
8847 1
8852 1
8856 1
8864 1
8865 1
8870 1
8876 2
8881 1
8893 1
8899 1
8905 1
8908 1
8911 1
8920 1
8924 1
8936 2
8950 1
8961 1
8979 1
8982 1
8988 2
8992 1
9000 2
9001 1
9035 2
9036 2
9038 2
9115 1
9116 1
9120 1
9129 2
9145 1
9177 1
9180 1
9204 1
9216 1
9232 1
9263 1
9267 2
9296 1
9302 1
9311 1
9312 2
9347 1
9348 1
9352 1
9358 1
9369 2
9372 6
9376 1
9386 2
9392 1
9399 1
9424 1
9431 1
9433 1
9448 1
9454 1
9471 1
9474 1
9482 2
9488 1
9504 1
9520 2
9521 1
9523 1
9525 1
9531 1
9549 1
9553 1
9564 2
9574 1
9584 1
9597 1
9616 1
9620 1
9645 1
9654 1
9664 1
9673 1
9690 1
9700 1
9704 1
9725 1
9743 1
9751 1
9756 1
9783 1
9792 1
9810 2
9827 1
9874 1
9876 1
9882 1
9888 1
9889 1
9914 1
9940 1
9945 1
9952 1
9975 1
10039 2
10043 1
10059 1
10093 1
10099 1
10112 1
10126 1
10128 1
10129 1
10157 1
10180 1
10184 1
10196 3
10210 1
10211 1
10212 1
10219 1
10224 1
10225 1
10227 1
10230 1
10240 1
10263 1
10312 1
10327 1
10331 1
10333 3
10337 1
10346 1
10373 1
10377 1
10387 1
10393 1
10409 1
10416 1
10437 1
10446 1
10461 2
10464 2
10468 1
10472 1
10480 1
10487 1
10497 1
10508 1
10512 1
10552 1
10571 1
10608 1
10614 1
10618 1
10633 2
10639 1
10648 1
10682 1
10744 1
10758 1
10776 2
10785 1
10790 1
10793 1
10800 1
10815 4
10828 1
10880 1
10907 2
10932 1
10940 2
10948 1
10960 1
10977 1
11004 1
11009 1
11028 1
11050 1
11063 1
11070 1
11088 1
11104 1
11110 1
11117 1
11134 1
11145 1
11149 1
11168 1
11200 1
11204 1
11233 1
11236 1
11238 1
11246 1
11284 3
11343 1
11364 1
11384 1
11402 1
11412 1
11428 1
11478 1
11504 1
11514 1
11516 1
11518 2
11549 1
11565 2
11568 1
11571 1
11628 1
11656 1
11668 2
11684 1
11690 1
11696 1
11712 1
11729 1
11736 1
11740 1
11745 1
11753 2
11782 1
11796 1
11806 1
11838 1
11872 1
11882 1
11904 1
11915 2
11932 1
11962 1
11963 1
11991 1
11993 1
11997 1
12000 1
12006 1
12018 1
12052 1
12073 1
12078 1
12092 1
12103 1
12109 1
12118 1
12200 1
12202 1
12208 1
12216 1
12218 1
12305 1
12314 1
12336 1
12337 2
12340 1
12343 1
12360 1
12397 1
12446 1
12492 2
12494 1
12539 1
12552 2
12559 1
12568 1
12600 2
12617 2
12622 1
12648 1
12660 1
12677 1
12708 2
12715 1
12722 1
12725 1
12727 1
12728 1
12742 1
12752 1
12778 1
12787 1
12794 1
12800 2
12809 1
12811 1
12822 1
12874 1
12895 1
12900 1
12902 1
12908 2
12920 1
12926 1
12948 1
12966 1
12984 1
12999 1
13002 1
13037 1
13058 2
13069 1
13071 1
13118 1
13120 1
13122 2
13131 1
13138 1
13143 1
13161 1
13169 1
13171 1
13200 1
13232 1
13311 1
13336 1
13349 1
13364 1
13365 1
13420 1
13440 1
13509 1
13533 2
13559 1
13565 1
13568 1
13581 1
13587 1
13609 1
13617 1
13638 1
13658 1
13699 1
13778 1
13786 1
13836 2
13855 1
13868 1
13880 1
13888 1
13902 1
13930 1
13948 1
13968 2
13983 1
13988 1
14031 1
14083 1
14089 1
14124 1
14142 2
14173 1
14227 1
14229 1
14242 1
14247 1
14270 1
14272 1
14290 1
14292 1
14308 1
14321 1
14395 1
14404 1
14432 1
14538 1
14540 1
14556 1
14571 1
14603 1
14616 1
14629 2
14655 1
14656 1
14678 1
14680 1
14700 1
14726 1
14731 1
14734 2
14753 1
14794 1
14798 1
14824 1
14832 1
14906 1
14914 1
14920 1
14929 1
14936 1
15099 1
15116 1
15240 1
15313 1
15379 1
15403 1
15411 1
15439 1
15459 1
15491 1
15520 1
15522 1
15524 1
15534 1
15584 1
15590 2
15595 1
15608 1
15625 1
15643 1
15648 1
15784 1
15804 1
15835 1
15858 1
15912 1
15968 2
16030 1
16064 1
16076 1
16080 1
16084 2
16117 1
16128 1
16201 1
16220 1
16282 1
16312 1
16313 1
16347 1
16377 1
16384 13
16434 1
16573 2
16615 2
16632 1
16645 1
16691 1
16700 2
16730 1
16736 1
16739 1
16792 1
16809 1
16902 1
16929 1
17005 1
17052 2
17061 1
17098 1
17128 1
17202 1
17203 1
17250 1
17260 1
17285 1
17302 1
17348 1
17363 1
17367 1
17510 1
17533 1
17536 1
17538 1
17539 1
17581 1
17591 1
17592 1
17609 1
17628 1
17634 1
17673 1
17778 1
17793 1
17811 1
17827 1
17875 1
17885 1
17899 1
17934 2
17972 1
17982 7
17986 1
18034 1
18035 1
18043 1
18070 1
18098 1
18109 1
18124 1
18168 1
18188 1
18204 1
18223 1
18268 1
18284 1
18285 1
18291 4
18311 1
18345 1
18433 1
18445 1
18456 1
18464 2
18545 1
18549 1
18564 1
18584 1
18590 1
18598 1
18627 1
18661 1
18690 1
18705 1
18766 1
18800 1
18840 2
18855 1
18864 1
18872 1
18876 1
18899 1
18900 1
18906 1
18963 1
18980 1
18988 2
19038 1
19056 2
19064 1
19108 1
19124 1
19178 1
19196 1
19258 2
19287 1
19324 1
19350 1
19385 1
19415 1
19453 1
19472 1
19499 1
19512 1
19556 1
19579 1
19589 1
19610 1
19628 1
19663 1
19666 1
19673 1
19710 1
19734 1
19820 2
19844 2
19848 1
19855 1
19860 1
19868 1
19876 1
19900 1
19904 1
19951 1
20028 1
20061 2
20092 1
20128 1
20130 1
20137 1
20193 1
20196 1
20254 1
20264 1
20292 1
20312 1
20370 1
20381 1
20398 1
20433 1
20480 1
20490 1
20506 1
20510 1
20542 1
20567 1
20571 1
20594 1
20625 1
20628 1
20637 2
20660 1
20666 1
20694 1
20724 1
20751 1
20760 1
20764 1
20780 1
20787 1
20800 1
20834 1
20842 1
20844 1
20899 1
20951 1
20954 1
20976 1
20991 1
20992 1
21040 1
21056 1
21076 1
21167 1
21181 1
21219 1
21276 1
21296 1
21300 2
21357 1
21406 1
21448 1
21479 1
21564 1
21567 1
21638 1
21674 1
21745 1
21880 1
21922 1
21957 1
21984 1
22003 1
22028 1
22042 1
22044 1
22059 1
22064 1
22068 2
22081 1
22096 1
22115 1
22147 1
22196 1
22240 1
22254 1
22267 1
22300 1
22308 2
22338 1
22339 1
22343 1
22376 1
22388 1
22447 1
22468 1
22576 1
22592 1
22643 1
22661 1
22669 1
22681 1
22691 1
22708 1
22711 1
22742 1
22747 1
22757 2
22773 1
22778 1
22797 1
22801 1
22805 1
22872 1
22875 1
22896 1
22902 1
22976 1
23012 1
23029 1
23033 1
23047 1
23066 1
23100 1
23121 1
23136 1
23144 1
23188 1
23200 4
23204 2
23208 1
23212 1
23216 2
23234 1
23286 1
23316 1
23317 1
23333 1
23364 1
23379 1
23417 1
23429 1
23442 1
23448 1
23512 1
23532 2
23534 1
23537 1
23574 1
23596 1
23686 1
23716 1
23733 1
23736 1
23832 1
23873 1
23905 1
23921 1
23923 1
23990 1
23993 1
24024 1
24088 2
24124 1
24141 1
24184 1
24232 1
24240 1
24282 1
24285 1
24328 1
24344 1
24364 1
24375 1
24380 1
24416 1
24437 1
24485 1
24526 1
24563 1
24570 2
24576 30
24592 1
24624 1
24648 1
24700 3
24711 1
24719 2
24720 2
24751 1
24757 1
24837 1
24937 1
24938 2
24949 1
25032 1
25047 1
25156 1
25256 1
25265 3
25309 1
25379 1
25427 1
25443 1
25521 1
25559 1
25595 1
25662 1
25687 1
25689 1
25703 1
25753 1
25791 1
25868 1
25869 1
25887 1
25896 1
25900 1
25920 1
25928 1
25956 1
25957 1
26008 1
26143 1
26167 1
26220 1
26297 1
26308 1
26376 1
26413 1
26435 1
26486 1
26501 1
26516 1
26580 1
26696 1
26780 1
26806 1
26821 1
26863 1
26931 1
26941 1
26944 1
27002 1
27127 1
27135 1
27372 1
27390 1
27392 1
27424 1
27479 1
27493 1
27514 1
27522 1
27560 1
27596 1
27648 1
27675 1
27708 2
27716 1
27718 1
27728 1
27756 1
27768 1
27847 2
28215 1
28246 1
28277 1
28280 1
28394 1
28412 1
28468 1
28489 1
28499 1
28679 2
28740 1
28890 1
28938 1
28980 1
28988 1
29166 1
29199 1
29217 1
29259 1
29290 1
29375 1
29480 1
29512 1
29541 1
29680 1
29715 1
29722 1
29737 1
29816 1
29830 1
29848 1
29991 1
29996 1
30020 1
30045 1
30138 1
30156 1
30186 1
30224 1
30315 1
30529 1
30572 1
30584 2
30596 1
30696 1
30751 1
30859 1
30905 1
31059 1
31121 1
31251 1
31289 1
31340 1
31520 1
31680 1
31820 1
31828 1
31869 1
31948 1
31968 1
31996 1
32041 1
32119 1
32157 1
32164 1
32186 1
32232 1
32433 1
32512 1
32626 1
32660 1
32760 1
32768 22
32824 2
32846 1
32886 1
32970 1
32980 1
33029 1
33116 1
33147 1
33274 1
33280 1
33607 1
33715 2
33916 1
33924 2
34020 1
34028 1
34037 1
34177 1
34211 1
34212 1
34261 1
34664 1
34740 1
34816 1
34912 1
34920 1
34984 1
35108 1
35250 1
35262 1
35266 1
35368 2
35430 1
35470 1
35472 1
35495 1
35528 1
35608 1
35684 1
35766 1
35854 1
35990 1
36074 1
36176 1
36444 1
36456 1
36507 1
36640 1
36661 1
36806 1
36877 1
36975 1
37036 1
37072 1
37246 1
37365 1
37412 1
37433 1
37491 1
37538 1
37546 1
37640 1
37644 1
37648 1
37744 1
37793 1
37900 1
37932 1
37944 1
38009 1
38072 1
38329 1
38392 4
38551 1
38568 1
38604 1
38612 3
38688 1
38694 1
38708 1
38775 1
38948 1
38961 1
39137 1
39159 1
39534 1
39596 1
39676 1
39706 1
39717 1
39752 1
39801 1
40138 1
40178 1
40192 2
40196 1
40200 1
40239 1
40444 1
40508 1
40786 1
40912 1
40919 1
40926 1
40960 15
41139 1
41250 1
41324 1
41439 1
41561 1
41588 1
41592 1
41719 1
41903 1
42003 1
42068 1
42265 1
42444 1
42488 1
42523 1
42603 1
42760 1
42852 1
43000 1
43068 1
43380 1
43489 1
43534 1
43684 1
43860 1
44182 1
44219 1
44304 1
44492 1
44547 1
44560 1
44594 1
44596 1
44600 1
44690 1
44944 1
45128 1
45177 1
45284 1
45390 1
45489 1
45492 1
45783 1
45983 1
45984 1
46116 1
46166 1
46219 1
46388 1
46597 1
46736 1
46800 1
47056 1
47288 1
47296 2
47343 1
47532 1
47612 1
47632 1
47797 1
47858 1
48029 1
48039 2
48072 1
48328 1
48372 1
48467 1
48483 1
49049 1
49152 10
49184 1
49376 1
49572 1
49773 1
49796 1
50016 1
50064 1
50115 1
50191 1
50292 1
50912 1
51012 1
51709 1
52167 2
52619 1
52674 1
52736 1
53560 1
53924 1
54011 1
54276 1
54808 1
55362 2
56474 1
56956 1
57344 5
57482 1
57744 1
57780 1
57806 1
57894 1
57992 1
58000 1
58018 1
58830 1
58848 1
58924 1
59003 1
59156 1
59472 1
59478 1
61199 1
61339 1
61404 1
61432 1
61772 1
61968 1
63447 1
63473 1
63536 1
63780 1
64370 1
65095 1
65144 1
65536 3
65549 1
65768 1
66111 1
66256 1
66366 1
66400 1
66580 1
67020 1
67192 1
67232 1
67768 1
68840 1
68855 1
69814 1
69976 1
70300 1
70392 1
71892 1
72140 1
72387 1
72524 1
73169 1
73262 1
73534 1
73728 3
73766 1
73896 1
74036 1
74141 1
75624 1
75662 1
75700 1
76768 1
76812 1
77304 1
77612 1
77775 1
77932 1
78413 1
78424 1
78984 1
79228 1
79343 1
79620 1
80004 1
80148 1
80644 1
80839 1
80868 1
81585 1
81920 9
82008 1
82128 1
82270 1
82416 1
83192 1
83889 1
83908 1
84172 1
84920 1
85172 1
85324 1
85811 1
86064 1
87016 1
87420 1
87468 1
88492 1
88542 1
88893 1
89301 1
89335 2
89914 1
90112 1
92420 1
92804 1
93618 1
95437 1
96090 1
97308 1
97804 1
98304 2
99506 1
99693 1
100778 2
101052 2
101208 1
101210 1
101669 1
101744 1
103226 1
103945 1
104411 1
105715 1
106062 1
106347 1
106376 1
106496 1
106596 1
108263 1
109702 1
110321 1
110724 1
114688 1
114952 1
115244 1
117947 1
120797 1
121922 1
121992 1
122880 2
123877 1
124356 1
124893 1
127371 2
127688 1
129765 1
129843 1
130747 1
130780 1
131072 3
131084 1
131666 1
133926 1
134012 1
134108 1
134218 2
136524 1
136717 1
139052 1
139056 1
139264 2
141736 1
145152 1
147456 3
148887 1
149061 1
149450 1
149548 1
152348 1
154864 1
155648 13
156544 1
158290 1
159418 1
160838 3
160938 2
161272 1
161866 1
163840 4
163952 1
165594 1
168136 1
172032 7
173723 1
173839 1
174884 1
179604 1
180284 1
180565 1
180789 1
180903 1
181649 1
182092 1
184506 1
184790 1
188416 3
190312 1
193374 1
196003 1
196608 3
197600 2
200628 1
204800 1
205121 1
207068 3
207216 2
212649 1
212992 5
221184 19
229376 16
229436 1
231532 1
232838 1
237668 1
239867 1
243014 1
243295 1
245760 15
246560 2
253952 2
268293 1
270336 2
277152 1
282119 1
290533 1
303104 1
307883 1
308654 1
312279 1
314713 1
322620 1
329708 1
336721 1
337220 1
337694 1
338162 1
338294 1
344064 1
347468 1
360256 2
376832 1
405540 1
425984 1
426096 1
442368 1
468138 1
479226 1
542132 1
558446 1
558814 1
558822 1
565248 2
573440 6
581632 4
584372 1
589824 5
598016 2
606208 2
608978 1
655360 1
663552 1
697309 1
723322 1
776762 1
802816 3
849572 1
873115 2
881540 1
1348639 1
1822673 1
2523136 1
3787974 1
3973120 2
4079646 1
8503270 1
18213735 1
18226961 1
19075195 1
