0 412
1 4
5 4
6 3
7 1
8 1
9 2
10 6
13 2
14 3
15 1
16 2
17 1
18 7
19 15
20 31
21 81
22 29
23 37
24 37
25 28
26 73
27 45
28 25
29 18
30 37
31 27
32 18
33 8
34 22
35 15
36 4
37 9
38 8
39 5
40 3
42 2
43 2
44 4
45 1
46 4
47 4
49 5
50 7
51 4
52 1
53 5
54 2
55 2
56 2
57 6
58 5
59 3
60 4
61 5
62 3
64 2
65 8
66 4
67 2
68 7
69 2
70 4
71 8
73 4
74 6
75 1
76 10
77 3
78 3
79 3
80 3
81 1
82 4
83 2
84 4
85 2
86 6
87 3
88 8
89 5
90 10
91 3
93 4
94 7
95 1
96 7
98 4
99 7
101 2
102 4
103 2
104 4
105 5
106 4
107 5
109 4
110 2
111 5
112 9
113 2
114 12
115 3
116 9
117 7
118 12
119 2
120 5
121 2
122 1
124 4
125 5
126 7
127 6
128 2
129 3
130 2
131 7
132 9
133 8
134 5
135 4
136 4
137 2
138 1
139 3
140 2
142 1
143 1
144 6
145 4
146 5
147 3
148 2
149 8
150 1
152 5
153 3
154 3
155 4
156 1
157 3
158 2
159 6
160 3
161 2
163 3
164 4
165 3
166 9
167 5
168 1
169 1
170 3
171 2
172 1
174 3
175 4
176 5
177 1
178 4
180 7
181 3
182 3
183 2
184 6
185 2
186 4
187 3
188 2
189 3
190 2
191 4
192 1
193 11
194 5
195 6
196 2
197 4
198 2
199 1
200 6
202 4
203 2
205 1
206 2
207 3
208 2
209 2
210 5
211 3
212 3
213 4
214 1
215 6
216 2
217 2
218 5
219 3
220 6
221 8
222 8
223 3
224 4
225 3
226 2
227 2
228 4
230 4
232 10
233 7
234 5
235 1
236 2
237 5
238 4
239 4
240 1
241 2
243 2
245 5
246 4
247 2
248 4
249 5
251 2
252 3
253 4
254 2
255 1
256 9
257 2
258 6
260 1
261 3
262 3
263 4
265 8
266 2
267 3
268 9
269 1
271 1
272 16
273 8
274 6
275 8
276 4
277 5
278 4
279 2
280 5
281 9
282 3
283 7
284 6
285 5
286 1
287 4
288 4
290 8
291 9
292 4
293 6
294 3
295 8
296 5
297 7
298 8
299 10
300 5
301 6
302 8
303 4
304 3
305 6
306 2
307 3
308 3
309 3
310 2
311 2
312 2
313 2
316 6
317 3
318 2
319 2
320 3
321 2
322 3
324 3
325 3
326 5
327 3
328 6
329 2
330 3
331 1
332 6
334 2
336 4
337 4
338 1
339 2
340 2
341 6
342 6
343 2
344 2
345 1
346 6
347 3
348 5
349 4
350 2
351 3
352 9
353 2
354 2
355 4
356 3
357 5
358 4
359 2
360 6
361 4
362 1
363 1
364 2
365 2
366 1
367 6
368 5
369 1
370 1
371 1
372 7
373 4
374 3
375 3
376 3
377 1
378 1
380 1
381 3
382 5
383 3
384 2
385 1
388 5
389 1
390 4
391 3
392 5
393 1
394 1
395 1
398 2
399 4
400 3
401 2
402 2
403 3
404 1
405 5
406 1
407 3
408 3
409 3
410 1
411 2
412 3
413 2
414 3
416 5
417 2
418 4
419 3
420 3
422 3
423 1
424 1
426 2
427 2
428 1
429 3
430 1
431 3
432 4
433 3
434 1
436 4
437 2
438 2
439 5
440 2
442 7
443 6
444 6
445 2
446 1
447 3
448 7
449 4
450 1
452 1
453 1
455 2
456 14
457 2
458 3
460 6
461 5
462 4
463 3
464 1
465 2
466 2
467 5
468 3
469 4
470 6
471 1
474 2
475 1
476 6
477 3
478 2
479 3
480 6
481 1
482 1
483 2
484 6
485 3
486 2
487 1
488 6
489 3
490 4
491 2
492 4
493 6
494 5
496 3
497 1
498 1
499 3
500 1
502 3
503 2
504 2
507 4
508 4
510 4
511 3
512 517
513 1
514 1
515 5
516 4
517 1
518 1
519 5
520 5
521 3
522 3
523 1
524 3
525 1
526 1
527 4
528 1
530 3
531 3
532 2
534 1
535 6
536 4
537 4
538 2
539 1
540 4
541 4
543 8
544 3
545 2
546 3
547 3
548 6
549 5
550 1
551 3
552 5
553 6
554 5
555 4
556 5
557 5
559 1
560 1
561 2
562 2
563 1
564 3
565 2
566 3
567 3
568 1
571 5
574 1
575 3
577 1
578 1
579 1
580 4
582 1
583 1
584 2
585 1
587 1
588 3
589 1
590 2
591 1
592 1
593 2
594 1
595 3
596 5
598 1
599 2
600 2
601 5
602 1
603 1
604 7
605 2
606 2
607 2
608 1
610 2
611 2
612 4
614 1
615 6
616 2
620 4
621 4
622 4
624 6
625 3
626 3
627 4
628 2
629 4
630 3
631 2
632 5
634 1
635 2
636 3
637 1
638 7
639 3
640 4
641 2
642 8
644 2
645 5
647 4
648 4
649 7
650 2
651 2
652 4
653 3
654 2
655 1
656 3
657 6
658 4
659 6
660 4
661 2
662 1
663 3
664 5
665 5
666 1
669 2
672 4
673 1
674 4
675 3
676 4
677 1
678 2
679 7
680 4
684 5
686 3
687 2
688 3
689 3
692 2
693 2
694 2
695 2
696 3
698 3
699 4
700 1
701 1
702 4
703 3
704 12
705 3
706 2
707 2
708 9
709 2
710 4
712 4
713 3
714 2
715 1
716 3
717 2
718 1
719 4
720 2
722 1
723 3
724 2
727 2
728 4
730 2
731 3
732 1
733 3
734 2
735 3
736 12
737 1
738 5
739 2
740 8
741 1
744 2
746 1
747 3
748 1
749 1
750 5
752 4
753 4
754 3
755 3
756 10
757 3
758 2
759 4
760 9
761 1
763 4
765 2
767 1
768 1
769 1
770 2
771 2
772 1
773 1
774 2
776 2
778 2
779 14
780 1
781 1
782 1
783 2
784 3
785 2
786 2
787 2
788 6
789 1
790 4
791 1
792 7
793 5
794 1
796 5
797 2
798 2
799 2
800 4
801 8
802 1
804 6
805 2
806 2
807 6
808 7
809 1
811 1
812 3
813 3
814 1
815 4
816 1
818 2
819 2
820 5
821 3
822 1
823 3
824 5
825 3
826 1
827 3
828 4
829 1
830 3
831 1
832 5
833 5
834 2
835 2
836 5
837 1
839 4
840 5
841 5
842 2
843 1
844 3
845 1
847 3
848 6
849 2
851 8
852 3
853 3
854 1
855 3
856 4
857 2
860 1
861 3
863 1
864 7
865 1
866 2
868 2
869 2
870 4
871 5
872 1
873 3
874 1
875 3
876 9
877 3
878 3
879 3
880 2
881 1
882 3
884 10
885 2
886 1
887 3
888 5
889 5
890 1
891 2
893 1
895 2
896 10
897 1
898 2
899 4
900 3
901 2
902 2
903 4
904 1
905 2
906 1
907 2
909 4
910 1
911 3
912 3
914 1
915 1
916 7
917 1
918 7
919 1
920 5
921 1
922 1
923 1
924 1
926 2
928 8
929 5
930 2
931 2
932 4
933 1
934 1
935 1
936 3
937 3
938 1
939 2
940 4
941 1
942 2
943 1
944 1
946 3
948 6
949 3
950 3
951 4
952 8
953 3
954 3
955 2
956 2
957 3
958 1
959 1
960 1
962 8
963 1
964 2
965 2
966 2
967 1
968 4
969 1
970 10
971 1
972 1
973 2
974 5
975 3
976 5
977 2
978 2
979 3
980 3
981 4
982 1
983 3
984 5
985 3
986 2
988 2
991 1
992 8
993 1
994 3
995 2
996 5
998 1
999 4
1000 5
1001 1
1002 5
1004 1
1005 1
1007 3
1008 2
1009 5
1010 2
1011 5
1012 2
1013 3
1015 1
1016 4
1017 1
1018 1
1019 3
1020 4
1021 2
1023 1
1024 74
1027 1
1028 11
1029 1
1030 2
1031 2
1032 4
1033 2
1034 5
1035 2
1036 7
1038 2
1039 1
1040 7
1041 6
1042 1
1043 5
1044 1
1046 5
1048 2
1051 4
1052 6
1053 3
1054 1
1055 3
1056 5
1057 2
1058 5
1059 1
1060 1
1061 1
1062 2
1063 1
1064 1
1065 2
1066 2
1067 5
1068 3
1069 2
1070 5
1072 2
1073 3
1074 3
1076 2
1077 3
1078 1
1080 2
1081 1
1082 1
1083 4
1084 4
1085 1
1086 3
1087 3
1088 3
1089 3
1091 2
1092 3
1093 1
1094 1
1095 3
1096 1
1097 3
1099 1
1100 3
1101 2
1104 2
1106 2
1108 2
1109 1
1110 3
1112 3
1113 2
1114 4
1115 6
1116 2
1117 3
1118 1
1120 4
1122 1
1123 2
1124 5
1125 1
1126 4
1130 4
1131 3
1132 1
1133 3
1134 1
1135 1
1136 2
1137 2
1138 3
1139 1
1142 1
1143 3
1144 1
1145 2
1147 1
1148 1
1149 2
1150 1
1152 2
1154 1
1155 1
1156 2
1157 3
1158 2
1160 2
1161 3
1162 3
1164 10
1165 1
1166 1
1167 4
1170 2
1171 3
1172 1
1173 2
1174 2
1175 3
1176 4
1178 4
1179 1
1183 1
1184 8
1185 8
1186 3
1187 5
1188 2
1189 2
1190 3
1191 1
1192 1
1193 2
1194 4
1195 1
1196 3
1197 3
1200 2
1201 3
1202 1
1204 4
1207 1
1208 13
1209 3
1210 1
1211 1
1212 1
1213 2
1214 3
1215 1
1216 3
1218 2
1219 3
1220 3
1221 5
1222 4
1223 2
1224 11
1226 3
1227 1
1228 12
1229 2
1231 1
1232 3
1233 3
1235 2
1236 9
1237 2
1238 3
1239 4
1240 7
1241 2
1244 4
1245 4
1246 2
1247 3
1248 8
1250 1
1252 8
1253 2
1254 2
1255 6
1256 1
1257 1
1258 3
1259 1
1260 10
1261 2
1262 3
1264 8
1265 1
1266 3
1267 4
1268 11
1271 2
1272 6
1273 3
1274 3
1275 2
1276 6
1277 1
1279 1
1280 9
1281 3
1282 1
1283 4
1284 1
1285 2
1287 2
1288 4
1289 2
1290 5
1291 1
1292 7
1293 3
1294 1
1295 1
1296 17
1297 2
1298 2
1299 1
1300 7
1301 2
1302 2
1303 1
1304 4
1305 1
1306 1
1307 2
1308 10
1310 3
1311 1
1312 1
1314 3
1316 6
1319 2
1320 3
1321 3
1322 2
1323 1
1324 2
1325 1
1326 1
1327 4
1328 4
1329 2
1331 2
1332 3
1333 2
1334 1
1335 1
1336 3
1337 5
1338 1
1339 5
1340 6
1343 3
1344 4
1345 1
1346 3
1348 3
1349 5
1350 3
1352 2
1353 3
1356 4
1358 1
1359 5
1360 3
1361 3
1362 2
1363 3
1364 1
1365 6
1366 2
1367 1
1368 2
1370 3
1371 3
1372 6
1374 5
1375 2
1376 9
1377 2
1378 3
1379 1
1380 6
1381 1
1382 1
1383 1
1384 3
1385 1
1386 1
1387 2
1388 11
1389 2
1390 1
1391 4
1392 11
1393 4
1395 3
1396 5
1397 1
1398 4
1399 1
1400 2
1401 1
1403 3
1404 2
1407 1
1408 7
1409 1
1411 3
1412 8
1413 1
1414 3
1415 3
1416 4
1417 1
1418 2
1419 1
1420 8
1421 1
1422 2
1423 4
1424 6
1426 1
1427 3
1428 5
1429 1
1430 3
1431 2
1432 8
1433 7
1434 1
1435 3
1436 2
1437 1
1438 1
1439 3
1440 4
1441 3
1444 7
1446 4
1448 3
1449 9
1450 1
1451 5
1452 6
1453 1
1454 1
1455 1
1456 7
1457 1
1458 4
1459 1
1460 8
1461 4
1462 3
1463 3
1464 78
1465 1
1468 5
1471 1
1472 8
1473 1
1474 2
1475 4
1476 8
1477 2
1478 2
1479 2
1480 4
1481 1
1483 1
1485 4
1486 4
1487 3
1488 8
1489 3
1491 1
1492 2
1493 2
1494 8
1495 1
1496 3
1499 1
1500 3
1501 4
1503 3
1504 7
1505 2
1506 2
1507 7
1508 7
1509 2
1510 2
1512 3
1513 2
1514 1
1515 1
1516 5
1517 4
1518 2
1520 8
1523 2
1524 6
1525 2
1526 1
1528 16
1529 1
1530 3
1531 2
1532 6
1533 1
1535 1
1536 29
1537 3
1538 2
1539 2
1540 3
1541 5
1542 1
1543 2
1544 5
1546 2
1547 4
1548 3
1549 1
1550 1
1551 1
1552 1
1553 2
1555 2
1556 4
1557 1
1558 1
1560 12
1561 2
1562 1
1563 2
1564 5
1565 2
1567 1
1568 1
1569 1
1570 3
1572 4
1574 4
1575 3
1576 2
1577 3
1578 2
1579 1
1580 5
1581 1
1582 1
1583 2
1584 2
1585 2
1588 2
1589 3
1590 1
1591 3
1592 2
1593 2
1594 4
1595 1
1596 5
1597 1
1599 1
1600 7
1601 1
1603 3
1604 2
1605 5
1606 2
1607 1
1608 2
1610 3
1611 1
1612 4
1613 2
1615 1
1616 1
1618 2
1619 1
1620 5
1621 3
1622 1
1623 1
1624 4
1625 3
1626 2
1627 2
1628 3
1629 2
1630 2
1632 4
1634 3
1635 1
1636 8
1637 1
1638 3
1639 1
1640 5
1641 2
1642 3
1643 1
1644 4
1646 3
1647 1
1648 8
1650 6
1651 1
1652 3
1653 1
1654 3
1655 1
1656 5
1658 2
1659 2
1660 2
1662 6
1664 1
1665 1
1666 1
1668 5
1670 1
1672 7
1673 3
1674 2
1676 2
1677 1
1678 2
1679 4
1680 2
1684 1
1685 1
1686 6
1688 4
1689 3
1690 2
1691 2
1692 7
1693 7
1694 2
1695 1
1696 2
1697 3
1698 1
1699 5
1700 4
1701 3
1702 2
1703 3
1704 1
1705 4
1706 4
1707 1
1708 6
1709 6
1710 2
1711 4
1712 1
1713 1
1714 5
1715 2
1716 3
1717 3
1718 4
1719 1
1720 1
1721 4
1722 1
1723 1
1725 2
1728 4
1732 1
1733 5
1734 4
1736 3
1737 5
1738 1
1739 2
1740 3
1741 1
1742 1
1743 1
1744 2
1746 1
1749 6
1750 1
1751 4
1752 2
1753 1
1754 2
1755 2
1756 3
1757 1
1758 2
1759 2
1760 2
1762 2
1763 6
1764 3
1765 3
1767 1
1768 7
1769 4
1770 3
1771 2
1772 10
1774 6
1775 15
1776 4
1777 14
1778 3
1779 9
1780 9
1781 7
1782 9
1783 4
1784 10
1785 3
1786 4
1787 1
1788 5
1790 3
1791 1
1794 3
1795 1
1796 1
1797 1
1799 1
1800 5
1802 2
1803 1
1804 4
1805 3
1806 4
1808 11
1809 4
1810 2
1811 1
1812 9
1813 2
1814 2
1815 2
1816 15
1817 2
1818 3
1820 12
1821 1
1824 12
1826 1
1827 4
1828 11
1829 2
1830 1
1831 2
1832 9
1833 1
1835 1
1836 10
1838 3
1839 1
1840 12
1842 3
1843 1
1844 12
1845 1
1846 1
1847 2
1848 8
1849 1
1850 4
1851 1
1852 5
1853 2
1854 2
1855 1
1856 6
1858 1
1859 2
1860 9
1861 3
1862 3
1863 3
1864 3
1868 2
1869 2
1870 4
1871 4
1872 3
1873 4
1874 3
1875 3
1876 5
1877 2
1878 1
1880 6
1881 1
1883 3
1884 2
1885 3
1886 10
1887 3
1888 2
1889 5
1891 1
1892 1
1893 2
1895 7
1896 2
1897 4
1898 7
1899 1
1900 1
1902 1
1904 6
1905 1
1907 3
1908 2
1909 2
1911 6
1912 2
1913 4
1914 1
1915 2
1916 5
1918 4
1919 3
1920 1
1921 1
1923 2
1924 3
1925 2
1926 1
1927 1
1928 3
1930 5
1931 2
1932 6
1933 2
1934 2
1936 2
1937 3
1938 1
1939 1
1940 1
1941 1
1942 1
1945 1
1947 2
1948 3
1949 1
1950 2
1951 1
1952 4
1953 1
1954 1
1955 3
1956 1
1957 7
1959 2
1960 4
1961 1
1962 1
1963 1
1964 1
1965 3
1966 1
1968 7
1969 1
1970 1
1971 2
1972 1
1973 5
1975 1
1976 4
1979 2
1980 1
1981 3
1982 1
1983 2
1984 6
1985 1
1987 4
1988 7
1991 1
1992 3
1993 5
1996 7
1998 1
2000 9
2002 1
2003 2
2004 2
2005 1
2007 4
2008 6
2009 4
2010 2
2011 3
2012 14
2013 3
2014 2
2015 1
2016 4
2017 2
2018 2
2019 2
2020 1
2021 4
2022 3
2024 3
2027 1
2028 2
2031 2
2032 6
2034 1
2035 2
2036 2
2037 2
2038 3
2040 2
2041 2
2044 2
2045 2
2047 1
2048 15
2049 4
2051 1
2052 4
2053 3
2054 1
2055 5
2056 1
2057 3
2058 2
2060 1
2062 1
2063 2
2064 4
2065 5
2066 3
2068 4
2069 2
2071 2
2072 2
2076 4
2077 1
2078 2
2079 2
2080 2
2081 1
2082 1
2084 6
2085 4
2088 1
2089 1
2090 1
2092 4
2093 1
2094 6
2095 1
2096 4
2098 2
2099 1
2100 3
2104 3
2106 2
2108 1
2109 1
2110 3
2114 4
2116 1
2117 1
2118 3
2119 1
2120 1
2122 1
2123 4
2126 1
2127 1
2128 4
2129 3
2130 1
2131 3
2132 3
2133 3
2134 1
2135 2
2136 4
2137 1
2139 2
2140 4
2142 3
2143 1
2144 6
2146 1
2147 1
2149 1
2150 3
2153 1
2154 4
2155 1
2156 7
2158 1
2159 2
2160 3
2161 4
2163 3
2164 3
2165 5
2168 2
2169 2
2170 2
2172 6
2174 1
2176 5
2177 2
2178 5
2179 2
2180 1
2181 1
2182 1
2185 5
2186 4
2189 2
2190 3
2191 2
2192 4
2195 3
2197 1
2199 2
2200 7
2201 1
2202 1
2203 2
2204 4
2205 2
2206 3
2208 8
2212 17
2213 2
2214 1
2215 1
2216 6
2217 2
2218 1
2220 5
2221 1
2222 2
2223 2
2224 1
2225 4
2227 1
2230 3
2231 3
2232 2
2233 1
2234 1
2235 2
2236 5
2239 3
2240 4
2243 1
2244 2
2245 1
2246 3
2248 4
2250 4
2251 2
2252 3
2253 1
2255 1
2256 2
2257 6
2258 1
2260 6
2261 2
2262 2
2263 4
2264 2
2265 2
2266 1
2267 1
2271 2
2272 3
2273 1
2274 1
2275 2
2276 2
2277 2
2278 1
2279 1
2280 2
2281 2
2283 2
2284 4
2285 2
2287 6
2288 2
2290 1
2291 2
2292 5
2293 4
2294 2
2295 1
2296 5
2297 2
2299 1
2300 2
2302 3
2304 6
2307 2
2308 7
2311 5
2312 2
2314 4
2316 2
2317 4
2318 3
2319 1
2320 2
2321 1
2322 2
2324 1
2325 1
2326 1
2328 6
2329 2
2331 4
2332 5
2333 1
2336 4
2337 1
2338 1
2339 2
2340 3
2342 2
2343 1
2344 1
2345 1
2346 1
2347 1
2350 6
2351 1
2353 2
2354 3
2355 2
2356 2
2359 1
2360 4
2361 1
2362 2
2364 2
2365 1
2368 5
2370 4
2371 2
2372 1
2373 2
2374 1
2375 4
2376 2
2377 1
2378 1
2379 1
2380 2
2382 2
2383 1
2384 2
2386 2
2389 1
2390 2
2392 4
2393 2
2394 2
2395 5
2396 2
2397 1
2398 1
2399 1
2400 2
2401 2
2402 4
2404 5
2406 1
2408 2
2409 3
2411 1
2414 1
2416 2
2417 1
2418 2
2419 1
2420 1
2422 1
2424 3
2425 1
2426 1
2427 1
2428 1
2429 4
2430 3
2432 2
2433 1
2434 1
2437 1
2438 1
2440 2
2441 1
2442 1
2443 1
2444 3
2445 3
2446 3
2448 3
2449 4
2450 3
2451 1
2452 3
2453 2
2455 2
2456 2
2457 1
2459 3
2460 5
2462 1
2463 3
2464 2
2465 3
2467 3
2468 6
2469 2
2471 2
2472 3
2474 1
2475 3
2476 3
2477 2
2478 2
2479 1
2480 1
2482 2
2483 1
2484 1
2487 1
2491 1
2492 1
2493 1
2494 1
2495 1
2496 4
2498 2
2500 8
2503 1
2504 2
2505 1
2507 3
2509 4
2510 1
2514 3
2515 1
2517 2
2518 2
2519 1
2522 2
2523 2
2526 1
2528 2
2530 1
2531 1
2532 5
2533 1
2536 1
2540 2
2541 2
2542 4
2543 1
2545 1
2546 1
2548 1
2550 1
2551 1
2552 1
2553 1
2555 3
2556 1
2557 3
2558 3
2560 11
2562 1
2563 1
2564 5
2565 3
2567 1
2568 1
2569 1
2572 2
2573 2
2574 6
2575 2
2576 2
2577 4
2578 1
2580 1
2581 1
2583 2
2585 1
2588 3
2590 1
2591 3
2592 3
2593 1
2595 1
2596 1
2597 1
2598 1
2600 1
2601 1
2602 1
2605 3
2606 2
2608 5
2609 2
2610 1
2613 2
2614 1
2615 2
2616 5
2617 2
2618 2
2620 4
2622 2
2623 1
2624 3
2626 1
2628 3
2629 1
2630 1
2631 2
2632 1
2633 1
2634 1
2636 1
2639 2
2641 2
2644 1
2645 3
2646 1
2647 1
2648 3
2649 1
2651 1
2653 4
2654 2
2656 2
2657 1
2658 1
2659 2
2660 1
2663 3
2664 1
2665 2
2666 1
2667 1
2668 2
2669 3
2670 1
2671 1
2672 1
2674 1
2675 1
2676 1
2677 4
2678 1
2680 1
2681 3
2683 1
2684 3
2687 3
2688 2
2691 1
2692 4
2693 1
2696 5
2698 2
2699 2
2700 5
2701 1
2702 1
2704 2
2705 1
2707 1
2709 2
2710 1
2711 1
2712 1
2713 1
2714 1
2715 2
2717 2
2720 1
2721 2
2722 1
2724 1
2726 2
2728 1
2732 3
2736 1
2737 2
2739 2
2740 2
2742 1
2746 3
2749 3
2751 1
2752 1
2753 1
2754 1
2755 1
2757 1
2758 1
2759 1
2760 1
2761 2
2762 1
2765 1
2767 2
2768 1
2769 1
2770 7
2771 1
2772 2
2773 1
2775 1
2777 2
2778 3
2779 1
2780 1
2783 1
2784 2
2785 1
2787 1
2788 3
2791 2
2794 3
2795 5
2796 1
2798 2
2800 2
2801 1
2802 2
2803 1
2804 3
2805 1
2806 1
2807 2
2808 3
2809 2
2810 4
2811 1
2812 1
2813 1
2814 2
2816 2
2817 1
2818 3
2819 1
2822 2
2825 1
2828 1
2830 1
2831 2
2832 1
2834 1
2836 1
2837 2
2838 1
2840 3
2843 3
2844 1
2846 1
2849 2
2850 1
2851 2
2852 2
2853 1
2855 1
2856 2
2858 2
2859 3
2861 2
2865 2
2866 2
2867 1
2868 1
2869 1
2870 1
2871 1
2872 3
2875 3
2876 2
2877 1
2880 1
2881 1
2884 3
2888 4
2889 1
2890 1
2893 3
2896 1
2898 1
2899 2
2900 1
2901 2
2902 4
2903 2
2904 5
2905 1
2907 1
2908 3
2909 1
2911 1
2912 2
2913 2
2914 3
2915 1
2916 6
2917 2
2918 1
2920 6
2921 2
2924 2
2930 3
2931 1
2932 2
2933 2
2936 1
2937 1
2939 1
2940 2
2941 1
2942 1
2943 2
2944 2
2946 2
2948 3
2949 2
2951 1
2953 1
2954 1
2957 2
2958 1
2959 2
2960 1
2961 3
2962 3
2968 1
2969 2
2971 1
2972 3
2973 2
2974 1
2975 2
2977 1
2978 2
2979 1
2980 2
2983 1
2984 2
2985 1
2986 1
2989 1
2990 1
2992 2
2994 2
2995 2
2996 1
2997 1
2999 3
3001 3
3003 3
3004 5
3007 1
3008 1
3009 1
3010 1
3013 2
3014 1
3016 4
3017 1
3018 1
3019 1
3020 3
3021 1
3025 1
3026 1
3027 2
3028 2
3032 1
3033 2
3034 1
3035 1
3036 3
3037 1
3038 1
3040 1
3041 4
3042 2
3043 1
3044 4
3045 1
3046 1
3047 2
3048 4
3050 2
3052 3
3054 1
3055 1
3056 1
3058 1
3060 2
3063 1
3064 3
3065 1
3066 2
3068 1
3072 3
3073 4
3074 1
3076 1
3077 2
3079 2
3080 4
3082 2
3083 2
3085 1
3086 2
3087 3
3088 1
3089 1
3090 2
3092 3
3094 1
3095 1
3096 2
3098 2
3099 1
3100 1
3102 1
3104 4
3106 4
3107 2
3109 1
3110 2
3111 1
3112 2
3113 1
3114 1
3115 2
3116 1
3118 2
3119 2
3120 1
3122 1
3123 4
3124 3
3125 2
3126 2
3127 2
3128 4
3129 4
3130 2
3131 5
3132 3
3133 1
3134 4
3138 2
3140 4
3142 1
3144 2
3146 1
3147 2
3148 1
3149 2
3152 4
3154 3
3155 2
3156 3
3157 3
3159 3
3160 1
3161 4
3163 3
3164 3
3165 2
3166 1
3167 1
3168 1
3169 1
3170 1
3171 1
3172 3
3173 3
3174 2
3176 1
3177 3
3178 2
3179 3
3180 4
3182 1
3183 1
3184 3
3185 5
3186 1
3188 3
3189 1
3190 2
3191 1
3192 2
3193 1
3196 2
3197 2
3198 1
3200 2
3201 2
3202 2
3203 1
3205 2
3206 4
3207 1
3208 1
3209 1
3210 3
3211 1
3212 3
3213 2
3215 1
3216 2
3217 4
3218 1
3219 3
3220 5
3222 2
3224 6
3226 1
3227 1
3228 4
3229 2
3230 1
3231 3
3232 4
3233 2
3234 2
3237 1
3240 1
3241 1
3242 3
3244 1
3246 1
3247 1
3248 4
3249 3
3252 2
3253 1
3254 2
3255 2
3257 1
3258 2
3264 2
3265 1
3268 1
3269 1
3270 1
3271 1
3272 1
3274 1
3275 3
3278 4
3279 3
3280 1
3282 2
3283 4
3284 1
3285 2
3286 2
3287 2
3288 2
3289 1
3290 4
3292 2
3293 3
3294 1
3295 3
3296 3
3297 2
3299 3
3300 2
3302 4
3304 2
3305 4
3306 2
3307 1
3308 3
3309 1
3310 4
3311 4
3312 3
3313 1
3314 2
3316 2
3317 2
3319 4
3321 1
3323 1
3324 1
3325 3
3326 2
3327 1
3329 2
3330 2
3331 1
3332 1
3333 1
3334 3
3336 1
3338 1
3339 3
3340 2
3343 4
3347 2
3348 1
3350 1
3352 1
3353 1
3355 2
3356 1
3357 4
3358 4
3360 1
3364 1
3366 1
3367 1
3368 1
3370 1
3372 4
3373 3
3374 1
3375 1
3376 2
3377 1
3378 2
3379 1
3380 1
3385 2
3386 1
3387 1
3388 2
3389 2
3392 3
3393 2
3394 1
3395 1
3396 2
3397 1
3398 1
3399 1
3400 3
3401 3
3402 2
3403 1
3404 2
3407 3
3408 1
3409 2
3410 1
3411 3
3412 2
3413 1
3416 2
3417 4
3419 3
3421 1
3422 1
3423 1
3425 1
3426 3
3427 1
3428 1
3429 1
3430 2
3431 1
3432 1
3433 1
3435 1
3436 3
3437 1
3438 1
3439 4
3440 1
3441 1
3442 4
3446 2
3448 1
3450 1
3452 2
3453 3
3454 7
3455 1
3456 2
3457 1
3458 3
3459 2
3460 2
3461 4
3464 1
3465 1
3466 1
3467 1
3468 2
3469 1
3471 1
3472 1
3473 1
3480 1
3484 1
3485 1
3486 2
3487 1
3488 6
3489 2
3492 3
3493 1
3494 8
3495 1
3496 2
3497 1
3499 2
3503 1
3504 1
3505 2
3507 1
3509 2
3510 1
3511 1
3512 1
3514 1
3515 3
3520 3
3521 1
3522 2
3524 1
3525 1
3526 2
3527 4
3528 1
3529 1
3531 1
3533 3
3535 2
3536 3
3540 3
3542 1
3544 1
3545 2
3548 1
3549 1
3551 4
3554 4
3556 3
3557 1
3560 1
3561 2
3562 1
3563 2
3564 1
3567 1
3568 2
3569 2
3571 1
3572 1
3573 1
3574 2
3576 2
3577 2
3578 4
3579 2
3580 4
3582 2
3583 2
3584 7
3586 1
3587 2
3588 2
3589 1
3590 3
3594 1
3595 3
3596 2
3597 3
3598 2
3600 1
3601 1
3602 4
3603 2
3606 4
3607 4
3608 2
3609 2
3610 4
3611 1
3613 1
3615 2
3616 6
3617 1
3618 5
3619 2
3622 1
3624 4
3627 1
3628 2
3629 2
3630 1
3632 3
3634 3
3635 1
3636 2
3637 4
3640 4
3641 3
3643 4
3647 1
3648 1
3649 1
3652 1
3653 2
3655 1
3656 3
3657 1
3658 2
3659 1
3660 2
3661 1
3666 1
3667 1
3668 2
3670 1
3671 1
3672 1
3673 2
3674 1
3675 4
3676 3
3677 2
3678 1
3679 2
3680 4
3681 3
3682 4
3683 8
3684 1
3685 3
3686 2
3687 3
3688 5
3689 3
3690 2
3691 7
3692 1
3693 6
3694 4
3695 2
3696 3
3697 4
3698 1
3699 1
3700 1
3701 3
3702 1
3703 3
3704 4
3705 3
3706 2
3707 3
3708 1
3709 1
3710 2
3712 3
3714 1
3716 4
3717 2
3718 3
3719 3
3720 1
3721 1
3722 1
3723 1
3724 2
3725 1
3726 1
3727 1
3730 2
3732 1
3736 3
3737 1
3739 1
3740 3
3742 1
3743 2
3744 1
3745 1
3746 1
3748 1
3749 4
3750 1
3753 2
3754 3
3755 1
3760 2
3761 2
3764 2
3765 2
3766 1
3772 5
3773 1
3774 2
3776 2
3777 3
3779 2
3780 1
3783 1
3784 1
3785 2
3787 5
3788 2
3790 2
3791 2
3793 1
3795 2
3796 2
3797 1
3798 2
3799 1
3800 1
3801 1
3802 2
3803 1
3804 2
3806 3
3807 1
3809 1
3810 2
3812 1
3815 3
3816 1
3819 1
3820 6
3821 2
3824 1
3825 1
3826 1
3828 2
3829 2
3831 3
3832 4
3834 1
3835 5
3839 2
3840 1
3841 2
3842 1
3843 1
3844 1
3845 2
3847 3
3848 2
3849 1
3850 3
3851 1
3852 1
3854 1
3857 4
3858 2
3863 2
3865 1
3866 1
3867 5
3868 4
3871 1
3872 1
3877 2
3878 2
3879 1
3880 5
3883 1
3884 2
3886 1
3887 3
3888 2
3889 1
3891 1
3892 1
3895 1
3896 2
3897 1
3898 3
3901 1
3902 3
3905 1
3907 1
3908 6
3909 2
3910 1
3912 1
3913 1
3915 1
3916 2
3917 4
3918 2
3922 4
3924 1
3925 2
3929 3
3930 1
3931 1
3932 5
3933 1
3934 3
3936 2
3938 2
3939 1
3940 1
3941 1
3942 2
3943 1
3944 1
3945 2
3948 4
3949 2
3951 1
3953 1
3954 1
3955 1
3956 3
3958 1
3959 2
3960 1
3961 1
3962 3
3963 2
3964 2
3965 3
3967 1
3970 1
3971 3
3973 2
3974 1
3976 1
3977 1
3980 2
3981 2
3983 2
3984 2
3987 1
3988 2
3989 3
3990 1
3993 1
3995 2
3996 3
3997 1
3999 1
4000 1
4001 2
4003 1
4004 1
4007 3
4008 2
4010 1
4012 1
4014 2
4015 2
4016 2
4018 1
4019 2
4020 1
4021 2
4022 2
4024 2
4025 1
4027 1
4028 2
4029 1
4030 3
4031 1
4032 1
4036 1
4038 1
4039 1
4040 1
4044 1
4045 1
4049 1
4052 1
4053 1
4055 1
4056 1
4057 1
4059 3
4062 1
4064 3
4066 4
4067 1
4068 4
4069 1
4071 1
4072 2
4073 1
4076 3
4078 2
4079 1
4080 2
4081 5
4082 1
4083 1
4084 3
4085 1
4086 1
4087 1
4088 1
4092 1
4093 1
4095 1
4096 6
4097 2
4100 2
4103 1
4104 1
4108 2
4109 2
4111 2
4112 1
4113 1
4114 1
4115 2
4116 2
4120 2
4123 1
4124 1
4126 2
4127 1
4131 1
4132 1
4133 1
4135 2
4136 2
4137 2
4138 1
4139 1
4140 2
4144 1
4146 1
4148 3
4149 4
4150 4
4152 1
4153 1
4156 1
4158 2
4163 2
4170 1
4172 2
4174 3
4175 3
4176 5
4177 1
4180 4
4181 3
4184 4
4185 1
4186 2
4188 3
4189 1
4191 2
4192 2
4193 1
4194 1
4195 1
4196 3
4197 1
4199 1
4200 2
4201 1
4206 1
4207 2
4208 2
4210 1
4212 3
4214 2
4215 2
4216 2
4218 1
4220 2
4221 1
4224 1
4229 1
4231 1
4232 3
4234 2
4236 1
4239 3
4240 2
4241 1
4244 2
4245 1
4248 2
4250 1
4252 1
4255 2
4256 6
4257 1
4260 1
4263 1
4264 4
4265 2
4267 3
4268 4
4269 1
4270 1
4272 1
4273 2
4274 3
4278 1
4280 1
4281 1
4282 1
4283 1
4284 1
4286 1
4288 2
4289 1
4292 2
4293 1
4295 2
4296 4
4298 2
4300 2
4301 2
4303 2
4304 3
4305 3
4307 3
4308 2
4310 2
4311 2
4316 2
4318 2
4319 2
4320 2
4321 2
4322 1
4324 1
4325 2
4326 1
4328 1
4330 3
4332 1
4333 1
4334 5
4338 1
4339 1
4340 2
4341 1
4343 1
4351 1
4352 2
4353 1
4354 2
4355 1
4356 1
4358 2
4359 1
4360 2
4362 1
4364 3
4365 1
4366 1
4367 1
4368 2
4369 1
4372 1
4373 1
4375 1
4376 1
4377 1
4379 3
4380 5
4382 2
4383 1
4384 2
4388 2
4389 2
4391 2
4392 3
4393 1
4396 2
4397 1
4398 1
4399 1
4400 4
4401 1
4402 2
4403 1
4404 2
4405 1
4406 2
4407 1
4408 1
4409 2
4413 2
4416 3
4417 1
4418 1
4420 2
4421 1
4422 1
4424 1
4426 1
4427 1
4428 1
4430 2
4431 1
4432 3
4435 1
4436 4
4437 1
4438 2
4439 1
4440 1
4443 1
4445 1
4446 1
4447 3
4448 2
4449 1
4451 2
4452 3
4453 1
4454 2
4455 2
4456 2
4458 1
4459 1
4460 1
4461 1
4463 2
4464 4
4468 3
4469 1
4472 2
4473 1
4474 1
4475 1
4476 1
4482 2
4484 2
4486 1
4487 1
4488 2
4489 4
4490 1
4491 1
4493 3
4498 4
4500 1
4501 2
4502 1
4505 2
4506 2
4507 2
4508 1
4511 2
4512 1
4516 1
4519 2
4522 2
4523 2
4524 1
4525 2
4527 2
4528 3
4532 3
4534 3
4537 1
4538 1
4540 3
4541 2
4543 1
4544 2
4545 1
4547 1
4550 4
4552 2
4555 1
4559 1
4560 3
4561 1
4564 1
4567 2
4569 2
4570 1
4571 2
4573 1
4576 6
4577 2
4578 2
4579 2
4580 4
4583 2
4587 1
4588 1
4589 1
4592 2
4593 1
4594 1
4596 2
4597 2
4603 1
4605 1
4606 1
4608 10
4609 3
4610 2
4612 1
4613 3
4614 1
4620 3
4621 1
4624 1
4628 1
4629 1
4630 2
4631 1
4632 2
4636 2
4637 1
4638 1
4639 2
4640 4
4641 1
4642 2
4644 3
4645 1
4648 3
4652 6
4655 1
4656 1
4657 2
4658 2
4660 1
4663 1
4664 3
4667 4
4668 1
4672 2
4675 2
4676 3
4678 1
4679 1
4681 1
4688 2
4689 2
4691 1
4692 3
4693 4
4695 1
4696 1
4700 1
4701 1
4703 2
4704 3
4706 1
4708 1
4709 2
4712 7
4715 1
4716 1
4718 1
4720 1
4722 1
4724 1
4728 4
4729 1
4730 3
4731 1
4732 1
4739 1
4740 2
4741 1
4743 1
4744 2
4745 1
4749 2
4756 2
4757 1
4759 1
4760 1
4761 1
4762 1
4763 2
4764 2
4765 2
4768 2
4775 1
4776 1
4777 2
4778 2
4780 3
4784 1
4787 2
4788 2
4791 1
4792 2
4793 1
4795 1
4800 3
4804 2
4807 2
4808 2
4810 1
4811 1
4813 1
4816 2
4820 1
4823 1
4828 1
4831 1
4836 4
4837 3
4838 2
4840 2
4841 1
4842 1
4843 3
4844 1
4847 1
4849 1
4852 1
4854 1
4855 1
4856 3
4859 2
4861 1
4864 1
4866 2
4868 1
4872 3
4873 1
4874 1
4876 3
4878 1
4880 2
4882 2
4883 1
4884 5
4885 2
4886 1
4888 4
4889 4
4891 1
4893 1
4895 2
4896 1
4898 1
4900 5
4902 4
4904 2
4908 1
4909 1
4911 1
4912 4
4913 1
4915 1
4916 4
4922 1
4924 2
4926 1
4927 2
4928 3
4929 2
4933 1
4935 1
4936 1
4942 1
4944 1
4948 5
4949 2
4951 3
4952 5
4953 2
4956 3
4958 1
4959 1
4960 3
4961 1
4963 1
4964 1
4967 2
4968 3
4972 3
4975 1
4976 2
4977 2
4979 1
4980 2
4984 2
4985 1
4987 1
4988 4
4989 4
4990 2
4991 1
4992 1
4996 3
4997 1
4998 1
4999 3
5000 2
5002 1
5003 1
5004 1
5005 1
5007 1
5008 1
5009 1
5011 1
5012 1
5015 3
5016 1
5017 4
5019 1
5020 3
5021 3
5024 2
5025 1
5027 1
5028 2
5029 3
5031 2
5034 1
5035 1
5036 4
5037 1
5038 1
5040 1
5045 1
5048 4
5051 2
5054 1
5056 2
5059 1
5061 1
5064 2
5065 2
5067 1
5068 4
5070 1
5071 2
5072 4
5073 1
5075 1
5076 5
5077 4
5080 2
5081 1
5082 1
5084 4
5085 5
5088 4
5089 3
5090 1
5091 1
5092 2
5093 4
5095 2
5096 2
5100 4
5102 1
5103 1
5104 3
5105 1
5106 2
5110 1
5112 6
5113 1
5115 2
5116 1
5118 2
5121 2
5122 2
5123 2
5125 1
5127 2
5128 1
5129 1
5130 1
5135 1
5136 2
5138 1
5140 7
5141 1
5143 3
5144 3
5146 2
5148 1
5149 3
5152 2
5153 1
5156 6
5157 1
5160 3
5161 1
5164 1
5165 1
5166 1
5168 4
5169 2
5170 1
5172 5
5175 23
5176 1
5177 2
5180 1
5181 1
5182 1
5184 3
5185 2
5186 1
5187 1
5188 4
5196 3
5197 1
5198 3
5201 1
5202 2
5203 2
5204 1
5205 1
5206 1
5208 2
5212 2
5218 3
5219 2
5220 1
5221 1
5222 1
5224 2
5227 4
5228 2
5229 3
5230 2
5232 1
5234 1
5235 1
5237 2
5238 2
5239 1
5240 3
5241 1
5243 1
5244 1
5245 2
5248 2
5251 3
5254 2
5260 2
5265 1
5267 2
5268 2
5269 2
5270 1
5272 2
5273 1
5274 1
5276 4
5277 3
5278 1
5279 1
5280 3
5282 1
5285 1
5288 3
5292 1
5294 2
5295 2
5296 1
5300 2
5302 1
5303 1
5304 2
5308 4
5310 2
5311 1
5312 1
5314 2
5320 5
5321 1
5322 1
5323 1
5324 4
5326 1
5328 1
5329 1
5330 1
5332 1
5334 1
5336 2
5337 2
5338 1
5339 2
5340 2
5341 1
5343 3
5346 1
5348 1
5352 1
5353 1
5359 1
5360 4
5361 1
5363 1
5365 2
5366 1
5368 3
5371 1
5372 8
5376 4
5380 3
5382 1
5384 6
5385 1
5388 3
5391 2
5392 3
5393 1
5394 2
5395 1
5396 2
5400 1
5401 6
5404 1
5407 1
5408 2
5411 2
5413 1
5414 1
5415 1
5417 3
5419 1
5420 1
5422 1
5423 3
5424 3
5428 1
5430 1
5434 2
5436 2
5437 2
5440 2
5442 1
5444 1
5445 2
5446 3
5448 2
5450 2
5451 2
5452 4
5453 1
5454 2
5455 1
5456 1
5458 1
5459 2
5460 2
5463 2
5464 1
5465 2
5466 1
5467 1
5468 1
5472 3
5473 1
5476 2
5477 2
5478 1
5479 1
5480 3
5481 1
5482 3
5484 3
5486 1
5491 1
5492 2
5493 1
5494 2
5496 2
5497 2
5499 2
5500 1
5504 1
5509 2
5516 1
5517 1
5519 1
5520 1
5522 1
5523 1
5524 1
5526 1
5528 2
5529 1
5533 1
5534 2
5536 2
5540 2
5544 2
5545 1
5546 2
5548 1
5549 1
5555 1
5556 3
5557 1
5560 2
5564 4
5566 5
5567 3
5568 4
5569 2
5572 3
5574 1
5576 1
5577 1
5579 4
5580 1
5583 2
5584 2
5588 1
5589 3
5592 1
5596 1
5599 1
5600 2
5602 1
5603 1
5604 3
5608 2
5609 1
5610 1
5611 2
5616 4
5618 1
5619 1
5620 1
5622 2
5623 1
5624 1
5626 1
5628 2
5631 1
5632 1
5633 2
5637 1
5640 3
5641 1
5642 1
5643 2
5651 1
5652 1
5653 1
5656 2
5657 2
5658 1
5660 3
5662 1
5663 1
5664 1
5665 2
5668 3
5669 1
5671 1
5672 1
5673 1
5678 2
5680 2
5681 2
5684 2
5685 1
5686 1
5688 3
5692 6
5693 1
5696 4
5697 1
5700 1
5704 3
5705 1
5706 1
5707 1
5709 2
5712 2
5716 5
5720 2
5724 1
5725 3
5727 1
5728 5
5729 1
5735 1
5736 5
5737 1
5740 4
5744 3
5747 3
5748 1
5750 1
5752 2
5756 1
5757 2
5758 1
5760 2
5764 3
5766 1
5767 3
5772 1
5776 1
5780 2
5782 1
5785 1
5788 3
5790 1
5791 1
5792 2
5799 2
5800 4
5802 2
5803 1
5804 5
5808 1
5812 3
5813 1
5814 1
5816 2
5817 2
5820 3
5821 2
5822 2
5823 2
5826 3
5828 9
5830 1
5831 1
5832 1
5833 2
5835 1
5841 2
5842 1
5844 3
5846 2
5847 3
5848 2
5849 1
5850 1
5852 2
5854 1
5856 3
5857 1
5860 3
5861 2
5863 1
5864 4
5866 1
5868 3
5871 1
5872 1
5875 2
5878 1
5879 2
5880 1
5883 2
5884 4
5888 4
5892 3
5893 1
5894 1
5896 5
5898 1
5900 2
5904 3
5907 1
5909 1
5910 1
5912 8
5913 2
5914 1
5916 1
5918 13
5920 4
5923 1
5924 4
5928 1
5930 1
5932 2
5933 1
5935 1
5938 3
5940 1
5941 1
5944 2
5945 3
5948 1
5949 1
5952 1
5956 5
5957 1
5960 3
5964 1
5966 1
5968 2
5972 4
5976 3
5979 2
5980 1
5981 3
5984 2
5988 4
5990 1
5992 2
5993 3
5996 7
6000 5
6001 1
6004 3
6006 1
6008 2
6009 1
6011 1
6012 2
6015 2
6016 4
6019 1
6020 4
6022 1
6024 1
6025 1
6028 1
6029 3
6031 2
6032 1
6035 5
6036 3
6037 1
6038 2
6039 2
6040 3
6044 3
6047 1
6048 5
6050 1
6052 2
6053 2
6056 2
6060 3
6061 1
6063 1
6064 2
6065 1
6066 1
6068 2
6072 1
6074 1
6076 2
6077 1
6080 3
6082 2
6083 1
6084 4
6087 1
6088 2
6093 1
6094 1
6096 2
6098 3
6101 2
6104 1
6105 1
6106 1
6108 1
6110 6
6112 3
6113 1
6116 2
6120 1
6121 1
6124 1
6128 1
6129 2
6133 1
6135 1
6136 1
6138 1
6141 2
6142 2
6144 5
6147 2
6148 4
6150 2
6152 7
6154 1
6155 1
6159 1
6160 1
6164 1
6166 1
6168 4
6170 2
6172 1
6176 1
6177 1
6179 1
6181 1
6182 1
6184 3
6185 1
6188 1
6196 1
6198 1
6199 1
6200 1
6204 1
6206 2
6208 2
6213 1
6215 1
6216 2
6221 1
6226 1
6228 1
6236 3
6237 1
6238 1
6242 1
6244 3
6248 3
6254 1
6256 1
6260 1
6261 1
6262 1
6263 1
6264 1
6265 2
6267 1
6268 1
6269 1
6276 2
6279 1
6280 1
6281 1
6282 1
6284 1
6288 1
6289 2
6290 2
6293 1
6295 1
6296 2
6297 1
6299 1
6300 1
6303 1
6304 1
6306 4
6308 2
6311 1
6314 2
6316 3
6318 1
6319 1
6323 1
6324 1
6328 4
6331 2
6332 2
6336 2
6340 2
6343 2
6344 2
6349 1
6350 1
6352 3
6354 2
6356 3
6357 2
6360 2
6364 2
6367 1
6368 1
6369 1
6371 1
6372 1
6373 2
6374 1
6376 2
6378 2
6381 1
6383 1
6388 1
6390 2
6392 4
6394 4
6395 2
6396 2
6398 1
6400 3
6404 3
6405 2
6408 7
6409 2
6410 1
6413 1
6416 2
6418 1
6421 1
6424 2
6428 1
6430 1
6432 4
6436 1
6440 1
6441 3
6442 3
6444 2
6448 1
6453 1
6454 1
6456 3
6461 1
6463 1
6464 3
6465 1
6466 4
6468 1
6471 1
6472 2
6473 1
6476 4
6477 2
6478 1
6480 2
6481 1
6484 3
6488 1
6490 1
6491 2
6492 1
6495 2
6496 2
6497 2
6498 1
6499 2
6500 1
6504 4
6507 3
6508 1
6510 1
6511 1
6512 1
6516 2
6517 1
6520 1
6524 1
6528 3
6529 5
6532 3
6536 2
6540 3
6541 1
6542 2
6544 1
6548 1
6552 1
6556 3
6560 1
6562 1
6566 1
6567 1
6568 1
6571 3
6572 1
6576 1
6588 1
6592 1
6593 1
6596 2
6598 1
6599 3
6606 3
6608 3
6612 2
6617 2
6620 1
6621 1
6624 1
6625 1
6626 1
6627 2
6628 1
6632 1
6634 1
6636 1
6637 1
6638 1
6640 1
6644 2
6645 1
6646 2
6648 2
6654 2
6655 1
6657 2
6660 5
6662 1
6663 1
6664 3
6665 1
6666 1
6667 1
6668 4
6670 1
6671 2
6672 2
6675 1
6679 1
6681 2
6684 3
6687 1
6688 2
6690 1
6692 2
6693 1
6695 1
6696 2
6700 4
6702 3
6703 1
6704 1
6707 3
6708 1
6711 1
6712 2
6714 1
6716 3
6725 1
6732 1
6734 2
6736 5
6737 1
6744 2
6746 1
6747 1
6748 1
6749 2
6754 1
6755 1
6756 1
6758 2
6760 2
6762 1
6764 1
6768 1
6771 1
6772 1
6773 2
6774 2
6775 3
6776 1
6777 1
6778 1
6779 1
6780 1
6782 1
6788 1
6792 1
6793 1
6796 3
6797 1
6799 1
6804 3
6806 2
6808 1
6812 2
6813 1
6816 2
6819 1
6820 1
6821 1
6822 1
6824 2
6825 1
6829 2
6832 2
6834 1
6836 2
6839 1
6840 1
6841 1
6842 1
6844 2
6846 2
6850 1
6852 1
6856 2
6857 1
6859 1
6864 2
6868 2
6873 2
6874 1
6879 1
6880 2
6884 1
6885 1
6888 4
6897 2
6899 1
6900 1
6901 1
6903 1
6904 1
6908 2
6916 2
6920 4
6922 1
6924 1
6932 2
6933 1
6936 1
6938 1
6941 1
6942 1
6943 1
6947 2
6948 1
6954 1
6959 1
6960 1
6961 1
6962 1
6964 2
6968 1
6971 2
6976 3
6980 3
6984 4
6992 1
6993 2
6996 1
6998 1
6999 1
7003 1
7004 1
7005 1
7007 1
7008 1
7014 1
7016 2
7017 1
7018 1
7020 1
7021 1
7022 1
7024 1
7025 1
7032 2
7036 1
7037 1
7042 1
7045 1
7048 3
7049 1
7052 1
7056 3
7059 1
7062 1
7064 1
7067 1
7074 2
7076 1
7080 2
7083 1
7084 2
7087 1
7088 1
7090 1
7092 1
7100 5
7103 1
7105 1
7106 1
7108 2
7112 1
7115 1
7116 3
7120 1
7121 1
7122 2
7124 3
7126 2
7128 1
7129 1
7136 1
7140 3
7142 1
7145 1
7147 2
7149 2
7152 2
7157 1
7158 1
7160 2
7161 2
7164 1
7166 1
7168 1
7169 1
7170 1
7173 1
7176 1
7182 1
7192 1
7196 4
7200 1
7201 2
7208 5
7209 1
7210 1
7212 1
7216 1
7218 1
7224 1
7226 1
7227 1
7228 1
7229 1
7231 1
7236 3
7240 2
7246 1
7247 1
7249 1
7252 3
7254 1
7255 1
7256 1
7258 1
7260 3
7264 2
7268 4
7271 1
7276 2
7279 1
7280 1
7284 1
7285 1
7288 1
7292 2
7296 1
7297 2
7298 1
7300 1
7302 1
7306 3
7307 1
7310 1
7312 1
7320 1
7328 2
7329 1
7330 2
7333 2
7336 3
7337 1
7343 1
7348 2
7352 2
7354 4
7355 6
7356 1
7361 1
7364 1
7365 4
7366 1
7368 1
7369 1
7370 3
7372 3
7378 1
7387 1
7388 3
7389 1
7392 2
7393 1
7397 1
7400 2
7404 2
7407 1
7408 1
7416 3
7419 1
7420 1
7422 1
7423 1
7424 2
7430 1
7432 1
7435 1
7437 1
7440 1
7441 1
7442 2
7445 1
7447 2
7448 1
7449 1
7452 2
7454 3
7456 1
7457 1
7460 3
7462 1
7464 3
7470 1
7471 1
7472 4
7473 1
7477 1
7483 1
7484 3
7488 1
7489 2
7492 5
7496 4
7497 1
7500 1
7504 2
7510 1
7515 2
7516 1
7520 3
7524 1
7528 1
7530 1
7532 1
7533 1
7536 1
7538 1
7540 1
7544 1
7546 1
7547 1
7548 1
7550 1
7552 1
7557 1
7558 5
7571 1
7573 1
7575 3
7577 1
7578 1
7579 2
7581 1
7584 2
7588 1
7589 1
7591 1
7592 2
7597 1
7600 1
7602 1
7603 1
7604 2
7607 1
7612 2
7619 1
7620 2
7626 1
7628 2
7630 1
7636 1
7637 1
7639 1
7640 2
7643 1
7656 1
7657 1
7664 1
7665 1
7670 1
7678 1
7680 3
7682 1
7684 1
7685 1
7688 1
7689 1
7691 1
7692 2
7696 4
7697 1
7700 1
7704 1
7712 2
7714 1
7716 1
7720 1
7724 1
7726 4
7729 1
7731 2
7739 1
7741 1
7748 3
7749 1
7750 1
7751 2
7756 1
7761 1
7764 1
7765 1
7767 1
7768 2
7770 1
7772 1
7776 2
7778 1
7780 3
7784 1
7792 1
7794 2
7796 2
7804 1
7805 1
7808 1
7811 1
7814 1
7816 1
7817 1
7819 2
7820 1
7821 1
7823 1
7828 1
7829 1
7832 1
7833 1
7836 1
7837 1
7839 1
7841 1
7848 2
7852 2
7853 1
7854 2
7856 1
7857 1
7860 1
7862 1
7868 2
7872 2
7876 1
7878 1
7884 1
7887 2
7888 2
7889 2
7892 4
7898 2
7900 2
7902 1
7904 1
7908 1
7911 1
7912 1
7916 1
7920 1
7930 1
7932 1
7935 1
7936 1
7939 3
7948 4
7952 1
7954 2
7956 1
7957 1
7959 1
7960 1
7964 4
7972 1
7976 1
7978 2
7979 1
7980 2
7981 1
7982 1
7984 1
7988 1
7991 1
7993 4
7996 1
7997 1
7999 1
8000 1
8006 3
8008 3
8012 1
8018 1
8030 1
8036 2
8040 1
8042 2
8048 3
8052 2
8061 1
8064 1
8065 2
8080 1
8084 2
8086 1
8088 3
8092 3
8093 1
8094 1
8096 2
8097 1
8099 1
8100 1
8104 2
8105 1
8108 1
8112 3
8114 1
8116 2
8120 1
8121 1
8122 1
8124 2
8128 1
8132 1
8137 1
8138 1
8141 1
8142 1
8144 1
8146 1
8147 1
8148 3
8152 2
8154 1
8156 2
8157 1
8160 1
8162 1
8164 2
8172 1
8173 1
8174 1
8176 1
8180 1
8181 1
8185 2
8192 3
8197 1
8198 1
8200 1
8207 1
8208 2
8212 3
8215 1
8216 1
8224 2
8226 2
8228 2
8236 3
8237 2
8247 1
8248 1
8249 1
8252 1
8264 1
8268 1
8276 2
8288 1
8296 1
8300 1
8303 2
8304 2
8305 1
8314 1
8319 1
8322 1
8324 1
8327 1
8332 1
8337 1
8340 1
8341 2
8344 2
8348 2
8356 2
8358 1
8360 3
8366 1
8368 1
8371 2
8372 2
8376 1
8377 1
8379 1
8380 1
8381 1
8387 2
8393 1
8396 4
8408 1
8409 1
8430 1
8434 1
8436 1
8437 2
8438 1
8440 1
8444 1
8447 1
8452 1
8455 1
8456 1
8457 1
8472 2
8474 1
8476 1
8480 3
8484 1
8488 1
8492 3
8498 1
8500 1
8504 2
8506 2
8509 2
8512 1
8516 8
8520 4
8521 1
8528 2
8539 1
8540 13
8544 1
8548 2
8552 2
8559 1
8563 1
8564 2
8566 1
8572 4
8576 1
8580 1
8588 2
8592 1
8594 2
8597 2
8603 1
8604 1
8612 1
8615 1
8616 2
8618 1
8620 3
8623 2
8628 2
8630 1
8631 1
8632 1
8639 1
8642 2
8644 1
8652 2
8653 1
8655 3
8656 1
8660 2
8665 1
8670 1
8672 3
8673 1
8677 1
8678 1
8680 1
8684 2
8685 1
8686 1
8692 1
8693 1
8695 1
8696 1
8697 2
8704 2
8708 3
8709 1
8710 1
8712 2
8714 3
8715 1
8724 1
8728 1
8732 1
8733 1
8737 1
8740 1
8743 1
8748 1
8758 1
8768 3
8771 1
8772 1
8776 3
8779 1
8780 1
8782 1
8784 4
8788 3
8791 1
8795 1
8796 1
8800 1
8801 1
8804 2
8807 1
8808 2
8812 1
8813 1
8816 1
8817 1
8818 1
8820 2
8822 3
8828 1
8830 1
8832 2
8836 1
8840 1
8846 1
8848 1
8849 1
8853 1
8855 1
8856 3
8857 1
8860 1
8868 2
8869 1
8874 2
8875 5
8876 2
8881 1
8883 1
8884 2
8886 1
8887 1
8888 1
8889 1
8890 1
8892 1
8896 1
8900 1
8905 1
8906 1
8908 3
8911 1
8912 1
8913 1
8916 2
8918 1
8920 3
8922 1
8924 1
8926 1
8932 1
8934 1
8935 1
8936 1
8941 1
8944 3
8952 1
8954 1
8956 1
8964 1
8966 1
8968 2
8972 1
8973 1
8980 2
8981 1
8988 6
8990 2
8992 2
9004 2
9008 1
9012 1
9015 1
9016 1
9022 1
9024 1
9027 1
9030 1
9032 1
9044 1
9046 2
9048 1
9054 1
9056 1
9062 1
9065 1
9067 1
9076 1
9077 1
9079 1
9080 1
9088 2
9090 1
9091 1
9092 1
9094 1
9100 1
9113 1
9120 1
9122 1
9123 1
9124 1
9125 2
9128 1
9130 1
9132 1
9134 4
9136 1
9139 1
9144 1
9149 1
9154 1
9160 1
9162 1
9166 1
9168 1
9172 1
9174 1
9176 1
9177 1
9180 1
9184 1
9188 1
9194 2
9196 3
9198 1
9203 1
9204 1
9209 1
9212 1
9215 1
9218 1
9220 3
9221 1
9222 1
9224 1
9225 8
9235 1
9236 1
9240 1
9242 1
9244 1
9248 1
9254 1
9258 1
9261 1
9269 1
9282 1
9284 1
9288 1
9291 2
9292 1
9297 1
9299 1
9300 1
9302 1
9304 3
9313 1
9316 1
9317 1
9320 1
9325 1
9330 1
9332 1
9340 1
9342 1
9350 1
9362 1
9364 1
9368 1
9370 1
9371 1
9372 1
9376 1
9384 1
9386 2
9389 1
9390 1
9392 1
9396 3
9402 1
9407 1
9413 1
9417 1
9418 1
9420 2
9422 1
9426 1
9428 1
9431 1
9432 1
9434 2
9436 2
9437 2
9452 1
9454 1
9460 1
9472 5
9476 1
9479 1
9484 1
9486 1
9489 1
9499 2
9501 1
9502 1
9508 1
9513 1
9516 1
9517 2
9522 1
9524 1
9527 2
9530 1
9533 1
9534 1
9536 2
9540 4
9544 1
9546 1
9547 1
9548 2
9552 1
9554 2
9560 1
9575 1
9580 1
9584 1
9585 1
9590 1
9592 1
9593 2
9597 1
9600 1
9602 1
9604 1
9612 1
9620 3
9624 1
9636 2
9637 1
9640 1
9655 1
9660 1
9665 1
9667 1
9676 3
9678 1
9679 1
9680 1
9684 2
9685 1
9688 1
9697 1
9704 2
9706 1
9709 1
9712 1
9715 1
9716 1
9717 1
9720 1
9722 1
9724 1
9726 1
9736 2
9738 1
9746 1
9748 1
9751 2
9752 1
9764 1
9767 1
9782 1
9783 1
9784 1
9788 2
9789 1
9791 1
9792 1
9794 1
9796 1
9797 1
9800 1
9805 1
9806 1
9812 2
9816 1
9817 1
9832 1
9836 1
9839 1
9865 1
9868 2
9872 2
9875 1
9882 1
9885 1
9887 1
9888 1
9889 1
9892 2
9896 2
9906 1
9910 1
9914 1
9916 1
9917 1
9924 1
9926 1
9928 1
9932 1
9936 1
9941 1
9942 1
9943 1
9944 2
9945 1
9948 1
9952 1
9953 1
9959 2
9976 2
9980 1
9983 1
9984 2
9992 1
9993 1
10004 1
10010 1
10018 1
10029 2
10031 1
10036 1
10037 1
10039 1
10047 1
10048 2
10052 1
10060 1
10067 1
10069 1
10072 2
10076 1
10084 3
10100 2
10108 1
10113 1
10116 1
10124 1
10128 3
10130 1
10138 1
10140 1
10144 1
10148 2
10154 1
10160 1
10164 1
10168 2
10169 1
10171 2
10176 1
10178 1
10186 1
10195 1
10200 1
10204 2
10208 2
10212 1
10220 2
10225 1
10232 1
10236 2
10238 1
10240 5
10243 1
10244 1
10246 1
10251 1
10252 1
10257 1
10258 1
10263 1
10264 1
10265 2
10272 1
10273 1
10275 1
10276 2
10288 4
10299 1
10308 2
10310 1
10311 1
10312 2
10313 2
10316 3
10320 2
10328 1
10332 1
10336 1
10340 1
10342 1
10343 1
10356 1
10364 2
10372 2
10375 2
10384 1
10386 1
10392 1
10408 1
10411 1
10412 1
10416 1
10420 1
10424 1
10428 1
10432 2
10435 1
10438 1
10440 1
10441 1
10445 1
10446 1
10448 1
10454 1
10463 1
10467 1
10468 1
10475 1
10478 1
10480 1
10484 1
10492 2
10500 1
10508 1
10516 1
10520 2
10523 1
10528 2
10532 1
10536 2
10537 1
10546 1
10549 1
10554 1
10560 3
10563 1
10564 4
10572 2
10584 1
10586 1
10588 3
10589 1
10592 2
10596 3
10597 1
10600 3
10602 1
10604 3
10608 3
10612 1
10615 1
10616 2
10620 3
10626 1
10629 1
10641 1
10648 1
10656 2
10659 2
10671 1
10675 1
10680 4
10688 1
10692 1
10719 1
10728 1
10744 1
10747 1
10752 1
10756 1
10760 1
10772 2
10776 1
10782 1
10792 1
10795 1
10803 7
10804 1
10808 1
10810 1
10816 2
10819 1
10823 1
10824 1
10825 1
10828 1
10829 1
10832 2
10834 1
10840 1
10845 2
10848 3
10852 1
10853 1
10856 2
10876 1
10879 1
10882 1
10888 1
10890 1
10892 2
10895 1
10900 1
10901 1
10903 1
10910 1
10916 1
10924 1
10926 1
10928 1
10932 1
10942 1
10944 1
10948 1
10952 1
10954 1
10956 2
10958 1
10960 1
10964 1
10972 1
10983 1
10984 1
10989 3
10992 1
10996 2
10997 1
10998 1
11004 1
11008 1
11011 1
11013 1
11016 1
11024 1
11031 1
11038 1
11044 1
11048 1
11049 2
11060 1
11065 1
11068 2
11072 2
11074 2
11076 2
11080 1
11083 1
11087 2
11092 1
11100 3
11104 1
11110 1
11116 1
11117 1
11120 2
11126 1
11129 1
11143 1
11144 1
11146 1
11148 1
11152 1
11156 1
11167 1
11168 1
11172 1
11176 1
11180 1
11187 1
11188 1
11211 2
11212 1
11216 1
11229 1
11231 1
11232 1
11236 2
11244 1
11252 1
11256 1
11260 1
11264 2
11268 1
11272 1
11284 1
11285 1
11288 2
11300 1
11304 1
11309 2
11310 1
11312 2
11314 1
11317 1
11320 1
11324 4
11339 1
11344 1
11349 1
11352 1
11355 1
11360 1
11361 2
11363 1
11369 1
11372 1
11373 1
11380 1
11381 1
11388 3
11404 1
11410 1
11412 1
11416 1
11423 1
11428 3
11429 1
11432 2
11433 3
11442 1
11444 1
11447 1
11456 1
11457 2
11460 1
11464 1
11468 1
11472 1
11480 1
11488 1
11496 1
11500 1
11504 1
11505 1
11508 2
11514 1
11516 1
11517 1
11524 1
11528 1
11532 1
11540 2
11544 1
11548 1
11552 1
11556 2
11564 1
11568 2
11572 1
11577 2
11580 2
11581 1
11584 2
11588 3
11592 2
11600 1
11608 1
11612 2
11613 1
11614 2
11620 1
11631 2
11640 1
11641 1
11648 1
11650 1
11653 1
11654 1
11656 2
11660 1
11672 1
11673 2
11676 1
11688 1
11704 3
11708 5
11712 1
11718 1
11722 1
11724 3
11728 2
11731 1
11737 2
11739 1
11740 1
11745 2
11747 1
11755 1
11756 4
11761 1
11763 1
11766 2
11781 2
11784 3
11786 1
11788 3
11792 2
11794 1
11797 1
11801 2
11806 1
11812 1
11817 1
11818 1
11820 1
11836 1
11840 1
11844 3
11850 3
11852 3
11856 1
11860 3
11864 1
11870 1
11872 1
11876 1
11877 1
11881 1
11882 1
11884 2
11888 1
11889 1
11896 1
11899 2
11908 2
11910 1
11911 1
11916 1
11917 1
11923 2
11924 2
11928 1
11940 1
11944 1
11945 1
11946 1
11952 1
11956 2
11963 1
11970 1
11972 1
11976 2
11980 2
11984 1
11988 2
11992 1
11993 1
11996 1
12010 1
12012 1
12013 1
12016 1
12020 1
12024 1
12030 1
12036 2
12040 1
12044 1
12048 1
12052 2
12058 1
12060 1
12064 2
12074 1
12076 1
12079 1
12080 1
12084 5
12092 2
12093 1
12094 1
12096 2
12100 2
12108 1
12112 1
12116 1
12118 2
12119 1
12134 3
12135 1
12141 1
12150 1
12152 1
12156 1
12169 1
12176 1
12184 2
12188 1
12191 1
12200 1
12207 1
12220 1
12224 2
12225 1
12232 2
12240 1
12248 4
12256 1
12259 1
12269 1
12270 1
12272 2
12280 1
12287 1
12288 2
12296 1
12299 1
12300 1
12305 1
12312 1
12314 1
12320 1
12322 1
12333 1
12336 3
12340 1
12341 2
12344 1
12348 3
12352 1
12357 1
12363 1
12368 1
12372 2
12380 1
12384 1
12388 1
12390 1
12403 1
12404 1
12406 1
12408 2
12432 1
12433 1
12434 1
12439 1
12444 1
12447 1
12448 1
12466 1
12467 1
12468 1
12480 1
12482 1
12483 1
12488 4
12493 2
12504 1
12507 1
12514 2
12517 1
12522 1
12528 3
12532 1
12536 1
12539 1
12544 1
12545 1
12548 1
12552 1
12556 1
12562 1
12596 1
12600 1
12604 1
12608 1
12612 1
12621 2
12624 1
12635 1
12639 1
12640 1
12644 1
12648 1
12652 1
12654 2
12668 1
12672 1
12674 1
12676 3
12688 2
12701 1
12704 1
12708 1
12709 1
12712 2
12715 1
12720 2
12721 1
12733 1
12734 1
12740 1
12742 1
12758 1
12759 1
12760 2
12764 1
12772 1
12773 1
12774 1
12775 1
12782 1
12784 1
12789 1
12791 1
12794 1
12798 1
12813 1
12838 1
12843 1
12855 2
12856 1
12866 1
12901 1
12902 1
12904 2
12912 1
12916 1
12919 1
12920 1
12923 1
12928 1
12929 1
12936 1
12938 1
12944 1
12948 1
12968 2
12971 1
12976 3
12980 1
12988 1
12991 1
13000 1
13004 2
13005 1
13013 1
13014 1
13017 1
13020 3
13028 1
13040 1
13044 2
13048 1
13056 1
13060 1
13064 1
13072 1
13076 1
13080 3
13090 1
13100 1
13108 1
13115 1
13116 2
13118 1
13119 1
13128 1
13132 1
13136 1
13138 1
13145 1
13152 3
13154 1
13160 1
13164 1
13165 1
13168 2
13177 1
13180 1
13188 1
13192 1
13200 1
13212 1
13224 2
13247 1
13250 1
13252 1
13256 2
13260 1
13264 2
13268 2
13271 1
13293 2
13300 1
13308 1
13319 3
13320 1
13336 2
13340 2
13344 1
13355 1
13358 1
13360 1
13372 1
13386 1
13408 1
13412 1
13418 1
13419 1
13420 1
13432 1
13434 1
13437 1
13440 1
13448 1
13460 1
13464 1
13489 1
13496 1
13504 1
13505 1
13506 1
13514 1
13516 1
13532 2
13548 1
13555 1
13561 1
13568 2
13570 1
13576 1
13584 1
13592 2
13597 1
13600 1
13602 1
13603 1
13609 1
13616 3
13620 1
13624 1
13625 1
13628 1
13636 1
13641 1
13644 1
13648 1
13649 1
13653 1
13660 1
13680 1
13684 1
13688 1
13691 1
13705 1
13724 1
13728 1
13729 2
13735 1
13738 1
13744 1
13752 1
13760 1
13770 2
13772 1
13782 1
13800 1
13801 1
13811 1
13812 1
13820 1
13828 1
13835 1
13836 2
13840 1
13844 1
13848 1
13852 1
13856 1
13864 1
13865 1
13872 2
13876 1
13882 6
13886 1
13893 1
13894 2
13900 1
13905 1
13912 1
13915 2
13920 2
13923 1
13924 1
13932 1
13936 1
13949 1
13952 2
13956 1
13968 1
13971 1
13974 1
13976 1
13980 1
13984 1
13996 1
13999 1
14000 1
14004 1
14012 1
14020 1
14026 1
14032 1
14036 1
14045 1
14064 1
14067 2
14068 1
14070 2
14077 1
14079 1
14080 1
14082 1
14098 1
14101 3
14108 2
14112 2
14120 1
14124 1
14140 1
14141 2
14152 1
14156 1
14159 1
14175 1
14178 2
14188 1
14200 1
14208 1
14212 1
14213 1
14216 1
14221 1
14224 2
14236 1
14240 1
14248 2
14252 1
14256 1
14257 1
14272 1
14275 2
14286 1
14290 1
14292 1
14300 1
14304 1
14306 1
14312 1
14318 2
14323 1
14328 1
14335 1
14344 1
14351 1
14352 1
14367 1
14368 1
14372 1
14374 2
14380 1
14384 1
14388 1
14391 1
14392 1
14395 1
14400 1
14408 1
14424 1
14428 1
14444 1
14449 1
14459 1
14460 1
14466 1
14469 2
14472 1
14487 1
14492 1
14496 1
14498 1
14508 1
14516 2
14519 1
14521 2
14530 1
14535 1
14544 1
14554 1
14558 1
14560 1
14568 1
14580 1
14584 1
14588 2
14593 1
14609 2
14620 1
14622 1
14624 2
14630 1
14634 2
14636 1
14638 1
14650 2
14652 1
14658 1
14660 2
14671 1
14672 1
14676 2
14688 2
14699 1
14711 1
14712 2
14716 1
14723 1
14726 1
14732 1
14740 2
14741 2
14746 1
14748 1
14757 1
14759 1
14763 1
14764 2
14767 1
14780 1
14784 1
14786 1
14796 1
14800 1
14803 1
14804 1
14809 2
14817 1
14836 2
14840 1
14856 1
14858 1
14859 1
14861 1
14862 1
14868 1
14880 2
14900 1
14904 1
14915 1
14916 1
14928 1
14936 1
14948 1
14968 1
14976 2
14990 1
14996 3
15002 1
15004 1
15018 1
15025 2
15032 1
15036 1
15040 2
15045 1
15051 1
15064 1
15068 1
15072 1
15080 1
15084 3
15088 1
15092 1
15096 1
15104 1
15112 1
15118 1
15128 2
15132 3
15134 1
15138 1
15156 1
15158 1
15162 1
15168 1
15176 2
15188 1
15196 1
15200 3
15206 1
15216 1
15219 1
15224 1
15241 1
15256 1
15268 1
15276 1
15280 1
15284 1
15291 1
15295 1
15320 1
15324 1
15338 1
15340 1
15344 1
15349 2
15381 1
15404 1
15410 1
15414 1
15425 1
15432 1
15452 1
15468 1
15470 1
15476 2
15478 1
15494 1
15496 1
15500 2
15503 1
15504 2
15510 2
15518 1
15520 2
15528 1
15540 2
15548 1
15560 1
15565 1
15600 1
15608 2
15616 1
15624 1
15630 1
15636 1
15644 2
15648 2
15652 1
15654 1
15656 1
15660 1
15664 1
15671 1
15672 1
15676 1
15677 1
15680 3
15684 1
15688 1
15696 2
15700 1
15708 2
15716 2
15724 2
15725 2
15740 2
15744 2
15748 3
15752 1
15762 1
15776 2
15792 1
15796 1
15802 1
15804 1
15816 1
15836 1
15837 2
15848 1
15849 1
15872 1
15876 2
15881 1
15884 2
15890 1
15908 1
15910 1
15913 1
15929 1
15945 1
15952 1
15960 1
15961 1
15968 1
15972 2
15989 1
16007 2
16011 1
16016 1
16035 1
16039 2
16047 1
16072 2
16080 1
16102 1
16112 1
16133 1
16137 1
16146 1
16164 1
16175 1
16179 1
16180 3
16192 1
16216 1
16218 1
16224 1
16228 1
16229 1
16230 1
16233 2
16237 1
16239 1
16243 1
16248 1
16258 1
16264 1
16272 1
16281 1
16288 1
16292 1
16312 1
16316 1
16324 2
16328 2
16333 2
16335 1
16338 1
16340 1
16348 1
16349 1
16357 1
16363 1
16373 1
16382 1
16388 1
16408 1
16412 1
16420 1
16440 1
16461 2
16464 1
16472 2
16481 4
16491 1
16504 2
16520 2
16544 1
16548 1
16559 1
16565 2
16576 1
16584 1
16592 1
16612 1
16628 1
16632 1
16644 1
16652 1
16653 1
16657 1
16658 1
16660 2
16661 1
16663 1
16664 1
16687 2
16713 1
16720 1
16721 1
16724 1
16728 2
16740 1
16741 1
16761 1
16764 1
16792 1
16812 1
16819 1
16820 1
16832 1
16836 1
16840 1
16844 1
16848 3
16856 1
16863 1
16880 1
16882 1
16896 1
16916 1
16932 1
16936 1
16940 1
16946 1
16956 1
16960 1
16963 1
16967 1
16968 1
16992 1
17005 1
17014 1
17030 1
17037 1
17040 1
17056 1
17060 1
17068 1
17075 1
17088 1
17089 1
17096 1
17101 2
17105 2
17106 1
17117 2
17119 1
17136 1
17137 2
17139 2
17140 2
17154 1
17164 1
17188 1
17204 1
17260 1
17266 1
17276 1
17280 1
17292 1
17294 1
17312 1
17320 1
17332 2
17344 1
17356 1
17359 2
17364 1
17373 2
17389 2
17393 1
17408 1
17415 2
17416 1
17424 1
17432 1
17442 1
17449 1
17464 1
17465 1
17466 1
17470 1
17493 1
17504 1
17508 1
17572 1
17576 1
17580 1
17584 1
17600 1
17614 1
17616 1
17632 1
17656 2
17664 1
17670 2
17674 1
17676 1
17708 1
17712 1
17727 1
17735 1
17756 1
17762 1
17768 2
17770 1
17787 1
17792 1
17804 1
17808 1
17841 1
17843 1
17877 1
17881 1
17884 1
17885 1
17900 1
17915 1
17919 1
17924 1
17936 1
17938 1
17940 1
17956 1
17996 1
18014 1
18016 1
18022 1
18024 1
18034 1
18037 1
18048 1
18068 1
18069 1
18072 2
18084 1
18098 1
18104 1
18108 1
18115 1
18117 1
18120 1
18131 2
18132 1
18137 1
18141 1
18144 1
18152 1
18168 1
18182 1
18184 1
18185 1
18191 1
18204 1
18212 1
18219 1
18220 1
18236 1
18242 1
18249 1
18252 1
18253 1
18261 1
18264 1
18268 1
18290 1
18299 1
18304 1
18306 1
18308 1
18321 1
18328 1
18331 1
18332 1
18342 1
18348 1
18355 2
18356 1
18380 1
18400 2
18412 1
18420 1
18434 1
18444 1
18496 1
18500 3
18532 1
18539 1
18540 1
18548 1
18564 1
18572 1
18576 1
18587 1
18623 1
18627 1
18632 1
18636 1
18638 1
18656 1
18664 1
18670 3
18685 1
18692 1
18696 1
18698 1
18700 1
18704 2
18724 1
18728 1
18772 1
18788 1
18794 1
18800 1
18804 1
18806 1
18829 2
18836 1
18840 1
18852 1
18856 1
18871 1
18872 1
18881 1
18908 1
18912 1
18920 3
18923 1
18932 1
18951 2
18956 2
18969 1
18972 1
18973 1
18996 1
19011 1
19012 1
19027 1
19028 1
19056 2
19060 1
19068 1
19071 1
19072 1
19076 1
19096 1
19105 1
19120 1
19124 1
19131 1
19132 2
19140 1
19158 1
19185 1
19188 1
19205 1
19242 1
19253 1
19269 1
19285 2
19288 1
19296 1
19316 1
19332 1
19340 1
19356 1
19357 1
19359 1
19362 2
19367 1
19395 1
19433 1
19453 1
19459 1
19506 1
19512 1
19519 1
19526 1
19540 1
19548 2
19564 1
19571 1
19572 1
19582 1
19592 1
19612 1
19616 1
19621 2
19627 1
19631 1
19639 1
19656 1
19663 1
19680 1
19704 1
19725 1
19747 2
19761 1
19764 1
19785 2
19795 1
19822 1
19830 1
19843 1
19860 2
19863 1
19876 2
19896 1
19916 1
19927 1
19940 1
19948 1
19958 1
20053 1
20062 1
20071 1
20097 1
20099 1
20100 1
20128 1
20146 1
20148 1
20168 1
20172 1
20180 1
20216 1
20307 1
20326 1
20327 1
20332 1
20333 1
20337 1
20380 1
20388 1
20390 1
20392 1
20396 1
20403 1
20428 2
20513 2
20520 1
20540 1
20554 1
20572 2
20577 2
20602 1
20620 1
20624 1
20640 1
20648 2
20656 1
20666 1
20678 1
20692 1
20743 1
20744 1
20755 1
20772 1
20794 1
20796 1
20799 2
20816 1
20821 2
20837 1
20840 2
20868 1
20880 1
20914 1
20916 1
20924 2
20929 1
20939 1
20956 1
20992 2
21004 1
21008 1
21028 1
21034 1
21060 1
21080 1
21092 1
21096 1
21112 1
21124 1
21130 1
21152 1
21156 1
21160 1
21236 1
21251 1
21288 1
21292 1
21296 1
21300 1
21301 1
21318 1
21320 1
21340 1
21344 3
21376 1
21384 1
21389 1
21396 1
21408 2
21412 1
21428 1
21433 2
21458 1
21460 1
21461 1
21464 2
21476 1
21496 1
21500 2
21524 1
21529 1
21531 1
21540 1
21548 1
21560 1
21591 1
21592 1
21602 1
21604 1
21616 1
21626 1
21639 1
21688 1
21700 1
21784 1
21794 1
21850 1
21880 1
21892 2
21900 1
21904 1
21908 1
21909 1
21912 1
21920 1
21928 1
21940 1
21964 1
21966 1
21976 1
21982 2
21988 1
21999 1
22052 1
22095 1
22099 1
22100 1
22109 1
22147 2
22148 1
22164 1
22175 2
22183 1
22200 1
22224 1
22232 1
22242 1
22249 1
22252 1
22287 1
22310 1
22324 1
22336 1
22344 1
22380 1
22394 2
22396 1
22447 1
22480 1
22487 1
22523 1
22536 1
22560 1
22604 1
22608 1
22621 1
22624 1
22628 1
22643 1
22648 1
22664 1
22671 1
22732 1
22744 1
22749 1
22760 1
22764 1
22780 1
22789 1
22916 1
22936 1
22941 1
22944 1
22962 1
23012 1
23028 1
23053 1
23112 1
23116 2
23136 1
23157 1
23178 1
23180 1
23192 2
23200 1
23210 1
23235 1
23244 1
23262 1
23310 1
23330 1
23377 1
23417 1
23456 1
23469 1
23470 2
23515 1
23538 2
23591 1
23608 1
23615 1
23622 2
23651 1
23653 1
23660 1
23669 1
23681 1
23708 1
23722 1
23744 1
23788 1
23792 1
23804 1
23816 1
23820 1
23824 1
23832 1
23837 1
23904 1
23931 1
23948 1
23952 1
23962 1
24051 1
24052 1
24075 1
24081 1
24110 1
24128 1
24144 1
24202 1
24224 1
24303 1
24334 1
24355 1
24359 2
24380 1
24400 1
24422 1
24435 1
24452 1
24516 1
24529 1
24576 1
24586 1
24590 1
24604 1
24621 1
24632 1
24662 2
24672 1
24675 1
24680 1
24683 1
24705 1
24732 1
24768 1
24803 1
24895 1
24898 1
24936 1
24940 1
24946 1
24986 3
24991 2
25039 1
25109 1
25117 1
25162 1
25166 1
25260 2
25275 1
25302 1
25303 1
25376 1
25410 1
25429 1
25468 2
25477 1
25491 1
25499 1
25520 1
25556 1
25572 1
25637 2
25651 1
25658 1
25665 1
25671 1
25700 1
25707 1
25709 1
25745 1
25780 1
25829 1
25874 2
25878 2
25940 1
25981 1
26007 1
26054 1
26109 1
26112 2
26133 1
26164 1
26168 1
26179 2
26214 1
26222 2
26247 1
26305 1
26428 1
26442 1
26464 2
26472 1
26508 1
26516 1
26523 1
26532 1
26533 2
26552 1
26593 1
26595 1
26599 1
26658 1
26682 1
26711 1
26715 1
26726 1
26740 1
26828 1
26848 1
26966 1
26992 1
27000 1
27007 2
27037 1
27071 1
27078 2
27112 1
27124 1
27148 3
27155 1
27168 1
27194 1
27227 1
27237 1
27264 2
27302 1
27316 1
27396 1
27399 1
27414 1
27426 1
27496 1
27500 1
27505 1
27512 1
27522 1
27549 1
27576 1
27605 2
27627 1
27628 2
27640 1
27652 2
27667 1
27681 1
27716 1
27784 1
27818 3
27821 1
27823 1
27891 1
27900 1
27905 2
27948 1
27989 1
28079 1
28096 1
28129 2
28150 1
28151 1
28154 2
28215 1
28251 1
28252 1
28265 2
28274 1
28304 1
28343 1
28347 1
28392 1
28504 1
28584 1
28588 1
28624 1
28672 1
28673 1
28731 1
28780 1
28815 2
28908 2
28915 1
28924 1
28936 1
28959 1
28963 1
29101 3
29125 1
29155 2
29195 1
29213 1
29228 2
29287 1
29311 1
29358 1
29392 1
29433 1
29476 2
29516 1
29532 1
29544 1
29612 1
29675 1
29696 1
29730 1
29763 1
29800 1
29813 1
29835 1
29894 1
29962 1
30054 1
30116 1
30270 1
30284 1
30334 1
30345 1
30369 1
30415 1
30479 1
30529 1
30549 1
30575 2
30589 1
30654 1
30760 1
30793 1
30824 1
30849 1
30891 1
30902 2
30946 1
30972 1
30982 1
31042 1
31105 1
31129 1
31171 1
31231 2
31250 1
31297 2
31334 1
31400 1
31460 1
31496 1
31723 1
31746 1
31769 1
31790 1
31792 1
31838 1
31840 2
31874 2
31883 1
31901 1
31918 1
31943 1
31996 1
32132 1
32312 1
32339 1
32348 1
32362 1
32487 1
32528 1
32721 1
32728 1
32740 1
32768 1
32820 2
32839 1
32877 1
33009 1
33020 1
33086 1
33118 1
33122 1
33340 1
33364 1
33461 1
33564 2
33710 1
33734 1
33775 1
33821 1
33825 1
33852 1
33884 1
33893 1
33996 1
34148 2
34225 1
34261 1
34270 1
34284 1
34423 1
34536 1
34570 2
34584 1
34596 1
34711 1
34772 1
34803 1
34877 1
34967 1
34969 2
34988 1
35019 2
35117 1
35168 1
35228 1
35232 1
35310 1
35337 1
35370 1
35389 1
35435 1
35459 1
35491 1
35624 1
35663 1
35693 1
35715 1
35827 1
35862 1
35866 1
35876 1
35905 1
36034 1
36048 1
36103 1
36125 2
36194 1
36198 1
36220 1
36312 1
36365 1
36408 1
36435 1
36437 1
36564 1
36733 1
36778 1
36788 1
36864 1
36998 3
37031 1
37032 1
37419 1
37454 1
37533 1
37712 2
37727 1
37750 1
37959 1
38026 1
38052 1
38156 1
38219 2
38286 1
38353 1
38355 1
38392 1
38419 1
38428 1
38545 1
38546 2
38547 1
38563 1
38676 1
39040 1
39071 1
39137 1
39154 1
39164 1
39192 1
39364 1
39411 1
39425 1
39441 1
39459 1
39563 1
39676 1
39792 1
39810 2
39872 1
39890 1
40120 1
40269 2
40474 2
40517 1
40526 1
40644 1
40660 1
40676 1
40691 1
40775 2
40858 1
41008 1
41012 1
41064 1
41149 1
41177 1
41218 1
41221 1
41538 1
41564 1
41617 1
41755 1
41765 2
41910 1
41990 1
42107 1
42150 1
42181 1
42318 1
42326 1
42404 1
42411 1
42482 1
42491 1
42506 1
42625 1
42671 1
42854 1
42856 2
43020 1
43069 1
43110 1
43157 1
43166 1
43201 2
43427 1
43436 1
43457 1
43472 1
43542 1
43599 1
43724 1
43760 1
43851 1
43975 1
43990 1
44052 1
44059 1
44076 1
44109 2
44221 1
44244 1
44412 2
44430 1
44432 1
44487 1
44495 1
44715 1
44728 1
44731 1
44737 2
44749 1
44806 1
44811 1
44824 1
45033 1
45123 1
45132 1
45146 1
45220 1
45239 1
45363 2
45459 2
45604 2
45727 1
45745 1
45908 1
46034 1
46090 1
46104 1
46425 2
46468 1
46479 1
46531 1
46597 1
46659 1
46700 1
46711 1
46728 1
46780 1
46933 1
46959 1
47096 1
47146 1
47187 1
47445 1
47460 1
47515 2
47573 1
47611 1
47622 1
47649 1
47667 1
47771 1
47786 1
47792 1
47807 1
47823 1
47889 1
47927 1
48007 2
48019 1
48155 1
48241 1
48249 1
48261 1
48263 1
48318 3
48335 1
48383 2
48448 1
48474 1
48535 1
48538 1
48588 1
48594 1
48608 1
48645 1
48679 1
48681 1
48703 1
48741 1
48787 1
48835 1
48895 1
48927 1
48931 1
48955 1
48966 1
48967 1
48996 1
49011 1
49048 1
49101 1
49178 1
49245 1
49263 1
49277 1
49340 1
49381 1
49404 2
49472 1
49510 1
49559 1
49596 1
49645 1
49684 1
49744 1
49807 1
49835 1
49874 1
49930 1
49969 1
50047 1
50109 2
50112 1
50115 1
50136 1
50162 1
50170 1
50207 1
50248 1
50250 1
50251 1
50278 1
50307 1
50311 1
50383 1
50393 1
50450 1
50479 1
50485 1
50491 1
50510 1
50523 1
50585 1
50607 1
50610 2
50629 1
50695 1
50742 1
50744 1
50759 1
50798 1
50799 1
50845 1
50853 1
50855 1
50874 1
50898 1
50901 1
50953 1
50995 1
51019 1
51039 1
51087 1
51105 1
51108 1
51193 1
51291 1
51306 2
51427 1
51494 2
51551 1
51575 1
51615 1
51623 1
51808 1
51826 1
51847 1
51871 1
52000 1
52032 1
52051 1
52191 3
52208 1
52347 1
52371 1
52455 1
52504 1
52575 1
52669 1
52931 1
52966 1
52993 1
53099 1
53395 1
53407 1
53441 1
53448 2
53462 1
53542 1
53588 1
53650 2
53726 1
53750 1
53779 1
54063 1
54073 1
54315 1
54338 1
54353 1
54515 1
54602 1
54761 1
54791 1
54842 2
54956 1
55051 1
55074 1
55086 1
55087 1
55105 1
55178 1
55182 1
55690 2
55806 1
55838 1
55943 1
56242 2
56369 2
57027 1
57150 1
57186 1
57220 2
57268 1
57426 1
57540 1
57869 2
57916 1
58001 2
58051 1
58144 1
58297 1
58388 1
58499 1
58750 1
58877 1
59089 2
59112 1
59297 1
59298 1
59411 1
59460 1
59472 1
59658 1
59683 1
59685 1
60002 1
60143 1
60176 1
60246 1
60376 1
60633 1
60720 1
60932 1
61065 1
61092 1
61214 1
61272 2
61485 1
61533 1
61540 1
61593 1
61758 1
62125 1
62362 1
62624 1
62968 3
62970 1
63057 1
63258 1
63351 1
63390 1
63408 1
63507 2
63645 1
63648 1
63677 1
63727 2
63750 1
63754 1
63946 1
64277 1
64337 1
64365 1
64815 1
64923 1
64958 1
65281 1
65304 1
65353 1
65395 1
65435 1
65477 1
65500 1
65520 1
65566 1
65636 2
65716 1
65767 1
66178 1
66519 1
66642 2
66690 1
67126 1
67154 1
67447 3
67634 2
67721 1
67862 1
68008 1
68768 1
69151 1
69338 1
69342 1
70119 1
70304 1
71002 1
71022 1
71414 1
71437 2
71513 1
71612 1
71922 1
72020 1
72152 1
72300 1
72404 2
72564 1
72690 1
72746 1
72960 1
73452 1
73546 1
73570 1
73686 1
73728 1
73994 1
74266 1
74522 1
74791 1
75139 1
75302 1
75624 1
75726 1
76605 2
76892 1
76915 2
77158 1
77170 1
77220 10
77238 1
77732 2
77752 1
77756 1
77812 1
77873 1
78054 1
78064 1
78256 5
78388 1
78412 1
78426 1
78519 1
78725 1
78792 1
78876 1
78972 1
79212 1
79280 5
79304 1
79316 2
79364 1
79412 1
79701 1
79876 1
79880 1
80025 1
80198 1
80236 1
80280 1
80282 1
80304 1
80604 1
80786 2
80840 1
80864 2
80885 1
80888 1
80900 1
81196 1
81235 1
81364 1
81376 1
81480 1
81580 1
81645 1
81652 1
81748 1
81900 1
81902 1
81927 1
81948 1
82030 2
82032 1
82272 1
82424 1
82432 1
82520 1
82544 1
82652 1
82760 1
82792 1
83068 1
83329 1
83580 1
83588 1
83731 1
83984 1
84122 1
84277 1
84303 1
84472 2
84676 1
84702 1
84801 1
84844 1
84952 1
85044 1
85056 1
85508 1
85580 1
85592 1
85616 1
85700 1
85867 1
85909 1
86056 1
86080 1
86262 1
86916 1
86964 1
87026 1
87136 1
87212 1
87248 1
87592 1
87628 1
87721 1
87748 1
88012 1
88056 1
88116 3
88128 1
88208 1
88212 1
88592 1
88628 2
88640 4
88700 1
88920 1
89076 1
89164 1
89200 1
89248 1
89301 1
89331 1
89452 1
89578 1
89676 1
90176 1
90299 1
90512 1
90566 1
90712 1
90724 1
90820 1
91012 1
91236 1
91272 1
91724 1
91760 1
91861 1
92168 1
92262 1
92356 1
93284 2
93295 1
93380 1
93771 1
94204 1
94400 1
94772 1
94824 1
94952 1
95420 1
95488 1
95572 1
95904 1
96231 1
96987 1
97216 1
97281 1
97891 1
98077 1
98097 1
98120 1
98132 1
98958 1
99172 1
99401 1
99641 1
99825 1
100072 1
100132 1
100228 1
100520 1
100716 1
101522 1
101775 1
102560 1
103288 1
103373 2
104054 1
104106 1
104262 1
104399 2
104980 2
105084 1
105108 2
105564 2
106124 1
106220 1
106577 2
106732 1
107116 1
107428 1
107959 2
108133 1
109695 1
110630 1
110728 1
111429 1
111939 1
113161 1
113299 1
113373 1
113465 1
113746 1
114073 1
114236 1
114688 1
115855 1
116400 1
116589 1
116742 1
116808 1
117042 1
117496 2
117927 2
117996 1
119040 1
119810 1
119818 1
119961 1
120276 1
120317 1
120599 1
120626 1
121016 1
122316 1
122325 1
122549 1
122861 1
123187 1
123308 1
123997 1
124214 1
125868 1
126103 1
126602 1
127894 1
129659 1
130192 1
134256 1
134639 2
135192 1
135283 1
136172 1
136427 2
136614 1
137327 1
137334 1
138016 1
138882 1
139876 1
140773 1
142355 1
143156 2
143631 1
147069 1
148059 2
148321 1
149405 1
150183 1
150193 1
150220 11
150392 1
150396 1
150540 1
150541 1
151508 1
152068 1
156348 1
158726 1
159389 1
161257 1
161444 1
162974 1
163379 1
164031 1
164453 1
165564 1
168970 1
169715 1
169960 2
170672 1
174852 1
176152 1
176297 1
178400 1
180824 1
182625 1
185518 2
193904 1
198476 1
198942 1
199550 1
208987 1
212812 1
217883 1
220896 1
230021 1
232798 1
233706 2
233834 1
234234 1
235968 1
237649 1
239659 2
241875 1
243390 1
245836 1
247936 1
254380 1
256799 1
260583 1
262240 1
262244 1
262324 2
262328 1
263108 1
263575 1
263587 1
263921 1
267486 1
269892 1
283308 2
283692 1
285062 1
285887 1
285969 1
287013 1
287976 2
292385 1
294430 1
295750 1
301703 1
319540 1
321093 2
324368 1
331699 1
332193 7
333758 1
334057 1
336199 1
338585 1
342785 1
343200 1
343513 1
348583 1
350026 1
350991 1
351551 1
353521 1
354325 1
355312 1
357966 1
385003 1
386588 1
392992 1
412777 1
426716 1
427191 1
444902 1
446012 1
450662 1
461016 1
473524 1
475980 1
484964 1
486000 1
488744 1
495206 1
495894 1
496451 1
496944 1
499410 1
501138 1
513207 1
520738 1
521065 1
540792 1
540840 2
543716 2
544501 1
574888 1
578352 1
583680 1
587580 1
593643 1
599879 1
606310 1
614540 2
620647 1
642600 1
668684 1
683130 1
695275 1
697432 1
709978 1
721704 1
729391 1
737660 1
748604 1
755107 1
775108 2
786832 1
802247 1
828998 1
832437 1
850428 1
862664 1
863682 1
863826 1
872676 1
880045 1
914175 2
991536 1
1010449 2
1034275 1
1038276 1
1083421 1
1089981 1
1242831 1
1271787 1
1386306 1
1386526 1
1467882 1
1488597 1
1540216 1
1786082 1
1895865 1
2163842 1
2257286 1
2299651 1
2508478 1
2776724 1
2933729 1
2982581 1
3096163 1
3152542 1
3855175 1
4025344 1
5027840 1
5174171 1
13986869 1
14325760 1
