0 28
10 1
12 1
13 1
16 2
21 1
31 1
38 1
42 1
53 1
57 2
63 1
68 1
70 1
77 1
79 1
80 1
84 3
92 2
95 2
110 1
122 3
125 1
126 1
133 1
138 1
140 1
141 2
143 1
150 1
156 1
159 1
160 1
165 1
167 1
171 1
175 2
176 1
179 1
180 1
181 1
183 1
186 2
188 1
190 1
200 3
202 2
207 2
209 1
213 1
216 2
222 1
223 1
227 2
230 1
236 1
251 1
257 4
259 1
279 1
285 1
286 1
292 1
307 1
315 1
329 1
333 1
337 2
338 1
344 1
348 2
362 1
365 2
370 1
378 1
379 1
394 1
395 1
398 1
404 2
408 1
414 1
418 2
422 1
423 1
429 1
432 1
438 1
440 1
447 1
454 1
458 1
465 1
468 1
472 1
477 1
479 1
481 2
483 1
486 1
488 2
491 1
496 1
503 3
509 1
512 27
521 3
523 3
524 1
527 1
541 2
544 1
551 1
552 1
553 1
555 1
559 1
577 1
578 1
582 1
586 1
597 1
602 1
604 1
610 1
618 1
621 1
638 1
640 1
643 1
644 1
645 1
649 1
652 1
653 1
655 1
665 1
670 1
672 2
677 1
678 1
680 1
683 1
684 2
687 1
690 1
694 1
696 1
707 1
710 1
711 1
712 1
717 1
718 1
736 1
740 2
741 2
743 1
745 1
748 1
750 2
752 2
756 1
757 1
763 2
774 1
777 1
781 2
783 1
785 1
786 3
787 1
796 1
799 2
801 1
802 1
803 1
805 2
807 3
808 1
809 2
812 2
813 2
814 2
816 1
824 5
825 2
828 1
829 1
832 1
833 1
834 1
842 1
845 1
846 1
848 1
850 1
851 1
852 1
853 1
858 1
863 1
866 2
869 1
874 1
876 1
878 2
879 1
880 1
890 2
891 1
892 2
896 1
897 2
901 1
902 1
903 2
906 2
907 1
908 3
912 1
913 1
917 1
918 1
919 2
920 4
921 4
929 1
931 1
933 1
936 1
937 1
938 2
958 1
960 1
962 3
963 1
965 1
966 1
969 1
973 1
974 4
978 1
979 1
983 1
986 1
987 1
991 1
996 1
999 1
1000 1
1001 2
1008 1
1015 1
1021 1
1022 1
1023 1
1024 26
1027 1
1028 1
1029 1
1030 1
1034 2
1035 2
1039 1
1041 1
1042 2
1043 3
1044 2
1045 2
1046 1
1055 1
1057 4
1058 1
1059 6
1060 1
1063 1
1067 2
1069 1
1071 1
1072 1
1074 1
1076 1
1077 1
1079 1
1080 1
1081 1
1083 1
1084 1
1085 1
1086 1
1088 1
1089 1
1092 1
1094 1
1096 1
1097 2
1098 1
1100 1
1103 1
1106 1
1110 1
1115 1
1116 1
1122 1
1123 1
1125 1
1126 1
1129 1
1130 1
1132 2
1136 1
1141 1
1143 1
1148 3
1154 1
1159 1
1167 1
1168 1
1169 1
1171 1
1174 1
1175 2
1176 1
1185 3
1186 1
1190 1
1201 1
1210 1
1219 1
1222 1
1223 1
1224 2
1227 1
1234 1
1239 1
1246 1
1248 1
1249 1
1250 1
1253 2
1264 1
1265 1
1268 1
1277 3
1278 1
1279 1
1285 1
1286 1
1291 1
1292 1
1293 1
1297 1
1302 1
1304 1
1309 2
1319 1
1320 3
1322 1
1327 1
1333 2
1335 1
1341 1
1344 1
1346 1
1351 2
1354 3
1355 2
1364 1
1365 3
1371 1
1373 1
1379 1
1380 1
1381 1
1386 1
1387 1
1391 1
1397 1
1399 1
1414 1
1421 2
1423 1
1426 2
1427 1
1430 1
1432 1
1433 1
1441 1
1443 1
1444 1
1450 1
1451 1
1453 1
1459 1
1460 1
1461 1
1462 1
1464 1
1472 1
1482 1
1484 1
1486 1
1489 1
1490 1
1501 1
1505 1
1506 1
1507 1
1513 2
1516 1
1521 1
1528 2
1529 1
1530 1
1531 1
1532 1
1536 7
1542 1
1548 1
1550 1
1570 1
1572 1
1576 2
1581 1
1606 1
1611 1
1617 1
1618 1
1619 1
1627 1
1632 1
1636 1
1639 1
1641 1
1656 1
1661 1
1668 1
1684 1
1691 1
1705 1
1715 2
1718 1
1720 2
1729 1
1731 1
1742 1
1749 1
1757 1
1766 1
1774 1
1776 1
1777 1
1779 1
1795 1
1804 1
1805 1
1807 2
1820 1
1824 1
1830 1
1835 1
1841 1
1845 1
1848 1
1850 1
1852 1
1855 1
1857 1
1859 1
1861 1
1872 1
1878 1
1903 1
1907 1
1908 1
1918 1
1954 1
1968 1
1986 1
1989 1
1996 1
1997 1
2004 1
2006 1
2012 1
2031 1
2048 1
2058 1
2059 1
2067 1
2070 1
2083 1
2092 1
2107 1
2115 1
2117 1
2130 1
2132 1
2134 1
2148 1
2152 1
2153 1
2180 1
2182 1
2184 1
2185 1
2191 1
2201 1
2220 1
2235 1
2248 1
2251 1
2253 1
2255 1
2271 1
2281 1
2283 1
2298 1
2302 2
2330 1
2332 1
2362 1
2365 1
2376 1
2378 1
2395 1
2409 1
2436 1
2438 1
2440 1
2443 1
2451 1
2453 1
2458 1
2466 1
2482 1
2491 1
2494 1
2507 1
2516 1
2524 2
2527 1
2536 1
2549 1
2560 1
2564 1
2572 1
2575 1
2576 1
2590 1
2593 1
2594 1
2614 1
2615 1
2622 1
2629 1
2673 1
2707 1
2713 1
2717 1
2723 1
2752 1
2760 1
2767 1
2768 1
2771 1
2782 1
2785 1
2786 1
2806 1
2814 2
2818 1
2831 1
2834 1
2836 1
2846 1
2850 1
2893 1
2908 1
2910 1
2944 1
2949 1
2956 1
2959 1
2968 1
2973 1
2994 1
3009 1
3010 1
3041 1
3060 1
3072 1
3077 1
3080 1
3086 1
3101 1
3109 1
3132 1
3187 1
3202 1
3203 3
3238 1
3242 1
3243 1
3249 1
3308 1
3328 1
3362 1
3379 1
3380 1
3381 1
3382 2
3413 1
3420 3
3432 1
3433 1
3445 1
3468 1
3471 1
3479 1
3481 1
3526 1
3534 2
3553 1
3554 1
3573 1
3613 1
3616 1
3622 1
3637 1
3638 1
3649 1
3650 1
3659 1
3674 1
3706 1
3732 1
3745 1
3756 1
3771 1
3776 1
3820 1
3830 1
3831 1
3868 1
3870 1
3872 1
3950 2
3986 1
4004 1
4020 1
4049 1
4053 1
4083 1
4148 1
4155 1
4166 1
4200 1
4201 1
4212 2
4285 1
4316 1
4327 1
4328 1
4333 1
4335 1
4340 1
4381 1
4389 1
4407 1
4437 1
4458 1
4493 1
4498 1
4500 1
4579 1
4583 1
4587 1
4608 2
4617 1
4622 1
4648 1
4697 1
4710 1
4764 1
4788 1
4798 1
4812 1
4834 1
4838 1
4903 1
4918 1
4947 1
4977 1
4983 1
5015 1
5023 1
5050 1
5059 1
5071 2
5074 1
5090 1
5102 1
5103 2
5105 1
5113 1
5145 1
5168 1
5192 1
5259 1
5266 1
5312 1
5329 1
5331 1
5332 1
5379 1
5396 1
5398 1
5401 1
5415 1
5424 1
5587 1
5646 1
5655 1
5693 1
5758 1
5770 1
5791 1
5862 1
5875 1
5911 1
5943 1
5950 1
5991 1
6013 1
6064 1
6132 1
6145 1
6205 1
6225 1
6252 1
6253 1
6293 1
6333 1
6400 1
6404 1
6408 1
6482 1
6491 1
6500 1
6580 1
6594 1
6599 1
6697 1
6718 1
6744 1
6757 1
6768 1
6786 1
6801 1
6802 1
6814 1
6824 1
6861 1
6920 1
6922 1
6923 1
6983 1
6989 1
7046 1
7058 1
7062 1
7072 1
7107 1
7117 1
7156 1
7281 1
7292 1
7360 1
7462 1
7521 1
7572 1
7712 1
7896 1
7956 1
7990 1
8118 1
8192 1
8217 1
8245 1
8272 1
8275 1
8281 1
8307 1
8314 1
8325 1
8372 1
8399 1
8417 1
8486 1
8544 1
8553 2
8572 1
8594 1
8663 1
8670 1
8723 1
8737 1
8824 1
8858 1
8872 1
8902 1
8925 1
8936 1
8938 1
8952 1
8958 2
8961 1
8973 1
9060 1
9115 1
9150 1
9208 1
9366 1
9418 1
9458 1
9487 1
9584 1
9610 1
9648 1
9752 1
9758 1
9796 1
9932 1
9956 1
9988 2
10156 1
10182 1
10316 1
10328 1
10360 1
10388 1
10411 1
10495 1
10563 1
10591 1
10636 1
10848 1
11006 1
11220 1
11340 1
11416 1
11429 1
11463 1
11547 1
11573 1
11593 1
11625 1
11680 1
11701 1
11708 1
11716 1
11776 1
11835 1
11900 1
11938 1
11961 1
12038 1
12114 1
12230 1
12264 1
12308 1
12331 1
12637 1
12834 1
12915 1
13008 1
13035 1
13044 1
13212 1
13261 1
13456 1
13564 1
13601 1
13684 1
13692 1
13708 1
13724 1
13808 1
13896 1
14041 1
14088 1
14151 1
14168 1
14292 1
14332 1
14445 1
14746 1
14864 1
14896 1
14991 1
15176 1
15200 1
15204 1
15256 1
15287 1
15298 1
15303 1
15304 2
15308 1
15316 2
15320 1
15352 1
15360 1
15431 1
15440 2
15444 1
15480 1
15496 1
15540 1
15552 1
15572 1
15588 1
15600 1
15608 2
15612 1
15640 1
15740 1
15752 1
15776 2
15784 1
15788 1
15800 1
15856 1
15872 1
15916 1
15920 1
15932 1
15980 1
16020 1
16076 2
16128 1
16216 1
16224 1
16251 1
16259 1
16380 1
16444 1
16532 1
16576 1
16620 1
16632 1
16644 1
16648 1
16672 1
16684 1
16692 1
16704 1
16716 1
16724 1
16744 1
16752 1
16756 2
16768 1
16780 1
16784 1
16788 1
16812 1
16816 2
16820 1
16824 1
16852 1
16884 1
16888 2
16896 1
16900 1
16908 2
16916 1
16920 1
16924 1
16932 1
16944 1
16948 1
16984 1
16996 2
17000 1
17004 1
17008 1
17016 1
17024 1
17028 1
17040 1
17057 1
17064 1
17068 2
17076 1
17080 1
17092 3
17096 1
17108 1
17116 1
17128 1
17132 1
17144 1
17164 1
17180 1
17192 2
17224 1
17252 1
17260 1
17264 1
17324 2
17328 1
17334 1
17360 1
17364 1
17376 1
17392 1
17396 2
17404 1
17408 1
17424 1
17428 1
17440 1
17452 1
17456 1
17468 1
17472 2
17480 1
17488 1
17492 1
17512 1
17516 1
17544 1
17552 1
17561 1
17572 1
17576 2
17580 1
17582 1
17608 1
17628 1
17672 1
17716 1
17736 1
17740 1
17744 1
17748 1
17764 1
17772 1
17776 1
17780 1
17788 1
17800 1
17804 2
17808 1
17824 1
17828 1
17845 1
17856 1
17872 1
17884 1
17900 1
17936 1
17940 1
17948 1
17952 2
17972 1
17980 1
18033 1
18036 1
18044 1
18052 1
18073 1
18084 1
18095 1
18096 2
18104 2
18108 1
18116 1
18120 1
18124 1
18144 1
18156 1
18160 1
18164 1
18172 1
18192 1
18196 1
18200 3
18204 1
18208 1
18216 1
18220 1
18236 2
18240 1
18256 1
18264 1
18272 1
18276 1
18280 1
18288 1
18300 1
18328 1
18340 1
18352 1
18358 1
18364 2
18384 2
18400 1
18408 1
18460 1
18468 1
18480 1
18500 2
18532 1
18536 1
18560 1
18592 1
18608 1
18632 1
18668 1
18672 1
18692 1
18702 1
18704 1
18736 1
18744 1
18756 2
18772 1
18806 1
18812 1
18828 1
18836 1
18876 1
18892 1
18996 1
19020 1
19100 1
19108 1
19120 1
19136 1
19176 1
19248 1
19256 2
19260 1
19272 2
19288 1
19336 1
19340 1
19344 1
19348 1
19357 1
19360 2
19376 1
19382 1
19384 1
19396 1
19400 1
19416 1
19420 1
19424 1
19440 2
19480 1
19508 1
19516 2
19548 1
19556 1
19560 2
19584 1
19604 1
19646 1
19648 1
19649 1
19656 1
19662 1
19664 1
19676 1
19688 1
19700 1
19720 1
19740 1
19748 1
19752 1
19756 2
19772 1
19788 1
19816 1
19820 1
19836 1
19844 1
19852 1
19872 1
19896 1
19924 1
19928 1
19944 1
19956 1
19960 1
19968 1
19996 1
20020 1
20028 1
20036 3
20048 1
20056 1
20060 1
20068 1
20096 1
20100 2
20104 1
20107 1
20111 1
20120 1
20164 1
20166 1
20185 1
20200 1
20204 1
20244 1
20284 1
20324 1
20332 1
20348 2
20360 1
20364 1
20400 2
20450 1
20452 1
20512 1
20564 1
20624 1
20636 1
20656 1
20676 1
20680 1
20688 2
20716 1
20732 1
20764 1
20784 1
20840 3
20888 1
20900 1
20932 1
20972 1
21008 1
21020 1
21028 1
21048 1
21060 1
21084 1
21113 1
21116 1
21144 2
21164 2
21224 1
21228 1
21339 1
21349 1
21432 1
21468 1
21508 1
21540 1
21684 1
21728 1
21732 1
21752 1
21756 1
21760 1
21788 1
21844 1
21956 1
21988 2
22021 1
22064 1
22108 1
22111 1
22117 1
22156 1
22160 1
22204 1
22232 1
22233 1
22248 1
22267 1
22339 1
22408 1
22452 1
22500 1
22526 1
22536 1
22564 1
22600 1
22644 1
22648 1
22660 2
22676 1
22680 1
22700 1
22748 1
22764 1
22796 1
22804 1
22824 1
22840 3
22868 1
22906 1
22924 1
22932 1
22991 1
23000 1
23004 1
23092 1
23144 1
23156 1
23184 2
23224 1
23231 1
23244 1
23248 1
23252 1
23287 1
23320 1
23336 1
23345 1
23360 1
23400 1
23402 1
23412 1
23420 1
23428 1
23452 1
23464 1
23476 1
23496 1
23528 1
23544 1
23572 1
23576 1
23596 1
23604 1
23632 1
23652 1
23692 1
23728 1
23884 1
23888 1
24008 1
24108 1
24140 1
24164 1
24260 1
24270 1
24272 1
24292 2
24340 1
24344 1
24488 1
24500 1
24536 1
24628 2
24632 1
24636 1
24696 1
24708 1
24792 1
24812 1
24824 1
24856 1
24936 1
25144 1
25192 1
25304 1
25320 1
25328 1
25408 1
25460 1
25628 1
25648 1
25680 1
25696 1
25704 1
25708 1
25756 1
25796 1
25800 1
25804 1
25807 1
25816 1
25818 1
25824 1
25828 1
26155 1
26196 1
26200 1
26232 1
26400 1
26440 1
26584 1
26640 1
26659 1
26680 1
26688 1
26737 1
26808 1
26833 1
26916 1
26920 1
26924 1
26936 1
26940 1
26964 1
27012 1
27192 1
27244 1
27444 1
27448 1
27544 1
27556 1
27596 1
27658 1
27704 1
27748 1
27844 1
27904 1
27992 1
28036 1
28084 1
28116 1
28136 1
28184 1
28252 1
28257 1
28280 1
28300 1
28332 1
28380 1
28388 1
28488 1
28500 1
28516 1
28568 1
28588 1
28752 1
28896 1
28998 1
29056 1
29076 1
29220 1
29276 1
29320 2
29352 1
29471 1
29472 1
29476 1
29496 1
29512 1
29872 1
29892 1
29900 1
29968 1
30017 1
30063 1
30255 1
30456 1
30700 1
30751 1
30828 1
30862 1
30904 1
30956 1
31288 1
31396 1
31424 1
31428 1
31567 1
31824 1
31848 1
31872 1
32092 1
32104 1
32120 1
32232 1
32404 1
32422 3
32428 1
32458 1
32480 1
32540 1
32756 1
32768 1
32792 1
32892 1
32913 1
33056 1
33370 1
33468 1
33684 1
33800 1
33811 1
34032 1
34371 1
34552 1
34784 1
34936 1
35028 1
35228 1
35260 1
35288 1
35292 1
35372 1
35540 1
35660 1
35744 1
35756 1
36060 1
36556 1
36764 1
36948 1
37012 1
37016 1
37060 1
37112 1
37544 1
37812 1
38232 1
38400 1
38428 1
38860 1
38996 1
39008 1
39572 1
39624 1
39664 2
39670 1
40151 1
40196 1
40348 1
40564 1
40828 1
41068 1
41124 1
41200 1
41416 1
41444 1
41484 1
41684 1
41704 1
41764 1
41924 1
42169 1
42712 1
43000 1
43152 1
43516 1
43648 1
43681 1
43868 1
44432 1
44484 1
44616 1
44684 1
45019 1
45092 1
45700 1
46060 1
47219 1
48144 1
48216 1
48716 1
48776 1
49080 1
49516 1
49936 1
49972 1
50086 1
50724 1
50904 1
51756 1
52040 1
52591 1
52904 1
53380 1
53400 1
53732 1
55020 1
55356 1
55924 1
56456 1
57344 2
57468 1
57528 1
58180 1
58552 1
59356 1
59832 1
61136 1
61368 1
61423 1
62652 1
65328 1
65392 1
65536 2
68496 1
69320 1
69925 1
70614 1
73555 1
77359 1
84416 1
90088 1
91280 1
102684 1
140158 1
143060 1
145361 1
147456 2
179582 1
184116 1
188416 2
196608 2
228149 1
241496 1
254446 1
277498 1
280876 1
312380 1
475136 1
542720 1
555381 1
753586 1
847872 1
919590 1
1245184 2
1837244 1
1903732 1
1927890 1
1976295 1
4997120 2
10471742 1
