0 28
1 3
2 2
3 1
5 14
7 8
8 1
11 2
12 6
13 3
14 2
15 2
16 4
18 2
19 2
20 1
21 8
22 7
23 13
24 6
26 2
27 4
28 2
29 2
30 5
31 1
32 2
33 3
34 1
35 2
36 2
38 2
39 2
40 19
42 4
43 5
44 3
46 1
47 2
48 3
49 1
50 1
51 2
53 3
55 2
56 2
57 6
58 5
59 2
60 9
61 5
62 2
63 6
64 1
65 5
66 7
67 1
68 6
69 1
70 6
71 8
72 3
74 2
75 4
76 3
77 2
78 4
79 4
80 4
81 2
82 3
83 2
84 6
87 1
88 1
89 1
90 3
91 1
92 3
93 10
94 2
95 5
96 1
99 3
100 3
101 1
102 1
103 4
105 1
107 6
108 4
109 3
110 2
112 3
113 2
114 3
115 1
116 5
117 2
118 3
120 4
121 2
122 5
123 2
124 4
125 2
126 2
128 1
129 1
130 2
131 2
132 1
133 7
134 6
135 3
136 1
137 1
138 5
139 4
140 3
141 4
142 5
143 7
145 1
146 1
147 3
148 2
149 1
150 5
151 3
152 9
153 3
154 4
155 6
156 1
159 1
160 1
161 5
162 3
163 2
165 7
166 1
167 4
168 4
169 2
170 1
171 5
172 4
173 4
174 3
175 4
176 1
178 2
179 1
180 2
181 3
182 2
183 2
184 4
185 4
186 3
187 6
188 2
189 2
190 2
191 3
192 2
193 2
195 1
196 1
197 1
198 3
199 3
200 12
201 5
202 8
203 7
204 2
205 5
207 7
208 11
209 2
210 2
211 3
212 2
213 7
214 5
215 1
216 5
217 5
218 3
219 5
220 3
222 3
223 9
224 5
225 3
226 9
227 7
228 2
229 2
230 7
231 2
232 4
233 1
234 7
235 10
236 1
237 3
239 1
240 3
241 5
242 3
243 2
244 2
245 6
246 4
247 3
248 6
249 3
250 1
251 3
252 8
253 1
254 5
255 2
256 4
257 8
258 3
259 2
260 3
261 1
262 3
264 4
265 2
266 1
267 4
268 3
269 1
270 3
271 3
272 1
273 1
274 4
275 6
276 4
277 5
279 5
280 4
281 4
282 1
283 1
285 2
287 3
288 2
289 10
290 2
291 4
292 4
293 6
294 1
295 1
296 3
298 3
299 5
300 1
301 4
302 3
303 2
304 2
305 3
307 4
308 9
310 2
311 1
312 6
313 2
314 1
315 8
316 4
317 1
318 6
319 1
320 3
321 2
322 4
323 2
324 2
325 2
326 1
327 1
328 2
329 5
330 7
331 4
333 4
335 10
336 2
337 3
338 3
339 2
340 3
341 5
342 2
343 6
344 8
345 2
346 3
347 3
348 4
349 2
350 2
351 4
352 5
353 2
355 3
356 1
357 2
358 3
359 8
360 3
361 2
362 2
364 1
365 3
366 3
368 6
369 4
370 3
371 4
372 3
373 3
374 4
375 1
376 4
377 4
378 4
379 1
380 3
381 5
382 1
383 3
384 3
385 1
386 3
387 7
388 1
389 2
390 1
391 2
392 3
393 3
394 2
395 1
396 4
397 2
398 1
399 3
400 1
401 4
402 3
403 1
404 2
405 1
406 1
407 3
408 3
409 4
410 2
411 5
412 4
413 1
414 2
416 1
417 7
418 7
419 6
420 3
421 1
422 3
423 6
424 2
425 6
426 1
427 5
428 1
429 5
430 2
431 5
432 5
433 3
434 13
436 1
437 1
438 3
439 3
440 3
441 1
442 4
443 2
444 3
446 2
447 3
448 4
449 2
450 5
451 2
452 2
453 5
454 8
455 1
456 2
457 4
458 5
459 4
460 1
461 3
462 1
464 2
465 7
466 2
467 3
468 2
469 4
470 3
471 5
472 5
473 1
474 6
475 2
476 7
477 2
478 1
479 1
480 2
481 4
482 2
483 3
484 2
486 1
488 4
489 2
491 5
492 5
493 1
494 2
495 1
496 3
497 3
498 4
499 1
500 4
501 3
503 4
504 1
506 1
507 5
508 1
509 2
510 1
511 1
512 560
514 1
515 6
516 1
517 1
518 2
519 3
520 3
521 5
522 2
523 5
524 3
526 1
527 2
528 6
529 1
530 6
531 1
532 1
533 1
535 3
536 1
537 4
538 2
540 3
541 3
542 6
543 1
544 5
545 3
546 5
547 2
550 3
551 1
552 2
553 4
554 1
555 2
557 1
558 2
559 1
560 2
561 1
562 1
563 3
564 2
565 3
566 3
567 1
568 2
569 4
571 5
572 1
573 6
574 3
575 1
576 2
577 2
578 1
579 4
580 2
581 3
582 2
583 1
584 2
586 9
588 3
590 5
591 2
592 2
593 1
594 2
595 2
596 2
597 1
598 2
599 1
600 1
602 5
603 3
604 1
605 2
606 13
607 7
608 2
609 3
610 1
611 3
613 2
615 4
616 3
618 1
619 1
621 3
622 4
623 2
625 5
630 2
631 7
632 1
634 2
635 3
637 1
638 2
639 3
640 4
641 1
642 2
643 5
644 7
645 2
646 2
647 4
648 2
649 3
651 2
652 4
653 2
655 2
656 3
657 4
660 1
661 2
663 1
664 2
665 3
666 1
667 3
669 4
670 3
671 5
672 3
675 1
676 2
677 2
678 7
679 1
680 4
681 1
682 6
683 4
684 4
685 2
686 3
687 5
689 1
690 1
691 3
692 3
693 4
694 2
696 3
697 3
699 1
700 3
703 5
705 1
706 1
707 2
708 1
709 2
710 1
711 2
712 2
713 3
714 6
715 3
716 1
717 8
718 3
719 1
720 3
721 3
723 1
725 1
726 1
728 1
729 2
731 2
733 3
735 1
736 2
737 1
738 2
739 3
740 5
741 2
742 4
743 4
744 1
745 5
746 4
748 2
749 1
750 4
751 2
752 3
753 2
754 2
756 1
757 2
758 1
759 5
760 3
761 2
762 5
763 4
764 1
765 1
767 2
769 2
770 1
771 1
772 1
773 3
774 2
775 6
776 1
777 1
778 3
779 2
780 1
781 4
782 5
783 2
784 1
785 1
786 4
787 3
788 6
789 1
790 2
792 3
793 4
794 3
796 2
797 3
799 2
800 2
801 4
802 2
803 3
804 3
805 3
806 1
807 6
808 5
809 2
810 6
811 1
812 3
813 3
814 4
815 3
816 1
818 1
819 2
821 1
822 5
823 1
824 6
825 4
826 1
827 1
828 2
829 1
831 5
832 1
833 1
834 1
837 1
838 1
839 1
840 2
841 1
842 4
843 2
845 1
846 3
847 2
848 1
849 3
850 3
851 1
852 2
853 2
854 4
858 2
861 3
862 2
863 2
864 2
865 4
866 4
868 3
869 7
870 1
873 2
874 4
875 2
876 6
877 1
878 3
879 1
880 4
881 2
884 1
885 1
887 1
888 2
889 2
890 3
891 1
892 3
893 1
896 3
897 4
898 2
900 28
901 3
902 3
903 3
905 1
906 2
907 3
908 9
909 2
910 2
911 2
912 1
913 1
915 1
916 3
917 2
918 2
919 4
920 4
921 8
922 2
923 3
924 1
928 1
929 3
931 2
933 4
934 1
935 3
936 3
937 2
938 4
940 3
941 2
943 1
944 2
945 2
947 3
948 3
949 1
951 3
952 1
953 1
954 2
958 2
960 2
961 3
962 3
963 1
965 1
966 1
967 2
968 1
969 6
970 2
971 2
973 2
974 8
975 2
976 4
977 1
978 1
979 1
980 1
981 2
983 1
984 1
986 2
987 2
988 2
990 4
991 3
993 1
994 3
995 1
996 3
999 1
1000 3
1001 2
1004 1
1005 1
1006 4
1008 1
1009 2
1010 3
1011 3
1012 1
1013 3
1014 2
1015 5
1017 1
1018 1
1021 3
1022 4
1023 2
1024 99
1025 1
1026 1
1027 1
1028 1
1029 1
1030 2
1031 2
1032 2
1033 1
1034 6
1035 3
1039 3
1040 2
1041 5
1042 6
1043 4
1044 2
1045 5
1046 4
1047 1
1050 2
1051 1
1052 14
1053 1
1054 1
1055 3
1056 1
1057 4
1058 2
1059 8
1060 2
1061 2
1062 2
1063 3
1064 1
1066 2
1067 5
1069 3
1071 3
1072 4
1073 2
1074 4
1075 3
1076 2
1077 3
1078 2
1079 5
1080 2
1081 1
1082 1
1083 1
1084 3
1085 2
1086 1
1087 1
1088 6
1089 1
1091 1
1092 2
1093 1
1094 1
1095 3
1096 4
1097 6
1098 3
1099 1
1100 1
1101 2
1102 3
1103 2
1105 2
1106 3
1108 1
1109 3
1110 2
1111 1
1112 2
1113 1
1115 4
1116 1
1117 4
1118 3
1119 4
1122 3
1123 1
1125 2
1126 3
1127 1
1128 1
1129 2
1130 3
1131 2
1132 3
1134 2
1135 1
1136 3
1138 3
1139 1
1141 3
1143 4
1148 3
1149 1
1150 3
1151 3
1154 1
1155 4
1156 5
1158 1
1159 5
1160 3
1161 1
1163 4
1164 1
1165 1
1166 2
1167 4
1168 3
1169 1
1170 1
1171 1
1173 3
1174 1
1175 2
1176 3
1177 4
1178 1
1179 1
1184 1
1185 7
1186 4
1187 3
1189 2
1190 7
1192 1
1194 1
1195 1
1196 4
1197 2
1199 5
1200 2
1201 1
1202 1
1206 3
1207 2
1208 2
1209 1
1210 2
1212 1
1216 1
1217 1
1219 3
1220 1
1221 3
1222 1
1223 2
1224 3
1225 1
1227 2
1229 2
1230 2
1231 1
1232 1
1234 5
1235 3
1236 1
1239 1
1241 4
1242 1
1245 2
1246 5
1248 1
1249 3
1250 1
1252 5
1253 2
1258 2
1263 4
1264 5
1265 4
1267 4
1268 6
1270 4
1271 1
1274 1
1276 2
1277 4
1278 2
1279 1
1281 7
1283 5
1284 3
1285 1
1286 2
1287 1
1288 1
1289 1
1290 1
1291 3
1292 2
1293 1
1294 1
1296 1
1297 3
1298 3
1300 1
1302 2
1303 1
1304 5
1305 2
1307 1
1309 6
1310 4
1311 3
1313 1
1314 6
1315 1
1316 1
1318 3
1319 3
1320 3
1322 3
1324 1
1326 6
1327 1
1328 2
1330 7
1332 1
1333 3
1335 2
1336 2
1339 1
1341 3
1344 5
1346 4
1347 1
1349 2
1350 1
1351 3
1352 1
1353 2
1354 6
1355 2
1356 1
1357 2
1358 2
1359 1
1360 5
1361 3
1362 1
1363 1
1364 4
1365 3
1366 2
1367 3
1369 2
1370 1
1371 2
1373 1
1374 1
1376 1
1377 2
1379 2
1380 1
1381 1
1382 1
1386 3
1387 2
1388 1
1391 1
1394 1
1397 1
1398 3
1399 4
1400 1
1402 3
1403 1
1404 2
1405 2
1406 1
1407 4
1408 1
1409 1
1410 3
1412 1
1413 2
1414 2
1415 1
1416 1
1419 3
1420 1
1421 3
1423 1
1425 1
1426 3
1427 3
1428 2
1429 3
1430 1
1431 2
1432 2
1433 2
1435 3
1438 1
1439 5
1441 2
1442 1
1443 3
1444 4
1446 2
1447 1
1450 3
1451 3
1453 1
1454 3
1455 3
1457 1
1459 2
1460 2
1461 2
1462 3
1463 1
1464 4
1466 1
1468 2
1470 4
1472 3
1474 1
1475 1
1476 2
1477 1
1478 1
1479 1
1481 2
1482 2
1484 1
1486 1
1488 1
1489 5
1490 2
1491 1
1493 1
1494 1
1497 3
1499 2
1500 3
1501 1
1502 1
1503 1
1504 1
1505 1
1506 1
1507 1
1508 2
1510 1
1513 2
1515 1
1516 3
1517 1
1518 1
1520 1
1521 2
1524 2
1526 1
1528 2
1529 1
1530 1
1531 1
1532 1
1533 2
1534 1
1536 29
1537 2
1541 1
1542 1
1543 1
1544 1
1546 2
1548 2
1549 3
1550 2
1551 3
1552 2
1553 1
1555 1
1557 3
1559 1
1561 1
1563 1
1564 2
1565 3
1566 1
1570 2
1572 1
1574 4
1576 2
1581 2
1582 3
1587 2
1588 1
1589 3
1591 1
1597 3
1599 1
1600 2
1603 1
1604 1
1606 2
1607 1
1609 1
1610 1
1611 1
1612 2
1613 1
1616 1
1617 1
1618 2
1619 5
1621 2
1622 2
1623 1
1624 1
1625 1
1627 1
1628 2
1630 1
1632 2
1633 1
1634 2
1636 3
1637 1
1638 1
1639 2
1640 1
1641 2
1643 3
1644 1
1647 1
1649 1
1656 2
1657 2
1659 3
1660 1
1661 2
1662 2
1667 2
1668 1
1669 1
1673 1
1674 5
1677 2
1678 1
1679 1
1680 1
1681 1
1683 1
1684 1
1687 1
1690 2
1691 1
1692 2
1693 6
1694 1
1697 2
1699 1
1700 3
1701 1
1702 1
1705 1
1706 2
1707 1
1708 1
1713 2
1714 1
1715 2
1716 1
1717 1
1718 2
1720 3
1722 1
1723 1
1724 4
1725 3
1726 1
1728 3
1729 1
1730 3
1731 3
1732 1
1733 1
1734 5
1736 1
1737 3
1742 1
1744 5
1745 2
1747 1
1748 2
1749 2
1750 1
1752 1
1754 1
1756 2
1757 3
1760 1
1762 1
1764 1
1765 1
1766 2
1770 2
1771 2
1773 4
1774 5
1775 1
1776 1
1777 3
1779 1
1780 1
1782 2
1785 1
1790 1
1791 1
1793 1
1795 1
1796 2
1797 5
1798 1
1800 1
1803 5
1804 1
1805 6
1806 1
1807 2
1809 1
1810 2
1812 1
1814 2
1816 1
1817 1
1819 1
1820 2
1821 3
1822 3
1823 1
1824 1
1827 1
1828 2
1829 1
1830 2
1831 2
1832 1
1834 2
1835 1
1837 2
1839 2
1840 1
1841 2
1842 1
1843 1
1844 1
1845 3
1846 7
1848 2
1850 2
1851 1
1852 1
1853 1
1854 2
1855 5
1856 1
1857 1
1858 1
1859 1
1860 1
1861 2
1869 1
1871 1
1872 4
1873 2
1874 1
1876 1
1877 2
1878 2
1880 3
1881 3
1883 1
1885 1
1887 1
1896 1
1898 3
1900 2
1901 1
1902 1
1903 2
1904 1
1905 2
1906 2
1907 1
1908 2
1909 1
1910 1
1911 2
1912 3
1913 1
1915 1
1916 3
1918 5
1919 2
1920 2
1923 1
1924 1
1925 1
1926 1
1931 1
1934 2
1936 1
1939 1
1942 1
1943 1
1949 1
1951 2
1952 3
1954 4
1955 2
1956 1
1957 1
1960 1
1961 3
1963 1
1966 1
1968 1
1969 1
1977 1
1978 1
1979 1
1980 1
1986 1
1989 2
1993 2
1994 5
1996 2
1997 3
1998 3
1999 1
2000 1
2001 3
2003 1
2004 1
2005 1
2006 2
2007 2
2010 1
2011 1
2012 2
2013 1
2020 1
2021 1
2025 1
2028 1
2030 2
2031 4
2032 1
2033 4
2037 3
2038 2
2039 2
2041 1
2043 4
2044 1
2045 1
2048 10
2051 1
2052 4
2053 2
2054 1
2055 1
2058 1
2059 5
2060 2
2061 2
2062 2
2064 1
2065 2
2066 1
2067 1
2069 1
2070 1
2071 1
2073 2
2075 2
2076 3
2077 1
2079 1
2081 1
2083 1
2085 2
2086 1
2087 1
2091 1
2092 3
2093 1
2094 1
2095 2
2097 1
2102 1
2103 1
2104 3
2105 2
2106 1
2107 3
2108 2
2112 1
2113 2
2114 1
2115 1
2117 2
2118 1
2121 1
2123 2
2126 1
2127 1
2128 1
2130 2
2132 1
2133 1
2134 3
2135 2
2136 4
2139 2
2140 1
2147 2
2148 2
2149 1
2151 2
2152 1
2153 1
2154 2
2156 4
2157 1
2158 1
2159 1
2161 1
2162 2
2164 1
2165 1
2169 1
2170 1
2171 1
2172 3
2174 1
2178 2
2182 1
2184 1
2185 2
2186 2
2187 1
2189 1
2190 4
2191 1
2192 2
2195 2
2196 1
2197 1
2198 1
2199 1
2201 1
2209 1
2210 1
2211 1
2213 4
2217 4
2218 1
2219 1
2220 3
2226 2
2227 1
2228 2
2229 1
2233 4
2235 1
2236 3
2237 2
2238 1
2239 3
2240 4
2242 2
2244 1
2246 2
2247 4
2248 2
2251 3
2252 1
2253 2
2255 3
2258 3
2259 1
2260 2
2261 2
2262 1
2263 1
2264 1
2265 1
2266 4
2267 1
2268 1
2270 2
2271 1
2272 2
2273 2
2278 1
2279 1
2280 1
2281 1
2283 1
2284 1
2285 1
2286 2
2288 1
2291 1
2293 1
2296 1
2297 1
2298 1
2302 2
2303 1
2304 1
2305 3
2307 2
2313 1
2319 1
2325 1
2327 1
2330 1
2331 1
2332 1
2334 1
2335 1
2337 2
2340 1
2341 1
2344 1
2347 3
2349 1
2353 1
2355 1
2356 1
2359 3
2360 1
2362 1
2364 1
2365 2
2366 1
2368 3
2370 1
2372 1
2373 1
2374 1
2376 1
2377 2
2378 1
2380 1
2382 1
2383 2
2385 2
2386 1
2388 1
2390 2
2395 1
2396 1
2399 1
2400 1
2401 1
2404 1
2405 1
2409 1
2410 2
2411 6
2412 1
2414 2
2416 1
2417 1
2418 1
2419 1
2423 2
2426 2
2427 1
2429 2
2430 1
2432 1
2436 1
2438 3
2440 2
2441 1
2442 1
2443 2
2444 2
2445 1
2446 1
2447 3
2448 1
2451 2
2452 1
2453 5
2454 4
2456 4
2458 1
2459 3
2460 3
2462 2
2465 1
2466 3
2468 1
2475 1
2476 1
2478 1
2482 1
2483 2
2487 2
2490 2
2491 2
2492 1
2494 1
2496 1
2497 1
2498 1
2501 3
2503 2
2505 1
2506 1
2507 3
2508 1
2509 1
2510 3
2512 1
2513 4
2514 3
2516 1
2518 1
2519 1
2521 1
2522 2
2526 1
2527 1
2529 1
2531 1
2536 2
2538 3
2539 2
2540 1
2541 1
2543 2
2545 1
2547 2
2549 1
2552 1
2554 2
2555 1
2558 1
2559 1
2560 3
2561 1
2562 1
2564 2
2565 1
2567 2
2568 1
2570 1
2572 2
2574 1
2575 2
2576 1
2578 1
2580 1
2581 2
2582 1
2583 1
2585 1
2590 1
2593 1
2594 2
2597 2
2608 1
2609 1
2610 1
2612 2
2614 1
2615 1
2616 2
2617 1
2618 1
2620 1
2622 1
2623 1
2628 1
2629 1
2630 1
2635 1
2639 1
2640 1
2642 1
2643 1
2645 1
2646 1
2649 2
2652 1
2656 1
2658 1
2661 1
2662 2
2664 1
2665 1
2671 1
2672 1
2673 2
2676 1
2678 1
2679 1
2680 3
2684 1
2689 1
2691 2
2692 1
2693 2
2694 1
2698 2
2702 1
2705 2
2707 2
2712 1
2713 2
2716 3
2717 2
2721 2
2723 2
2728 1
2729 1
2730 1
2733 2
2739 1
2740 1
2744 2
2746 1
2748 2
2752 1
2755 1
2758 1
2760 3
2763 1
2766 1
2767 1
2768 1
2771 1
2774 1
2775 1
2776 1
2780 1
2781 1
2782 1
2785 2
2786 1
2787 1
2789 4
2793 1
2794 1
2799 2
2802 1
2803 2
2804 1
2806 2
2811 2
2812 2
2814 3
2817 1
2818 1
2819 1
2822 2
2826 3
2827 2
2829 1
2830 1
2831 1
2833 2
2834 1
2836 1
2840 4
2844 2
2845 2
2846 1
2850 4
2855 1
2860 1
2864 1
2868 1
2871 1
2874 1
2878 1
2880 3
2885 1
2887 1
2888 1
2893 1
2898 1
2902 1
2903 3
2908 2
2909 1
2910 1
2913 1
2915 3
2916 1
2918 1
2924 1
2927 2
2929 1
2930 1
2931 1
2933 1
2934 1
2936 1
2937 3
2940 1
2942 1
2944 1
2946 1
2947 1
2949 2
2950 1
2951 2
2952 1
2953 2
2956 1
2959 3
2960 1
2962 1
2965 1
2966 1
2968 1
2971 2
2973 1
2974 1
2979 1
2982 1
2983 3
2988 2
2990 3
2994 2
2995 1
2997 1
3006 1
3009 2
3010 2
3012 1
3013 2
3015 1
3016 1
3021 3
3024 1
3026 1
3028 1
3030 1
3032 2
3034 1
3035 1
3036 2
3041 2
3042 2
3043 1
3045 6
3046 1
3056 2
3060 2
3064 1
3066 1
3070 2
3072 4
3073 1
3074 1
3077 1
3078 2
3079 2
3080 1
3085 4
3086 2
3088 1
3089 1
3091 1
3094 3
3095 1
3096 2
3097 1
3099 1
3100 14
3101 1
3102 1
3107 1
3109 1
3111 1
3114 1
3115 1
3119 2
3120 1
3122 1
3125 1
3128 1
3131 1
3132 1
3135 1
3141 1
3142 1
3144 3
3145 1
3148 1
3150 1
3154 2
3156 1
3160 1
3166 2
3167 1
3176 1
3177 2
3178 3
3180 1
3182 1
3184 1
3185 1
3187 1
3188 1
3190 1
3192 1
3194 1
3197 2
3201 2
3202 1
3203 4
3205 4
3211 1
3212 1
3215 1
3216 1
3219 1
3221 1
3222 1
3223 3
3227 1
3228 3
3229 2
3230 1
3231 1
3232 1
3234 1
3237 1
3238 1
3239 1
3242 1
3243 1
3245 1
3246 2
3248 2
3249 1
3250 1
3252 2
3259 1
3261 2
3262 1
3267 2
3271 1
3272 1
3275 1
3276 1
3278 4
3280 2
3281 1
3282 1
3283 1
3284 6
3285 2
3287 2
3288 1
3289 1
3292 1
3295 1
3296 1
3298 2
3300 1
3302 2
3303 2
3304 1
3307 2
3308 2
3309 1
3314 4
3315 1
3316 1
3318 1
3319 2
3320 3
3321 2
3324 1
3326 1
3328 1
3329 3
3332 2
3333 1
3334 2
3335 1
3337 2
3339 2
3343 1
3345 1
3346 1
3347 2
3354 2
3355 4
3358 1
3359 1
3360 2
3362 1
3363 1
3364 3
3367 1
3369 1
3370 2
3372 1
3373 2
3375 2
3376 2
3377 1
3378 1
3379 2
3380 1
3381 1
3382 2
3390 1
3391 2
3392 1
3394 1
3396 1
3398 3
3402 1
3404 6
3407 2
3408 2
3410 3
3411 2
3412 3
3413 1
3414 3
3419 1
3422 2
3424 1
3425 2
3428 1
3430 1
3432 1
3433 1
3435 2
3443 2
3444 2
3445 1
3446 1
3449 1
3452 1
3454 1
3455 1
3456 2
3462 1
3463 2
3464 1
3467 1
3468 1
3469 1
3471 1
3478 2
3479 1
3481 2
3485 1
3488 1
3490 1
3491 1
3492 2
3495 1
3496 1
3499 1
3507 1
3510 4
3514 1
3515 2
3520 1
3524 2
3526 1
3530 2
3533 3
3534 2
3538 1
3540 1
3548 1
3553 1
3554 1
3555 2
3557 1
3559 1
3569 1
3570 1
3573 1
3574 1
3582 1
3584 2
3587 1
3590 2
3595 2
3596 2
3602 2
3603 1
3605 1
3607 1
3608 1
3610 2
3613 1
3616 1
3622 1
3625 1
3626 1
3630 1
3631 2
3637 2
3638 3
3639 2
3640 2
3647 1
3649 1
3650 1
3651 1
3652 3
3653 1
3656 1
3659 2
3664 1
3666 1
3667 1
3673 1
3674 3
3678 1
3682 1
3684 1
3685 1
3687 1
3688 1
3693 1
3694 1
3696 1
3697 1
3698 2
3699 2
3702 3
3705 2
3706 4
3708 3
3712 2
3715 1
3717 2
3722 1
3723 1
3729 1
3730 2
3732 1
3735 1
3740 1
3741 2
3743 1
3744 1
3745 1
3760 1
3766 1
3768 1
3770 1
3771 1
3772 1
3773 2
3774 1
3781 1
3783 2
3789 1
3794 2
3796 1
3797 1
3803 1
3811 2
3815 1
3816 4
3817 1
3823 1
3827 1
3828 2
3830 1
3831 1
3832 1
3841 1
3842 3
3846 1
3847 1
3850 2
3851 3
3853 2
3854 1
3855 3
3858 1
3859 3
3860 2
3861 4
3862 3
3868 1
3870 1
3871 1
3872 1
3876 5
3877 1
3897 2
3898 1
3901 1
3902 1
3904 1
3907 1
3909 1
3911 2
3912 1
3919 1
3920 1
3925 1
3929 2
3930 1
3931 2
3935 2
3937 2
3938 1
3939 2
3941 1
3947 2
3949 1
3950 3
3951 1
3952 2
3955 1
3960 1
3963 1
3965 1
3966 1
3968 2
3969 1
3971 1
3975 1
3983 1
3986 1
3989 1
3990 1
3991 1
3992 2
3993 1
3994 1
4000 1
4003 1
4004 1
4007 1
4008 1
4010 4
4014 1
4015 1
4019 1
4020 4
4032 1
4035 1
4036 2
4038 2
4039 1
4040 1
4049 1
4053 1
4057 1
4066 1
4069 1
4076 2
4080 2
4082 2
4083 1
4084 2
4085 2
4087 1
4089 1
4090 1
4093 1
4097 1
4099 1
4103 1
4106 2
4109 1
4112 1
4113 1
4114 1
4117 1
4121 1
4129 3
4136 1
4137 3
4139 2
4145 1
4148 1
4149 1
4150 1
4155 1
4161 1
4166 1
4174 1
4177 1
4184 1
4185 1
4188 1
4200 1
4201 1
4204 1
4205 1
4207 1
4221 2
4227 2
4230 1
4231 1
4234 1
4235 2
4240 1
4247 1
4250 1
4257 1
4265 1
4272 1
4273 1
4274 2
4276 1
4277 1
4278 1
4279 1
4282 1
4285 1
4286 1
4300 1
4303 1
4304 1
4306 2
4312 1
4316 1
4319 1
4324 1
4325 1
4326 1
4327 1
4328 1
4330 3
4331 2
4333 1
4334 1
4335 1
4337 1
4339 1
4340 2
4344 1
4345 3
4346 5
4354 1
4359 1
4360 2
4364 2
4368 2
4370 1
4373 1
4378 1
4381 1
4382 3
4387 2
4389 2
4394 1
4396 2
4398 2
4400 2
4407 1
4408 1
4409 2
4416 2
4427 1
4428 1
4429 3
4430 1
4437 1
4455 1
4456 1
4458 1
4469 1
4471 2
4473 2
4475 1
4488 1
4492 2
4493 1
4494 1
4496 1
4498 1
4499 1
4500 1
4510 1
4511 1
4514 1
4516 1
4517 1
4518 1
4520 1
4521 1
4534 1
4543 1
4548 1
4550 1
4551 1
4552 1
4555 1
4557 1
4560 1
4569 1
4573 1
4576 1
4578 1
4579 1
4583 2
4584 1
4587 1
4588 1
4590 1
4593 1
4595 1
4596 1
4608 2
4609 1
4611 2
4612 1
4613 1
4617 1
4618 4
4622 1
4624 1
4628 1
4633 1
4634 2
4636 1
4639 1
4640 1
4641 2
4644 1
4646 2
4648 1
4650 1
4653 1
4659 1
4663 1
4666 1
4668 1
4674 2
4688 3
4689 1
4693 1
4697 1
4698 1
4710 1
4716 2
4720 1
4722 1
4726 1
4733 1
4742 2
4748 1
4752 1
4753 1
4755 1
4756 3
4764 1
4766 1
4770 1
4772 2
4777 1
4783 2
4787 1
4788 1
4790 1
4791 1
4796 1
4798 2
4799 1
4800 1
4803 2
4805 2
4807 1
4812 2
4817 1
4818 4
4822 2
4824 2
4834 1
4836 1
4837 1
4838 1
4861 1
4867 1
4868 1
4872 1
4875 1
4886 1
4888 2
4896 1
4898 1
4903 1
4908 2
4910 1
4911 1
4915 1
4916 2
4918 2
4920 1
4922 1
4927 1
4929 1
4936 2
4939 1
4940 1
4947 1
4948 2
4949 1
4951 1
4955 2
4962 1
4973 2
4977 1
4978 1
4983 1
4984 1
4992 1
4996 1
4997 1
5000 1
5002 1
5007 1
5009 1
5012 1
5015 1
5016 1
5017 1
5020 1
5022 2
5023 2
5035 3
5037 3
5042 1
5044 3
5046 1
5048 1
5050 1
5059 1
5060 4
5061 1
5063 1
5068 3
5071 2
5074 1
5079 1
5082 1
5085 2
5090 1
5091 1
5092 1
5093 1
5102 1
5103 2
5104 2
5105 1
5113 1
5120 1
5121 1
5122 2
5131 2
5132 2
5136 1
5140 1
5141 1
5144 1
5145 1
5146 1
5151 3
5152 1
5162 1
5164 1
5167 1
5168 1
5172 1
5182 1
5186 1
5191 1
5192 2
5199 1
5201 1
5203 1
5214 1
5215 2
5217 1
5221 1
5230 1
5241 2
5242 1
5243 1
5249 1
5250 1
5251 1
5257 1
5259 1
5261 1
5265 1
5266 5
5274 2
5276 2
5282 1
5290 1
5295 2
5298 1
5300 1
5304 1
5305 1
5312 1
5321 1
5322 1
5329 1
5330 1
5331 2
5332 2
5351 1
5352 2
5353 1
5355 1
5359 1
5362 1
5377 3
5379 1
5382 1
5384 2
5391 1
5396 4
5398 1
5401 1
5407 1
5410 1
5413 1
5415 1
5416 1
5418 1
5424 1
5427 1
5428 1
5434 1
5442 1
5447 1
5448 1
5449 1
5455 1
5459 1
5460 1
5469 1
5471 1
5490 2
5491 1
5492 1
5493 1
5496 2
5503 1
5519 2
5521 1
5527 1
5533 2
5534 1
5536 1
5538 2
5547 1
5548 1
5550 1
5554 2
5556 1
5560 1
5562 1
5563 1
5564 1
5565 2
5574 1
5577 2
5581 1
5584 1
5585 1
5587 1
5603 1
5608 3
5610 1
5620 1
5632 1
5644 1
5645 2
5646 4
5655 2
5658 3
5665 1
5672 1
5677 1
5681 1
5693 1
5698 1
5704 3
5709 1
5714 1
5716 1
5717 1
5723 1
5732 1
5738 2
5757 2
5758 1
5761 1
5770 1
5778 1
5791 1
5797 2
5800 1
5802 1
5825 2
5826 1
5827 1
5830 1
5833 1
5839 1
5853 1
5854 1
5856 1
5862 1
5871 2
5874 1
5875 1
5883 1
5884 3
5886 1
5888 2
5890 1
5892 2
5894 2
5897 2
5911 1
5912 1
5914 1
5918 1
5920 1
5921 1
5922 1
5926 2
5929 1
5934 1
5935 1
5940 1
5943 1
5947 1
5950 1
5953 1
5963 1
5967 1
5971 2
5972 1
5980 1
5982 1
5986 2
5987 1
5991 3
5992 1
5998 1
6001 1
6004 2
6005 1
6011 1
6012 1
6013 1
6022 1
6023 1
6025 1
6033 1
6036 1
6042 1
6045 1
6046 1
6050 2
6054 1
6060 1
6061 1
6064 3
6070 1
6074 1
6077 1
6083 1
6087 4
6097 2
6101 1
6102 2
6104 1
6105 1
6118 1
6119 1
6120 2
6124 1
6125 1
6129 1
6132 1
6135 1
6145 1
6148 1
6151 1
6153 2
6154 1
6155 2
6156 1
6160 2
6161 1
6169 1
6170 1
6182 1
6185 1
6198 1
6199 1
6201 1
6203 1
6205 1
6217 1
6218 3
6220 1
6222 1
6225 1
6228 1
6235 1
6236 1
6241 2
6247 1
6250 1
6252 1
6253 1
6260 1
6264 1
6266 1
6273 4
6288 1
6292 1
6293 1
6298 1
6306 1
6310 2
6312 1
6319 1
6327 1
6333 1
6338 1
6341 1
6346 2
6349 2
6353 1
6355 1
6356 1
6358 1
6361 1
6370 1
6379 1
6380 1
6382 1
6390 1
6392 1
6393 1
6400 1
6404 1
6406 1
6408 1
6409 1
6414 1
6416 2
6419 2
6421 1
6424 2
6431 1
6434 1
6436 1
6437 1
6438 1
6439 1
6445 2
6451 1
6453 1
6454 1
6455 1
6464 2
6467 1
6482 1
6491 1
6495 1
6496 3
6500 1
6503 1
6504 2
6508 1
6509 1
6515 1
6516 1
6524 2
6528 1
6534 1
6551 1
6560 1
6563 1
6566 1
6567 1
6573 1
6580 1
6583 4
6594 1
6599 1
6613 1
6627 1
6632 1
6636 1
6641 1
6656 1
6660 3
6667 2
6669 1
6677 1
6695 1
6697 1
6698 1
6699 1
6703 2
6705 4
6707 2
6718 1
6727 1
6735 1
6740 2
6744 2
6753 1
6754 1
6757 1
6766 1
6768 1
6773 1
6784 1
6785 2
6786 1
6788 1
6795 1
6796 1
6801 1
6802 1
6804 1
6805 1
6810 1
6814 1
6816 1
6820 1
6822 1
6823 1
6824 1
6825 1
6834 4
6838 1
6844 1
6845 2
6847 1
6859 1
6860 3
6861 1
6867 2
6878 1
6880 3
6888 1
6892 2
6897 1
6906 3
6914 2
6918 1
6922 1
6923 1
6924 1
6928 1
6935 1
6944 3
6946 1
6949 1
6961 1
6962 1
6971 1
6983 1
6989 1
7000 1
7001 1
7004 1
7022 1
7027 1
7029 1
7036 1
7043 1
7046 2
7049 1
7052 1
7058 1
7062 1
7067 1
7072 1
7074 2
7082 1
7091 1
7098 1
7107 1
7109 1
7111 1
7116 1
7117 1
7119 1
7133 1
7135 1
7139 1
7144 1
7146 1
7156 1
7160 1
7163 1
7174 1
7179 2
7200 2
7207 1
7216 1
7228 1
7232 1
7236 1
7237 1
7239 1
7242 1
7245 1
7247 1
7248 1
7250 2
7251 1
7252 1
7257 1
7259 1
7260 2
7261 1
7268 1
7274 1
7275 1
7281 1
7285 1
7294 1
7303 3
7316 1
7318 1
7322 2
7326 1
7327 1
7331 1
7360 1
7372 1
7376 1
7386 1
7387 1
7389 1
7394 1
7398 1
7404 1
7409 1
7410 4
7416 1
7418 1
7436 1
7438 1
7443 1
7449 1
7458 1
7462 1
7464 1
7466 1
7487 1
7488 1
7491 2
7493 1
7497 1
7499 1
7516 1
7519 1
7521 1
7522 1
7528 1
7532 2
7534 1
7558 1
7568 1
7577 1
7578 1
7589 2
7598 1
7606 1
7607 1
7608 1
7612 1
7628 1
7632 1
7652 1
7654 1
7656 1
7662 1
7663 1
7680 1
7681 3
7688 1
7691 1
7695 1
7699 1
7711 1
7712 1
7716 1
7720 3
7728 2
7739 1
7764 1
7776 1
7792 2
7806 2
7808 1
7809 1
7812 1
7813 1
7815 2
7819 1
7838 1
7853 1
7854 1
7874 1
7890 2
7930 1
7937 1
7942 1
7948 2
7960 1
7965 2
7969 1
7971 1
7972 1
7973 1
7976 1
7982 1
7990 1
8012 1
8013 1
8019 1
8032 1
8034 2
8037 2
8069 1
8072 1
8073 1
8075 1
8079 1
8091 1
8094 1
8097 1
8108 1
8118 1
8123 1
8135 1
8136 1
8141 1
8147 1
8152 1
8153 1
8154 1
8173 1
8179 2
8184 1
8185 1
8190 2
8192 2
8193 1
8198 1
8205 1
8217 1
8227 1
8239 1
8243 1
8245 1
8249 5
8256 1
8266 1
8274 1
8275 1
8282 2
8284 1
8292 1
8293 1
8307 1
8312 1
8314 3
8316 1
8325 1
8339 1
8340 1
8345 1
8350 1
8356 1
8369 1
8371 1
8372 2
8376 1
8379 2
8385 1
8386 1
8387 2
8396 2
8397 1
8399 1
8405 2
8416 1
8417 1
8428 1
8434 1
8435 1
8449 1
8469 1
8471 3
8473 1
8477 1
8485 1
8486 2
8487 1
8500 1
8505 1
8506 1
8536 1
8537 1
8545 2
8553 2
8555 2
8560 1
8564 1
8584 1
8589 1
8594 1
8595 2
8599 1
8601 1
8606 2
8630 1
8640 1
8643 1
8656 1
8659 1
8663 1
8667 1
8669 1
8670 1
8678 2
8687 4
8691 1
8700 1
8709 2
8710 1
8714 2
8723 2
8733 1
8737 1
8740 1
8742 1
8743 1
8765 3
8769 1
8779 1
8787 1
8797 1
8806 1
8814 2
8817 2
8823 1
8824 1
8839 1
8844 3
8850 1
8858 1
8863 1
8869 1
8872 1
8879 1
8880 1
8885 1
8888 1
8889 1
8891 1
8897 1
8902 1
8914 1
8925 2
8930 1
8932 1
8938 1
8949 2
8952 2
8961 1
8973 1
8974 1
8976 1
8977 3
8978 1
8990 1
8994 1
9007 1
9012 1
9014 1
9023 1
9038 1
9040 2
9042 1
9054 1
9060 1
9061 1
9068 1
9076 2
9080 1
9092 4
9096 1
9115 1
9129 1
9139 1
9149 1
9150 1
9160 1
9165 1
9178 1
9189 1
9191 1
9193 1
9195 2
9203 1
9204 2
9219 1
9230 1
9231 2
9235 2
9255 1
9256 1
9257 2
9275 1
9286 1
9293 1
9298 1
9311 1
9321 3
9341 1
9347 2
9351 1
9355 2
9356 1
9359 1
9372 1
9387 1
9390 1
9402 1
9407 1
9418 1
9419 2
9429 2
9435 1
9437 1
9446 1
9458 1
9472 1
9480 1
9487 1
9497 1
9558 1
9564 1
9569 1
9575 1
9578 1
9586 1
9594 2
9596 1
9610 1
9618 1
9624 1
9630 2
9639 1
9647 1
9661 1
9679 1
9688 1
9692 1
9695 1
9728 1
9742 1
9745 1
9752 1
9758 1
9761 1
9827 1
9848 1
9856 1
9864 1
9873 1
9882 1
9893 1
9909 2
9916 1
9931 1
9932 1
9944 1
9951 3
9952 1
9973 2
9982 1
9983 1
10000 2
10009 2
10020 1
10027 1
10032 1
10040 2
10041 1
10053 1
10058 1
10069 1
10076 1
10079 1
10090 1
10094 1
10112 2
10114 1
10127 1
10141 1
10154 1
10160 1
10177 1
10182 1
10196 1
10223 2
10224 1
10251 2
10281 1
10285 1
10295 1
10296 1
10299 1
10308 2
10316 1
10368 1
10370 1
10373 1
10399 1
10406 1
10409 1
10411 1
10417 1
10425 2
10426 1
10436 1
10438 1
10476 1
10487 1
10495 1
10498 1
10503 1
10504 1
10510 2
10538 1
10547 2
10548 1
10553 1
10560 1
10563 1
10568 2
10573 1
10577 1
10586 1
10588 1
10591 1
10603 1
10604 1
10606 1
10661 1
10667 1
10672 1
10677 1
10680 1
10681 1
10687 1
10698 1
10706 1
10708 1
10736 1
10748 1
10759 1
10783 1
10784 2
10800 1
10827 1
10848 1
10872 2
10892 2
10941 1
10968 2
10972 1
10976 1
10981 1
10985 1
10994 4
11006 1
11015 1
11030 1
11045 1
11050 1
11073 1
11075 1
11107 1
11122 1
11144 1
11150 1
11161 1
11163 1
11164 1
11173 1
11191 2
11208 1
11209 1
11217 3
11230 4
11244 1
11256 1
11263 1
11266 1
11270 1
11285 1
11318 2
11355 2
11363 2
11365 1
11379 1
11399 1
11408 1
11416 1
11429 1
11462 2
11463 1
11465 1
11506 1
11513 1
11523 1
11525 2
11535 1
11547 1
11573 1
11577 1
11578 1
11593 1
11596 1
11603 2
11625 1
11642 1
11647 1
11648 2
11671 1
11680 1
11684 1
11687 1
11690 1
11701 1
11708 1
11724 1
11729 1
11733 1
11760 1
11771 1
11801 1
11810 1
11835 1
11839 2
11854 1
11863 1
11864 1
11866 1
11867 1
11880 1
11900 1
11924 1
11938 2
11951 2
11957 2
11961 1
11965 1
11967 1
12037 1
12038 1
12040 1
12047 1
12053 1
12054 1
12056 2
12059 1
12062 1
12072 1
12076 1
12090 1
12107 1
12114 1
12115 1
12116 1
12124 1
12148 1
12154 1
12157 1
12182 1
12189 2
12193 1
12203 1
12219 1
12226 3
12230 1
12241 2
12266 1
12282 1
12287 1
12288 1
12298 1
12308 1
12309 1
12319 1
12321 1
12323 2
12330 1
12331 1
12338 1
12348 1
12364 1
12379 1
12383 2
12418 2
12429 1
12437 1
12496 1
12520 1
12521 1
12527 1
12529 2
12533 1
12543 1
12592 1
12603 2
12607 1
12619 1
12621 2
12636 1
12637 1
12646 1
12648 2
12682 1
12687 1
12688 3
12689 1
12695 1
12697 1
12704 1
12716 1
12721 1
12723 1
12752 2
12765 1
12767 1
12771 1
12774 1
12783 1
12820 1
12834 1
12847 2
12854 1
12864 1
12869 1
12889 1
12915 1
12918 1
12926 1
12954 2
12956 1
12960 1
12971 1
12979 1
13008 1
13032 2
13035 1
13044 1
13088 1
13151 1
13156 1
13162 1
13203 1
13208 2
13210 1
13212 2
13223 1
13230 1
13233 1
13242 3
13261 1
13270 1
13274 1
13276 1
13289 1
13299 1
13344 1
13359 1
13384 1
13416 1
13474 1
13482 1
13508 2
13513 1
13528 1
13535 1
13552 1
13580 2
13586 1
13601 1
13609 1
13632 1
13635 1
13681 1
13684 1
13692 1
13704 1
13708 1
13709 1
13736 1
13776 1
13788 2
13797 3
13815 1
13825 1
13832 1
13880 1
13952 1
13957 1
13992 1
14008 1
14011 1
14017 1
14026 1
14029 1
14041 1
14046 1
14047 1
14052 1
14053 1
14057 1
14058 1
14059 1
14063 1
14088 1
14151 1
14155 1
14168 1
14184 1
14200 2
14212 1
14214 1
14253 1
14290 1
14332 1
14336 1
14338 1
14396 1
14413 1
14445 1
14449 1
14468 1
14479 1
14483 1
14522 1
14524 2
14538 1
14542 1
14543 1
14566 2
14579 1
14593 1
14601 1
14612 1
14633 2
14653 1
14667 1
14678 1
14746 1
14822 1
14838 1
14877 1
14879 1
14882 1
14903 1
14911 1
14952 2
14957 1
14991 1
15031 1
15054 1
15065 1
15077 1
15100 1
15101 1
15110 1
15142 1
15179 2
15186 1
15202 1
15207 1
15215 1
15220 1
15244 1
15250 1
15287 2
15298 2
15303 1
15316 2
15327 1
15347 1
15368 1
15371 3
15384 1
15387 1
15396 1
15403 1
15406 2
15419 1
15431 1
15441 1
15478 1
15510 1
15532 1
15540 1
15547 1
15560 1
15571 1
15594 1
15664 1
15683 1
15734 1
15754 1
15766 2
15782 2
15784 1
15804 2
15812 1
15832 1
15848 1
15852 2
15878 1
15947 2
15961 1
15983 3
15989 1
16003 1
16004 1
16009 1
16034 1
16050 2
16052 1
16078 1
16118 1
16120 2
16141 1
16172 1
16199 1
16214 1
16251 1
16252 1
16259 1
16260 1
16271 1
16316 1
16325 1
16331 1
16336 2
16384 5
16392 2
16395 1
16411 1
16422 1
16444 1
16455 1
16470 1
16494 1
16515 2
16530 1
16580 2
16653 1
16668 1
16669 1
16673 1
16699 1
16708 1
16712 1
16720 1
16760 1
16783 1
16812 2
16813 1
16835 1
16838 1
16892 1
16927 1
16964 1
16982 1
16986 1
17012 1
17035 1
17054 1
17057 1
17072 2
17087 1
17092 1
17117 1
17119 1
17126 1
17127 1
17191 1
17193 2
17216 1
17242 1
17247 1
17276 1
17288 1
17308 1
17321 1
17325 1
17330 1
17334 1
17369 1
17407 1
17416 1
17440 1
17448 2
17520 1
17522 1
17525 1
17527 1
17530 2
17534 1
17545 1
17559 1
17561 1
17572 1
17582 1
17587 1
17619 1
17652 1
17654 1
17657 2
17658 1
17661 1
17664 1
17669 1
17706 2
17740 1
17745 1
17760 1
17768 2
17789 1
17810 1
17812 1
17815 1
17845 1
17847 1
17876 1
17889 1
17897 2
17901 1
17939 1
17978 1
18004 1
18033 1
18038 1
18068 1
18073 1
18095 1
18153 1
18161 1
18193 1
18207 1
18271 3
18288 1
18310 1
18334 1
18358 1
18362 1
18364 1
18404 1
18418 1
18443 2
18490 1
18506 1
18529 1
18549 1
18576 3
18594 1
18632 1
18664 1
18693 2
18699 3
18702 1
18716 1
18759 1
18803 1
18806 1
18814 1
18824 2
18830 1
18894 1
18909 2
18914 1
18939 1
18956 1
18974 1
19079 1
19099 1
19120 1
19121 1
19128 1
19166 3
19205 1
19223 2
19228 2
19229 1
19270 1
19275 1
19318 1
19334 1
19336 1
19338 1
19357 1
19382 1
19391 1
19395 1
19402 1
19462 1
19476 1
19479 1
19487 1
19504 1
19533 1
19545 1
19570 1
19581 1
19589 3
19646 1
19649 1
19662 1
19670 1
19690 1
19831 1
19835 1
19844 1
19862 1
19916 2
19994 1
19999 2
20015 1
20022 1
20045 2
20046 1
20054 1
20062 1
20064 1
20085 1
20107 1
20111 1
20154 1
20166 1
20177 1
20185 1
20287 1
20322 1
20378 1
20379 1
20387 1
20400 1
20450 1
20494 1
20578 1
20580 1
20610 1
20672 1
20678 1
20680 1
20691 1
20774 1
20776 1
20827 1
20906 1
20985 1
21006 1
21009 1
21022 1
21062 2
21073 1
21111 1
21149 1
21186 1
21204 1
21206 2
21248 1
21339 1
21349 1
21403 3
21475 1
21483 1
21499 1
21508 1
21524 1
21597 1
21643 1
21681 1
21698 2
21737 1
21789 2
21799 1
21832 1
21898 1
21998 1
22002 1
22021 1
22054 2
22086 1
22111 1
22117 1
22135 2
22137 1
22163 1
22182 1
22196 1
22233 1
22267 1
22286 3
22311 2
22338 2
22339 1
22352 2
22452 1
22509 1
22519 1
22526 1
22532 1
22540 5
22558 1
22568 1
22617 2
22621 1
22649 3
22681 1
22732 1
22736 1
22805 1
22868 1
22906 1
22943 2
22946 1
22971 1
22991 1
23039 1
23041 1
23231 1
23244 1
23287 1
23303 1
23306 1
23329 1
23332 1
23402 1
23478 3
23496 2
23506 1
23511 1
23523 2
23671 1
23700 1
23804 1
23825 1
23826 1
23878 1
23883 1
24062 1
24098 1
24117 1
24142 1
24169 1
24172 1
24236 1
24270 1
24280 1
24292 1
24304 1
24540 1
24576 12
24696 1
24717 1
24733 1
24768 1
24795 1
24906 1
24929 2
24992 1
24995 1
25039 1
25055 1
25139 1
25226 1
25304 1
25667 1
25722 1
25807 1
25818 1
25866 1
25915 1
25918 1
25921 1
26025 1
26033 1
26039 1
26115 2
26155 1
26211 1
26237 1
26343 1
26346 1
26354 1
26498 1
26502 1
26554 1
26564 1
26583 1
26656 1
26659 1
26693 1
26737 1
26762 1
26796 3
26833 1
26837 1
26839 1
27025 1
27186 1
27232 2
27358 1
27372 1
27418 1
27454 1
27497 1
27658 2
27798 1
27799 1
27935 1
28012 2
28014 1
28100 1
28116 1
28117 1
28160 1
28176 1
28195 1
28257 1
28331 3
28474 1
28483 1
28706 1
28881 1
28920 3
28998 1
29153 1
29173 3
29180 1
29297 1
29396 1
29471 1
29480 1
29545 2
29549 2
29559 1
29572 1
29574 1
29659 1
29703 1
29864 1
29960 1
29966 1
30000 1
30004 1
30011 1
30017 1
30063 1
30080 1
30108 3
30154 1
30217 1
30221 1
30255 1
30331 1
30371 1
30392 1
30572 1
30660 1
30671 1
30700 1
30751 1
30824 1
30828 1
30862 1
30873 1
30927 1
31040 1
31052 1
31118 1
31189 2
31262 1
31316 1
31325 1
31378 1
31481 1
31505 1
31567 1
31626 1
31636 1
31680 1
31865 1
31936 1
32027 1
32205 1
32285 1
32306 2
32422 3
32427 1
32458 1
32462 1
32552 1
32667 1
32672 1
32768 5
32801 1
32913 1
32944 1
32994 1
33043 1
33151 3
33236 1
33352 1
33370 1
33402 1
33811 1
33866 1
34042 1
34244 1
34371 1
34390 1
34513 1
34549 1
34574 2
34744 1
34816 1
34889 1
34990 1
35203 4
35407 2
35500 2
35528 1
36087 1
36326 1
36389 2
36484 1
36699 2
37012 2
37199 1
37464 1
37644 1
37683 1
37759 1
37812 1
37821 1
38099 3
38193 1
38343 1
38417 1
38643 3
38797 1
38959 1
39546 1
39647 1
39664 2
39670 1
39695 2
39788 1
39802 2
40005 1
40015 3
40125 1
40151 1
40201 1
40219 1
40251 1
40345 1
40367 1
40417 1
40674 1
40753 1
40776 1
40960 7
41161 1
41401 1
41864 1
41932 1
42031 1
42169 1
42262 1
42390 1
42564 1
42697 1
43028 1
43202 2
43206 1
43486 1
43681 1
43868 1
44173 1
44214 1
44238 1
44627 1
44648 1
44670 1
44872 1
44979 1
44992 1
45019 1
45078 1
45092 1
45563 1
45874 1
46066 1
46071 1
46155 1
46438 2
46706 2
47219 1
47484 1
47615 2
47803 1
47996 1
48073 1
48140 2
48495 1
48544 1
48631 1
48725 1
48731 1
49128 1
49147 1
49192 1
49469 1
49799 1
49954 3
50039 2
50086 1
50335 1
51052 1
51638 2
52012 1
52058 1
52087 1
52348 1
52500 1
52591 1
53857 2
53858 1
54299 1
54714 1
54742 1
54826 1
55512 1
55543 1
55689 1
56310 1
56456 1
56518 1
57344 2
57596 1
57675 1
57927 1
58473 4
58557 1
59125 1
60136 1
60160 1
60163 1
61423 1
62235 1
62277 1
62561 1
63121 2
63244 1
63638 1
63938 2
65536 2
65537 1
65601 1
65989 1
66128 1
66132 1
66267 1
66285 1
66358 1
66447 3
67170 1
68878 1
69407 1
69925 1
70146 1
70614 1
70678 1
70895 1
71841 1
72807 1
73555 2
73728 3
73898 1
77076 2
78427 1
78477 1
79005 1
79498 1
79564 1
80992 1
81123 1
81742 1
81920 7
82656 1
84458 1
84701 2
86409 2
88957 4
89180 1
90112 6
90179 1
90418 1
91170 1
91905 1
92891 1
93089 1
94295 1
94389 1
94713 2
95905 4
96510 1
96677 1
98154 1
98221 2
98277 1
98278 1
98304 2
98316 2
98491 1
98593 3
99719 3
99817 1
102684 1
103396 1
105812 1
106496 3
106981 2
111484 1
111494 1
111898 1
113373 1
113825 1
114688 1
117201 1
118106 3
120104 1
120458 1
122880 1
125736 3
127256 1
128182 1
129705 1
129709 1
130770 2
131072 1
131643 1
135495 1
136506 1
139264 2
140158 1
143060 1
146442 3
146530 1
148542 1
149967 3
150192 1
154274 1
155404 2
155648 1
156572 1
157569 2
160868 1
162445 1
162992 3
163840 2
165608 1
172405 1
182708 1
183246 1
188416 2
194354 1
196608 2
199719 1
202386 1
215545 1
220988 1
221184 2
229302 1
229376 3
235108 1
237568 2
237726 2
243189 1
245760 2
248579 1
253952 4
254014 1
258118 1
262144 3
270336 1
278528 3
281484 1
282114 1
286720 2
290868 1
294478 1
296067 1
303104 1
308175 2
335872 2
344064 1
362571 4
390011 1
412218 1
414722 1
417706 2
431696 1
434176 1
457256 1
475136 1
483328 1
487518 1
491520 2
548864 1
563130 1
573440 3
605182 1
622592 1
640142 1
660371 1
681458 1
695166 1
696669 1
702213 1
705730 1
712704 1
740319 1
819200 1
827392 1
835584 1
843776 1
860160 1
884736 3
917504 4
933888 1
958464 1
999424 1
1007616 1
1015808 1
1032192 2
1097728 1
1105920 1
1212416 1
1253376 1
1261568 1
1356716 1
1395661 1
1404020 1
1418342 1
1425408 1
1540096 1
1638400 1
1712128 1
1966080 1
2051072 2
2162688 1
2355266 1
2375680 1
2547712 1
3104768 1
3227648 1
3334144 1
3866624 1
4153344 1
4186112 1
4308992 1
4562944 1
