0 1
3 2
9 1
10 4
11 1
12 2
15 8
20 2
29 1
38 2
45 2
103 1
108 1
109 2
119 1
178 1
233 1
250 3
256 1
268 1
274 1
291 3
292 1
310 1
316 1
335 1
340 1
347 1
352 1
355 1
359 1
363 1
367 1
381 1
404 1
406 1
407 1
408 1
416 1
421 1
430 1
431 1
439 1
446 1
455 1
458 1
459 1
464 3
472 1
476 2
478 1
480 1
483 1
484 3
485 1
486 4
488 6
489 4
490 3
492 1
493 1
495 1
498 3
501 1
502 1
504 1
506 1
508 1
509 2
510 1
511 1
512 67
514 3
515 5
516 1
518 2
519 1
520 1
521 1
523 2
524 1
525 2
526 3
529 4
530 10
531 6
533 15
534 2
536 4
537 1
538 4
539 2
540 2
541 1
543 5
545 2
546 1
548 3
550 1
551 1
555 3
556 3
557 2
558 1
561 1
564 1
568 2
571 1
574 2
577 1
581 1
585 1
591 1
602 2
611 1
614 1
615 1
619 1
622 1
625 1
628 1
633 1
634 1
635 1
636 1
637 1
638 2
639 1
640 1
644 1
645 1
648 1
649 1
651 1
654 2
656 2
660 2
663 1
664 2
666 4
669 1
670 1
673 3
675 1
676 1
677 2
679 2
680 1
681 2
682 1
683 2
684 1
686 2
688 1
689 2
691 2
693 2
694 1
696 1
699 1
700 2
702 2
703 1
705 2
708 1
710 2
713 1
714 1
723 1
726 2
728 1
729 1
730 1
731 2
732 4
733 1
738 2
739 1
740 1
741 2
748 2
749 1
750 2
751 2
753 2
755 1
759 1
761 1
762 1
763 1
764 2
775 1
776 1
780 1
784 1
786 3
788 1
800 1
803 1
805 1
810 1
813 2
814 1
819 1
821 1
826 2
832 1
833 2
835 1
836 1
839 1
847 1
854 1
858 2
860 1
863 1
865 1
871 1
874 1
875 1
879 1
883 1
884 2
891 1
892 1
894 1
895 1
898 2
904 2
907 1
909 2
910 1
911 2
912 1
915 2
928 1
931 1
933 1
935 1
944 1
945 1
950 1
962 1
963 1
970 2
972 1
978 1
981 1
984 1
991 1
994 1
996 1
997 1
998 2
1001 1
1002 1
1006 1
1008 1
1009 1
1013 2
1016 1
1018 1
1022 2
1024 8
1025 1
1033 1
1036 1
1040 1
1050 1
1055 1
1057 1
1058 1
1060 1
1061 1
1062 1
1070 1
1071 2
1075 1
1083 1
1084 1
1086 1
1087 3
1091 2
1094 1
1095 1
1101 1
1108 1
1109 1
1122 1
1124 1
1128 1
1130 1
1131 1
1135 1
1136 1
1141 1
1149 1
1150 1
1152 1
1154 1
1159 1
1170 1
1174 2
1175 1
1179 1
1185 1
1190 1
1207 1
1210 1
1213 2
1214 1
1218 1
1231 1
1238 2
1242 1
1251 1
1259 1
1264 1
1266 1
1269 1
1270 1
1275 1
1277 1
1298 1
1302 1
1310 1
1314 2
1328 1
1361 1
1366 2
1375 1
1380 1
1381 1
1382 2
1384 1
1385 1
1387 3
1392 1
1393 1
1402 1
1405 1
1413 1
1418 1
1419 1
1421 1
1422 1
1425 1
1439 1
1440 1
1446 1
1450 1
1458 1
1461 1
1476 1
1478 1
1481 1
1492 1
1498 1
1502 1
1522 1
1523 1
1526 1
1528 1
1536 10
1550 1
1562 2
1572 1
1578 1
1583 1
1585 2
1596 1
1598 1
1601 2
1603 1
1606 1
1610 1
1617 1
1618 1
1626 1
1639 1
1649 1
1650 1
1652 1
1657 1
1661 1
1693 1
1700 1
1701 2
1711 1
1714 1
1722 1
1726 1
1742 4
1744 1
1751 1
1754 1
1762 1
1766 1
1770 1
1772 1
1775 1
1777 1
1779 1
1794 2
1805 1
1808 1
1810 1
1812 1
1814 1
1826 1
1831 1
1858 1
1870 1
1872 2
1897 1
1900 1
1902 1
1914 1
1921 1
1923 1
1934 1
1938 1
1941 1
1945 1
1952 1
1960 1
1962 2
1967 1
1981 1
2010 1
2013 1
2014 1
2026 1
2048 6
2058 3
2065 1
2066 1
2072 1
2076 1
2085 1
2086 1
2108 1
2110 1
2111 1
2127 1
2128 2
2130 1
2131 1
2142 2
2143 1
2154 1
2158 1
2164 1
2166 1
2174 1
2178 1
2198 1
2237 1
2240 2
2258 1
2266 1
2270 1
2274 1
2278 1
2283 1
2290 1
2328 1
2333 1
2337 1
2347 1
2351 1
2362 1
2389 1
2415 1
2434 1
2441 1
2444 1
2463 1
2470 1
2474 1
2480 1
2498 2
2518 1
2530 2
2554 1
2559 1
2570 1
2571 1
2590 2
2594 1
2602 1
2610 2
2614 2
2703 1
2706 1
2718 2
2747 1
2762 1
2778 2
2801 1
2810 1
2844 1
2850 1
2871 1
2896 1
2902 1
2917 1
2945 1
2952 1
2978 1
2989 1
3028 1
3029 1
3072 2
3082 1
3084 1
3092 1
3093 1
3096 1
3099 1
3110 1
3116 1
3118 1
3134 1
3135 1
3162 1
3168 8
3170 1
3202 1
3206 5
3217 1
3266 3
3274 1
3316 1
3344 1
3370 1
3389 1
3403 1
3416 1
3447 1
3455 1
3478 1
3526 1
3597 1
3598 1
3602 1
3614 1
3665 1
3685 1
3698 2
3706 1
3726 1
3737 1
3738 1
3775 1
3792 1
3794 1
3806 1
3828 1
3830 3
3831 1
3862 1
3875 1
3952 1
3958 1
3959 1
3961 1
4030 1
4057 1
4060 1
4070 1
4078 1
4095 1
4106 1
4149 1
4177 1
4189 1
4194 1
4199 1
4262 1
4263 1
4265 1
4271 1
4324 1
4366 1
4378 1
4379 1
4385 1
4402 1
4419 1
4434 1
4468 1
4554 1
4631 1
4638 1
4642 1
4643 1
4690 1
4691 1
4697 1
4758 1
4775 1
4779 1
4827 1
4829 1
4851 1
4857 1
4866 1
4867 1
4878 2
4882 2
4902 1
4974 1
5032 1
5074 1
5113 1
5125 1
5158 1
5190 1
5278 1
5358 1
5370 2
5410 1
5418 1
5430 1
5454 1
5487 1
5500 1
5578 1
5626 1
5628 1
5632 1
5675 1
5681 1
5724 1
5754 1
5790 1
5799 1
5809 1
5825 1
5879 1
5897 1
5937 2
5945 1
6002 1
6006 1
6083 1
6093 2
6126 1
6136 1
6207 1
6213 1
6241 1
6257 1
6312 1
6338 1
6345 1
6346 1
6398 1
6400 1
6476 1
6492 1
6502 1
6528 1
6533 1
6541 1
6578 1
6658 1
6678 1
6702 1
6710 1
6718 1
6727 1
6730 1
6746 1
6754 1
6758 1
6762 1
6785 1
6788 2
6815 1
6818 1
6832 1
6890 1
6893 1
6896 1
6970 1
6978 1
6985 1
6989 1
7014 1
7018 1
7047 1
7048 1
7054 1
7074 1
7126 1
7221 1
7225 1
7301 1
7306 1
7334 1
7436 1
7443 1
7454 2
7497 1
7513 1
7518 1
7519 1
7538 1
7539 1
7547 1
7565 1
7588 1
7621 1
7688 1
7714 1
7716 1
7719 1
7747 1
7798 1
7808 1
7826 1
7854 1
7855 1
7910 1
7913 1
7918 1
7946 1
7978 1
8030 1
8054 2
8086 1
8090 1
8104 1
8130 1
8190 1
8206 1
8231 1
8239 1
8249 1
8286 1
8294 1
8306 1
8310 1
8374 1
8383 1
8438 1
8446 1
8482 1
8486 1
8498 1
8502 1
8526 1
8530 1
8564 1
8570 1
8590 2
8594 2
8618 1
8634 1
8664 1
8670 2
8690 1
8714 1
8722 1
8731 1
8734 1
8765 1
8774 1
8799 1
8806 1
8810 1
8830 1
8866 1
8878 1
8886 1
8930 1
8936 1
8950 1
8956 1
8962 1
8970 2
8977 1
8978 2
8982 1
9001 1
9002 1
9010 1
9016 1
9018 1
9022 2
9032 1
9034 1
9050 1
9054 4
9070 1
9082 1
9090 1
9094 1
9102 2
9114 1
9126 1
9136 1
9143 1
9154 2
9166 2
9174 1
9186 1
9189 1
9198 1
9202 1
9218 2
9226 2
9234 1
9241 1
9246 1
9250 3
9254 1
9258 1
9262 1
9266 1
9270 1
9275 1
9278 1
9295 1
9302 1
9306 3
9314 3
9318 2
9322 1
9326 2
9330 1
9334 2
9346 2
9349 1
9350 1
9354 1
9358 2
9366 1
9370 2
9378 1
9386 2
9390 3
9394 2
9398 2
9410 2
9418 4
9426 1
9430 1
9434 1
9439 1
9442 2
9450 1
9454 2
9462 1
9466 2
9470 1
9474 4
9478 4
9482 2
9486 3
9490 5
9494 3
9498 1
9502 2
9506 2
9510 4
9514 1
9518 4
9522 3
9525 1
9526 2
9530 1
9534 4
9538 7
9542 3
9546 6
9550 5
9554 6
9558 2
9562 7
9566 6
9574 2
9578 7
9582 5
9586 6
9590 3
9594 7
9598 6
9602 5
9614 1
9629 1
9643 1
9674 1
9706 1
9718 1
9743 2
9758 1
9794 1
9858 1
9868 1
9903 1
9914 1
9950 2
10107 1
10131 1
10209 1
10226 1
10230 1
10234 1
10245 1
10298 1
10357 2
10362 2
10370 1
10382 1
10424 1
10462 1
10498 1
10500 1
10514 1
10557 1
10577 1
10578 1
10582 1
10599 1
10604 1
10619 1
10626 1
10643 1
10674 1
10752 1
10766 1
10823 1
10852 1
10922 1
10952 1
10961 1
10966 1
10994 1
11054 1
11064 1
11094 1
11112 1
11126 1
11144 1
11154 1
11162 1
11166 1
11167 1
11178 1
11224 1
11242 1
11254 1
11303 2
11310 1
11314 1
11366 1
11393 1
11440 1
11466 1
11470 1
11498 1
11506 1
11516 1
11554 1
11562 1
11585 1
11637 1
11706 1
11754 1
11781 1
11782 1
11798 1
11815 1
11842 1
11845 1
11860 1
11866 1
11874 1
11890 1
11938 1
11947 1
12087 1
12106 1
12108 1
12126 1
12148 1
12178 1
12182 2
12214 1
12222 1
12238 1
12250 1
12274 1
12288 1
12294 1
12302 1
12306 1
12318 1
12322 1
12356 1
12370 1
12386 1
12390 2
12394 1
12398 1
12433 1
12450 1
12457 1
12546 2
12557 1
12582 1
12594 1
12597 1
12622 1
12626 2
12650 2
12658 2
12682 1
12718 1
12770 1
12774 1
12794 1
12814 1
12826 1
12854 1
12866 1
12898 1
12902 1
12914 1
12926 1
12942 2
12966 1
12974 1
12990 1
13019 1
13026 1
13062 1
13072 1
13073 1
13086 1
13102 1
13150 1
13154 1
13158 1
13170 1
13176 1
13178 2
13190 2
13218 1
13230 1
13261 1
13268 1
13274 1
13282 1
13316 1
13339 1
13346 1
13350 1
13359 1
13378 1
13394 3
13406 1
13422 1
13426 1
13438 1
13442 1
13455 1
13490 1
13494 1
13518 1
13526 1
13538 1
13566 2
13574 1
13582 1
13595 1
13606 1
13614 2
13620 1
13622 1
13646 1
13654 1
13658 1
13662 1
13670 1
13678 1
13682 1
13690 1
13702 1
13714 1
13722 2
13726 1
13732 1
13742 1
13746 2
13754 2
13778 1
13782 2
13786 1
13790 1
13814 2
13818 1
13822 1
13826 2
13834 1
13837 1
13838 1
13842 1
13846 1
13850 2
13854 1
13862 1
13867 1
13870 1
13874 1
13878 1
13890 3
13894 1
13898 1
13906 1
13907 1
13914 1
13922 1
13930 1
13934 2
13938 2
13939 1
13942 1
13946 1
13950 2
13954 2
13958 1
13962 2
13966 2
13974 1
13975 1
13977 1
13986 3
13990 1
13998 3
14002 1
14008 1
14010 1
14014 2
14018 1
14026 2
14034 1
14038 1
14058 2
14062 1
14070 3
14074 4
14078 1
14082 1
14086 2
14087 1
14090 2
14094 1
14102 2
14110 1
14118 2
14122 1
14126 2
14127 1
14130 1
14134 2
14142 6
14146 1
14158 3
14170 1
14178 2
14182 1
14190 2
14194 2
14198 2
14202 3
14210 1
14214 2
14222 1
14226 2
14230 3
14234 1
14238 2
14241 1
14242 3
14246 3
14247 1
14250 1
14258 1
14262 2
14270 2
14278 1
14282 1
14286 1
14290 3
14294 2
14298 4
14302 1
14306 1
14310 3
14314 1
14318 1
14322 3
14326 2
14330 2
14334 6
14338 1
14346 4
14350 1
14354 1
14358 3
14362 2
14374 7
14378 2
14382 3
14385 1
14386 4
14390 4
14394 4
14395 1
14398 12
14401 1
14402 2
14406 4
14410 2
14476 1
14618 1
14634 1
14636 2
14726 1
14765 1
14774 1
14809 1
14901 1
14902 1
14938 1
14986 3
15070 1
15116 1
15179 1
15409 1
15430 1
15500 1
15501 1
15642 1
15659 1
15693 1
15798 1
15814 1
15865 1
15926 1
15927 1
16070 1
16128 1
16158 1
16275 1
16296 1
16375 1
16388 1
16519 1
16540 1
16541 1
16577 1
16620 1
16649 1
16778 1
16802 1
16834 1
16840 1
16877 1
16967 1
16982 1
17310 1
17360 1
17417 1
17479 1
17503 1
17597 1
17615 1
17675 1
17716 1
17723 1
17727 2
17755 1
17758 1
17792 1
17809 1
17810 1
17811 1
17843 1
17857 1
17891 1
17949 1
17985 1
17992 1
18002 1
18135 1
18172 1
18187 1
18199 1
18224 1
18363 1
18402 1
18443 1
18451 1
18465 1
18466 1
18486 1
18698 1
18749 1
18803 1
18862 1
18924 1
19287 1
19311 1
19329 1
19371 1
19462 1
19522 1
19641 1
19661 1
19685 1
19703 1
19786 1
19912 1
19931 1
19941 1
19950 1
19994 1
20139 1
20146 1
20156 1
20178 1
20179 1
20223 1
20225 1
20294 1
20440 1
20442 1
20499 1
20505 1
20546 1
20672 1
20697 1
20722 1
20730 1
20984 1
21001 1
21090 1
21182 1
21264 1
21290 1
21292 1
21313 1
21587 1
21600 1
21714 1
21794 1
21822 1
21837 1
21844 1
22097 1
22110 1
22137 1
22143 1
22195 1
22487 1
22525 1
22646 1
22745 1
22763 1
22991 1
23033 1
23182 1
23336 1
23449 1
23472 1
23494 1
23553 1
23582 1
23648 1
23688 1
23712 1
23738 1
24061 1
24134 1
24219 1
24390 1
24410 1
24419 1
24576 1
24774 1
24817 1
25068 1
25074 1
25178 1
25240 1
25376 1
26289 1
26558 1
26613 1
26728 1
27140 1
27279 1
27304 1
27598 1
27658 1
28034 1
28043 1
28581 1
28672 1
29451 1
29762 1
30198 1
30345 1
30525 1
30648 1
30900 1
30958 1
31161 1
31174 1
31548 1
31557 1
31590 1
31793 1
31930 1
32296 1
32375 1
32456 1
32542 1
32768 1
33020 1
33104 1
33154 1
33160 1
33362 1
33846 1
34585 1
34597 1
35086 1
35383 1
35968 1
36097 1
36140 1
36261 1
36316 1
36335 1
36582 1
36634 1
36856 1
36974 1
37070 1
37370 1
39164 1
40276 1
41008 1
41255 1
41270 1
41586 1
41986 1
42039 1
42256 1
43744 2
43746 1
43748 3
44457 1
44474 1
44522 1
46670 1
47487 1
49533 1
50258 1
51722 1
53546 1
54010 1
54470 1
55991 1
56710 1
57344 3
57521 1
58682 1
58952 1
59206 1
59830 1
60060 1
62210 1
63602 1
63825 1
64670 1
64750 1
64818 1
65062 1
65266 1
65434 1
65446 1
65584 1
65712 1
66683 1
67327 1
68266 1
68999 1
69502 2
70460 1
71498 1
72509 1
72694 1
73401 1
73786 1
74186 1
76638 1
77050 1
77066 1
77901 1
78274 1
78293 1
78399 1
80305 1
80803 1
81433 1
83362 1
87946 1
88288 1
88438 1
89334 1
91290 1
93803 1
96150 1
99986 1
100626 1
102502 1
102717 1
103382 1
105174 1
107350 1
107362 1
108410 1
110592 4
110640 8
112154 1
114736 4
117594 1
118832 8
120166 1
120598 1
120834 1
121591 1
121902 1
122530 1
122928 2
123535 1
125097 1
125334 1
126648 1
127024 2
128370 1
130842 1
131120 1
131722 1
134458 1
135882 1
136678 1
138366 1
139440 1
149166 1
152648 1
154406 1
155696 1
158054 1
162526 1
163450 1
167936 1
167984 2
168112 1
168176 1
170450 1
172080 5
173262 1
176176 2
176682 1
179394 1
180926 1
184368 1
185790 1
185846 1
186818 1
187494 1
187722 1
192512 1
192688 1
194518 1
197958 1
198495 1
199978 1
200578 1
200880 1
201334 1
201910 1
209442 1
212866 1
213040 1
213168 1
216258 1
217136 1
224958 1
227370 1
235458 1
237680 1
250458 1
256302 1
261354 1
261466 1
262142 1
274678 1
282130 1
306062 1
310386 1
313358 1
317041 1
318886 1
324162 1
326602 1
326922 1
332886 1
336610 1
344059 1
348270 1
353442 1
353786 1
358093 1
371674 1
397360 1
410482 1
418032 1
421998 1
427266 1
427482 1
431618 1
434018 1
439450 1
442544 1
447206 1
447534 1
447570 1
448026 1
448818 1
454554 1
455238 1
455698 1
457274 1
458426 1
459398 1
460574 1
462792 1
464070 1
467518 1
467686 1
469734 1
469906 1
470486 1
472198 1
472522 1
472662 1
473478 1
473622 1
474010 1
474798 1
475110 1
475398 1
475470 1
476374 1
476662 1
476874 1
477346 1
477402 1
477674 1
478046 1
478366 1
478954 1
479218 1
479870 1
479922 1
479958 1
480014 1
480232 1
480554 1
480954 1
480966 1
481086 1
481278 1
481498 1
481530 1
482234 1
482630 1
482930 1
483290 1
483362 1
483766 1
483942 1
484138 1
484150 2
484166 1
484338 1
484554 1
485202 1
485210 1
485674 1
485866 1
485922 1
486022 1
486038 1
486054 1
486094 2
486122 2
486134 1
486806 1
486918 1
486938 1
486974 1
487026 1
487062 1
487150 1
487338 1
487342 1
487370 1
487426 1
487454 1
487614 1
487642 1
487706 1
487746 1
487774 2
487794 1
487846 1
487870 1
487906 1
487934 1
487946 1
487970 1
488002 1
488062 1
488066 1
488162 1
488182 2
488198 1
488206 1
488362 1
488390 1
488394 1
488478 1
488506 1
488530 1
488534 1
488554 1
488558 1
488566 1
488574 1
488646 1
488662 1
488742 1
488778 1
488794 1
488842 1
488866 1
488886 1
488998 1
489034 1
489082 1
489150 1
489182 1
489190 1
489198 1
489210 1
489314 1
489386 1
489390 2
489410 2
489458 1
489498 1
489582 1
489590 1
489606 1
489658 1
489662 1
489686 1
489714 1
489754 2
489802 1
489814 1
489818 1
489830 2
489842 1
489862 1
489878 1
489906 1
489926 1
489934 1
489946 1
489966 2
489974 1
491520 1
499888 2
523933 1
559576 1
573680 1
609513 1
614091 1
649422 1
661022 1
685890 1
686556 1
700656 1
710782 1
716976 1
734894 1
776034 1
777382 1
785650 1
819376 1
837022 1
874110 1
900142 1
921090 1
927822 1
931706 1
932490 1
962494 1
974679 1
978541 1
979694 1
1013718 1
1038374 1
1043038 1
1055152 1
1057319 1
1133425 1
1135093 1
1413599 1
1452098 1
1531258 1
1632203 1
2331238 1
2448834 1
2498298 1
2521438 1
2546474 1
2631090 1
3145728 1
3221930 1
3334192 1
3628860 1
3640160 1
3845060 1
3864556 1
4036896 1
4095900 1
9920816 1
