0 39
1 4
2 2
3 1
5 1
6 87
7 1
8 1
9 2
10 2
11 6
12 2
13 2
14 3
15 1
16 1
18 3
19 4
20 4
21 14
22 12
23 21
24 12
25 13
26 10
27 1
28 1
29 6
31 2
32 1
33 1
36 3
37 1
38 2
40 2
41 1
42 2
44 5
45 2
46 2
48 1
49 2
51 2
54 2
58 2
59 1
60 3
61 4
62 1
66 1
68 1
69 1
70 82
71 4
73 3
75 3
76 1
79 3
82 2
84 1
85 1
86 4
87 1
89 2
90 2
92 1
93 2
95 3
96 1
99 2
100 2
101 10
102 1
104 1
107 1
108 1
110 1
111 1
112 2
113 4
114 1
115 2
118 1
120 2
121 3
122 1
125 1
127 1
128 2
129 1
132 1
135 1
137 2
141 1
145 1
146 1
147 1
148 1
150 1
151 3
153 1
156 1
157 2
158 1
161 1
163 1
164 1
168 1
169 2
170 1
171 1
172 1
173 2
174 2
175 1
176 2
177 1
180 2
186 2
188 2
190 1
192 1
194 1
196 1
197 2
199 1
200 1
202 1
203 1
207 1
208 4
209 6
211 1
213 2
214 2
216 1
217 1
220 1
221 1
223 2
225 1
226 3
227 1
236 2
239 1
240 1
241 2
242 1
244 1
248 1
252 3
253 1
257 1
260 1
266 1
268 1
274 1
277 1
282 1
284 1
288 1
292 1
296 2
298 1
300 1
303 1
305 1
306 1
310 2
311 1
312 1
316 1
317 2
318 1
320 1
321 3
322 4
324 1
329 1
330 1
333 2
337 3
339 3
340 2
341 2
348 1
349 1
352 1
353 1
355 1
358 1
361 2
362 1
364 1
366 1
368 1
376 1
387 1
389 1
394 1
399 1
401 2
406 2
407 2
411 1
414 2
415 1
416 4
418 2
420 1
421 1
422 1
432 1
437 72
449 1
453 2
454 1
457 1
458 2
461 2
462 1
465 2
467 1
468 1
470 1
471 2
473 2
474 1
475 3
477 1
483 1
486 1
487 1
496 1
498 1
501 2
506 1
508 2
510 1
512 260
526 1
527 1
528 1
529 1
533 1
540 1
543 1
545 2
547 2
548 2
553 1
556 1
560 2
567 1
569 1
572 1
576 2
579 5
582 1
583 1
584 1
586 1
592 1
594 1
597 1
600 1
602 1
604 2
606 1
607 3
611 1
612 1
614 1
615 1
623 1
624 2
625 1
634 2
636 1
639 1
640 1
643 1
648 1
654 2
657 2
659 1
660 1
666 1
667 1
670 1
674 3
677 1
681 3
683 1
684 1
690 1
694 1
697 1
699 1
700 1
709 1
713 1
721 1
722 3
724 2
732 1
735 1
743 2
748 2
751 1
752 1
753 3
755 1
757 1
758 1
761 1
763 1
765 4
766 2
778 2
779 1
780 2
784 1
793 1
796 1
798 1
803 1
804 1
805 1
812 1
813 1
814 1
820 2
822 1
828 1
834 1
841 1
844 1
853 1
856 1
861 1
869 1
870 1
874 1
877 1
878 2
884 2
885 1
886 1
887 2
889 1
891 1
893 1
899 1
901 1
903 1
904 2
905 2
907 1
912 2
914 2
916 1
933 1
937 2
940 2
945 1
946 1
955 1
956 1
959 1
967 1
970 1
971 1
972 1
976 1
977 1
980 1
990 2
997 1
999 1
1000 1
1009 1
1012 1
1014 2
1015 68
1020 1
1021 1
1023 1
1024 24
1025 2
1029 2
1033 1
1042 1
1046 2
1047 1
1061 2
1063 1
1064 1
1066 1
1073 1
1075 1
1089 1
1090 1
1091 1
1106 1
1114 1
1115 1
1120 1
1128 1
1130 1
1134 5
1140 1
1141 1
1144 1
1146 1
1163 1
1172 1
1174 1
1182 1
1194 1
1195 1
1197 1
1198 1
1202 1
1205 1
1208 1
1209 1
1211 1
1217 1
1218 1
1231 2
1244 1
1249 1
1254 3
1274 1
1275 1
1276 1
1278 1
1284 1
1297 1
1310 1
1314 1
1324 2
1335 1
1340 1
1349 1
1359 1
1363 1
1373 1
1376 1
1386 1
1387 1
1394 1
1403 1
1417 1
1424 2
1449 1
1450 1
1458 1
1471 2
1474 1
1478 1
1487 3
1491 1
1501 1
1514 1
1518 1
1519 2
1524 1
1536 12
1537 1
1539 1
1540 1
1554 1
1566 1
1571 1
1580 1
1581 1
1589 1
1602 1
1603 1
1607 1
1612 1
1613 2
1620 3
1624 1
1629 1
1635 1
1636 1
1638 1
1640 1
1656 1
1657 1
1660 1
1662 2
1665 1
1669 1
1673 1
1677 1
1684 1
1687 1
1691 1
1700 1
1701 2
1704 1
1710 2
1726 1
1742 1
1746 1
1748 1
1755 1
1763 3
1764 1
1766 1
1768 1
1769 2
1773 2
1774 2
1776 2
1780 1
1781 1
1786 2
1787 2
1810 1
1812 2
1815 1
1818 1
1820 1
1825 2
1842 1
1843 1
1844 1
1846 1
1864 1
1871 1
1878 2
1881 1
1885 3
1890 1
1895 1
1896 1
1907 1
1920 1
1924 1
1928 1
1934 1
1944 1
1947 1
1960 1
1968 1
1978 2
1982 1
1990 1
1996 1
2007 1
2025 2
2030 1
2040 1
2044 1
2048 4
2050 1
2054 1
2060 1
2061 1
2077 1
2106 1
2107 1
2112 1
2117 1
2124 1
2127 1
2140 1
2145 1
2157 2
2158 1
2159 1
2177 1
2181 1
2182 1
2186 1
2187 4
2190 1
2208 1
2222 2
2223 1
2238 1
2249 1
2250 1
2257 1
2284 1
2296 1
2310 1
2311 1
2316 2
2339 1
2349 2
2351 1
2360 1
2372 1
2380 1
2383 1
2400 1
2402 1
2417 1
2418 1
2420 1
2422 1
2424 1
2425 1
2427 1
2430 2
2441 1
2452 1
2455 1
2460 1
2461 1
2473 1
2474 1
2480 2
2481 1
2490 1
2510 2
2511 2
2516 1
2534 1
2553 2
2560 3
2562 1
2564 1
2574 1
2582 1
2585 1
2592 2
2604 1
2616 1
2623 2
2632 1
2679 1
2680 1
2703 1
2707 1
2727 1
2748 1
2754 1
2777 2
2779 1
2781 1
2786 2
2788 2
2795 4
2805 4
2816 1
2834 1
2835 4
2837 1
2839 1
2849 1
2869 1
2872 1
2874 1
2886 1
2887 1
2900 1
2902 1
2916 1
2925 1
2926 1
2934 1
2943 1
2950 1
2954 1
2963 1
2966 1
2977 1
2992 1
3010 1
3012 1
3020 1
3047 1
3077 1
3086 4
3088 1
3147 1
3150 2
3159 3
3180 1
3194 1
3196 2
3209 1
3220 1
3226 2
3230 1
3240 4
3245 1
3249 2
3250 1
3252 1
3257 1
3260 1
3272 1
3280 1
3284 1
3293 1
3295 1
3301 2
3315 1
3321 2
3336 1
3338 1
3352 1
3354 1
3362 1
3376 1
3377 1
3378 1
3402 2
3431 1
3433 1
3437 1
3444 1
3450 1
3455 1
3477 1
3483 1
3492 2
3500 1
3519 1
3531 1
3537 1
3541 1
3552 1
3563 1
3564 2
3571 1
3574 1
3584 1
3591 2
3601 1
3606 1
3616 1
3618 1
3619 1
3639 1
3642 1
3645 2
3648 1
3666 1
3692 1
3700 1
3702 1
3712 1
3720 1
3722 1
3723 1
3733 1
3744 1
3745 1
3763 1
3775 1
3780 1
3813 2
3816 1
3828 1
3860 1
3888 2
3917 1
3966 1
3969 1
3970 1
3993 1
4023 1
4058 1
4080 2
4081 1
4096 3
4119 1
4122 1
4124 1
4126 1
4190 1
4205 1
4238 1
4246 1
4261 1
4272 1
4288 1
4293 1
4308 1
4345 1
4348 1
4361 1
4364 1
4371 1
4374 1
4375 1
4378 1
4398 1
4409 1
4423 1
4432 1
4445 1
4453 1
4475 2
4500 1
4514 1
4536 2
4588 1
4589 1
4603 1
4610 1
4646 1
4673 1
4693 1
4779 1
4782 1
4798 1
4824 1
4839 1
4841 2
4842 2
4844 1
4917 1
4930 1
4941 2
4949 1
4950 1
4966 1
4968 1
4969 1
4972 1
4978 1
4982 1
5014 1
5024 1
5030 1
5053 1
5102 1
5107 1
5114 1
5128 1
5144 1
5174 1
5187 1
5189 1
5269 1
5270 1
5272 1
5276 1
5278 2
5290 1
5308 1
5346 1
5355 1
5364 1
5389 1
5407 1
5417 1
5427 1
5435 1
5448 1
5470 1
5487 1
5503 1
5508 2
5517 1
5523 1
5579 1
5584 1
5590 1
5593 1
5607 1
5633 1
5661 1
5670 3
5709 1
5751 3
5766 4
5775 1
5783 1
5800 1
5848 1
5859 3
5865 1
5891 1
5916 1
5923 1
5946 1
5959 1
5972 1
5981 1
5994 1
6007 1
6034 1
6075 1
6131 1
6154 1
6213 1
6218 1
6222 1
6237 2
6298 1
6318 1
6326 1
6330 1
6376 1
6392 1
6393 1
6399 2
6567 1
6581 1
6585 1
6642 1
6677 1
6760 2
6804 1
6836 1
6842 1
6846 1
6859 1
6902 1
6910 1
6936 2
6937 2
6939 1
6965 1
7040 1
7041 1
7085 1
7169 1
7188 1
7358 1
7411 1
7522 2
7601 1
7692 1
7826 1
7857 1
7876 1
7881 1
7905 1
7937 1
7945 1
7959 1
7961 1
8006 2
8010 1
8026 1
8192 1
8256 1
8262 1
8264 1
8280 1
8299 1
8325 1
8343 1
8433 1
8472 1
8485 1
8515 1
8525 1
8542 1
8613 1
8715 1
8758 1
8829 1
8910 1
8920 2
8991 1
9014 1
9033 1
9037 1
9042 1
9068 1
9076 2
9090 1
9105 1
9315 2
9363 1
9399 1
9438 1
9477 1
9509 1
9558 2
9559 1
9581 1
9639 1
9789 1
9796 1
9801 1
9902 1
9920 1
10125 1
10261 1
10265 1
10287 2
10307 1
10410 1
10412 1
10482 1
10516 1
10528 2
10626 2
10660 1
10692 1
10811 1
10843 1
10854 1
11016 1
11023 1
11108 1
11202 1
11223 1
11259 1
11263 1
11312 1
11327 1
11502 2
11583 1
11664 1
11705 1
11745 1
11758 2
11799 1
11826 1
11919 1
11922 1
11969 1
12124 1
12212 1
12216 1
12234 1
12236 1
12265 1
12284 1
12295 1
12347 1
12350 2
12383 1
12465 1
12502 1
12539 1
12590 1
12682 1
12706 1
12772 1
12790 1
12798 1
12935 1
12960 1
13001 1
13092 2
13122 2
13159 1
13189 1
13201 1
13284 1
13420 1
13430 1
13505 1
13527 1
13608 1
13701 1
13794 1
13812 1
13988 1
14013 1
14385 1
14399 1
14506 1
14610 1
14661 2
14823 2
15049 1
15066 1
15174 1
15519 1
15647 1
16038 1
16119 1
16200 1
16384 1
16386 1
16415 1
16443 2
16846 1
16848 1
17010 1
17091 1
17299 1
17484 1
17577 1
17594 1
17811 1
18050 1
18166 1
18366 1
18541 1
18805 1
18867 1
19521 1
19919 1
19926 1
20195 1
20289 1
20331 1
20677 1
20898 2
20979 1
21222 2
21424 1
21735 1
22338 1
22364 1
22407 1
22437 2
22463 1
22464 1
22807 1
23621 1
23885 1
23972 1
24179 1
24198 1
24212 1
24300 1
24543 1
24576 5
24882 1
25008 1
25414 1
25505 1
25511 1
25693 1
25781 1
25785 1
25920 1
26069 1
26097 1
26252 1
26359 1
26640 1
26699 1
26780 1
27280 1
27313 1
27315 1
27630 1
28044 1
28350 1
28621 1
28836 2
28998 2
29666 1
29867 1
31523 1
31671 1
32643 2
32768 2
33029 1
33147 1
33832 1
33988 1
34425 1
35559 1
35634 1
35883 1
36045 1
36450 1
36774 1
36855 1
37017 1
37098 1
37921 1
38637 1
38799 1
39145 1
40960 2
41150 1
41715 1
42090 1
42309 1
42876 1
42930 1
44021 1
44469 1
45429 2
45960 1
47703 1
48072 1
48276 1
48934 1
49020 1
49152 1
49398 1
49497 1
49584 1
50248 1
50252 2
50592 1
51030 1
51050 1
51185 1
51610 1
53574 1
53877 1
53960 1
55382 1
55962 1
56008 1
56274 1
56893 1
57162 1
57456 1
57548 1
58122 1
58361 1
58669 1
60032 1
60362 1
60407 1
61450 1
61567 1
64297 1
64461 1
65085 1
65338 1
65536 2
65560 4
65590 1
65607 4
66545 1
66808 1
67413 1
67415 1
69188 1
69325 1
69411 1
69418 1
69896 1
70347 1
71104 1
71281 1
73268 1
73270 1
73689 1
73728 1
73794 1
74671 1
74700 1
79433 1
81858 1
82886 1
83264 1
84589 1
84622 1
84666 1
87276 1
95319 2
95588 1
101661 1
106654 1
108771 1
112574 1
116813 1
116867 1
117169 1
122880 1
125988 1
132927 1
134320 1
144845 1
152701 1
152782 1
164568 1
178556 1
180910 1
185256 2
188416 1
195953 1
204912 1
211532 1
215946 1
222390 1
233566 1
242868 1
247926 1
248029 1
256460 1
260044 1
262144 20
262159 7
281378 1
286720 1
290580 1
291207 1
302612 1
348056 1
348615 1
351269 1
352824 1
354462 1
359986 1
362889 1
414720 5
477155 1
482180 1
496317 1
505671 1
517956 1
540040 1
552692 1
578352 1
650739 1
710121 1
750400 1
758928 1
786432 1
792648 1
898810 1
969305 1
1086655 1
1187840 1
1249280 1
1315001 1
1322969 1
1528358 1
1828089 1
1892071 1
2542776 1
2543122 1
4208729 1
4294144 1
4653056 1
23347200 1
