0 10
2 2
3 2
4 4
6 1
7 2
8 2
9 1
10 1
11 2
12 2
13 1
20 1
22 1
23 1
45 1
55 1
62 1
65 1
67 1
83 1
88 1
94 1
140 1
167 1
180 1
184 1
200 1
217 1
221 1
229 1
244 1
246 1
249 1
261 1
272 1
284 1
285 1
312 1
324 1
337 1
351 1
352 2
357 1
359 1
360 1
362 2
364 1
365 1
367 1
371 2
393 1
408 1
410 1
414 1
428 1
439 1
440 1
446 1
478 1
495 1
498 1
512 90
533 1
564 1
628 1
642 1
648 1
652 1
673 1
706 1
754 1
791 1
799 1
803 1
815 1
820 1
824 1
825 1
828 1
861 1
1016 1
1024 1
1027 1
1029 1
1035 1
1054 1
1064 1
1096 1
1138 1
1204 1
1227 1
1238 1
1533 1
1536 1
1585 1
1633 1
1640 1
1733 1
1739 1
1780 1
2000 1
2011 1
2048 2
2146 1
2172 1
2200 1
2271 1
2281 1
2337 1
2352 1
2621 1
2730 1
2914 1
2993 1
2996 1
3292 1
3360 1
3669 1
3697 1
3816 1
4079 1
4096 2
4386 1
4387 1
4392 1
4684 1
4739 1
4959 1
5076 1
5199 1
5216 1
5217 2
5335 1
5467 1
5476 1
5724 1
5832 1
6320 1
6436 1
6887 1
8192 2
8231 1
9141 1
10240 1
10378 1
10882 1
10957 1
11189 1
11786 1
12051 1
12421 1
13600 1
16753 1
17452 1
18089 1
21112 1
22170 1
22921 1
24576 1
28620 1
32915 1
34016 1
39352 1
46007 1
49152 1
55143 1
73728 1
74041 1
101800 2
104048 1
113543 1
117750 1
122880 1
131072 1
153824 1
197926 1
217352 1
828034 1
837200 1
