0 39
2 11
3 1
4 3
5 1
6 45
7 2
8 3
11 6
12 2
13 3
14 1
15 2
16 1
17 2
18 1
19 3
20 4
21 9
22 16
23 14
24 8
25 6
26 7
27 2
28 1
29 22
30 4
32 6
33 8
34 3
35 1
36 5
37 8
38 4
39 1
40 1
41 2
42 3
43 3
44 9
45 15
46 5
47 1
48 4
49 5
50 51
52 2
54 1
56 1
57 3
58 5
59 2
60 2
63 2
64 1
66 1
67 1
68 1
69 1
70 49
71 1
72 2
73 1
74 2
76 2
77 3
78 22
80 2
81 11
82 3
83 1
86 2
88 1
89 2
90 1
91 1
92 2
93 2
94 2
95 1
96 5
97 2
98 4
99 1
100 6
101 2
102 1
103 8
104 1
105 1
107 1
108 2
109 1
110 2
111 3
113 1
114 10
115 56
117 1
120 2
122 1
125 2
126 1
127 1
128 1
129 4
131 1
132 2
133 1
135 1
136 1
139 1
140 1
141 2
144 3
146 1
147 28
149 3
150 4
152 1
154 1
155 1
156 3
158 2
162 7
164 2
165 2
166 2
170 8
173 2
174 2
175 2
176 4
177 1
180 1
182 1
183 1
184 1
185 2
186 2
189 2
192 3
193 1
194 1
195 2
196 1
197 2
198 12
199 1
200 2
201 55
202 1
204 2
205 1
207 1
208 4
209 4
210 1
212 5
213 5
214 2
216 5
217 1
218 1
220 1
221 1
222 1
223 1
224 1
226 1
227 1
228 1
229 1
230 1
231 2
235 2
237 8
238 2
239 2
240 2
241 4
242 2
243 1
244 1
246 1
247 2
250 1
251 1
252 9
253 4
254 1
255 1
257 1
259 1
261 1
265 1
266 1
267 1
268 7
269 2
273 1
275 2
278 1
280 5
281 1
282 1
285 1
286 1
287 1
288 2
290 1
291 1
294 2
295 1
296 1
297 1
299 1
300 2
305 2
306 1
311 1
314 1
315 2
316 1
317 2
319 2
320 1
321 4
322 7
324 4
330 53
334 1
335 1
336 27
340 1
341 1
344 1
348 2
353 1
354 1
355 2
356 1
357 1
359 1
360 1
362 1
364 1
365 1
366 1
372 2
374 1
375 2
377 1
378 2
379 1
381 1
386 9
387 12
388 3
389 3
390 2
391 1
392 2
393 8
394 6
395 2
396 1
397 2
398 1
399 4
400 1
402 2
405 4
406 1
411 42
414 1
416 1
419 1
420 20
425 1
427 2
428 2
431 1
432 1
433 1
434 3
435 1
436 5
437 41
438 1
442 2
449 1
450 1
453 2
455 2
457 3
458 2
459 1
475 4
476 3
481 1
482 1
483 1
485 1
486 8
487 2
489 1
492 1
493 1
494 1
496 1
497 1
498 1
502 1
504 1
505 1
506 2
509 1
512 229
513 1
518 1
524 1
525 2
526 1
528 1
530 1
536 3
537 2
538 1
539 1
540 1
541 2
543 1
544 1
546 1
548 3
558 1
560 1
564 1
566 1
567 6
568 1
576 2
579 4
580 1
581 2
582 1
588 1
589 1
591 1
592 2
597 1
598 1
604 1
605 2
606 1
607 1
609 1
610 1
615 1
618 1
619 1
620 1
636 1
638 1
639 1
641 1
644 1
648 4
651 1
656 1
657 1
662 1
667 1
673 1
677 1
680 1
681 1
682 1
690 1
693 1
695 1
698 1
702 1
703 1
707 1
708 1
709 1
710 2
712 1
713 2
714 1
717 4
722 1
723 2
724 2
726 2
728 1
729 3
734 1
735 2
737 1
740 1
741 1
742 1
745 1
747 1
751 2
753 1
755 1
757 1
761 1
764 1
765 1
769 2
771 1
773 3
775 1
776 1
778 10
779 1
781 3
785 1
787 5
788 1
789 1
790 1
792 1
793 1
805 2
807 1
810 8
812 1
813 2
821 1
822 2
824 1
833 1
836 1
837 1
844 1
846 3
848 2
849 2
851 2
852 1
855 2
857 1
860 1
863 1
866 1
869 1
871 1
874 2
877 1
879 1
884 2
885 1
889 2
891 2
897 1
900 22
902 3
903 3
905 1
906 1
915 1
916 1
918 1
925 3
931 1
936 3
937 2
939 1
940 3
941 3
943 1
945 1
950 2
953 1
956 2
958 1
959 1
960 1
963 1
964 1
969 2
971 1
972 1
974 1
984 1
987 1
989 1
991 1
993 1
995 3
996 1
998 2
1000 2
1005 2
1010 2
1014 1
1015 34
1016 1
1017 1
1018 1
1024 24
1025 1
1030 2
1033 1
1036 3
1037 1
1040 1
1042 1
1044 1
1047 1
1051 1
1052 1
1053 2
1054 1
1055 1
1056 1
1058 1
1062 1
1066 1
1072 2
1075 1
1076 1
1083 1
1088 1
1089 1
1094 1
1096 1
1097 3
1100 1
1101 1
1103 1
1104 1
1109 2
1113 1
1115 1
1116 1
1119 1
1120 2
1122 1
1123 1
1128 1
1132 1
1134 3
1139 1
1142 1
1143 1
1144 1
1145 1
1149 2
1152 1
1154 1
1156 2
1157 2
1158 3
1161 1
1162 1
1163 1
1164 1
1167 1
1171 1
1179 1
1180 1
1183 1
1193 1
1195 1
1196 1
1199 4
1206 1
1210 1
1212 1
1214 2
1215 2
1216 1
1217 1
1218 1
1219 2
1220 1
1221 1
1228 1
1231 1
1232 1
1239 1
1240 1
1241 2
1242 1
1243 1
1247 2
1248 2
1250 1
1252 2
1257 2
1262 2
1274 3
1276 1
1278 1
1284 1
1293 1
1299 1
1304 1
1305 2
1307 1
1325 1
1332 1
1333 1
1334 1
1339 2
1342 1
1348 1
1350 1
1351 1
1352 2
1356 1
1357 1
1361 1
1363 1
1367 1
1370 2
1373 3
1374 6
1375 6
1376 4
1377 6
1378 1
1379 6
1380 3
1381 1
1382 4
1383 1
1384 10
1385 6
1386 5
1388 1
1390 3
1394 1
1402 1
1403 1
1414 1
1416 1
1420 1
1425 1
1428 2
1433 1
1437 1
1448 1
1449 1
1456 1
1457 1
1458 1
1462 1
1464 1
1466 1
1467 1
1470 1
1472 1
1475 3
1477 1
1478 2
1481 1
1487 1
1493 1
1495 1
1501 1
1506 5
1507 23
1508 10
1509 6
1510 25
1511 17
1512 5
1513 9
1514 16
1515 4
1516 25
1517 14
1518 16
1519 12
1520 4
1521 1
1522 3
1524 1
1527 1
1531 1
1536 9
1539 1
1558 1
1565 1
1573 1
1581 2
1583 1
1600 1
1601 1
1604 1
1611 1
1620 3
1622 3
1633 1
1635 1
1636 7
1637 16
1638 6
1639 7
1640 34
1641 7
1642 18
1643 10
1644 10
1645 4
1646 24
1647 55
1648 34
1649 180
1650 35
1651 54
1652 60
1653 16
1654 5
1656 3
1657 2
1658 1
1671 1
1680 1
1693 1
1694 1
1695 1
1696 1
1697 1
1701 1
1710 3
1722 1
1727 1
1733 1
1742 4
1745 1
1749 1
1753 1
1761 1
1767 6
1768 10
1769 511
1770 133
1771 20
1772 59
1773 44
1774 24
1775 14
1776 10
1777 10
1778 7
1779 9
1780 1
1781 4
1782 3
1783 92
1784 187
1785 6
1786 10
1787 34
1788 8
1789 3
1790 35
1794 1
1796 1
1799 1
1815 1
1822 1
1849 2
1854 1
1859 1
1863 1
1865 2
1866 1
1871 1
1872 2
1876 1
1887 1
1892 1
1893 330
1894 34
1895 16
1896 27
1897 36
1898 2
1899 8
1900 14
1901 15
1902 20
1903 4
1904 4
1905 180
1906 32
1907 3
1908 2
1909 2
1910 8
1911 12
1912 6
1913 12
1914 2
1915 1
1916 1
1917 3
1918 1
1919 3
1920 2
1921 2
1922 2
1925 1
1930 1
1934 2
1936 1
1939 1
1940 1
1942 1
1943 1
1953 1
1956 1
1958 1
1962 1
1967 1
1973 1
1974 1
1975 1
1977 1
1987 1
1991 2
1993 1
1999 1
2004 1
2010 3
2013 2
2015 1
2018 2
2019 1
2021 3
2023 1
2025 3
2030 1
2031 1
2035 11
2037 1
2038 5
2039 2
2040 1
2041 2
2042 3
2043 3
2044 8
2045 7
2046 428
2047 72
2048 14
2049 1
2050 4
2052 2
2053 1
2057 1
2059 1
2061 1
2066 1
2074 2
2077 1
2079 1
2082 1
2088 2
2092 2
2093 1
2098 1
2099 2
2101 1
2106 4
2116 1
2121 1
2123 2
2124 1
2125 1
2135 1
2137 1
2141 1
2143 1
2144 1
2146 1
2152 1
2153 2
2157 1
2163 1
2167 10
2168 7
2169 1
2171 1
2174 1
2175 4
2176 29
2177 11
2178 30
2179 34
2180 20
2181 20
2182 22
2183 8
2185 3
2189 2
2192 3
2193 17
2194 4
2195 9
2196 1
2197 3
2198 2
2199 1
2202 1
2221 1
2224 1
2228 1
2231 1
2242 3
2249 1
2253 1
2256 1
2258 1
2264 1
2267 1
2268 1
2270 2
2271 1
2273 1
2274 1
2278 1
2284 1
2285 1
2287 1
2299 1
2300 2
2301 1
2302 1
2306 1
2307 1
2308 4
2309 1
2310 3
2311 17
2312 3
2313 4
2314 40
2315 7
2316 10
2317 8
2318 4
2319 1
2320 1
2322 3
2323 1
2324 1
2325 2
2326 5
2330 1
2333 6
2334 2
2336 1
2343 1
2347 1
2349 1
2358 1
2368 1
2369 1
2373 1
2377 1
2380 1
2381 1
2389 2
2390 1
2392 1
2396 1
2400 1
2402 3
2404 1
2405 2
2408 1
2409 1
2410 1
2411 1
2412 4
2415 1
2416 1
2424 1
2426 1
2428 1
2430 2
2434 1
2435 4
2436 1
2440 19
2441 2
2442 1
2444 4
2445 5
2446 2
2448 5
2449 1
2450 2
2452 17
2453 5
2454 1
2455 4
2456 2
2457 2
2458 4
2460 3
2461 1
2462 2
2469 1
2475 5
2478 1
2482 2
2488 1
2491 1
2495 1
2499 1
2511 4
2512 3
2513 2
2514 4
2516 2
2520 1
2523 1
2525 1
2528 3
2530 1
2531 3
2535 1
2536 6
2537 2
2539 1
2540 6
2541 3
2542 2
2543 2
2544 1
2545 2
2547 2
2548 1
2549 1
2550 4
2551 5
2552 5
2553 6
2554 7
2555 1
2560 4
2561 1
2565 2
2566 2
2567 1
2568 1
2573 2
2574 4
2575 1
2578 1
2580 1
2582 7
2586 4
2587 1
2588 3
2589 5
2591 2
2593 6
2595 1
2596 22
2597 7
2598 1
2599 6
2600 3
2608 3
2609 4
2611 3
2617 1
2624 1
2626 1
2627 2
2628 1
2629 1
2630 1
2631 1
2635 3
2637 1
2638 5
2639 3
2641 1
2644 1
2645 1
2646 1
2657 8
2658 3
2660 2
2662 1
2663 1
2664 1
2669 1
2672 1
2673 3
2674 7
2675 3
2677 1
2678 1
2680 6
2681 1
2682 1
2683 2
2686 8
2687 1
2694 3
2695 2
2700 3
2702 1
2703 2
2705 1
2706 1
2707 5
2708 1
2712 2
2718 2
2720 2
2721 1
2723 1
2727 1
2728 1
2729 3
2732 7
2733 2
2734 2
2735 1
2738 1
2740 1
2741 1
2746 1
2749 1
2754 2
2758 1
2759 2
2761 1
2765 1
2769 1
2773 2
2774 5
2778 1
2779 2
2788 1
2789 2
2792 1
2793 1
2795 6
2797 1
2800 3
2801 4
2802 3
2803 1
2804 3
2805 4
2806 2
2807 5
2808 4
2809 1
2810 4
2811 1
2815 1
2816 2
2817 2
2819 2
2820 1
2821 1
2822 2
2824 2
2829 1
2831 1
2834 2
2840 1
2841 5
2842 1
2843 1
2846 1
2847 3
2849 2
2850 3
2851 5
2852 9
2853 2
2854 1
2855 3
2856 6
2857 1
2858 8
2859 1
2860 2
2861 3
2862 5
2863 3
2864 2
2867 1
2868 2
2877 1
2880 1
2887 2
2893 1
2896 1
2900 1
2901 1
2902 1
2903 1
2904 1
2905 1
2906 1
2909 1
2912 1
2913 1
2914 6
2916 6
2917 5
2918 2
2919 3
2922 3
2923 6
2924 2
2926 2
2927 3
2928 2
2929 7
2930 3
2931 6
2932 5
2933 4
2934 5
2936 6
2937 2
2938 5
2939 3
2940 2
2941 3
2942 3
2943 1
2944 8
2945 1
2946 1
2947 1
2948 1
2949 1
2950 1
2951 1
2952 3
2954 1
2955 3
2959 2
2960 1
2962 1
2966 2
2968 1
2969 2
2970 2
2971 2
2972 7
2973 4
2974 1
2975 1
2981 7
2982 1
2983 5
2984 2
2985 3
2986 1
2987 5
2988 18
2989 5
2990 6
2991 72
2992 12
2993 71
2994 11
2995 7
2996 3
2997 8
2998 3
2999 3
3000 4
3001 1
3002 4
3003 2
3005 4
3006 1
3009 6
3011 5
3013 3
3015 2
3018 1
3020 2
3021 5
3023 1
3024 3
3025 3
3026 1
3027 6
3030 1
3031 2
3032 3
3033 1
3034 4
3035 4
3036 2
3037 3
3038 3
3039 4
3040 9
3041 7
3042 8
3043 13
3044 13
3045 18
3046 11
3047 10
3048 5
3049 3
3050 1
3051 2
3052 3
3053 1
3055 1
3056 5
3057 7
3058 9
3059 3
3060 4
3061 3
3062 8
3063 4
3064 1
3065 1
3066 4
3068 8
3069 7
3070 147
3071 67
3072 150
3073 38
3074 10
3075 14
3076 24
3077 16
3078 53
3079 15
3080 2
3081 6
3082 21
3083 35
3084 11
3085 6
3086 22
3087 6
3089 2
3090 1
3092 1
3093 3
3099 2
3100 1
3101 4
3102 3
3103 2
3104 1
3105 1
3106 2
3107 2
3109 1
3110 1
3111 1
3112 3
3114 2
3115 1
3116 1
3117 2
3118 8
3119 1
3120 6
3121 35
3122 204
3123 64
3124 14
3125 24
3126 7
3127 24
3128 2
3129 18
3130 5
3132 6
3133 3
3134 3
3135 6
3136 5
3137 2
3138 1
3139 3
3140 2
3141 3
3142 3
3143 5
3144 2
3145 1
3146 3
3147 2
3149 1
3152 1
3153 1
3154 19
3156 13
3157 7
3158 15
3159 18
3160 53
3161 7
3162 66
3163 81
3164 14
3165 44
3166 16
3167 16
3168 43
3169 24
3170 13
3171 7
3172 6
3173 234
3174 8
3175 16
3176 9
3177 37
3178 12
3179 42
3180 5
3181 5
3182 4
3183 5
3184 1
3186 1
3187 2
3188 4
3189 26
3190 10
3191 9
3192 3
3193 18
3194 16
3195 8
3196 22
3197 3
3198 1
3199 1
3202 3
3203 3
3204 3
3205 2
3207 3
3209 1
3210 2
3211 2
3212 10
3213 5
3214 5
3215 5
3217 1
3218 7
3219 2
3220 7
3221 4
3222 3
3223 6
3224 3
3225 7
3226 10
3227 11
3228 2
3229 2
3231 5
3232 1
3233 2
3234 2
3235 2
3236 1
3237 1
3238 2
3240 2
3243 3
3245 2
3246 1
3247 2
3248 1
3249 1
3251 3
3252 2
3253 3
3254 1
3255 1
3257 2
3261 1
3263 1
3264 1
3267 1
3269 4
3270 6
3271 6
3272 6
3273 1
3274 5
3275 5
3276 2
3277 3
3278 3
3279 3
3280 1
3281 2
3282 1
3283 2
3286 1
3287 1
3288 1
3289 1
3290 3
3291 2
3292 1
3293 4
3295 1
3300 1
3301 1
3305 1
3306 1
3309 1
3311 1
3313 2
3314 4
3315 4
3316 3
3317 2
3319 2
3320 3
3321 2
3323 4
3324 7
3330 2
3331 1
3332 1
3333 1
3334 4
3335 6
3336 5
3337 4
3338 4
3339 4
3341 1
3342 3
3343 1
3344 2
3345 3
3346 1
3347 1
3348 1
3353 1
3354 2
3359 1
3361 6
3364 1
3367 1
3368 3
3369 2
3370 1
3374 4
3375 2
3376 2
3377 1
3378 3
3380 1
3381 1
3382 1
3385 1
3386 3
3387 1
3388 1
3389 2
3391 6
3392 1
3393 1
3394 4
3395 2
3396 1
3397 1
3399 3
3401 2
3402 3
3404 1
3405 1
3406 4
3407 6
3408 3
3409 2
3410 4
3411 1
3412 3
3413 2
3414 1
3415 1
3416 1
3417 4
3418 1
3419 1
3420 3
3422 2
3425 2
3426 1
3428 1
3429 1
3430 2
3431 1
3432 5
3433 1
3435 5
3436 3
3437 2
3438 4
3439 4
3440 1
3441 3
3442 4
3443 3
3444 3
3445 2
3446 5
3448 1
3449 4
3450 4
3452 3
3453 5
3455 3
3456 7
3460 1
3461 1
3463 1
3465 1
3466 3
3467 1
3468 1
3469 1
3472 2
3473 2
3474 2
3476 2
3477 1
3478 4
3479 1
3481 2
3482 1
3483 2
3484 3
3485 3
3486 1
3487 1
3488 1
3489 3
3490 5
3491 1
3493 1
3494 1
3497 2
3498 1
3499 1
3503 1
3504 4
3505 3
3506 1
3507 1
3509 2
3511 3
3512 2
3513 1
3517 3
3518 1
3522 1
3528 2
3539 2
3540 1
3542 4
3543 3
3545 3
3546 7
3547 6
3548 8
3549 3
3550 7
3551 4
3552 5
3553 5
3554 7
3555 4
3556 1
3557 5
3558 7
3559 6
3560 3
3561 1
3562 1
3564 4
3565 1
3566 5
3567 2
3568 3
3569 1
3570 2
3571 3
3572 3
3573 3
3574 6
3576 1
3577 2
3578 5
3579 3
3580 1
3582 4
3583 6
3584 2
3585 1
3586 1
3587 1
3591 1
3592 1
3593 2
3595 2
3596 35
3597 20
3598 30
3599 32
3600 8
3601 8
3602 17
3603 24
3604 6
3605 4
3606 2
3607 1
3609 2
3610 3
3611 1
3612 4
3616 4
3617 1
3618 1
3619 1
3620 3
3622 4
3625 3
3627 4
3628 2
3629 4
3630 4
3631 4
3632 1
3633 5
3634 8
3635 8
3636 1
3637 5
3638 6
3639 2
3640 1
3641 4
3642 2
3645 1
3646 1
3648 1
3650 1
3669 1
3673 1
3677 1
3678 2
3679 11
3680 1
3682 3
3684 3
3685 2
3686 1
3687 2
3691 1
3692 2
3693 2
3695 1
3696 1
3697 2
3698 2
3699 4
3701 1
3702 1
3703 1
3704 4
3705 4
3706 2
3707 3
3708 3
3709 1
3710 4
3711 4
3713 16
3714 257
3715 306
3716 3
3717 4
3718 3
3719 1
3720 2
3721 1
3722 3
3724 3
3725 2
3726 3
3727 1
3728 1
3729 2
3730 2
3731 3
3732 4
3733 2
3734 2
3735 3
3736 1
3737 3
3738 2
3739 11
3740 2
3741 1
3743 1
3744 2
3745 3
3747 2
3748 1
3751 1
3753 1
3754 2
3755 10
3756 7
3757 6
3758 5
3760 5
3763 3
3764 1
3765 2
3766 1
3767 4
3768 2
3769 1
3770 1
3771 1
3772 4
3773 1
3774 1
3779 1
3796 1
3806 10
3807 17
3808 113
3809 71
3810 68
3811 86
3812 6
3813 15
3814 15
3815 2
3816 1
3827 1
3828 1
3829 1
3830 1
3831 2
3835 2
3841 1
3845 2
3848 2
3849 2
3855 1
3857 2
3863 1
3870 2
3871 1
3872 2
3873 1
3874 1
3875 1
3884 1
3886 3
3887 1
3888 2
3890 1
3891 1
3892 3
3896 2
3897 3
3898 157
3899 64
3900 43
3901 121
3902 62
3903 37
3904 52
3905 14
3906 9
3907 2
3908 2
3909 6
3910 2
3913 1
3915 1
3917 1
3919 2
3923 1
3924 1
3929 1
3933 1
3935 5
3936 3
3941 1
3955 1
3965 1
3989 1
3999 1
4002 2
4005 1
4008 1
4014 2
4015 1
4018 1
4019 2
4020 1
4022 1
4023 1
4026 1
4030 1
4031 1
4032 1
4034 1
4037 1
4038 1
4039 1
4048 1
4050 1
4057 1
4080 1
4083 1
4088 1
4096 1
4103 1
4104 1
4105 7
4107 1
4112 1
4113 1
4114 1
4115 2
4119 2
4121 1
4127 1
4131 1
4134 1
4136 1
4139 1
4154 1
4157 1
4164 1
4176 1
4185 1
4192 1
4205 10
4206 1
4208 1
4210 12
4211 1
4212 3
4213 1
4217 2
4222 1
4226 1
4242 1
4269 1
4280 1
4292 1
4293 1
4297 1
4310 1
4316 1
4318 2
4320 1
4322 1
4323 1
4324 1
4327 1
4335 1
4342 1
4364 1
4368 2
4371 1
4400 1
4408 2
4410 2
4411 2
4412 29
4413 1
4415 1
4416 8
4417 123
4418 230
4420 1
4422 1
4428 1
4429 1
4435 1
4436 1
4438 2
4440 1
4445 1
4446 1
4455 1
4477 1
4480 1
4490 1
4531 6
4533 1
4541 1
4560 1
4576 1
4579 1
4581 1
4591 1
4597 1
4614 1
4617 1
4618 7
4619 1
4620 1
4623 2
4624 6
4625 131
4628 2
4630 1
4638 1
4640 1
4644 1
4646 1
4647 2
4648 1
4649 1
4650 1
4653 1
4674 1
4675 1
4682 1
4683 2
4698 1
4717 6
4718 1
4720 1
4723 1
4737 1
4740 1
4749 1
4762 1
4779 1
4783 2
4793 1
4800 3
4801 1
4803 1
4813 1
4814 1
4817 1
4820 2
4841 1
4842 2
4860 1
4870 1
4876 1
4880 2
4913 1
4917 1
4926 1
4930 1
4931 1
4941 3
4954 1
4959 1
4966 1
4969 1
4992 1
4998 2
4999 1
5017 1
5022 1
5025 1
5040 1
5053 1
5055 1
5070 1
5072 1
5074 1
5075 1
5076 1
5077 1
5078 1
5079 5
5080 1
5084 15
5085 2
5089 1
5108 1
5116 1
5120 3
5146 1
5159 1
5160 1
5162 26
5163 1
5168 1
5177 1
5183 1
5184 1
5188 1
5192 1
5200 4
5214 1
5215 1
5226 3
5235 1
5237 2
5239 1
5249 1
5250 1
5251 5
5252 1
5254 1
5256 1
5265 5
5266 1
5284 1
5286 1
5298 6
5333 2
5346 2
5347 5
5348 20
5349 1
5360 2
5366 1
5369 1
5392 1
5396 1
5405 1
5440 2
5444 1
5457 1
5466 1
5476 1
5481 1
5485 1
5487 1
5489 1
5497 1
5504 1
5508 4
5509 1
5524 1
5528 1
5532 1
5535 2
5553 1
5563 1
5573 1
5578 1
5600 1
5601 1
5602 1
5614 1
5617 1
5624 1
5632 2
5643 2
5664 1
5670 7
5688 11
5689 1
5692 1
5705 1
5707 1
5708 1
5760 4
5766 2
5776 1
5779 1
5780 1
5783 1
5804 1
5805 1
5810 1
5836 1
5840 3
5850 1
5853 4
5855 1
5888 1
5890 1
5892 1
5893 1
5896 13
5897 4
5899 1
5900 2
5903 1
5920 2
5930 2
5931 2
5932 1
5940 1
5968 1
5992 4
5993 1
5994 1
6003 1
6026 1
6031 1
6034 1
6040 1
6058 1
6069 1
6075 1
6077 1
6079 1
6101 1
6102 1
6104 1
6107 1
6110 2
6114 1
6130 1
6132 1
6136 1
6138 1
6141 1
6142 1
6144 1
6148 2
6156 3
6159 1
6169 1
6172 1
6182 5
6205 1
6214 1
6225 1
6237 2
6245 1
6294 1
6301 1
6302 1
6310 1
6311 1
6312 4
6313 2
6314 2
6317 6
6319 1
6320 2
6325 1
6326 1
6329 1
6368 1
6374 1
6395 1
6398 1
6400 2
6432 2
6437 1
6445 1
6451 1
6456 1
6464 1
6478 1
6479 1
6480 4
6482 3
6483 2
6484 3
6485 4
6486 1
6487 1
6488 2
6489 1
6491 1
6492 1
6493 1
6495 1
6497 1
6502 1
6503 1
6504 1
6506 1
6507 2
6509 2
6511 1
6512 1
6513 2
6514 3
6517 5
6518 21
6519 51
6520 152
6521 216
6522 6
6523 1
6524 2
6525 14
6526 15
6527 6
6528 1
6530 2
6531 1
6537 1
6555 1
6558 1
6560 1
6566 1
6568 1
6581 2
6587 1
6620 1
6638 1
6642 1
6676 1
6677 35
6678 35
6679 14
6680 37
6681 38
6682 46
6683 17
6684 19
6685 18
6686 4
6687 11
6688 11
6689 3
6691 1
6693 1
6694 1
6695 1
6700 1
6701 3
6702 1
6704 1
6705 1
6706 3
6707 1
6708 5
6709 5
6710 2
6713 1
6719 1
6722 1
6723 1
6725 1
6727 1
6737 1
6755 2
6756 1
6757 1
6758 1
6794 1
6804 1
6842 1
6846 1
6851 1
6853 1
6854 1
6868 1
6869 33
6870 26
6871 58
6872 10
6873 5
6874 5
6875 9
6876 5
6877 1
6879 4
6880 5
6881 3
6884 1
6885 1
6901 1
6905 2
6907 1
6933 1
6935 1
6952 1
6953 1
6970 1
6971 1
6990 1
7008 1
7042 1
7044 1
7054 1
7057 1
7063 1
7067 1
7072 1
7078 1
7094 1
7128 1
7154 1
7157 1
7158 1
7168 1
7185 1
7200 1
7201 1
7209 1
7211 1
7214 1
7217 1
7225 1
7228 1
7235 1
7238 1
7245 1
7248 1
7250 1
7251 1
7260 1
7262 1
7285 1
7288 1
7313 1
7317 1
7330 1
7361 1
7371 1
7372 1
7373 2
7374 3
7375 1
7379 1
7381 1
7395 1
7399 1
7406 2
7407 3
7411 1
7412 2
7413 1
7415 1
7416 1
7417 2
7419 2
7421 1
7425 3
7426 2
7427 1
7428 2
7430 4
7431 1
7432 1
7434 3
7435 4
7437 1
7440 1
7441 1
7444 1
7445 1
7448 1
7452 1
7454 2
7459 1
7460 2
7472 1
7474 1
7479 1
7486 1
7513 1
7516 2
7518 2
7519 1
7524 2
7533 1
7537 1
7546 1
7583 1
7598 1
7600 7
7602 6
7603 2
7604 4
7605 1
7606 32
7607 9
7608 20
7609 10
7610 13
7611 45
7612 86
7613 19
7614 21
7615 9
7616 9
7617 8
7618 13
7619 39
7620 26
7621 23
7622 62
7623 27
7624 54
7625 129
7626 35
7627 211
7628 9
7629 5
7630 8
7631 3
7632 3
7634 1
7635 1
7636 1
7640 1
7644 1
7646 2
7647 2
7648 1
7649 2
7650 3
7655 1
7657 1
7658 1
7660 1
7661 1
7678 1
7680 1
7717 1
7724 1
7728 1
7749 1
7756 1
7758 1
7760 1
7775 2
7781 1
7785 1
7789 1
7791 2
7793 1
7808 2
7810 2
7813 1
7814 2
7815 1
7818 2
7819 1
7823 3
7824 4
7825 4
7826 4
7827 1
7828 1
7829 1
7831 2
7834 1
7835 2
7837 1
7843 1
7844 1
7846 1
7847 1
7850 1
7851 2
7852 1
7857 2
7874 1
7877 1
7878 1
7890 1
7901 1
7907 1
7910 1
7913 1
7916 1
7938 1
7951 1
7974 1
7977 1
7979 1
7981 7
7982 2
7983 9
7984 3
7985 2
8022 2
8023 5
8024 4
8025 8
8026 2
8027 2
8029 1
8040 1
8042 1
8044 1
8049 2
8050 1
8051 1
8052 1
8055 1
8062 1
8063 1
8067 1
8075 1
8080 1
8107 2
8123 1
8129 1
8150 1
8168 3
8204 1
8216 1
8223 1
8232 1
8262 2
8269 1
8273 1
8280 1
8284 2
8359 1
8366 1
8370 1
8453 1
8458 2
8461 1
8462 2
8464 1
8466 1
8472 1
8473 1
8477 1
8480 1
8481 1
8490 4
8505 3
8508 1
8512 1
8565 1
8567 1
8576 1
8587 1
8592 1
8692 1
8693 1
8694 1
8701 1
8704 1
8752 2
8756 1
8765 1
8767 1
8773 1
8775 2
8776 1
8815 1
8825 1
8826 2
8827 2
8829 1
8858 2
8873 1
8885 2
8888 1
8890 1
8891 1
8892 2
8893 1
8907 1
8908 1
8910 1
8913 1
8954 2
8955 2
8956 7
8957 2
8962 1
8964 1
8965 4
8966 1
8967 1
8968 2
8969 7
8970 2
8971 1
8990 1
8991 1
9045 1
9048 1
9052 1
9081 1
9098 1
9112 1
9117 1
9123 1
9153 1
9157 7
9158 5
9159 1
9162 1
9163 2
9164 1
9166 1
9169 1
9216 1
9234 1
9298 1
9318 1
9338 1
9341 1
9366 1
9384 1
9426 1
9427 1
9445 1
9504 1
9517 1
9584 1
9603 1
9624 1
9631 1
9643 1
9645 1
9688 1
9717 1
9720 1
9721 1
9728 1
9788 1
9808 1
9810 1
9814 3
9817 1
9818 1
9820 1
9843 2
9844 1
9963 1
9999 1
10007 1
10008 1
10011 1
10017 1
10020 1
10037 1
10044 2
10052 1
10087 1
10150 1
10158 1
10184 1
10223 2
10226 1
10228 1
10235 1
10240 1
10267 2
10274 1
10326 1
10368 1
10376 1
10379 1
10398 1
10424 1
10449 1
10452 1
10514 1
10530 3
10540 1
10550 1
10562 1
10610 1
10629 1
10656 1
10665 1
10666 1
10670 1
10747 1
10772 1
10861 1
10932 1
10954 1
10970 1
10974 1
10977 1
11016 1
11040 1
11042 1
11113 1
11218 1
11242 2
11259 1
11263 1
11266 1
11272 1
11389 1
11390 1
11438 1
11453 1
11514 1
11535 1
11556 1
11592 1
11620 1
11624 1
11675 1
11713 1
11749 1
11760 1
11791 1
11807 1
11816 1
11825 2
11826 2
11839 1
11860 1
11866 2
11903 1
11940 1
12024 1
12025 1
12046 1
12119 1
12216 1
12231 1
12243 1
12259 1
12283 1
12308 1
12372 1
12396 1
12419 1
12460 1
12468 1
12499 1
12514 1
12524 1
12545 1
12546 1
12626 2
12636 1
12689 1
12708 1
12711 1
12749 1
12800 2
12876 1
12880 1
12914 1
12947 1
13014 1
13227 1
13230 1
13250 1
13269 1
13311 1
13332 1
13365 2
13372 1
13419 1
13435 1
13464 2
13466 1
13469 1
13493 1
13522 1
13740 1
13770 1
13841 1
13869 1
13880 1
13932 1
13982 1
14077 1
14142 1
14175 1
14182 1
14193 1
14207 1
14245 1
14282 1
14353 1
14481 1
14486 1
14499 1
14536 1
14546 1
14637 3
14643 1
14668 1
14683 1
14702 1
14730 1
14874 1
14880 1
14904 1
15021 1
15081 1
15186 1
15203 1
15236 2
15252 2
15271 1
15274 1
15323 1
15362 1
15440 1
15520 1
15630 1
15714 1
15760 1
15872 1
15876 1
15911 2
16000 1
16038 2
16048 1
16200 1
16240 1
16274 1
16352 1
16369 1
16429 1
16630 1
16633 1
16745 1
17008 1
17014 1
17016 1
17038 1
17272 1
17279 2
17364 1
17369 1
17396 1
17440 1
17518 1
17548 1
17552 1
17587 1
17614 1
17775 1
17820 2
17822 1
17840 1
18528 1
18632 1
18818 1
18839 1
18856 1
19124 1
19183 1
19197 1
19278 1
19323 1
19359 1
19383 1
19497 1
19521 1
19548 1
19607 1
19634 1
19635 1
19787 1
19907 1
19966 1
20000 2
20037 1
20095 1
20150 1
20237 1
20323 1
20368 1
20454 1
20478 1
20480 1
20712 1
20753 1
20836 1
20979 1
21075 1
21147 1
21278 1
21310 1
21416 1
21516 1
21708 2
21812 1
22016 1
22170 1
22236 1
22275 1
22681 1
22842 1
23068 1
23198 1
23302 1
23320 1
23477 1
23545 1
23579 1
23655 1
24091 1
24158 1
24229 1
24381 1
24462 1
24522 1
24576 12
24610 1
24624 1
24766 1
24867 1
24925 1
25194 1
25213 1
25229 1
25272 1
25282 1
25372 1
25593 1
25596 1
25604 1
25745 3
25768 1
25853 1
25865 1
25885 1
26191 1
26408 1
26492 1
26522 1
26568 1
26588 1
26715 1
27040 1
27135 1
27141 1
27212 1
27254 1
27266 1
27429 1
27738 1
27870 1
28220 1
28231 1
28456 1
28593 1
28649 1
28652 1
28672 1
28808 1
28836 1
28897 1
29015 1
29212 1
29440 1
29457 1
29512 1
29995 1
30098 1
30248 1
30456 1
30509 1
30690 1
30720 1
31016 1
31154 1
31180 1
31355 1
31744 2
31847 1
31941 1
32014 1
32330 1
32487 1
32696 1
32768 5
33344 1
33535 1
33574 3
34188 1
34304 1
34368 1
34400 1
35124 2
35600 1
35642 1
35840 1
36465 1
36531 1
36864 1
37129 1
37376 1
37509 1
37888 1
37917 1
38556 1
38717 1
38874 4
39798 1
40009 1
40707 1
40960 1
41067 1
41235 1
41249 1
41472 1
41591 1
41922 1
42338 1
42761 1
43444 1
43594 1
44404 1
44449 1
44850 1
45043 2
45752 1
45940 1
46224 1
46548 1
46818 2
47336 1
47459 1
47481 1
47952 1
48039 1
48164 1
48574 1
48600 1
48681 1
48706 1
48878 1
48924 1
50034 1
50949 1
50979 1
51083 1
51200 1
51807 1
53040 1
53055 1
53223 1
53326 1
53600 1
53921 1
54353 1
54538 1
54967 1
55546 1
55610 1
55890 1
56628 1
57039 1
57069 1
57111 1
57126 1
57132 1
57142 1
57149 1
57154 1
57162 1
57461 1
59292 1
59338 1
59392 1
59697 1
60264 1
61398 1
61586 1
61606 1
61673 1
61914 1
62055 1
62176 1
62748 1
62775 1
62791 1
63439 1
64981 1
65204 1
65205 1
65551 1
65607 1
65835 1
65934 1
67268 1
67482 1
68133 1
68169 1
68640 1
71025 1
71049 1
72221 1
73114 1
73728 1
75393 2
78327 1
79802 1
80793 1
81224 1
81242 1
82772 1
84807 1
85224 1
85732 1
86994 1
88209 1
88733 1
95142 1
95823 1
98304 1
99676 1
101485 1
102400 1
102849 3
107082 1
107870 1
108338 2
108393 1
108643 1
108854 1
109454 1
109618 1
109622 1
109624 1
109654 1
109670 1
112426 1
114034 1
117207 1
119380 1
122472 1
122553 1
123723 1
131254 1
131501 1
132848 1
133330 1
136586 1
136614 1
140158 1
143060 1
146032 1
146152 1
146243 1
146770 1
156087 1
159801 1
161052 1
161865 1
162099 1
162133 1
162145 1
162172 1
164160 2
170343 1
172202 1
177014 1
180224 1
181521 1
181973 1
205922 1
206416 1
211453 1
212058 1
214440 1
214459 1
219453 1
237950 1
241737 1
249777 1
250452 1
251083 1
260363 1
262144 2
262230 1
262259 1
262311 1
262326 1
262487 2
262514 1
262539 1
262565 1
266114 1
266280 1
266345 1
266439 1
266543 1
266598 1
266599 2
266600 1
266601 1
266609 2
266612 1
266613 1
266614 1
266615 1
266618 1
266622 1
266623 1
266624 1
266625 1
266626 2
266627 1
266634 1
266640 1
266649 1
266656 1
266663 1
266666 1
266668 1
266669 1
266753 1
272974 1
276087 1
283498 1
295738 1
308731 1
311648 1
312327 1
314337 1
325487 1
340045 1
359066 1
359925 1
369360 1
370179 1
375939 1
401733 1
402400 1
422264 1
422596 1
433529 1
434176 1
437162 1
452375 1
478772 1
478934 1
481329 1
482210 1
482233 1
483081 1
483088 1
483395 1
484494 1
485507 1
496928 1
536135 1
565299 1
588141 1
750393 1
750400 1
1038094 1
1048706 1
1048758 1
1049041 1
1049093 1
1049563 1
1049593 1
1049595 1
1049597 2
1049598 1
1049600 28
1157818 1
1358442 1
1638500 1
2462915 1
4118283 1
6559232 1
