0 32
2 1
3 1
4 13
5 13
6 2
8 1
9 1
10 1
11 1
14 1
16 2
17 9
18 1
19 1
20 3
21 4
24 2
25 1
27 1
29 1
32 1
33 2
35 1
36 3
37 2
38 2
39 1
40 1
41 1
43 1
44 3
46 1
47 1
48 1
50 7
51 1
52 1
53 1
54 1
56 1
57 2
58 1
59 1
61 2
63 2
69 1
70 2
71 2
73 1
74 1
75 1
77 2
81 2
82 3
84 102
85 2
86 1
87 4
90 3
92 5
93 2
94 1
95 2
96 2
97 3
98 2
99 1
100 1
102 3
103 2
104 1
105 1
109 2
110 1
111 2
112 3
113 2
114 1
115 2
116 1
117 7
118 4
119 2
120 3
121 2
122 4
123 2
124 4
125 1
126 2
127 2
128 18
129 3
130 3
131 1
132 9
133 7
134 2
135 6
136 1
137 1
138 5
139 3
140 6
142 5
143 1
144 2
145 7
146 1
149 1
150 2
151 1
152 3
153 2
154 1
155 5
156 1
157 1
158 6
159 1
161 4
162 1
163 2
164 3
166 2
167 1
168 1
169 1
170 1
171 2
174 1
175 1
176 1
177 1
180 1
181 5
183 1
185 1
189 2
194 1
195 1
197 1
198 2
199 1
200 1
201 1
203 1
205 2
206 2
207 1
209 2
212 2
215 3
216 2
217 1
218 3
219 1
221 1
222 2
224 1
226 2
227 2
228 2
229 1
230 2
231 1
233 3
236 3
237 2
238 2
240 2
241 1
242 1
243 1
245 3
248 1
250 1
255 1
259 1
262 2
265 1
266 1
268 1
269 1
272 5
275 4
278 5
281 5
284 3
286 1
292 1
293 2
295 2
296 7
297 1
299 1
303 1
304 1
305 5
307 1
308 1
309 1
311 1
313 1
315 1
317 1
320 1
322 1
325 1
327 1
328 2
329 1
331 1
332 5
333 1
335 1
337 3
338 1
342 1
343 1
344 1
345 1
349 1
350 1
351 2
352 1
353 2
355 1
356 2
358 2
359 1
360 1
362 2
363 2
364 2
365 3
366 1
369 1
370 2
371 1
372 2
376 1
378 1
379 1
380 2
381 1
382 2
384 2
386 1
388 2
390 1
394 1
395 1
396 3
397 1
400 2
401 2
402 1
405 4
407 1
408 1
411 1
412 1
415 1
417 1
420 1
422 1
424 2
425 1
426 2
427 1
429 1
430 2
432 1
436 2
437 1
440 1
443 1
444 1
445 2
446 1
447 1
448 1
449 1
451 1
452 1
453 2
456 1
458 2
459 1
461 1
464 1
465 1
466 1
468 3
470 1
471 2
474 1
475 1
478 1
481 2
488 2
490 1
493 1
494 1
495 1
497 1
499 1
501 1
504 3
505 1
507 1
508 1
509 2
510 1
511 1
512 356
515 3
519 1
521 1
525 1
526 1
530 2
534 1
535 2
537 4
539 1
540 1
546 2
550 1
551 1
552 2
561 1
563 1
564 1
566 1
570 1
571 2
573 1
576 1
579 1
580 1
582 4
584 1
589 1
592 1
594 2
595 1
596 1
602 1
604 1
605 2
606 2
607 1
610 1
619 1
620 2
622 1
624 3
625 2
626 1
627 2
629 1
633 1
634 2
637 1
638 4
640 1
641 1
643 1
644 2
647 1
649 2
650 1
651 1
658 1
660 2
662 1
663 1
664 1
665 1
666 4
667 1
668 1
669 1
670 1
672 2
673 1
674 2
676 3
677 1
680 1
682 19
688 2
691 1
692 2
693 2
694 1
698 1
699 1
702 1
707 1
708 1
709 1
712 1
714 1
718 1
720 1
722 1
723 1
725 1
726 1
729 1
730 2
733 2
734 1
736 1
739 2
740 1
742 1
744 2
747 1
748 1
753 1
754 1
755 1
757 1
758 2
759 1
760 1
761 3
762 1
763 1
765 1
768 1
772 1
773 1
774 1
776 2
778 1
780 4
782 1
783 1
786 1
787 1
789 2
790 1
792 2
793 1
795 1
796 1
803 1
804 1
805 1
807 3
808 2
810 2
811 1
813 2
814 1
816 2
818 3
819 1
822 2
825 1
826 1
828 1
829 2
833 3
834 1
836 1
837 3
838 1
840 2
841 5
842 1
843 2
844 4
845 6
846 3
848 6
849 2
850 1
852 1
853 4
854 3
855 3
856 5
857 3
858 1
860 3
861 1
862 3
863 2
864 4
865 4
866 4
867 1
868 3
869 3
871 4
872 1
873 3
874 1
875 2
876 1
877 8
878 3
880 1
881 4
883 1
884 3
885 3
886 4
887 5
888 4
889 2
890 3
891 3
892 1
893 3
894 1
895 2
896 1
897 1
898 1
899 1
900 1
901 6
902 3
903 1
904 8
905 4
906 2
907 2
908 8
909 2
910 3
912 2
913 4
914 3
915 1
916 1
917 4
918 4
919 6
920 5
921 1
922 1
923 1
924 3
925 4
926 3
927 3
928 2
929 5
930 6
931 1
932 1
933 2
934 1
935 2
936 8
937 5
938 1
939 3
941 3
942 2
943 2
944 1
945 4
946 1
947 4
948 2
949 1
951 2
952 1
953 4
954 4
955 5
956 4
957 4
958 3
959 3
960 4
961 6
962 4
963 3
964 3
965 1
966 1
968 3
969 4
971 2
972 3
973 3
974 4
975 3
976 4
977 3
978 4
979 4
981 1
982 2
983 6
984 2
985 5
986 6
987 4
988 8
989 4
990 2
991 4
993 2
994 4
995 3
996 3
997 7
998 4
999 1
1000 6
1001 2
1002 4
1003 2
1004 3
1005 1
1006 1
1007 1
1008 2
1009 1
1010 3
1011 2
1012 1
1013 2
1014 3
1016 6
1017 1
1018 3
1020 4
1021 4
1022 4
1023 3
1024 32
1025 3
1026 1
1027 2
1028 3
1029 6
1030 2
1031 6
1032 3
1033 2
1034 2
1035 2
1036 1
1037 3
1038 1
1039 1
1040 4
1041 3
1042 2
1043 3
1044 2
1045 1
1048 1
1049 2
1050 2
1052 3
1053 1
1055 2
1056 5
1057 2
1058 2
1059 3
1060 4
1061 3
1062 2
1063 2
1064 1
1065 1
1066 5
1067 3
1068 2
1069 1
1070 6
1071 4
1072 1
1073 2
1074 4
1076 4
1077 2
1078 3
1079 3
1080 5
1082 2
1083 4
1084 1
1085 1
1087 1
1088 3
1089 1
1090 6
1091 5
1092 1
1093 1
1094 3
1095 3
1096 2
1097 3
1098 1
1099 2
1100 2
1101 3
1102 2
1103 1
1104 1
1105 1
1106 2
1107 2
1108 4
1109 2
1111 1
1112 2
1113 1
1115 3
1116 2
1117 2
1118 1
1119 1
1121 2
1123 1
1124 4
1125 3
1126 2
1127 1
1128 1
1129 3
1130 2
1131 1
1132 5
1133 2
1134 3
1135 2
1136 2
1138 2
1139 1
1140 1
1142 1
1143 1
1144 3
1145 1
1146 2
1147 1
1148 3
1149 1
1150 3
1151 3
1152 1
1153 2
1154 3
1155 1
1156 1
1157 2
1158 2
1159 2
1160 3
1161 2
1162 4
1165 3
1166 2
1167 3
1169 1
1171 2
1173 1
1174 3
1175 1
1176 2
1179 1
1180 1
1181 2
1182 2
1183 2
1185 2
1187 4
1189 2
1190 2
1191 1
1192 1
1193 1
1194 2
1195 3
1196 3
1197 1
1198 4
1199 3
1201 1
1202 1
1203 2
1205 2
1206 2
1207 2
1208 2
1210 1
1212 1
1213 1
1214 2
1215 3
1216 1
1217 1
1218 4
1219 2
1220 3
1222 3
1223 2
1226 1
1227 2
1228 3
1229 2
1232 2
1233 2
1234 1
1236 1
1237 1
1238 2
1239 2
1243 1
1246 2
1247 1
1249 4
1251 2
1252 2
1253 1
1254 1
1255 2
1256 1
1257 1
1258 1
1259 2
1263 1
1264 3
1266 2
1267 2
1268 1
1273 1
1274 1
1275 1
1276 1
1278 2
1280 3
1282 1
1283 1
1284 3
1285 1
1286 4
1287 2
1288 1
1291 2
1293 2
1294 1
1298 2
1300 3
1303 1
1305 3
1306 1
1307 1
1309 1
1310 1
1312 1
1313 1
1314 1
1315 2
1318 2
1319 1
1322 1
1323 1
1324 2
1325 1
1326 2
1327 1
1328 3
1330 1
1331 2
1332 1
1333 1
1334 5
1336 1
1337 4
1339 1
1340 5
1341 3
1342 1
1345 2
1346 1
1347 1
1349 2
1350 2
1351 1
1355 2
1356 2
1357 1
1358 1
1359 4
1363 2
1364 1
1365 3
1366 1
1370 1
1371 1
1373 1
1374 2
1375 1
1377 2
1379 2
1384 4
1385 1
1386 1
1387 2
1389 1
1392 1
1393 1
1394 3
1395 1
1397 1
1398 2
1399 2
1400 1
1401 1
1402 1
1403 1
1404 2
1405 2
1406 3
1408 4
1410 1
1411 4
1412 1
1413 1
1415 1
1416 2
1417 6
1418 1
1421 2
1422 1
1424 2
1425 1
1427 2
1428 14
1430 2
1431 2
1432 2
1434 1
1436 2
1437 3
1438 3
1441 3
1442 3
1446 9
1448 2
1449 1
1450 3
1454 1
1456 1
1457 4
1460 2
1463 1
1465 1
1466 1
1469 1
1470 1
1472 1
1474 1
1475 2
1476 3
1480 1
1481 1
1482 2
1484 1
1487 2
1488 2
1489 1
1490 2
1492 4
1495 1
1497 1
1502 1
1503 1
1506 1
1508 2
1510 2
1512 1
1516 1
1517 1
1518 2
1520 1
1521 1
1524 1
1527 5
1529 2
1530 2
1531 2
1532 1
1536 13
1537 2
1538 7
1545 1
1547 1
1550 2
1552 1
1553 2
1554 1
1557 4
1558 2
1559 2
1560 3
1562 1
1564 1
1566 1
1568 3
1571 1
1572 1
1574 1
1575 1
1576 15
1579 1
1586 5
1588 2
1591 2
1592 1
1595 4
1596 2
1597 2
1598 5
1599 1
1602 1
1603 3
1605 1
1607 1
1608 1
1609 2
1610 2
1612 1
1615 2
1616 2
1618 2
1620 1
1623 3
1627 2
1630 2
1631 2
1632 1
1633 1
1634 1
1635 1
1636 2
1637 2
1638 1
1641 2
1642 1
1645 1
1646 2
1648 2
1650 2
1651 2
1652 2
1655 5
1656 2
1657 2
1658 1
1659 1
1660 2
1662 1
1664 1
1665 1
1666 3
1667 3
1668 1
1669 2
1671 1
1672 1
1673 1
1675 1
1676 2
1677 3
1678 1
1679 1
1682 1
1688 3
1689 1
1691 3
1692 3
1694 3
1695 1
1696 1
1698 2
1699 1
1700 1
1702 1
1703 2
1704 1
1706 1
1709 1
1710 1
1711 2
1712 1
1713 1
1714 2
1715 2
1716 2
1717 1
1719 1
1720 1
1722 1
1724 3
1726 1
1727 1
1728 1
1734 1
1737 1
1738 1
1740 2
1741 1
1742 1
1743 1
1749 1
1752 1
1759 2
1763 3
1767 1
1768 1
1769 1
1770 1
1771 2
1774 1
1777 1
1778 3
1781 1
1783 1
1785 1
1786 2
1787 2
1788 5
1789 1
1791 1
1792 2
1794 1
1796 1
1797 1
1798 2
1799 1
1800 1
1802 1
1804 2
1806 1
1807 1
1809 3
1810 1
1813 1
1814 2
1815 1
1816 1
1817 1
1821 1
1823 1
1824 1
1825 1
1826 1
1827 1
1828 4
1829 3
1830 1
1831 1
1832 1
1833 1
1834 1
1835 2
1836 1
1838 2
1839 2
1840 2
1843 1
1844 4
1845 1
1846 1
1847 1
1848 1
1849 1
1852 2
1853 1
1854 2
1855 1
1856 1
1857 2
1858 3
1859 1
1860 1
1861 1
1862 1
1863 1
1867 3
1868 1
1869 2
1870 2
1871 3
1872 2
1873 2
1874 3
1875 2
1879 1
1880 1
1881 1
1883 1
1884 1
1885 1
1886 5
1887 1
1889 4
1891 3
1892 1
1895 1
1902 2
1903 2
1904 1
1906 1
1907 1
1908 2
1911 1
1912 1
1913 1
1915 1
1919 1
1920 2
1921 1
1924 1
1925 1
1927 1
1929 2
1930 2
1932 4
1933 1
1934 2
1939 1
1940 1
1942 1
1945 2
1946 1
1947 2
1948 1
1953 2
1954 2
1955 2
1957 1
1959 1
1960 1
1966 1
1970 1
1972 1
1974 1
1975 1
1977 1
1978 1
1979 1
1980 1
1981 1
1983 1
1986 1
1987 1
1991 1
1992 3
1993 2
1994 1
1996 2
1997 1
1998 1
1999 1
2000 2
2002 1
2003 1
2004 1
2005 1
2008 1
2010 2
2013 2
2015 1
2021 1
2022 1
2024 1
2026 1
2027 2
2028 2
2029 1
2031 1
2032 3
2034 1
2035 1
2036 2
2038 1
2042 2
2043 1
2044 1
2045 1
2046 1
2048 10
2049 1
2050 1
2052 3
2053 1
2054 2
2055 1
2056 1
2059 1
2062 2
2064 1
2066 1
2067 1
2068 1
2069 1
2077 1
2079 1
2081 2
2082 1
2083 2
2087 2
2088 1
2091 1
2093 3
2094 1
2099 1
2100 1
2102 1
2105 1
2106 1
2107 1
2108 2
2112 2
2113 1
2115 1
2117 1
2118 1
2120 2
2121 1
2122 1
2123 2
2124 1
2126 1
2127 1
2129 1
2131 1
2133 1
2134 2
2140 1
2142 1
2144 1
2145 2
2146 1
2148 1
2150 1
2151 1
2152 1
2154 1
2158 2
2159 1
2160 1
2162 2
2164 1
2165 1
2167 1
2168 1
2174 1
2175 1
2176 3
2178 2
2179 1
2180 1
2185 2
2186 2
2187 2
2189 2
2192 2
2193 1
2195 1
2198 2
2201 1
2202 1
2208 2
2210 1
2211 1
2212 1
2216 2
2217 1
2218 2
2219 1
2222 1
2223 2
2224 1
2226 1
2227 1
2228 2
2229 1
2230 1
2232 1
2236 2
2243 3
2248 2
2251 1
2254 1
2255 2
2257 1
2258 2
2260 1
2261 1
2262 2
2266 1
2267 1
2268 1
2269 1
2270 1
2273 1
2274 1
2276 1
2281 1
2285 1
2286 1
2287 1
2289 2
2292 4
2293 1
2294 1
2295 1
2297 1
2298 1
2303 1
2304 1
2305 1
2306 1
2307 1
2309 1
2311 1
2312 1
2313 1
2314 1
2316 1
2319 1
2325 1
2327 1
2329 1
2331 1
2332 2
2333 1
2334 1
2337 3
2338 2
2339 2
2342 1
2343 3
2345 1
2346 1
2348 1
2350 1
2352 1
2353 1
2354 1
2359 1
2360 1
2361 1
2363 1
2364 3
2367 1
2372 1
2373 2
2375 1
2376 1
2378 1
2379 3
2385 1
2389 1
2390 1
2392 1
2393 3
2394 1
2395 3
2398 1
2401 1
2402 1
2404 1
2405 1
2411 1
2412 1
2413 1
2415 2
2420 2
2428 1
2431 1
2435 3
2440 2
2449 1
2457 2
2458 1
2460 1
2464 2
2465 1
2475 1
2477 1
2480 1
2481 2
2483 4
2485 1
2486 2
2487 2
2488 2
2489 1
2495 2
2497 1
2498 1
2499 1
2500 4
2503 1
2505 2
2508 3
2509 3
2510 1
2512 1
2513 1
2518 1
2519 1
2523 1
2524 2
2528 1
2532 1
2536 1
2538 1
2540 1
2541 1
2544 1
2545 1
2547 1
2549 1
2553 1
2560 7
2564 2
2566 1
2568 1
2570 1
2571 1
2572 3
2578 1
2580 1
2581 1
2583 1
2584 1
2585 1
2586 1
2592 2
2593 1
2595 1
2597 1
2598 1
2600 1
2601 1
2602 2
2604 1
2605 1
2606 1
2607 1
2611 1
2612 1
2615 1
2618 1
2620 1
2622 1
2625 2
2626 1
2627 1
2628 1
2629 1
2632 2
2637 1
2638 1
2639 1
2640 1
2642 1
2644 1
2645 1
2646 1
2650 1
2654 1
2659 1
2660 2
2663 2
2664 1
2668 1
2670 1
2672 1
2675 1
2682 1
2683 1
2684 1
2685 1
2687 1
2691 2
2693 1
2694 1
2695 1
2699 1
2700 1
2702 1
2705 1
2711 2
2718 1
2721 2
2722 1
2727 1
2728 1
2730 1
2731 1
2733 1
2735 1
2737 2
2738 1
2741 1
2744 2
2748 2
2750 1
2756 1
2758 1
2762 1
2768 2
2770 1
2772 1
2774 1
2776 1
2777 1
2778 2
2783 1
2784 1
2788 1
2791 1
2796 1
2797 1
2800 2
2801 1
2804 1
2806 1
2807 1
2814 1
2815 1
2818 1
2824 1
2827 3
2831 1
2834 2
2839 1
2841 1
2843 2
2845 1
2850 1
2851 1
2854 1
2855 2
2857 1
2859 1
2863 1
2865 1
2867 1
2870 2
2871 1
2873 1
2876 1
2879 1
2880 1
2883 2
2889 1
2892 3
2894 1
2895 1
2896 1
2897 1
2898 1
2900 1
2903 1
2911 1
2912 1
2914 1
2918 1
2920 3
2923 1
2925 1
2928 2
2929 2
2930 1
2933 1
2936 1
2937 2
2940 2
2942 2
2944 1
2950 2
2952 1
2953 1
2954 2
2958 1
2962 1
2963 1
2965 1
2966 1
2968 1
2970 2
2974 1
2978 1
2979 1
2984 2
2985 1
2986 2
2988 1
2995 1
3004 2
3005 1
3007 3
3008 1
3009 1
3010 1
3013 2
3016 1
3022 1
3024 1
3027 1
3028 1
3031 1
3032 1
3035 1
3040 2
3043 2
3044 1
3045 2
3046 1
3047 2
3055 1
3059 1
3060 1
3062 2
3066 1
3069 1
3070 1
3071 1
3072 2
3073 2
3075 1
3077 1
3078 3
3082 1
3086 1
3088 1
3090 2
3092 1
3097 1
3100 3
3102 1
3104 1
3108 1
3109 1
3112 1
3115 1
3120 1
3121 1
3122 1
3123 1
3125 2
3126 1
3128 3
3129 1
3130 1
3132 1
3133 1
3145 2
3147 1
3150 1
3151 1
3153 1
3164 1
3168 3
3169 1
3170 1
3172 2
3174 1
3177 1
3183 2
3186 1
3191 1
3196 1
3200 3
3205 1
3209 1
3211 1
3215 1
3217 1
3220 2
3222 1
3226 1
3229 3
3232 1
3237 1
3239 1
3243 1
3244 3
3248 1
3253 1
3254 2
3257 2
3258 3
3259 2
3260 1
3261 1
3265 1
3271 1
3272 2
3276 2
3277 1
3279 1
3280 3
3284 1
3289 1
3290 1
3291 1
3293 1
3294 1
3298 2
3299 1
3309 1
3312 1
3313 1
3315 1
3320 1
3322 1
3324 1
3328 1
3330 1
3332 3
3334 1
3335 1
3338 1
3339 1
3342 1
3343 1
3346 1
3350 1
3355 1
3361 1
3365 1
3367 1
3371 1
3373 1
3380 1
3382 1
3384 1
3392 1
3396 1
3398 1
3401 3
3407 1
3410 1
3411 1
3416 2
3417 1
3421 1
3428 1
3431 1
3434 3
3438 1
3445 1
3446 1
3448 1
3449 2
3452 1
3453 2
3455 1
3460 1
3461 1
3464 1
3467 1
3468 1
3471 1
3473 1
3475 1
3477 1
3484 1
3489 1
3491 1
3494 2
3495 1
3496 2
3500 1
3502 1
3503 1
3505 1
3507 2
3508 1
3509 1
3511 2
3512 1
3514 1
3517 1
3518 1
3520 1
3524 1
3527 1
3528 2
3530 1
3531 1
3536 1
3539 1
3542 1
3544 1
3551 2
3559 1
3560 1
3566 1
3567 1
3569 3
3580 1
3581 1
3584 3
3588 2
3595 1
3596 1
3602 1
3603 1
3606 1
3607 2
3611 2
3613 1
3615 1
3622 2
3630 2
3631 1
3633 2
3636 1
3638 1
3649 2
3650 1
3653 1
3654 1
3656 1
3663 1
3664 1
3670 1
3674 1
3684 2
3690 1
3693 1
3694 1
3695 1
3698 1
3700 1
3701 2
3713 1
3717 1
3728 1
3731 1
3732 1
3735 1
3740 1
3743 2
3745 1
3747 1
3748 1
3753 3
3762 1
3765 1
3767 1
3768 1
3771 1
3778 2
3780 4
3781 1
3785 2
3786 1
3794 1
3795 1
3798 2
3802 1
3804 1
3813 1
3817 1
3820 1
3822 1
3826 1
3830 2
3832 1
3839 1
3840 1
3841 1
3847 1
3851 1
3854 1
3857 1
3858 1
3859 1
3864 1
3874 1
3876 1
3879 2
3885 1
3894 1
3896 3
3899 1
3903 1
3904 1
3907 1
3908 2
3912 1
3914 2
3915 1
3918 1
3919 1
3921 1
3924 2
3927 1
3931 2
3932 1
3934 1
3940 1
3961 1
3963 1
3964 1
3967 1
3968 1
3972 1
3977 1
3979 1
3980 1
3981 1
3982 1
3988 1
3990 1
3992 1
3993 1
3997 1
4004 2
4010 1
4011 1
4017 1
4018 1
4020 3
4024 1
4026 1
4027 1
4033 1
4034 1
4035 1
4042 1
4046 1
4052 2
4053 2
4057 1
4076 3
4078 1
4089 1
4091 1
4094 1
4096 3
4103 1
4109 1
4112 1
4114 1
4119 1
4122 1
4124 1
4128 1
4132 1
4135 1
4136 1
4138 1
4140 1
4142 1
4149 1
4151 1
4166 1
4167 1
4170 1
4174 1
4180 1
4186 1
4187 3
4188 2
4192 1
4194 1
4197 1
4199 1
4200 1
4207 1
4208 1
4209 1
4224 1
4237 2
4238 1
4242 1
4244 1
4248 1
4260 1
4263 2
4264 1
4269 1
4273 1
4278 1
4293 1
4294 1
4299 1
4309 1
4311 1
4322 1
4324 1
4326 1
4334 1
4336 1
4337 1
4340 1
4347 1
4351 1
4361 1
4364 1
4366 1
4382 1
4383 1
4388 1
4389 1
4405 1
4406 1
4418 1
4426 1
4427 1
4430 1
4433 1
4437 1
4443 1
4445 2
4446 1
4450 1
4453 1
4458 1
4459 1
4470 2
4473 2
4482 1
4490 1
4497 1
4502 1
4510 1
4518 1
4537 1
4545 1
4547 1
4550 1
4561 1
4565 1
4568 1
4571 2
4573 1
4574 1
4592 1
4607 2
4608 3
4613 1
4620 1
4621 1
4624 2
4628 1
4635 1
4639 2
4645 1
4650 1
4658 1
4676 2
4695 1
4700 1
4706 1
4707 1
4716 1
4724 1
4729 1
4730 1
4735 2
4741 1
4742 2
4750 2
4752 1
4756 1
4759 1
4763 1
4767 1
4772 1
4773 1
4776 1
4777 1
4778 1
4784 1
4787 1
4789 2
4790 1
4806 1
4808 1
4818 1
4819 1
4836 1
4843 2
4844 1
4846 1
4858 1
4866 1
4883 1
4888 1
4895 1
4904 1
4909 1
4910 1
4914 1
4920 1
4922 1
4929 1
4935 2
4936 1
4939 1
4955 2
4958 1
4959 1
4961 1
4962 1
4972 1
4977 1
4981 1
4984 2
4988 1
4992 2
4997 1
5006 1
5021 1
5030 1
5032 1
5034 1
5036 1
5039 1
5041 1
5042 3
5058 1
5059 1
5060 1
5061 2
5066 1
5069 1
5070 1
5072 1
5075 1
5079 1
5083 2
5092 1
5093 1
5097 1
5103 1
5116 1
5117 1
5126 1
5132 1
5144 1
5149 1
5156 1
5158 1
5161 1
5165 1
5180 1
5182 1
5183 1
5188 1
5191 1
5194 1
5198 2
5201 1
5203 1
5210 1
5217 1
5218 1
5219 3
5221 4
5222 1
5227 1
5230 1
5235 1
5240 2
5242 1
5247 1
5249 1
5251 1
5254 1
5255 1
5256 1
5269 2
5270 1
5274 1
5275 1
5284 1
5285 1
5293 1
5297 1
5298 1
5303 2
5314 1
5315 1
5317 1
5318 1
5320 2
5321 2
5326 1
5329 1
5331 1
5332 1
5336 2
5339 1
5349 1
5351 2
5352 1
5354 2
5359 1
5361 1
5366 1
5368 1
5371 1
5372 3
5374 3
5375 1
5380 1
5384 4
5389 1
5395 1
5401 2
5407 2
5410 1
5411 1
5414 1
5416 1
5418 1
5422 1
5430 2
5435 1
5444 1
5446 1
5448 1
5449 1
5451 1
5452 2
5463 1
5465 2
5466 1
5469 1
5470 2
5473 1
5475 1
5476 1
5494 1
5498 1
5500 1
5502 1
5512 2
5514 3
5515 1
5516 2
5519 1
5531 1
5539 1
5542 1
5543 2
5556 1
5559 1
5560 1
5564 1
5574 1
5576 1
5579 1
5591 1
5593 1
5600 1
5603 1
5610 1
5616 1
5619 1
5626 1
5636 1
5642 2
5648 1
5649 1
5650 1
5657 1
5658 1
5659 1
5668 1
5673 2
5675 1
5696 1
5701 1
5709 1
5712 1
5713 1
5715 1
5717 1
5719 1
5720 1
5723 1
5733 1
5736 1
5738 2
5740 2
5748 1
5751 1
5762 1
5764 1
5767 1
5768 1
5777 2
5782 1
5785 1
5786 1
5787 1
5789 2
5795 1
5797 1
5798 1
5811 1
5812 1
5815 1
5823 2
5828 1
5832 1
5836 1
5837 1
5839 2
5842 1
5844 1
5847 1
5852 1
5865 2
5883 1
5887 1
5888 1
5892 1
5894 1
5896 1
5897 1
5904 1
5905 2
5912 1
5915 1
5917 1
5918 1
5919 4
5920 1
5933 1
5935 1
5939 1
5940 1
5943 1
5953 1
5957 1
5962 3
5967 2
5969 1
5973 1
5978 1
5980 1
5984 1
5992 1
6001 1
6003 1
6005 2
6006 1
6008 1
6013 2
6018 1
6026 1
6027 1
6032 1
6039 1
6041 1
6048 1
6052 1
6053 1
6054 2
6058 1
6063 1
6064 1
6065 1
6070 1
6076 1
6081 2
6087 1
6089 1
6090 1
6094 1
6100 1
6102 1
6104 1
6109 1
6112 2
6113 2
6117 1
6118 1
6120 2
6121 1
6124 1
6125 1
6133 1
6135 1
6141 1
6143 1
6147 1
6150 1
6154 1
6159 1
6160 1
6161 1
6164 1
6168 1
6169 1
6174 1
6175 1
6180 1
6182 1
6187 1
6188 1
6203 1
6204 1
6205 1
6209 2
6211 1
6212 1
6217 1
6222 1
6224 1
6230 1
6234 1
6237 1
6240 1
6242 3
6243 1
6248 1
6250 2
6255 1
6261 1
6262 1
6267 1
6274 1
6275 3
6286 2
6290 2
6291 1
6295 1
6299 1
6300 1
6304 1
6310 2
6314 1
6318 1
6323 1
6325 1
6328 1
6329 2
6330 2
6333 1
6346 1
6351 1
6356 1
6358 2
6363 1
6364 1
6367 1
6369 1
6371 4
6372 1
6373 1
6378 1
6382 1
6388 1
6398 2
6406 1
6409 1
6420 1
6424 1
6425 1
6435 1
6437 1
6440 1
6443 1
6447 1
6452 1
6456 1
6457 1
6458 1
6462 1
6463 1
6466 2
6469 1
6471 2
6472 1
6473 1
6474 1
6477 1
6482 1
6484 1
6486 1
6492 1
6494 1
6507 1
6513 1
6518 1
6519 1
6539 1
6551 1
6553 1
6568 2
6578 3
6583 1
6591 1
6592 1
6593 1
6594 1
6595 1
6597 1
6599 1
6601 1
6605 1
6607 1
6616 1
6617 1
6622 1
6625 1
6631 1
6636 1
6641 1
6643 1
6644 1
6656 3
6657 1
6659 1
6664 1
6669 2
6671 1
6676 1
6684 1
6690 1
6692 1
6697 1
6716 2
6721 1
6724 1
6730 1
6733 1
6734 1
6735 1
6736 1
6741 1
6747 1
6752 1
6759 1
6770 1
6775 1
6777 1
6788 1
6794 1
6796 1
6799 2
6800 1
6814 3
6818 1
6819 1
6825 2
6837 1
6838 2
6840 1
6841 1
6845 1
6846 1
6849 1
6850 1
6858 1
6860 1
6861 1
6862 1
6867 1
6876 1
6885 1
6892 1
6893 1
6900 1
6904 1
6905 1
6908 2
6912 1
6914 1
6917 1
6929 1
6931 1
6932 1
6934 1
6937 1
6943 2
6944 1
6945 1
6947 1
6950 1
6952 1
6954 1
6955 1
6960 3
6963 1
6965 1
6970 1
6971 1
6979 1
6984 1
6989 1
6991 1
6993 1
6996 1
7001 1
7002 1
7003 1
7008 1
7011 1
7012 1
7014 1
7019 3
7023 1
7025 1
7033 1
7035 1
7036 1
7040 1
7041 1
7044 2
7045 1
7056 1
7058 1
7062 1
7069 1
7072 1
7073 1
7074 1
7078 1
7082 1
7085 1
7093 1
7096 1
7100 1
7106 3
7111 3
7114 1
7116 1
7123 1
7139 1
7144 1
7145 1
7157 1
7163 1
7166 1
7168 1
7194 1
7197 1
7199 1
7202 1
7209 1
7222 1
7226 1
7230 2
7238 1
7240 1
7241 1
7243 1
7246 1
7248 1
7249 1
7262 1
7268 1
7269 1
7271 1
7283 1
7284 1
7287 1
7298 1
7313 1
7314 2
7321 1
7326 1
7327 1
7336 1
7337 1
7339 1
7340 2
7344 1
7345 1
7354 1
7357 1
7361 1
7362 1
7363 1
7365 2
7372 1
7374 1
7380 1
7382 1
7383 1
7384 2
7392 1
7393 1
7397 2
7398 1
7399 1
7407 2
7409 1
7410 1
7412 1
7427 1
7428 1
7431 1
7438 1
7452 1
7469 1
7474 1
7483 1
7488 2
7490 1
7494 1
7496 1
7500 1
7526 2
7528 1
7532 1
7535 1
7540 1
7561 1
7563 1
7571 1
7573 1
7576 1
7581 1
7583 1
7587 2
7595 1
7605 2
7611 1
7613 1
7618 1
7619 1
7620 4
7621 1
7625 1
7626 1
7630 1
7631 1
7632 1
7636 1
7642 1
7647 1
7664 1
7670 1
7673 1
7675 1
7684 2
7685 1
7691 1
7695 1
7701 1
7707 1
7709 1
7713 2
7717 1
7719 2
7724 1
7752 1
7753 1
7755 1
7761 1
7766 1
7768 1
7771 1
7777 1
7781 2
7785 2
7786 2
7790 1
7792 1
7794 1
7797 1
7798 1
7800 1
7808 1
7814 1
7828 1
7829 2
7830 1
7834 1
7840 1
7862 1
7864 1
7865 1
7872 1
7881 1
7890 1
7894 1
7901 1
7903 1
7904 1
7905 1
7907 1
7914 1
7916 1
7925 1
7937 1
7942 1
7943 1
7945 1
7954 1
7963 1
7967 1
7968 2
7971 1
7974 1
7977 4
7988 1
7989 1
7994 1
8005 1
8011 1
8015 1
8021 2
8023 2
8024 1
8026 1
8041 1
8055 1
8062 4
8072 1
8073 1
8080 1
8085 1
8087 1
8088 1
8093 1
8095 1
8110 1
8112 1
8124 1
8130 1
8134 1
8143 1
8149 1
8159 1
8166 1
8175 1
8184 1
8192 1
8197 1
8205 1
8210 1
8211 1
8216 1
8224 1
8240 58
8242 1
8244 1
8246 1
8262 1
8265 1
8271 1
8273 1
8301 1
8302 1
8306 1
8309 1
8312 2
8317 1
8321 1
8324 1
8328 1
8332 1
8342 1
8343 2
8346 1
8353 1
8354 1
8364 1
8366 1
8381 1
8390 1
8392 1
8413 1
8414 1
8427 1
8429 1
8431 1
8437 1
8440 1
8449 1
8458 1
8475 1
8476 1
8479 1
8481 1
8488 1
8497 1
8500 1
8502 1
8504 1
8513 1
8530 1
8548 1
8551 1
8555 1
8559 2
8580 3
8590 1
8592 1
8600 1
8608 1
8614 1
8616 1
8630 1
8639 1
8647 1
8654 1
8660 1
8661 1
8668 1
8675 1
8680 1
8689 1
8702 1
8704 1
8730 1
8744 1
8748 1
8756 1
8772 2
8782 1
8788 1
8796 1
8801 1
8808 1
8824 1
8836 2
8839 1
8846 1
8878 1
8879 2
8881 1
8897 1
8904 1
8935 1
8940 1
8952 1
8980 1
8981 1
8990 1
8999 1
9003 1
9008 1
9011 1
9037 1
9044 1
9052 1
9053 1
9055 1
9058 1
9060 1
9073 1
9077 1
9092 3
9094 1
9139 1
9152 2
9154 1
9155 1
9178 1
9188 1
9196 2
9200 1
9222 1
9236 1
9248 1
9251 3
9258 1
9268 1
9284 1
9289 1
9301 1
9308 2
9314 1
9320 1
9321 1
9335 1
9351 1
9353 1
9360 1
9367 1
9370 1
9378 1
9379 1
9383 1
9397 1
9401 1
9407 1
9419 1
9426 1
9429 1
9435 1
9436 1
9449 1
9456 1
9461 1
9464 1
9510 1
9511 1
9522 1
9560 1
9563 1
9566 1
9584 1
9602 1
9620 1
9626 1
9634 1
9635 2
9636 2
9643 1
9644 1
9657 1
9660 1
9662 1
9664 1
9671 1
9688 1
9697 2
9699 1
9716 1
9737 2
9740 1
9749 2
9755 1
9760 1
9775 1
9782 1
9784 1
9794 1
9796 2
9799 1
9808 1
9814 1
9833 1
9836 2
9837 1
9849 1
9853 1
9856 1
9858 1
9862 1
9864 1
9894 1
9904 1
9918 1
9931 1
9932 1
9936 1
9948 1
9965 1
9970 1
9971 1
9974 1
9976 1
9998 1
10016 1
10017 1
10037 1
10045 1
10052 2
10059 1
10061 1
10062 1
10066 1
10076 1
10085 1
10089 1
10096 1
10113 1
10132 2
10136 1
10144 1
10145 1
10178 1
10184 1
10197 1
10199 1
10239 1
10252 1
10304 1
10316 1
10335 1
10350 1
10371 2
10373 1
10376 1
10403 1
10405 1
10436 1
10451 1
10453 1
10457 1
10466 1
10467 1
10478 1
10482 1
10499 1
10512 1
10524 1
10550 1
10552 1
10598 1
10607 1
10613 1
10619 1
10626 1
10628 1
10632 1
10657 1
10664 1
10678 1
10717 1
10721 1
10746 1
10752 1
10756 1
10763 1
10768 2
10776 1
10778 1
10788 1
10792 1
10798 1
10803 1
10816 1
10828 1
10843 1
10910 1
10919 1
10930 1
10941 1
10958 1
10959 1
10982 1
10992 1
11014 1
11088 1
11111 1
11123 1
11166 1
11174 1
11179 1
11232 1
11282 1
11287 1
11299 1
11316 1
11361 1
11396 1
11407 1
11418 1
11427 1
11434 1
11442 1
11494 1
11520 2
11524 1
11616 1
11625 1
11634 1
11648 1
11655 14
11710 1
11711 1
11712 1
11718 1
11723 1
11829 1
11837 1
11838 1
11876 1
11889 1
11892 1
11906 1
11907 1
11946 1
11948 1
11997 1
12000 1
12015 1
12052 1
12088 1
12092 1
12097 1
12147 1
12169 1
12172 1
12193 1
12200 1
12221 1
12254 1
12266 1
12286 1
12288 1
12291 1
12311 1
12327 1
12332 1
12336 45
12342 1
12381 1
12392 1
12411 1
12433 1
12459 1
12468 1
12530 2
12559 1
12584 1
12661 1
12690 1
12745 1
12787 1
12794 1
12800 3
12816 1
12832 1
12835 1
12839 1
12868 1
12897 1
12900 1
12901 1
12910 1
12951 1
12968 1
12969 1
12981 1
13006 1
13061 1
13105 1
13124 1
13134 1
13140 1
13145 1
13203 1
13289 1
13307 1
13334 1
13354 1
13377 1
13416 1
13443 1
13444 1
13445 1
13460 1
13472 1
13513 1
13533 1
13536 1
13562 1
13576 1
13577 3
13578 1
13644 1
13681 1
13795 1
13800 1
13801 1
13806 1
13833 1
13926 1
13952 1
13956 2
13996 1
14012 1
14079 1
14095 1
14109 1
14150 1
14191 1
14248 1
14258 1
14297 1
14320 1
14355 1
14361 1
14447 1
14472 1
14495 1
14516 1
14521 1
14567 1
14568 1
14675 1
14681 1
14715 1
14788 2
14823 1
14840 1
14848 1
14852 2
14864 1
14869 1
14919 2
14924 1
14936 1
14972 2
14981 1
15030 1
15070 1
15106 1
15156 1
15157 2
15189 1
15339 1
15352 1
15390 1
15401 1
15422 1
15443 1
15452 1
15455 1
15491 1
15512 1
15544 1
15658 1
15744 1
15825 1
15843 1
15894 2
15915 1
15916 1
15955 1
15972 1
16076 1
16100 1
16229 1
16250 2
16260 1
16372 1
16382 2
16384 1
16425 1
16428 1
16432 51
16516 2
16553 1
16568 1
16580 2
16601 1
16655 1
16669 1
16760 1
16813 1
16826 1
16896 2
16953 1
17010 1
17055 1
17104 1
17132 1
17155 1
17160 1
17172 1
17230 1
17323 1
17372 1
17414 1
17424 1
17468 1
17504 1
17576 1
17605 2
17748 1
17758 1
17839 1
17907 1
17919 1
17942 1
17972 1
17983 1
17999 1
18031 1
18033 1
18036 1
18068 1
18070 1
18074 1
18126 1
18152 1
18185 1
18204 1
18249 1
18264 1
18285 1
18309 1
18330 1
18408 1
18472 1
18491 1
18623 1
18711 1
18723 1
18737 1
18742 1
18952 1
18953 1
18978 1
19062 1
19176 1
19194 1
19243 1
19258 1
19275 1
19329 1
19361 1
19409 1
19497 1
19863 1
19956 1
20037 1
20232 1
20319 1
20372 1
20442 1
20492 1
20528 30
20684 1
20691 1
20846 1
20960 1
21033 1
21321 1
21326 1
21344 1
21383 1
21476 1
21529 1
21579 1
21608 1
21633 1
21856 1
21960 1
21991 1
22107 1
22144 1
22196 1
22244 1
22252 1
22422 1
22454 1
22533 1
22535 1
22607 1
22674 1
22791 1
22796 1
22883 1
22990 1
23041 1
23073 1
23152 1
23310 14
23511 1
23540 1
23552 1
23555 1
23639 1
23650 1
23826 1
23884 1
23961 1
24035 1
24066 1
24068 1
24156 1
24458 1
24500 1
24576 8
24624 19
24952 1
24977 1
25025 2
25088 2
25129 1
25168 1
25243 1
25584 1
25840 1
25897 1
26018 1
26044 1
26166 1
26302 1
26413 1
26440 1
26658 1
26756 1
26812 1
27152 1
27219 1
27260 1
27276 1
27516 1
27568 1
27872 1
28104 1
28305 1
28672 10
28720 20
29008 1
29096 1
29193 1
29402 1
29569 1
29709 1
29736 1
29911 1
30108 1
30136 1
30162 1
30290 1
30999 1
31363 1
31632 1
31803 1
32388 1
32677 1
32768 16
32816 13
32872 1
32892 3
32992 1
33020 1
33280 1
33704 1
33750 1
33768 1
33845 1
33864 1
33871 1
33892 1
34261 1
34519 1
34665 1
34796 1
34848 1
35133 1
35980 2
36239 2
36864 3
36912 8
37104 1
37529 1
37760 1
38285 1
38633 1
38672 1
38691 1
39004 1
39128 1
39300 1
39632 1
39774 1
40040 1
40102 1
40356 1
40398 1
40658 1
40960 4
41008 7
41148 1
41580 1
41634 1
42110 1
43344 1
43600 1
44180 1
44588 1
45104 10
45168 1
45702 1
46339 1
47068 1
47392 1
47524 1
47738 1
47794 1
48300 1
49152 3
49156 1
49200 8
49328 10
49361 1
49462 1
49664 8
49922 1
49991 1
50000 3
51607 1
52405 1
52712 1
52888 1
53226 1
53248 1
53296 4
53408 1
53424 4
53676 1
53883 1
53908 1
53924 1
53957 1
54000 1
55020 1
55160 1
55308 1
55654 1
55878 1
56474 1
56828 1
56874 1
57210 1
57344 1
57392 5
57425 1
57520 4
57866 1
58492 1
58647 1
58670 1
58911 1
60100 1
60208 1
60280 1
61290 1
61294 1
61488 3
61539 1
61616 7
61699 1
62179 1
62240 1
63066 1
63433 1
64521 1
64620 1
64667 1
65536 7
65584 10
65712 9
65751 1
65776 1
66287 1
66317 1
66708 1
66762 1
68172 1
69017 1
69561 1
69632 2
69680 8
69808 7
69937 1
69940 1
70212 1
71222 1
71853 1
71890 1
72354 1
72834 1
73776 8
73904 13
74100 1
74130 1
74668 1
74707 1
74882 1
74892 1
75363 1
75960 1
76773 1
77271 1
77425 1
77684 1
77824 1
77872 14
77959 1
78000 14
78850 1
78942 1
78968 1
79239 1
79284 1
81325 1
81876 1
81968 4
82096 4
82731 1
82956 1
83382 1
84227 1
84385 1
84800 1
86016 2
86064 13
87136 1
88063 1
89607 1
89905 1
90160 28
90288 2
90609 1
90870 1
91566 1
92224 1
92687 1
92749 1
94208 2
94256 12
94320 1
94384 1
94881 1
96756 1
98219 1
98304 2
98352 3
98416 1
98480 1
99956 1
100056 1
102208 1
102370 1
102448 11
102512 4
102576 4
102640 1
106496 7
106544 5
106549 1
106608 7
106672 5
107202 1
107386 1
109568 2
110320 1
110592 2
110640 4
110704 1
110768 4
112838 1
113068 1
113348 1
114688 1
114736 8
114800 4
114864 1
115978 1
116817 1
118832 3
118896 5
119357 1
122056 1
122591 1
122637 1
122880 3
122928 2
122992 1
123056 2
123132 1
124832 1
125004 1
125617 1
125692 1
126976 1
127024 4
127040 1
127088 3
127152 1
129642 1
129988 1
131072 4
131120 3
131184 1
131754 1
134412 1
135168 1
135216 1
135408 1
137312 1
138004 1
139264 1
139312 4
139376 1
139440 1
139504 2
140232 1
140820 1
140865 1
141496 1
141711 1
142024 1
142092 1
143360 4
146170 1
147456 1
147504 4
148684 1
149504 1
149952 1
151552 1
151600 1
151728 2
151792 1
155648 3
155696 2
156387 1
159744 4
159792 3
159856 1
159984 1
161188 1
163840 9
163888 2
166393 1
167441 1
167936 6
167944 1
167984 2
168112 1
168343 1
171234 1
171772 1
172032 10
172080 2
172208 1
172272 1
172314 1
172953 1
176176 1
180272 1
180336 1
182782 1
184368 1
184496 2
186116 1
190764 2
194671 1
195260 1
196608 4
200704 3
200752 1
200880 2
202718 1
202892 1
204800 1
204848 1
204976 1
206116 1
206672 1
208944 1
209072 1
211014 1
213232 1
213360 1
217088 1
217136 1
217200 1
217372 1
221184 1
221360 1
221424 1
225280 1
226796 1
227863 1
227898 1
227963 1
228377 1
228647 1
228664 1
229424 1
233536 1
237616 1
237808 1
238700 1
241320 1
241560 1
241904 1
245760 1
245808 1
245936 2
254064 1
254128 1
258224 1
262144 5
262320 7
266416 1
270512 1
271145 1
274480 1
278640 1
278704 2
282800 3
282834 1
282864 1
285452 1
286896 4
290992 1
293096 1
295088 1
299184 1
300392 1
300555 2
302724 1
303280 1
304011 1
304352 1
304888 1
307248 1
307376 1
307764 1
311316 1
311472 1
313092 1
319488 1
323760 1
326570 1
335920 2
340144 1
344304 2
345584 1
347832 1
350222 1
352496 1
356352 1
356592 1
356720 1
357024 1
359044 1
360496 1
363088 1
364592 1
364784 1
369008 1
372736 1
377008 1
379522 1
388228 1
389296 1
393392 1
393984 1
405504 4
405680 1
409648 1
409776 1
413872 1
418032 1
426160 1
426224 1
432476 1
437464 1
438512 1
442736 1
446640 1
450560 1
450800 2
454656 1
456584 1
458944 1
467184 1
471280 1
479472 1
481916 1
483328 2
483568 2
491696 2
503994 1
504048 1
504186 1
528548 1
530956 1
536816 1
544816 1
545008 1
553200 2
557424 1
561152 1
565248 2
570042 1
572483 1
577536 1
577712 1
577776 1
602160 1
617695 1
617701 1
626800 1
634182 1
635120 1
642640 1
655408 1
659456 1
671984 1
692464 1
704752 1
708608 1
711516 1
716340 1
717040 1
752792 1
789916 1
807152 1
812260 1
834806 1
835632 1
835736 1
923204 1
942256 1
1003668 1
1036800 1
1085616 1
1156932 1
1200368 1
1205442 1
1414592 1
1478896 1
1495192 1
1618740 1
1623470 1
1646832 1
1788416 1
1808760 1
1933552 1
1962048 1
2138160 1
2146352 1
2255498 1
2289052 1
2289712 1
2326816 1
4100400 1
4147200 1
4388292 1
5132152 1
67104768 1
