0 8
4 1
63 1
65 1
67 2
95 1
134 5
262 1
263 1
451 1
477 1
498 1
512 49
559 1
572 1
667 1
725 1
753 1
754 1
806 1
834 1
1024 1
1147 1
1155 1
1286 1
1404 1
1495 2
3431 1
3517 1
3718 1
3744 1
4500 1
4726 1
5652 1
7082 1
8192 1
8597 1
9216 1
9217 2
10472 1
17024 1
17327 1
17678 1
17778 1
18165 1
23492 1
23538 2
31115 1
32478 1
32568 1
38125 1
40316 1
41598 1
42037 1
43352 1
44781 1
58067 1
60449 1
70197 1
72009 1
74611 1
75598 1
87928 1
88810 1
103712 1
106269 1
144611 1
179474 1
206733 1
262823 1
263083 1
356828 1
452848 1
738647 1
