19 6
20 18
21 22
22 73
23 27
24 32
25 35
26 28
27 71
28 32
29 24
30 16
31 37
32 26
33 15
34 6
35 20
36 11
37 1
38 9
39 3
43 1
65 1
74 1
87 1
88 1
90 4
93 1
96 2
102 3
105 1
106 1
111 2
115 2
117 3
120 1
126 2
133 1
135 1
157 1
175 1
184 1
206 1
212 1
219 1
224 1
239 1
272 3
275 1
278 2
281 4
284 2
293 3
296 4
299 1
317 1
325 1
332 1
337 3
343 1
348 1
352 1
413 1
424 2
512 22
537 1
577 1
597 2
603 1
624 1
625 1
646 1
723 1
752 1
758 1
784 1
818 1
824 3
827 1
833 1
836 1
839 1
842 1
845 1
875 1
884 1
887 1
890 1
895 1
914 1
918 1
919 1
948 1
980 1
983 1
1058 1
1076 1
1135 1
1174 1
1198 1
1274 1
1290 1
1349 1
1375 1
1431 1
1463 1
1536 3
1577 1
1593 1
1629 1
1701 1
1706 1
1744 1
1756 1
1763 1
1765 1
1800 1
1805 1
1848 1
1871 1
1880 1
1883 1
1886 2
1889 2
1895 2
1898 1
1905 1
1956 1
1976 1
2036 1
2047 1
2048 1
2085 1
2094 1
2100 1
2104 2
2116 1
2131 1
2137 1
2144 1
2156 1
2159 1
2178 1
2185 1
2189 2
2201 1
2208 1
2221 1
2234 1
2239 1
2266 1
2295 1
2296 1
2299 1
2314 1
2336 1
2337 1
2355 1
2356 1
2374 1
2392 1
2395 1
2397 1
2398 1
2418 1
2426 1
2453 1
2459 1
2465 3
2488 1
2500 1
2507 1
2517 1
2557 1
2577 1
2591 1
2597 1
2600 1
2629 1
2678 1
2700 1
2740 1
2769 1
2770 1
2785 1
2795 1
2805 1
2806 1
2816 1
2818 1
2819 1
2822 1
2828 1
2830 1
2843 1
2849 1
2867 1
2940 1
2959 1
2962 1
2972 1
2979 1
3001 1
3028 1
3035 1
3037 1
3070 1
3078 1
3082 1
3088 1
3095 1
3098 1
3106 1
3109 1
3128 1
3129 1
3132 1
3140 1
3147 1
3154 1
3155 1
3184 1
3202 1
3220 1
3233 1
3249 1
3260 1
3275 1
3288 2
3290 1
3293 1
3295 2
3300 1
3302 1
3304 1
3314 1
3327 1
3356 1
3358 1
3385 1
3395 1
3397 1
3400 1
3422 3
3439 1
3445 1
3454 1
3468 1
3487 1
3494 1
3497 1
3503 1
3505 1
3515 1
3522 1
3531 1
3533 1
3554 1
3560 1
3569 1
3571 1
3574 1
3581 1
3594 1
3596 1
3604 1
3606 1
3609 1
3614 1
3616 1
3640 1
3649 1
3653 1
3655 1
3661 1
3666 1
3675 1
3682 2
3703 1
3716 1
3725 1
3737 1
3754 1
3758 1
3765 1
3770 1
3787 1
3795 1
3798 2
3806 1
3811 1
3815 1
3826 1
3829 1
3836 1
3840 1
3841 1
3844 1
3850 1
3851 1
3854 1
3856 1
3871 1
3877 1
3878 1
3887 1
3896 1
3905 1
3909 1
3913 1
3930 1
3934 1
3936 1
3955 1
3990 1
3999 1
4001 1
4010 1
4014 1
4019 1
4076 1
4084 1
4111 1
4139 1
4148 1
4152 1
4184 2
4193 1
4195 1
4197 1
4207 1
4218 1
4220 1
4263 1
4274 1
4281 1
4301 2
4338 1
4359 1
4383 1
4417 1
4455 1
4458 1
4466 1
4512 1
4523 1
4534 1
4567 2
4577 1
4580 1
4581 1
4594 1
4596 1
4609 1
4636 1
4663 1
4664 1
4691 1
4693 1
4730 1
4759 1
4778 2
4791 1
4801 1
4837 1
4855 1
4866 1
4896 1
4902 1
4911 1
4928 1
4948 1
4996 1
4998 1
5048 1
5059 1
5072 1
5075 1
5081 1
5091 1
5095 2
5104 1
5107 1
5120 1
5123 1
5127 1
5227 1
5260 1
5303 1
5338 1
5343 1
5346 1
5359 1
5366 1
5422 1
5434 1
5465 1
5526 1
5546 1
5579 1
5599 1
5605 1
5623 1
5643 1
5692 1
5735 1
5750 1
5754 1
5767 1
5791 1
5805 1
5814 1
5878 1
5882 1
5884 1
5889 1
5909 1
5935 1
5951 1
5966 1
5968 1
5990 1
6000 1
6011 1
6019 1
6050 1
6093 1
6169 1
6179 1
6184 1
6236 1
6237 1
6264 1
6284 1
6319 1
6343 1
6392 1
6394 1
6405 1
6414 1
6421 1
6480 1
6491 1
6529 1
6621 1
6640 1
6660 1
6707 1
6713 1
6716 1
6746 1
6771 1
6773 1
6775 1
6813 1
6816 1
6825 1
6947 2
7048 1
7090 1
7126 1
7149 1
7168 1
7209 1
7370 1
7397 1
7448 1
7473 1
7500 1
7575 1
7591 1
7639 1
7664 1
7689 1
7720 1
7748 1
7862 1
7993 1
8192 1
8207 1
8237 1
8244 1
8337 1
8350 1
8371 1
8381 1
8456 1
8462 1
8488 1
8563 1
8630 1
8665 1
8696 1
8715 1
8784 1
8818 1
8936 1
9144 1
9198 1
9220 6
9254 1
9385 1
9434 1
9517 1
9750 1
9839 1
10171 1
10438 1
10463 1
10537 1
10629 1
10901 1
10942 1
11038 1
11044 1
11180 1
11650 1
12784 1
13013 1
13271 1
13316 22
13489 1
13555 1
14275 1
14323 1
15565 1
16335 1
16357 1
16992 1
17412 10
18623 1
20307 1
21508 2
22016 1
23377 1
25604 8
26094 1
26112 1
27557 1
29700 2
30372 1
33796 1
34261 1
37892 3
39489 1
41765 1
41988 3
46084 1
46711 1
51431 1
58372 1
58750 1
59007 1
63408 1
65536 2
70660 1
74756 2
76433 1
78852 1
119812 1
123908 1
181252 1
189444 1
295940 1
332804 1
930820 1
1373188 1
