0 6
346 1
364 1
426 1
428 2
449 1
462 1
515 1
561 1
588 1
594 1
598 1
953 1
1005 1
1042 1
1128 1
1190 1
1243 1
1345 1
1388 1
1396 1
1681 1
1973 1
1980 1
1981 1
2007 1
2048 1
2061 1
2079 2
2530 1
2697 1
2965 1
3113 1
3168 1
3237 1
3814 1
3900 1
4228 1
4358 1
4740 1
5075 1
5248 1
5772 2
5861 1
7193 1
7278 1
7886 1
8192 1
10221 1
10420 1
10726 1
11165 1
11511 1
12982 1
15712 1
17183 1
17976 1
18195 1
20041 1
20196 1
20370 1
24619 1
25629 1
27129 1
30148 1
30710 1
33713 1
36752 1
36928 1
51631 1
57072 1
63197 1
72633 1
73621 1
87919 1
107143 1
124011 1
125191 1
127413 1
133006 1
175224 1
206774 1
249672 1
268746 1
279230 1
573006 1
606183 1
608684 1
649832 1
1041146 1
1638100 1
3380708 1
5891906 1
