0 43
1 1
4 4
5 4
6 8
7 1
8 3
10 10
11 3
14 1
15 2
16 1
17 1
18 1
19 2
20 1
21 1
22 2
23 1
24 1
29 5
30 1
35 1
37 1
38 1
41 1
43 1
44 1
46 3
51 1
53 2
57 1
69 2
70 4
74 1
78 1
80 1
93 1
94 1
101 6
102 1
106 2
113 1
115 2
120 1
125 1
126 1
130 1
131 1
133 1
136 1
138 2
139 1
146 1
149 1
150 1
151 1
152 1
153 2
155 1
156 1
160 1
162 1
163 1
169 1
171 1
175 1
176 1
178 1
179 1
184 2
185 1
192 1
199 1
202 1
209 1
211 1
224 1
227 1
229 1
235 1
236 1
240 1
241 1
243 1
252 1
259 1
266 1
271 1
272 1
276 2
279 1
290 1
293 1
294 1
301 2
303 1
308 1
311 1
319 1
320 2
321 2
325 1
326 1
328 1
332 1
344 1
347 1
351 1
359 1
360 1
361 1
371 2
373 2
384 1
391 1
395 1
400 1
403 1
408 1
424 1
428 1
433 1
436 1
437 1
438 1
441 1
457 1
458 1
460 2
461 1
475 1
478 2
479 1
481 1
483 1
486 1
495 1
498 1
501 1
503 1
504 1
512 119
521 1
523 1
534 1
542 1
543 1
560 1
565 1
566 1
579 2
583 1
586 1
587 2
599 2
604 1
606 1
607 1
612 1
617 1
622 1
623 1
626 1
630 2
640 1
642 1
666 1
668 1
674 1
675 1
688 1
691 1
697 1
700 1
703 2
716 1
720 1
725 1
732 1
739 1
756 2
760 1
771 1
777 1
780 1
782 1
787 1
803 1
822 1
835 1
836 2
844 1
851 1
852 1
866 1
869 1
874 1
878 1
881 1
886 1
887 1
902 1
903 1
907 1
910 1
913 1
914 1
928 1
938 1
952 1
953 1
954 1
957 1
959 1
960 1
962 1
970 1
971 1
974 1
978 2
989 2
993 1
996 1
998 2
1016 1
1020 1
1023 1
1024 29
1028 1
1034 1
1035 1
1037 1
1040 1
1041 1
1045 1
1050 1
1051 1
1060 1
1065 1
1070 2
1071 1
1084 1
1088 1
1107 1
1108 1
1109 1
1111 1
1112 1
1120 1
1132 1
1141 1
1142 1
1144 1
1145 1
1152 1
1154 1
1157 1
1162 1
1165 1
1173 1
1174 1
1185 1
1198 1
1200 1
1201 1
1217 1
1235 1
1237 1
1238 1
1242 1
1244 1
1258 1
1265 1
1301 1
1312 1
1315 1
1316 1
1321 1
1325 1
1340 1
1364 1
1371 1
1373 1
1382 1
1386 1
1392 1
1394 1
1398 2
1404 1
1416 2
1426 2
1428 1
1441 1
1442 1
1449 1
1454 1
1468 1
1469 1
1482 1
1501 2
1516 1
1519 1
1524 1
1535 1
1536 5
1558 2
1566 1
1573 1
1574 1
1589 1
1620 1
1632 1
1668 1
1670 1
1678 1
1697 1
1698 1
1705 1
1706 1
1734 1
1750 1
1751 1
1766 1
1772 1
1789 1
1810 2
1857 1
1869 1
1873 1
1876 1
1896 1
1928 1
1930 1
1940 1
1942 1
1946 1
1949 1
1988 1
1997 1
2043 1
2048 6
2080 1
2082 1
2086 2
2089 1
2091 1
2112 1
2127 1
2134 1
2136 3
2139 1
2144 1
2153 1
2160 1
2165 1
2174 1
2180 1
2181 2
2184 2
2199 1
2206 1
2226 1
2228 1
2234 1
2280 1
2301 1
2306 1
2307 1
2317 1
2324 1
2333 1
2357 1
2370 1
2380 1
2402 1
2411 1
2430 1
2437 1
2455 1
2512 2
2536 1
2554 1
2560 1
2561 1
2565 1
2640 1
2648 1
2667 1
2724 1
2741 1
2806 1
2817 1
2818 1
2827 1
2859 1
2865 1
2911 1
2928 1
2939 1
2947 1
3025 1
3072 1
3081 1
3088 1
3092 1
3112 1
3177 1
3198 1
3214 1
3226 1
3238 1
3312 1
3367 1
3383 1
3417 1
3563 1
3576 1
3580 1
3630 1
3648 1
3652 1
3680 1
3700 1
3709 1
3711 1
3723 1
3761 1
3767 1
3895 1
3959 1
4013 1
4096 3
4224 1
4229 1
4263 1
4268 1
4273 1
4282 1
4288 1
4357 1
4409 1
4456 1
4481 1
4482 1
4534 1
4600 2
4642 1
4662 1
4682 1
4708 1
4718 1
4912 1
4954 1
4973 1
4975 1
5147 1
5197 1
5280 1
5360 1
5439 1
5470 1
5488 1
5515 1
5522 1
5533 1
5589 1
5651 1
5706 1
5876 1
5888 1
5905 1
5957 1
5965 1
6030 1
6275 1
6634 1
6692 1
6723 1
6862 1
6936 1
7087 1
7168 2
7341 1
7362 1
7403 1
7410 1
7437 1
7495 1
7562 1
7802 1
7838 1
7857 1
8059 1
8070 1
8089 1
8192 1
8265 1
8372 1
8662 1
8751 1
8874 1
8879 1
8923 1
8944 1
9063 1
9300 1
9476 1
9644 1
9773 1
9949 1
10066 1
10210 1
10491 1
10535 1
10639 1
10756 1
11886 1
12228 1
12286 1
12288 1
12366 1
12523 1
13221 1
13312 1
13560 1
13603 1
13848 1
14346 1
15032 1
15094 1
15246 1
15479 1
15765 1
15884 1
16658 1
17174 1
17324 1
17408 2
17635 1
17649 1
18429 1
18523 1
19512 1
20732 1
20884 1
21080 1
22088 1
22496 1
25497 1
25761 1
25919 1
26615 1
26624 1
27168 1
27648 1
29696 1
29911 1
30403 1
30956 1
31297 1
31892 1
32768 1
33591 1
33652 1
33792 1
34028 1
34264 1
35726 1
38764 1
38951 1
41011 1
47171 1
52710 1
56751 1
57384 1
59985 1
62816 1
63631 1
63651 1
64615 1
65536 1
65664 1
68458 1
70532 1
70545 1
71555 1
71792 1
71941 1
72201 1
72866 1
73061 1
77511 1
88865 1
90112 2
98304 2
98346 1
101828 1
111700 1
113933 1
129986 1
140911 1
141614 1
190399 1
224699 1
300477 1
335872 1
374485 1
686808 1
766465 1
774055 1
798566 1
