0 26
4 1
7 2
8 3
9 1
11 1
12 1
17 1
19 2
20 4
22 1
23 2
24 10
25 3
26 1
28 1
29 3
30 3
31 1
32 4
35 2
36 2
38 6
39 3
40 2
41 1
42 1
43 2
46 2
47 2
49 8
50 1
53 4
55 5
56 1
59 1
61 1
62 1
63 3
65 1
66 3
67 2
69 1
70 2
72 1
73 1
74 1
76 5
77 4
78 2
79 1
83 1
85 1
86 2
91 1
94 1
95 1
96 2
98 1
99 1
101 2
102 1
103 3
105 1
107 1
109 5
112 1
116 1
117 2
118 1
120 6
123 2
124 1
125 1
127 1
128 1
129 1
133 1
134 1
142 2
143 1
144 1
145 1
146 2
148 1
150 2
151 1
152 1
153 1
157 3
158 1
160 1
162 1
164 2
166 1
171 1
174 1
177 1
180 3
181 1
183 3
184 1
189 1
191 1
192 1
195 3
198 1
199 1
200 3
204 1
205 1
207 1
208 1
209 4
211 1
212 1
213 1
215 2
216 1
217 3
218 2
219 2
220 1
221 1
224 3
226 11
230 2
232 1
233 1
234 1
235 2
238 1
239 3
240 2
241 3
242 1
244 2
246 1
250 1
251 3
253 3
254 1
257 2
259 1
260 3
262 2
263 1
264 1
265 2
267 4
268 3
269 3
270 3
272 1
273 1
277 9
279 6
280 7
281 10
282 2
283 3
285 6
288 1
289 3
290 1
291 7
292 2
293 1
294 2
295 3
296 2
297 1
298 1
299 2
300 1
301 1
302 5
303 1
305 3
306 4
307 1
308 4
309 4
310 4
311 2
312 5
313 4
314 4
315 4
316 6
317 3
319 2
320 6
321 1
322 3
323 1
324 2
327 1
328 3
329 4
330 1
331 3
332 1
333 1
334 2
335 4
336 4
337 7
338 2
339 3
341 3
342 8
345 1
347 2
348 2
349 3
350 1
352 2
353 3
354 3
355 1
358 8
360 1
361 1
363 1
364 5
365 3
369 1
370 4
371 3
373 1
375 7
377 1
378 3
379 1
380 2
385 4
386 2
388 2
390 2
391 1
392 4
394 1
397 1
399 3
401 2
402 1
404 1
406 5
409 1
410 1
413 1
414 1
415 1
416 2
418 1
419 1
422 1
425 3
426 1
428 1
429 1
430 1
432 2
434 3
435 3
440 1
441 1
444 2
445 2
448 1
452 1
453 1
456 3
461 1
462 1
463 2
464 1
466 1
473 1
477 2
481 1
482 2
484 2
489 1
491 2
492 1
496 2
498 1
500 1
503 1
504 2
507 1
509 1
512 157
516 5
517 1
520 2
524 1
525 1
526 1
527 2
529 1
531 1
532 2
533 1
536 1
540 1
544 1
545 1
547 2
548 1
553 1
554 1
556 2
561 1
563 1
565 1
569 1
570 1
572 3
574 1
576 1
578 1
580 2
581 1
582 3
585 3
587 2
588 1
592 1
593 1
595 1
597 1
599 1
602 1
603 1
604 1
606 1
608 1
610 1
612 4
615 1
616 2
617 2
618 1
621 2
624 2
625 3
628 1
631 3
633 1
636 1
639 1
641 1
646 1
648 1
652 1
653 2
654 1
655 1
656 3
657 2
661 1
663 1
664 2
665 1
666 5
669 1
671 1
673 2
674 1
675 3
676 1
677 1
679 1
681 1
682 2
687 1
689 1
692 2
694 1
695 1
699 1
700 1
701 3
703 1
706 1
709 1
711 4
716 1
717 1
720 1
725 1
729 1
730 1
732 1
733 1
737 3
741 2
746 1
751 1
757 3
759 1
760 3
763 1
765 2
766 1
769 1
770 2
773 2
776 1
778 1
779 1
783 1
788 1
790 1
791 1
792 2
793 1
794 1
795 1
800 1
801 3
806 3
807 1
810 1
812 1
817 1
834 1
837 1
841 1
845 1
848 1
856 1
859 3
864 1
866 1
867 2
870 1
872 1
879 2
881 1
882 1
885 1
886 1
887 2
889 2
890 1
891 2
896 2
897 5
899 2
907 1
909 1
917 1
918 1
919 2
920 3
924 1
927 1
929 1
932 1
934 2
937 1
944 2
949 1
950 1
954 1
958 1
963 1
966 2
968 2
969 1
974 1
980 3
983 1
991 2
996 1
1007 1
1015 1
1018 2
1020 1
1024 32
1026 2
1028 2
1031 1
1038 1
1040 1
1041 1
1044 1
1050 3
1052 1
1053 3
1055 1
1058 2
1060 1
1062 1
1064 1
1066 1
1068 1
1070 1
1072 3
1080 1
1081 1
1082 1
1084 1
1089 5
1092 1
1093 2
1096 1
1097 4
1099 1
1100 1
1102 2
1104 2
1105 1
1111 2
1116 1
1119 3
1120 2
1126 1
1130 2
1135 1
1136 1
1137 1
1138 1
1156 1
1158 1
1159 2
1160 2
1164 1
1167 1
1170 1
1176 1
1187 1
1192 3
1196 2
1197 1
1201 1
1202 1
1214 1
1218 1
1219 2
1221 1
1222 1
1224 1
1225 1
1242 1
1244 2
1250 1
1255 1
1256 1
1258 1
1261 1
1262 1
1263 1
1273 1
1274 1
1282 1
1286 1
1288 1
1290 1
1295 2
1298 2
1299 1
1302 1
1310 1
1312 1
1325 1
1329 1
1334 2
1335 1
1340 1
1346 1
1349 2
1358 2
1370 1
1374 1
1377 1
1381 1
1387 1
1390 1
1393 1
1394 1
1395 2
1396 2
1398 1
1399 1
1401 1
1405 3
1408 2
1409 4
1410 1
1412 1
1414 1
1418 1
1419 1
1420 1
1421 1
1422 1
1434 1
1436 1
1442 1
1443 1
1444 3
1445 1
1449 1
1460 1
1467 1
1469 1
1471 1
1472 1
1473 3
1478 1
1484 3
1489 3
1493 1
1496 2
1500 1
1501 1
1509 1
1515 1
1521 1
1524 1
1533 1
1536 10
1540 1
1541 1
1542 2
1554 1
1555 1
1558 1
1559 1
1562 1
1577 1
1585 1
1589 1
1597 6
1602 2
1603 1
1609 1
1612 1
1613 3
1621 1
1622 2
1625 1
1628 1
1636 1
1640 1
1642 1
1643 2
1647 2
1650 1
1656 2
1659 1
1677 2
1678 1
1684 1
1694 1
1701 3
1704 1
1720 2
1732 1
1737 2
1743 3
1746 1
1751 1
1753 1
1757 1
1758 1
1760 4
1770 1
1771 1
1786 1
1787 1
1790 1
1801 1
1804 1
1807 1
1810 1
1817 1
1830 1
1831 1
1837 3
1840 1
1854 1
1865 4
1868 1
1872 1
1882 1
1888 20
1890 2
1891 1
1897 1
1901 1
1902 1
1906 1
1907 1
1909 1
1912 2
1913 1
1914 1
1931 1
1941 2
1947 1
1948 1
1955 2
1961 1
1963 1
1967 1
1971 2
1972 2
1973 1
1974 1
1976 1
1980 1
1984 1
1987 1
1989 4
1994 1
1996 2
1998 1
2002 1
2013 2
2019 3
2020 2
2032 1
2033 1
2037 1
2040 1
2041 1
2046 1
2048 8
2050 1
2055 1
2062 1
2070 1
2072 1
2083 1
2089 2
2090 1
2100 1
2101 1
2102 1
2104 2
2109 1
2114 1
2118 1
2119 1
2125 1
2127 2
2128 1
2132 1
2134 1
2141 2
2145 1
2147 1
2152 1
2157 1
2166 3
2167 1
2168 1
2172 1
2173 3
2177 2
2180 1
2189 1
2190 2
2193 1
2194 1
2202 1
2213 1
2221 1
2225 1
2233 1
2246 1
2249 1
2250 1
2251 2
2256 1
2259 1
2262 1
2266 2
2270 1
2286 1
2289 1
2294 1
2296 1
2298 1
2300 1
2302 2
2303 1
2304 1
2305 5
2308 1
2313 1
2314 1
2319 2
2324 1
2329 1
2333 1
2335 1
2339 1
2342 2
2344 1
2356 1
2373 1
2384 1
2387 2
2388 1
2404 1
2408 1
2411 1
2428 1
2438 1
2441 1
2454 1
2458 1
2460 2
2463 1
2468 3
2477 1
2480 1
2482 2
2486 2
2495 1
2496 2
2502 1
2508 1
2514 1
2517 1
2522 2
2542 1
2546 1
2550 1
2560 22
2565 1
2566 2
2568 2
2577 1
2591 1
2596 1
2599 1
2601 1
2602 1
2608 1
2610 1
2612 2
2614 1
2615 1
2626 4
2631 1
2640 1
2652 1
2656 1
2659 2
2662 1
2670 1
2673 1
2697 1
2704 1
2709 1
2721 1
2722 1
2723 1
2735 2
2736 3
2745 1
2748 1
2749 1
2750 1
2760 1
2770 1
2774 3
2777 1
2783 1
2788 1
2799 1
2801 1
2806 2
2812 4
2818 1
2823 1
2824 2
2826 1
2829 1
2834 1
2843 1
2859 1
2862 1
2865 1
2866 1
2868 1
2871 1
2877 1
2882 1
2891 1
2903 1
2904 2
2912 1
2917 1
2918 2
2923 1
2937 1
2939 1
2940 1
2956 1
2961 2
2973 1
2974 1
2992 1
2996 1
2998 1
3011 1
3021 1
3029 1
3040 2
3048 1
3049 1
3050 1
3054 1
3061 1
3065 1
3066 1
3069 1
3072 1
3090 1
3105 1
3106 1
3110 1
3115 1
3120 1
3125 1
3137 1
3143 1
3151 1
3152 1
3159 1
3164 1
3168 1
3190 1
3196 1
3207 1
3211 1
3220 1
3224 1
3228 1
3232 1
3233 1
3261 1
3268 1
3270 1
3271 1
3273 1
3278 1
3305 1
3314 1
3352 1
3357 1
3372 1
3374 1
3375 1
3382 1
3384 1
3387 1
3403 1
3404 1
3407 1
3412 1
3426 1
3427 1
3428 1
3449 1
3451 1
3463 1
3481 1
3488 1
3495 1
3497 2
3498 2
3499 1
3505 1
3511 1
3540 1
3551 1
3558 3
3560 1
3566 1
3601 1
3603 1
3631 1
3635 1
3647 1
3648 1
3662 2
3716 1
3737 3
3740 1
3741 1
3743 1
3747 1
3754 1
3758 1
3761 1
3776 1
3779 1
3780 1
3812 2
3815 1
3817 1
3822 1
3823 1
3824 1
3828 1
3831 1
3833 1
3835 1
3872 1
3876 1
3913 1
3933 1
3934 1
3935 1
3951 1
4001 1
4005 1
4031 1
4034 1
4058 1
4072 1
4096 3
4118 1
4129 1
4139 1
4148 1
4163 1
4176 1
4180 1
4181 1
4192 2
4199 1
4228 1
4229 1
4236 1
4240 1
4250 2
4260 1
4271 1
4272 1
4296 1
4298 1
4316 1
4324 1
4329 1
4367 1
4369 1
4384 1
4413 1
4426 1
4429 1
4432 1
4452 3
4459 1
4461 1
4465 1
4480 1
4486 1
4488 1
4503 1
4518 1
4522 1
4559 1
4566 1
4575 1
4595 1
4602 1
4603 1
4608 7
4610 1
4626 1
4640 1
4643 1
4657 1
4667 1
4684 1
4691 1
4695 1
4699 1
4727 1
4729 2
4749 1
4810 1
4826 2
4849 1
4854 1
4860 1
4863 1
4864 1
4888 1
4929 2
4939 1
4944 1
4957 1
4986 1
5033 1
5036 1
5052 1
5054 1
5065 1
5066 1
5071 1
5076 2
5090 1
5119 1
5124 1
5141 1
5142 1
5160 1
5172 1
5185 1
5189 1
5209 1
5224 1
5229 1
5235 1
5272 3
5279 1
5291 1
5300 1
5308 1
5330 1
5338 1
5355 1
5356 1
5360 1
5366 1
5378 1
5379 1
5386 1
5394 1
5395 2
5396 3
5399 1
5400 1
5401 1
5405 1
5411 1
5420 1
5440 1
5460 1
5503 3
5504 1
5530 1
5548 1
5568 1
5573 1
5579 1
5584 1
5586 1
5591 1
5612 1
5636 1
5654 1
5663 1
5685 1
5708 1
5712 3
5726 1
5754 1
5783 1
5786 1
5792 1
5857 1
5893 1
5939 1
5946 1
5970 1
5979 1
5986 1
6007 1
6016 1
6106 3
6107 1
6120 2
6122 2
6126 1
6128 1
6133 3
6173 1
6205 1
6237 2
6252 2
6284 1
6289 1
6304 1
6315 1
6328 1
6340 1
6371 1
6377 1
6383 1
6387 1
6389 1
6398 1
6399 3
6408 1
6454 1
6465 1
6508 25
6511 3
6516 1
6529 1
6535 1
6561 1
6585 1
6596 1
6602 1
6613 1
6642 1
6644 1
6647 1
6668 1
6681 1
6704 1
6712 1
6720 1
6752 1
6753 1
6756 1
6763 1
6797 1
6801 1
6811 1
6846 1
6876 1
6888 1
6904 1
6907 1
6914 1
6955 3
6987 1
7001 1
7004 1
7008 1
7009 1
7012 1
7030 1
7040 1
7074 2
7133 1
7173 1
7174 2
7218 1
7226 1
7236 1
7268 1
7273 1
7316 1
7329 1
7342 1
7401 1
7415 1
7416 1
7432 1
7439 3
7447 3
7492 1
7496 1
7500 1
7524 1
7536 1
7564 2
7576 1
7588 1
7592 1
7593 1
7600 1
7615 1
7621 1
7632 1
7648 1
7652 1
7657 1
7658 1
7680 1
7683 3
7828 3
7843 1
7850 1
7863 1
7871 1
7967 1
7979 1
7980 1
7984 2
8062 1
8070 1
8104 3
8120 1
8142 1
8156 1
8160 1
8168 1
8176 1
8180 1
8192 5
8240 1
8256 1
8260 1
8282 1
8292 1
8300 1
8304 1
8308 1
8318 1
8322 1
8340 1
8350 1
8373 1
8376 1
8384 1
8387 1
8483 1
8503 1
8554 1
8564 1
8580 1
8606 1
8629 1
8682 1
8685 1
8705 1
8733 1
8736 1
8848 1
8900 1
8906 1
8915 1
8964 1
8972 1
9000 1
9061 1
9069 1
9088 1
9123 2
9152 1
9165 1
9169 1
9200 1
9204 1
9216 3
9227 1
9242 1
9262 1
9271 1
9280 1
9282 1
9361 1
9383 1
9384 1
9390 1
9397 1
9404 1
9408 1
9460 1
9472 27
9481 1
9482 2
9572 1
9578 1
9601 1
9608 1
9614 1
9632 1
9636 1
9663 1
9688 1
9692 1
9693 1
9730 1
9756 1
9770 2
9792 1
9793 1
9801 1
9852 1
9858 1
9880 1
9905 1
9928 1
10017 1
10020 1
10069 1
10080 1
10103 1
10152 1
10156 1
10188 1
10191 1
10197 1
10209 1
10214 1
10239 1
10392 1
10415 1
10417 2
10430 1
10436 1
10452 2
10524 1
10539 1
10620 1
10626 1
10698 1
10735 1
10801 1
10827 1
10884 1
10895 2
10912 1
10937 1
10944 1
11032 1
11119 2
11128 1
11179 1
11340 1
11401 1
11525 1
11536 1
11537 2
11544 1
11583 1
11636 1
11657 1
11699 1
11709 1
11736 1
11762 1
11791 1
11793 1
11843 1
11963 1
12016 1
12020 1
12044 1
12052 2
12107 1
12156 2
12204 2
12210 1
12212 1
12234 1
12236 1
12237 1
12299 1
12308 1
12310 1
12313 1
12377 1
12412 1
12456 1
12508 1
12546 1
12638 1
12678 1
12702 1
12729 1
12796 1
12812 1
12896 1
12940 2
12944 1
12948 1
12960 2
12963 1
12976 3
12978 1
13008 1
13142 1
13150 1
13153 1
13192 1
13206 1
13219 1
13265 1
13269 1
13350 1
13424 1
13435 1
13472 1
13478 1
13566 1
13597 1
13598 1
13624 2
13645 1
13732 1
13744 1
13771 1
13780 3
13864 1
13880 3
13884 1
14166 1
14239 1
14261 1
14324 1
14491 1
14509 1
14563 1
14624 1
14792 1
14808 2
14824 2
14912 1
14925 1
14953 1
14955 1
15032 1
15056 1
15073 1
15100 1
15131 1
15169 1
15172 1
15192 1
15217 1
15306 1
15352 1
15388 1
15406 1
15424 1
15456 1
15457 1
15470 1
15481 3
15484 1
15493 1
15525 1
15535 1
15550 2
15944 1
16058 1
16112 1
16117 1
16186 1
16276 1
16289 1
16291 1
16384 6
16432 1
16579 1
16588 1
16611 1
16633 1
16638 1
16721 1
16765 1
16769 1
16789 1
16794 1
16821 1
16828 1
16872 1
16910 1
16928 1
16940 1
17092 1
17096 1
17146 1
17197 2
17231 1
17308 1
17319 1
17376 1
17472 1
17484 1
17510 1
17644 3
17660 1
17872 1
17884 1
18020 1
18024 1
18049 1
18058 1
18176 1
18180 1
18193 1
18264 1
18314 1
18358 1
18383 1
18520 1
18538 1
18620 1
18639 2
18640 1
18980 2
19032 1
19107 1
19315 1
19380 1
19680 1
19688 1
19776 1
20160 1
20480 2
20487 1
20501 1
20528 1
20536 1
20546 1
20586 1
20630 1
20703 1
20735 1
20743 1
20812 1
20884 1
20905 2
21179 1
21292 1
21384 1
21659 1
21732 1
21764 1
22086 1
22468 1
22476 1
22477 1
22908 1
23024 1
23055 3
23068 1
23112 1
23232 1
23595 1
23596 1
23640 1
23759 1
23796 1
23932 2
23936 1
23976 1
24029 2
24032 1
24043 1
24064 1
24138 1
24205 1
24540 1
24561 1
24576 1
24660 1
24768 1
24839 1
24935 1
25004 1
25008 2
25032 1
25370 1
25424 1
25512 1
25539 1
25683 1
25968 1
25983 1
26037 1
26073 1
26141 1
26220 1
26320 1
26356 1
26743 3
26804 1
26897 1
27029 1
27212 1
27222 1
27236 2
27396 1
27404 1
27408 1
27428 1
27432 1
27436 3
27442 1
27448 1
27564 1
27626 3
27756 1
27760 2
27780 2
28231 2
28338 1
28366 1
28400 1
28456 1
28544 1
28558 1
28672 1
28728 1
28976 1
28984 1
29020 1
29125 1
29138 1
29576 1
29582 1
29645 1
29834 1
29920 1
30032 1
30041 1
30156 1
30169 1
30216 1
30236 3
30288 1
30289 1
30296 1
30340 2
30345 2
30720 5
30944 1
30991 1
31021 1
31089 1
31262 3
31348 1
31404 1
31432 1
31520 1
31574 1
31600 1
31794 1
31888 1
31949 1
32000 3
32380 2
32420 1
32792 1
33068 1
33184 2
33476 3
34004 1
34016 1
34059 1
34274 1
34342 2
34396 1
34415 1
34416 1
34492 1
34584 1
34724 1
34796 1
35152 1
35668 1
35684 1
35986 1
35990 1
36000 1
36008 1
36072 2
36075 1
36076 3
36204 3
36434 1
36483 1
36728 1
36784 1
36952 2
37044 1
37300 2
37415 1
37549 1
37872 1
37884 2
38244 1
38405 1
38645 1
38850 1
38863 1
39114 1
39359 1
39436 1
39444 1
39598 1
39784 1
40040 1
40080 1
40127 1
40200 1
40236 1
40300 1
40752 4
40840 1
40960 2
41376 1
41380 1
41518 1
41540 1
42032 1
42152 1
42202 1
42264 1
42306 1
42311 1
42312 1
42316 3
42335 1
42568 1
42713 1
42714 1
42919 1
42958 1
43392 1
43496 1
43556 1
43624 1
43695 1
43696 1
44384 1
44530 1
44660 1
44729 2
44752 1
44850 2
44858 1
44880 1
44979 1
45019 2
45175 1
45412 1
45488 2
45596 2
45728 1
45768 1
45776 1
45792 1
45858 1
45928 1
46104 1
46148 1
46248 1
46750 1
46804 1
47905 1
48039 2
48047 1
48164 1
48304 1
48320 1
48360 1
48364 1
48546 1
48636 1
48900 1
49124 1
49152 3
49193 1
49300 1
49367 3
49370 3
49468 1
49528 1
49596 1
49600 1
49922 2
49936 2
49996 4
50188 1
50206 2
50232 4
50248 1
50580 1
50772 1
50836 1
50854 1
50972 1
51244 1
51276 1
51284 1
51292 1
51492 1
51773 1
51774 1
51808 1
52420 1
52440 1
52520 1
52612 1
52662 1
52744 1
52884 1
53232 1
53416 1
53432 1
53468 1
53764 1
53772 1
53820 1
53852 1
54112 1
54172 1
54316 1
54679 1
54804 1
54924 1
54943 1
55224 1
55320 3
55404 1
55480 1
55968 1
56178 1
56628 1
56652 1
56896 1
57456 1
57859 1
57888 1
58267 1
58272 1
58712 1
58848 1
58888 1
58936 1
59487 1
59825 1
59956 1
60060 2
60422 1
60480 3
60564 1
60676 1
60748 1
60889 1
61224 1
61343 1
61776 1
61832 2
61908 1
61966 1
62000 1
62068 1
62251 1
62507 1
62528 1
63240 1
63425 1
63787 1
63880 1
64144 1
64756 1
64952 1
65536 5
65584 1
65805 1
65951 1
66076 1
66412 1
67095 1
67141 1
67384 1
67511 1
67587 1
67785 1
69205 1
69592 2
69869 1
70229 1
70537 1
70691 1
71551 1
71848 3
72347 1
73016 1
73955 1
74557 2
74876 1
75082 2
75512 1
75695 4
75772 1
75976 1
76104 1
77092 1
77661 1
79421 2
80164 1
80444 1
80950 2
81044 1
81360 2
81376 1
81457 1
81920 1
82728 1
83463 1
84265 1
84301 1
85230 1
85308 1
86377 1
88130 1
89748 1
89856 1
90608 1
91080 1
92038 1
92185 2
93516 1
94309 1
94448 10
94616 1
94720 1
94815 1
95951 1
97302 1
97936 1
98109 1
98544 14
98628 1
99207 1
99315 1
100608 1
102219 1
102400 3
102640 11
102668 1
103001 1
103514 1
104417 1
104566 1
104569 1
105575 2
106496 1
106736 1
106879 1
106925 1
107888 1
108125 1
108181 1
108261 1
109069 1
109575 1
109936 1
110576 1
110832 2
111160 1
111233 1
111800 1
112107 1
112708 1
113903 1
114080 2
114688 2
116064 1
116536 1
116767 1
118476 1
118938 1
120107 1
120172 1
121411 1
121744 1
121828 1
122336 1
122539 1
122880 1
123227 1
124171 1
125212 1
126441 1
126919 1
127258 1
128033 1
128940 1
131016 1
131072 4
132761 1
132854 1
133031 1
133105 1
133189 1
133404 1
134852 1
135845 1
136448 1
137599 1
137640 1
137790 1
139258 1
139504 1
141124 1
141344 1
143277 1
143360 1
143643 1
144148 1
144336 1
145685 1
145844 1
146152 2
146243 1
146380 1
146464 1
146477 1
146770 2
147095 1
147880 1
148384 1
148916 1
149065 1
149544 1
149890 1
149999 1
151296 1
153390 1
153418 1
153960 1
153967 1
155724 1
156213 1
157388 1
158720 5
158977 1
160038 1
160567 1
161188 1
163840 10
163977 1
164414 1
165864 2
166390 1
169191 1
169991 1
171387 1
172032 1
172033 1
172393 1
177860 1
178936 1
180068 1
180404 1
181329 1
184981 1
190183 1
192106 1
192183 1
193327 1
193425 1
195105 1
199389 1
199520 1
200944 1
202245 1
204627 1
207508 3
211618 1
211712 1
212097 1
212775 1
214128 1
214519 1
219565 1
222287 1
222469 1
224577 1
225820 1
229784 1
230525 1
237453 1
237510 1
239918 2
242560 1
244025 1
244763 1
247468 1
247496 1
248725 1
248984 1
249579 1
250233 1
251993 1
252224 1
256000 2
258654 1
262400 1
265259 1
268041 1
269284 1
271965 1
274238 1
282270 1
284011 1
284806 1
285198 1
285239 1
285569 1
287088 1
287094 1
287331 1
290165 1
290930 1
290934 1
291703 1
292472 1
292476 6
293227 1
293231 1
293247 1
294014 1
294018 3
294022 2
294112 1
294791 1
294794 2
294798 2
295569 1
295573 1
295816 1
295820 1
296344 1
296348 1
297119 1
297123 1
297894 1
297898 1
300112 1
300785 1
304096 1
306755 1
307119 1
307933 1
310794 1
311280 1
311868 1
318332 1
321164 1
321605 1
321765 1
322608 1
324178 1
324218 1
324589 1
327556 5
331858 1
340151 1
350912 2
361273 1
361532 1
362825 1
364029 1
365091 1
383481 1
389120 1
392293 1
393664 1
400169 1
402469 1
408995 1
425643 1
426513 1
438976 2
445024 1
448588 1
449326 1
450455 2
450560 1
451245 1
466944 1
473965 1
476172 3
484008 1
491520 3
492032 3
492433 1
493300 1
501039 1
510617 1
520980 1
522944 1
543220 1
560308 1
562612 1
588494 1
589824 1
591928 1
606153 1
609492 1
631444 2
631960 1
633529 1
634272 1
634276 1
635276 1
636044 2
640500 1
675417 1
680416 1
712960 1
716800 1
720432 1
720440 1
724291 1
728116 1
779320 1
785795 1
793628 3
797448 1
811248 1
819228 2
819712 3
849516 1
875812 1
908468 1
909212 1
943540 1
946764 2
961920 1
974208 1
981824 1
1000072 11
1043316 1
1044208 1
1048576 9
1066212 1
1075537 1
1091444 1
1092040 1
1149062 1
1302354 1
1310720 2
1316928 1
1359872 1
1443925 1
1455213 1
1532157 1
1597376 2
1674897 1
1688992 1
1745198 1
1755916 1
1833211 1
1864450 1
1938219 1
1943820 1
1971715 1
2020940 1
2048000 1
2100976 1
2161408 1
2194908 5
2367549 1
2401043 1
2457600 2
2503337 1
2540172 1
2563179 1
2598639 1
2818048 1
2818304 2
2840292 1
2840304 1
2842140 3
2979840 1
3203525 1
3299141 1
3571712 1
3581544 1
3581592 1
3655040 1
3702784 1
3948533 1
4194304 1
4233628 1
4733848 1
4808704 1
4873290 1
5417301 1
5684224 1
6076653 1
6584640 1
7757584 1
8123950 1
8192000 1
8388608 2
8452487 1
8501581 1
9474048 1
10635677 1
13953685 1
14286848 2
14811136 1
15058656 1
15984640 1
16646144 1
18823436 1
