0 5
2 3
3 2
4 2
8 1
10 1
11 3
13 1
22 3
40 1
41 1
46 1
47 1
63 1
72 1
83 1
88 1
94 1
106 1
123 1
134 1
140 1
141 1
148 1
153 1
171 1
200 1
220 1
255 1
263 1
273 1
277 1
285 1
297 1
324 1
352 1
364 1
411 1
413 1
414 1
428 1
512 40
533 1
564 1
614 1
642 1
648 1
663 2
754 1
799 1
825 1
828 1
861 1
1024 3
1035 1
1049 1
1113 1
1138 1
1591 1
1638 1
1691 1
1780 1
2011 1
2028 1
2048 1
2172 1
2176 1
2200 1
2332 1
2621 1
2991 1
2992 1
3117 1
3292 1
3697 1
4011 1
4299 1
4684 1
4739 1
5055 1
5062 1
5067 1
5467 1
5476 1
6077 1
8192 3
8231 1
8334 1
8365 1
9952 1
10882 1
11264 1
12739 1
17867 1
20848 1
32768 1
45947 1
65536 1
106496 1
140904 1
147456 1
152736 1
163840 1
180224 1
200752 1
311852 1
1802617 1
