0 70
1 4
4 1
7 2
8 2
9 1
10 3
11 4
12 5
13 7
14 8
15 9
16 7
17 7
18 12
19 5
20 6
21 3
22 4
23 4
24 2
25 4
26 3
28 1
29 2
30 1
31 3
32 4
33 2
35 3
37 4
38 2
40 1
41 1
43 1
44 3
46 2
47 4
50 3
51 1
52 1
54 4
56 2
57 4
58 3
59 1
60 2
62 2
63 2
64 1
65 3
66 2
67 1
70 3
71 1
72 2
73 2
74 2
75 7
76 1
77 3
79 1
80 1
81 2
82 2
84 2
86 5
87 2
89 3
92 3
93 1
94 1
96 1
97 1
99 3
100 1
101 4
102 2
105 1
106 2
108 7
110 2
111 2
112 3
113 4
114 7
115 2
116 1
117 1
118 5
119 5
120 3
121 1
122 6
123 2
124 8
125 1
126 2
128 1
129 2
130 3
131 5
132 3
133 2
135 1
136 2
137 2
138 3
139 3
140 1
141 1
142 2
143 2
145 2
147 3
149 3
150 6
151 6
152 1
153 6
154 5
156 1
158 2
159 5
160 2
161 3
162 2
163 1
164 4
165 1
166 1
167 4
168 2
169 2
171 8
173 1
174 5
176 2
177 3
178 7
179 3
181 1
182 2
183 3
184 4
185 4
186 6
189 1
190 2
191 2
192 3
193 4
194 2
195 1
196 3
197 1
199 4
200 4
201 1
202 3
203 4
206 3
207 1
208 7
209 2
210 2
211 3
212 2
213 4
214 6
216 2
217 1
218 1
219 3
220 1
221 5
222 2
224 2
226 2
227 2
228 3
229 1
230 3
231 3
232 4
233 4
235 1
236 8
237 1
239 3
240 1
241 1
242 2
243 2
244 1
245 1
246 3
248 4
250 2
251 3
252 1
253 2
254 1
255 3
256 2
258 1
259 1
260 1
261 4
262 3
263 2
264 3
265 1
266 2
267 4
268 1
270 6
271 2
272 2
273 2
274 2
275 1
276 3
277 1
278 1
279 4
280 3
282 2
283 7
284 3
285 7
286 4
287 3
288 1
289 2
290 2
291 2
292 3
293 3
294 4
295 2
296 4
298 3
299 1
300 2
302 2
303 5
304 4
305 2
306 3
307 2
308 2
309 3
311 1
314 1
315 2
316 1
317 1
319 1
320 3
321 1
322 5
323 1
325 3
326 8
327 1
329 1
330 2
331 1
334 4
336 2
338 1
340 2
342 2
343 1
344 3
346 2
347 2
348 1
349 3
350 3
352 1
353 1
354 1
355 2
356 2
357 3
360 1
361 2
362 1
364 4
365 4
366 1
367 1
368 1
369 1
370 3
373 1
375 1
376 3
377 1
378 4
379 2
380 6
381 2
383 1
384 4
385 1
386 1
387 1
388 3
389 3
390 2
393 1
395 1
396 2
398 4
400 2
401 2
403 5
404 2
405 1
406 1
407 1
408 1
409 1
410 2
412 2
413 2
414 1
416 4
417 3
419 1
420 5
421 1
422 6
423 1
424 5
425 2
426 3
429 1
430 3
431 4
433 2
435 2
436 4
437 1
438 3
439 2
440 1
441 4
442 4
443 2
444 1
445 2
447 1
448 2
449 3
451 2
453 3
454 1
455 8
456 2
458 1
460 1
462 1
464 1
465 1
467 1
469 1
471 6
472 2
473 2
474 3
475 5
476 1
477 1
478 1
479 1
480 2
481 2
482 1
483 2
484 1
485 4
487 2
489 2
490 1
492 2
493 3
494 4
495 1
497 1
498 3
499 4
500 4
501 1
502 2
503 2
504 3
505 6
506 3
507 1
508 8
509 5
510 1
511 1
512 291
513 3
514 3
515 1
516 2
517 3
518 3
519 1
521 5
522 4
523 2
525 1
526 4
529 3
530 1
531 2
532 3
534 3
535 1
536 2
537 5
538 4
539 1
540 5
541 2
542 1
543 3
544 4
545 2
546 3
547 3
548 2
550 5
552 1
554 4
555 3
556 1
557 2
559 2
562 4
563 5
565 2
566 1
567 1
569 1
571 1
572 1
573 1
574 3
577 1
578 2
579 2
580 3
582 1
583 2
584 1
585 1
587 1
588 3
589 1
590 2
592 2
593 1
594 5
595 3
596 2
599 1
600 1
601 2
602 2
603 4
604 3
605 1
606 3
608 2
609 3
610 2
611 1
613 2
614 4
615 5
616 5
617 1
618 2
619 4
620 1
621 3
622 4
623 3
624 1
625 1
626 2
627 1
628 2
630 9
631 1
632 2
634 2
635 12
636 3
637 5
638 1
640 3
641 3
643 1
644 3
646 3
648 1
649 2
650 2
651 3
655 1
656 4
657 3
658 1
659 1
660 2
661 1
663 1
664 1
665 1
666 1
667 3
668 2
670 2
671 1
672 1
673 2
675 2
676 1
677 2
678 2
681 1
683 1
684 1
685 4
686 3
689 1
691 5
692 1
693 1
694 3
695 2
697 3
702 4
703 1
704 3
705 1
706 2
707 2
709 2
710 2
711 1
712 1
713 3
714 2
715 2
716 2
717 3
718 3
719 1
720 1
722 2
724 2
725 4
726 1
727 3
728 1
730 2
731 5
732 4
734 1
735 3
736 4
737 1
738 1
739 5
740 1
741 1
743 2
744 1
747 3
748 4
750 3
751 1
752 1
753 2
754 3
755 1
756 2
760 2
761 1
762 4
763 1
765 2
766 2
769 1
770 4
771 1
772 1
773 2
775 2
777 2
779 4
780 1
781 4
782 1
783 8
784 1
785 1
786 5
787 6
788 1
789 4
790 1
792 3
796 2
798 1
799 1
800 1
801 1
802 5
804 1
806 1
808 3
809 4
811 3
812 3
813 3
814 3
815 5
816 1
817 2
820 1
821 2
822 1
823 1
824 5
825 2
826 2
827 3
828 1
829 2
830 3
831 3
832 1
833 3
834 1
836 2
837 2
838 3
839 2
840 1
841 2
843 3
844 2
845 4
846 1
847 3
848 1
849 4
850 2
851 4
853 1
855 1
856 1
857 2
859 2
860 2
861 3
863 1
864 6
865 2
866 5
867 5
870 2
871 2
872 1
873 3
874 2
876 2
878 1
879 1
881 1
882 5
883 2
884 1
885 1
886 1
887 1
891 1
892 4
895 2
896 4
897 2
898 3
902 1
903 2
904 1
905 1
906 1
908 2
910 3
911 1
912 1
913 1
914 1
915 1
916 2
918 1
920 3
921 1
923 1
926 3
928 2
929 3
931 3
932 2
933 2
935 2
937 1
938 1
939 3
940 3
942 1
943 1
944 5
946 1
947 1
948 6
950 3
953 1
954 2
959 1
960 1
961 3
962 1
964 1
965 1
966 3
969 1
970 2
973 1
974 1
975 1
976 2
978 1
979 1
980 2
981 1
982 2
984 2
985 3
987 2
989 1
991 2
992 1
994 1
995 3
996 2
997 4
999 2
1000 3
1002 1
1003 1
1005 1
1006 1
1007 2
1008 1
1009 1
1010 2
1011 3
1012 2
1014 1
1015 2
1016 1
1017 1
1019 2
1021 2
1022 1
1023 2
1024 44
1026 4
1027 2
1028 2
1029 2
1032 1
1034 1
1036 1
1037 1
1038 1
1039 2
1040 4
1041 3
1043 3
1044 1
1045 1
1046 1
1051 2
1053 1
1055 1
1056 1
1060 1
1061 1
1063 2
1065 1
1066 1
1067 2
1068 1
1069 2
1071 3
1072 1
1074 1
1075 4
1076 4
1077 3
1078 2
1079 1
1080 3
1081 1
1082 1
1083 1
1084 1
1085 1
1086 2
1087 1
1088 1
1089 3
1090 2
1091 2
1092 2
1093 1
1094 1
1096 1
1098 3
1099 3
1100 1
1101 1
1102 2
1103 1
1104 5
1106 3
1107 1
1108 1
1110 3
1112 3
1113 1
1114 1
1115 1
1116 1
1117 1
1118 1
1122 2
1124 1
1125 1
1126 3
1127 2
1129 1
1130 2
1131 1
1132 2
1134 4
1135 2
1136 1
1137 1
1139 1
1140 2
1141 2
1142 1
1143 1
1144 1
1145 1
1146 2
1147 4
1148 2
1149 3
1150 1
1154 1
1155 3
1157 2
1160 2
1161 1
1162 1
1163 2
1164 2
1165 1
1167 1
1168 1
1172 1
1173 2
1174 1
1176 1
1177 1
1178 5
1179 1
1180 1
1181 2
1182 1
1183 2
1184 1
1186 1
1187 1
1188 1
1190 3
1191 1
1192 2
1194 2
1195 1
1197 3
1199 1
1201 1
1204 2
1206 1
1207 2
1209 2
1210 1
1211 3
1216 3
1217 1
1218 1
1219 1
1220 2
1221 1
1222 1
1223 2
1224 7
1225 2
1226 5
1227 4
1229 3
1230 1
1231 1
1234 2
1235 2
1236 3
1238 2
1239 2
1241 1
1242 2
1243 2
1244 2
1245 2
1246 2
1248 3
1249 1
1250 1
1254 2
1255 1
1256 1
1260 2
1262 1
1263 4
1264 2
1265 5
1267 5
1268 3
1269 2
1272 3
1273 2
1275 1
1278 1
1279 1
1280 2
1283 1
1284 1
1285 4
1286 1
1287 2
1288 2
1290 2
1291 3
1292 2
1293 3
1294 1
1295 2
1296 5
1297 1
1298 1
1300 3
1301 1
1303 1
1306 2
1307 1
1308 2
1309 1
1312 2
1313 3
1314 6
1316 3
1317 3
1319 3
1320 1
1322 2
1324 2
1325 1
1326 1
1327 1
1328 6
1329 3
1330 4
1331 3
1332 1
1333 2
1334 2
1336 3
1337 3
1338 6
1339 4
1340 1
1341 1
1343 1
1344 1
1347 1
1348 2
1350 1
1354 3
1355 1
1356 2
1357 1
1360 1
1361 1
1363 1
1365 1
1367 1
1368 1
1369 3
1370 1
1372 2
1373 2
1375 2
1376 3
1377 3
1379 1
1380 1
1382 1
1384 1
1385 5
1386 1
1388 2
1390 1
1391 2
1392 5
1395 1
1396 1
1398 1
1399 2
1400 4
1401 2
1402 1
1403 1
1404 4
1405 2
1408 4
1409 1
1410 2
1411 1
1412 4
1413 1
1414 1
1415 1
1416 2
1417 2
1418 2
1420 2
1424 3
1425 1
1426 3
1428 2
1430 1
1431 1
1432 1
1433 1
1436 6
1437 3
1438 3
1439 1
1440 2
1442 1
1443 1
1444 1
1445 3
1446 5
1447 3
1448 2
1451 8
1452 2
1453 4
1455 1
1456 1
1457 7
1459 2
1460 1
1461 1
1462 1
1464 2
1465 2
1466 2
1467 1
1471 1
1472 4
1474 2
1476 3
1479 2
1481 4
1482 1
1485 1
1488 3
1489 2
1490 2
1491 1
1492 2
1493 1
1496 2
1499 1
1500 2
1502 1
1503 1
1504 2
1505 3
1507 2
1508 1
1510 4
1513 2
1514 3
1515 2
1516 1
1517 1
1518 5
1520 1
1521 2
1523 1
1524 1
1526 3
1528 16
1529 1
1530 1
1531 1
1532 1
1533 4
1535 1
1536 12
1537 3
1538 1
1539 2
1540 2
1541 1
1543 1
1544 3
1547 2
1548 5
1550 2
1552 1
1556 1
1558 3
1559 2
1560 3
1561 1
1564 1
1570 3
1573 1
1574 1
1575 3
1578 1
1579 2
1580 4
1581 2
1584 4
1585 2
1586 3
1587 1
1588 1
1589 1
1592 1
1593 1
1594 1
1595 3
1596 5
1598 1
1599 1
1600 4
1601 3
1602 1
1605 2
1606 1
1607 2
1608 3
1609 1
1611 2
1612 1
1613 3
1614 2
1619 2
1623 1
1624 3
1625 1
1626 2
1627 1
1628 2
1631 2
1632 3
1633 2
1634 3
1635 1
1636 4
1637 2
1641 1
1643 1
1644 2
1645 1
1646 2
1647 3
1650 2
1651 1
1652 2
1653 1
1655 4
1656 1
1657 1
1658 1
1660 2
1661 1
1662 2
1664 3
1665 2
1668 1
1671 1
1674 1
1675 1
1677 1
1678 1
1680 1
1681 1
1682 1
1683 1
1684 2
1687 1
1688 1
1689 1
1690 2
1692 1
1693 5
1695 1
1697 1
1698 3
1700 1
1704 1
1705 1
1708 1
1712 2
1713 5
1714 2
1715 3
1716 3
1719 1
1720 1
1721 1
1725 2
1727 1
1728 2
1730 2
1731 1
1732 2
1733 2
1734 1
1736 1
1739 1
1740 1
1741 1
1743 2
1744 4
1745 3
1747 1
1748 1
1752 1
1753 2
1755 1
1756 1
1757 4
1758 1
1760 3
1762 1
1763 2
1764 3
1766 3
1767 2
1768 3
1769 2
1770 2
1771 1
1774 2
1775 1
1776 1
1777 3
1778 2
1781 1
1783 2
1784 2
1786 2
1787 1
1792 3
1794 1
1797 1
1800 1
1801 1
1802 2
1804 3
1808 8
1809 1
1810 1
1811 3
1812 5
1813 1
1814 1
1816 11
1818 7
1819 1
1820 6
1821 1
1824 4
1825 8
1826 1
1828 2
1830 1
1831 1
1832 4
1833 5
1836 5
1838 1
1840 6
1842 1
1843 1
1844 8
1845 1
1846 1
1848 4
1852 1
1856 1
1859 2
1860 2
1861 1
1862 1
1865 1
1869 1
1870 1
1876 1
1878 2
1880 1
1881 1
1882 7
1885 1
1886 2
1888 2
1891 1
1892 1
1894 1
1896 2
1898 2
1899 2
1900 1
1901 1
1902 1
1904 2
1905 3
1908 1
1910 1
1912 2
1913 1
1916 3
1917 2
1918 1
1919 1
1920 1
1922 5
1925 1
1926 2
1929 3
1932 1
1933 7
1934 1
1936 2
1939 1
1940 2
1941 4
1942 2
1947 2
1948 1
1952 2
1954 1
1955 1
1959 2
1962 1
1964 1
1967 2
1968 2
1969 1
1971 1
1972 1
1973 1
1975 1
1976 2
1980 1
1984 2
1985 1
1986 1
1988 1
1989 1
1992 4
1993 1
1994 2
1995 1
1996 2
1998 3
1999 2
2000 6
2001 5
2004 2
2008 3
2011 1
2012 4
2015 1
2016 2
2019 1
2021 1
2024 1
2025 1
2028 2
2031 1
2032 4
2034 2
2038 3
2040 1
2042 1
2043 1
2047 1
2048 11
2049 1
2050 1
2051 2
2052 1
2053 1
2054 1
2055 1
2058 1
2062 3
2064 2
2066 1
2067 2
2068 1
2069 2
2070 1
2071 2
2074 1
2075 1
2076 1
2077 1
2080 1
2081 1
2083 1
2084 4
2089 1
2091 1
2092 2
2093 1
2095 1
2096 3
2098 1
2099 2
2100 1
2102 2
2103 1
2104 1
2105 1
2108 1
2109 1
2115 1
2118 1
2121 1
2122 2
2123 2
2124 3
2125 1
2126 2
2127 1
2128 5
2130 3
2131 1
2134 2
2136 2
2139 6
2140 4
2141 1
2144 1
2146 1
2147 2
2148 1
2151 1
2153 1
2154 2
2155 1
2156 2
2157 1
2159 1
2160 1
2164 6
2166 1
2168 2
2169 1
2170 1
2172 1
2173 1
2174 3
2175 1
2176 4
2177 6
2178 2
2179 2
2180 1
2183 3
2185 3
2186 1
2187 1
2188 1
2189 2
2190 1
2191 3
2192 2
2193 2
2195 1
2199 2
2200 4
2203 2
2206 2
2208 2
2209 1
2212 4
2214 1
2215 1
2216 2
2223 2
2225 1
2226 1
2229 1
2231 1
2233 2
2234 3
2236 1
2237 5
2238 1
2239 1
2240 1
2243 1
2244 1
2248 2
2249 1
2250 2
2251 2
2252 1
2257 1
2260 4
2264 2
2266 1
2271 2
2276 2
2280 1
2281 2
2283 1
2285 1
2288 2
2290 1
2291 1
2292 2
2296 1
2297 1
2299 2
2303 1
2304 3
2306 3
2308 1
2309 2
2310 1
2311 1
2312 2
2313 2
2316 2
2317 1
2318 3
2319 1
2320 1
2321 1
2323 1
2324 2
2325 2
2326 3
2328 2
2330 1
2332 3
2333 1
2335 1
2337 2
2339 3
2340 1
2341 3
2345 2
2346 1
2347 1
2349 1
2351 1
2352 1
2356 1
2357 2
2359 1
2360 2
2361 1
2364 3
2368 2
2372 1
2373 1
2376 1
2382 2
2383 1
2385 2
2388 1
2390 1
2392 1
2394 1
2397 1
2399 1
2400 1
2402 1
2403 1
2404 1
2406 1
2407 1
2408 1
2410 1
2411 1
2415 1
2420 1
2421 1
2424 1
2426 3
2427 1
2431 1
2433 1
2434 1
2436 1
2439 1
2442 2
2443 1
2444 1
2445 1
2447 3
2452 1
2453 4
2454 1
2458 1
2460 2
2462 1
2463 1
2466 2
2467 1
2468 2
2471 2
2476 2
2477 2
2482 1
2485 1
2487 1
2488 2
2495 1
2496 2
2497 1
2498 2
2500 2
2504 2
2505 1
2506 1
2511 1
2513 2
2514 1
2519 1
2523 1
2524 1
2527 1
2532 1
2540 1
2544 1
2545 1
2546 1
2548 1
2551 1
2552 1
2556 3
2560 4
2562 1
2563 1
2568 2
2569 1
2571 1
2572 3
2573 1
2578 1
2582 1
2583 1
2589 4
2592 1
2597 1
2600 1
2604 2
2606 1
2607 1
2608 1
2609 1
2620 1
2621 1
2625 1
2627 1
2630 1
2632 1
2633 1
2638 1
2640 1
2647 1
2650 1
2653 2
2654 1
2656 1
2658 1
2659 1
2660 1
2663 1
2666 1
2670 2
2672 1
2673 1
2674 1
2681 1
2683 1
2684 1
2696 2
2700 1
2702 1
2703 1
2704 1
2711 1
2712 1
2714 1
2715 1
2716 1
2719 1
2721 1
2723 1
2727 1
2728 1
2729 2
2732 1
2735 1
2744 1
2750 2
2751 2
2752 1
2753 1
2756 1
2761 1
2766 1
2768 3
2769 1
2770 1
2772 1
2779 2
2781 1
2782 1
2785 1
2791 1
2795 1
2801 1
2804 1
2805 2
2807 1
2813 1
2824 1
2825 2
2826 2
2827 1
2836 1
2839 2
2840 1
2841 1
2842 1
2844 1
2846 1
2848 1
2855 1
2857 1
2859 4
2863 1
2864 1
2866 1
2879 2
2880 1
2884 2
2887 1
2889 2
2890 1
2895 2
2899 1
2902 1
2905 2
2906 3
2907 2
2909 3
2910 1
2911 1
2913 2
2914 2
2915 1
2922 1
2928 2
2930 1
2931 1
2938 1
2939 2
2940 1
2941 1
2944 2
2949 1
2950 1
2951 1
2958 2
2963 1
2965 1
2966 1
2967 2
2974 1
2975 3
2978 3
2979 1
2981 2
2982 2
2983 2
2984 1
2985 1
2989 1
2991 1
2992 1
2995 1
2996 2
2998 1
3000 1
3006 1
3008 1
3013 1
3014 1
3018 1
3020 1
3023 1
3026 1
3035 1
3038 2
3039 1
3041 1
3042 2
3047 1
3051 2
3058 1
3060 2
3065 1
3066 1
3068 1
3069 1
3070 1
3077 1
3082 1
3083 1
3086 1
3088 1
3090 1
3098 1
3099 1
3104 1
3108 2
3109 1
3112 1
3113 1
3114 1
3120 1
3122 3
3124 1
3127 1
3131 1
3133 1
3134 1
3135 2
3141 1
3143 1
3147 1
3150 1
3159 1
3160 1
3164 1
3165 1
3166 2
3171 1
3179 1
3181 2
3186 1
3191 1
3193 1
3195 1
3197 2
3198 1
3201 1
3208 2
3212 1
3213 1
3214 3
3215 1
3217 2
3218 1
3220 1
3225 1
3229 1
3232 2
3235 1
3239 1
3243 1
3246 4
3248 2
3254 1
3255 1
3257 1
3259 1
3261 1
3263 1
3264 2
3270 2
3272 1
3275 1
3280 3
3284 1
3287 2
3288 1
3291 1
3296 1
3302 1
3303 1
3304 2
3311 1
3312 1
3320 1
3322 2
3324 1
3328 1
3332 2
3338 2
3340 2
3347 1
3350 1
3361 1
3363 3
3368 1
3370 1
3373 1
3375 1
3376 2
3379 1
3380 2
3381 1
3383 1
3384 1
3388 4
3391 1
3392 1
3393 1
3395 1
3399 5
3400 1
3401 1
3402 2
3403 2
3407 1
3408 1
3410 1
3415 1
3416 1
3419 1
3421 1
3423 2
3424 3
3425 1
3427 1
3431 2
3432 1
3433 1
3439 1
3440 1
3442 1
3443 1
3444 1
3445 1
3449 1
3451 1
3455 2
3457 1
3458 1
3459 1
3463 1
3466 2
3470 2
3472 1
3488 1
3489 1
3490 1
3498 1
3501 1
3502 1
3506 2
3507 1
3508 2
3509 2
3510 1
3511 2
3516 2
3517 1
3518 1
3522 1
3523 1
3530 1
3533 2
3536 2
3537 1
3540 1
3543 1
3548 1
3559 1
3563 1
3565 1
3568 2
3577 1
3584 2
3590 1
3591 1
3593 1
3596 1
3601 1
3604 1
3610 1
3613 1
3614 1
3616 1
3622 3
3623 3
3629 1
3630 1
3634 1
3638 1
3640 2
3643 1
3645 2
3652 1
3654 1
3657 1
3663 1
3664 1
3667 1
3669 1
3672 1
3673 1
3686 1
3690 2
3692 2
3695 3
3699 1
3702 2
3708 1
3709 1
3710 1
3714 1
3717 2
3718 1
3732 1
3733 1
3735 1
3738 1
3740 1
3743 1
3744 1
3746 4
3748 1
3752 2
3759 1
3760 1
3764 1
3774 1
3780 1
3781 1
3784 3
3785 1
3786 2
3787 1
3793 1
3795 1
3796 1
3802 10
3805 1
3810 1
3811 2
3816 1
3821 1
3823 1
3826 2
3830 4
3831 1
3833 1
3834 1
3837 1
3839 1
3840 1
3859 1
3867 1
3868 1
3870 1
3871 1
3873 1
3875 3
3880 1
3888 1
3902 1
3904 1
3905 1
3908 1
3912 3
3916 1
3917 2
3919 1
3920 1
3921 2
3929 1
3930 1
3932 1
3941 3
3942 1
3945 1
3947 1
3948 1
3951 1
3952 1
3957 1
3958 1
3963 1
3964 1
3967 1
3968 1
3970 1
3974 1
3976 1
3980 1
3986 1
3987 1
3989 1
3993 2
4000 1
4010 1
4019 1
4020 1
4029 1
4040 1
4048 1
4053 2
4059 1
4062 1
4064 1
4065 1
4068 1
4071 1
4080 1
4081 1
4083 1
4084 2
4086 1
4092 1
4093 1
4095 2
4096 1
4100 1
4107 1
4115 2
4121 1
4130 1
4132 1
4134 1
4135 2
4137 1
4139 1
4140 1
4142 1
4147 1
4148 1
4151 1
4153 1
4156 1
4158 1
4162 2
4163 1
4166 1
4174 2
4189 1
4191 1
4194 1
4195 1
4197 1
4202 1
4215 1
4218 1
4219 1
4227 1
4233 1
4239 1
4244 1
4248 1
4250 2
4271 2
4273 2
4274 1
4275 1
4278 1
4280 1
4283 1
4290 2
4291 1
4299 1
4300 1
4303 1
4305 2
4306 1
4312 2
4313 1
4315 1
4318 1
4320 2
4325 2
4326 1
4329 1
4332 2
4337 1
4339 2
4344 3
4351 1
4353 1
4360 1
4362 1
4366 1
4370 1
4376 2
4378 1
4380 1
4383 1
4391 1
4392 3
4394 1
4399 1
4400 1
4401 1
4402 1
4411 2
4412 2
4417 1
4424 1
4430 1
4432 1
4434 1
4436 1
4441 1
4442 1
4444 1
4447 1
4448 1
4454 1
4471 1
4472 1
4476 1
4479 1
4482 1
4483 1
4487 1
4488 1
4491 1
4495 1
4498 1
4499 1
4510 1
4512 1
4515 1
4525 1
4526 1
4527 1
4528 2
4530 1
4537 1
4543 1
4544 1
4549 1
4550 1
4552 1
4553 1
4556 1
4558 3
4560 1
4565 1
4569 1
4570 1
4575 1
4583 1
4586 1
4587 1
4597 1
4603 1
4604 1
4608 1
4609 1
4611 1
4613 1
4614 2
4616 1
4622 1
4623 1
4624 1
4629 1
4631 1
4632 1
4633 1
4643 1
4644 1
4648 2
4649 1
4651 1
4656 1
4657 2
4660 2
4663 1
4669 3
4672 1
4676 1
4678 1
4680 1
4683 1
4684 1
4688 1
4692 1
4703 1
4704 1
4708 1
4711 1
4713 1
4716 1
4720 2
4721 1
4730 1
4737 2
4739 1
4750 1
4751 1
4755 1
4760 1
4764 1
4766 1
4770 1
4774 1
4788 1
4789 1
4799 2
4803 2
4807 1
4809 1
4825 1
4828 1
4831 1
4836 1
4842 1
4847 1
4852 1
4864 1
4866 1
4867 1
4875 2
4876 2
4882 1
4886 1
4887 1
4893 1
4895 2
4896 1
4901 1
4904 2
4906 1
4914 2
4917 1
4918 1
4920 1
4922 1
4924 3
4925 1
4928 1
4933 3
4934 2
4935 1
4940 1
4941 1
4949 1
4954 1
4955 1
4962 1
4968 3
4972 1
4976 1
4979 1
4984 1
4985 1
4986 1
4996 1
4997 1
5000 1
5005 1
5008 1
5009 1
5010 1
5011 2
5013 1
5015 1
5016 2
5031 1
5032 1
5045 1
5048 1
5053 1
5055 1
5059 2
5060 1
5062 2
5068 1
5073 1
5076 3
5077 1
5088 1
5095 1
5097 1
5098 1
5103 1
5104 1
5106 1
5111 2
5112 1
5114 1
5115 1
5125 1
5130 1
5133 1
5142 1
5143 2
5144 1
5145 1
5147 1
5151 1
5155 2
5156 1
5157 1
5160 1
5165 1
5166 2
5167 1
5171 1
5177 1
5178 1
5182 1
5188 3
5199 3
5205 1
5210 2
5214 1
5218 1
5220 1
5221 4
5222 2
5225 1
5229 1
5232 3
5236 1
5240 2
5241 1
5243 2
5244 1
5246 1
5248 1
5255 1
5260 1
5265 1
5268 1
5275 1
5280 1
5287 2
5292 1
5298 1
5323 1
5326 1
5327 1
5331 1
5332 1
5335 1
5336 1
5338 2
5340 1
5341 2
5351 3
5355 1
5363 1
5374 1
5375 2
5382 1
5387 1
5395 1
5399 2
5403 1
5407 1
5408 1
5410 1
5411 1
5413 1
5414 1
5423 1
5428 1
5437 4
5438 1
5440 1
5442 1
5443 4
5448 1
5457 1
5463 1
5473 1
5491 2
5495 1
5496 1
5500 1
5516 2
5526 2
5527 1
5529 1
5531 1
5534 1
5538 1
5555 1
5563 1
5572 1
5580 2
5581 1
5597 1
5608 1
5609 1
5616 1
5628 1
5632 3
5634 2
5635 1
5645 1
5651 1
5658 1
5664 2
5679 1
5680 1
5682 1
5686 1
5687 1
5689 1
5696 1
5699 1
5705 2
5716 1
5729 2
5733 1
5735 2
5743 1
5745 1
5746 1
5747 3
5749 1
5751 2
5756 2
5757 2
5762 3
5766 1
5768 1
5771 1
5774 1
5777 1
5779 1
5796 1
5797 1
5802 1
5805 1
5806 2
5807 3
5810 1
5811 3
5813 1
5814 1
5840 1
5841 2
5842 1
5846 1
5848 1
5852 1
5853 2
5854 5
5859 1
5864 1
5874 1
5880 1
5898 1
5908 2
5909 1
5916 1
5929 1
5934 1
5943 1
5964 1
5972 1
5976 1
5984 2
5990 1
5999 1
6000 1
6001 1
6002 2
6005 1
6008 1
6009 1
6014 1
6015 4
6016 1
6018 1
6037 2
6041 1
6046 1
6054 1
6067 1
6068 1
6069 3
6073 1
6074 1
6075 1
6080 2
6082 1
6093 2
6106 1
6109 1
6119 2
6128 1
6130 1
6137 2
6144 1
6145 3
6147 1
6155 1
6158 1
6166 2
6171 1
6182 2
6190 1
6199 2
6224 1
6229 1
6232 1
6244 1
6252 1
6263 1
6283 1
6299 1
6301 1
6303 2
6307 1
6314 1
6321 2
6328 3
6330 1
6332 1
6337 1
6338 1
6347 2
6348 1
6353 1
6356 1
6360 1
6364 1
6366 2
6372 1
6377 1
6380 1
6381 1
6384 1
6389 1
6392 1
6409 1
6410 1
6422 1
6425 1
6430 1
6450 1
6457 1
6463 1
6473 1
6487 1
6500 1
6518 1
6522 1
6528 1
6535 1
6537 1
6543 2
6545 1
6547 1
6549 1
6552 1
6554 1
6559 1
6569 1
6570 1
6596 1
6605 3
6606 1
6609 1
6613 1
6622 2
6626 2
6632 1
6633 2
6635 1
6640 1
6642 1
6656 1
6667 1
6682 1
6692 1
6702 1
6703 1
6704 1
6724 1
6725 2
6737 1
6740 1
6744 1
6747 1
6760 1
6788 1
6800 1
6809 1
6810 2
6815 1
6816 1
6827 1
6831 1
6832 1
6839 1
6847 1
6855 2
6860 1
6865 1
6875 1
6879 1
6884 1
6890 1
6895 1
6897 1
6921 1
6924 1
6949 1
6950 2
6963 1
6968 1
6971 1
6978 3
6985 1
6987 1
6989 1
6993 1
6996 2
7000 1
7010 1
7015 1
7023 1
7040 1
7042 1
7043 1
7052 1
7056 1
7064 2
7078 2
7081 1
7087 1
7088 1
7092 1
7101 2
7114 1
7115 1
7129 1
7138 1
7147 1
7154 1
7160 1
7168 2
7182 1
7195 2
7205 2
7206 1
7208 1
7212 4
7217 1
7218 1
7226 1
7232 2
7243 2
7250 1
7264 1
7265 1
7270 1
7278 1
7295 2
7297 1
7302 1
7321 1
7325 1
7328 1
7334 1
7351 1
7360 1
7363 1
7366 1
7370 1
7393 1
7399 1
7401 1
7403 1
7413 1
7427 1
7433 1
7444 1
7460 1
7471 1
7485 1
7486 1
7497 1
7500 1
7501 1
7510 1
7511 1
7522 1
7533 1
7535 1
7540 1
7550 2
7551 1
7555 1
7569 1
7575 2
7609 1
7625 1
7640 1
7642 1
7687 1
7696 1
7712 1
7732 1
7783 1
7803 1
7805 1
7809 1
7824 1
7828 1
7864 1
7865 1
7875 1
7883 1
7887 1
7890 1
7905 1
7910 1
7916 1
7925 1
7935 1
7953 1
7961 2
7975 1
7982 1
7985 1
8001 1
8008 1
8020 1
8025 1
8036 1
8059 1
8060 1
8090 1
8092 1
8096 1
8120 1
8141 1
8148 1
8151 1
8152 1
8155 1
8163 1
8172 1
8176 1
8180 1
8189 1
8192 3
8197 1
8198 1
8224 1
8232 1
8244 1
8252 1
8254 1
8281 1
8314 1
8316 1
8345 1
8350 1
8364 1
8368 1
8378 1
8383 1
8408 1
8411 1
8420 1
8422 4
8431 1
8437 1
8442 1
8459 1
8460 1
8475 1
8478 1
8513 1
8517 1
8533 2
8537 1
8544 1
8546 1
8564 1
8576 1
8586 2
8588 1
8590 1
8594 2
8596 1
8603 2
8628 1
8648 1
8652 1
8663 1
8669 1
8708 1
8716 1
8724 1
8767 1
8776 1
8780 1
8781 1
8807 1
8814 1
8818 1
8842 2
8853 1
8863 1
8892 1
8896 1
8926 1
8931 1
8932 1
8943 1
8970 1
8975 1
9022 1
9035 4
9040 1
9042 1
9043 1
9082 1
9087 1
9091 1
9092 1
9101 1
9104 1
9106 1
9107 1
9133 1
9144 1
9156 1
9160 1
9163 3
9178 1
9191 1
9205 1
9211 1
9213 1
9219 1
9238 2
9242 1
9253 1
9254 1
9255 1
9256 1
9261 1
9270 1
9272 1
9312 1
9315 1
9316 1
9318 2
9325 1
9331 1
9333 1
9341 1
9355 1
9363 1
9390 1
9394 1
9402 2
9424 1
9431 1
9444 1
9446 1
9466 1
9475 1
9485 1
9499 1
9515 1
9517 1
9521 1
9535 1
9575 1
9588 2
9593 1
9600 1
9634 1
9638 1
9650 1
9654 1
9663 1
9676 1
9679 1
9699 1
9720 1
9741 1
9767 1
9769 1
9821 1
9822 1
9825 1
9830 1
9841 1
9843 1
9847 1
9849 1
9853 1
9854 1
9866 2
9876 1
9877 1
9882 1
9884 1
9885 4
9902 1
9904 3
9924 1
9928 1
9956 1
9961 1
9965 2
9973 1
9980 2
9982 1
9990 2
9999 1
10003 1
10005 1
10008 1
10010 1
10018 2
10022 2
10037 1
10048 1
10111 1
10139 1
10147 1
10151 1
10154 1
10160 1
10164 1
10170 1
10190 1
10208 1
10227 1
10229 1
10233 1
10235 1
10240 2
10244 1
10246 1
10280 1
10303 2
10321 1
10327 1
10328 1
10345 1
10352 1
10357 1
10360 1
10388 1
10414 1
10475 1
10488 1
10501 1
10516 1
10534 1
10542 1
10549 1
10559 1
10562 1
10566 1
10567 1
10587 1
10598 1
10643 1
10653 1
10667 1
10668 1
10669 2
10670 2
10682 1
10716 1
10724 1
10732 1
10758 1
10778 1
10788 1
10799 1
10807 1
10811 2
10835 4
10838 1
10874 1
10891 1
10912 1
10913 1
10916 1
10957 1
10981 1
10983 1
11012 1
11027 1
11052 1
11072 1
11087 1
11096 1
11108 1
11125 1
11135 1
11136 1
11147 1
11148 1
11222 1
11232 1
11239 1
11256 1
11264 3
11269 1
11277 1
11286 1
11304 1
11305 1
11345 1
11358 1
11384 1
11402 1
11423 1
11424 1
11450 1
11538 1
11544 1
11576 1
11701 1
11733 1
11740 1
11782 1
11825 1
11842 1
11847 1
11860 1
11886 1
11890 1
11908 1
11927 1
11951 1
11956 1
11993 1
11996 1
12026 1
12048 1
12049 1
12050 3
12065 1
12085 1
12087 1
12093 1
12101 1
12109 1
12110 2
12126 1
12174 1
12187 2
12189 1
12230 1
12252 1
12284 1
12288 1
12319 1
12358 1
12386 1
12473 1
12495 1
12509 1
12537 1
12544 3
12590 1
12596 1
12610 1
12618 1
12722 1
12744 1
12748 1
12757 1
12770 1
12778 1
12821 1
12866 1
12872 1
12874 1
12916 1
12930 1
12948 1
12990 1
12998 1
13023 1
13080 1
13082 1
13104 1
13106 4
13107 1
13178 1
13202 1
13203 1
13210 1
13268 1
13298 1
13303 1
13330 1
13346 1
13361 1
13370 1
13374 2
13385 1
13394 1
13426 2
13466 1
13486 1
13490 3
13493 1
13527 1
13534 1
13566 1
13586 1
13592 2
13610 1
13614 1
13617 1
13626 2
13634 1
13682 1
13706 1
13707 1
13730 2
13748 1
13773 1
13781 1
13802 1
13812 1
13821 1
13859 1
13870 1
13905 1
13935 1
13973 2
13982 1
13999 1
14026 1
14062 1
14078 2
14090 1
14125 1
14131 1
14165 1
14200 2
14220 2
14231 1
14247 1
14248 1
14254 1
14284 1
14306 1
14322 1
14336 2
14347 1
14498 1
14512 1
14526 1
14566 1
14582 1
14594 1
14607 1
14617 1
14657 1
14679 1
14681 1
14736 1
14755 1
14780 1
14813 1
14889 1
14894 1
14923 1
14941 1
14978 1
14996 2
15041 1
15092 1
15097 1
15112 1
15127 1
15146 1
15156 1
15162 1
15164 1
15168 1
15172 1
15175 1
15187 1
15194 1
15195 1
15210 1
15223 2
15225 1
15226 1
15236 1
15237 1
15241 1
15245 1
15267 1
15268 1
15272 1
15325 1
15348 1
15358 1
15360 1
15362 1
15405 1
15417 1
15426 1
15432 1
15439 1
15442 1
15448 2
15451 1
15457 1
15459 1
15460 1
15468 1
15474 2
15475 1
15485 1
15494 1
15498 1
15510 1
15518 2
15548 1
15554 1
15564 1
15570 1
15575 1
15579 1
15591 1
15598 1
15625 1
15642 1
15649 1
15660 1
15662 1
15666 1
15686 1
15696 1
15698 1
15711 1
15724 1
15751 1
15773 1
15793 1
15794 1
15872 2
15920 1
15969 1
15990 1
16005 1
16035 1
16036 1
16051 1
16062 1
16081 1
16177 1
16184 1
16282 1
16302 1
16329 1
16379 1
16384 3
16430 1
16493 1
16528 1
16605 1
16611 1
16643 1
16655 1
16741 1
16749 1
16845 1
16850 1
16925 1
16986 1
16990 1
16992 1
17022 1
17098 1
17100 1
17122 1
17128 1
17149 1
17173 1
17189 1
17217 1
17258 1
17290 1
17302 1
17323 1
17403 1
17408 2
17412 1
17505 1
17567 1
17576 1
17582 1
17607 1
17610 1
17627 1
17651 1
17689 1
17754 1
17775 1
17924 1
17936 1
17937 1
17938 1
17942 1
17952 1
17968 1
17988 1
17989 1
17992 2
18037 1
18062 1
18083 1
18176 1
18228 1
18231 1
18248 1
18288 1
18397 1
18406 1
18432 3
18514 1
18550 1
18645 1
18665 1
18684 1
18686 1
18891 1
18929 1
18939 1
18999 1
19028 1
19059 1
19118 1
19121 1
19136 1
19176 1
19205 1
19244 1
19267 1
19342 1
19355 1
19385 1
19431 1
19456 1
19518 1
19562 1
19649 1
19666 1
19723 1
19848 1
19887 1
19936 1
19939 1
19994 1
19996 2
20038 1
20166 1
20283 1
20295 1
20426 1
20480 1
20517 1
20535 1
20755 1
20775 1
21047 2
21093 1
21096 1
21121 1
21125 1
21130 1
21134 1
21142 1
21218 1
21221 1
21229 1
21288 1
21325 1
21346 1
21389 1
21397 1
21422 1
21428 2
21456 1
21688 1
21782 2
21867 1
21894 1
21955 1
22147 1
22254 1
22373 1
22435 1
22447 1
22505 1
22568 1
22604 1
22647 1
22652 1
22660 1
22682 1
22750 1
22859 1
22912 1
22973 1
23042 1
23239 1
23306 1
23477 1
23564 1
23691 1
23724 1
23854 1
23923 1
23946 1
23979 1
23989 1
23996 1
24107 1
24129 1
24153 1
24206 1
24425 1
24486 1
24576 12
24765 1
24780 1
24869 1
24901 1
24909 1
24986 1
24987 1
25039 1
25136 1
25209 1
25265 1
25301 1
25413 1
25439 3
25549 1
25616 1
25623 1
25658 2
25674 1
25709 1
25770 1
25978 1
25988 1
26109 1
26126 1
26145 1
26179 1
26205 1
26247 1
26379 1
26452 1
26520 1
26548 1
26697 1
26787 1
26798 1
26879 2
27024 1
27027 1
27106 1
27243 1
27324 1
27495 1
27499 1
27552 1
27580 1
27631 1
27652 1
27669 1
27718 1
27799 1
27963 1
28137 1
28172 1
28472 1
28623 1
28644 1
28830 1
29073 1
29574 1
29613 2
29627 1
29732 1
29808 1
30055 1
30164 1
30324 1
30481 1
30518 1
30532 1
30684 1
30722 1
30767 1
30926 1
30948 1
30958 1
31067 1
31163 1
31174 1
31255 1
31258 1
31342 2
31390 1
31623 1
31750 1
31787 1
31894 1
32012 1
32016 1
32113 2
32160 1
32186 1
32356 1
32400 1
32434 1
32456 1
32469 1
32728 1
32768 23
32778 1
33025 1
33414 1
33427 1
33484 1
33618 1
33620 1
33669 2
33683 1
33738 1
33872 1
33878 1
33986 1
33996 1
34043 1
34436 1
34504 1
34666 1
34922 1
34926 1
35031 1
35257 1
35277 1
35840 2
36035 1
36057 1
36093 1
36360 1
36392 1
36417 1
36543 1
36726 1
36837 1
36842 1
36961 1
37077 1
37171 1
37230 1
37241 1
37376 1
37399 1
37407 1
37502 1
37985 1
38138 1
38157 1
38242 1
38332 2
38537 1
38649 1
39218 1
39355 1
39641 1
39727 1
40038 1
40111 1
40322 1
40604 1
40664 1
40673 1
40676 1
40747 1
40960 12
41041 1
41172 1
41174 1
41256 1
41258 1
41461 1
41951 2
42007 1
42297 2
42438 1
42581 1
42614 1
42958 1
42966 1
43020 1
43329 1
43520 1
43580 1
43630 2
43658 1
43799 1
43827 1
43958 1
43967 1
44030 1
44032 1
44033 1
44043 1
44283 2
44360 1
44495 1
44785 1
44906 1
44912 1
45696 1
45700 1
45869 1
45945 1
45996 1
46024 1
46352 1
46402 1
46592 1
46729 1
46731 1
46804 1
46902 1
47330 1
47461 2
47482 1
47529 1
47550 1
47561 1
48075 1
48146 1
48195 1
48316 1
48329 1
48456 1
48478 1
48504 1
48568 1
48623 1
48749 1
48939 1
49003 1
49102 1
49152 6
49410 1
49657 1
49730 1
49955 1
50005 1
50287 1
50368 1
50373 1
50390 1
50491 1
50671 1
50718 1
50953 1
50966 2
51092 1
51114 1
51293 1
51354 1
52165 1
52188 1
52257 1
52630 1
52748 1
53129 1
53132 1
53168 1
53962 1
53986 1
54857 1
55237 2
55238 1
55444 1
55548 1
55613 1
55867 1
55944 3
55978 1
56003 1
56033 1
56242 1
57344 6
57602 1
57789 1
57828 1
57874 1
58008 1
58432 1
59106 1
59273 1
59336 2
59700 1
59792 1
59851 1
59854 1
59940 1
59961 1
60197 1
60296 1
60323 1
60429 1
60482 1
60928 1
61650 1
62344 1
62362 1
62464 1
63021 1
63582 1
63700 1
63712 1
64264 1
64522 1
64992 1
65270 1
65536 2
65801 1
66827 1
66965 1
67489 1
67879 1
67967 1
68036 1
68661 1
68877 1
68926 1
69176 1
70477 1
70481 1
70558 1
70573 1
70684 1
71402 2
71523 1
71831 1
72395 1
72670 1
72911 2
72950 1
73035 1
73452 1
73728 3
74976 1
75041 1
75390 1
75889 1
76461 1
77816 1
77824 2
78022 1
78297 2
78388 1
78434 1
78709 1
78823 1
79117 1
81859 1
81920 8
82113 1
84020 1
84356 1
84746 1
85735 1
86254 1
86528 1
86899 1
87365 1
87678 1
88056 1
88832 1
89331 1
89391 1
89608 1
90112 5
90223 1
90795 1
91497 1
91756 1
92060 1
92578 1
92619 1
93184 1
93374 1
94585 1
96175 1
96464 1
96477 1
97195 1
97582 1
97642 1
98304 3
98420 1
102337 1
103041 1
103070 1
104284 1
106132 1
106496 2
106869 1
107581 1
107755 1
107788 1
112844 1
113970 1
114688 3
116961 1
117189 1
117437 1
117478 1
117884 1
117996 1
119607 1
120030 1
121431 1
121720 1
122629 1
122880 3
122917 1
124238 1
124999 1
128197 1
129328 1
129772 1
129997 1
130717 1
131072 7
131410 1
133960 1
134911 1
135637 1
136098 1
139264 1
139444 1
142962 1
143754 2
143853 2
147456 4
147558 1
151062 1
152610 1
152635 1
152896 1
155648 3
156851 1
158726 1
158920 1
159221 1
161254 1
162379 1
162718 1
163502 1
163744 1
163840 2
164610 1
172032 4
172104 1
172551 1
173374 1
174063 1
175471 1
178136 1
180224 5
181692 1
182224 1
182389 1
182561 1
184083 1
185788 1
186151 1
186555 1
187249 1
188416 1
193398 1
194739 1
196608 6
199892 1
205797 1
212217 1
212732 1
214410 1
219536 1
220013 1
220458 1
221488 1
222654 1
227518 1
228673 1
240312 1
253747 1
254434 1
260826 1
270336 2
271195 1
275316 1
275419 1
286412 1
286720 6
286963 1
288917 1
294912 3
318849 1
323684 1
329518 1
333908 1
335396 1
335872 1
340321 1
348788 1
351289 1
376832 1
383409 1
391748 1
392643 1
396128 1
406831 1
411024 1
450596 1
501274 2
528703 1
549996 1
555381 1
557056 3
563324 1
598016 2
614400 2
630784 2
636825 1
637347 1
671744 2
708265 1
729088 1
881467 1
917977 1
1027014 1
1459715 1
1627087 1
1971660 1
3693069 1
4915200 1
5632853 1
6438912 1
