0 5
1 7
2 1
3 1
4 1
6 3
7 1
11 1
14 68
15 44
16 25
17 60
18 7
19 9
20 6
23 1
24 6
25 1
27 7
29 4
30 3
31 1
32 3
33 1
34 3
35 3
36 3
38 1
39 1
40 1
42 2
44 1
46 1
47 1
48 10
49 19
50 39
51 60
52 82
53 73
54 114
55 113
56 139
57 91
58 112
59 75
60 82
61 55
62 55
63 43
64 41
65 31
66 25
67 30
68 23
69 17
70 11
71 13
72 6
73 6
74 4
75 3
76 2
77 5
78 2
79 5
80 3
81 1
82 2
83 2
87 1
88 1
90 2
91 2
93 2
94 1
95 2
97 1
98 1
99 3
102 1
104 2
105 1
107 1
111 1
112 2
113 2
115 1
119 1
120 1
121 1
122 1
124 2
128 3
132 1
135 2
137 2
139 1
140 3
141 2
142 2
144 1
149 3
150 3
152 1
153 1
156 2
158 1
159 1
160 2
161 1
162 2
163 2
164 3
165 1
167 2
170 1
172 2
176 2
178 1
180 3
181 1
182 1
194 1
196 1
198 1
200 5
205 3
207 1
209 1
210 1
215 2
216 1
217 1
220 1
221 1
222 1
223 2
224 2
226 2
228 2
231 1
232 2
235 1
236 5
238 2
240 1
241 1
244 1
248 1
249 1
250 1
251 1
252 1
254 1
255 1
256 56
257 2
264 2
265 1
269 2
272 2
274 1
275 3
276 2
278 1
280 3
285 1
286 1
288 1
293 5
294 1
296 5
297 2
299 2
302 1
303 2
304 1
305 2
306 2
308 4
309 1
310 1
316 1
317 1
319 1
320 1
327 1
328 3
333 1
334 2
336 2
340 3
345 1
347 1
348 1
350 2
351 1
354 1
356 1
359 1
363 2
364 4
367 1
368 1
369 1
370 1
374 1
375 1
376 1
377 1
379 1
380 3
381 2
385 3
386 2
387 3
388 2
392 2
396 2
399 2
401 3
402 2
404 1
405 1
408 1
410 1
411 1
412 1
413 2
418 1
419 1
420 1
424 1
426 1
427 2
429 1
434 1
436 1
437 1
441 4
446 1
447 1
448 1
450 2
451 2
456 1
457 1
458 1
459 1
460 3
463 1
464 1
466 1
468 1
472 2
473 1
475 2
477 1
478 1
479 1
481 1
482 1
483 1
484 1
485 1
486 1
488 2
489 1
490 1
493 2
494 2
497 3
499 1
500 1
501 2
503 3
505 1
507 2
508 2
510 1
511 1
512 368
513 2
514 2
515 1
516 2
519 1
520 2
521 2
524 1
525 1
530 2
534 1
539 2
540 4
541 1
542 1
544 3
547 1
550 3
552 3
553 1
555 2
556 2
559 2
560 1
562 3
563 1
564 1
566 1
567 3
568 1
569 1
571 7
572 4
573 1
574 2
576 2
577 1
579 1
580 7
583 1
584 3
585 1
587 1
588 2
589 8
590 7
592 2
593 1
596 3
597 1
599 2
600 1
601 2
603 1
604 2
608 4
610 1
611 2
612 2
615 2
617 2
619 1
623 1
625 1
626 1
629 1
630 1
631 2
632 1
636 1
637 1
638 2
641 1
642 2
643 3
644 1
645 2
647 1
648 5
649 3
650 2
651 3
653 3
654 1
655 2
656 3
658 1
659 2
660 2
661 1
662 1
664 1
668 1
669 2
671 3
672 3
673 1
675 2
677 3
678 6
679 2
680 1
681 1
682 1
683 6
684 4
685 2
686 2
687 2
688 4
690 3
691 2
692 1
693 1
694 2
695 1
696 7
697 4
698 1
699 1
700 2
701 1
702 5
703 4
704 3
705 1
706 4
707 2
709 1
710 4
711 1
712 3
713 1
714 5
715 1
716 6
717 4
718 3
719 2
720 5
721 4
722 2
724 2
726 4
727 10
728 4
729 1
730 4
731 3
732 6
733 4
734 1
735 1
736 2
737 5
739 1
740 3
741 4
742 1
743 5
744 10
745 3
746 13
747 5
748 8
749 5
750 1
751 1
752 3
753 7
754 3
755 3
757 3
758 2
759 7
760 3
761 3
763 4
764 2
765 3
766 3
767 2
768 2
769 3
770 6
771 2
772 1
773 1
774 3
775 1
776 4
777 3
778 1
779 2
781 3
782 2
783 1
784 1
785 4
786 3
787 3
788 3
789 1
790 1
791 4
792 2
793 1
794 4
795 5
796 6
797 4
798 3
799 3
800 4
801 4
802 5
803 7
804 5
805 5
806 2
807 1
808 5
809 1
810 1
811 3
812 5
813 4
814 2
815 3
816 4
817 5
818 4
819 1
820 3
821 2
822 2
823 4
824 1
825 5
826 5
827 2
828 5
829 2
830 2
831 5
832 1
833 4
834 3
835 2
836 6
837 4
838 2
839 1
840 2
841 4
842 5
843 3
844 1
845 1
846 2
847 2
848 1
849 4
851 2
852 3
853 5
854 3
855 1
856 5
857 2
858 3
859 2
860 2
861 6
862 3
863 1
864 3
865 2
866 3
867 7
868 3
869 4
870 1
871 5
872 5
873 1
874 4
875 2
876 2
877 2
878 1
879 1
880 3
881 2
882 2
883 3
884 4
886 2
887 1
888 3
889 3
890 5
892 4
894 1
895 3
896 2
897 1
899 1
900 5
901 1
902 1
903 4
904 3
905 5
906 3
907 6
910 2
911 7
912 1
913 3
914 3
915 1
916 3
917 2
918 2
919 1
920 6
922 4
923 7
924 2
926 3
927 3
928 2
929 4
930 1
931 3
932 3
934 2
935 4
936 4
937 1
938 2
939 4
940 1
941 3
942 3
943 1
944 6
945 2
946 2
947 3
948 4
949 4
950 3
951 3
952 4
953 3
954 1
955 2
956 1
957 2
960 8
961 1
962 3
963 3
964 2
965 7
966 1
967 3
968 5
969 2
970 1
971 2
972 3
973 6
974 2
975 2
976 2
977 1
978 1
979 2
980 4
981 1
983 2
984 8
985 3
987 4
989 2
990 2
991 2
992 2
993 2
995 2
996 1
997 2
998 2
999 2
1000 2
1001 4
1002 2
1003 1
1006 2
1007 7
1008 3
1009 1
1010 3
1011 1
1013 3
1014 1
1015 2
1016 5
1017 5
1018 2
1020 1
1021 2
1022 2
1024 38
1025 4
1027 5
1028 2
1029 2
1030 3
1031 2
1032 1
1033 1
1034 4
1035 1
1037 4
1038 2
1039 2
1041 3
1043 1
1044 5
1045 2
1046 3
1047 4
1048 3
1049 1
1050 3
1051 1
1052 3
1053 2
1054 2
1055 1
1056 2
1059 3
1060 2
1061 1
1062 3
1063 4
1064 4
1065 5
1068 1
1069 1
1071 1
1072 3
1073 2
1074 1
1077 3
1078 4
1079 3
1081 1
1082 3
1084 2
1085 1
1086 1
1088 1
1089 4
1091 2
1092 2
1093 4
1095 3
1096 1
1097 2
1098 1
1099 2
1100 2
1102 1
1103 1
1105 5
1107 3
1108 2
1109 1
1111 2
1112 3
1113 1
1114 3
1115 1
1116 2
1117 5
1119 1
1120 3
1122 1
1123 1
1124 1
1129 3
1130 2
1132 5
1133 1
1136 1
1137 1
1138 1
1139 1
1140 1
1141 3
1142 2
1144 1
1145 3
1146 3
1147 3
1148 1
1149 2
1151 5
1153 1
1154 2
1157 1
1158 1
1159 1
1160 1
1161 1
1163 4
1164 4
1166 2
1167 1
1168 1
1169 1
1170 2
1171 1
1172 3
1175 2
1177 1
1179 5
1180 5
1182 4
1183 1
1185 4
1186 3
1188 3
1189 1
1190 1
1191 1
1193 3
1194 1
1195 2
1196 1
1197 1
1199 2
1200 1
1201 1
1202 1
1203 1
1204 2
1205 1
1207 1
1208 3
1209 4
1210 1
1212 1
1213 1
1216 5
1217 2
1221 2
1222 1
1223 1
1224 4
1225 4
1227 2
1230 4
1233 1
1234 2
1236 1
1238 5
1239 2
1240 2
1241 2
1242 1
1243 1
1244 1
1245 2
1246 3
1248 5
1249 2
1250 2
1251 1
1252 3
1253 2
1254 2
1256 1
1257 3
1258 2
1260 3
1261 3
1262 1
1263 2
1264 2
1265 1
1266 2
1268 1
1269 4
1270 3
1271 2
1274 4
1275 1
1276 1
1277 1
1278 2
1279 2
1280 1
1281 2
1282 1
1283 1
1284 1
1285 2
1286 2
1288 2
1290 4
1291 1
1293 1
1294 1
1295 2
1296 2
1297 1
1298 1
1299 5
1300 2
1303 3
1304 1
1305 1
1306 1
1307 2
1308 1
1310 1
1311 1
1313 1
1316 1
1317 1
1318 1
1320 4
1321 1
1323 1
1324 6
1325 1
1326 2
1327 3
1328 5
1329 1
1330 1
1332 3
1335 1
1336 2
1337 3
1338 3
1339 2
1340 2
1342 1
1343 1
1344 1
1346 1
1349 1
1350 1
1352 2
1353 2
1354 2
1355 1
1356 1
1358 1
1359 1
1360 3
1361 1
1362 1
1364 4
1365 1
1366 2
1367 5
1368 3
1369 1
1370 1
1371 2
1372 2
1374 1
1376 4
1377 6
1378 8
1379 1
1380 5
1381 2
1386 2
1387 2
1389 3
1391 2
1397 1
1398 2
1399 1
1400 2
1401 2
1402 5
1405 2
1406 3
1407 3
1408 1
1410 1
1411 1
1412 1
1413 1
1414 1
1415 1
1417 5
1418 1
1419 2
1421 2
1422 2
1426 5
1427 1
1428 3
1429 2
1431 3
1433 1
1435 1
1436 3
1437 1
1438 8
1439 2
1441 2
1442 3
1443 1
1444 2
1445 2
1448 1
1449 2
1450 2
1451 4
1452 3
1455 8
1456 6
1457 1
1458 3
1459 2
1460 4
1461 1
1462 1
1463 3
1464 1
1466 2
1467 3
1468 3
1469 3
1470 1
1471 1
1472 2
1473 3
1474 1
1475 3
1476 2
1477 1
1479 3
1480 1
1481 2
1483 1
1485 7
1486 3
1488 1
1489 2
1490 2
1491 1
1492 1
1494 2
1495 5
1496 1
1497 1
1498 3
1499 2
1500 3
1501 1
1502 1
1503 1
1504 1
1505 1
1506 1
1507 5
1508 1
1509 4
1510 3
1511 4
1512 3
1515 1
1516 2
1517 2
1518 3
1521 2
1522 3
1523 1
1524 2
1526 2
1527 2
1528 1
1529 2
1531 2
1532 1
1534 8
1535 1
1536 8
1537 1
1538 1
1540 1
1541 3
1543 3
1544 2
1545 4
1546 1
1547 1
1549 2
1550 1
1551 3
1552 4
1553 2
1554 3
1555 4
1556 2
1557 1
1558 3
1559 4
1560 2
1561 1
1562 3
1564 4
1565 1
1566 1
1567 3
1568 2
1569 2
1570 1
1571 1
1575 1
1576 2
1578 2
1579 1
1580 3
1581 3
1584 2
1585 1
1587 2
1588 1
1589 1
1591 1
1592 2
1593 2
1595 2
1598 2
1599 2
1601 1
1602 1
1603 2
1605 1
1610 2
1612 2
1613 3
1614 1
1615 1
1616 7
1617 2
1618 2
1621 1
1622 1
1623 1
1625 1
1626 2
1627 1
1628 2
1630 2
1631 2
1632 6
1633 3
1634 3
1635 1
1636 2
1637 3
1640 1
1641 4
1643 1
1644 5
1645 3
1646 1
1648 3
1649 2
1650 1
1652 1
1653 1
1654 3
1655 1
1656 2
1657 1
1658 3
1660 1
1661 1
1663 3
1664 3
1665 2
1666 1
1668 2
1672 2
1673 1
1675 1
1676 3
1677 1
1678 2
1680 1
1682 1
1683 3
1684 1
1685 3
1686 1
1688 2
1690 2
1691 3
1694 1
1696 2
1697 2
1698 1
1699 2
1701 2
1703 1
1705 4
1706 4
1707 1
1708 2
1710 1
1711 1
1714 1
1716 2
1719 1
1720 2
1721 4
1724 2
1728 2
1732 4
1733 1
1734 4
1735 2
1738 1
1739 1
1740 3
1742 2
1744 1
1745 3
1747 1
1750 2
1751 2
1752 1
1753 2
1754 1
1757 1
1760 3
1761 2
1762 1
1763 4
1764 1
1766 1
1768 1
1770 1
1771 1
1772 2
1773 1
1774 1
1777 2
1778 1
1779 1
1780 1
1782 1
1784 2
1785 1
1790 1
1793 2
1794 4
1795 3
1796 1
1798 2
1800 2
1801 1
1802 1
1803 1
1805 1
1808 3
1809 1
1810 2
1811 1
1812 1
1816 2
1818 2
1820 4
1824 3
1826 2
1828 1
1829 1
1830 1
1831 2
1832 1
1835 3
1837 3
1838 1
1839 7
1840 1
1841 2
1843 3
1844 4
1846 1
1847 2
1848 1
1851 1
1852 1
1854 1
1855 3
1856 1
1857 6
1859 6
1861 3
1862 1
1864 3
1866 1
1868 2
1869 1
1871 1
1872 4
1880 1
1881 1
1883 1
1884 2
1886 1
1888 1
1890 1
1891 1
1892 1
1894 3
1896 2
1898 2
1899 1
1901 1
1902 1
1903 1
1908 1
1910 1
1911 1
1912 1
1914 1
1916 2
1917 1
1919 1
1922 2
1923 1
1927 2
1928 2
1929 1
1933 16
1936 2
1937 1
1939 1
1945 1
1948 1
1949 1
1950 3
1951 1
1952 3
1953 3
1955 1
1959 1
1961 1
1962 1
1964 1
1966 2
1967 2
1970 1
1971 2
1974 1
1975 1
1976 1
1978 2
1979 2
1984 3
1985 1
1986 1
1988 1
1989 2
1991 1
1992 1
1994 1
1997 6
2000 1
2001 1
2002 4
2006 2
2009 2
2010 1
2011 1
2013 1
2014 1
2015 1
2019 1
2020 4
2024 3
2026 2
2028 3
2029 1
2030 1
2031 1
2032 3
2035 1
2037 1
2038 1
2042 1
2043 1
2044 1
2045 2
2048 20
2051 1
2052 2
2053 2
2056 2
2057 3
2058 4
2060 4
2061 2
2062 1
2063 1
2064 2
2066 2
2067 1
2068 1
2070 3
2072 2
2075 1
2078 2
2079 1
2080 1
2088 2
2089 2
2090 1
2091 1
2092 1
2095 1
2096 4
2097 2
2098 1
2101 1
2102 1
2103 1
2104 1
2106 1
2107 1
2109 1
2112 3
2113 2
2114 1
2115 3
2116 2
2117 3
2119 1
2122 2
2123 1
2126 1
2128 1
2129 2
2130 1
2132 2
2134 1
2135 1
2136 2
2137 3
2138 1
2142 2
2143 1
2144 3
2145 1
2148 1
2149 2
2152 2
2153 3
2155 1
2156 1
2157 2
2158 1
2159 3
2164 3
2165 1
2168 1
2169 1
2170 1
2176 2
2178 1
2180 1
2182 2
2184 1
2186 2
2187 1
2190 1
2192 1
2195 1
2196 2
2198 1
2202 2
2203 1
2208 2
2213 1
2214 3
2215 1
2216 2
2220 4
2221 1
2225 1
2227 1
2228 3
2230 3
2231 3
2232 2
2233 2
2234 1
2236 1
2237 2
2239 2
2240 1
2243 1
2246 2
2248 2
2252 2
2255 1
2263 1
2264 1
2265 1
2266 1
2267 1
2269 3
2272 1
2274 1
2276 1
2280 1
2281 3
2282 4
2283 1
2284 3
2286 2
2288 1
2291 1
2296 1
2299 1
2300 1
2302 1
2304 1
2307 1
2308 1
2309 3
2310 3
2313 2
2316 1
2320 1
2323 1
2324 3
2325 1
2328 3
2329 1
2330 1
2332 2
2333 1
2336 2
2340 1
2344 1
2345 1
2347 2
2350 1
2352 8
2354 1
2356 2
2357 1
2358 1
2359 1
2360 1
2362 1
2363 3
2364 1
2365 1
2367 2
2368 1
2369 2
2370 1
2371 1
2373 1
2374 3
2375 1
2376 3
2377 1
2380 2
2384 1
2389 2
2391 2
2393 1
2396 1
2400 1
2401 1
2403 1
2404 1
2406 1
2407 1
2409 1
2411 4
2413 1
2419 1
2420 1
2422 1
2424 1
2426 1
2429 1
2432 1
2434 1
2435 1
2436 1
2437 3
2438 1
2441 1
2442 1
2444 1
2446 1
2448 1
2449 1
2451 1
2452 2
2453 3
2456 2
2459 2
2463 1
2466 1
2469 1
2473 1
2475 2
2476 1
2481 1
2484 1
2487 3
2489 1
2490 1
2492 2
2493 1
2494 1
2495 1
2496 2
2498 1
2499 1
2507 7
2512 1
2513 3
2516 2
2518 2
2519 3
2520 2
2521 1
2525 3
2527 2
2528 1
2529 1
2531 1
2532 1
2533 1
2535 2
2540 1
2541 1
2551 1
2554 2
2555 1
2558 1
2559 2
2560 7
2561 2
2565 2
2567 1
2569 1
2570 1
2571 1
2575 2
2576 1
2577 1
2580 2
2581 2
2584 2
2590 1
2593 1
2594 2
2595 1
2596 1
2597 3
2598 1
2600 2
2603 2
2604 1
2605 3
2607 1
2609 1
2610 1
2611 1
2615 1
2616 2
2618 1
2619 1
2622 2
2625 2
2628 3
2630 1
2632 2
2634 2
2635 1
2637 2
2638 2
2640 1
2641 1
2642 2
2643 1
2644 2
2649 1
2651 1
2652 1
2653 1
2655 1
2658 2
2662 4
2664 1
2668 1
2669 2
2670 2
2672 1
2673 1
2676 1
2678 1
2682 1
2687 2
2689 1
2690 1
2692 2
2695 4
2696 2
2697 1
2702 1
2704 1
2705 1
2708 1
2710 1
2711 1
2712 1
2713 1
2717 2
2719 1
2720 2
2725 1
2726 1
2729 1
2730 1
2731 3
2734 1
2737 1
2738 2
2739 2
2742 1
2745 1
2746 1
2747 1
2748 1
2750 3
2751 2
2754 1
2756 3
2761 1
2762 1
2765 3
2766 2
2767 3
2768 1
2770 1
2771 2
2772 1
2777 1
2779 1
2786 1
2790 1
2791 2
2793 1
2796 1
2801 1
2804 1
2808 5
2811 1
2813 1
2815 1
2816 2
2818 1
2821 1
2825 1
2828 2
2829 1
2832 1
2833 1
2834 1
2836 1
2839 1
2840 2
2841 1
2842 1
2844 1
2845 1
2847 1
2849 1
2852 1
2853 1
2856 1
2860 2
2863 1
2864 1
2869 1
2870 1
2871 2
2872 2
2874 1
2876 1
2877 2
2882 3
2884 1
2885 2
2888 2
2891 2
2895 1
2896 1
2897 3
2900 2
2901 2
2904 1
2905 2
2907 3
2908 2
2911 1
2912 1
2914 1
2915 1
2916 2
2917 1
2918 3
2919 2
2920 1
2922 1
2923 1
2927 3
2928 3
2929 1
2930 1
2932 5
2937 3
2939 1
2942 1
2943 1
2945 2
2948 1
2953 2
2955 1
2956 3
2958 1
2961 2
2965 1
2966 1
2969 1
2970 1
2971 1
2973 2
2976 1
2977 3
2978 1
2979 2
2982 2
2983 1
2985 1
2987 3
2991 1
2992 1
2993 1
2996 1
2997 1
2999 1
3000 1
3001 1
3003 2
3005 2
3007 1
3008 1
3011 1
3012 3
3013 2
3014 2
3016 4
3020 2
3021 1
3023 1
3024 1
3025 1
3031 1
3032 1
3033 2
3036 2
3037 1
3039 2
3040 1
3045 2
3047 1
3048 1
3049 2
3051 1
3054 2
3056 2
3059 2
3064 1
3067 1
3068 3
3069 1
3071 1
3072 4
3073 3
3075 1
3076 2
3077 1
3079 1
3082 1
3086 1
3088 1
3089 1
3091 4
3094 2
3100 1
3104 2
3106 1
3108 2
3109 2
3112 1
3113 1
3115 1
3116 3
3119 1
3121 1
3122 2
3123 2
3128 1
3130 1
3132 2
3134 1
3137 2
3141 2
3142 1
3143 1
3146 1
3148 1
3150 1
3151 1
3152 1
3153 2
3155 2
3159 1
3161 2
3162 1
3166 1
3167 1
3168 3
3171 1
3172 1
3174 2
3175 1
3176 1
3177 1
3181 1
3184 1
3186 1
3196 1
3200 1
3203 2
3204 2
3206 2
3208 1
3212 2
3214 1
3219 1
3223 1
3226 1
3230 1
3231 2
3232 1
3235 1
3240 3
3241 2
3245 2
3246 1
3248 2
3249 2
3252 1
3254 1
3255 1
3263 1
3269 2
3271 1
3274 3
3277 4
3278 1
3280 1
3282 2
3283 1
3287 1
3290 1
3292 2
3296 1
3298 1
3300 2
3301 2
3305 1
3307 1
3317 3
3319 2
3321 2
3322 4
3326 2
3328 1
3329 1
3330 1
3331 1
3332 1
3340 1
3347 1
3348 2
3349 4
3350 1
3351 2
3353 1
3354 1
3357 2
3360 2
3363 1
3364 1
3366 1
3367 2
3368 1
3370 2
3371 1
3375 1
3378 1
3379 3
3383 3
3385 3
3386 2
3388 2
3392 2
3394 1
3400 1
3401 1
3404 2
3407 1
3408 1
3411 1
3415 3
3416 1
3418 1
3419 1
3421 1
3422 1
3426 1
3429 1
3431 1
3433 1
3438 1
3440 2
3444 4
3447 1
3448 2
3450 3
3452 2
3464 1
3468 1
3469 1
3470 1
3473 1
3477 2
3479 2
3485 1
3487 1
3488 3
3489 3
3491 2
3492 1
3496 2
3497 2
3498 2
3500 1
3503 1
3506 1
3507 1
3508 1
3510 1
3512 3
3514 2
3515 1
3519 1
3520 4
3523 1
3524 1
3525 1
3526 1
3529 2
3533 2
3535 2
3537 1
3538 1
3541 1
3543 1
3544 1
3547 1
3548 1
3549 1
3550 2
3551 1
3554 1
3555 1
3556 1
3557 2
3558 1
3559 1
3564 2
3568 2
3571 1
3572 1
3575 2
3579 1
3584 6
3589 1
3592 1
3593 2
3595 2
3596 1
3600 4
3603 1
3610 1
3611 3
3612 2
3615 1
3618 1
3621 1
3632 1
3637 1
3641 1
3647 1
3650 1
3652 1
3653 3
3656 1
3657 1
3659 1
3660 1
3661 1
3664 1
3665 1
3667 1
3668 2
3670 1
3674 2
3676 1
3677 1
3680 1
3683 3
3684 2
3691 1
3693 1
3694 1
3696 1
3698 1
3700 1
3701 1
3702 1
3705 1
3706 1
3712 1
3716 1
3720 2
3722 1
3723 1
3727 1
3730 2
3732 1
3736 1
3737 1
3740 1
3741 3
3744 2
3748 1
3752 1
3753 1
3756 4
3757 1
3761 1
3763 1
3764 2
3765 2
3766 1
3768 1
3769 1
3772 2
3774 2
3775 1
3777 3
3781 1
3783 2
3785 2
3790 1
3793 1
3796 2
3802 1
3804 1
3805 1
3806 1
3811 1
3812 1
3813 1
3815 1
3819 3
3820 1
3822 1
3826 1
3828 1
3832 1
3834 2
3836 2
3837 2
3839 1
3840 2
3846 1
3847 1
3848 1
3850 1
3852 5
3853 4
3856 1
3857 2
3861 2
3863 2
3864 3
3865 1
3866 1
3869 1
3872 3
3873 1
3876 1
3884 1
3886 3
3888 1
3891 2
3892 1
3893 1
3904 1
3905 2
3908 1
3910 1
3914 1
3916 1
3917 1
3920 4
3925 2
3931 1
3933 1
3936 2
3939 2
3941 1
3942 2
3944 1
3946 1
3949 2
3953 1
3957 2
3958 1
3963 1
3964 2
3968 1
3969 1
3979 1
3983 1
3984 1
3985 1
3987 1
3988 1
3989 1
3991 1
3995 1
3996 1
3999 1
4000 2
4003 1
4007 1
4010 1
4014 1
4022 1
4024 1
4025 1
4027 1
4028 2
4031 1
4037 1
4040 2
4051 1
4053 1
4058 2
4064 1
4066 3
4074 1
4079 1
4080 2
4083 2
4084 1
4086 1
4088 3
4090 1
4092 1
4094 1
4096 3
4097 1
4099 2
4105 1
4106 1
4110 2
4112 1
4113 1
4116 1
4118 2
4120 1
4123 5
4132 1
4136 2
4137 1
4139 1
4146 1
4147 1
4149 1
4152 1
4157 2
4160 1
4162 1
4165 1
4167 1
4173 1
4176 2
4178 1
4179 1
4180 1
4182 2
4184 1
4188 2
4193 1
4197 1
4198 2
4200 1
4201 1
4202 1
4204 2
4207 3
4214 1
4218 1
4219 1
4226 1
4228 1
4236 1
4239 1
4240 1
4241 1
4243 1
4247 1
4252 1
4254 1
4260 1
4268 1
4272 1
4273 1
4274 2
4280 2
4282 1
4288 1
4289 1
4290 1
4292 2
4297 2
4301 1
4302 1
4306 1
4312 1
4314 2
4315 1
4317 1
4318 1
4325 1
4326 1
4327 2
4328 3
4330 1
4332 2
4334 1
4336 1
4342 1
4345 1
4348 1
4352 1
4354 1
4361 1
4364 1
4366 1
4369 2
4374 1
4377 1
4378 1
4380 2
4381 1
4384 4
4385 1
4386 1
4388 1
4390 1
4396 2
4402 1
4406 1
4408 1
4409 3
4417 2
4420 1
4421 1
4422 1
4424 1
4427 3
4428 1
4431 1
4432 1
4436 2
4437 1
4439 1
4440 1
4445 1
4446 1
4447 1
4452 1
4454 2
4466 1
4468 1
4471 1
4476 2
4479 1
4480 1
4481 2
4484 1
4487 1
4488 2
4498 1
4501 1
4503 1
4505 1
4507 1
4508 2
4509 1
4515 1
4522 1
4525 2
4528 1
4529 3
4534 1
4543 1
4544 1
4545 2
4552 1
4553 1
4558 2
4565 1
4567 1
4568 2
4571 1
4576 1
4578 1
4581 1
4591 1
4598 1
4599 1
4602 1
4608 1
4610 3
4614 1
4616 1
4621 2
4622 1
4624 1
4625 1
4626 2
4632 1
4633 1
4635 2
4640 2
4648 2
4660 1
4664 3
4665 1
4670 1
4679 1
4690 2
4692 3
4696 2
4697 1
4703 2
4705 1
4708 2
4709 1
4712 1
4714 3
4724 1
4730 1
4733 1
4737 1
4740 1
4741 1
4744 1
4748 1
4751 1
4756 1
4758 1
4765 1
4768 1
4776 1
4778 1
4783 1
4786 1
4787 1
4790 1
4802 1
4809 2
4811 1
4812 1
4814 1
4815 1
4817 1
4821 1
4824 1
4835 1
4840 1
4841 2
4842 1
4847 1
4848 1
4849 1
4852 1
4855 2
4859 1
4862 3
4864 1
4872 1
4878 2
4880 2
4881 2
4890 2
4897 1
4900 2
4901 1
4904 1
4905 1
4912 1
4917 1
4918 1
4919 1
4922 1
4924 1
4929 3
4937 1
4938 2
4940 1
4946 1
4949 1
4955 2
4957 3
4960 1
4963 2
4965 2
4977 1
4979 1
4981 1
4982 1
4983 1
4985 3
4987 1
4990 2
4993 1
4994 2
4995 1
5001 2
5003 2
5013 1
5015 1
5016 2
5020 3
5027 1
5029 1
5030 1
5032 1
5035 1
5041 2
5042 1
5048 2
5049 1
5053 4
5057 1
5067 1
5071 1
5072 6
5078 1
5079 1
5088 1
5091 1
5094 1
5095 1
5096 2
5101 1
5104 1
5105 2
5112 1
5116 3
5117 1
5120 2
5121 1
5124 1
5129 2
5130 1
5139 1
5146 1
5147 1
5149 2
5152 1
5153 1
5157 1
5164 1
5166 1
5167 1
5169 1
5173 1
5176 1
5180 1
5184 3
5191 1
5192 2
5200 1
5208 1
5215 1
5216 6
5219 1
5223 2
5229 1
5230 1
5232 1
5242 1
5243 1
5244 4
5247 2
5253 1
5257 1
5259 1
5265 1
5270 1
5276 1
5280 1
5287 1
5296 1
5298 2
5301 1
5315 1
5326 1
5340 1
5343 1
5344 1
5359 1
5365 1
5366 2
5369 1
5370 1
5371 2
5380 1
5384 1
5386 2
5387 2
5391 1
5395 2
5397 1
5400 1
5402 2
5407 2
5408 1
5409 1
5414 1
5420 3
5426 2
5428 1
5430 1
5432 1
5433 1
5436 1
5439 1
5447 2
5450 1
5455 1
5464 3
5465 2
5470 2
5472 2
5484 1
5485 1
5487 1
5504 1
5507 1
5508 1
5511 1
5512 1
5525 1
5534 1
5539 1
5547 1
5557 2
5560 2
5562 1
5564 1
5571 1
5572 1
5583 1
5587 1
5595 3
5596 1
5599 1
5607 1
5608 1
5610 2
5612 1
5618 2
5620 1
5626 4
5628 1
5632 1
5633 1
5634 1
5638 1
5658 1
5663 1
5670 2
5675 1
5677 1
5679 1
5685 1
5692 1
5700 2
5701 1
5711 1
5720 3
5722 1
5727 1
5729 1
5738 1
5743 1
5755 1
5756 2
5760 3
5761 1
5762 1
5763 1
5767 1
5770 1
5772 1
5779 1
5783 1
5786 1
5788 1
5791 1
5799 1
5805 1
5821 2
5827 1
5836 1
5837 2
5843 1
5844 1
5856 1
5864 1
5871 2
5872 3
5875 1
5878 1
5881 2
5883 1
5884 1
5885 1
5886 1
5887 1
5889 1
5891 1
5896 2
5898 1
5899 1
5903 1
5906 1
5907 2
5913 2
5916 2
5924 1
5925 1
5927 1
5935 1
5942 1
5954 1
5956 1
5958 1
5961 1
5972 1
5982 1
5989 1
5990 1
5992 1
5994 1
5997 1
6000 2
6011 1
6015 1
6028 1
6032 1
6040 1
6046 1
6052 2
6055 1
6059 1
6082 1
6085 1
6088 1
6096 2
6099 1
6104 3
6111 1
6117 1
6120 1
6122 1
6139 1
6144 1
6148 2
6149 2
6159 1
6165 2
6180 1
6184 1
6187 2
6191 1
6216 1
6217 2
6228 2
6233 1
6234 1
6236 1
6238 1
6240 1
6241 1
6268 1
6269 2
6271 1
6279 1
6280 1
6281 1
6296 2
6298 1
6312 1
6313 2
6323 2
6325 1
6330 1
6331 3
6347 1
6353 1
6355 2
6357 1
6360 1
6361 1
6366 1
6367 1
6368 1
6370 1
6388 1
6399 1
6400 1
6409 1
6412 1
6413 1
6416 1
6418 1
6424 1
6428 1
6450 1
6464 1
6465 1
6472 1
6479 1
6491 2
6504 1
6524 1
6525 1
6537 1
6539 1
6540 1
6549 1
6555 1
6559 1
6564 1
6565 1
6566 1
6573 1
6581 1
6586 1
6600 2
6601 1
6609 1
6614 1
6632 1
6633 2
6634 1
6646 1
6656 2
6658 1
6666 1
6669 1
6677 1
6678 1
6680 1
6683 1
6695 1
6702 1
6708 1
6709 1
6712 1
6718 1
6729 2
6732 1
6740 1
6751 1
6755 1
6759 1
6762 1
6763 7
6774 1
6777 1
6780 1
6784 1
6801 1
6808 1
6809 1
6810 1
6824 1
6825 1
6826 1
6836 1
6839 1
6840 2
6847 1
6851 1
6864 1
6868 1
6869 2
6873 2
6877 1
6881 1
6882 1
6896 1
6900 1
6903 1
6906 1
6916 1
6918 2
6925 1
6928 1
6931 2
6934 1
6936 1
6939 1
6940 1
6950 1
6955 1
6959 1
6960 1
6961 1
6964 1
6968 1
6970 3
6974 1
6986 2
6992 1
6995 1
7000 1
7001 2
7008 1
7015 2
7028 1
7039 2
7044 1
7057 2
7063 1
7084 2
7087 1
7096 1
7107 1
7124 1
7125 1
7129 1
7130 2
7131 1
7137 1
7139 1
7149 1
7152 1
7159 2
7160 1
7164 1
7175 1
7189 2
7192 1
7197 1
7208 1
7223 1
7226 3
7227 1
7230 1
7247 1
7249 1
7252 2
7254 1
7260 1
7271 1
7273 1
7277 1
7291 2
7292 1
7295 1
7303 3
7304 1
7314 1
7324 1
7332 1
7340 1
7342 1
7346 1
7353 1
7357 1
7388 1
7391 1
7396 1
7411 1
7419 1
7436 2
7437 1
7451 2
7464 1
7468 1
7472 3
7475 1
7482 1
7485 1
7487 2
7500 1
7513 1
7522 1
7526 1
7534 1
7535 1
7556 1
7560 1
7582 2
7600 1
7636 1
7646 1
7660 1
7665 1
7673 2
7675 1
7682 1
7685 1
7690 1
7710 1
7717 1
7728 1
7732 1
7735 1
7741 1
7744 1
7745 1
7776 1
7779 1
7784 1
7794 1
7797 1
7800 1
7801 1
7812 1
7832 1
7840 1
7848 1
7849 1
7859 1
7864 1
7870 1
7872 2
7880 1
7881 1
7888 1
7900 1
7902 2
7908 2
7911 1
7915 1
7920 2
7932 1
7951 1
7956 1
7960 1
7964 1
7970 1
7981 1
7984 1
7988 1
7996 2
8019 1
8020 1
8040 1
8041 2
8055 1
8060 1
8079 1
8092 1
8094 1
8112 3
8115 1
8136 1
8143 1
8156 1
8170 1
8178 1
8182 3
8192 32
8193 1
8196 1
8198 1
8204 1
8218 1
8246 2
8248 1
8252 1
8262 2
8263 2
8273 1
8277 1
8284 1
8293 1
8302 1
8312 1
8317 2
8322 1
8326 1
8328 1
8334 1
8344 1
8362 1
8372 1
8382 1
8384 2
8428 1
8429 1
8431 1
8439 1
8445 1
8451 1
8483 1
8489 1
8497 1
8504 1
8520 1
8534 2
8538 1
8560 1
8563 1
8568 1
8575 1
8576 2
8580 1
8592 2
8605 1
8608 1
8609 1
8613 1
8621 1
8625 2
8666 1
8668 1
8682 2
8689 1
8712 1
8716 1
8717 1
8733 1
8734 2
8741 1
8757 1
8771 1
8776 1
8824 1
8830 2
8833 2
8838 1
8848 2
8854 1
8865 1
8878 1
8880 1
8919 1
8924 1
8942 1
8961 1
8963 1
8965 1
8967 1
8975 1
8987 1
8996 1
8998 1
9003 1
9028 1
9032 1
9068 2
9070 1
9092 1
9104 1
9109 1
9124 1
9130 1
9159 1
9178 1
9182 1
9183 1
9196 1
9197 1
9206 1
9232 1
9241 1
9242 1
9266 1
9269 1
9277 1
9293 1
9294 1
9312 1
9335 1
9348 1
9364 1
9368 1
9374 1
9375 1
9383 1
9403 1
9415 1
9430 1
9431 1
9446 5
9451 2
9468 1
9488 1
9495 1
9503 1
9504 1
9507 1
9522 1
9544 1
9548 1
9555 1
9569 1
9652 1
9664 1
9666 1
9677 1
9690 1
9698 2
9728 2
9735 1
9742 1
9750 1
9759 1
9762 1
9817 1
9834 1
9841 1
9870 2
9889 1
9890 1
9903 1
9935 3
9938 1
9964 1
9966 2
9975 1
9986 1
9993 1
10014 1
10026 1
10033 1
10050 1
10131 2
10132 1
10136 1
10140 1
10194 1
10197 1
10204 1
10211 1
10217 1
10232 2
10238 1
10242 1
10258 2
10262 1
10270 1
10278 1
10324 1
10333 1
10341 1
10345 1
10351 1
10360 1
10361 3
10373 1
10387 1
10405 1
10418 1
10432 1
10439 3
10448 1
10469 1
10480 1
10501 1
10505 2
10508 2
10513 1
10529 1
10536 1
10576 1
10588 1
10613 1
10614 1
10620 2
10644 1
10652 1
10660 2
10688 1
10703 1
10728 1
10744 1
10746 1
10760 1
10765 1
10772 1
10804 1
10828 1
10844 1
10845 1
10859 1
10870 1
10888 1
10908 1
10925 1
10985 1
11001 2
11008 1
11052 1
11058 1
11068 1
11080 1
11109 4
11129 1
11136 1
11153 1
11160 1
11162 1
11192 2
11248 1
11261 2
11264 3
11340 1
11347 1
11399 1
11428 1
11429 1
11448 1
11505 1
11520 1
11534 2
11536 1
11546 1
11551 1
11584 1
11627 2
11642 2
11644 1
11650 1
11653 1
11660 1
11674 1
11709 4
11710 2
11740 1
11747 1
11794 1
11801 1
11806 1
11847 1
11867 1
11873 2
11904 1
11927 2
11976 2
11991 1
12010 1
12013 1
12016 1
12052 1
12055 1
12058 1
12060 1
12067 1
12072 2
12076 1
12101 2
12106 2
12108 1
12125 1
12137 1
12180 1
12200 1
12212 1
12217 1
12228 1
12254 1
12315 1
12324 1
12325 1
12331 1
12357 1
12387 2
12398 1
12406 1
12408 1
12414 1
12430 1
12458 1
12466 1
12489 1
12494 1
12528 1
12576 1
12593 1
12596 2
12600 1
12622 1
12633 1
12664 1
12683 1
12696 1
12715 1
12722 2
12736 1
12773 1
12783 2
12785 1
12796 1
12800 1
12803 1
12825 1
12840 1
12849 1
12874 2
12877 1
12920 2
12932 1
12980 1
12988 1
12996 1
13007 1
13011 1
13012 1
13065 1
13081 1
13085 1
13142 1
13144 1
13169 1
13192 1
13194 1
13263 1
13273 1
13296 1
13302 1
13307 1
13328 1
13352 1
13369 1
13372 2
13387 2
13404 1
13405 1
13468 1
13498 1
13520 1
13555 1
13574 1
13584 1
13600 1
13628 1
13664 1
13668 1
13672 1
13686 1
13718 1
13732 1
13745 1
13799 1
13812 1
13813 1
13824 2
13828 1
13873 1
13890 1
13900 1
13930 1
13952 1
13973 1
13998 2
14012 1
14048 1
14050 1
14118 1
14121 1
14157 1
14158 2
14173 1
14204 1
14294 1
14313 1
14345 1
14349 1
14402 1
14404 1
14456 1
14540 1
14553 2
14560 1
14568 1
14612 2
14679 1
14704 1
14734 3
14753 1
14755 1
14794 1
14798 1
14868 1
14936 1
14946 1
14961 1
15077 1
15179 1
15200 1
15230 1
15241 1
15262 1
15272 1
15307 1
15332 1
15338 1
15361 1
15426 1
15442 1
15444 1
15485 1
15489 2
15491 2
15508 1
15541 1
15551 1
15571 1
15580 1
15687 1
15696 1
15733 2
15751 2
15856 1
15881 1
15990 1
16047 1
16112 2
16224 1
16246 2
16290 1
16304 1
16324 2
16342 1
16353 1
16384 192
16423 1
16426 1
16427 2
16428 1
16446 1
16456 1
16458 1
16459 1
16470 1
16488 1
16515 1
16516 2
16517 1
16534 1
16561 1
16567 1
16590 2
16659 1
16716 2
16739 2
16760 1
16802 2
16837 1
16873 1
16882 2
16912 1
16976 1
16984 1
17061 1
17112 1
17122 1
17130 1
17182 1
17291 1
17302 1
17377 2
17432 1
17546 1
17592 1
17641 1
17643 1
17658 1
17720 1
17777 1
17779 1
17984 1
17990 1
18034 1
18044 2
18052 1
18238 1
18306 2
18328 1
18340 1
18481 1
18499 2
18500 1
18613 1
18687 1
18717 2
18752 2
18868 1
18892 1
18900 1
19056 1
19109 1
19147 1
19168 1
19197 1
19201 1
19219 1
19228 2
19285 1
19336 1
19364 1
19495 1
19496 1
19568 1
19610 1
19695 2
19713 1
19958 1
20006 1
20034 1
20037 1
20092 1
20178 1
20219 1
20252 1
20263 1
20271 1
20313 1
20334 1
20371 1
20464 1
20532 1
20540 1
20598 1
20714 1
20760 1
20773 2
20848 1
20930 1
21075 1
21104 1
21160 1
21205 1
21288 2
21308 1
21336 1
21352 1
21374 2
21662 1
21689 1
21745 1
21896 1
21920 1
21952 1
22049 1
22068 1
22121 1
22243 1
22515 1
22564 1
22976 1
22980 1
23196 1
23216 1
23234 1
23493 1
23498 1
23589 1
23632 1
23646 1
23680 1
23803 1
23920 1
23984 1
23985 1
24156 1
24188 1
24330 1
24440 1
24476 1
24552 1
24568 1
24576 135
24592 1
24687 1
24832 1
24853 1
24949 1
24957 1
25054 1
25088 2
25171 1
25200 1
25229 1
25316 1
25374 1
25594 1
25618 1
25965 2
26403 1
26644 1
26716 1
27149 1
27466 1
27640 1
27962 1
28215 1
28268 1
28540 1
28832 1
28938 1
29006 1
29116 1
29200 1
29279 1
29316 1
29680 1
29952 1
30318 1
30679 1
30783 1
31080 1
31251 1
31708 1
31726 1
31996 1
32047 1
32604 1
32768 63
32802 1
32846 1
32973 1
33150 1
33422 1
33736 2
33756 1
33986 1
34496 1
34641 1
35030 1
35728 1
36132 1
36608 1
36772 1
36975 1
37348 1
37532 1
37950 1
38072 2
38632 1
38777 1
39159 1
39927 1
40016 1
40080 1
40561 1
40786 1
40960 41
41422 1
41566 1
42048 1
42068 1
42096 1
42189 1
42376 1
42380 1
42649 1
42812 1
42998 1
43420 2
44182 1
44500 1
44690 1
45140 1
45390 1
45474 1
45645 1
45931 1
46042 1
46686 1
47113 1
47472 1
47733 1
47810 1
48072 1
49152 20
49208 1
49780 1
50027 1
50832 1
51740 1
52416 1
52552 1
52674 1
52755 1
53428 1
53609 1
53731 1
54072 1
55044 1
56244 1
56284 1
57140 1
57344 11
57540 1
58397 1
59478 1
60527 1
60631 1
62076 1
63761 1
64292 1
64612 1
65536 16
65564 1
66366 1
67623 1
67671 1
69210 1
69814 1
70317 1
70392 1
72140 1
73036 1
73728 9
74216 1
75662 1
76217 1
76768 1
76816 1
81920 13
82270 1
83997 1
88424 1
88542 1
89519 1
90112 4
91678 1
92420 1
96193 1
98304 2
98492 1
99271 2
99932 1
100715 1
100795 1
103512 1
106128 1
106258 1
106496 5
106558 1
107465 1
114688 3
114723 1
115472 1
116602 1
122880 3
122915 1
123877 1
127066 1
131072 2
132169 1
139052 1
139264 3
147456 10
155648 3
156161 1
156544 1
161128 1
163840 4
172032 1
172900 1
180224 2
180284 1
188416 1
190312 1
193374 1
196608 2
197007 1
204800 2
205121 1
206672 1
208390 1
212992 1
221215 1
229376 1
229436 1
238805 1
239867 1
242342 1
245760 1
245791 1
246560 2
249079 1
255221 1
262144 1
266458 1
266904 1
270336 1
278528 1
285996 1
290533 1
291328 1
303104 1
322620 1
327680 1
329708 1
335872 1
344064 1
344586 1
345406 1
368640 1
376832 1
385024 1
417792 1
425984 1
442368 1
444744 1
445884 1
465586 1
480518 1
516096 1
524288 1
529180 1
530312 1
530728 1
547634 1
577826 1
594165 1
611397 1
623550 1
636890 1
661784 1
663552 1
666898 1
683524 1
689766 1
690710 1
695194 1
696162 1
713210 1
723322 1
753664 1
767040 1
772506 1
1062618 1
1628136 1
1816330 1
2182038 1
2523136 1
2859008 1
