0 305
1 4
2 2
6 4
8 2
10 3
11 2
12 3
13 6
14 4
15 5
16 32
17 9
18 4
19 13
20 344
21 14
22 5
23 117
24 70
25 18
26 37
27 16
28 15
29 6
30 15
31 16
32 14
33 58
34 13
35 7
36 10
37 9
38 11
39 7
40 6
41 15
42 13
43 5
44 6
45 18
46 8
47 12
48 36
49 20
50 31
51 15
52 37
53 9
54 3
55 16
56 10
57 9
58 24
59 53
60 17
61 10
62 31
63 11
64 21
65 21
66 18
67 13
68 7
69 28
70 13
71 67
72 24
73 20
74 22
75 20
76 17
77 20
78 38
79 21
80 21
81 22
82 12
83 12
84 14
85 32
86 16
87 6
88 24
89 20
90 13
91 10
92 12
93 11
94 7
95 16
96 14
97 10
98 12
99 9
100 29
101 11
102 7
103 9
104 18
105 10
106 7
107 10
108 14
109 13
110 13
111 29
112 19
113 14
114 7
115 11
116 13
117 8
118 11
119 7
120 11
121 5
122 5
123 7
124 11
125 8
126 10
127 7
128 14
129 14
130 37
131 6
132 18
133 3
134 16
135 16
136 12
137 16
138 12
139 15
140 7
141 7
142 7
143 7
144 6
145 4
146 6
147 3
148 13
149 2
150 4
151 13
152 12
153 3
154 5
155 9
156 7
157 18
158 9
159 6
160 10
161 4
162 8
163 16
164 12
165 7
166 8
167 14
168 8
169 23
170 10
171 10
172 2
173 6
174 6
175 13
176 13
177 5
178 7
179 2
180 9
181 11
182 13
183 8
184 9
185 2
186 8
187 3
188 4
189 12
190 5
191 4
192 8
193 5
194 8
195 6
196 7
197 6
198 8
199 4
200 7
201 9
202 4
203 6
204 4
205 13
206 8
207 18
208 6
209 8
210 5
211 9
212 10
213 6
214 5
215 4
216 3
217 2
218 4
219 6
220 3
221 13
222 4
223 11
224 7
225 5
226 8
227 2
228 2
229 5
230 2
231 3
232 2
233 4
234 2
235 4
236 2
237 2
238 5
239 6
240 5
241 1
242 3
243 5
244 6
245 10
246 4
247 8
248 4
249 3
250 1
251 2
252 7
253 4
254 5
255 3
256 2
257 16
258 4
259 7
260 7
261 5
263 2
264 3
265 4
266 2
267 5
268 4
269 5
270 2
271 1
272 7
273 2
274 6
275 5
276 4
277 1
278 6
279 5
280 6
281 1
282 5
283 6
284 3
285 1
286 5
287 6
288 75
289 4
290 3
291 2
292 6
293 3
294 1
296 1
297 1
298 3
299 3
300 4
301 4
302 3
303 1
304 5
305 5
306 6
307 5
308 4
309 3
310 3
312 6
313 5
314 8
315 3
316 6
317 4
318 3
319 11
320 3
321 3
322 5
323 3
324 7
325 5
326 4
327 18
328 6
329 5
330 4
331 9
332 8
333 7
334 2
335 4
336 20
337 8
338 4
339 3
340 6
341 5
342 5
343 1
344 3
345 6
346 3
347 5
348 4
349 5
350 4
351 5
352 2
353 4
354 1
355 2
356 1
357 7
358 5
359 6
360 5
361 8
362 4
363 6
364 2
365 3
366 6
367 4
368 7
369 6
370 1
372 7
373 8
374 3
375 7
376 2
377 1
379 1
380 3
381 2
382 7
383 3
384 9
385 3
386 5
387 5
388 3
389 6
390 1
391 2
392 2
393 2
394 8
395 3
396 9
397 7
398 3
399 3
400 2
401 3
402 1
403 3
404 6
405 2
406 4
407 2
408 1
409 2
410 5
411 1
412 6
413 3
414 2
415 2
416 4
417 4
418 2
419 1
420 1
421 1
422 4
423 4
424 4
425 2
426 2
427 1
428 1
429 5
430 3
431 2
432 19
433 2
434 2
435 2
436 7
437 1
438 2
439 3
440 6
441 2
442 5
443 9
444 4
446 5
448 3
449 7
450 6
451 4
452 2
453 5
454 9
455 5
456 2
457 4
458 12
459 2
460 1
461 3
462 7
463 5
465 2
466 12
467 8
468 3
469 6
470 3
471 3
472 8
474 2
475 4
476 2
477 15
478 6
479 9
480 4
481 2
482 6
483 7
484 4
485 2
486 7
488 2
489 2
490 6
491 1
492 2
493 5
494 2
495 3
496 4
497 3
498 3
499 2
500 5
501 3
502 2
503 10
504 2
506 2
507 6
509 2
510 2
511 12
512 2085
513 1
514 4
515 2
516 3
517 5
518 2
519 4
520 2
521 1
522 7
523 5
524 5
525 5
526 3
527 4
528 6
529 1
530 4
532 15
533 4
534 4
535 1
536 5
537 3
538 6
539 2
540 6
541 2
542 8
543 2
544 2
545 7
546 1
547 1
548 3
550 2
551 2
552 3
553 4
554 3
555 1
556 5
557 2
558 3
559 3
560 2
561 1
562 6
563 3
564 5
565 3
566 5
567 3
568 2
569 7
570 5
571 1
572 3
573 4
574 6
575 4
576 2
577 3
578 8
579 2
580 7
582 2
583 4
584 4
585 8
586 2
587 2
588 2
589 3
590 5
591 8
592 5
593 4
594 3
595 3
596 2
597 1
598 4
600 1
601 4
603 4
604 1
605 4
606 7
607 3
608 40
609 5
610 4
611 6
612 5
613 1
614 12
615 4
616 5
617 1
618 2
619 6
620 1
621 3
622 5
623 8
624 5
625 4
626 3
627 2
628 3
629 2
630 5
631 6
632 49
633 8
634 4
635 2
636 6
637 4
638 3
639 3
640 2
642 1
643 4
644 7
645 10
646 2
647 1
648 7
649 3
650 9
651 8
652 4
653 4
654 8
655 8
656 3
657 3
658 6
659 4
660 8
661 3
663 5
664 5
665 4
666 6
667 7
668 5
669 4
670 1
671 5
672 4
673 6
674 3
675 1
676 4
677 4
678 9
679 7
680 3
681 2
682 2
683 16
684 5
686 1
687 5
688 1
689 6
690 4
691 3
692 3
693 1
694 4
696 3
697 2
698 7
699 6
700 7
701 9
702 4
703 5
704 10
705 1
706 11
707 8
708 5
709 5
710 10
711 2
712 7
713 4
714 4
715 1
716 4
717 3
718 5
719 7
720 4
721 3
722 1
723 3
724 1
725 2
726 13
727 1
728 6
729 1
730 6
731 5
732 1
733 3
734 4
735 5
736 1
737 1
738 3
739 3
740 3
741 2
742 1
743 2
744 2
745 4
748 1
749 7
750 1
751 3
752 6
753 3
754 4
755 3
756 2
758 2
759 1
760 1
761 3
762 3
763 2
764 3
765 7
766 2
767 4
768 6
769 1
770 2
771 6
772 1
773 4
774 9
775 4
776 18
777 5
778 1
779 1
781 1
782 41
783 14
784 4
785 15
786 16
787 3
788 6
789 7
791 33
792 5
794 12
795 8
796 1
797 13
798 10
799 3
800 2
801 3
802 3
803 4
804 1
805 5
806 7
807 11
808 2
809 5
810 2
811 1
812 5
813 5
814 6
815 3
816 3
817 3
818 2
819 18
821 3
822 3
823 2
824 3
825 2
826 2
827 3
828 5
829 2
830 6
831 2
832 1
833 11
834 7
835 2
836 6
837 4
838 4
839 4
840 5
841 6
842 2
843 2
844 3
845 2
846 4
847 2
848 5
849 2
850 8
851 4
852 2
854 5
855 1
856 1
857 1
858 3
859 2
860 3
861 3
862 3
863 1
864 5
865 1
866 19
867 9
868 5
869 1
870 4
871 35
872 2
873 1
875 5
876 6
877 4
878 7
879 6
880 5
881 1
882 3
883 8
884 11
885 2
886 9
887 5
888 2
889 1
890 3
891 4
892 22
893 5
894 7
896 3
897 2
898 4
899 3
900 2
901 2
902 2
903 2
904 3
905 2
906 1
907 3
908 3
909 2
910 2
912 1
913 4
914 8
915 3
916 2
917 2
918 7
919 3
920 2
921 4
922 3
923 1
924 1
926 2
927 2
928 2
929 2
930 3
931 3
932 2
933 131
934 2
935 1
936 4
937 3
938 3
939 60
940 1
941 3
942 1
943 2
944 3
945 6
946 5
947 1
948 3
949 3
950 1
951 4
952 3
953 3
954 2
955 9
956 4
957 8
958 5
959 2
960 1
961 3
962 8
963 8
964 4
965 3
966 1
967 4
968 2
969 1
971 3
972 4
973 2
974 4
975 2
976 3
977 2
978 3
979 110
980 7
981 1
982 1
983 1
984 3
985 2
986 1
987 2
988 3
989 2
990 2
991 2
992 33
993 4
994 5
995 1
996 4
997 2
998 2
999 1
1000 7
1001 1
1002 1
1004 3
1006 7
1007 1
1008 5
1009 3
1010 2
1011 6
1012 2
1013 1
1014 2
1015 4
1016 3
1017 1
1018 14
1019 2
1020 4
1021 2
1022 3
1023 1
1024 203
1025 4
1026 2
1027 3
1028 1
1029 3
1030 2
1031 8
1032 3
1033 2
1034 5
1035 1
1036 2
1037 6
1038 6
1039 1
1040 1
1041 3
1042 1
1046 3
1047 1
1048 7
1050 3
1051 13
1052 4
1053 2
1054 1
1055 5
1058 2
1059 5
1060 5
1061 4
1062 4
1063 3
1064 4
1065 3
1066 3
1067 3
1069 3
1070 2
1071 6
1072 3
1074 1
1075 1
1076 6
1077 2
1078 13
1079 2
1080 8
1081 6
1082 1
1083 2
1084 2
1085 5
1087 1
1088 2
1089 1
1090 4
1091 4
1092 2
1093 3
1094 3
1095 5
1096 1
1097 3
1098 2
1099 2
1100 1
1101 2
1102 4
1104 4
1105 3
1106 2
1107 1
1108 4
1109 3
1111 29
1112 1
1113 1
1114 1
1115 2
1116 1
1117 3
1119 1
1120 2
1121 3
1122 3
1123 1
1124 7
1126 3
1127 1
1128 2
1129 1
1131 1
1132 2
1133 2
1134 3
1135 6
1136 3
1137 1
1138 1
1139 4
1141 1
1142 3
1143 1
1144 1
1146 5
1147 1
1149 1
1150 36
1151 1
1152 3
1153 1
1154 19
1156 2
1159 3
1160 9
1161 7
1163 1
1164 5
1165 1
1167 1
1168 4
1169 6
1170 3
1171 2
1172 1
1174 2
1175 5
1176 1
1177 1
1178 8
1180 1
1181 1
1182 3
1183 3
1184 4
1185 35
1186 3
1188 2
1189 1
1190 3
1191 2
1193 2
1194 3
1195 1
1196 2
1197 1
1198 2
1199 1
1200 5
1201 2
1202 3
1203 2
1204 1
1205 3
1207 2
1208 3
1209 1
1210 1
1211 1
1212 2
1216 1
1217 2
1218 2
1220 1
1221 1
1222 3
1223 1
1224 2
1225 2
1226 1
1227 2
1228 3
1229 1
1230 4
1231 2
1233 2
1234 1
1235 4
1236 5
1239 6
1240 1
1241 18
1242 1
1243 1
1244 4
1245 1
1246 1
1248 1
1249 2
1250 4
1251 2
1252 6
1253 1
1254 2
1255 1
1256 2
1257 2
1258 8
1259 2
1260 1
1261 1
1262 3
1263 2
1264 3
1265 2
1267 2
1268 5
1269 3
1270 2
1271 3
1272 1
1274 3
1275 1
1277 4
1278 2
1279 1
1280 2
1281 4
1282 3
1283 2
1286 6
1287 3
1288 1
1289 3
1290 2
1292 6
1293 1
1294 1
1295 2
1296 2
1297 4
1298 16
1299 1
1301 5
1302 2
1303 1
1304 1
1305 1
1306 2
1307 1
1308 3
1309 3
1311 2
1313 4
1314 2
1315 5
1316 5
1317 3
1318 3
1320 2
1321 1
1322 2
1323 5
1324 4
1325 4
1326 2
1327 1
1329 3
1330 4
1331 4
1332 2
1333 1
1334 4
1335 3
1336 5
1337 2
1338 140
1339 3
1340 1
1341 3
1342 2
1343 3
1344 2
1347 1
1348 2
1349 1
1350 4
1351 1
1352 2
1353 3
1354 1
1355 3
1358 1
1359 2
1360 10
1361 1
1365 1
1366 2
1367 1
1368 2
1370 3
1371 1
1375 2
1376 1
1377 2
1379 2
1381 1
1384 2
1386 2
1387 2
1388 3
1389 4
1391 1
1392 2
1395 3
1397 2
1398 3
1399 7
1400 4
1401 2
1402 2
1403 2
1404 1
1405 2
1407 8
1408 3
1409 1
1410 2
1412 2
1413 1
1415 3
1416 1
1417 2
1419 2
1421 3
1422 4
1423 6
1424 3
1425 3
1426 1
1427 6
1429 1
1430 2
1431 10
1432 1
1433 4
1434 2
1435 2
1436 4
1438 2
1439 3
1441 2
1442 2
1445 3
1446 2
1447 1
1451 12
1452 3
1453 32
1454 1
1455 2
1456 2
1457 1
1459 1
1461 2
1465 1
1468 2
1471 4
1472 2
1474 1
1475 2
1476 3
1477 1
1478 2
1479 1
1480 4
1482 1
1483 2
1484 3
1485 1
1486 2
1487 16
1488 1
1491 9
1492 10
1493 1
1495 1
1496 3
1497 3
1498 1
1499 2
1500 2
1502 2
1503 3
1504 16
1505 1
1506 1
1507 2
1508 1
1509 1
1510 2
1511 6
1512 6
1516 1
1517 1
1519 3
1521 2
1522 1
1523 1
1524 3
1525 2
1526 1
1527 1
1528 1
1529 2
1530 5
1531 1
1533 2
1535 1
1536 25
1537 2
1539 2
1540 3
1541 2
1542 1
1543 1
1546 3
1547 4
1548 5
1550 3
1551 1
1552 4
1553 1
1554 1
1559 2
1561 3
1563 1
1564 1
1565 2
1567 18
1568 3
1570 3
1572 1
1573 5
1574 1
1575 17
1577 1
1580 2
1581 2
1582 2
1584 1
1585 1
1586 2
1587 4
1589 7
1591 2
1593 3
1596 2
1597 5
1598 2
1601 2
1602 2
1604 3
1607 4
1609 1
1610 2
1612 6
1613 4
1614 2
1616 2
1617 2
1618 2
1620 2
1621 1
1622 1
1624 1
1625 4
1628 1
1629 16
1630 1
1631 4
1632 1
1634 1
1636 2
1638 4
1639 1
1640 4
1641 7
1645 4
1647 1
1648 3
1650 1
1652 9
1653 5
1654 1
1655 6
1656 15
1657 5
1658 15
1659 15
1660 2
1661 6
1662 11
1663 2
1664 4
1665 7
1666 2
1667 4
1668 6
1669 1
1670 6
1671 2
1673 3
1674 8
1675 5
1676 2
1677 1
1678 4
1679 4
1680 4
1681 2
1682 1
1683 15
1684 2
1685 15
1686 3
1687 5
1688 10
1689 16
1690 8
1691 6
1692 34
1693 8
1694 11
1695 29
1696 18
1697 10
1698 23
1699 7
1700 9
1701 15
1702 8
1703 5
1704 33
1705 5
1706 9
1707 36
1708 3
1709 4
1710 15
1711 3
1712 4
1713 7
1714 2
1715 3
1716 6
1717 1
1718 12
1719 7
1720 7
1721 6
1722 11
1723 10
1724 12
1725 9
1726 12
1727 12
1728 7
1729 7
1730 9
1731 8
1732 7
1733 12
1734 4
1735 7
1736 16
1737 8
1738 6
1739 8
1740 7
1741 8
1742 6
1745 11
1746 3
1747 1
1748 3
1749 1
1750 1
1751 2
1752 6
1753 6
1754 4
1755 4
1756 4
1757 6
1758 6
1759 2
1760 10
1761 5
1762 7
1763 4
1764 5
1765 4
1767 9
1768 6
1769 6
1770 9
1771 12
1772 2
1773 5
1775 5
1776 4
1777 3
1778 2
1779 6
1780 2
1781 2
1783 2
1784 4
1785 2
1787 4
1788 3
1789 2
1790 1
1792 3
1793 7
1794 3
1797 4
1798 1
1800 3
1802 4
1805 4
1806 2
1808 1
1809 3
1810 3
1812 2
1813 3
1814 7
1815 4
1816 2
1817 4
1818 1
1820 3
1821 4
1822 2
1823 1
1824 5
1825 3
1826 8
1827 3
1828 4
1829 1
1830 2
1831 1
1832 3
1833 1
1834 1
1837 1
1839 3
1840 2
1841 2
1842 1
1843 87
1844 3
1846 2
1847 2
1850 4
1851 2
1852 17
1853 1
1855 4
1856 1
1857 4
1858 3
1859 3
1860 19
1861 1
1862 6
1863 3
1864 4
1865 1
1866 4
1869 3
1870 1
1871 3
1873 1
1875 1
1876 3
1877 1
1878 2
1882 5
1883 2
1884 1
1886 3
1887 1
1891 2
1892 1
1893 2
1894 1
1895 1
1896 2
1898 4
1899 1
1900 3
1901 2
1902 2
1903 2
1904 5
1905 3
1906 1
1908 12
1909 2
1910 4
1911 5
1912 1
1913 2
1914 1
1915 1
1916 1
1917 2
1919 1
1920 1
1921 2
1922 3
1923 1
1924 1
1925 1
1926 1
1927 1
1929 2
1930 1
1931 2
1932 2
1933 2
1934 2
1935 3
1936 1
1937 1
1938 1
1939 2
1940 1
1941 1
1943 1
1944 2
1945 1
1946 4
1948 1
1950 3
1951 4
1952 1
1953 1
1954 1
1955 2
1956 1
1957 4
1958 1
1959 2
1960 2
1961 2
1963 1
1964 1
1967 4
1969 1
1971 1
1973 6
1974 1
1977 1
1980 4
1981 2
1982 1
1983 4
1984 1
1985 2
1986 1
1987 1
1988 1
1990 3
1991 2
1992 1
1993 3
1994 1
1995 2
1996 1
1998 2
2001 1
2002 1
2003 4
2004 1
2005 1
2006 4
2007 1
2009 2
2010 1
2012 1
2013 2
2014 2
2015 2
2018 1
2019 1
2020 1
2021 3
2023 2
2025 2
2026 5
2028 1
2029 3
2030 14
2031 10
2032 1
2033 2
2034 1
2036 3
2037 2
2038 1
2039 1
2040 4
2041 2
2042 2
2043 1
2045 1
2046 1
2047 2
2048 14
2051 3
2054 1
2055 5
2056 3
2057 1
2058 1
2060 1
2062 2
2063 2
2064 2
2067 1
2068 3
2069 1
2071 1
2073 3
2076 2
2077 1
2078 1
2079 2
2082 2
2085 12
2086 2
2087 4
2089 2
2090 2
2091 5
2092 1
2093 3
2094 2
2097 2
2100 2
2101 2
2102 2
2103 1
2104 1
2106 1
2112 1
2114 1
2115 1
2116 3
2118 1
2119 2
2120 2
2121 1
2122 1
2123 2
2127 1
2128 3
2130 3
2131 1
2132 1
2135 2
2136 2
2137 2
2138 1
2139 3
2140 2
2142 1
2143 1
2144 1
2145 1
2146 3
2147 5
2150 1
2152 1
2153 1
2155 1
2156 1
2158 2
2159 6
2160 2
2161 1
2162 2
2163 1
2165 34
2168 4
2169 3
2170 16
2177 2
2178 1
2180 5
2181 2
2182 7
2183 2
2184 2
2186 2
2187 2
2188 5
2189 1
2190 1
2191 1
2192 3
2193 4
2196 1
2197 2
2200 1
2201 1
2202 4
2203 2
2205 8
2206 2
2207 1
2208 2
2209 6
2211 1
2212 3
2213 1
2214 7
2217 2
2218 2
2219 1
2220 1
2223 1
2224 1
2227 4
2228 1
2229 1
2230 1
2233 5
2234 1
2235 1
2236 3
2238 1
2240 1
2241 1
2242 3
2243 1
2244 1
2246 4
2247 3
2248 4
2250 1
2251 37
2252 1
2253 6
2254 1
2256 2
2257 1
2258 4
2259 1
2260 2
2261 3
2262 2
2264 2
2265 1
2267 1
2268 3
2269 1
2270 1
2271 1
2273 1
2275 1
2276 1
2277 3
2278 1
2279 1
2280 4
2281 1
2282 12
2284 2
2285 1
2286 1
2287 1
2289 5
2291 1
2292 3
2293 1
2294 1
2295 1
2297 2
2298 8
2299 2
2300 3
2303 3
2304 1
2306 4
2307 1
2308 2
2309 2
2312 2
2313 1
2314 1
2316 2
2317 2
2319 2
2320 1
2322 2
2323 3
2326 3
2327 2
2328 3
2329 1
2330 3
2332 1
2334 1
2335 1
2337 3
2338 2
2339 2
2340 1
2341 1
2342 2
2343 1
2344 2
2345 4
2346 1
2347 1
2348 1
2349 1
2350 2
2351 3
2352 2
2354 4
2356 5
2357 1
2358 1
2359 28
2360 4
2362 1
2363 1
2365 1
2366 1
2367 1
2368 2
2369 1
2371 1
2372 1
2373 1
2374 2
2375 1
2378 3
2380 2
2382 1
2383 2
2384 3
2385 1
2386 1
2389 2
2390 3
2391 2
2392 2
2393 4
2394 2
2395 1
2397 4
2398 3
2400 5
2401 2
2402 4
2406 1
2408 2
2409 1
2410 1
2411 3
2412 28
2414 4
2415 1
2417 5
2419 5
2420 1
2421 1
2422 3
2423 1
2425 4
2428 1
2429 2
2430 1
2431 1
2432 2
2435 1
2436 1
2438 4
2440 5
2441 2
2442 1
2443 2
2445 246
2446 2
2447 1
2448 2
2450 1
2451 1
2452 3
2453 3
2455 2
2458 6
2459 1
2461 1
2462 1
2463 5
2465 2
2467 3
2468 3
2470 2
2471 4
2473 1
2474 1
2475 2
2476 2
2477 1
2478 2
2479 1
2480 2
2481 1
2482 1
2484 2
2485 2
2488 1
2489 5
2494 1
2497 1
2499 1
2501 3
2503 2
2506 4
2507 1
2508 1
2509 1
2510 1
2512 2
2513 2
2514 2
2516 1
2518 2
2519 2
2521 1
2522 1
2523 1
2524 2
2526 1
2527 2
2528 2
2530 2
2531 3
2532 2
2534 2
2535 1
2536 3
2537 1
2538 3
2539 1
2540 1
2542 2
2543 1
2545 1
2547 1
2548 1
2549 2
2550 2
2551 2
2552 2
2553 1
2554 1
2556 1
2558 2
2560 11
2561 2
2562 1
2566 1
2567 1
2569 1
2570 1
2572 1
2573 2
2574 1
2575 3
2576 4
2578 1
2579 2
2581 1
2582 2
2583 2
2584 1
2585 3
2590 2
2591 1
2593 1
2595 1
2597 2
2602 2
2606 5
2607 1
2608 1
2610 1
2612 3
2613 2
2614 1
2616 1
2617 3
2619 1
2620 2
2621 3
2626 1
2627 1
2629 3
2632 1
2633 2
2634 2
2635 1
2636 4
2639 1
2641 34
2644 1
2645 1
2646 1
2648 1
2649 2
2650 2
2651 1
2653 1
2654 1
2658 1
2660 1
2662 2
2664 1
2666 4
2668 1
2669 1
2671 1
2674 4
2675 2
2676 4
2677 2
2679 2
2680 1
2681 1
2683 2
2684 1
2685 2
2686 1
2687 2
2690 1
2691 1
2692 2
2693 2
2696 2
2699 1
2702 4
2703 4
2705 1
2707 2
2708 1
2710 1
2711 2
2713 1
2717 108
2719 2
2720 5
2721 1
2722 3
2724 3
2725 2
2726 3
2727 2
2728 1
2729 1
2731 1
2732 1
2734 3
2735 3
2736 1
2737 2
2738 1
2739 3
2740 3
2741 1
2746 2
2747 3
2748 1
2749 2
2750 14
2753 3
2755 1
2756 2
2758 1
2759 1
2760 1
2761 2
2763 2
2764 1
2765 2
2766 1
2767 3
2769 1
2770 3
2771 2
2772 2
2773 1
2776 2
2777 1
2779 4
2780 1
2782 1
2783 1
2788 1
2789 5
2790 2
2792 30
2793 1
2795 2
2796 3
2797 1
2798 1
2800 2
2801 1
2803 5
2804 1
2807 3
2808 1
2809 1
2811 2
2812 2
2815 2
2816 3
2818 2
2819 2
2820 2
2821 2
2822 2
2823 1
2824 2
2825 2
2827 6
2828 2
2831 1
2833 1
2837 3
2838 2
2839 1
2840 1
2842 2
2843 1
2845 1
2846 1
2847 2
2848 1
2851 2
2852 1
2853 2
2855 1
2857 2
2858 2
2861 1
2863 1
2864 4
2865 1
2866 1
2867 1
2868 2
2869 1
2870 1
2871 1
2873 1
2875 2
2876 2
2877 3
2878 1
2879 1
2880 2
2881 2
2882 1
2883 2
2885 2
2886 1
2887 1
2889 1
2891 1
2892 2
2893 2
2894 2
2895 1
2896 1
2897 2
2898 2
2899 1
2900 3
2901 1
2903 1
2904 1
2906 3
2908 2
2909 3
2911 1
2912 1
2913 2
2914 8
2915 2
2917 1
2918 2
2919 1
2920 3
2922 1
2923 1
2924 9
2925 1
2926 4
2927 2
2928 1
2930 2
2932 2
2933 1
2934 1
2936 3
2937 1
2938 2
2939 3
2940 2
2941 1
2944 1
2945 2
2947 14
2948 4
2949 1
2950 2
2951 2
2953 3
2954 1
2956 2
2959 1
2960 2
2961 1
2963 1
2965 10
2966 1
2967 2
2968 2
2969 2
2970 3
2972 1
2974 2
2975 1
2978 4
2983 2
2984 1
2985 2
2986 1
2987 2
2988 1
2989 4
2994 2
2995 2
2998 3
3000 1
3001 1
3002 1
3003 1
3005 3
3007 1
3008 1
3010 1
3012 2
3014 1
3015 3
3017 4
3018 1
3019 4
3020 1
3022 2
3024 1
3025 2
3026 2
3029 1
3030 1
3031 2
3033 2
3034 2
3035 2
3036 2
3037 1
3038 1
3043 3
3046 1
3049 3
3050 2
3052 1
3053 2
3055 1
3056 1
3057 4
3058 2
3059 1
3061 1
3062 2
3064 1
3065 1
3067 2
3068 1
3070 2
3072 4
3073 2
3077 2
3079 1
3080 1
3082 5
3083 2
3084 1
3085 2
3086 1
3088 1
3089 1
3091 1
3092 2
3093 1
3094 3
3096 133
3097 3
3098 4
3100 1
3101 2
3102 4
3104 1
3105 3
3106 2
3107 2
3109 1
3111 2
3112 1
3113 4
3114 1
3115 1
3117 1
3118 1
3119 1
3121 2
3122 2
3124 1
3125 1
3126 1
3127 1
3128 3
3130 2
3131 1
3137 1
3138 2
3139 2
3140 2
3142 2
3143 2
3144 2
3145 1
3146 13
3148 13
3149 2
3151 1
3152 1
3153 2
3154 2
3155 2
3156 2
3157 1
3158 2
3161 1
3162 2
3163 1
3164 1
3165 1
3166 7
3167 1
3168 2
3169 1
3173 2
3174 3
3176 1
3177 1
3178 2
3181 1
3182 1
3184 1
3185 1
3186 2
3187 3
3188 1
3190 2
3191 20
3193 2
3194 2
3195 1
3196 1
3197 2
3198 1
3199 1
3200 1
3201 2
3202 3
3204 1
3208 1
3210 2
3211 2
3212 2
3213 1
3214 1
3215 2
3217 2
3218 1
3219 1
3221 2
3222 3
3223 2
3225 1
3227 3
3230 3
3234 2
3236 3
3237 1
3238 2
3239 2
3240 1
3242 2
3244 1
3245 1
3246 1
3248 5
3250 4
3251 1
3253 1
3254 1
3255 1
3256 2
3258 2
3259 1
3261 1
3262 1
3263 1
3264 1
3266 2
3267 1
3270 2
3271 1
3272 1
3273 1
3274 2
3275 3
3276 1
3277 1
3278 1
3280 3
3281 4
3282 2
3283 1
3284 2
3285 2
3286 1
3287 4
3288 1
3289 1
3290 4
3291 1
3292 1
3293 3
3294 1
3295 1
3296 1
3298 1
3299 4
3300 2
3301 2
3302 2
3305 1
3307 1
3308 209
3309 1
3310 3
3311 1
3313 3
3315 1
3317 2
3318 2
3319 1
3320 1
3323 1
3326 1
3327 1
3328 2
3329 2
3332 2
3333 1
3334 4
3336 2
3337 3
3338 2
3339 4
3341 1
3342 4
3344 3
3345 3
3347 1
3348 1
3350 2
3351 1
3352 4
3353 1
3355 5
3356 5
3358 3
3359 7
3360 1
3361 2
3362 1
3363 12
3364 5
3365 13
3366 3
3367 1
3369 6
3370 5
3371 2
3372 1
3374 1
3376 2
3378 3
3379 2
3380 4
3381 5
3382 2
3384 1
3385 1
3388 1
3389 2
3391 1
3394 4
3396 2
3397 3
3400 2
3401 1
3406 3
3407 1
3412 1
3413 2
3416 2
3422 1
3423 2
3425 1
3426 1
3427 2
3428 1
3433 2
3434 2
3435 1
3436 2
3437 2
3438 1
3439 1
3440 4
3443 2
3444 1
3445 1
3446 3
3447 1
3448 5
3451 2
3454 1
3455 2
3457 1
3458 1
3459 16
3460 1
3461 2
3463 1
3464 3
3465 2
3466 4
3467 1
3469 2
3470 3
3471 1
3473 1
3475 3
3476 1
3478 1
3484 1
3485 2
3486 1
3487 1
3490 1
3491 1
3493 1
3494 1
3495 1
3500 2
3501 1
3502 2
3503 2
3505 3
3506 2
3507 1
3508 1
3509 1
3510 2
3511 1
3512 1
3513 2
3514 1
3515 1
3516 2
3517 2
3518 2
3520 1
3521 4
3522 1
3523 3
3524 1
3531 1
3534 1
3535 4
3537 1
3538 1
3539 2
3541 1
3542 2
3547 2
3548 1
3549 1
3550 2
3551 1
3553 1
3555 2
3556 3
3557 1
3559 2
3561 1
3562 2
3564 1
3565 2
3566 1
3569 2
3573 1
3575 1
3576 1
3577 1
3578 1
3580 2
3581 1
3583 2
3584 1
3585 1
3586 1
3587 1
3589 1
3590 1
3593 3
3596 2
3598 2
3601 1
3602 1
3603 1
3604 2
3606 1
3607 1
3608 2
3609 1
3610 5
3611 2
3612 1
3613 1
3614 3
3616 1
3617 1
3618 1
3619 2
3620 1
3625 3
3626 4
3629 1
3630 1
3631 3
3632 1
3635 3
3637 2
3638 3
3640 2
3641 3
3644 1
3648 1
3649 1
3654 2
3655 4
3658 1
3660 1
3661 3
3662 1
3663 1
3665 1
3667 3
3669 1
3670 1
3672 1
3674 2
3676 1
3678 1
3679 3
3680 1
3682 5
3683 2
3684 1
3685 2
3686 3
3687 1
3688 1
3689 3
3691 1
3694 3
3695 1
3696 2
3697 75
3698 1
3701 5
3702 1
3703 2
3704 1
3705 1
3706 2
3707 3
3708 4
3709 1
3710 1
3713 1
3715 3
3716 2
3717 2
3718 3
3721 4
3722 1
3723 1
3724 2
3725 3
3727 2
3728 4
3729 4
3730 2
3731 2
3733 1
3734 1
3735 2
3736 3
3737 2
3739 1
3740 2
3741 2
3742 2
3743 1
3744 4
3745 1
3746 2
3747 1
3748 2
3749 1
3750 2
3751 1
3753 2
3754 1
3755 1
3756 2
3757 2
3758 2
3759 1
3760 2
3761 2
3763 5
3765 1
3766 1
3767 1
3768 1
3770 1
3773 1
3775 2
3776 4
3781 1
3782 1
3785 3
3786 1
3788 2
3789 1
3790 1
3791 2
3793 1
3795 1
3797 2
3798 2
3802 1
3803 1
3805 1
3806 2
3808 3
3809 1
3814 2
3816 1
3817 2
3818 1
3819 1
3820 2
3823 1
3824 4
3826 3
3827 3
3829 2
3830 3
3832 1
3834 1
3837 1
3838 7
3839 4
3840 5
3841 1
3842 1
3843 1
3844 1
3848 1
3849 2
3850 1
3851 1
3853 2
3854 2
3856 1
3858 3
3860 1
3862 1
3864 1
3866 1
3868 1
3869 6
3871 33
3873 50
3874 3
3875 1
3877 2
3878 3
3879 2
3880 6
3881 5
3882 4
3883 5
3884 3
3886 1
3887 3
3889 4
3893 1
3894 1
3896 2
3898 1
3900 1
3902 2
3904 1
3905 2
3907 2
3908 1
3910 3
3911 2
3912 1
3913 1
3914 1
3915 1
3916 1
3917 4
3919 1
3920 1
3921 1
3922 1
3924 1
3925 2
3926 3
3929 1
3931 1
3932 1
3935 2
3936 1
3938 1
3939 1
3940 2
3943 1
3946 2
3949 1
3950 3
3951 2
3953 2
3954 1
3955 1
3961 2
3962 1
3963 2
3964 4
3965 2
3970 1
3971 1
3973 1
3974 1
3975 2
3976 1
3978 2
3979 1
3980 3
3982 2
3984 1
3985 1
3986 1
3987 6
3988 3
3989 2
3993 2
3994 1
3997 1
3999 1
4000 1
4002 2
4003 1
4006 1
4009 1
4012 1
4013 1
4016 3
4017 1
4019 1
4020 1
4022 1
4023 1
4024 3
4025 4
4029 2
4030 1
4033 2
4034 2
4036 1
4037 2
4042 1
4043 1
4048 1
4049 4
4052 2
4053 1
4054 2
4061 1
4062 1
4065 1
4066 1
4067 1
4068 1
4069 2
4071 1
4075 3
4076 1
4082 1
4083 2
4084 1
4085 1
4086 1
4087 1
4090 3
4091 2
4094 1
4096 46
4097 1
4098 1
4100 1
4101 1
4102 1
4103 2
4105 2
4106 1
4108 2
4110 2
4111 2
4112 1
4114 4
4116 2
4117 1
4118 2
4120 1
4121 1
4124 3
4127 1
4129 1
4132 1
4133 1
4135 1
4136 2
4137 1
4139 1
4140 1
4144 5
4146 2
4147 2
4148 2
4150 3
4154 17
4156 1
4157 1
4159 3
4160 1
4162 6
4165 3
4175 1
4179 2
4180 2
4181 3
4183 1
4184 1
4185 1
4187 1
4189 2
4190 1
4194 1
4196 3
4198 1
4199 1
4203 1
4204 1
4208 2
4209 2
4210 1
4211 1
4213 1
4214 1
4216 1
4219 2
4221 1
4222 2
4223 1
4225 1
4227 1
4230 1
4231 1
4232 1
4234 3
4235 1
4236 3
4238 2
4239 1
4240 3
4241 2
4246 2
4247 1
4248 1
4249 2
4250 1
4253 2
4256 1
4258 3
4262 3
4263 1
4264 2
4265 1
4267 1
4269 3
4270 1
4271 1
4272 1
4276 1
4277 1
4279 1
4282 1
4283 2
4284 1
4285 2
4286 1
4287 1
4289 1
4290 1
4292 1
4294 2
4295 1
4298 1
4300 3
4304 3
4306 2
4307 1
4309 2
4310 2
4313 1
4314 1
4316 1
4318 3
4319 1
4320 1
4321 1
4322 1
4327 2
4330 1
4332 1
4333 1
4337 1
4338 2
4341 1
4342 2
4344 1
4345 2
4348 2
4349 1
4352 2
4354 2
4357 2
4359 1
4360 1
4361 1
4364 1
4365 1
4366 2
4367 1
4369 2
4372 1
4373 2
4375 1
4376 1
4378 4
4381 1
4382 1
4384 2
4385 1
4387 1
4390 2
4393 1
4396 1
4397 3
4401 1
4402 3
4403 1
4404 1
4405 1
4406 2
4408 2
4409 1
4410 1
4411 2
4412 1
4414 1
4417 1
4420 4
4424 1
4425 1
4426 1
4429 2
4431 1
4432 3
4433 1
4437 3
4438 2
4440 1
4441 1
4442 4
4444 1
4445 2
4447 2
4448 1
4450 1
4452 1
4457 2
4458 1
4459 1
4461 1
4462 2
4463 1
4465 1
4466 3
4468 2
4470 1
4471 1
4472 2
4473 1
4474 3
4475 1
4476 1
4477 1
4478 1
4480 3
4483 2
4484 1
4485 1
4486 2
4490 1
4491 1
4492 2
4494 2
4497 1
4499 1
4501 21
4504 60
4505 2
4508 1
4509 1
4510 3
4511 3
4512 1
4513 1
4514 2
4515 1
4517 1
4519 1
4520 2
4522 1
4525 2
4527 1
4528 1
4530 2
4531 1
4534 1
4536 2
4537 1
4538 2
4539 1
4540 1
4541 1
4542 1
4543 3
4546 2
4549 3
4550 2
4552 1
4556 1
4560 1
4562 1
4564 2
4565 4
4566 2
4568 2
4571 1
4573 1
4574 1
4578 2
4579 1
4580 2
4582 1
4583 1
4585 2
4586 1
4587 1
4590 1
4591 1
4592 1
4594 2
4599 1
4600 1
4602 1
4604 2
4606 2
4607 1
4608 3
4609 3
4610 1
4611 1
4612 1
4613 1
4615 1
4621 2
4623 1
4624 2
4626 1
4628 2
4629 2
4631 2
4634 2
4635 1
4639 3
4640 1
4642 2
4643 2
4646 1
4648 1
4649 1
4651 1
4656 2
4657 1
4658 2
4660 31
4663 1
4665 1
4666 1
4669 2
4675 1
4678 4
4679 1
4680 3
4681 1
4684 1
4686 1
4687 1
4690 1
4691 5
4693 2
4694 1
4695 1
4696 1
4698 1
4701 1
4702 1
4703 2
4705 1
4706 1
4707 1
4708 1
4709 2
4711 1
4712 1
4714 2
4715 16
4718 1
4720 1
4721 1
4722 3
4723 2
4724 1
4726 1
4727 3
4728 1
4729 1
4732 2
4734 1
4735 3
4736 4
4738 1
4739 3
4741 4
4742 2
4744 1
4745 1
4747 1
4748 1
4749 1
4750 1
4751 1
4754 2
4756 3
4757 1
4758 3
4759 4
4760 1
4762 2
4763 2
4764 2
4765 1
4766 1
4768 1
4769 1
4770 1
4771 3
4772 2
4773 3
4774 1
4776 2
4777 5
4778 2
4780 1
4782 2
4783 1
4784 2
4787 2
4788 2
4790 1
4792 2
4793 1
4794 4
4795 1
4796 2
4797 2
4799 3
4800 1
4801 1
4802 1
4805 1
4806 4
4807 2
4809 1
4814 1
4816 1
4818 1
4821 1
4823 1
4829 1
4830 1
4831 2
4835 1
4839 1
4841 2
4845 2
4846 3
4847 1
4850 2
4851 2
4852 1
4853 4
4854 1
4855 1
4856 5
4858 3
4859 14
4860 1
4861 2
4862 4
4863 2
4864 1
4865 13
4867 2
4868 2
4870 5
4871 9
4872 1
4873 5
4874 1
4875 1
4876 5
4877 5
4879 5
4880 9
4881 2
4882 3
4883 2
4884 2
4885 4
4886 12
4887 8
4888 9
4889 18
4890 7
4891 8
4892 31
4893 12
4894 10
4895 22
4896 25
4897 6
4898 26
4899 9
4900 5
4901 10
4902 5
4903 12
4904 25
4905 7
4906 5
4907 27
4908 8
4909 12
4910 14
4911 6
4912 2
4913 15
4915 6
4916 7
4919 12
4920 9
4921 8
4922 16
4923 8
4924 7
4925 15
4926 15
4927 12
4928 18
4929 11
4930 1
4931 9
4932 4
4933 7
4934 9
4935 4
4936 4
4937 11
4938 8
4939 4
4940 7
4941 4
4942 5
4943 3
4944 3
4945 2
4946 3
4947 16
4948 1
4949 1
4950 2
4952 12
4954 2
4955 5
4956 3
4957 2
4959 4
4960 1
4961 1
4962 1
4963 2
4964 4
4965 4
4966 1
4968 1
4969 1
4970 4
4971 2
4972 2
4973 3
4974 1
4975 4
4976 5
4977 5
4978 3
4979 3
4980 2
4981 3
4982 1
4983 3
4984 3
4986 1
4987 9
4988 1
4989 1
4990 1
4992 1
4994 1
4995 1
4996 1
4997 2
4999 3
5000 2
5001 1
5002 1
5003 3
5007 2
5008 1
5010 2
5012 1
5016 1
5019 1
5020 1
5021 1
5022 1
5023 1
5024 2
5028 1
5029 1
5033 1
5034 17
5037 1
5038 2
5039 1
5040 1
5041 1
5042 3
5044 1
5046 1
5047 4
5051 2
5052 2
5053 7
5054 1
5056 1
5057 1
5063 1
5065 2
5066 1
5067 1
5071 1
5072 1
5074 1
5079 2
5080 2
5087 2
5089 1
5090 2
5091 1
5093 1
5094 2
5095 1
5099 3
5102 2
5105 1
5106 2
5108 3
5110 1
5118 2
5119 1
5120 6
5122 8
5123 1
5125 1
5126 1
5129 1
5130 4
5131 1
5135 1
5138 1
5140 1
5141 2
5143 1
5144 1
5145 2
5147 2
5153 1
5154 2
5155 2
5158 1
5161 1
5162 1
5163 2
5168 1
5174 1
5177 1
5178 60
5180 1
5181 2
5182 2
5183 1
5185 1
5186 5
5187 1
5190 1
5191 3
5195 2
5196 1
5199 1
5200 1
5202 2
5204 1
5205 1
5207 1
5208 1
5212 1
5213 2
5218 1
5221 1
5222 1
5228 1
5229 1
5230 1
5232 1
5233 1
5234 2
5239 1
5240 1
5241 1
5242 3
5244 1
5245 3
5246 2
5251 1
5252 1
5254 1
5258 1
5259 1
5261 1
5264 1
5273 1
5274 1
5275 1
5276 1
5277 1
5279 1
5281 1
5282 1
5284 1
5286 1
5287 2
5288 2
5290 1
5291 27
5294 1
5295 1
5303 2
5305 2
5306 1
5307 1
5309 1
5314 1
5315 1
5317 2
5318 4
5320 1
5321 1
5322 27
5326 1
5327 2
5330 1
5333 1
5334 1
5338 3
5342 6
5344 1
5345 2
5346 1
5347 2
5348 2
5349 2
5351 1
5354 3
5356 1
5359 1
5360 1
5361 1
5364 1
5365 2
5368 1
5369 2
5370 1
5374 1
5377 1
5384 1
5389 1
5390 2
5391 1
5393 1
5398 1
5402 3
5403 18
5404 2
5405 1
5407 1
5408 1
5409 1
5411 1
5412 1
5413 1
5416 2
5419 1
5421 3
5422 1
5423 1
5424 4
5425 1
5429 1
5435 1
5436 2
5438 1
5441 3
5443 1
5444 1
5447 1
5449 1
5452 2
5453 1
5454 1
5455 1
5456 1
5460 1
5462 1
5464 1
5466 3
5472 1
5474 1
5475 1
5477 1
5478 1
5479 1
5480 2
5484 1
5485 1
5486 2
5488 3
5489 1
5492 2
5498 1
5499 1
5502 1
5507 2
5508 1
5509 2
5511 1
5512 1
5514 1
5517 1
5524 2
5526 1
5530 1
5532 2
5533 1
5534 1
5535 1
5536 1
5540 1
5541 1
5546 1
5547 1
5550 1
5560 1
5561 1
5564 1
5567 1
5572 1
5575 1
5576 1
5577 2
5578 2
5579 1
5582 2
5584 1
5589 1
5591 1
5592 2
5598 3
5601 1
5606 1
5607 1
5609 1
5613 1
5618 1
5621 1
5627 1
5628 1
5629 1
5631 2
5632 1
5636 1
5647 1
5648 1
5650 1
5653 1
5655 1
5661 1
5665 3
5666 1
5671 2
5673 1
5674 1
5675 3
5680 2
5681 3
5683 1
5685 2
5686 1
5691 1
5695 2
5701 1
5702 1
5704 1
5705 1
5706 1
5707 2
5708 1
5709 6
5710 1
5712 1
5715 1
5718 2
5720 1
5722 1
5726 1
5727 1
5730 1
5732 2
5734 1
5738 1
5739 2
5744 1
5746 1
5748 1
5760 1
5764 1
5767 3
5769 1
5771 1
5772 2
5774 1
5775 1
5779 2
5783 1
5784 5
5785 2
5793 1
5797 1
5798 1
5799 1
5806 1
5811 2
5815 1
5816 3
5817 1
5818 1
5822 1
5824 1
5825 2
5830 1
5831 3
5835 1
5836 2
5837 2
5844 2
5845 3
5848 1
5854 1
5855 1
5856 2
5857 1
5860 1
5866 1
5870 3
5871 2
5873 2
5876 2
5881 1
5882 1
5883 1
5884 2
5888 1
5893 1
5895 2
5897 1
5901 1
5902 2
5903 1
5904 1
5906 1
5908 1
5910 1
5912 2
5920 1
5923 1
5924 1
5930 1
5931 1
5934 2
5940 2
5944 1
5945 1
5950 1
5954 1
5956 1
5961 1
5962 1
5966 1
5967 3
5968 2
5972 2
5974 1
5976 1
5978 1
5983 1
5985 1
5987 1
5990 2
5995 1
5996 1
6001 1
6002 1
6003 1
6004 3
6005 1
6007 1
6009 1
6012 1
6014 1
6016 1
6017 1
6019 2
6021 2
6023 1
6024 2
6026 1
6027 1
6028 1
6032 1
6034 1
6036 2
6038 1
6039 1
6041 2
6042 1
6044 2
6045 3
6046 2
6049 2
6053 1
6057 1
6059 1
6060 2
6063 1
6065 1
6072 2
6073 2
6074 1
6075 1
6081 1
6089 1
6090 2
6092 1
6094 1
6096 4
6098 1
6105 3
6106 4
6116 1
6118 1
6121 1
6122 1
6123 3
6126 1
6128 2
6131 3
6139 1
6143 1
6144 4
6149 1
6155 2
6157 2
6158 1
6160 1
6165 1
6169 1
6172 1
6173 1
6174 4
6178 1
6182 2
6183 1
6184 1
6186 1
6187 1
6188 2
6190 1
6191 1
6193 1
6196 1
6197 1
6198 1
6200 1
6202 1
6204 1
6208 1
6211 1
6213 1
6216 2
6217 1
6218 1
6222 1
6224 2
6227 1
6229 2
6232 1
6234 3
6240 1
6244 1
6248 2
6253 2
6257 1
6262 1
6264 1
6265 1
6266 2
6268 1
6270 2
6274 1
6276 2
6279 1
6282 1
6286 3
6288 2
6294 1
6297 2
6300 1
6302 1
6306 1
6307 1
6308 1
6311 2
6312 1
6316 2
6318 1
6319 16
6320 2
6323 1
6324 1
6329 1
6332 1
6336 1
6337 1
6340 1
6341 1
6343 2
6344 3
6349 1
6350 1
6351 2
6357 3
6360 1
6363 1
6366 1
6370 1
6372 1
6373 1
6375 1
6376 1
6378 1
6382 1
6387 1
6388 3
6393 1
6399 1
6400 1
6402 1
6403 1
6404 1
6406 1
6409 1
6411 1
6413 2
6414 1
6419 1
6421 1
6422 1
6423 1
6424 2
6430 1
6436 1
6438 1
6443 1
6446 1
6447 3
6459 1
6464 1
6465 2
6467 1
6468 1
6469 1
6474 1
6478 1
6480 1
6486 2
6487 1
6488 1
6490 1
6494 1
6496 1
6499 1
6503 1
6508 1
6512 1
6514 2
6519 1
6523 1
6525 1
6529 1
6534 1
6537 1
6538 1
6546 2
6547 1
6550 2
6551 2
6553 2
6556 1
6558 1
6559 1
6561 1
6564 2
6566 1
6568 1
6573 1
6577 1
6579 1
6582 1
6586 1
6595 2
6596 1
6598 1
6610 1
6618 1
6624 1
6625 1
6630 1
6632 1
6640 1
6646 1
6647 1
6653 1
6656 2
6660 1
6661 3
6662 6
6664 1
6665 2
6669 1
6671 1
6674 1
6676 1
6679 1
6680 1
6689 1
6690 1
6694 1
6698 1
6699 37
6700 3
6701 2
6708 1
6715 3
6719 1
6721 1
6724 1
6728 1
6736 1
6739 1
6742 3
6743 1
6746 1
6750 1
6752 1
6760 1
6762 4
6765 1
6766 2
6773 2
6774 1
6777 1
6780 1
6782 1
6786 2
6789 1
6796 1
6798 1
6806 1
6809 1
6811 1
6812 1
6817 1
6824 2
6825 1
6829 1
6835 1
6840 3
6841 1
6851 1
6852 1
6853 1
6856 1
6862 1
6867 1
6869 1
6872 2
6873 1
6874 1
6875 5
6879 1
6881 1
6882 1
6885 1
6889 2
6890 1
6891 1
6892 1
6900 1
6901 1
6908 1
6912 1
6914 2
6915 1
6921 1
6927 1
6928 1
6937 1
6939 2
6941 1
6944 1
6947 1
6949 1
6950 1
6951 2
6953 1
6954 2
6956 1
6958 1
6962 1
6963 1
6973 1
6976 1
6981 1
6994 1
6998 1
7005 1
7007 1
7008 1
7012 1
7013 1
7014 1
7025 2
7030 1
7033 1
7048 1
7049 1
7050 1
7054 1
7056 2
7063 1
7065 1
7066 1
7068 2
7072 2
7077 1
7082 1
7088 2
7089 1
7098 2
7104 1
7110 1
7113 1
7115 1
7123 1
7125 2
7130 1
7136 1
7141 1
7144 1
7145 1
7150 87
7154 1
7160 2
7165 1
7166 1
7172 2
7173 1
7174 1
7175 1
7178 1
7180 2
7182 1
7184 1
7187 1
7189 1
7192 1
7193 1
7201 1
7207 1
7208 1
7209 2
7221 1
7222 1
7224 1
7225 1
7226 1
7228 1
7232 2
7238 1
7241 1
7242 1
7245 1
7246 1
7248 2
7251 1
7252 1
7255 1
7257 1
7259 2
7260 1
7263 1
7264 1
7266 1
7267 1
7271 1
7274 1
7275 2
7277 5
7279 1
7280 2
7281 1
7285 3
7287 1
7294 1
7295 1
7298 1
7301 1
7302 1
7307 1
7308 1
7312 1
7314 1
7319 1
7321 2
7333 2
7335 1
7353 1
7357 1
7360 1
7361 1
7362 1
7371 1
7373 1
7375 1
7379 1
7380 1
7381 1
7389 3
7396 1
7407 2
7409 1
7410 1
7411 1
7413 1
7418 1
7422 1
7424 1
7425 1
7429 1
7431 1
7432 1
7433 1
7435 1
7436 1
7439 1
7448 1
7452 1
7457 1
7458 1
7461 1
7465 1
7467 1
7469 1
7473 2
7474 1
7478 2
7487 1
7492 1
7493 1
7494 2
7498 1
7502 1
7504 1
7510 2
7516 1
7521 1
7525 3
7526 2
7527 2
7528 1
7537 1
7540 2
7544 2
7552 1
7556 1
7557 2
7558 1
7566 1
7567 1
7573 1
7574 1
7575 1
7586 1
7588 1
7595 1
7599 1
7605 1
7608 1
7612 1
7621 1
7623 1
7634 1
7638 1
7639 2
7644 1
7647 1
7648 1
7651 1
7652 2
7654 1
7657 1
7658 1
7659 2
7664 1
7670 1
7680 2
7691 1
7693 1
7698 1
7699 1
7703 1
7713 1
7717 1
7727 1
7728 1
7738 2
7753 1
7756 1
7758 1
7762 1
7766 1
7771 2
7782 1
7785 2
7786 1
7787 1
7792 1
7800 1
7803 1
7809 1
7813 1
7815 1
7830 1
7835 1
7836 1
7839 1
7840 1
7844 1
7847 1
7862 1
7872 1
7876 1
7877 1
7881 1
7887 1
7891 2
7893 1
7894 2
7896 3
7901 1
7903 1
7905 1
7906 1
7909 2
7910 1
7912 1
7920 2
7924 1
7926 1
7939 1
7940 9
7941 1
7944 1
7948 1
7954 1
7956 1
7959 1
7963 2
7964 1
7971 1
7976 1
7977 1
7978 1
7981 1
7985 1
7992 1
7993 1
7995 3
7997 2
8001 1
8002 1
8005 1
8011 3
8016 1
8024 1
8026 1
8030 1
8032 1
8037 1
8044 2
8046 1
8050 1
8066 1
8067 2
8068 1
8071 1
8072 1
8075 1
8078 2
8088 2
8092 1
8093 1
8095 1
8101 1
8102 1
8103 1
8106 2
8107 1
8111 1
8113 1
8115 1
8116 1
8123 1
8125 1
8127 1
8131 1
8134 1
8139 2
8141 1
8143 1
8145 1
8147 1
8150 1
8152 2
8156 1
8161 1
8168 3
8172 1
8183 1
8184 1
8186 1
8192 12
8194 1
8199 1
8200 2
8210 2
8215 1
8223 1
8245 1
8246 1
8249 1
8260 1
8262 1
8274 1
8275 1
8278 1
8285 1
8286 1
8290 1
8295 1
8299 2
8319 1
8322 2
8327 1
8333 1
8341 1
8343 1
8344 1
8346 1
8353 1
8356 1
8357 1
8358 1
8361 2
8363 1
8365 1
8366 1
8370 1
8377 1
8380 1
8406 1
8407 1
8411 1
8414 2
8415 1
8416 1
8417 1
8423 1
8430 1
8431 1
8432 1
8437 2
8440 1
8445 2
8453 1
8471 1
8483 2
8488 1
8493 12
8497 1
8508 2
8521 2
8527 1
8529 1
8535 1
8540 1
8544 1
8556 4
8558 1
8564 1
8565 1
8568 2
8569 1
8588 1
8591 1
8598 1
8603 1
8607 2
8611 2
8613 1
8614 1
8617 1
8620 1
8629 2
8630 1
8631 1
8632 2
8634 1
8637 1
8639 1
8646 1
8652 2
8654 1
8665 1
8666 4
8677 3
8683 1
8684 1
8685 1
8691 1
8702 1
8703 1
8704 2
8710 1
8712 1
8713 1
8717 1
8724 1
8728 1
8732 1
8739 1
8746 1
8754 1
8755 2
8764 1
8769 1
8770 1
8774 2
8776 1
8777 2
8790 1
8802 1
8805 1
8808 1
8810 1
8811 1
8819 2
8824 1
8840 2
8844 1
8847 1
8853 1
8860 1
8865 2
8868 1
8871 1
8873 1
8874 1
8889 1
8891 1
8900 1
8917 1
8920 1
8925 1
8926 1
8931 1
8933 1
8937 1
8940 1
8960 1
8962 1
8978 3
8995 1
8996 1
9003 1
9007 1
9010 2
9014 1
9020 1
9035 1
9037 1
9038 1
9040 1
9042 1
9043 1
9046 1
9047 1
9051 1
9056 3
9058 1
9059 1
9064 1
9068 4
9070 1
9085 1
9087 1
9090 1
9092 1
9093 1
9097 1
9106 1
9108 1
9110 1
9114 1
9129 1
9136 2
9141 1
9146 1
9151 1
9161 1
9168 1
9172 1
9182 1
9186 1
9195 1
9206 1
9207 1
9216 1
9220 1
9224 2
9227 2
9237 1
9238 2
9239 1
9240 1
9253 1
9256 1
9259 1
9264 2
9268 1
9269 1
9272 1
9274 1
9278 1
9280 1
9292 1
9303 1
9308 2
9312 1
9317 1
9318 1
9329 1
9340 1
9352 1
9354 1
9360 1
9363 3
9371 17
9378 2
9386 1
9395 2
9396 1
9400 1
9404 1
9406 1
9409 1
9411 1
9417 1
9419 1
9437 1
9449 1
9459 1
9461 1
9463 1
9469 1
9474 1
9475 1
9476 1
9490 1
9492 1
9493 1
9499 1
9500 1
9509 2
9516 1
9521 1
9523 1
9524 1
9525 1
9528 1
9541 2
9545 1
9552 1
9558 1
9562 1
9567 2
9573 2
9577 1
9593 1
9598 2
9601 1
9603 2
9606 1
9608 3
9609 1
9612 1
9639 1
9644 1
9648 1
9649 1
9654 1
9657 1
9662 1
9663 1
9676 1
9682 1
9684 1
9685 1
9690 1
9697 3
9702 1
9705 1
9706 1
9719 2
9720 1
9723 1
9728 1
9731 1
9735 1
9746 1
9749 1
9752 1
9753 1
9757 1
9773 1
9775 1
9781 1
9783 1
9790 1
9793 1
9797 7
9799 1
9819 2
9830 1
9831 1
9833 1
9834 1
9836 1
9838 1
9846 1
9853 2
9860 1
9862 1
9867 1
9875 2
9880 4
9883 1
9887 1
9892 1
9897 1
9907 1
9914 269
9918 1
9932 1
9933 1
9940 1
9941 1
9942 2
9948 6
9951 1
9961 1
9964 1
9965 1
9970 1
9974 2
9978 1
9991 1
9998 1
10002 1
10010 1
10012 1
10031 1
10041 1
10046 1
10049 1
10050 1
10059 1
10075 1
10076 2
10077 1
10087 1
10090 1
10103 1
10108 1
10109 1
10116 1
10122 1
10126 2
10135 1
10137 2
10153 1
10165 1
10173 1
10181 1
10188 1
10190 1
10192 2
10194 1
10201 1
10225 1
10226 1
10230 2
10236 1
10240 10
10247 2
10252 1
10256 1
10260 1
10265 1
10275 1
10277 1
10284 1
10290 1
10307 1
10317 1
10318 1
10320 1
10329 1
10334 1
10335 1
10346 1
10347 1
10350 1
10355 1
10356 1
10385 1
10387 1
10397 1
10402 1
10406 1
10425 1
10434 1
10436 1
10444 1
10445 1
10447 1
10453 1
10465 1
10481 1
10484 1
10485 1
10494 1
10504 1
10519 1
10540 1
10543 1
10544 1
10545 1
10553 2
10562 1
10567 1
10586 1
10588 1
10592 1
10593 3
10598 1
10605 1
10617 1
10637 1
10639 1
10641 1
10645 1
10646 2
10648 1
10659 1
10667 1
10668 1
10683 1
10718 1
10722 4
10728 1
10743 1
10752 5
10753 1
10757 1
10762 1
10763 2
10769 1
10774 1
10776 1
10779 1
10799 4
10800 1
10808 2
10818 1
10829 2
10832 2
10839 4
10842 1
10844 1
10846 1
10852 1
10857 1
10865 1
10866 2
10880 2
10898 1
10901 1
10903 3
10910 1
10921 1
10923 1
10925 1
10934 1
10953 1
10967 1
10980 1
10987 1
10999 2
11007 1
11009 2
11015 1
11026 1
11057 1
11074 1
11089 1
11098 1
11101 1
11108 1
11125 1
11137 1
11138 2
11141 1
11150 1
11157 1
11169 2
11176 2
11187 1
11191 1
11193 1
11194 1
11196 1
11197 1
11200 1
11208 1
11211 1
11213 1
11220 1
11230 1
11232 2
11234 1
11236 1
11238 1
11239 1
11252 1
11276 1
11280 1
11289 1
11302 2
11303 1
11304 1
11313 4
11328 3
11337 1
11342 1
11349 2
11355 1
11374 1
11376 1
11380 1
11382 1
11388 1
11403 1
11404 1
11416 1
11420 1
11427 1
11432 1
11439 1
11440 1
11447 1
11452 3
11454 1
11463 6
11465 3
11468 1
11471 1
11479 2
11491 1
11494 1
11505 1
11510 1
11513 1
11520 1
11528 2
11536 1
11559 1
11586 1
11588 1
11593 1
11606 1
11615 1
11651 1
11652 1
11658 2
11671 1
11674 1
11693 1
11699 1
11700 1
11708 1
11713 1
11720 1
11726 1
11737 1
11738 1
11753 1
11769 2
11771 1
11776 1
11777 1
11779 3
11794 1
11800 1
11809 1
11817 2
11821 1
11842 1
11846 1
11865 1
11866 1
11867 1
11868 1
11869 1
11870 1
11874 1
11882 1
11891 1
11901 1
11928 2
11936 1
11943 1
11954 1
11957 1
11963 1
11965 1
11974 2
11989 1
12011 1
12022 1
12027 1
12029 1
12032 1
12039 1
12073 1
12094 2
12099 1
12112 1
12113 1
12122 3
12124 1
12126 3
12136 2
12154 2
12161 1
12162 2
12167 1
12168 1
12173 2
12176 1
12183 1
12191 1
12193 2
12200 1
12208 1
12212 1
12214 1
12230 1
12238 1
12257 1
12280 1
12281 1
12288 5
12289 1
12294 2
12300 1
12302 1
12337 1
12344 1
12363 1
12365 1
12374 1
12381 1
12384 2
12386 3
12396 1
12399 2
12400 1
12406 1
12409 1
12427 1
12428 1
12429 1
12446 1
12447 1
12451 1
12461 1
12463 1
12468 1
12475 1
12498 1
12508 1
12512 1
12514 1
12523 1
12524 1
12546 1
12547 1
12550 1
12551 1
12565 1
12582 1
12593 1
12596 1
12598 1
12600 1
12611 1
12614 1
12623 1
12646 1
12661 1
12662 1
12685 1
12706 2
12711 1
12715 1
12737 1
12741 1
12756 1
12759 1
12763 1
12780 2
12781 1
12782 1
12784 1
12802 1
12833 1
12854 1
12856 1
12867 1
12869 1
12881 1
12894 1
12896 1
12914 1
12918 1
12939 1
12942 1
12954 1
12956 1
12968 1
12971 1
12975 2
12980 1
13005 1
13020 1
13025 1
13037 1
13038 2
13044 1
13057 2
13058 1
13060 2
13073 1
13078 2
13086 1
13092 1
13100 1
13126 1
13129 2
13144 1
13149 1
13151 2
13160 1
13165 1
13175 1
13184 1
13197 1
13202 1
13203 1
13217 1
13225 1
13229 1
13234 1
13238 3
13250 1
13252 1
13256 1
13260 1
13266 4
13271 1
13273 1
13275 1
13284 1
13288 1
13295 1
13298 1
13299 1
13312 2
13342 1
13355 1
13358 1
13363 1
13374 1
13387 1
13410 2
13414 1
13437 1
13462 1
13463 2
13473 1
13474 2
13481 1
13491 1
13512 1
13520 1
13523 1
13525 1
13537 1
13545 1
13551 1
13555 1
13561 1
13563 1
13583 1
13609 1
13618 1
13619 1
13634 1
13654 1
13657 1
13658 1
13677 1
13679 1
13686 1
13699 1
13706 1
13711 1
13734 1
13747 2
13757 1
13776 1
13786 1
13831 1
13832 1
13834 4
13835 1
13838 2
13849 1
13855 1
13858 3
13878 1
13886 1
13888 1
13891 1
13892 1
13894 1
13896 1
13897 1
13901 1
13926 1
13962 1
13984 1
13991 1
14008 1
14016 1
14017 1
14024 1
14026 1
14049 1
14053 1
14083 1
14084 1
14090 1
14102 1
14122 1
14123 1
14133 1
14154 1
14159 1
14169 1
14187 1
14204 1
14206 1
14220 1
14237 1
14238 2
14246 1
14262 2
14273 1
14298 2
14308 1
14309 2
14310 1
14314 1
14322 1
14343 1
14351 1
14362 2
14365 1
14406 2
14416 2
14454 1
14460 1
14461 1
14479 1
14529 1
14558 1
14562 1
14565 3
14574 1
14578 1
14582 1
14594 1
14602 1
14605 1
14640 1
14646 1
14652 1
14677 1
14710 1
14720 16
14730 1
14735 1
14741 1
14769 1
14784 1
14785 1
14792 1
14812 1
14830 1
14834 1
14837 1
14852 1
14858 1
14862 1
14874 1
14875 1
14894 1
14911 1
14914 1
14925 1
14930 1
14935 1
14955 1
14979 2
14988 1
15003 2
15026 1
15038 1
15041 1
15043 1
15052 1
15058 1
15089 1
15104 1
15107 1
15128 3
15156 3
15177 1
15186 2
15190 2
15194 1
15203 1
15295 1
15306 1
15326 1
15328 1
15339 1
15349 1
15352 1
15354 1
15355 1
15360 1
15361 2
15369 1
15381 1
15389 2
15391 1
15402 2
15407 1
15410 2
15417 2
15421 1
15422 1
15426 1
15430 1
15440 1
15443 1
15444 1
15450 2
15460 1
15462 1
15465 1
15466 1
15473 1
15475 1
15479 1
15480 1
15483 1
15503 1
15508 1
15509 1
15510 2
15536 1
15552 1
15555 1
15560 1
15565 1
15570 3
15581 1
15583 1
15592 2
15593 2
15614 2
15630 1
15638 1
15640 1
15641 1
15653 1
15667 2
15674 1
15676 1
15682 2
15684 1
15686 1
15690 1
15693 1
15697 1
15698 2
15703 1
15711 2
15718 1
15730 2
15733 1
15742 1
15745 1
15750 1
15753 1
15757 1
15777 1
15779 1
15780 2
15781 1
15782 1
15794 1
15797 1
15802 1
15809 1
15810 2
15814 1
15818 1
15826 1
15832 1
15842 1
15849 2
15852 1
15859 2
15861 1
15872 1
15879 1
15882 1
15898 1
15899 1
15902 2
15907 3
15918 1
15930 2
15938 1
15946 1
15958 1
15962 1
15974 1
15993 1
16006 1
16018 1
16026 2
16028 1
16029 1
16039 1
16044 2
16063 2
16082 1
16097 2
16108 2
16111 1
16117 1
16121 1
16122 1
16124 1
16126 1
16157 1
16183 1
16202 1
16203 1
16210 1
16231 1
16241 1
16263 1
16264 1
16292 1
16309 1
16314 1
16335 1
16353 1
16363 1
16364 1
16378 1
16392 1
16417 1
16421 1
16440 1
16447 6
16450 1
16467 1
16470 1
16483 1
16519 1
16530 1
16535 1
16585 2
16587 1
16606 1
16662 1
16671 1
16676 3
16742 1
16757 1
16831 1
16877 1
16882 1
16917 1
16925 1
16934 1
16944 1
16955 2
16959 1
16976 1
16983 1
16989 1
16992 3
16996 1
17015 9
17034 3
17037 1
17085 1
17114 2
17121 1
17127 9
17138 1
17143 1
17144 1
17145 1
17155 1
17157 1
17219 1
17230 1
17235 1
17239 1
17245 1
17257 1
17260 1
17261 2
17267 1
17283 1
17284 9
17307 1
17330 1
17339 1
17349 1
17355 1
17385 1
17392 1
17396 8
17412 1
17413 1
17414 1
17438 2
17468 1
17479 1
17499 2
17507 2
17512 1
17554 2
17583 1
17587 1
17591 1
17624 1
17639 3
17661 1
17665 1
17689 1
17698 1
17702 1
17718 1
17741 1
17760 1
17783 1
17792 1
17793 1
17804 1
17839 1
17840 1
17842 1
17860 1
17871 1
17872 2
17898 1
17906 1
17919 1
17920 1
17942 1
17963 1
17973 1
17983 1
17996 1
18009 1
18027 1
18028 1
18032 2
18041 1
18063 3
18068 1
18070 1
18094 1
18106 1
18115 1
18159 1
18164 1
18197 1
18198 1
18234 1
18251 1
18263 1
18286 1
18294 1
18314 1
18359 1
18429 1
18446 1
18457 1
18473 1
18482 1
18493 1
18501 1
18503 1
18524 1
18530 1
18539 1
18543 1
18562 1
18574 1
18580 1
18587 1
18602 1
18603 1
18607 1
18612 1
18642 2
18679 1
18680 1
18686 1
18695 1
18717 1
18739 1
18743 1
18754 1
18771 1
18774 1
18815 1
18819 1
18826 1
18830 1
18838 1
18847 1
18855 1
18871 1
18897 1
18952 1
18982 1
18988 1
18990 2
19010 2
19013 1
19015 1
19090 1
19098 1
19117 1
19118 1
19169 1
19191 1
19213 2
19225 1
19234 2
19236 1
19298 1
19301 2
19326 1
19334 2
19346 1
19361 1
19399 1
19405 1
19428 1
19449 12
19453 2
19465 1
19474 1
19518 1
19545 2
19562 1
19566 1
19568 2
19571 1
19622 1
19629 1
19633 1
19636 1
19644 1
19645 1
19654 1
19714 1
19728 1
19731 2
19767 1
19770 1
19773 1
19784 2
19792 2
19806 1
19822 1
19833 1
19839 1
19855 1
19856 1
19858 1
19861 1
19888 1
19943 1
19962 1
19965 1
19967 1
20039 1
20052 1
20058 1
20066 1
20079 1
20080 1
20126 2
20147 1
20155 1
20183 2
20226 1
20232 1
20236 1
20242 1
20270 2
20282 1
20286 1
20292 1
20296 1
20337 1
20355 1
20367 1
20373 1
20380 1
20385 1
20403 2
20410 1
20426 1
20429 1
20434 1
20452 1
20464 1
20506 1
20516 1
20542 1
20567 1
20584 2
20588 1
20602 1
20608 1
20612 2
20647 1
20692 1
20702 1
20719 1
20757 1
20767 1
20779 2
20840 1
20859 1
20874 1
20905 1
20911 1
20937 1
20951 2
20952 1
20968 1
20992 1
21004 1
21005 1
21019 1
21083 1
21116 1
21120 1
21146 1
21199 1
21202 1
21211 1
21229 1
21234 1
21279 1
21306 2
21353 1
21392 1
21400 1
21413 1
21457 2
21483 1
21491 1
21526 1
21530 1
21535 1
21573 1
21605 1
21606 1
21624 1
21627 1
21635 1
21667 3
21682 1
21723 1
21742 1
21754 1
21784 1
21813 1
21817 2
21868 1
21878 1
21882 2
21884 1
21944 1
21953 2
21969 1
21980 1
22003 1
22024 1
22035 1
22081 1
22111 1
22119 1
22124 1
22133 1
22136 1
22165 1
22174 1
22239 1
22250 3
22277 1
22283 1
22298 1
22330 1
22373 1
22406 2
22424 2
22469 2
22472 1
22477 1
22494 1
22510 1
22571 1
22581 1
22597 1
22695 1
22719 1
22743 1
22780 1
22806 1
22867 1
22886 1
22927 1
22967 1
22984 2
23035 1
23048 1
23076 1
23118 1
23189 2
23242 2
23257 1
23260 1
23280 1
23287 1
23290 1
23299 1
23302 1
23350 1
23377 1
23404 2
23411 2
23426 1
23432 1
23471 2
23501 1
23505 1
23511 1
23531 1
23560 1
23565 2
23567 1
23612 1
23628 1
23727 1
23790 1
23878 1
23882 1
23883 1
23916 1
23928 1
23934 1
23936 1
23956 1
23965 1
23967 1
23972 1
23995 66
24007 1
24024 1
24040 1
24073 1
24080 1
24100 1
24136 1
24139 1
24146 1
24199 1
24231 1
24284 1
24348 1
24353 1
24358 1
24386 1
24393 1
24394 1
24403 1
24425 1
24428 1
24459 1
24469 2
24491 4
24495 1
24517 1
24528 1
24553 1
24576 5
24632 1
24654 1
24663 1
24682 1
24691 1
24742 1
24759 1
24770 1
24782 1
24792 1
24820 1
24873 1
24874 1
24940 1
24947 1
24979 1
25010 1
25011 1
25032 1
25060 1
25080 1
25091 1
25113 1
25123 1
25133 1
25188 1
25189 1
25222 2
25243 2
25265 1
25271 1
25292 1
25307 1
25324 1
25341 1
25346 1
25452 1
25454 1
25466 1
25489 1
25491 1
25536 1
25542 1
25602 1
25620 2
25673 1
25693 1
25881 1
25895 1
25899 2
25964 1
26018 1
26111 1
26119 3
26140 1
26152 1
26153 1
26230 1
26248 1
26258 1
26293 2
26337 40
26344 1
26398 1
26404 1
26416 179
26435 1
26535 1
26588 2
26616 1
26621 1
26627 1
26632 1
26682 1
26697 1
26698 1
26721 1
26734 1
26748 1
26750 1
26855 1
26873 1
26909 1
26929 1
26937 1
26944 1
26989 1
27045 1
27062 2
27079 1
27092 1
27118 1
27209 1
27224 1
27232 1
27233 1
27365 1
27375 1
27392 1
27401 2
27426 12
27447 1
27491 1
27497 1
27568 1
27580 2
27612 1
27629 1
27656 1
27677 1
27684 1
27692 1
27715 2
27781 2
27830 1
27835 1
27849 1
27893 1
27897 1
27913 2
27966 1
28014 1
28027 1
28045 1
28096 1
28129 1
28141 2
28191 1
28214 1
28222 1
28233 1
28250 1
28266 2
28295 2
28329 1
28352 1
28449 1
28500 1
28545 1
28561 1
28569 4
28621 1
28629 1
28653 1
28689 2
28708 1
28797 1
28801 3
28816 1
28845 1
28865 1
28873 1
28925 1
28940 1
28947 2
29006 1
29012 1
29021 1
29038 1
29039 1
29082 1
29141 1
29147 1
29156 1
29280 3
29313 5
29325 1
29353 1
29357 1
29390 1
29421 2
29488 1
29505 3
29550 2
29574 1
29594 1
29602 1
29630 1
29652 1
29660 1
29668 1
29705 2
29762 1
29812 1
29847 1
29855 1
29857 2
29873 2
29902 1
29910 2
29942 1
29992 1
30017 5
30018 1
30092 2
30134 1
30157 1
30205 1
30217 1
30231 1
30242 1
30277 1
30319 1
30344 1
30349 1
30362 1
30445 1
30521 1
30532 1
30574 1
30576 1
30596 2
30619 1
30634 1
30661 1
30747 1
30773 1
30779 1
30817 1
30840 1
30844 1
30877 1
30889 1
30897 1
30907 1
30933 1
30954 1
30969 1
31064 1
31067 1
31073 2
31076 1
31091 1
31112 1
31170 1
31174 1
31176 1
31225 1
31251 1
31257 1
31265 1
31280 1
31293 1
31295 1
31323 1
31344 1
31439 1
31440 17
31474 1
31481 1
31598 1
31608 1
31620 1
31694 1
31766 1
31771 1
31787 4
31833 1
31836 2
31859 2
32074 1
32075 1
32132 2
32168 1
32198 1
32218 1
32222 1
32249 1
32303 1
32323 1
32341 1
32373 1
32410 1
32423 1
32476 1
32653 1
32731 2
32768 4
32799 1
32834 1
32849 1
32983 1
33000 1
33036 1
33123 1
33137 1
33162 1
33166 1
33189 1
33193 1
33243 1
33282 1
33289 1
33300 1
33516 1
33573 1
33600 1
33647 1
33654 1
33676 2
33692 1
33701 1
33712 1
33802 1
33817 1
33827 1
33938 49
34011 1
34093 1
34096 1
34133 1
34235 1
34245 1
34251 2
34262 1
34286 1
34339 1
34405 1
34417 1
34474 1
34507 2
34628 1
34773 1
34813 1
34822 1
34833 1
34848 3
34857 2
34909 1
35017 1
35038 2
35054 1
35072 1
35128 3
35250 1
35255 1
35324 1
35330 1
35334 1
35355 1
35406 1
35412 1
35422 1
35429 1
35456 1
35520 1
35589 1
35603 1
35609 1
35642 1
35781 1
35841 1
35869 1
35952 1
36052 1
36069 40
36115 1
36121 1
36135 1
36211 2
36391 1
36422 1
36502 1
36514 2
36541 90
36572 5
36578 82
36584 1
36624 1
36699 1
36807 1
36858 1
36864 3
36878 1
36901 1
36913 2
36959 1
37075 1
37076 1
37133 1
37148 1
37152 1
37157 1
37161 1
37193 1
37197 1
37281 1
37338 1
37389 1
37656 1
37681 1
37721 1
37745 1
37779 2
37829 1
37839 1
37853 1
37920 1
37994 1
38070 1
38094 1
38107 1
38145 1
38217 1
38221 2
38257 3
38269 1
38293 1
38303 1
38315 1
38365 1
38462 1
38470 1
38486 1
38541 1
38552 1
38558 1
38601 1
38609 1
38611 1
38667 1
38743 1
38769 1
38773 2
38801 1
38805 1
38815 1
38832 2
38835 1
38882 1
39065 1
39130 1
39259 1
39261 1
39286 1
39327 2
39339 2
39511 1
39528 1
39628 1
39671 1
39768 1
39778 1
39870 1
39917 1
40111 1
40122 1
40198 1
40234 1
40309 1
40313 1
40332 1
40335 1
40385 1
40429 1
40465 1
40594 1
40617 2
40629 2
40694 1
40752 1
40782 1
40788 1
40879 1
40903 1
40905 1
40914 1
40960 1
40977 1
40989 2
40996 1
41080 1
41087 1
41126 1
41154 1
41343 1
41414 1
41501 2
41575 1
41626 1
41642 1
41713 1
41746 1
41797 1
42094 1
42314 1
42320 1
42350 1
42395 1
42409 1
42424 1
42463 1
42496 1
42571 2
42640 1
42649 2
42668 1
42839 2
42893 1
42974 1
42977 1
43020 1
43048 1
43086 1
43103 1
43179 3
43244 2
43302 1
43342 1
43426 1
43468 1
43520 1
43542 2
43622 1
43674 2
43776 1
44116 1
44141 1
44167 1
44203 1
44213 1
44258 1
44345 1
44431 1
44497 1
44641 1
44664 1
44806 2
44824 1
44874 1
44924 1
44953 1
44955 1
44968 1
44969 2
45110 1
45238 1
45337 1
45360 1
45439 1
45507 1
45555 1
45557 1
45626 1
45657 2
45659 4
45713 1
45897 2
46054 2
46073 1
46090 1
46142 1
46185 4
46272 1
46366 1
46405 1
46445 1
46481 1
46519 2
46525 2
46537 1
46579 1
46581 1
46594 1
46641 1
46668 1
46669 1
46689 1
46720 1
46722 2
46797 3
46811 1
47019 1
47144 1
47225 1
47270 1
47335 1
47393 1
47396 1
47412 1
47446 1
47467 1
47692 1
47747 2
47748 1
47797 1
47808 1
48081 1
48107 1
48180 1
48268 1
48440 1
48498 1
48524 1
48615 1
48689 1
48751 1
48761 1
48845 1
48872 1
49098 1
49133 1
49326 1
49393 1
49482 1
49547 1
49584 1
49585 1
49691 1
49700 1
49857 1
49865 1
49932 1
49970 1
50039 1
50053 1
50165 1
50229 1
50236 2
50325 1
50473 1
50518 1
50719 2
50790 1
50929 1
51100 1
51200 2
51224 1
51231 1
51335 1
51390 1
51402 1
51432 1
51452 1
51658 1
51669 1
51681 1
51732 1
51772 1
51860 1
51914 2
52029 1
52050 2
52292 1
52305 1
52420 1
52599 1
52747 1
52814 1
52840 2
52905 1
52969 1
53088 1
53096 1
53248 1
53473 2
53483 1
53614 1
53864 2
54049 1
54058 1
54272 1
54288 1
54698 1
54770 1
54829 1
54926 1
55039 2
55189 1
55225 1
55301 1
55341 1
55368 1
55618 1
55839 1
55878 1
56048 1
56345 1
56425 1
56758 1
56874 1
56880 1
56941 1
57234 1
57308 1
57344 1
57393 1
57428 1
57489 1
57609 2
57666 1
57705 1
57836 1
57997 1
58139 1
58142 1
58178 2
58400 1
58556 1
58557 1
58647 1
58678 1
58895 1
58907 1
58924 1
58984 1
59023 1
59169 1
59291 1
59361 1
59378 1
59710 1
59856 1
59875 2
59947 1
59967 1
60015 2
60068 1
60156 1
60159 2
60356 1
60456 1
60515 1
60701 1
60790 1
60802 1
60806 1
61213 1
61334 1
61379 1
61577 1
61699 1
61728 2
61920 1
62079 1
62416 1
62559 1
62636 1
62731 1
62785 1
63564 3
64507 1
64512 2
64521 1
64555 1
64620 1
64745 2
65100 1
65536 1
65568 1
65581 1
66196 1
66306 1
66317 1
66345 1
66572 1
66669 1
66738 2
66774 3
66915 1
67038 1
67063 1
67079 1
67122 1
67177 1
67290 1
67382 1
67665 1
67672 1
67777 1
67864 1
67949 1
67966 2
68273 1
68441 1
68540 1
69017 1
69190 1
69465 1
69525 1
69632 1
69639 1
69940 1
70103 1
70151 1
70212 1
70261 2
70380 2
70996 1
71291 1
71401 1
71717 1
71813 1
72027 1
72048 1
72103 2
72188 1
72254 1
72359 1
72460 1
72541 1
72557 1
72626 1
72649 1
72695 2
72838 1
72849 1
72939 1
73049 1
73112 1
73250 1
73437 1
73620 1
73866 1
73895 1
74186 1
74882 1
75122 1
75172 1
75490 1
75502 1
75960 1
76042 2
76344 1
76676 1
76787 1
76838 1
77092 1
77623 1
78036 1
78557 1
78712 1
79010 1
79322 2
79723 1
80098 1
80664 1
81348 1
81428 1
81569 1
81594 1
81665 1
81678 1
81756 1
82058 2
82279 1
82768 1
82985 1
83395 1
83481 1
83976 1
84009 1
84163 1
84340 1
84359 1
84562 1
84852 1
85014 1
85482 1
85557 1
85823 1
86353 1
86781 1
87107 1
87143 2
87167 2
87221 2
87487 1
87598 3
87776 1
88326 1
88405 1
88868 1
89065 1
89477 1
89607 1
89741 1
89982 1
90025 1
90068 1
90112 1
90130 1
90674 1
90853 1
90960 1
91130 1
91136 2
92384 5
92611 1
92791 2
92811 1
92834 1
93556 1
94240 1
94881 1
95064 1
95076 1
95161 2
96160 1
96261 1
96419 1
96940 1
97301 1
97799 1
97875 1
97917 1
97970 1
98304 1
98873 1
98900 1
99080 1
99362 1
99613 1
99845 1
100255 1
100281 1
100435 1
101140 1
101590 1
101671 1
101895 1
101949 1
102176 1
102327 1
102356 1
102400 7
102695 1
102787 1
102835 2
103982 1
104827 1
106068 1
106417 1
107510 1
107693 1
107849 1
107855 1
107858 1
107877 1
109384 1
109509 1
109877 1
110389 1
110528 1
110592 1
112060 1
112350 1
112790 1
112906 1
113418 1
114611 1
114683 1
115004 1
115099 1
115986 1
116095 2
116127 1
116852 1
118885 1
121703 2
122209 1
122805 1
122809 1
122914 1
122956 1
123061 1
123525 2
124140 1
124688 2
125501 1
126060 1
126466 1
126872 1
127244 1
127249 1
127710 1
128743 1
129194 2
129420 1
130464 1
130867 1
131463 2
131523 1
131699 1
131754 1
131844 1
132020 1
132035 1
132461 1
133163 1
133899 1
135168 1
135720 1
135780 1
136030 1
136600 1
137600 1
138371 1
139106 1
139715 1
141154 1
141208 3
141769 1
141846 1
143108 1
143548 1
144305 1
145387 1
145398 1
145595 1
145889 2
146070 1
148405 1
149452 1
151952 1
151996 1
152132 1
152168 1
153740 1
156420 1
158468 1
161220 1
161320 1
161597 1
162794 1
162898 1
163648 1
164705 1
166653 1
168389 1
170179 1
171556 1
172265 1
172588 1
173549 1
174109 1
174269 1
174301 1
176737 1
179257 1
179317 1
179502 1
182320 2
183435 1
184983 1
186137 1
186507 2
186789 1
186966 1
188881 1
188929 1
190365 1
190559 1
191744 1
192518 1
192719 1
193207 1
193929 1
194186 1
194931 1
196257 1
198596 1
199754 1
199775 1
201347 2
202280 1
205140 1
205672 1
210316 1
210977 1
212342 1
212354 1
216000 1
216305 1
217141 1
217556 1
218068 1
218104 1
219918 1
221184 1
222695 1
224077 1
224398 1
225355 1
228684 1
230077 1
230220 2
231244 1
232697 1
232799 1
242171 1
246580 1
247088 1
247178 1
248253 1
249856 1
250232 1
252195 1
253616 1
254164 1
254840 1
256000 2
256404 1
256467 1
256982 1
258065 1
258224 1
258772 1
259784 2
261328 2
262225 1
262868 1
265052 2
269277 1
274383 1
275076 1
282302 1
289779 1
296973 1
297625 1
297801 1
299481 1
304574 1
307200 6
308830 1
311135 1
312322 1
314248 1
315007 1
316052 1
316574 1
316927 1
319488 1
326804 1
347976 1
352561 1
353509 1
354283 1
357101 1
357832 1
358253 1
362240 1
362793 1
364646 1
366194 1
370238 1
371298 1
372298 1
373294 1
373362 1
373874 1
374763 1
375232 1
377990 1
379050 1
380050 1
381523 1
383198 1
399675 1
402289 1
406943 1
409354 1
415733 1
441910 1
450840 1
453870 1
464266 1
466718 1
467749 1
473788 1
485720 1
495616 2
496457 1
496510 1
498704 1
508755 1
523209 1
524093 1
527155 1
528771 1
549011 1
599838 1
606055 1
613823 1
614667 1
616033 1
617549 1
631963 1
649684 1
650268 1
650412 1
651124 1
656272 1
656984 1
657128 1
657712 1
658455 1
659532 1
659696 1
660552 1
663784 1
665016 1
665600 1
670796 1
671380 1
674088 1
688363 1
690757 1
733184 1
746357 1
761906 1
796525 1
807251 1
860130 1
860142 1
863081 1
936612 1
968546 1
985774 1
1034198 1
1038053 1
1059461 1
1145183 1
1169452 1
1173941 1
1289770 1
1307817 1
1345444 1
1414729 1
1418619 1
1447936 1
1463996 1
1480704 1
1481516 1
1489507 1
1638777 2
1646878 1
1667086 1
1746662 1
1875968 1
2030592 1
2167391 1
2279124 1
2519798 1
2740224 1
2749608 1
2882512 1
2909162 1
4207667 1
4256320 1
4684045 1
5349530 1
