0 253
1 13
2 4
3 58
4 169
5 146
6 121
7 9
8 9
9 10
10 5
11 25
12 10
13 4
14 12
15 10
16 6
17 5
18 7
19 6
20 17
21 13
22 16
23 17
24 25
25 21
26 24
27 23
28 14
29 50
30 14
31 8
32 3
33 8
34 5
35 10
36 9
38 6
39 6
40 8
41 7
42 7
43 6
44 8
45 16
46 9
47 2
48 6
49 7
50 5
51 3
52 1
53 2
54 5
55 4
56 1
57 7
58 5
59 8
60 11
61 8
62 2
63 4
64 6
65 2
66 6
67 3
68 5
69 7
70 102
71 6
72 5
73 4
74 3
75 4
76 2
77 7
78 1
79 3
80 6
81 5
82 4
83 3
84 4
85 2
86 4
87 2
88 4
89 3
90 5
91 2
92 3
93 6
94 2
95 5
96 11
97 2
98 1
99 9
100 7
101 22
102 1
103 4
104 2
105 4
106 5
107 2
108 4
109 4
110 4
111 2
112 5
113 4
114 1
115 2
116 2
118 5
119 3
120 3
121 8
122 2
123 7
124 18
125 77
126 32
127 1
128 8
129 6
130 1
131 2
132 4
133 6
134 5
135 5
136 6
137 8
138 4
139 4
140 2
141 3
142 2
143 3
144 2
145 4
146 2
147 4
148 9
149 7
150 3
151 2
152 3
153 3
154 6
155 2
156 5
157 2
158 3
159 1
160 5
161 2
162 6
163 4
164 3
165 3
166 1
167 1
168 5
169 6
170 9
171 3
172 2
173 8
174 3
175 1
176 1
177 4
178 4
179 2
180 2
181 4
182 3
183 10
184 3
186 4
187 4
188 6
189 2
190 1
191 4
192 2
193 3
194 4
195 1
196 3
198 2
199 3
200 2
201 4
203 5
204 2
205 1
206 1
207 2
208 5
209 21
210 43
211 1
212 5
213 6
214 3
215 3
216 2
217 3
218 4
219 6
220 2
221 1
222 5
223 3
224 3
225 3
226 3
227 1
228 6
229 2
230 1
231 3
232 3
233 2
234 3
235 2
236 4
237 4
238 2
239 5
240 2
241 2
242 5
243 4
244 3
245 3
246 3
247 1
248 5
249 3
250 1
251 2
252 6
253 2
254 4
255 1
256 2
257 3
258 1
259 3
260 1
261 1
262 3
263 1
264 3
265 1
266 1
267 1
268 5
269 5
270 1
271 4
272 2
273 3
274 4
275 4
276 4
277 3
278 2
279 3
280 7
281 3
282 3
283 1
284 7
285 1
286 3
287 2
288 3
289 1
290 1
291 3
292 2
293 2
294 4
295 1
296 5
297 3
298 4
300 4
301 1
302 5
303 2
304 5
305 3
306 1
307 5
309 6
310 6
311 4
313 1
314 5
316 4
317 2
318 3
319 4
320 4
321 2
322 9
323 2
324 4
325 1
327 4
328 1
329 1
331 6
332 2
333 5
334 1
336 3
337 3
338 2
339 2
340 1
341 2
342 1
343 2
344 4
345 1
346 2
348 1
349 3
350 1
351 76
352 2
354 4
355 1
356 1
357 2
358 3
359 4
360 4
361 1
362 1
363 2
364 6
365 5
366 6
367 2
368 3
369 3
370 4
371 5
373 2
374 3
375 1
376 1
377 4
378 4
379 4
380 2
381 3
382 1
383 2
384 8
385 3
387 2
388 4
389 4
390 1
391 2
392 4
394 4
395 1
396 5
397 1
398 2
399 2
400 3
401 1
402 1
403 3
404 2
405 5
406 4
408 2
409 3
411 1
412 3
413 3
414 6
415 4
416 2
417 1
418 7
419 4
420 2
421 1
422 2
423 1
424 1
425 4
426 1
427 1
428 7
429 1
430 1
431 1
432 3
433 3
434 1
436 21
437 29
438 1
440 1
441 2
442 1
443 1
444 4
447 4
448 3
449 2
450 3
451 2
452 3
453 1
454 7
455 6
456 4
457 2
458 6
459 2
460 1
461 3
462 1
463 1
464 3
465 4
466 1
467 3
468 2
471 2
472 1
474 1
475 3
476 2
477 1
478 4
479 1
480 4
481 1
483 4
486 4
487 1
488 1
490 1
492 1
494 2
495 1
496 3
497 3
498 1
500 7
501 3
502 3
503 3
504 3
505 1
507 1
508 3
509 3
511 3
512 788
514 1
515 1
516 1
517 2
518 1
519 1
520 3
521 3
522 2
524 2
525 1
527 2
528 1
529 2
530 5
531 1
532 2
533 3
534 1
535 1
536 1
538 3
539 2
540 2
541 3
542 2
543 2
544 2
546 5
549 6
550 2
551 3
554 1
555 1
556 1
557 2
558 2
560 1
561 1
562 1
563 2
564 1
565 1
566 2
567 5
568 1
569 3
570 1
571 1
573 1
574 1
575 5
576 2
577 2
579 11
580 1
582 5
584 3
585 6
586 3
588 1
589 1
591 4
592 1
593 4
594 2
595 2
596 1
598 1
599 1
600 2
601 4
603 1
606 2
608 2
609 3
610 2
611 3
612 2
614 4
616 1
617 1
618 1
619 1
621 4
622 1
623 1
624 3
625 3
626 2
628 1
629 3
630 1
631 1
632 3
633 4
634 1
636 1
637 2
638 1
640 1
642 1
643 1
644 2
646 3
648 1
649 2
650 2
651 1
653 1
654 5
656 3
657 6
658 3
659 4
660 3
661 2
662 1
663 1
664 3
666 4
667 1
668 1
670 4
671 2
672 2
673 2
674 2
677 2
679 1
680 4
681 4
682 1
683 2
684 3
685 2
690 1
691 1
692 2
693 1
694 1
695 4
696 1
697 3
698 1
699 1
700 2
702 2
703 1
705 1
706 2
708 1
710 2
711 1
712 3
714 1
715 1
716 5
717 1
718 1
719 1
724 1
725 2
726 1
728 1
729 2
730 3
731 3
732 2
733 1
739 1
740 1
741 2
743 5
744 2
745 1
746 1
749 2
750 1
751 2
752 2
753 1
754 4
755 2
756 1
757 2
760 1
762 1
764 5
765 3
768 1
769 3
770 1
771 2
772 1
774 2
777 1
778 4
781 2
783 2
785 1
788 1
790 2
791 1
794 1
795 2
796 3
798 2
801 1
802 1
803 2
804 1
805 9
806 1
807 1
809 2
810 1
811 2
813 1
814 1
815 2
817 1
818 1
820 1
823 3
824 1
826 1
828 4
829 1
830 2
833 1
834 1
835 2
836 1
837 1
838 1
839 4
840 5
841 1
842 1
843 1
844 2
845 1
846 1
847 2
848 2
849 1
850 1
851 2
853 4
854 2
855 1
856 2
857 3
858 1
859 2
860 8
861 3
862 3
864 1
865 1
866 1
867 1
868 2
869 3
870 2
872 2
873 3
874 1
875 3
876 1
877 1
878 3
879 1
880 1
882 3
883 2
884 2
885 1
886 3
887 1
888 1
889 2
890 1
891 1
893 2
894 1
896 1
897 5
899 5
900 9
901 5
902 1
903 1
904 1
906 2
908 1
909 2
910 2
911 1
912 2
913 1
914 1
915 1
916 1
917 1
919 1
920 2
921 2
923 4
924 1
925 4
926 3
927 1
928 1
929 1
931 1
933 2
936 1
937 1
938 1
939 2
940 2
943 1
944 1
945 2
946 2
947 4
948 1
949 1
950 1
952 1
953 1
956 3
957 4
959 1
960 1
961 2
962 1
964 1
966 1
969 2
970 1
972 2
974 2
975 1
976 3
977 2
978 3
981 1
985 1
986 2
988 3
989 3
994 1
995 1
996 1
997 1
999 1
1000 2
1002 1
1004 1
1007 1
1008 3
1009 2
1010 1
1011 1
1012 3
1014 1
1015 1
1017 3
1018 3
1019 7
1020 2
1021 5
1022 5
1023 3
1024 141
1025 4
1027 3
1028 2
1030 3
1031 1
1032 2
1034 1
1035 4
1036 1
1037 1
1039 3
1040 24
1041 2
1042 1
1043 2
1044 1
1046 1
1048 2
1050 3
1052 1
1053 3
1056 1
1059 2
1060 1
1062 1
1063 1
1064 2
1065 1
1066 1
1067 2
1068 4
1072 1
1073 1
1074 1
1075 3
1076 3
1078 1
1079 1
1081 1
1084 2
1086 1
1087 1
1090 1
1091 2
1094 1
1095 2
1096 4
1097 4
1098 2
1099 3
1100 2
1101 1
1102 2
1103 5
1104 2
1105 1
1107 1
1108 1
1109 1
1110 1
1111 2
1113 1
1114 1
1115 1
1116 2
1117 1
1118 1
1119 1
1122 1
1123 2
1128 1
1130 1
1131 1
1133 1
1134 1
1135 3
1136 3
1139 1
1142 1
1143 1
1144 1
1145 1
1146 1
1147 1
1148 1
1149 1
1150 2
1151 1
1152 1
1154 2
1155 1
1156 2
1158 1
1159 1
1160 1
1162 2
1164 3
1165 1
1166 1
1167 4
1168 1
1169 2
1170 3
1171 3
1172 1
1173 1
1176 1
1179 1
1180 1
1181 1
1182 1
1184 3
1185 2
1186 1
1189 1
1190 1
1192 1
1193 1
1194 2
1195 1
1197 1
1198 1
1202 1
1203 2
1204 1
1206 1
1208 3
1209 1
1210 2
1212 1
1214 1
1216 1
1217 5
1219 2
1221 1
1222 1
1223 1
1225 1
1226 1
1227 2
1231 3
1235 1
1236 1
1239 1
1240 1
1242 3
1243 1
1244 2
1248 2
1249 2
1250 2
1253 2
1254 1
1255 5
1256 3
1258 1
1264 2
1266 1
1267 1
1270 1
1271 3
1276 3
1277 1
1280 1
1282 2
1283 1
1286 1
1289 1
1290 1
1291 2
1292 2
1293 2
1296 1
1297 2
1298 2
1299 2
1300 1
1301 1
1302 1
1303 1
1305 1
1306 1
1307 1
1309 1
1311 5
1312 4
1315 1
1316 1
1318 1
1320 1
1323 1
1324 1
1325 1
1326 1
1328 1
1333 3
1338 1
1339 1
1340 1
1343 1
1344 3
1345 3
1346 1
1347 1
1348 1
1350 1
1351 1
1352 2
1353 2
1355 2
1357 1
1358 1
1359 3
1360 1
1362 2
1363 1
1364 1
1365 1
1369 1
1370 1
1372 3
1376 1
1378 1
1379 1
1380 2
1382 2
1383 1
1384 1
1385 1
1386 3
1388 1
1389 1
1390 1
1392 1
1394 1
1396 1
1397 1
1399 1
1400 1
1403 1
1405 1
1407 3
1409 1
1410 1
1412 2
1419 1
1420 1
1422 1
1423 1
1424 2
1426 1
1428 1
1430 1
1431 2
1432 1
1440 1
1442 2
1443 1
1444 1
1446 1
1447 1
1448 1
1450 1
1451 2
1453 1
1460 1
1461 2
1463 3
1466 1
1472 1
1473 2
1474 1
1475 1
1477 1
1478 1
1480 2
1481 2
1482 1
1483 1
1484 3
1485 1
1486 1
1487 2
1488 2
1489 1
1490 1
1491 4
1492 1
1495 1
1496 1
1498 1
1502 2
1503 1
1506 1
1507 2
1508 1
1510 1
1514 1
1516 2
1519 3
1521 1
1524 1
1529 1
1530 1
1531 2
1534 1
1536 38
1537 1
1538 1
1539 1
1550 3
1551 1
1552 1
1553 3
1554 1
1559 1
1560 1
1561 1
1562 1
1564 1
1566 2
1567 1
1569 1
1572 1
1575 4
1576 4
1580 1
1581 3
1582 1
1584 1
1585 2
1586 1
1587 1
1591 2
1592 1
1598 2
1599 1
1601 2
1603 1
1607 1
1608 3
1609 2
1612 1
1614 1
1618 1
1622 1
1623 2
1624 4
1625 2
1626 1
1630 1
1631 2
1638 1
1641 1
1642 2
1644 1
1645 1
1646 1
1655 1
1657 1
1658 3
1660 1
1662 1
1669 1
1671 1
1677 2
1679 2
1688 1
1689 3
1691 2
1692 1
1696 1
1701 1
1706 1
1707 2
1711 1
1715 1
1716 4
1719 1
1722 1
1723 2
1724 1
1726 1
1729 1
1733 1
1734 1
1736 1
1741 2
1744 1
1746 2
1747 1
1748 2
1749 2
1750 1
1751 2
1753 1
1755 1
1756 1
1758 2
1760 1
1762 2
1766 1
1767 2
1768 1
1769 1
1772 1
1774 1
1780 1
1782 1
1783 2
1784 1
1785 4
1788 1
1789 2
1793 1
1795 4
1796 1
1798 1
1800 1
1802 1
1805 1
1807 1
1808 1
1809 1
1810 1
1812 1
1815 1
1818 2
1827 1
1828 2
1829 2
1832 2
1835 2
1836 2
1837 3
1840 1
1842 2
1845 1
1846 1
1847 1
1850 1
1856 1
1862 1
1864 1
1865 1
1866 1
1869 2
1871 1
1875 1
1877 1
1878 1
1879 2
1882 1
1883 1
1885 1
1887 1
1888 2
1890 1
1893 2
1895 1
1896 1
1897 1
1898 2
1899 2
1903 1
1905 1
1907 2
1910 1
1911 1
1915 2
1916 2
1918 1
1921 1
1923 1
1926 3
1928 1
1929 1
1932 1
1934 1
1938 1
1941 1
1942 1
1945 1
1946 2
1947 2
1948 2
1950 1
1956 1
1958 1
1959 1
1961 1
1968 2
1969 1
1970 2
1971 2
1972 1
1973 1
1975 2
1977 1
1978 1
1981 1
1982 1
1983 4
1987 1
1989 2
1990 2
1992 3
1994 1
1998 1
1999 1
2001 1
2005 2
2007 1
2010 1
2014 1
2017 1
2026 3
2027 1
2028 1
2035 1
2048 15
2051 1
2054 4
2055 2
2056 2
2058 1
2059 1
2060 1
2064 1
2065 1
2066 2
2080 2
2081 1
2085 1
2086 1
2093 2
2095 1
2099 1
2100 1
2103 1
2104 1
2109 1
2114 3
2115 1
2116 1
2118 1
2119 1
2122 1
2127 1
2128 1
2130 1
2133 1
2134 1
2141 1
2145 1
2148 1
2154 2
2159 1
2160 1
2162 4
2163 3
2166 2
2167 1
2169 2
2174 1
2187 2
2191 1
2198 1
2200 1
2201 1
2202 1
2209 1
2211 1
2219 1
2224 1
2226 2
2227 3
2228 7
2229 2
2231 2
2232 1
2233 1
2235 1
2236 2
2237 3
2239 1
2242 1
2243 1
2244 1
2245 2
2247 2
2249 3
2250 1
2252 1
2260 1
2265 1
2267 1
2268 1
2270 2
2273 1
2274 1
2278 1
2283 1
2290 1
2293 1
2295 1
2296 1
2297 1
2303 1
2305 1
2306 2
2307 1
2309 2
2314 1
2316 1
2317 1
2319 1
2320 1
2324 1
2326 1
2327 1
2333 1
2334 1
2336 1
2337 1
2338 1
2340 1
2344 2
2345 1
2347 1
2348 1
2349 1
2352 1
2356 2
2359 1
2366 1
2369 2
2378 2
2383 1
2385 1
2386 1
2389 1
2399 1
2400 1
2401 2
2403 1
2404 1
2406 1
2408 1
2409 1
2410 1
2411 2
2412 1
2413 2
2414 1
2417 2
2419 1
2420 4
2429 2
2432 1
2434 1
2440 1
2441 1
2446 1
2449 1
2450 1
2451 1
2452 1
2460 1
2461 2
2463 1
2466 1
2467 1
2470 2
2473 1
2479 1
2480 1
2484 1
2495 2
2496 1
2497 1
2498 1
2502 1
2504 1
2506 2
2507 1
2511 1
2512 1
2513 1
2514 1
2516 2
2518 1
2522 1
2528 2
2530 3
2537 3
2541 1
2547 2
2555 1
2556 3
2560 28
2564 1
2565 1
2566 2
2568 3
2572 2
2574 2
2575 1
2576 1
2578 2
2579 1
2581 1
2584 1
2585 2
2594 3
2607 1
2612 1
2613 1
2615 1
2616 2
2617 1
2620 1
2624 2
2628 1
2632 1
2633 1
2640 1
2643 1
2645 1
2653 1
2658 1
2659 1
2660 1
2664 2
2671 1
2675 1
2677 1
2680 2
2682 1
2683 2
2684 2
2688 1
2692 1
2693 2
2694 1
2695 2
2696 1
2698 1
2700 1
2705 3
2707 1
2712 1
2714 1
2716 3
2722 1
2723 1
2725 1
2728 1
2730 2
2738 2
2739 1
2740 1
2742 1
2744 1
2745 1
2746 2
2747 1
2752 1
2753 1
2759 1
2762 1
2765 1
2766 1
2767 1
2771 1
2773 2
2792 1
2795 10
2798 1
2800 1
2801 1
2804 1
2805 18
2807 1
2809 1
2812 2
2816 3
2817 1
2822 2
2824 1
2830 1
2832 1
2833 1
2834 1
2845 1
2847 69
2848 3
2849 2
2850 1
2852 1
2858 1
2860 1
2863 1
2866 1
2875 1
2876 1
2882 1
2884 1
2885 1
2890 2
2896 2
2898 1
2907 2
2908 2
2914 1
2919 1
2920 2
2925 2
2933 1
2934 1
2936 2
2938 2
2939 1
2941 1
2942 1
2944 1
2947 2
2949 1
2954 2
2955 1
2961 1
2965 1
2968 1
2973 1
2974 1
2977 1
2978 1
2979 1
2981 1
2983 1
2986 1
2989 1
2990 1
2991 1
2992 4
2993 1
2996 1
2997 2
3001 1
3010 2
3013 1
3014 1
3022 2
3023 2
3028 2
3031 1
3032 2
3034 1
3050 1
3056 1
3057 2
3060 1
3065 2
3066 1
3067 2
3070 1
3071 1
3072 17
3076 1
3077 1
3079 1
3082 1
3083 1
3084 2
3087 1
3091 1
3098 1
3100 2
3105 1
3107 2
3110 3
3117 1
3119 1
3120 1
3124 1
3127 1
3128 1
3132 1
3133 1
3135 1
3140 1
3148 2
3159 1
3163 3
3166 1
3169 1
3172 2
3173 2
3175 1
3177 1
3178 3
3181 1
3184 1
3190 1
3191 2
3193 2
3197 3
3205 1
3210 2
3212 2
3215 1
3219 1
3232 1
3235 1
3238 1
3244 2
3248 1
3249 1
3252 1
3254 3
3260 1
3263 1
3271 1
3276 1
3278 3
3280 2
3281 2
3282 1
3285 1
3286 1
3287 1
3288 1
3296 1
3299 1
3302 1
3308 1
3318 1
3319 1
3320 1
3322 1
3327 1
3334 2
3338 1
3345 2
3346 1
3348 1
3349 1
3352 1
3355 1
3358 1
3366 1
3369 2
3380 2
3382 1
3383 2
3392 1
3393 1
3395 1
3397 1
3413 1
3419 1
3421 1
3422 1
3423 1
3424 2
3429 1
3441 1
3442 1
3444 1
3456 1
3457 1
3461 2
3462 1
3473 1
3481 1
3482 2
3483 1
3484 1
3485 1
3488 1
3490 1
3491 1
3492 1
3493 1
3495 1
3499 2
3500 1
3502 1
3506 1
3509 1
3517 1
3518 1
3528 1
3554 1
3562 2
3564 1
3569 1
3572 1
3576 1
3581 1
3584 13
3590 1
3591 1
3596 1
3601 1
3602 1
3611 1
3616 3
3627 1
3628 1
3629 1
3634 1
3635 1
3637 3
3647 1
3649 1
3656 1
3659 3
3660 1
3665 1
3670 1
3675 2
3676 1
3677 1
3686 2
3687 1
3688 2
3689 1
3696 1
3700 1
3702 1
3707 1
3724 3
3725 1
3730 1
3733 1
3736 1
3740 1
3742 1
3744 2
3746 2
3754 4
3757 2
3758 1
3759 1
3762 1
3764 1
3765 1
3769 1
3773 1
3775 1
3776 1
3779 1
3780 2
3782 1
3796 1
3799 1
3820 1
3822 1
3831 1
3832 1
3833 1
3834 1
3837 1
3842 1
3845 1
3849 1
3860 1
3862 2
3866 1
3867 1
3873 1
3877 1
3879 3
3880 2
3884 1
3893 1
3895 1
3899 1
3902 2
3917 3
3918 1
3920 1
3926 1
3929 1
3930 1
3932 1
3944 1
3949 1
3950 1
3953 2
3955 1
3956 1
3957 1
3965 1
3967 1
3970 1
3976 1
3977 1
3984 2
3986 1
3988 1
3991 1
3993 1
3997 1
4001 2
4008 1
4028 1
4030 2
4045 1
4046 1
4054 1
4055 1
4057 1
4066 1
4068 1
4069 1
4077 1
4081 1
4082 1
4086 1
4087 2
4088 1
4090 1
4092 2
4095 2
4096 8
4099 1
4102 3
4103 1
4106 1
4108 1
4117 1
4120 1
4124 1
4127 1
4128 1
4131 1
4138 1
4141 1
4143 1
4150 1
4160 1
4162 1
4168 2
4169 1
4178 1
4188 2
4195 1
4201 1
4208 1
4216 1
4217 1
4219 1
4222 2
4225 1
4232 2
4237 1
4244 1
4245 2
4248 1
4249 1
4257 2
4260 1
4262 1
4264 1
4283 1
4286 2
4291 1
4292 1
4293 1
4294 1
4296 1
4303 1
4315 1
4317 1
4319 1
4325 1
4336 1
4348 2
4352 1
4360 1
4361 1
4363 1
4366 1
4370 1
4371 1
4374 2
4376 1
4378 1
4388 1
4390 2
4391 1
4400 1
4404 2
4406 1
4412 1
4414 1
4428 1
4444 1
4452 4
4457 1
4458 1
4463 1
4466 1
4475 1
4482 1
4487 1
4495 1
4498 1
4505 1
4508 3
4517 3
4528 1
4533 1
4534 1
4546 2
4551 1
4552 1
4560 1
4564 1
4567 1
4569 1
4570 1
4574 1
4575 1
4582 1
4585 1
4588 2
4590 1
4597 1
4608 5
4612 2
4617 1
4618 1
4625 1
4626 1
4636 2
4638 1
4642 1
4649 1
4654 1
4666 1
4673 2
4675 1
4676 1
4677 1
4678 2
4681 1
4685 1
4688 1
4691 1
4694 1
4702 2
4711 1
4720 1
4724 1
4725 1
4728 1
4730 1
4742 1
4756 1
4760 1
4769 1
4792 1
4805 2
4811 1
4819 1
4822 1
4828 1
4833 1
4834 1
4837 1
4847 2
4851 1
4856 1
4861 1
4868 3
4889 1
4895 1
4896 3
4898 1
4902 1
4903 2
4918 1
4919 1
4945 1
4949 4
4955 1
4957 2
4960 1
4986 1
5000 1
5002 1
5010 1
5014 1
5015 1
5025 1
5027 2
5031 2
5039 1
5048 1
5053 1
5056 1
5072 1
5084 1
5086 1
5087 1
5099 1
5103 1
5112 1
5120 4
5134 1
5144 1
5161 1
5163 1
5168 1
5187 1
5192 1
5208 1
5213 1
5219 1
5236 1
5243 1
5252 2
5259 1
5261 1
5265 1
5270 3
5281 1
5285 1
5298 1
5303 1
5309 1
5311 2
5314 1
5320 1
5333 1
5334 1
5341 1
5342 2
5344 1
5350 1
5370 1
5374 1
5378 1
5398 1
5407 2
5408 1
5412 1
5416 1
5421 1
5425 1
5428 1
5440 2
5442 1
5445 1
5447 1
5448 1
5449 1
5452 1
5456 1
5463 1
5469 1
5489 1
5490 2
5505 1
5507 1
5510 1
5517 1
5522 1
5527 1
5537 1
5555 2
5560 1
5578 1
5580 4
5590 2
5595 1
5604 1
5612 1
5620 2
5622 1
5624 2
5632 5
5659 1
5662 1
5668 1
5684 1
5686 1
5702 2
5705 1
5708 1
5710 1
5714 1
5715 1
5717 1
5721 1
5730 1
5731 1
5733 1
5750 1
5766 8
5786 2
5790 1
5800 1
5805 1
5811 1
5814 1
5819 1
5825 1
5828 1
5835 1
5841 1
5844 1
5845 1
5846 1
5847 1
5848 79
5850 1
5852 1
5853 1
5859 5
5867 1
5869 1
5878 1
5886 1
5887 1
5888 1
5896 1
5897 1
5900 1
5909 1
5910 1
5912 1
5916 1
5929 2
5944 1
5955 1
5956 1
5965 2
5967 1
5970 1
5972 1
5975 1
5995 1
5999 2
6004 1
6007 1
6008 3
6011 1
6016 1
6022 1
6034 1
6041 1
6050 1
6065 1
6067 1
6068 1
6078 1
6079 1
6086 1
6095 1
6100 1
6108 1
6117 1
6127 1
6140 2
6144 9
6148 1
6154 2
6155 1
6160 2
6164 1
6171 1
6188 1
6190 1
6200 1
6203 2
6214 1
6222 1
6250 1
6255 1
6265 1
6280 2
6289 2
6300 1
6309 1
6358 1
6369 1
6372 1
6376 1
6383 1
6386 1
6388 1
6392 1
6408 1
6421 1
6454 1
6456 1
6462 1
6463 1
6471 1
6473 1
6478 1
6488 3
6495 1
6504 1
6531 1
6540 1
6567 1
6570 1
6572 1
6585 1
6588 2
6593 1
6608 1
6609 1
6656 5
6658 1
6659 1
6687 1
6695 2
6696 1
6712 1
6718 1
6721 1
6738 1
6744 1
6745 1
6748 1
6749 1
6750 1
6751 1
6759 1
6763 1
6772 1
6802 1
6807 1
6831 1
6856 1
6879 1
6904 1
6912 1
6929 2
6930 2
6933 1
6955 1
6960 1
6968 1
6974 1
6975 1
6999 1
7002 1
7016 1
7020 2
7025 2
7056 1
7058 1
7064 1
7094 1
7105 1
7111 1
7133 1
7140 2
7146 1
7168 2
7181 1
7201 1
7204 1
7214 1
7217 1
7224 1
7225 1
7228 1
7289 1
7323 1
7324 1
7337 2
7340 1
7352 1
7353 1
7355 1
7385 1
7387 1
7391 1
7408 1
7410 1
7413 2
7429 1
7446 1
7450 2
7454 2
7487 1
7524 1
7537 1
7548 1
7554 1
7563 1
7581 1
7583 1
7617 1
7640 2
7683 1
7684 1
7709 1
7722 1
7725 1
7737 1
7743 1
7766 1
7824 1
7826 2
7836 1
7842 1
7844 1
7858 2
7886 1
7888 1
7894 1
7895 1
7896 1
7907 1
7910 1
7921 4
7924 2
7925 1
7927 1
7931 1
7932 1
7954 1
7959 1
7985 1
7991 2
7995 1
8000 1
8002 1
8006 1
8016 1
8019 1
8051 1
8053 1
8071 1
8072 1
8073 1
8078 1
8091 1
8094 1
8107 1
8124 1
8177 1
8191 1
8192 4
8198 1
8230 1
8260 1
8299 1
8311 1
8325 2
8332 1
8364 1
8385 1
8388 1
8404 1
8426 1
8427 1
8454 1
8487 1
8501 1
8525 1
8527 1
8546 1
8554 2
8556 1
8572 1
8586 1
8614 1
8640 1
8670 1
8685 1
8696 1
8704 1
8711 1
8715 1
8719 1
8727 1
8736 1
8744 2
8753 1
8759 1
8832 1
8833 1
8841 1
8845 2
8848 1
8874 3
8907 1
8924 1
8925 1
8958 1
8969 1
8970 2
8979 2
8984 1
8985 1
9014 1
9016 1
9037 1
9039 1
9040 1
9064 1
9084 1
9088 2
9097 1
9100 2
9102 1
9133 1
9145 1
9148 2
9201 1
9216 1
9219 2
9264 1
9306 2
9321 1
9334 1
9339 1
9342 1
9364 1
9369 1
9371 1
9375 1
9404 1
9408 1
9413 1
9451 1
9470 1
9473 1
9474 1
9509 1
9581 1
9600 1
9601 2
9602 1
9607 2
9668 1
9699 1
9754 1
9758 1
9800 2
9812 1
9834 1
9835 1
9844 1
9872 1
9880 1
9901 2
9914 1
9927 1
9932 1
9968 1
9979 1
9986 1
10006 1
10058 1
10070 1
10076 1
10102 1
10124 1
10135 1
10152 1
10158 1
10164 1
10174 1
10184 2
10211 1
10212 2
10214 1
10219 1
10240 1
10249 1
10276 1
10303 1
10322 1
10334 1
10348 1
10372 1
10375 1
10379 1
10398 1
10405 1
10451 1
10477 1
10499 1
10540 1
10564 1
10704 1
10731 1
10772 1
10780 2
10801 1
10857 1
10874 2
10904 1
10910 1
10923 1
10935 1
11022 1
11040 1
11044 1
11054 1
11063 1
11099 1
11118 1
11126 1
11128 1
11143 1
11157 3
11181 1
11182 1
11185 1
11221 1
11223 1
11225 1
11239 1
11292 2
11297 2
11312 1
11348 1
11389 1
11393 1
11402 1
11441 1
11456 1
11486 1
11488 1
11514 1
11592 1
11613 1
11644 1
11664 1
11709 1
11728 1
11759 1
11763 1
11764 2
11776 1
11799 1
11816 1
11843 1
11844 1
11847 1
11872 1
11875 1
11889 1
11898 1
11960 1
11972 1
11993 1
12008 2
12019 1
12020 2
12062 1
12124 1
12144 3
12155 1
12190 1
12236 1
12237 1
12270 2
12288 1
12295 1
12349 1
12433 1
12434 2
12460 1
12463 1
12491 1
12493 1
12496 1
12498 1
12505 1
12509 1
12520 1
12525 1
12543 1
12569 1
12589 1
12603 1
12616 1
12626 1
12661 1
12663 1
12680 1
12771 1
12816 2
12862 2
12909 1
12992 2
13085 2
13160 1
13201 2
13222 1
13262 2
13300 2
13308 1
13337 1
13369 1
13400 1
13409 1
13426 1
13451 1
13534 1
13552 1
13572 1
13588 1
13636 1
13658 1
13667 1
13700 1
13722 1
13723 1
13759 1
13792 3
13824 1
13862 1
13920 1
13956 1
14026 1
14040 1
14153 1
14164 1
14180 1
14202 1
14229 1
14243 1
14245 1
14262 1
14310 1
14336 1
14337 1
14352 1
14362 1
14381 1
14385 1
14398 1
14406 1
14416 1
14473 2
14475 1
14487 1
14494 1
14503 2
14516 1
14526 1
14553 1
14600 1
14603 1
14642 1
14681 1
14717 1
14808 1
14835 1
14842 1
14848 2
14895 1
14921 1
14936 1
14939 1
15000 1
15019 1
15034 1
15096 1
15107 1
15120 1
15174 1
15187 1
15253 1
15254 1
15300 1
15305 1
15325 1
15356 5
15365 2
15431 1
15432 2
15439 1
15448 1
15583 1
15587 1
15600 1
15630 1
15718 1
15737 1
15767 1
15815 2
15856 1
15912 1
15922 1
15953 1
15961 1
15977 1
16057 1
16064 1
16085 1
16089 1
16111 1
16192 1
16223 1
16240 2
16244 1
16270 1
16271 1
16274 1
16289 1
16300 1
16332 2
16359 1
16377 1
16384 4
16412 1
16424 1
16445 1
16448 1
16452 1
16477 1
16478 1
16537 1
16551 1
16560 1
16579 1
16582 1
16654 2
16701 1
16719 2
16782 2
16834 1
16847 1
16896 4
16906 1
16954 1
16961 1
16985 1
17001 1
17008 1
17056 2
17068 1
17125 1
17155 1
17168 1
17180 1
17195 1
17221 1
17241 2
17256 2
17263 2
17296 1
17332 2
17348 1
17350 1
17360 1
17362 1
17363 1
17367 1
17392 1
17403 2
17408 1
17420 1
17431 2
17435 1
17439 2
17478 1
17513 1
17613 1
17674 1
17711 1
17713 1
17730 1
17733 1
17840 1
17843 1
17956 1
17957 1
18000 1
18006 1
18021 1
18166 2
18266 1
18310 1
18336 1
18355 1
18401 1
18459 1
18514 1
18588 1
18608 2
18631 1
18651 1
18664 1
18669 1
18721 1
18777 1
18779 1
18821 1
18836 1
18840 1
18862 1
19067 1
19095 1
19107 1
19146 1
19200 1
19247 1
19250 1
19255 1
19292 1
19352 1
19370 1
19442 1
19514 1
19592 1
19644 1
19710 1
19768 1
19822 1
19868 1
19890 1
19893 1
19905 1
19947 1
19995 1
20000 2
20046 1
20104 1
20145 2
20197 1
20198 1
20219 1
20266 1
20291 1
20305 1
20365 1
20369 1
20404 1
20425 1
20428 1
20478 1
20480 2
20579 1
20600 1
20679 1
20748 1
20781 1
20807 1
20831 1
20894 1
20942 1
21008 1
21022 1
21060 1
21164 1
21206 1
21223 2
21236 1
21311 1
21440 1
21454 2
21475 1
21481 1
21485 1
21582 1
21625 1
21727 2
21756 1
21813 1
21846 1
21904 1
22002 1
22016 1
22094 2
22133 1
22175 2
22240 1
22242 1
22366 1
22418 1
22463 1
22493 1
22536 1
22540 1
22548 1
22672 1
22680 1
22700 1
22807 1
22912 1
22959 1
23115 1
23128 1
23282 1
23285 1
23357 1
23376 1
23428 1
23563 1
23626 1
23659 1
23683 2
23816 1
23838 1
23847 1
23864 1
23880 1
23885 1
23911 1
24100 1
24135 1
24290 1
24492 1
24523 1
24564 1
24576 12
24603 1
24815 1
24832 1
24910 1
24986 1
25012 1
25063 1
25084 1
25088 1
25199 1
25202 1
25205 1
25304 1
25356 1
25363 1
25414 1
25452 1
25472 1
25651 1
25693 1
25720 1
25847 2
25868 1
25888 1
25956 1
26191 1
26224 1
26265 1
26535 1
26618 1
26945 1
26976 1
26994 1
27077 1
27087 1
27102 1
27277 1
27659 1
27936 1
27978 1
28003 1
28108 1
28160 5
28410 1
28416 1
28537 1
29012 1
29081 1
29184 2
29210 1
29212 1
29216 1
29306 1
29616 1
29649 1
29668 1
29696 1
29782 1
29863 1
29944 1
30143 1
30252 1
30515 2
30619 1
30639 2
30662 1
30776 1
30786 1
30911 1
30971 1
31197 1
31359 1
31380 1
31628 1
31676 1
31774 1
31919 1
32089 1
32204 1
32215 2
32256 1
32332 1
32387 1
32458 1
32575 1
32625 2
32699 1
32726 1
32752 1
32768 3
32854 1
32956 1
33018 1
33262 1
33277 1
33387 1
33431 1
33518 1
33574 1
33656 1
33745 1
33792 2
33802 1
34059 1
34384 1
34531 1
34640 1
34668 1
34692 1
34797 1
34972 2
34996 1
35164 2
35179 2
35292 1
35329 1
35455 1
35610 1
36008 1
36287 1
36332 1
36390 1
36404 1
36700 1
36707 1
36828 1
37195 1
37239 1
37269 1
37436 1
37496 1
37543 1
37602 1
37888 1
37924 1
37938 1
37953 2
37996 1
38062 1
38074 1
38118 1
38166 1
38192 1
38203 1
38339 1
38463 1
38629 1
38773 1
38856 1
38912 1
38940 1
38950 1
39145 1
39312 1
39398 1
39416 1
39424 1
39513 1
39532 1
39544 1
39635 2
39640 1
39702 1
39989 1
40000 1
40157 1
40178 1
40192 1
40200 1
40252 1
40280 1
40284 1
40316 1
40515 1
40919 1
40950 1
40958 1
40960 7
41003 2
41006 1
41100 2
41125 1
41130 1
41139 1
41273 1
41304 1
41328 1
41364 1
41381 1
41391 1
41857 1
41892 1
41952 1
41984 2
42004 1
42009 1
42252 1
42284 1
42464 1
42559 1
42653 1
42736 1
42767 1
42954 1
43226 1
43324 1
43420 1
43525 1
43663 2
43703 1
43736 1
43770 1
43780 1
43828 1
43859 1
43883 1
44047 1
44056 1
44112 1
44219 1
44280 1
44471 1
44512 2
44740 1
44885 1
44944 1
45061 1
45186 1
45227 1
45368 1
45429 2
45489 1
45634 2
45796 1
45812 1
45863 1
46300 1
46540 1
46586 1
46790 1
46843 1
47068 1
47256 1
47570 1
47912 1
48072 1
48192 1
48206 1
48308 1
48574 1
48703 1
48920 1
48944 1
48956 1
49146 1
49152 6
49176 1
49192 3
49220 1
49517 1
49583 1
49664 1
50126 1
50186 1
50220 1
50348 1
50388 1
50398 1
50494 1
50514 1
50628 1
50808 1
50831 1
50912 1
50981 1
50990 1
51151 1
51612 1
51672 1
51725 1
51832 1
52147 1
52181 1
52304 1
52600 1
52740 1
52853 1
52964 1
53248 1
53320 1
53385 1
53523 1
53760 1
53773 1
53788 1
53935 1
54024 1
54234 1
54272 1
54362 1
54381 1
54512 1
54584 1
54680 1
55240 1
55800 1
55916 1
56085 1
56445 1
56620 1
56876 1
56960 1
57056 1
57172 1
57217 1
57321 1
57344 1
57508 1
57544 1
57815 1
57821 1
58051 1
58101 1
58263 1
58594 1
58693 2
59113 2
59156 1
59469 1
59679 1
59873 1
59925 1
59976 1
60032 1
60107 1
60108 1
60129 1
60136 1
60236 1
60416 1
61682 1
61808 1
62611 1
63352 1
63979 1
63999 1
64451 1
64824 1
65422 1
65428 1
65456 1
65536 2
65560 4
65607 2
65612 1
66036 1
66539 1
66664 1
66692 1
67264 1
67413 1
67482 1
67678 1
67822 1
67958 1
68007 1
68087 1
68379 1
68960 1
69411 1
69449 1
69688 2
69957 1
70120 1
70329 1
70372 1
70497 1
70527 1
70680 1
71176 1
71263 1
71285 1
71356 1
71999 1
72127 2
72607 1
72619 1
72860 2
73424 1
73586 1
73794 1
73796 1
74352 1
74883 1
75297 1
75660 1
76620 1
77214 1
77495 2
77577 1
77611 1
79055 1
79360 1
79563 1
80429 1
80724 1
81000 1
81683 1
81741 1
81920 2
83007 1
83511 1
83519 1
83634 1
85875 1
86368 2
86533 1
86771 1
87125 1
87276 1
87565 1
88128 1
88352 1
88916 1
89642 1
90112 1
90388 1
90408 1
91885 1
91912 1
91976 1
95064 1
95448 1
96791 1
97017 1
98024 1
98096 1
98304 1
98418 1
100476 1
102400 1
103354 1
103429 1
103812 1
104468 1
106207 1
107360 1
108207 1
108345 1
109948 1
110479 1
112008 1
114688 2
114696 1
114716 1
115081 1
115603 1
117157 1
118784 1
119504 1
122880 2
126569 1
126629 1
126878 1
127578 1
128936 1
129633 1
129792 1
130064 1
132247 1
132404 1
134027 1
134448 1
139264 1
140856 1
141305 1
141876 2
143360 1
146238 1
146515 1
146912 1
147456 1
150336 1
151920 1
153487 1
155648 1
155955 1
156132 1
156577 1
156845 1
157168 1
158453 1
160336 1
161379 1
163840 1
166731 1
167382 1
168740 1
171621 1
172710 1
177825 1
178600 1
180224 1
180252 1
180656 1
181649 1
183166 1
183340 1
187477 1
187949 1
189227 1
189811 1
190338 1
191337 1
191840 1
191892 1
192601 1
202816 1
203631 1
203900 1
204300 1
208250 1
212992 1
217639 1
222014 1
225280 1
233001 1
233252 2
237012 1
240076 1
242081 1
246336 1
253952 1
256686 1
258036 1
260576 1
263841 1
278340 1
287282 1
295110 1
299565 1
299582 1
299728 1
303104 2
305115 1
307168 1
307883 1
310356 1
314800 1
320685 1
323584 1
338520 2
340290 1
344064 1
348056 1
369532 1
373090 1
375860 1
383468 1
409600 1
414766 1
421888 1
423015 1
424248 1
430080 1
432816 1
446432 1
473695 1
486308 1
487424 1
493360 1
495389 1
537812 1
557056 1
569944 1
573440 1
582924 1
617756 2
631804 1
634880 1
636100 1
652056 1
658664 1
660807 1
666880 1
681308 1
827392 1
832510 1
846491 1
918589 1
938232 1
942220 1
1203864 1
1210200 1
1214660 1
1229600 1
1231548 1
1245596 1
1262356 1
1310720 1
1400944 1
1497783 1
1536000 1
2192484 1
2335670 1
2768896 1
3020800 1
4131303 1
4493534 1
7196586 1
