61 10
318 1
392 1
405 1
428 1
438 1
455 1
478 1
512 24
530 1
562 10
570 1
643 1
746 1
782 1
955 1
1024 2
1040 1
1047 1
1145 1
1335 1
1514 1
1574 1
1579 1
1608 1
1634 1
1650 1
1727 1
1789 1
1825 1
1826 1
1837 1
1850 1
1947 1
1998 1
2011 1
2044 1
2057 1
2074 1
2079 1
2089 1
2095 1
2102 1
2104 1
2163 1
2167 1
2173 1
2176 1
2192 1
2233 1
2248 1
2249 1
2250 1
2254 1
2263 1
2264 1
2266 1
2324 1
2337 1
2342 1
2355 1
2375 1
2380 1
2382 1
2391 1
2398 1
2405 1
2413 1
2440 1
2445 1
2456 2
2463 1
2477 1
2483 1
2484 1
2507 1
2508 1
2513 1
2520 1
2530 1
2541 1
2550 1
2572 1
2580 1
2588 1
2594 1
2596 1
2611 1
2632 1
2637 1
2654 1
2656 1
2663 1
2672 1
2684 1
2689 1
2694 1
2695 1
2705 1
2713 1
2716 1
2719 1
2721 1
2751 1
2752 1
2763 1
2774 1
2777 1
2789 1
2790 1
2805 1
2813 1
2818 1
2829 1
2830 1
2846 1
2853 1
2855 1
2866 1
2879 1
2882 1
2885 1
2902 1
2906 1
2910 1
2920 1
2928 1
2930 1
2936 1
2940 1
2955 1
2967 1
2969 1
2975 1
3004 1
3027 1
3028 1
3033 1
3041 1
3048 1
3060 1
3064 1
3072 1
3075 1
3084 1
3092 1
3093 1
3094 1
3095 2
3099 1
3110 1
3122 1
3125 1
3128 1
3135 1
3137 1
3139 1
3141 1
3143 1
3155 1
3160 1
3161 1
3173 1
3203 1
3209 1
3212 1
3213 1
3216 1
3237 1
3239 1
3246 1
3252 1
3258 1
3268 1
3280 1
3294 1
3298 1
3299 1
3302 1
3309 1
3318 1
3319 1
3340 1
3342 1
3352 1
3358 1
3367 1
3371 1
3380 1
3393 1
3406 1
3415 1
3421 1
3441 1
3446 1
3449 1
3465 1
3474 1
3486 1
3489 1
3497 1
3498 1
3499 1
3501 1
3514 1
3546 1
3579 1
3586 1
3599 1
3617 1
3627 1
3637 1
3640 1
3645 1
3700 1
3723 1
3739 1
3760 2
3773 1
3774 1
3779 1
3782 1
3786 1
3801 1
3805 1
3817 1
3822 1
3826 1
3840 1
3881 1
3896 1
3898 1
3901 1
3912 1
3916 1
3926 1
3945 1
3952 1
3961 1
3964 1
3973 1
4004 1
4008 1
4012 1
4017 2
4036 1
4063 1
4089 1
4095 1
4100 1
4135 1
4174 1
4187 1
4206 1
4210 1
4213 1
4240 1
4251 1
4292 1
4411 1
4447 1
4465 1
4468 1
4470 1
4512 1
4515 1
4518 1
4554 1
4555 2
4562 1
4611 1
4620 1
4626 1
4637 1
4675 1
4720 1
4725 1
4752 1
4803 1
4834 1
4840 1
4877 1
4889 1
4897 1
4945 1
5000 1
5044 1
5058 1
5111 1
5128 1
5209 1
5216 1
5239 1
5289 1
5345 1
5366 1
5388 1
5401 1
5442 1
5457 1
5468 1
5607 1
5657 1
5670 1
5672 1
5673 1
5680 1
5712 1
5821 1
5860 1
6015 1
6208 1
6248 1
6271 1
6476 1
6562 1
6633 1
6675 1
6764 1
6884 1
6890 1
6919 1
6941 1
6995 1
7077 1
7156 1
7168 1
7303 1
7316 1
7339 1
7359 1
7409 1
7518 1
7603 1
7634 1
7647 1
7789 1
7820 1
7962 1
7978 1
8192 1
8231 1
8562 1
8572 1
8620 1
8662 1
8818 1
8823 1
8886 1
8976 1
9055 1
9235 1
10210 1
10508 1
10665 1
10710 1
11383 1
11935 1
12334 1
12383 1
13150 1
13794 1
13951 1
15384 1
16830 1
16925 1
16985 1
17087 1
17769 1
18039 1
18222 1
18383 1
18515 1
21446 1
21533 1
22133 1
22822 1
22953 1
23748 1
25842 1
26038 1
31448 1
32359 1
32500 1
34575 1
35141 1
36695 1
37165 1
37647 1
42237 1
45186 1
47043 1
57303 1
65674 1
73538 1
78487 1
97699 1
138688 1
199252 1
291880 1
579512 1
790632 1
1229216 1
1229824 1
1233260 1
1234596 1
1234732 1
1234852 1
1236420 1
1240540 1
1321552 1
1348500 1
1385844 1
1421152 1
1423336 1
1461112 1
1472664 1
1495288 1
1515956 1
1619784 1
1642428 1
1796692 1
1985744 1
2072632 1
2246500 1
2337144 1
2857160 1
3399904 1
7416594 1
