0 73
2 1
3 1
4 7
5 6
6 9
7 7
8 5
9 3
10 6
11 7
12 8
13 4
14 12
15 3
16 1
18 1
19 4
20 6
21 8
22 14
23 3
24 9
25 6
26 2
27 1
29 30
30 2
31 3
32 4
34 2
35 2
36 1
37 2
38 5
39 21
40 4
41 3
42 1
43 2
44 5
45 1
46 7
47 4
48 2
49 2
50 3
51 4
52 5
53 1
54 6
55 2
56 5
57 4
58 7
60 4
61 2
64 2
65 5
66 2
67 3
68 7
69 3
70 34
72 5
73 4
74 4
75 7
76 1
77 1
78 8
79 2
80 1
81 1
82 2
83 2
84 7
86 3
87 7
88 3
89 4
90 3
91 2
92 3
93 5
94 1
95 4
96 8
97 4
99 2
100 1
101 6
102 2
103 3
104 2
105 1
106 2
107 1
108 1
109 2
110 2
111 1
113 3
114 2
115 2
116 7
117 2
118 2
120 1
121 3
122 3
123 4
125 4
126 8
127 4
128 5
129 9
130 1
131 1
132 2
134 1
135 2
136 1
137 1
139 1
140 1
144 1
145 2
146 1
148 3
149 2
150 4
151 1
152 9
153 1
154 1
155 2
156 1
158 3
159 1
160 2
161 2
162 2
163 1
167 5
168 11
170 6
172 2
174 1
176 3
177 8
178 1
180 1
181 2
182 2
183 3
185 1
186 1
187 2
189 1
190 1
191 2
192 3
196 3
198 1
199 2
200 2
203 2
204 1
206 1
207 8
208 1
211 3
212 1
213 1
214 3
215 1
216 4
217 1
218 2
219 2
221 1
222 1
224 3
225 1
226 3
227 1
228 1
230 3
231 2
232 1
233 2
234 2
235 2
236 3
237 3
239 2
240 1
242 1
244 1
246 4
247 6
248 3
249 1
250 4
252 32
253 2
254 1
257 1
259 3
263 1
266 2
267 1
268 1
271 2
273 2
274 1
275 3
276 2
277 2
278 1
279 1
280 1
281 3
284 1
288 1
289 36
290 2
291 2
292 1
293 1
298 1
299 2
301 3
303 1
306 1
307 2
308 2
309 2
312 2
314 1
315 1
317 1
318 1
319 1
320 5
321 1
322 1
323 1
324 4
325 2
326 3
328 3
329 1
330 2
333 1
335 2
337 1
339 1
340 5
343 2
344 2
345 1
346 1
349 1
350 2
351 3
353 1
354 1
355 1
357 1
358 2
360 1
361 4
362 3
364 2
365 2
366 3
367 1
369 2
372 1
373 2
375 1
376 3
377 1
380 2
381 2
382 1
383 3
385 3
386 3
389 2
390 1
391 2
392 1
393 2
394 1
395 1
397 1
398 2
400 2
401 1
402 1
404 1
406 2
408 2
411 2
412 2
413 1
414 2
416 2
417 1
418 1
419 1
420 1
421 3
423 1
424 1
425 1
427 1
428 1
430 1
431 1
432 3
434 3
437 1
439 14
441 1
442 2
443 2
444 5
446 1
447 1
450 1
451 1
453 4
455 1
456 2
457 1
458 1
459 1
462 1
464 1
466 1
469 1
473 2
475 1
476 1
477 1
478 2
482 1
483 1
485 1
489 2
490 1
493 1
495 1
497 2
498 1
501 1
503 1
505 1
507 2
510 1
511 4
512 277
513 1
514 2
516 3
518 2
520 2
525 1
526 2
527 1
528 1
529 2
532 1
533 2
534 1
537 1
538 1
539 4
543 3
544 1
545 1
546 1
548 2
549 1
550 2
552 1
554 1
559 1
560 1
561 1
564 3
567 1
569 1
574 1
575 1
578 1
579 1
580 1
585 1
590 1
593 1
594 1
595 1
597 2
600 1
604 1
609 1
614 1
615 1
616 1
619 2
620 2
625 1
630 1
634 1
638 1
640 2
643 1
644 1
646 2
648 1
651 1
653 1
654 2
656 1
658 2
660 1
664 1
666 1
667 1
668 1
674 1
678 2
679 1
685 2
690 1
692 1
694 1
700 1
705 1
708 1
711 1
712 1
713 1
714 1
715 1
722 1
727 1
729 1
733 1
737 1
741 1
747 3
748 1
749 2
754 1
755 1
758 1
763 2
765 1
769 1
771 1
776 1
779 2
780 1
781 1
782 3
784 1
785 2
787 2
788 1
790 2
793 1
794 1
795 2
801 1
805 1
809 1
811 1
814 1
816 1
817 1
820 2
821 10
822 1
824 1
827 2
828 2
830 1
832 2
837 1
838 1
841 2
843 2
848 1
849 1
850 2
851 1
852 1
853 3
854 1
855 1
856 1
858 1
859 1
861 1
863 1
864 2
867 1
875 1
877 1
878 1
880 1
881 1
884 1
888 1
891 1
892 1
895 1
897 1
900 2
910 3
911 1
914 1
930 1
931 1
932 2
936 1
940 1
942 2
952 1
953 1
954 1
956 2
959 2
963 1
964 1
968 1
969 1
971 1
975 2
981 1
984 1
987 1
992 2
996 1
997 1
998 2
1003 1
1006 1
1012 1
1013 1
1014 1
1017 1
1021 1
1022 1
1024 45
1025 1
1026 2
1029 1
1030 1
1032 4
1041 2
1044 2
1048 1
1052 1
1060 1
1064 1
1069 1
1076 1
1078 1
1079 1
1080 1
1083 1
1084 1
1087 1
1089 1
1090 1
1097 1
1100 1
1107 1
1111 1
1114 1
1123 1
1125 1
1129 1
1131 1
1132 2
1133 1
1138 1
1143 1
1146 1
1149 1
1151 2
1152 1
1153 2
1154 1
1155 1
1156 1
1158 1
1168 1
1171 1
1172 1
1182 2
1194 2
1195 1
1196 1
1201 1
1206 1
1208 1
1216 1
1220 1
1224 1
1228 1
1231 1
1232 2
1233 1
1235 1
1238 1
1239 1
1241 1
1243 1
1249 5
1250 1
1253 1
1256 1
1259 1
1261 1
1276 1
1285 1
1296 4
1305 1
1307 1
1308 1
1311 2
1320 1
1335 1
1341 1
1342 1
1352 1
1354 1
1361 1
1363 1
1364 1
1366 1
1367 2
1370 1
1372 1
1374 2
1377 1
1380 2
1382 1
1386 1
1388 1
1391 2
1398 1
1410 1
1414 1
1417 1
1418 2
1419 1
1422 2
1424 1
1426 1
1427 1
1431 1
1432 1
1434 1
1439 1
1443 1
1444 1
1446 1
1450 2
1454 1
1458 1
1460 1
1462 1
1465 1
1466 1
1472 1
1473 2
1475 1
1476 2
1488 1
1492 1
1496 1
1498 2
1503 1
1517 1
1521 1
1527 2
1528 3
1530 1
1532 1
1534 1
1536 13
1541 2
1546 1
1550 1
1554 1
1567 1
1568 1
1583 1
1591 1
1596 2
1597 1
1598 1
1600 1
1601 1
1608 1
1615 1
1619 1
1623 1
1625 1
1633 1
1636 1
1650 1
1659 1
1662 1
1664 1
1676 1
1686 1
1688 2
1690 1
1693 1
1699 1
1700 1
1703 1
1710 1
1711 1
1714 1
1715 1
1726 1
1733 1
1742 1
1743 1
1744 1
1752 1
1756 1
1757 1
1759 2
1763 1
1765 1
1767 1
1773 1
1774 1
1776 1
1784 2
1785 1
1788 2
1791 1
1792 1
1794 1
1804 1
1813 1
1821 1
1823 3
1829 4
1839 1
1848 1
1850 1
1851 1
1856 1
1857 1
1860 1
1861 1
1866 1
1867 1
1868 1
1873 1
1874 1
1875 1
1877 1
1882 1
1888 1
1890 3
1894 1
1898 2
1909 1
1912 1
1914 1
1916 1
1918 1
1919 2
1921 1
1927 1
1930 1
1932 1
1933 5
1936 1
1937 1
1942 1
1957 2
1969 1
1972 1
1974 1
1978 5
1985 1
1993 1
1994 1
1997 1
2007 1
2025 1
2026 1
2029 1
2031 1
2037 2
2038 1
2040 1
2048 4
2054 3
2055 1
2058 2
2059 1
2067 1
2070 2
2074 1
2084 1
2088 1
2089 1
2095 1
2099 1
2111 1
2115 1
2119 1
2121 1
2127 1
2138 1
2163 1
2166 1
2172 1
2173 1
2174 1
2180 1
2191 1
2198 1
2210 1
2212 1
2223 1
2232 1
2239 1
2242 1
2243 1
2246 1
2249 1
2253 1
2264 1
2270 1
2276 2
2279 1
2281 2
2294 1
2300 1
2304 1
2307 1
2322 1
2323 1
2331 1
2339 1
2345 1
2346 3
2355 1
2361 1
2366 1
2375 1
2376 1
2378 1
2385 2
2387 1
2388 1
2393 1
2395 2
2396 1
2404 1
2409 4
2419 1
2429 1
2434 1
2443 1
2455 1
2461 1
2464 1
2486 1
2495 1
2496 1
2502 1
2504 3
2521 1
2527 2
2533 1
2542 1
2544 2
2569 1
2573 2
2579 1
2585 1
2593 2
2608 1
2609 1
2611 1
2619 1
2626 1
2632 1
2647 1
2651 1
2655 1
2656 1
2657 1
2665 3
2666 1
2667 1
2677 1
2678 2
2682 1
2683 1
2684 1
2711 1
2712 1
2714 1
2721 1
2732 1
2743 1
2745 2
2768 1
2770 1
2772 1
2773 1
2783 1
2789 1
2790 2
2791 1
2805 1
2810 2
2814 1
2816 1
2825 1
2833 1
2835 1
2842 1
2847 1
2854 1
2866 1
2870 1
2887 1
2893 1
2917 1
2919 1
2932 1
2944 1
2947 1
2956 3
2963 1
2967 1
2978 1
2979 1
2983 1
2986 1
2989 1
2990 1
2991 1
2992 1
2993 1
3048 1
3058 1
3066 1
3068 1
3081 1
3083 1
3085 1
3104 1
3131 1
3134 2
3140 1
3142 1
3146 1
3161 1
3173 1
3179 1
3182 1
3184 1
3212 1
3254 1
3263 4
3266 1
3269 1
3272 1
3279 1
3280 1
3281 1
3284 1
3289 1
3312 1
3314 1
3324 1
3359 1
3361 1
3365 1
3367 1
3374 1
3395 1
3413 1
3420 1
3425 1
3426 1
3432 1
3442 1
3458 1
3481 1
3491 1
3492 1
3505 1
3517 2
3518 1
3536 1
3541 1
3542 1
3548 1
3587 1
3606 1
3608 1
3632 1
3668 1
3674 2
3699 1
3702 1
3716 1
3728 1
3751 2
3764 1
3766 1
3790 1
3796 1
3799 1
3804 1
3829 1
3847 2
3848 1
3869 1
3882 1
3898 1
3902 1
3913 1
3947 1
3948 1
3950 1
3953 1
3980 1
3982 9
4004 1
4006 1
4022 1
4043 1
4044 1
4067 1
4082 1
4096 2
4102 2
4104 1
4121 1
4127 1
4141 1
4174 1
4185 1
4189 1
4192 1
4205 2
4226 1
4235 2
4247 1
4249 1
4261 1
4269 2
4291 2
4297 1
4300 1
4301 1
4306 1
4307 1
4313 1
4322 1
4336 1
4349 1
4384 1
4406 1
4427 1
4468 1
4483 1
4484 1
4485 1
4492 1
4523 1
4532 1
4533 1
4547 2
4553 1
4564 1
4577 1
4580 1
4598 1
4600 1
4608 1
4613 1
4614 1
4617 1
4618 1
4624 1
4670 1
4672 1
4691 1
4739 1
4747 1
4750 1
4808 1
4816 1
4820 1
4854 1
4861 1
4867 1
4870 1
4873 1
4875 1
4888 1
4918 3
4926 1
4940 1
4973 1
4976 1
4986 1
4989 1
5039 1
5040 2
5087 1
5090 1
5098 1
5127 1
5140 1
5157 1
5165 1
5174 1
5190 1
5200 1
5201 1
5207 1
5209 1
5259 1
5279 1
5283 1
5301 1
5310 1
5338 1
5341 1
5390 1
5395 1
5396 1
5422 2
5428 1
5440 2
5455 1
5473 2
5488 1
5497 1
5543 1
5569 1
5583 1
5619 1
5633 2
5669 1
5719 1
5774 1
5787 1
5793 1
5808 1
5813 1
5827 1
5830 1
5832 1
5848 2
5902 1
5904 1
5920 1
5935 1
5949 2
5950 1
5961 1
6031 1
6052 1
6091 1
6112 1
6135 1
6139 1
6191 1
6197 1
6201 1
6260 1
6277 1
6306 2
6331 1
6346 1
6376 1
6392 1
6411 1
6434 1
6441 1
6473 1
6518 1
6523 1
6537 1
6632 1
6707 1
6820 1
6862 1
6910 1
6967 1
6976 1
6990 1
6994 1
7014 1
7016 1
7035 1
7046 1
7051 1
7105 1
7116 1
7152 1
7183 1
7214 1
7220 4
7229 1
7230 1
7268 1
7285 1
7297 1
7337 1
7355 1
7369 1
7370 1
7469 1
7483 1
7503 1
7587 1
7593 1
7619 1
7649 2
7657 1
7665 1
7717 1
7720 1
7729 1
7748 1
7813 1
7888 1
7996 1
8041 1
8115 1
8146 1
8176 1
8180 1
8185 2
8189 1
8192 1
8216 1
8227 1
8247 1
8248 1
8273 1
8275 1
8298 1
8328 1
8374 2
8423 1
8430 1
8439 1
8442 1
8466 1
8491 1
8537 1
8570 1
8579 1
8588 1
8592 1
8601 2
8606 1
8622 1
8653 1
8661 1
8673 1
8717 1
8749 1
8757 1
8775 1
8797 1
8811 1
8817 1
8835 1
8842 1
8848 1
8863 1
8898 1
8902 1
8928 1
8931 1
9002 1
9006 1
9012 1
9014 1
9043 1
9050 2
9113 2
9129 1
9136 1
9163 1
9300 1
9302 1
9325 1
9328 1
9505 1
9745 1
9877 1
9887 1
9888 1
9903 1
9918 1
10077 1
10204 1
10215 1
10321 1
10618 1
10756 1
10819 3
10823 1
10826 1
10936 1
11050 1
11084 1
11128 1
11166 1
11206 1
11208 1
11223 1
11344 1
11356 1
11426 1
11532 1
11533 1
11643 1
11695 1
11721 1
11752 1
11762 1
11825 1
11872 1
11894 1
11903 1
11904 2
11910 1
11928 1
11930 1
11957 1
11968 1
11998 1
12028 1
12124 1
12199 1
12221 1
12281 1
12290 1
12351 1
12361 1
12377 1
12435 1
12440 1
12463 2
12497 1
12498 1
12528 1
12596 1
12635 1
12645 1
12684 1
12706 1
12804 1
12851 1
12866 1
12879 1
12934 1
12988 1
12989 1
13003 1
13007 1
13018 1
13025 1
13039 1
13167 1
13240 1
13241 1
13465 1
13515 1
13519 1
13750 1
13798 1
14023 1
14041 1
14072 1
14641 1
14654 1
14751 4
14904 1
15042 1
15047 1
15060 1
15184 1
15200 1
15285 1
15298 1
15419 1
15424 1
15526 1
15537 1
15602 1
15845 1
15922 1
15926 1
16237 1
16297 1
16530 1
16749 1
16821 1
16861 1
16955 1
16992 1
17085 1
17310 1
17389 1
17458 1
17509 1
17541 1
17725 1
17726 1
18031 1
18068 1
18136 1
18400 1
18433 1
18508 1
18569 1
18692 1
18960 1
19251 1
19382 1
19473 1
19514 1
19684 1
19720 1
19880 1
19887 1
20014 1
20151 1
20252 1
20449 1
20452 1
20627 1
21070 1
21102 1
21352 1
21574 1
21604 1
21784 1
21855 1
21886 1
21911 1
21972 1
22025 1
22354 1
22377 1
22472 1
22531 4
22566 1
22579 1
22617 1
23182 1
23192 1
23305 1
24253 1
24463 1
24576 7
24597 1
25071 1
25270 1
25412 1
25494 1
25527 1
25549 1
26051 1
26056 1
26258 1
26370 1
26630 1
26640 1
27059 1
27073 1
27129 1
27211 1
27317 1
27323 1
27375 1
27376 1
27493 1
27800 1
28219 1
28232 1
28402 1
29155 1
29159 1
29180 1
29238 1
29289 1
29325 1
29335 1
29637 1
29790 1
30311 4
30440 1
31150 1
31391 1
31395 1
31444 1
31445 1
31477 1
31506 1
31536 1
31612 1
31624 1
31642 1
31644 1
32068 1
32084 1
32133 1
32142 1
32247 1
32585 1
32587 1
32623 1
32631 1
32682 1
32709 1
32714 1
32768 4
32901 1
32922 1
33061 1
33098 1
33145 1
33478 1
33507 1
33699 1
33712 1
33718 1
33746 1
33750 1
33798 1
33898 1
33936 1
33972 1
33988 1
34011 1
34021 1
34038 1
34358 1
34362 1
34565 1
34607 1
34818 1
34868 1
34891 1
34937 1
35704 1
36070 1
36277 1
36345 1
36458 1
36792 1
36812 1
36908 1
36936 1
36977 1
36992 1
37052 1
37066 1
37166 1
37175 1
37194 1
37252 1
37454 1
37919 1
38181 1
38217 1
38425 1
38466 1
38756 1
39101 1
39486 1
39491 1
39547 1
39759 1
39875 1
40108 1
40110 1
40215 1
40266 1
40301 1
40342 1
40820 1
41033 1
41049 1
41118 1
41739 1
41749 1
41808 1
41876 2
41934 1
42090 1
42100 1
42167 1
42216 1
42242 1
42244 1
42269 1
42300 2
42381 1
42475 1
42808 1
42862 1
42910 1
42918 1
42935 1
43236 1
43245 1
43264 1
43397 1
43413 1
43503 1
44023 1
44042 2
44083 1
44090 1
44182 1
44288 1
44755 1
44759 1
45053 1
45229 1
45332 1
45344 1
45347 1
45411 1
45447 1
45687 1
46071 1
46506 1
46536 1
46549 1
47077 1
47103 1
47351 1
47477 1
47620 1
47786 1
47807 1
48038 1
49470 1
50104 1
51581 1
51625 1
52078 1
52444 1
53799 1
53887 1
54801 1
55001 1
55250 1
55724 1
56103 1
56190 1
56518 1
56677 1
57073 1
57118 2
57583 1
58127 1
58145 1
58474 1
58570 1
59032 1
59181 1
59299 1
59434 1
60125 1
60449 1
60493 1
60621 1
60686 1
60771 1
60820 1
60874 1
60883 1
60989 1
61035 1
61334 1
61393 1
61424 1
61958 1
62320 1
62732 1
62863 1
63456 1
63528 1
63819 1
64257 1
64321 1
64996 1
65034 1
65071 1
65536 3
65896 1
66442 1
67329 1
67805 1
67873 1
68432 1
69411 1
69453 2
69692 1
70238 1
70245 1
70610 1
72034 1
72295 1
72625 1
74495 1
74887 1
75721 1
75978 1
77356 1
77391 1
77687 1
79220 1
80984 1
83632 1
85971 1
87411 1
88441 1
88880 1
89646 1
91828 1
91834 1
92273 1
93910 1
94519 1
95503 2
96146 1
97956 1
98567 1
100479 1
100735 1
104779 1
104781 1
106748 1
112832 1
114935 1
117529 1
119867 1
120058 1
123994 1
124990 1
126406 1
128357 1
129632 1
134721 1
139805 1
143574 1
146642 1
153021 1
155648 1
155728 1
158308 1
167192 1
169270 1
172032 1
180171 1
193478 1
285517 1
293127 1
293335 1
293576 1
331573 1
331687 1
393216 1
402549 1
423794 1
462848 1
471040 1
507780 1
565248 2
624321 1
643546 1
659674 1
851968 1
