0 7
1 11
2 1
3 1
4 2
6 3
7 1
11 1
14 69
15 39
16 23
17 58
18 6
19 10
20 6
24 6
25 1
26 1
27 7
28 1
29 7
30 2
31 1
32 3
33 2
34 4
35 3
36 3
38 1
39 2
40 2
42 2
44 1
46 1
47 1
48 10
49 20
50 33
51 49
52 69
53 70
54 113
55 114
56 138
57 87
58 105
59 73
60 82
61 56
62 48
63 35
64 35
65 29
66 22
67 28
68 20
69 17
70 11
71 13
72 7
73 6
74 5
75 3
76 3
77 5
78 3
79 5
80 3
82 2
83 1
87 1
88 2
90 2
91 2
93 2
95 3
96 1
98 1
99 3
102 1
104 1
105 1
107 1
111 1
112 2
113 2
115 1
118 2
119 1
120 1
121 2
124 1
128 4
129 1
132 1
134 1
135 3
137 3
138 2
139 1
140 1
141 1
144 1
148 1
149 1
150 3
151 1
152 1
158 1
159 2
160 3
161 1
162 3
163 2
164 3
165 1
166 1
168 1
169 1
170 1
172 2
174 1
176 1
177 1
178 1
180 1
181 1
182 1
186 1
193 40
194 2
196 1
198 1
199 2
200 5
205 2
207 16
209 1
210 2
213 1
215 2
217 2
220 1
221 1
222 1
223 1
224 2
226 1
228 1
229 1
231 2
232 1
235 1
236 3
238 1
240 1
241 1
244 1
246 1
248 1
249 2
250 1
251 1
254 1
256 56
257 3
263 4
264 3
265 1
269 2
272 3
274 2
275 3
276 2
278 1
279 1
280 3
281 1
284 1
285 1
286 1
287 1
288 1
293 5
294 2
296 3
297 2
299 2
301 2
302 1
303 2
304 1
305 1
306 3
308 2
309 1
310 1
314 1
316 1
317 1
320 1
323 1
333 1
334 2
336 2
340 2
345 1
347 1
349 1
350 2
354 1
356 1
358 1
359 1
360 1
363 2
364 8
367 1
370 1
374 1
375 1
377 1
379 1
380 2
381 1
385 2
386 2
387 3
388 1
392 2
395 1
396 1
397 2
399 2
401 4
402 1
403 1
405 2
406 1
410 2
411 1
412 1
413 2
414 2
418 2
419 1
420 1
424 1
426 1
427 1
428 2
429 1
430 1
434 2
436 1
437 1
439 1
441 3
446 2
447 1
448 1
450 2
451 2
453 1
454 1
457 2
458 1
459 1
460 1
462 1
463 1
468 1
472 2
473 10
475 1
478 1
479 1
481 1
482 1
483 4
485 2
486 1
488 2
489 1
490 1
492 1
493 1
494 1
496 1
497 5
498 2
499 2
501 2
503 3
506 1
507 1
508 2
511 1
512 172
513 2
514 3
515 1
516 2
518 1
519 2
520 2
521 2
525 3
532 1
534 1
535 1
539 2
540 2
542 1
543 1
544 2
545 1
547 1
548 1
550 3
552 3
553 1
555 2
556 2
557 2
559 2
560 1
562 3
563 3
566 1
567 3
568 1
569 1
571 5
572 3
573 5
574 2
576 2
577 1
579 1
580 3
583 1
584 2
585 1
586 2
587 1
588 1
589 10
590 6
592 3
593 1
596 3
597 3
598 1
599 2
600 1
601 2
603 2
604 2
605 1
608 3
609 2
610 1
611 2
612 1
615 2
617 2
619 1
624 1
625 1
626 1
627 1
629 1
630 1
631 2
632 1
636 1
637 1
638 2
640 1
641 1
642 2
643 5
645 1
648 1
649 2
650 2
651 1
652 3
653 3
654 1
655 2
656 2
658 1
659 2
660 1
662 1
664 1
668 1
669 1
671 4
672 4
673 1
675 2
677 3
678 4
679 2
681 1
683 6
684 4
685 3
686 2
687 1
688 4
690 2
691 2
692 1
694 2
695 1
696 5
697 4
698 5
699 1
700 2
701 1
702 6
703 3
704 3
705 1
706 3
707 2
709 1
710 4
712 2
713 1
714 4
716 4
717 4
718 3
719 2
720 5
721 4
722 3
724 2
726 4
727 10
728 2
729 1
730 4
731 3
732 4
733 5
734 1
735 1
736 2
737 5
739 1
740 3
741 4
742 2
743 5
744 9
745 4
746 13
747 5
748 8
749 5
750 1
751 1
752 4
753 7
754 3
755 3
757 4
758 2
759 6
760 2
761 3
763 4
764 2
765 4
766 3
767 2
768 2
769 3
770 6
771 2
772 1
773 1
774 1
775 1
776 3
777 3
778 1
779 2
781 3
782 1
783 1
784 1
785 4
786 3
787 3
788 4
789 2
791 4
792 2
793 1
794 4
795 4
796 4
797 4
798 3
799 4
800 5
801 5
802 5
803 7
804 3
805 5
806 2
807 1
808 4
809 1
810 1
811 3
812 6
813 4
814 4
815 3
816 3
817 5
818 4
819 1
820 3
821 3
822 2
823 4
824 2
825 5
826 5
827 2
828 5
829 4
830 3
831 5
832 1
833 4
834 3
835 2
836 6
837 4
838 2
839 1
840 1
841 4
842 4
843 3
845 1
846 2
847 2
848 1
849 4
851 2
852 4
853 5
854 4
855 1
856 4
857 2
858 2
859 1
860 2
861 5
862 3
863 1
864 3
865 2
866 3
867 5
868 3
869 3
870 2
871 5
872 6
873 1
874 2
875 1
876 1
877 2
878 1
879 1
880 6
881 2
882 2
883 3
884 4
886 2
887 1
888 5
889 3
890 5
892 4
894 1
895 3
896 2
897 1
898 1
899 1
900 5
901 1
902 1
903 4
904 3
905 5
906 3
907 8
910 2
911 6
913 3
914 1
915 2
916 3
917 3
918 3
919 1
920 6
922 4
923 7
924 2
926 3
927 2
928 3
929 4
930 2
931 3
932 3
934 2
935 4
936 4
937 1
938 1
939 8
940 1
941 3
942 3
943 1
944 6
945 2
946 2
947 4
948 4
949 2
950 2
951 3
952 4
953 3
954 1
955 2
956 1
957 1
960 5
961 1
962 3
963 3
964 3
965 7
966 1
967 3
968 5
969 2
970 1
971 2
972 2
973 7
974 2
975 3
976 2
977 1
978 1
979 2
980 3
981 1
983 2
984 9
985 2
986 1
987 4
989 2
990 2
991 3
992 2
993 2
995 2
996 1
997 2
998 2
999 2
1000 2
1001 3
1002 2
1003 1
1006 2
1007 8
1008 4
1009 3
1010 2
1011 1
1013 2
1014 1
1015 1
1016 5
1017 5
1018 3
1021 2
1022 2
1024 41
1025 4
1027 5
1028 2
1029 2
1030 3
1031 2
1032 1
1034 2
1035 2
1037 4
1038 2
1039 3
1040 1
1041 3
1043 1
1044 5
1045 2
1046 4
1047 5
1048 3
1049 1
1050 3
1051 1
1052 3
1053 2
1054 2
1055 1
1056 1
1059 3
1060 3
1061 1
1062 3
1063 4
1064 1
1065 4
1068 1
1069 1
1071 1
1072 3
1073 3
1074 1
1077 3
1078 4
1079 3
1080 1
1081 1
1082 2
1084 2
1085 2
1086 3
1088 1
1089 4
1091 2
1092 2
1093 4
1095 3
1096 1
1097 2
1098 1
1099 2
1100 1
1102 1
1105 5
1107 3
1108 1
1109 1
1111 1
1112 4
1113 1
1114 4
1115 1
1116 1
1117 5
1118 1
1120 3
1122 1
1123 1
1124 1
1129 2
1130 2
1132 1
1133 1
1136 1
1138 1
1139 1
1140 1
1141 5
1142 2
1144 1
1145 3
1146 4
1147 3
1148 1
1149 2
1151 5
1153 1
1154 2
1157 1
1158 1
1159 1
1160 2
1161 1
1163 4
1164 4
1166 3
1167 1
1168 1
1169 1
1170 3
1171 1
1172 3
1175 2
1177 1
1179 5
1180 4
1181 1
1182 4
1185 4
1186 4
1187 1
1188 1
1189 1
1190 1
1191 1
1193 3
1194 1
1195 2
1197 1
1199 2
1200 1
1201 1
1202 2
1203 1
1204 1
1205 1
1207 1
1208 2
1209 2
1210 1
1211 1
1212 1
1213 1
1215 1
1216 5
1217 2
1221 1
1222 1
1223 1
1224 3
1225 4
1227 1
1230 3
1233 1
1234 2
1236 1
1238 5
1239 2
1240 2
1241 2
1242 1
1243 2
1244 2
1245 2
1246 3
1248 3
1249 2
1250 1
1251 1
1252 3
1253 2
1254 3
1255 1
1256 1
1257 2
1258 2
1260 2
1261 3
1262 1
1263 2
1264 2
1265 1
1266 2
1268 1
1269 2
1270 3
1271 2
1274 4
1275 1
1276 2
1277 1
1278 2
1279 2
1280 1
1281 2
1282 1
1283 1
1284 1
1285 3
1286 2
1287 1
1288 1
1290 4
1291 1
1293 2
1294 1
1295 2
1296 2
1297 1
1298 2
1299 5
1300 1
1303 3
1304 2
1305 1
1306 1
1307 3
1308 1
1310 1
1313 1
1316 1
1317 1
1318 1
1320 3
1321 1
1323 1
1324 4
1325 1
1326 3
1327 3
1328 3
1329 1
1330 1
1331 1
1332 3
1335 1
1336 2
1337 3
1338 3
1339 2
1340 2
1342 1
1343 1
1344 2
1346 1
1349 1
1350 1
1353 3
1354 2
1355 1
1356 1
1357 1
1358 2
1359 1
1360 1
1361 1
1362 1
1363 2
1364 4
1365 1
1366 1
1367 5
1368 2
1369 1
1370 2
1371 2
1372 2
1374 1
1376 6
1377 5
1378 8
1379 1
1380 3
1381 2
1384 1
1386 2
1387 1
1389 3
1390 2
1391 1
1397 1
1398 2
1399 1
1400 2
1401 1
1402 3
1405 2
1406 2
1407 1
1408 1
1410 8
1411 1
1412 1
1413 1
1414 1
1415 1
1417 4
1418 1
1419 2
1420 1
1421 2
1426 5
1427 2
1428 3
1429 2
1431 3
1432 1
1435 1
1436 1
1437 1
1438 8
1439 3
1442 4
1443 1
1444 1
1445 2
1448 1
1449 3
1450 2
1451 2
1452 1
1455 8
1456 5
1457 1
1458 3
1459 2
1460 4
1461 1
1462 1
1463 3
1464 1
1466 2
1467 3
1468 3
1469 3
1470 1
1471 1
1472 1
1473 4
1474 1
1475 2
1476 2
1477 1
1479 2
1481 2
1483 1
1486 3
1488 2
1489 2
1490 2
1491 1
1492 1
1494 2
1495 5
1496 1
1497 1
1498 3
1499 2
1500 3
1501 1
1502 1
1503 1
1504 1
1505 1
1506 1
1507 5
1508 1
1509 2
1510 3
1511 1
1512 1
1515 1
1516 1
1517 2
1518 3
1520 2
1521 4
1522 3
1523 2
1524 1
1526 2
1527 2
1528 1
1529 2
1531 2
1532 1
1534 8
1535 3
1536 7
1537 1
1538 2
1540 1
1541 3
1543 3
1544 1
1545 3
1546 1
1547 1
1549 2
1550 2
1551 3
1552 4
1553 2
1554 3
1555 4
1556 1
1557 1
1558 3
1559 4
1560 1
1562 4
1564 3
1565 1
1566 1
1567 3
1568 2
1569 2
1570 1
1571 1
1575 1
1576 2
1578 2
1579 1
1580 3
1581 3
1584 1
1585 1
1586 1
1587 2
1588 1
1589 1
1591 1
1592 2
1593 1
1598 2
1599 2
1601 1
1602 1
1603 2
1605 1
1610 2
1612 3
1613 3
1614 1
1615 1
1616 7
1617 2
1618 2
1622 1
1623 1
1624 1
1625 1
1626 2
1627 1
1628 2
1630 2
1631 2
1632 4
1633 4
1634 3
1635 2
1637 4
1640 1
1641 2
1643 1
1644 5
1645 6
1646 1
1648 4
1649 2
1650 1
1652 2
1653 1
1654 4
1655 1
1656 1
1657 1
1658 2
1660 1
1661 3
1662 1
1663 2
1664 1
1665 2
1666 1
1668 2
1672 1
1673 2
1676 2
1677 1
1678 2
1679 1
1680 1
1683 3
1684 1
1685 3
1686 1
1690 2
1691 2
1694 1
1696 2
1697 3
1698 1
1699 2
1701 2
1703 3
1705 4
1706 3
1707 2
1708 2
1710 1
1711 1
1714 1
1716 1
1720 2
1721 4
1724 2
1728 3
1730 1
1732 4
1733 1
1734 3
1735 2
1738 1
1739 1
1740 1
1742 2
1745 5
1750 2
1751 2
1752 2
1753 2
1754 1
1757 1
1760 3
1761 3
1762 1
1763 3
1764 1
1766 1
1768 1
1770 1
1771 1
1772 1
1773 1
1774 1
1778 1
1779 1
1780 1
1782 1
1784 2
1785 1
1787 1
1790 1
1793 2
1794 3
1795 2
1796 1
1798 2
1800 2
1802 1
1803 1
1805 1
1808 2
1810 2
1811 1
1812 1
1816 2
1818 2
1820 3
1824 3
1826 3
1828 1
1829 1
1830 1
1831 2
1832 1
1835 2
1837 3
1838 1
1839 3
1840 1
1841 1
1843 3
1844 4
1846 1
1847 2
1851 1
1853 2
1854 1
1855 5
1857 4
1859 4
1861 3
1862 1
1864 5
1866 2
1868 2
1869 2
1872 3
1876 1
1881 2
1883 2
1884 2
1886 2
1888 1
1890 1
1891 1
1892 1
1894 2
1898 2
1899 1
1901 1
1902 1
1903 1
1908 1
1910 1
1913 1
1914 1
1916 2
1917 1
1918 2
1919 2
1922 2
1925 1
1927 2
1928 3
1933 57
1936 2
1937 1
1939 1
1945 1
1947 1
1948 1
1949 1
1950 3
1952 2
1953 3
1955 1
1959 1
1961 1
1962 2
1964 2
1966 1
1967 2
1970 2
1971 3
1972 1
1974 1
1975 1
1976 1
1978 2
1979 2
1984 3
1985 1
1986 1
1989 2
1991 1
1992 1
1994 1
1997 6
1999 1
2000 2
2001 1
2002 4
2003 1
2006 1
2009 2
2010 2
2011 1
2012 1
2013 1
2014 1
2015 2
2018 1
2020 2
2024 1
2026 2
2029 1
2030 1
2031 1
2032 2
2033 1
2035 2
2037 1
2042 1
2043 1
2045 2
2048 19
2051 1
2052 2
2053 2
2055 1
2056 3
2057 3
2058 2
2060 5
2061 3
2062 2
2063 1
2064 2
2066 2
2067 2
2068 1
2070 3
2072 2
2075 1
2078 3
2079 1
2086 1
2088 2
2089 2
2090 2
2091 1
2092 1
2095 1
2096 5
2097 1
2098 3
2101 1
2102 4
2103 1
2106 1
2107 1
2109 1
2111 1
2112 2
2113 2
2114 1
2115 3
2116 3
2117 3
2119 1
2122 2
2123 2
2126 1
2129 2
2130 2
2132 1
2134 1
2136 1
2137 3
2138 1
2142 3
2144 3
2145 1
2148 1
2149 2
2152 3
2153 3
2155 1
2157 11
2158 1
2159 3
2160 1
2164 1
2165 1
2168 1
2169 1
2170 1
2176 1
2178 1
2180 2
2182 2
2184 1
2186 3
2187 1
2190 1
2192 1
2194 1
2196 1
2198 1
2202 2
2203 1
2208 2
2211 1
2213 1
2214 1
2215 1
2216 2
2220 3
2221 1
2225 1
2227 3
2228 3
2229 1
2230 4
2231 3
2232 3
2233 2
2234 2
2236 1
2237 2
2238 1
2239 3
2243 1
2245 1
2246 2
2248 2
2252 2
2255 1
2256 1
2263 1
2264 1
2265 1
2266 2
2267 1
2269 1
2272 1
2274 1
2276 1
2280 1
2281 3
2282 4
2283 1
2284 1
2285 2
2286 2
2288 1
2291 1
2296 1
2299 1
2302 1
2304 1
2307 1
2308 2
2309 3
2310 4
2313 2
2316 1
2320 1
2323 1
2324 1
2325 2
2328 3
2329 1
2330 1
2332 4
2334 1
2336 3
2338 2
2340 1
2344 4
2345 1
2347 2
2350 1
2351 1
2354 1
2356 1
2358 1
2359 1
2363 3
2364 1
2365 1
2367 2
2369 2
2370 1
2371 1
2373 1
2374 3
2375 1
2376 3
2377 2
2389 2
2391 3
2393 1
2400 1
2401 1
2403 1
2404 1
2406 1
2407 1
2409 1
2411 2
2413 1
2419 1
2420 1
2421 1
2422 1
2423 1
2424 1
2426 1
2429 1
2432 3
2434 1
2435 2
2437 3
2442 1
2444 1
2446 1
2448 1
2449 2
2452 2
2453 2
2456 1
2459 2
2463 1
2466 2
2469 1
2470 1
2473 1
2487 3
2489 1
2490 1
2492 2
2493 1
2494 1
2495 1
2496 1
2498 1
2499 1
2506 1
2507 1
2513 1
2516 1
2518 2
2519 3
2520 2
2521 2
2525 1
2527 2
2528 2
2529 1
2531 1
2532 1
2533 1
2535 1
2540 1
2541 2
2542 1
2544 1
2549 1
2551 2
2554 1
2555 1
2558 1
2559 2
2560 12
2561 2
2565 3
2567 1
2569 2
2570 1
2571 1
2573 1
2575 1
2577 1
2580 1
2581 2
2584 1
2590 1
2592 1
2593 1
2594 2
2595 1
2596 1
2597 1
2598 1
2600 1
2603 1
2604 1
2605 3
2606 1
2607 1
2608 1
2609 1
2610 2
2611 1
2615 1
2616 1
2618 1
2619 2
2622 2
2625 2
2626 1
2628 2
2630 1
2632 3
2634 2
2635 1
2637 3
2638 2
2642 2
2643 1
2644 2
2649 1
2651 1
2653 1
2655 1
2658 2
2662 4
2664 1
2668 1
2669 1
2670 1
2673 1
2675 2
2676 1
2678 1
2680 1
2682 1
2683 1
2685 1
2687 2
2689 1
2690 1
2692 1
2695 4
2696 2
2702 2
2704 1
2705 1
2708 1
2710 1
2711 1
2712 1
2713 1
2717 1
2719 1
2720 1
2722 1
2725 1
2726 1
2729 1
2730 1
2731 3
2734 3
2736 2
2737 1
2738 2
2739 2
2740 1
2742 2
2746 1
2747 1
2748 2
2750 3
2751 2
2754 1
2756 4
2762 1
2765 2
2766 1
2767 1
2768 1
2770 1
2771 2
2777 1
2779 1
2784 1
2786 1
2790 1
2793 1
2796 1
2800 1
2801 1
2804 1
2808 5
2813 1
2815 1
2818 1
2821 1
2825 1
2826 1
2828 1
2829 1
2833 1
2834 1
2836 1
2839 1
2840 2
2842 1
2847 1
2849 1
2851 1
2852 3
2853 1
2856 2
2860 1
2863 1
2867 1
2869 1
2870 2
2871 1
2872 2
2877 2
2879 1
2882 4
2884 1
2891 2
2894 1
2895 1
2897 2
2900 2
2901 2
2904 1
2905 2
2907 3
2908 1
2911 1
2912 1
2914 1
2915 1
2916 3
2917 2
2918 3
2919 2
2920 1
2922 1
2923 1
2924 1
2926 1
2927 2
2928 2
2929 1
2930 1
2932 4
2937 2
2939 1
2942 1
2943 1
2944 1
2945 1
2946 1
2948 1
2953 2
2955 1
2956 5
2958 2
2961 3
2965 2
2969 1
2970 1
2973 2
2975 1
2976 1
2977 1
2979 2
2983 1
2985 1
2987 3
2991 1
2993 1
2997 1
2999 1
3000 1
3001 1
3003 2
3005 2
3007 1
3008 1
3011 1
3012 3
3013 2
3014 2
3016 3
3020 1
3021 1
3022 2
3023 1
3024 1
3025 1
3029 1
3031 1
3032 2
3033 2
3035 1
3037 1
3039 2
3040 1
3043 1
3045 1
3047 1
3048 1
3049 2
3051 1
3053 2
3054 2
3056 1
3059 3
3067 1
3068 3
3069 1
3071 1
3072 5
3073 3
3074 1
3075 1
3077 1
3079 1
3080 1
3081 1
3082 1
3083 1
3086 2
3088 2
3089 1
3091 4
3094 2
3100 1
3104 2
3106 3
3108 2
3109 2
3112 1
3113 1
3116 3
3118 1
3119 2
3121 1
3123 2
3130 2
3134 1
3137 2
3141 2
3142 1
3143 1
3146 1
3147 1
3150 1
3153 2
3155 3
3159 1
3161 2
3162 1
3166 1
3167 1
3171 1
3172 1
3174 2
3175 2
3177 1
3181 1
3184 2
3185 1
3186 1
3192 1
3198 1
3200 1
3203 2
3204 1
3206 2
3208 1
3209 1
3212 3
3216 1
3219 1
3223 1
3226 2
3230 1
3231 2
3232 1
3235 1
3240 1
3241 2
3244 1
3245 2
3246 1
3249 2
3250 1
3252 1
3253 1
3254 1
3255 1
3256 1
3263 1
3264 1
3269 2
3271 1
3274 3
3277 4
3278 1
3280 2
3282 1
3283 1
3287 1
3288 1
3290 2
3292 1
3296 1
3298 1
3300 2
3301 2
3302 2
3304 1
3307 1
3317 3
3319 2
3321 3
3322 4
3326 2
3329 1
3330 1
3331 1
3332 2
3338 1
3340 1
3343 1
3347 1
3348 2
3349 4
3350 1
3351 2
3353 1
3354 1
3357 3
3358 2
3360 1
3363 1
3364 1
3365 1
3366 1
3367 2
3371 1
3375 1
3378 1
3379 3
3383 1
3385 2
3386 2
3388 1
3392 3
3394 1
3400 1
3401 1
3402 1
3404 1
3407 2
3408 1
3411 1
3414 1
3415 2
3419 1
3421 1
3422 1
3424 1
3426 2
3429 1
3431 1
3433 1
3435 2
3438 1
3440 2
3444 1
3447 1
3448 1
3450 1
3452 2
3454 1
3468 1
3469 1
3470 1
3473 1
3477 2
3479 2
3480 1
3482 1
3485 1
3487 1
3488 3
3489 3
3491 2
3492 1
3496 3
3497 2
3498 1
3499 1
3503 1
3506 1
3507 1
3508 2
3509 1
3510 1
3512 2
3514 2
3519 1
3520 2
3523 1
3524 1
3525 1
3526 1
3529 2
3531 1
3533 2
3535 1
3537 1
3538 1
3541 1
3542 1
3543 1
3547 1
3548 1
3549 1
3550 2
3555 1
3556 2
3558 1
3559 1
3560 1
3564 2
3570 1
3572 1
3575 2
3576 1
3577 1
3579 1
3584 5
3593 1
3595 2
3600 4
3601 1
3603 1
3610 1
3611 3
3612 1
3615 1
3618 2
3621 1
3626 1
3630 1
3632 1
3634 1
3636 1
3637 1
3638 1
3641 1
3647 1
3650 1
3652 1
3653 3
3656 1
3657 1
3659 1
3661 1
3665 1
3668 1
3670 1
3671 1
3674 2
3675 1
3676 2
3677 1
3680 1
3683 3
3684 1
3691 1
3694 1
3698 1
3705 1
3706 1
3712 2
3716 1
3720 2
3723 1
3727 1
3728 1
3730 2
3732 2
3737 1
3741 3
3744 2
3748 1
3750 1
3752 1
3753 1
3756 2
3757 2
3763 1
3765 1
3768 1
3772 1
3774 1
3775 1
3777 3
3781 1
3783 2
3784 1
3785 3
3790 1
3793 1
3796 2
3802 1
3804 1
3805 1
3806 2
3811 1
3812 1
3813 1
3815 1
3816 1
3819 2
3820 1
3822 1
3826 1
3828 1
3832 1
3834 2
3836 2
3837 3
3839 1
3840 1
3846 1
3847 1
3848 1
3850 1
3852 3
3853 4
3856 1
3857 2
3862 1
3863 1
3864 2
3865 1
3866 1
3869 1
3872 3
3873 1
3876 1
3884 1
3886 3
3888 1
3891 2
3893 1
3897 1
3898 1
3902 1
3910 1
3914 1
3917 2
3918 1
3920 1
3925 2
3928 1
3931 1
3933 1
3939 2
3941 1
3942 2
3944 1
3946 1
3949 2
3953 1
3957 3
3963 1
3964 1
3968 1
3975 1
3979 1
3983 1
3984 1
3985 1
3987 1
3988 1
3989 1
3991 1
3995 1
3996 1
3999 1
4000 1
4001 1
4003 1
4007 1
4010 1
4014 1
4022 1
4024 1
4025 1
4027 1
4028 1
4031 1
4036 1
4037 1
4040 2
4043 2
4051 1
4058 2
4064 2
4066 3
4074 1
4079 1
4080 3
4083 2
4084 1
4086 1
4088 2
4090 1
4092 2
4094 1
4096 4
4097 1
4098 2
4099 2
4101 2
4105 1
4106 2
4110 2
4113 1
4120 1
4123 4
4124 1
4128 1
4134 1
4136 2
4137 1
4146 1
4147 2
4149 1
4155 1
4157 1
4160 1
4162 1
4165 1
4167 1
4173 1
4176 2
4178 1
4179 1
4180 1
4182 2
4188 1
4196 1
4198 1
4200 1
4201 2
4204 1
4205 1
4207 1
4214 1
4216 1
4218 1
4219 1
4221 2
4226 1
4232 2
4235 1
4239 1
4240 1
4241 1
4243 1
4247 1
4252 1
4254 1
4255 1
4260 1
4273 1
4274 2
4277 1
4282 2
4289 1
4290 1
4292 2
4297 1
4301 1
4302 1
4306 1
4314 1
4315 1
4316 1
4318 1
4320 1
4325 1
4326 1
4327 1
4328 2
4330 2
4332 2
4334 1
4336 1
4342 1
4345 1
4348 2
4352 1
4354 1
4361 1
4362 1
4365 1
4366 1
4369 1
4374 1
4376 1
4377 1
4380 2
4381 1
4383 1
4384 2
4385 1
4386 1
4388 1
4390 1
4402 1
4403 1
4406 1
4408 1
4409 1
4417 2
4420 1
4421 1
4422 1
4424 1
4427 1
4428 1
4436 2
4437 1
4439 1
4440 1
4442 2
4445 1
4446 1
4447 1
4448 1
4451 1
4454 1
4466 2
4468 1
4470 1
4471 1
4476 1
4481 2
4484 1
4487 1
4488 1
4498 1
4501 1
4503 1
4505 1
4508 2
4509 1
4515 1
4522 1
4528 2
4529 2
4533 1
4534 1
4543 1
4544 2
4545 2
4553 1
4554 1
4558 2
4565 1
4567 1
4568 1
4571 1
4578 1
4581 1
4588 1
4592 1
4598 1
4599 1
4602 1
4608 2
4610 4
4614 1
4621 2
4622 1
4624 1
4625 2
4626 2
4632 1
4633 1
4635 2
4648 1
4654 1
4660 1
4665 1
4670 1
4679 1
4690 2
4692 2
4696 1
4697 1
4703 2
4705 1
4708 1
4714 3
4724 1
4733 1
4737 1
4741 1
4751 1
4758 1
4760 1
4768 1
4772 2
4778 1
4783 1
4784 1
4786 1
4787 1
4790 1
4791 1
4811 1
4812 1
4815 1
4817 1
4821 1
4824 1
4825 1
4835 1
4842 1
4849 1
4851 2
4852 1
4855 1
4862 3
4864 3
4872 1
4878 2
4880 1
4881 2
4890 2
4897 1
4900 1
4905 1
4917 1
4918 2
4919 1
4920 1
4922 1
4924 1
4929 3
4933 1
4936 1
4937 1
4938 2
4940 1
4946 1
4949 1
4957 3
4965 2
4968 1
4971 1
4972 1
4975 1
4977 1
4979 1
4980 1
4981 2
4983 1
4985 1
4987 2
4990 2
4993 1
4994 2
5001 1
5003 1
5013 1
5014 1
5015 1
5016 2
5020 1
5027 1
5029 1
5030 1
5032 1
5035 1
5041 2
5049 1
5053 4
5062 1
5064 1
5067 1
5069 1
5071 1
5072 3
5079 1
5080 1
5094 1
5095 1
5104 1
5105 2
5111 1
5112 3
5116 1
5117 1
5119 1
5120 2
5121 1
5128 2
5129 3
5130 1
5131 1
5136 1
5139 1
5147 1
5149 2
5153 1
5157 1
5164 1
5166 1
5167 1
5168 1
5169 1
5173 1
5180 1
5184 1
5191 1
5204 1
5213 1
5215 1
5218 3
5219 1
5222 2
5223 1
5229 1
5230 1
5242 1
5243 2
5244 4
5247 2
5253 1
5270 1
5272 1
5276 2
5287 1
5301 1
5315 1
5324 1
5326 1
5340 1
5343 1
5344 1
5348 2
5352 1
5365 1
5366 2
5369 1
5370 1
5371 2
5386 2
5387 2
5391 1
5393 1
5395 1
5400 2
5402 3
5407 2
5408 1
5409 1
5411 1
5414 1
5415 2
5420 2
5426 2
5428 1
5430 1
5433 1
5435 1
5436 1
5439 2
5447 1
5455 1
5456 1
5464 2
5470 2
5472 1
5484 1
5485 1
5487 1
5507 2
5508 1
5509 1
5525 1
5532 1
5534 1
5539 1
5544 1
5545 1
5547 1
5557 2
5562 1
5564 1
5571 2
5577 1
5583 1
5587 2
5589 1
5595 1
5599 1
5607 1
5610 2
5612 1
5618 2
5620 1
5626 4
5628 1
5633 2
5634 1
5638 1
5649 2
5657 2
5658 1
5663 1
5670 2
5674 1
5675 2
5677 1
5679 1
5685 1
5688 1
5701 1
5707 1
5711 1
5712 1
5722 1
5727 1
5729 1
5743 2
5755 1
5756 1
5761 1
5762 1
5763 1
5767 1
5770 1
5772 1
5779 1
5786 1
5791 1
5799 1
5805 1
5811 1
5818 1
5822 1
5827 1
5837 2
5842 1
5843 1
5856 1
5871 2
5872 1
5875 1
5878 1
5881 2
5883 1
5884 1
5885 1
5887 1
5889 1
5891 1
5896 2
5899 2
5903 1
5906 1
5909 3
5913 2
5915 1
5916 2
5924 1
5925 1
5927 1
5935 1
5942 1
5954 1
5956 1
5961 1
5967 1
5968 1
5972 1
5982 1
5989 2
5990 1
5992 1
5994 1
6000 1
6011 1
6015 2
6023 1
6027 1
6040 2
6046 1
6048 1
6052 3
6055 1
6059 1
6082 1
6085 1
6088 1
6096 2
6099 1
6104 1
6106 1
6117 1
6120 1
6122 1
6139 1
6148 2
6159 1
6165 2
6169 2
6174 1
6180 1
6187 2
6191 1
6192 1
6200 1
6216 1
6233 1
6234 1
6236 1
6237 1
6238 1
6240 1
6241 1
6271 1
6279 1
6280 2
6281 1
6290 1
6296 1
6298 1
6313 1
6317 1
6325 1
6328 1
6331 3
6336 1
6346 1
6347 1
6353 1
6355 2
6357 1
6360 1
6361 1
6366 1
6367 1
6368 1
6370 1
6394 1
6397 1
6399 1
6400 1
6408 1
6409 1
6412 1
6413 1
6416 1
6418 1
6424 1
6444 2
6450 1
6465 1
6471 1
6473 1
6479 1
6493 1
6504 1
6524 1
6525 1
6528 1
6537 1
6539 1
6540 1
6543 1
6555 1
6559 1
6565 1
6566 1
6573 1
6576 1
6581 1
6586 1
6601 2
6609 1
6613 1
6614 1
6620 1
6632 2
6633 2
6634 1
6645 1
6646 1
6648 3
6656 2
6658 1
6666 1
6669 1
6674 1
6677 1
6678 1
6680 1
6683 1
6701 1
6702 1
6709 1
6712 1
6716 1
6718 1
6720 1
6737 2
6740 1
6751 1
6755 2
6759 3
6760 1
6762 1
6763 1
6774 1
6777 1
6784 1
6801 2
6807 2
6808 1
6809 1
6810 1
6816 1
6817 1
6826 1
6839 1
6840 1
6850 1
6851 1
6853 1
6859 1
6868 1
6873 3
6877 1
6881 1
6882 1
6903 1
6906 1
6912 1
6916 2
6918 2
6925 1
6934 1
6939 1
6950 1
6953 1
6959 1
6960 2
6961 1
6964 1
6970 2
6974 1
6986 2
6995 1
7000 1
7001 2
7008 1
7011 1
7021 1
7028 1
7039 2
7044 1
7052 1
7062 1
7063 1
7067 2
7081 1
7084 2
7104 1
7107 1
7124 1
7125 1
7128 1
7130 2
7131 1
7137 1
7139 1
7149 1
7152 1
7159 2
7160 1
7161 1
7164 1
7175 1
7179 1
7189 1
7197 1
7201 2
7207 1
7208 1
7223 1
7226 3
7230 1
7236 1
7247 1
7248 1
7249 1
7252 2
7254 1
7256 1
7260 2
7264 1
7271 1
7273 1
7277 1
7291 2
7293 1
7295 1
7303 3
7316 1
7324 1
7332 1
7340 1
7342 1
7346 1
7357 1
7369 1
7391 1
7396 1
7402 1
7411 1
7419 1
7424 1
7436 2
7451 2
7468 1
7475 2
7482 1
7484 1
7485 1
7487 3
7500 1
7513 1
7520 2
7530 1
7534 1
7535 1
7560 3
7584 1
7620 1
7621 1
7646 1
7660 1
7665 1
7673 2
7675 1
7682 1
7685 1
7690 1
7710 1
7717 1
7722 2
7728 1
7735 1
7741 1
7745 1
7794 2
7797 1
7800 1
7801 1
7826 1
7840 1
7849 1
7859 1
7864 1
7880 2
7888 1
7902 2
7904 1
7911 1
7915 1
7920 1
7932 1
7940 1
7944 1
7951 1
7964 1
7970 1
7981 1
7984 1
7987 1
7988 1
8008 2
8019 1
8020 1
8041 1
8048 1
8055 1
8079 1
8092 1
8094 1
8112 1
8115 1
8156 1
8170 1
8178 1
8182 1
8190 1
8192 32
8193 1
8196 1
8198 1
8203 1
8254 1
8261 1
8263 2
8273 1
8278 1
8293 1
8302 1
8326 1
8328 1
8334 1
8338 1
8345 2
8362 1
8372 1
8384 1
8400 1
8417 1
8429 1
8431 1
8439 1
8443 2
8445 2
8483 1
8489 1
8520 1
8534 2
8538 1
8547 1
8552 1
8563 1
8568 1
8575 1
8592 1
8613 1
8621 1
8625 2
8635 1
8666 1
8682 2
8689 1
8691 1
8717 1
8733 1
8734 2
8741 1
8745 1
8757 1
8771 1
8773 1
8776 1
8819 1
8824 1
8830 2
8833 2
8841 1
8848 1
8850 1
8854 1
8865 1
8868 1
8878 1
8942 1
8961 1
8963 1
8965 1
8967 1
8975 1
8987 1
8992 1
8998 1
9008 1
9068 2
9070 1
9091 1
9092 1
9124 1
9130 1
9134 1
9159 1
9182 1
9183 1
9206 1
9241 1
9242 1
9256 1
9277 1
9293 1
9294 1
9302 2
9315 1
9335 1
9348 1
9367 1
9368 1
9374 1
9375 1
9382 1
9383 1
9390 1
9407 1
9411 1
9431 1
9446 5
9488 1
9492 1
9495 1
9504 1
9507 1
9515 1
9555 1
9557 1
9569 1
9608 1
9614 1
9616 1
9624 1
9628 1
9650 1
9652 1
9658 1
9666 1
9677 1
9690 1
9698 2
9728 3
9742 1
9750 1
9762 1
9768 1
9770 1
9785 2
9798 2
9813 1
9824 1
9834 1
9841 1
9888 1
9889 1
9900 1
9903 1
9915 1
9920 1
9964 1
9970 1
9975 1
9976 1
9986 1
9993 1
10014 1
10050 1
10066 1
10122 1
10132 1
10136 1
10140 1
10154 1
10197 1
10204 1
10211 1
10217 1
10232 1
10242 1
10255 1
10258 2
10262 1
10270 1
10278 1
10324 1
10333 1
10341 1
10345 1
10351 1
10360 1
10361 1
10373 1
10384 2
10387 1
10410 1
10424 1
10432 1
10439 1
10449 1
10469 1
10501 1
10508 1
10513 1
10529 1
10580 1
10613 1
10646 1
10652 1
10657 1
10660 1
10701 1
10703 1
10712 1
10752 2
10765 1
10807 1
10857 1
10888 1
10906 1
10908 1
10914 1
10925 1
10985 1
10989 1
11064 1
11080 1
11100 1
11109 2
11129 1
11132 1
11136 1
11153 1
11162 1
11192 2
11248 1
11261 2
11329 2
11347 2
11352 1
11429 1
11437 2
11452 1
11472 1
11505 2
11600 2
11644 1
11650 1
11653 1
11666 1
11680 1
11691 1
11704 1
11709 2
11710 2
11715 1
11742 1
11747 1
11801 1
11804 1
11806 1
11847 1
11867 1
11873 2
11904 1
11958 1
11976 1
11991 1
11996 1
12010 1
12016 1
12055 1
12060 1
12067 1
12072 1
12122 1
12125 1
12137 1
12146 1
12169 1
12190 1
12200 1
12212 1
12217 1
12254 1
12275 1
12296 1
12315 1
12331 1
12357 1
12387 1
12398 1
12403 1
12406 1
12414 1
12466 1
12489 1
12494 2
12528 1
12576 1
12622 1
12633 1
12655 1
12683 1
12722 1
12773 1
12783 2
12800 1
12803 1
12874 3
12877 1
12879 1
12890 1
12903 1
12920 2
12980 1
12988 1
13011 1
13012 1
13048 1
13065 1
13081 1
13085 1
13120 1
13142 1
13144 1
13169 1
13263 1
13273 1
13302 1
13348 1
13372 2
13404 1
13405 1
13439 1
13488 1
13498 1
13555 1
13574 1
13600 2
13612 2
13624 1
13628 1
13647 1
13648 1
13664 1
13668 2
13672 2
13686 1
13718 1
13745 1
13775 1
13799 1
13828 1
13873 1
13890 1
13930 1
13973 1
13991 1
14108 1
14118 1
14158 1
14173 1
14204 1
14259 1
14294 1
14345 1
14349 1
14404 1
14455 2
14456 1
14540 1
14560 1
14568 1
14584 1
14617 1
14662 1
14679 1
14688 1
14704 1
14734 3
14753 1
14755 1
14769 1
14794 2
14798 1
14818 1
14868 1
14892 1
14931 1
14936 1
14946 1
14961 1
15057 1
15096 1
15179 1
15196 1
15241 1
15307 1
15332 1
15361 1
15426 2
15456 2
15491 2
15508 1
15541 1
15551 1
15571 1
15580 1
15687 1
15751 2
15762 2
15828 1
15856 1
15956 1
15990 1
16047 1
16080 2
16112 2
16121 1
16190 1
16241 1
16245 1
16290 1
16342 1
16353 1
16376 1
16384 204
16426 9
16428 1
16446 1
16456 1
16457 1
16458 1
16459 1
16488 1
16516 2
16517 1
16550 1
16561 1
16567 1
16579 1
16581 1
16640 1
16710 1
16716 2
16739 2
16760 1
16800 1
16804 1
17094 1
17095 1
17122 1
17182 1
17228 1
17302 1
17376 1
17389 2
17432 1
17592 1
17658 1
17756 1
17776 1
17777 1
17779 1
17930 1
18034 1
18044 2
18080 1
18204 1
18294 1
18306 2
18414 1
18481 1
18485 1
18613 1
18717 2
18719 1
18734 1
18752 2
18868 1
19024 1
19201 1
19219 1
19271 1
19285 1
19495 1
19713 1
19831 1
19958 1
19968 1
20037 1
20163 1
20271 1
20274 2
20313 1
20334 1
20371 1
20540 1
20653 1
20740 1
20760 1
20867 1
21075 1
21205 1
21288 2
21374 2
21545 1
21596 1
21662 1
21745 1
21952 1
21992 1
22068 1
22190 1
22243 1
22319 1
22389 1
22515 1
22665 1
22976 1
22980 1
23095 1
23234 1
23391 2
23512 1
23589 1
23646 1
23680 1
23751 1
23803 1
23920 1
23968 1
24156 1
24188 1
24576 148
24592 1
24610 1
24618 2
24687 1
24709 1
24718 1
24808 1
24832 2
24853 1
24946 1
24949 1
24957 1
24958 1
24978 2
25088 2
25169 1
25200 1
25262 1
25817 1
25902 2
26032 1
26104 1
26338 1
26680 1
26716 1
26814 1
27053 1
27149 1
27856 1
27895 1
27946 1
28220 1
28268 1
28832 1
29006 1
29316 1
30310 1
30318 1
30679 1
30936 1
31251 1
31414 2
31450 1
31577 1
31644 1
31996 1
32112 1
32768 54
32885 1
32973 1
33422 1
33625 1
33736 2
34641 1
34857 1
35030 1
35728 1
36040 1
36418 1
36608 1
36848 1
36975 1
37532 1
37792 1
37924 1
37950 1
38303 1
38632 1
39159 1
39178 1
40282 1
40398 1
40960 40
42020 1
42068 1
42350 1
42376 1
42816 1
44182 1
44500 1
45113 1
45390 1
45474 1
45645 1
45758 1
46190 1
47103 1
47113 1
47472 1
47810 1
48072 1
49118 1
49152 15
49374 1
50608 1
50777 1
51740 1
51842 1
52354 1
52552 1
52674 1
53731 1
54072 1
56244 1
56284 1
57344 19
57452 1
57540 1
57832 1
58397 1
58979 1
59478 1
60527 1
60631 1
63761 1
64765 1
65536 11
66366 1
67178 1
67623 1
67671 1
69276 1
69814 1
70317 1
72556 1
73728 6
75662 1
75722 1
75805 1
76217 1
76768 1
76816 1
81441 1
81920 8
81962 1
81982 1
82270 1
86552 1
88542 1
89519 1
90112 2
90896 1
91678 1
92420 1
98304 3
98339 1
99271 2
99932 1
100715 1
100795 1
101800 1
105202 1
106496 4
106531 1
106748 1
107803 1
114688 6
117022 1
122880 6
123393 1
126696 1
129917 1
131072 4
131744 1
133439 1
147798 1
155648 6
164172 1
172032 1
185700 1
188416 2
190006 1
196608 2
197926 1
201272 1
202134 1
204800 3
205121 1
206672 1
206774 1
212920 1
221184 1
226840 1
231058 2
237568 1
246560 2
248674 1
250452 1
252440 1
253952 1
262528 1
263773 1
279692 2
295488 1
303104 1
304484 1
311818 1
322620 1
335872 1
348056 1
483328 2
567196 1
571526 1
573356 1
583350 1
590394 1
592117 1
606208 1
628072 1
632878 1
647168 1
674584 1
679168 1
710072 1
789908 1
828896 1
828980 1
1105920 1
1228800 1
1236025 1
7168000 1
