0 57
1 1
4 1
5 3
6 1
7 1
8 2
9 2
10 2
13 1
14 2
15 1
16 3
17 1
18 7
19 16
20 31
21 75
22 28
23 32
24 37
25 28
26 75
27 32
28 24
29 16
30 37
31 26
32 15
33 6
34 20
35 12
36 1
37 9
38 5
39 2
40 1
41 1
42 1
44 4
46 4
47 3
50 3
51 3
52 7
53 4
54 1
55 3
56 1
59 2
60 3
61 3
62 2
65 1
66 1
68 2
69 1
70 2
71 9
73 2
75 1
76 3
77 2
79 2
81 2
82 3
84 1
85 3
86 2
87 2
88 5
89 2
90 9
91 1
93 2
94 2
95 1
96 7
99 2
100 1
101 2
102 5
104 2
105 3
106 2
107 5
109 4
110 1
111 3
112 3
114 6
115 3
116 3
117 10
118 5
119 4
120 1
121 2
124 1
125 3
126 5
127 6
128 1
129 1
131 2
133 3
135 5
136 1
137 2
138 1
140 1
143 1
144 1
145 1
146 2
147 1
149 4
151 1
152 2
153 1
155 1
156 1
157 2
158 2
159 3
161 1
163 2
164 2
165 1
166 1
167 2
169 1
172 1
174 2
175 2
176 4
178 1
180 1
181 3
183 1
184 1
187 1
191 1
192 2
193 3
195 2
196 2
199 1
200 4
202 2
203 2
206 2
207 4
208 1
210 3
211 2
212 2
215 6
216 2
217 2
218 5
219 3
220 1
221 2
222 2
224 1
226 1
227 1
228 1
229 1
230 4
232 10
233 3
234 2
235 2
236 2
237 3
238 1
239 4
240 2
241 3
243 1
245 2
246 3
247 2
248 3
249 2
253 3
254 1
255 1
256 8
258 3
259 1
261 1
263 1
264 2
265 1
268 5
272 11
273 3
274 3
275 10
276 3
278 7
279 2
280 4
281 11
284 11
285 2
287 1
288 3
289 5
290 1
291 4
293 5
294 5
295 2
296 8
297 1
298 3
299 3
303 2
304 3
305 1
306 2
307 1
308 1
310 1
316 1
317 3
319 2
321 3
322 6
325 1
326 1
327 6
328 3
330 2
331 1
332 5
334 1
336 2
337 7
339 2
340 2
342 2
343 2
345 1
347 7
348 3
349 3
350 1
351 1
352 7
353 4
354 1
355 1
356 2
357 2
358 1
359 1
362 1
363 2
364 1
365 1
366 1
367 2
368 3
369 1
370 1
372 6
373 3
374 1
376 3
378 1
379 2
380 2
381 2
382 3
384 1
391 1
392 5
393 1
394 1
395 1
397 1
400 3
402 1
403 1
404 1
405 1
406 1
408 2
409 1
410 1
412 4
413 2
414 1
416 1
417 2
420 2
422 1
424 1
425 1
426 1
428 1
431 2
434 2
436 1
438 2
440 1
442 2
444 2
447 1
448 3
452 1
455 2
456 10
457 1
458 1
460 3
462 1
466 1
467 2
468 2
471 1
475 1
476 1
477 1
484 5
485 1
487 1
488 2
489 2
492 1
493 3
494 1
495 1
496 1
508 1
510 1
512 259
513 1
515 1
516 3
518 1
520 3
521 1
522 1
524 2
527 1
530 1
532 4
534 1
536 4
537 5
539 1
540 2
541 2
542 1
543 1
545 1
546 2
549 1
551 1
553 1
554 1
556 1
558 1
560 2
561 1
563 1
564 1
566 1
568 1
574 1
575 1
577 1
579 1
580 3
588 1
592 1
595 1
598 1
599 2
600 2
601 2
602 1
604 5
605 1
606 3
608 1
610 3
612 1
615 5
616 1
619 1
620 3
621 1
622 3
624 3
625 1
626 2
627 1
628 2
629 1
632 5
636 2
640 3
644 3
647 2
649 1
650 1
651 3
652 2
656 2
657 2
658 1
659 2
660 3
662 1
664 1
666 2
668 2
669 1
670 1
672 5
675 1
676 2
679 2
680 2
682 1
684 4
688 1
692 1
693 1
695 2
696 2
698 2
700 1
701 1
702 1
703 1
704 9
706 1
707 2
708 4
710 1
711 2
712 3
714 1
716 4
717 1
718 1
719 1
720 2
721 1
722 1
723 1
724 2
726 1
728 2
730 2
732 1
733 2
736 7
738 1
739 1
740 7
744 1
746 1
747 2
748 1
749 1
750 2
752 4
753 1
754 1
756 6
757 1
758 2
759 1
760 2
761 2
763 2
765 2
766 1
768 1
770 1
772 1
776 1
781 1
783 1
784 2
785 2
786 1
788 4
791 2
792 6
796 3
798 3
800 2
802 1
803 1
804 4
807 2
808 6
812 3
813 1
815 1
816 1
818 1
820 4
823 1
824 3
825 2
827 1
829 2
830 1
831 1
832 3
836 3
839 1
840 4
842 1
844 2
845 1
847 1
848 4
851 1
853 1
854 2
856 4
857 1
860 1
864 2
865 1
868 2
870 1
872 1
875 2
876 7
879 1
880 2
881 1
882 1
883 1
884 10
887 4
888 2
890 1
893 2
895 2
896 6
898 1
900 1
901 1
902 1
903 1
904 1
905 1
907 1
910 1
912 5
913 1
914 1
916 5
917 1
918 5
919 2
920 2
923 1
924 1
926 2
928 5
929 1
936 2
938 1
940 2
941 1
943 1
944 2
946 1
948 2
949 1
950 1
951 1
952 7
953 2
955 1
956 1
960 1
962 1
965 4
966 2
967 2
968 4
969 1
970 2
971 1
972 3
973 2
974 3
975 2
976 2
977 1
978 1
979 1
980 3
981 2
982 1
983 1
984 1
987 2
988 1
992 3
993 1
994 1
995 2
996 2
998 1
1000 1
1001 1
1004 1
1009 1
1015 2
1016 2
1018 1
1020 1
1024 27
1028 9
1031 1
1032 2
1034 3
1036 5
1040 6
1043 2
1046 1
1047 1
1048 2
1051 3
1052 5
1054 1
1056 4
1058 1
1059 1
1060 2
1061 1
1062 2
1064 2
1066 1
1068 1
1070 1
1072 1
1074 1
1076 2
1077 1
1078 1
1079 1
1080 1
1081 1
1082 1
1083 3
1084 2
1088 2
1095 1
1096 1
1099 1
1100 1
1101 1
1104 1
1109 1
1110 1
1112 1
1114 1
1115 3
1116 1
1117 1
1118 1
1120 3
1121 1
1124 4
1126 1
1127 1
1130 1
1131 3
1132 2
1133 1
1134 2
1135 1
1136 2
1137 1
1141 1
1142 1
1143 1
1145 1
1148 1
1149 1
1152 1
1155 1
1156 4
1157 2
1160 1
1161 3
1162 1
1164 9
1165 1
1167 4
1170 1
1173 1
1174 2
1176 1
1183 2
1184 5
1185 3
1186 1
1187 2
1188 1
1189 2
1190 2
1194 1
1196 2
1197 1
1198 1
1201 3
1204 1
1205 1
1207 1
1208 8
1209 2
1210 1
1212 1
1214 1
1216 3
1220 1
1221 4
1222 1
1224 11
1225 1
1226 1
1228 8
1232 2
1233 2
1236 9
1237 1
1238 1
1239 3
1240 3
1244 4
1245 1
1246 2
1247 2
1248 7
1252 6
1254 1
1256 1
1257 1
1258 2
1259 1
1260 5
1264 7
1265 1
1268 6
1271 1
1272 3
1274 3
1275 2
1276 2
1280 6
1281 3
1282 1
1284 1
1286 1
1287 1
1288 4
1290 3
1292 5
1293 2
1296 12
1299 1
1300 5
1301 1
1304 3
1307 1
1308 4
1310 2
1312 1
1316 4
1317 1
1320 3
1321 1
1324 2
1326 1
1327 1
1328 3
1329 1
1331 1
1334 1
1335 1
1336 3
1339 1
1340 3
1346 2
1347 1
1348 2
1349 2
1350 1
1351 1
1352 1
1353 1
1356 4
1359 2
1360 2
1361 1
1363 2
1365 1
1366 1
1367 1
1368 2
1370 3
1372 3
1373 1
1374 2
1375 3
1376 7
1378 2
1379 3
1380 5
1381 1
1382 1
1383 1
1384 4
1385 1
1387 1
1388 6
1391 1
1392 8
1396 3
1397 1
1399 1
1400 1
1402 1
1403 2
1404 2
1408 5
1409 1
1412 3
1414 2
1416 3
1419 1
1420 6
1421 2
1424 5
1425 1
1427 1
1428 5
1429 1
1431 1
1432 8
1433 2
1434 1
1436 2
1437 1
1440 4
1441 1
1443 1
1444 3
1446 2
1447 1
1448 3
1450 1
1451 3
1452 4
1453 2
1455 1
1456 5
1457 1
1460 7
1462 1
1463 2
1464 75
1467 1
1468 4
1472 5
1473 1
1475 3
1476 7
1478 1
1480 3
1482 1
1483 2
1484 1
1485 1
1486 2
1487 1
1488 6
1489 1
1490 1
1491 1
1492 2
1493 2
1494 2
1496 3
1500 3
1501 2
1504 3
1506 2
1507 2
1508 7
1512 3
1513 1
1515 1
1516 4
1517 1
1518 1
1520 4
1521 1
1524 5
1525 2
1528 15
1532 3
1536 11
1537 1
1540 3
1541 1
1543 2
1544 4
1546 2
1548 1
1549 1
1551 3
1552 1
1555 1
1556 2
1558 1
1560 11
1563 1
1564 4
1568 2
1569 1
1570 3
1571 2
1572 2
1575 1
1576 4
1577 1
1580 3
1583 1
1584 1
1585 3
1587 2
1588 1
1589 1
1591 1
1593 2
1594 3
1596 6
1597 1
1598 1
1599 2
1600 8
1602 1
1603 5
1605 2
1606 1
1607 1
1608 2
1612 1
1613 3
1614 1
1615 2
1616 1
1619 1
1620 1
1622 2
1624 2
1625 1
1626 2
1628 2
1629 2
1630 2
1632 1
1633 1
1634 1
1636 5
1638 1
1640 2
1644 3
1645 2
1646 1
1647 1
1648 7
1652 2
1656 1
1657 1
1658 1
1660 1
1662 3
1665 1
1668 2
1669 1
1672 3
1673 2
1676 2
1678 1
1679 2
1684 1
1685 2
1686 3
1688 4
1689 1
1690 1
1691 2
1692 2
1693 1
1697 4
1699 1
1700 2
1701 1
1702 2
1705 1
1706 2
1707 1
1708 4
1709 2
1711 2
1712 1
1714 2
1716 4
1717 1
1719 1
1720 1
1721 2
1723 1
1724 1
1725 2
1727 1
1728 3
1731 2
1732 1
1733 2
1734 2
1736 2
1739 1
1742 1
1744 1
1745 1
1750 2
1751 2
1752 2
1753 1
1756 2
1757 2
1759 1
1760 2
1762 2
1763 2
1764 2
1765 1
1768 3
1769 1
1770 1
1771 1
1772 7
1773 1
1774 2
1775 4
1776 1
1777 6
1778 2
1779 4
1780 3
1781 1
1782 3
1783 2
1784 3
1785 2
1786 2
1790 3
1791 1
1792 1
1799 2
1800 2
1802 1
1804 5
1805 1
1808 8
1809 1
1810 1
1811 2
1812 8
1813 2
1815 1
1816 15
1817 2
1820 10
1821 2
1824 10
1827 2
1828 9
1830 1
1831 1
1832 9
1833 1
1836 10
1838 2
1840 10
1841 1
1844 12
1845 1
1846 2
1848 7
1849 2
1852 4
1853 1
1854 1
1856 5
1857 1
1860 5
1861 1
1862 2
1864 4
1867 1
1868 2
1871 1
1872 3
1873 3
1874 2
1875 1
1876 2
1880 4
1883 4
1884 1
1885 1
1886 8
1887 1
1889 7
1890 1
1891 1
1893 1
1895 3
1896 1
1897 1
1898 2
1900 2
1902 2
1903 2
1904 3
1906 2
1907 2
1910 1
1911 3
1912 1
1913 3
1915 2
1916 2
1918 3
1919 3
1923 1
1924 38
1925 1
1926 1
1930 1
1931 1
1932 3
1933 1
1936 2
1937 1
1941 1
1943 1
1948 3
1951 1
1952 3
1953 4
1955 1
1956 2
1957 2
1959 1
1964 1
1965 1
1966 2
1967 1
1968 1
1970 1
1971 1
1972 2
1973 2
1979 1
1982 1
1983 1
1984 1
1985 2
1987 1
1988 1
1992 3
1993 3
1994 1
1996 4
1998 1
2000 7
2001 1
2004 2
2006 1
2008 7
2009 1
2010 2
2011 1
2012 13
2013 1
2014 1
2016 2
2018 1
2020 2
2024 2
2028 2
2032 7
2034 1
2036 2
2037 2
2038 1
2040 1
2044 2
2045 1
2047 1
2048 8
2049 4
2050 1
2051 1
2052 3
2053 2
2055 1
2063 1
2065 2
2066 1
2068 2
2070 1
2071 2
2072 1
2076 4
2079 1
2081 2
2082 1
2084 5
2085 3
2090 1
2092 2
2094 1
2096 5
2097 2
2098 4
2100 4
2102 1
2104 4
2106 1
2108 1
2110 1
2112 1
2114 1
2116 2
2117 2
2118 1
2120 1
2122 1
2123 1
2127 2
2128 1
2129 2
2130 1
2131 2
2132 1
2133 1
2135 2
2136 3
2137 1
2140 1
2142 2
2143 2
2144 2
2147 1
2154 1
2156 6
2159 1
2160 3
2162 2
2163 2
2164 4
2165 2
2168 2
2169 1
2172 4
2176 3
2177 1
2178 3
2180 1
2184 1
2185 3
2186 2
2187 1
2188 1
2189 3
2191 2
2192 5
2194 1
2199 1
2200 6
2201 1
2204 1
2205 1
2206 1
2208 6
2209 1
2212 12
2214 1
2216 4
2221 1
2222 2
2223 1
2227 1
2230 3
2232 1
2234 1
2236 5
2239 1
2240 4
2243 1
2244 2
2245 1
2248 1
2251 2
2252 3
2255 1
2258 1
2260 6
2262 1
2263 3
2265 1
2266 1
2270 1
2271 2
2274 2
2275 3
2276 2
2277 2
2279 1
2280 3
2282 1
2283 2
2284 1
2285 4
2287 1
2288 3
2290 1
2292 6
2293 1
2294 2
2295 1
2296 4
2297 1
2299 1
2302 1
2304 2
2306 1
2308 4
2311 3
2313 1
2314 3
2316 2
2317 3
2318 2
2319 3
2320 1
2322 1
2325 2
2326 1
2328 7
2329 2
2331 1
2332 4
2335 1
2336 3
2337 1
2338 1
2340 2
2342 2
2343 1
2344 1
2347 1
2350 3
2351 1
2353 1
2355 1
2356 2
2359 1
2361 1
2363 1
2364 2
2368 4
2371 1
2373 2
2374 1
2375 1
2376 1
2377 3
2379 1
2380 2
2381 1
2384 1
2385 1
2387 3
2389 1
2392 3
2393 1
2394 3
2395 4
2396 1
2397 1
2398 1
2400 1
2401 1
2402 1
2404 3
2408 2
2411 1
2414 1
2416 2
2418 1
2424 3
2426 1
2427 1
2428 1
2429 1
2434 3
2436 1
2437 1
2438 1
2441 1
2443 1
2444 2
2445 1
2448 3
2449 3
2451 1
2452 2
2453 2
2455 3
2456 2
2457 2
2459 1
2460 4
2463 1
2464 2
2465 4
2467 3
2468 5
2470 1
2471 2
2472 2
2475 1
2476 3
2477 2
2478 1
2479 1
2480 2
2481 1
2482 1
2484 2
2486 2
2487 1
2490 1
2491 1
2492 2
2493 1
2495 1
2496 4
2500 5
2507 1
2509 1
2517 2
2518 2
2521 1
2522 2
2523 3
2526 2
2529 1
2531 1
2532 4
2538 1
2540 3
2542 2
2543 1
2550 1
2551 1
2556 1
2557 1
2560 2
2564 1
2566 1
2567 1
2568 1
2570 1
2572 2
2573 1
2574 2
2575 1
2577 5
2581 1
2583 1
2584 1
2588 2
2590 1
2591 1
2592 2
2593 2
2596 1
2597 1
2600 1
2601 2
2603 1
2605 1
2608 3
2613 1
2615 1
2616 1
2620 3
2621 1
2624 3
2625 1
2627 1
2628 4
2629 2
2631 1
2632 1
2634 1
2636 1
2639 1
2640 1
2641 2
2645 1
2647 2
2648 2
2649 2
2650 1
2653 1
2656 1
2658 2
2660 4
2662 1
2663 2
2664 1
2665 1
2666 1
2668 3
2669 1
2672 1
2677 2
2678 1
2681 2
2684 3
2691 4
2692 1
2693 1
2696 1
2699 1
2700 3
2702 1
2705 3
2707 2
2711 1
2712 1
2717 2
2721 1
2723 1
2728 1
2735 1
2737 1
2738 1
2742 1
2746 1
2751 2
2753 1
2761 1
2762 1
2768 2
2769 1
2770 2
2772 2
2777 1
2778 2
2782 1
2783 1
2784 1
2785 1
2787 1
2793 1
2795 2
2796 2
2800 1
2801 1
2802 2
2804 2
2805 2
2806 1
2807 1
2808 1
2810 1
2811 2
2816 1
2818 2
2819 1
2822 1
2827 1
2828 1
2829 1
2830 1
2831 1
2836 1
2843 1
2844 1
2845 1
2846 1
2848 1
2849 1
2850 1
2852 1
2855 1
2856 1
2857 1
2858 2
2860 1
2865 2
2867 1
2868 1
2869 2
2870 1
2871 1
2873 1
2875 2
2878 1
2880 1
2881 1
2884 2
2885 2
2888 1
2889 2
2899 1
2900 1
2902 2
2904 2
2905 1
2908 3
2912 1
2913 1
2914 3
2916 4
2918 2
2920 3
2921 1
2923 1
2924 1
2925 1
2932 2
2937 2
2940 2
2944 1
2945 1
2946 1
2948 2
2949 1
2950 1
2951 1
2953 2
2954 2
2957 1
2958 2
2959 1
2962 3
2963 1
2965 1
2966 1
2968 1
2970 1
2971 1
2972 2
2974 1
2978 1
2979 2
2983 1
2985 1
2986 1
2987 1
2992 2
2996 1
2997 1
2998 1
2999 3
3003 1
3004 2
3008 1
3009 1
3011 1
3014 1
3016 1
3019 2
3022 1
3028 2
3032 1
3035 1
3036 1
3039 1
3041 1
3042 1
3043 1
3044 2
3045 1
3047 3
3048 1
3050 1
3053 1
3063 1
3064 2
3072 1
3077 1
3079 2
3081 1
3082 1
3083 1
3086 1
3087 2
3088 1
3092 1
3094 1
3097 1
3098 2
3102 1
3104 5
3106 2
3107 1
3109 1
3110 2
3112 1
3114 1
3120 3
3122 1
3123 4
3124 3
3125 3
3126 2
3127 2
3128 4
3129 4
3130 2
3131 1
3132 2
3133 2
3134 2
3138 2
3140 3
3146 1
3147 3
3148 1
3149 1
3151 1
3155 1
3156 1
3157 1
3159 2
3161 1
3162 1
3163 1
3164 3
3165 2
3166 1
3167 1
3168 2
3169 1
3180 2
3181 1
3182 1
3183 1
3184 2
3185 1
3186 1
3188 3
3190 2
3196 2
3200 3
3201 1
3202 1
3203 1
3208 1
3209 1
3210 1
3212 1
3214 1
3217 2
3218 2
3220 4
3222 1
3223 1
3224 3
3225 1
3227 1
3229 1
3231 2
3232 3
3233 1
3234 1
3237 2
3240 1
3242 3
3244 2
3248 1
3249 1
3252 3
3253 2
3255 1
3258 2
3259 3
3263 1
3265 1
3270 1
3274 1
3277 1
3278 1
3279 2
3280 1
3281 1
3284 2
3285 1
3286 1
3287 2
3288 2
3289 1
3290 1
3292 2
3293 1
3295 2
3296 1
3297 1
3300 1
3302 2
3304 1
3307 1
3308 1
3309 1
3310 2
3311 1
3313 1
3314 1
3316 2
3317 2
3318 1
3319 2
3320 2
3322 1
3323 1
3324 1
3327 1
3328 1
3330 3
3331 3
3332 1
3333 1
3334 1
3336 1
3338 1
3340 2
3343 4
3347 1
3348 1
3351 1
3355 1
3356 1
3357 4
3358 1
3360 1
3366 1
3368 1
3370 3
3375 1
3376 1
3379 1
3385 2
3386 1
3388 1
3392 1
3395 1
3400 1
3401 1
3406 1
3407 1
3408 1
3409 2
3412 1
3416 1
3422 1
3423 1
3425 1
3426 1
3431 1
3433 2
3435 1
3436 1
3437 1
3438 1
3439 4
3442 1
3445 1
3446 1
3448 1
3449 1
3452 3
3453 2
3454 2
3461 4
3463 1
3464 1
3465 1
3468 2
3472 2
3479 1
3483 1
3487 1
3488 2
3489 2
3490 1
3492 2
3494 1
3504 1
3505 1
3507 2
3509 1
3515 2
3517 1
3520 1
3522 2
3525 1
3527 2
3528 1
3530 1
3531 1
3533 3
3535 2
3536 2
3543 1
3545 1
3548 1
3554 3
3556 1
3557 1
3560 1
3561 2
3562 1
3568 1
3569 1
3571 1
3576 2
3577 3
3580 1
3584 2
3586 1
3588 2
3590 1
3594 2
3595 1
3596 1
3597 3
3602 1
3606 5
3607 3
3608 1
3609 3
3610 1
3616 4
3618 3
3624 3
3628 2
3629 2
3630 1
3631 1
3632 2
3636 1
3640 3
3641 2
3642 1
3648 1
3649 1
3653 1
3655 2
3656 1
3657 1
3658 1
3659 1
3664 1
3666 1
3667 1
3668 1
3670 1
3671 2
3673 1
3674 1
3675 1
3676 1
3677 1
3679 2
3680 3
3682 3
3683 3
3684 2
3685 3
3687 3
3688 5
3689 2
3690 2
3691 6
3692 1
3693 7
3694 3
3695 1
3696 3
3697 4
3698 1
3699 1
3700 2
3701 3
3703 2
3704 3
3705 3
3706 1
3707 1
3709 1
3710 2
3712 2
3715 1
3716 5
3717 2
3718 4
3722 1
3723 1
3724 1
3725 1
3727 1
3730 1
3732 1
3735 1
3736 2
3737 1
3739 1
3740 1
3744 1
3748 1
3749 1
3750 1
3753 1
3754 1
3758 1
3760 2
3764 3
3765 1
3770 1
3772 1
3775 1
3776 2
3777 1
3783 1
3784 1
3785 1
3787 1
3788 2
3790 1
3795 2
3798 3
3800 2
3801 1
3803 1
3804 1
3806 1
3807 1
3813 1
3815 3
3819 2
3824 1
3826 1
3828 1
3829 1
3831 2
3832 4
3835 2
3836 1
3839 1
3840 1
3841 1
3843 1
3844 1
3850 2
3851 1
3852 1
3854 1
3855 1
3858 1
3865 1
3867 5
3871 1
3872 1
3877 1
3878 2
3880 2
3883 1
3884 2
3886 1
3888 1
3892 1
3896 2
3900 1
3902 1
3905 1
3908 5
3909 1
3912 1
3913 1
3915 1
3916 1
3917 2
3922 2
3924 1
3928 1
3930 1
3932 1
3934 3
3936 2
3941 1
3944 1
3948 1
3954 1
3955 1
3956 1
3960 1
3961 1
3962 1
3963 1
3971 1
3972 2
3979 1
3980 2
3984 2
3989 2
3990 1
3996 2
3998 1
3999 1
4001 3
4007 1
4012 1
4014 3
4015 3
4016 2
4018 1
4019 1
4020 1
4027 1
4028 2
4029 1
4032 1
4038 1
4040 1
4044 1
4045 1
4053 3
4055 1
4057 1
4058 2
4059 1
4062 1
4064 2
4068 2
4072 1
4073 1
4076 3
4080 1
4081 1
4083 1
4084 2
4086 2
4091 1
4096 3
4104 1
4108 2
4111 1
4112 1
4114 1
4115 1
4116 1
4120 2
4124 1
4126 1
4137 1
4139 1
4140 2
4148 3
4152 1
4156 1
4158 1
4160 1
4167 1
4172 2
4174 1
4176 1
4180 2
4184 4
4185 1
4187 1
4188 2
4189 1
4191 1
4192 1
4193 1
4195 1
4196 1
4197 1
4200 2
4206 1
4207 1
4208 2
4212 2
4215 1
4216 1
4218 1
4219 1
4220 2
4221 1
4224 1
4231 1
4232 1
4236 1
4239 3
4240 3
4244 1
4248 1
4256 1
4263 1
4264 2
4265 1
4268 3
4274 1
4281 1
4286 1
4288 1
4290 1
4292 2
4296 1
4300 1
4301 2
4304 1
4305 1
4308 2
4311 1
4315 1
4316 2
4319 1
4320 2
4323 1
4324 2
4334 3
4335 1
4338 1
4340 2
4341 1
4342 1
4352 2
4353 1
4359 1
4360 1
4364 2
4368 1
4376 1
4380 4
4383 1
4384 2
4388 1
4389 1
4392 3
4396 2
4397 1
4398 1
4400 3
4402 1
4404 1
4406 1
4416 2
4417 1
4420 1
4424 1
4428 1
4432 3
4436 3
4440 1
4447 1
4452 2
4455 1
4456 2
4458 1
4460 2
4461 1
4463 1
4464 1
4468 2
4470 1
4472 1
4482 1
4484 2
4488 1
4489 1
4493 1
4497 1
4499 1
4500 1
4501 2
4511 1
4512 1
4523 2
4524 1
4527 2
4528 2
4532 3
4537 1
4540 3
4541 2
4544 2
4547 1
4550 3
4552 1
4560 3
4562 1
4567 1
4569 2
4571 1
4572 1
4576 2
4577 3
4580 4
4588 1
4589 1
4592 2
4594 1
4596 2
4599 1
4605 1
4606 1
4608 4
4609 3
4612 1
4617 1
4620 2
4628 1
4629 1
4631 1
4632 2
4636 2
4638 1
4639 2
4645 1
4648 2
4652 3
4656 1
4657 1
4659 1
4660 1
4663 1
4664 3
4667 2
4668 1
4672 2
4673 2
4675 1
4676 1
4678 1
4688 2
4691 1
4692 2
4693 1
4696 1
4704 2
4706 1
4709 1
4712 5
4716 1
4718 1
4720 1
4722 1
4730 3
4732 1
4740 2
4742 1
4743 1
4745 2
4756 2
4759 1
4764 1
4765 1
4768 1
4772 1
4773 1
4776 2
4777 1
4778 3
4780 3
4785 1
4787 1
4788 2
4791 1
4792 1
4793 1
4800 3
4804 1
4808 2
4810 1
4812 1
4813 2
4820 1
4824 1
4828 1
4836 2
4837 1
4840 2
4842 1
4848 1
4849 1
4852 1
4855 1
4863 1
4864 1
4865 1
4866 1
4868 1
4872 3
4876 3
4882 2
4883 1
4884 2
4888 4
4889 4
4893 1
4895 2
4896 1
4900 2
4902 1
4904 2
4908 1
4911 1
4912 1
4916 3
4924 1
4925 1
4927 2
4928 3
4933 1
4936 1
4940 1
4944 1
4945 1
4948 4
4949 1
4951 1
4952 5
4953 1
4956 3
4958 1
4960 3
4961 1
4964 1
4968 3
4972 1
4973 1
4975 1
4976 2
4980 3
4985 1
4988 3
4989 2
4990 1
4996 2
4998 1
4999 2
5000 1
5002 1
5004 1
5005 1
5008 2
5011 1
5012 1
5019 2
5020 2
5021 2
5024 1
5032 1
5036 3
5040 1
5042 2
5045 1
5048 3
5051 1
5055 1
5056 1
5059 1
5061 2
5064 2
5065 2
5068 3
5070 1
5071 2
5072 3
5073 1
5075 1
5076 3
5077 2
5080 2
5081 2
5084 3
5085 3
5088 2
5091 1
5094 1
5095 2
5096 1
5100 1
5101 1
5103 1
5104 2
5112 5
5116 1
5118 2
5120 1
5122 1
5123 1
5127 1
5129 1
5134 1
5136 2
5137 1
5140 6
5144 1
5146 1
5148 1
5150 1
5152 1
5156 3
5159 1
5160 1
5164 2
5165 1
5166 1
5172 4
5175 20
5177 1
5179 1
5180 1
5183 2
5184 1
5188 3
5189 1
5196 2
5200 1
5207 1
5208 1
5210 1
5212 1
5219 4
5224 1
5227 1
5228 1
5232 1
5236 1
5237 1
5238 1
5240 3
5242 1
5243 1
5244 1
5248 3
5254 1
5255 1
5260 2
5264 1
5267 1
5268 2
5269 1
5275 1
5276 4
5277 3
5279 1
5280 1
5285 1
5288 1
5291 1
5292 1
5294 2
5296 1
5300 2
5302 1
5303 3
5304 1
5307 1
5308 1
5312 1
5314 1
5318 1
5320 6
5321 2
5324 1
5327 1
5328 2
5329 1
5330 1
5333 1
5336 2
5338 1
5343 2
5345 1
5346 1
5347 1
5348 1
5351 1
5354 1
5359 2
5360 1
5361 1
5363 1
5365 2
5366 1
5368 1
5371 1
5372 4
5374 1
5376 1
5380 3
5384 2
5388 1
5390 1
5391 1
5392 3
5394 1
5395 1
5396 1
5399 1
5401 5
5405 1
5407 3
5408 2
5410 1
5411 1
5414 1
5417 3
5420 3
5422 3
5424 2
5425 1
5430 2
5434 1
5436 1
5439 1
5440 1
5444 1
5445 1
5447 1
5448 1
5451 2
5452 3
5453 1
5455 1
5457 1
5460 1
5463 1
5464 1
5465 2
5468 1
5470 1
5472 3
5473 1
5476 1
5480 2
5484 1
5486 1
5491 1
5492 2
5494 2
5496 2
5497 2
5500 1
5504 1
5507 1
5514 3
5516 1
5519 1
5520 1
5524 1
5525 1
5526 1
5528 2
5533 1
5536 1
5540 2
5543 1
5544 2
5546 1
5553 1
5556 2
5560 1
5561 2
5563 1
5564 1
5566 3
5567 1
5568 3
5572 2
5577 1
5579 2
5582 1
5584 1
5589 1
5590 1
5592 1
5596 1
5599 1
5600 2
5603 1
5604 1
5608 2
5610 1
5616 4
5620 1
5623 1
5624 1
5628 1
5632 1
5641 1
5642 1
5643 1
5649 1
5650 1
5652 1
5656 1
5657 1
5660 2
5662 1
5663 1
5665 1
5668 2
5672 1
5673 1
5675 1
5680 2
5681 2
5683 1
5684 1
5685 1
5688 1
5692 2
5696 2
5697 1
5700 1
5705 1
5706 2
5707 1
5709 1
5712 1
5716 3
5719 3
5723 1
5724 1
5728 3
5733 1
5735 1
5736 3
5744 3
5747 1
5749 1
5750 1
5752 1
5754 1
5757 1
5758 1
5760 1
5764 3
5767 1
5772 1
5777 1
5788 3
5790 1
5791 1
5792 2
5799 1
5800 2
5802 1
5804 2
5808 1
5811 1
5812 1
5813 1
5814 1
5816 1
5820 3
5823 1
5828 9
5832 1
5835 1
5841 2
5842 2
5844 1
5846 1
5848 1
5849 2
5852 2
5857 2
5864 3
5868 2
5876 1
5878 1
5879 2
5880 1
5881 1
5883 2
5884 1
5888 2
5891 1
5892 2
5894 1
5899 1
5900 1
5904 3
5905 2
5909 1
5912 5
5918 13
5920 2
5924 3
5927 1
5932 2
5935 1
5937 1
5938 1
5940 1
5943 1
5956 5
5959 1
5960 2
5962 4
5964 1
5966 1
5967 1
5968 2
5969 1
5972 2
5976 2
5979 1
5981 1
5987 1
5988 1
5990 1
5992 1
5993 1
5996 4
6000 2
6001 2
6004 1
6006 1
6008 1
6009 1
6011 3
6012 1
6013 1
6014 1
6016 2
6019 1
6020 4
6022 1
6026 1
6028 1
6031 1
6035 2
6036 2
6039 1
6040 1
6041 1
6044 3
6048 2
6050 1
6052 2
6056 1
6058 1
6064 1
6065 2
6066 2
6068 1
6071 1
6074 1
6076 1
6077 1
6080 2
6081 1
6083 1
6084 4
6085 1
6087 1
6088 1
6092 1
6093 1
6096 2
6098 2
6100 1
6101 2
6102 1
6104 1
6108 1
6109 1
6110 7
6112 1
6116 2
6118 1
6120 4
6124 1
6128 1
6133 1
6135 1
6139 1
6143 1
6144 2
6148 2
6150 1
6151 1
6154 1
6157 1
6160 1
6161 2
6164 1
6167 1
6168 2
6172 1
6175 1
6176 1
6179 1
6180 1
6182 1
6184 3
6188 3
6195 1
6196 1
6200 1
6204 1
6208 1
6209 1
6215 1
6216 1
6224 3
6226 3
6230 1
6232 3
6237 2
6239 1
6240 2
6244 1
6248 2
6250 1
6254 1
6255 1
6261 1
6264 1
6265 1
6269 1
6272 1
6274 1
6280 1
6281 1
6282 1
6284 1
6289 1
6291 1
6293 1
6295 1
6296 2
6299 1
6300 3
6306 4
6307 1
6310 2
6316 2
6318 2
6319 1
6323 1
6324 1
6325 1
6328 4
6330 1
6332 1
6336 2
6337 1
6340 1
6343 1
6344 1
6350 1
6351 1
6352 2
6356 1
6360 2
6364 3
6367 2
6370 1
6372 2
6373 3
6374 2
6375 1
6376 5
6378 2
6380 2
6382 2
6384 1
6386 2
6388 1
6390 3
6392 4
6394 2
6396 3
6398 4
6399 1
6400 3
6402 1
6404 2
6405 1
6406 2
6408 4
6416 2
6417 1
6421 1
6424 1
6425 1
6430 1
6432 2
6434 1
6436 1
6440 1
6442 2
6444 2
6456 4
6458 2
6461 1
6464 1
6466 4
6468 1
6471 1
6476 3
6477 2
6480 1
6481 1
6484 1
6488 1
6490 1
6491 1
6496 1
6497 3
6504 2
6507 1
6510 1
6512 1
6516 1
6520 1
6525 1
6528 1
6529 2
6532 2
6540 3
6544 1
6548 1
6556 1
6560 1
6562 2
6565 1
6568 1
6571 2
6572 1
6576 1
6578 1
6583 1
6588 1
6591 1
6592 1
6595 1
6596 1
6598 1
6599 2
6607 1
6608 2
6612 1
6617 1
6621 1
6622 2
6624 1
6628 1
6634 1
6636 1
6637 1
6638 1
6640 1
6643 1
6644 2
6645 1
6654 1
6655 1
6656 2
6659 1
6660 2
6664 1
6665 1
6666 1
6667 1
6668 2
6669 1
6675 1
6676 1
6679 1
6681 1
6684 4
6688 1
6690 1
6692 1
6700 2
6703 1
6704 1
6707 1
6708 1
6712 2
6714 1
6716 2
6718 1
6721 1
6724 1
6725 1
6732 1
6734 1
6736 4
6741 1
6744 1
6746 1
6748 1
6752 1
6756 1
6760 1
6762 1
6765 1
6768 1
6770 1
6771 1
6773 2
6774 1
6779 1
6780 1
6783 1
6788 2
6792 1
6794 1
6796 3
6799 2
6801 1
6802 1
6804 2
6808 1
6812 2
6813 1
6814 1
6816 2
6819 2
6820 1
6821 1
6824 2
6825 1
6829 1
6832 1
6836 1
6850 1
6856 1
6864 1
6868 2
6876 2
6879 1
6880 1
6882 1
6884 1
6885 2
6888 2
6892 1
6893 1
6897 1
6900 2
6901 1
6904 1
6908 1
6916 1
6924 1
6929 1
6932 3
6934 1
6936 1
6937 1
6938 1
6945 1
6947 3
6952 2
6955 1
6960 2
6961 1
6962 1
6963 1
6964 1
6965 1
6971 2
6976 2
6980 1
6981 1
6984 5
6989 2
6994 1
6996 1
6998 1
6999 1
7002 1
7007 1
7008 1
7012 1
7014 1
7020 1
7024 1
7025 1
7032 2
7035 1
7041 1
7042 1
7048 3
7051 1
7052 1
7056 3
7058 1
7064 1
7069 1
7072 1
7074 2
7076 1
7080 2
7084 2
7087 1
7088 1
7093 1
7100 6
7106 1
7108 1
7111 2
7116 2
7120 1
7122 1
7124 3
7126 1
7128 1
7135 1
7136 1
7142 1
7145 1
7149 2
7156 1
7157 1
7158 1
7160 2
7161 1
7163 1
7164 1
7168 1
7169 1
7182 1
7191 1
7192 1
7194 2
7196 1
7197 1
7208 2
7209 2
7216 1
7230 1
7236 3
7240 3
7241 1
7246 1
7247 1
7248 1
7249 1
7252 2
7254 1
7255 1
7256 1
7258 1
7260 2
7264 2
7268 2
7271 1
7274 1
7275 1
7276 1
7283 1
7284 2
7285 1
7287 2
7288 1
7292 1
7296 2
7298 2
7300 1
7302 1
7303 1
7306 3
7309 1
7312 1
7313 1
7328 2
7331 2
7333 2
7336 2
7337 1
7343 1
7345 2
7348 2
7352 1
7354 3
7355 6
7360 1
7363 1
7364 1
7365 6
7368 1
7370 1
7372 2
7378 1
7383 1
7384 2
7387 1
7392 1
7393 1
7397 2
7399 1
7400 1
7407 2
7408 1
7412 1
7416 2
7420 1
7424 2
7425 1
7427 1
7431 1
7432 1
7437 1
7440 1
7441 1
7445 1
7447 1
7448 1
7452 2
7454 2
7460 3
7464 2
7467 2
7469 1
7471 1
7472 1
7473 1
7474 1
7475 1
7484 2
7488 2
7490 1
7496 2
7500 1
7504 1
7516 1
7520 3
7526 1
7528 1
7532 1
7533 1
7536 1
7543 1
7544 2
7548 1
7552 1
7557 1
7561 1
7571 2
7573 3
7575 3
7577 1
7578 1
7584 1
7587 1
7588 1
7591 1
7597 1
7600 1
7603 1
7604 1
7605 1
7607 2
7612 2
7614 1
7618 1
7619 2
7620 1
7621 1
7625 1
7626 1
7628 2
7630 1
7633 1
7639 1
7640 2
7644 1
7657 1
7664 2
7675 1
7678 1
7680 1
7684 1
7685 2
7689 1
7695 1
7696 3
7700 1
7701 1
7709 1
7712 1
7714 1
7716 1
7719 2
7720 1
7724 1
7726 4
7748 2
7751 1
7755 1
7760 1
7764 1
7766 1
7768 2
7771 1
7777 1
7780 3
7781 2
7784 1
7786 1
7792 1
7794 2
7796 1
7799 1
7800 1
7804 1
7811 1
7817 1
7820 1
7828 1
7829 1
7832 1
7836 1
7839 1
7848 1
7853 1
7854 2
7857 1
7862 2
7865 1
7868 1
7872 2
7876 1
7888 2
7889 1
7890 1
7892 2
7894 1
7898 1
7900 2
7905 1
7916 3
7925 1
7932 2
7935 1
7939 1
7942 1
7943 1
7948 3
7956 1
7957 1
7959 1
7960 1
7964 2
7968 1
7971 1
7974 1
7976 1
7977 1
7980 2
7984 1
7986 1
7989 1
7993 2
7994 1
8000 1
8005 1
8006 2
8008 2
8012 2
8013 1
8018 3
8021 1
8023 1
8024 1
8036 2
8040 1
8041 1
8042 2
8046 1
8048 1
8052 1
8072 1
8080 1
8084 2
8085 1
8088 2
8092 1
8094 1
8096 1
8097 1
8100 1
8104 1
8105 1
8112 3
8116 1
8128 1
8130 1
8141 1
8142 1
8143 1
8144 1
8146 1
8148 2
8149 1
8152 1
8154 1
8156 2
8159 1
8160 1
8161 1
8164 1
8166 1
8167 1
8174 1
8180 2
8184 1
8185 1
8192 2
8197 2
8198 1
8200 1
8207 1
8211 1
8216 1
8224 2
8226 1
8229 1
8231 1
8232 1
8236 1
8237 3
8240 2
8247 1
8252 1
8262 1
8263 1
8264 1
8273 1
8276 2
8296 1
8304 2
8305 1
8310 1
8322 1
8324 1
8332 1
8337 1
8341 1
8343 2
8344 2
8346 1
8348 2
8353 1
8354 1
8356 1
8360 3
8364 1
8371 1
8372 1
8379 1
8381 1
8384 1
8390 1
8392 1
8393 1
8396 1
8411 1
8412 1
8413 1
8429 1
8431 1
8434 1
8436 1
8437 2
8440 2
8444 1
8449 1
8455 1
8456 1
8458 1
8475 1
8479 1
8480 1
8488 1
8492 1
8496 1
8500 1
8505 1
8506 2
8520 3
8521 1
8533 1
8540 13
8544 1
8548 1
8552 2
8559 1
8561 1
8563 1
8564 1
8572 2
8576 1
8580 2
8588 2
8592 4
8597 1
8608 1
8609 1
8614 1
8616 2
8628 1
8630 1
8631 1
8652 2
8655 1
8656 1
8660 2
8665 1
8668 1
8670 2
8671 1
8672 3
8673 1
8677 1
8680 1
8684 1
8685 1
8692 1
8693 1
8695 1
8697 1
8708 1
8714 3
8715 1
8724 1
8728 1
8737 1
8740 1
8744 1
8746 1
8757 1
8758 1
8768 1
8771 1
8772 1
8776 2
8778 1
8779 1
8784 3
8788 2
8791 1
8800 1
8804 1
8808 1
8816 1
8817 1
8818 1
8822 2
8828 1
8832 1
8836 1
8840 2
8856 3
8868 2
8874 2
8875 5
8878 1
8881 1
8884 2
8888 1
8889 1
8892 1
8897 1
8900 1
8908 2
8912 1
8916 1
8920 2
8926 1
8934 1
8936 1
8940 1
8941 1
8944 2
8951 1
8964 1
8968 2
8973 1
8976 2
8981 1
8988 4
8992 2
8996 1
9003 1
9004 1
9008 2
9012 1
9019 1
9022 1
9027 2
9044 1
9048 1
9052 1
9053 1
9056 1
9058 1
9062 1
9065 1
9076 1
9080 1
9088 2
9090 1
9092 2
9094 1
9121 1
9123 1
9125 2
9128 1
9129 1
9132 1
9133 1
9139 2
9141 1
9144 1
9152 1
9160 1
9163 1
9172 1
9176 1
9180 1
9184 1
9188 1
9196 4
9198 1
9204 1
9209 1
9216 1
9218 1
9220 2
9222 1
9224 1
9225 8
9236 1
9244 1
9248 1
9254 1
9258 1
9268 1
9269 1
9284 2
9287 1
9288 1
9292 1
9300 1
9301 1
9304 1
9313 1
9315 1
9317 1
9320 1
9339 1
9340 1
9347 1
9364 1
9368 1
9369 1
9370 1
9372 1
9376 1
9386 2
9389 1
9392 1
9396 1
9404 1
9407 1
9417 1
9420 1
9426 2
9427 1
9428 1
9431 1
9434 1
9436 2
9452 1
9456 1
9472 3
9484 1
9485 1
9486 1
9502 1
9516 1
9517 2
9522 1
9524 1
9527 1
9548 1
9560 2
9575 1
9580 1
9584 1
9592 1
9593 2
9597 1
9599 1
9600 1
9602 1
9604 1
9612 1
9620 1
9624 1
9636 3
9643 1
9655 1
9660 1
9662 1
9671 1
9676 3
9679 1
9680 1
9684 1
9688 1
9693 1
9697 1
9700 2
9704 2
9715 1
9716 1
9720 1
9724 1
9732 1
9736 1
9748 1
9749 1
9752 1
9767 1
9775 1
9788 1
9794 2
9799 1
9800 1
9806 1
9812 2
9814 1
9832 1
9836 1
9839 1
9849 1
9853 1
9856 1
9858 1
9862 1
9864 1
9888 1
9892 2
9896 1
9910 1
9918 2
9924 1
9926 1
9928 1
9932 1
9943 1
9945 1
9948 2
9952 1
9955 1
9959 1
9974 1
9976 1
9980 1
9983 1
9984 3
9992 1
9993 1
10004 1
10018 1
10029 2
10036 1
10037 2
10048 2
10060 1
10061 1
10062 1
10068 1
10069 1
10076 1
10080 1
10084 1
10100 1
10113 1
10116 1
10124 1
10128 3
10130 1
10132 2
10138 1
10140 1
10141 1
10143 1
10144 1
10148 1
10160 1
10164 1
10168 2
10171 2
10186 1
10197 1
10200 1
10204 1
10208 2
10212 1
10220 2
10225 1
10232 1
10238 1
10240 3
10243 1
10244 1
10251 1
10264 1
10288 2
10299 1
10308 1
10310 1
10311 1
10313 2
10314 2
10316 2
10320 1
10334 1
10340 1
10343 1
10364 1
10372 1
10384 1
10405 1
10408 1
10412 1
10416 1
10420 1
10424 1
10435 1
10438 1
10440 1
10448 1
10451 1
10454 1
10463 1
10468 1
10478 1
10480 1
10484 1
10492 2
10499 1
10503 1
10520 1
10524 1
10532 1
10536 1
10537 1
10546 1
10560 1
10563 1
10584 1
10588 2
10589 1
10592 2
10596 1
10597 1
10599 1
10600 3
10604 1
10607 1
10616 1
10626 1
10629 1
10641 1
10648 1
10656 1
10671 1
10675 1
10680 1
10688 1
10694 1
10719 1
10731 1
10744 1
10747 1
10752 1
10756 2
10772 2
10776 2
10795 1
10803 8
10811 1
10816 2
10819 1
10823 1
10824 1
10828 1
10848 1
10856 2
10876 1
10882 1
10888 1
10892 1
10901 1
10916 1
10926 1
10928 1
10941 1
10942 1
10945 1
10948 1
10952 1
10958 1
10964 1
10972 1
10980 1
10982 1
10983 1
10984 1
10992 1
10996 1
11004 1
11008 1
11011 1
11016 1
11038 1
11048 1
11049 2
11068 2
11080 1
11087 1
11092 1
11100 1
11104 1
11120 2
11131 1
11146 1
11148 1
11167 1
11174 1
11176 1
11180 1
11212 1
11231 1
11236 1
11252 1
11255 1
11256 1
11264 2
11272 1
11284 1
11300 1
11304 1
11309 1
11312 1
11314 1
11346 1
11364 1
11369 1
11373 1
11377 1
11380 1
11381 1
11388 1
11396 1
11428 1
11432 1
11433 1
11442 2
11452 1
11456 1
11460 1
11464 1
11488 1
11496 1
11508 2
11552 1
11556 1
11568 1
11580 1
11584 1
11592 2
11601 1
11612 2
11631 2
11650 1
11654 1
11685 1
11689 1
11704 1
11708 3
11710 1
11718 1
11724 3
11745 1
11763 1
11766 2
11784 1
11792 1
11806 1
11817 1
11820 1
11829 1
11837 1
11838 1
11844 2
11850 1
11852 3
11884 1
11894 1
11906 1
11916 2
11917 1
11923 1
11946 1
11956 1
11970 1
11976 2
11988 1
11993 1
11996 1
12010 1
12013 1
12015 1
12016 1
12020 1
12024 1
12030 1
12036 1
12040 1
12044 1
12058 1
12060 1
12064 1
12074 1
12084 2
12093 1
12094 1
12097 1
12108 1
12116 1
12135 1
12141 1
12150 1
12156 1
12172 2
12184 1
12188 1
12200 1
12207 1
12220 1
12224 1
12225 1
12232 1
12248 2
12249 1
12256 1
12269 1
12272 1
12286 1
12288 1
12296 1
12305 1
12312 1
12333 1
12336 3
12344 1
12348 2
12352 1
12356 1
12357 1
12372 1
12381 1
12384 1
12404 1
12432 1
12439 1
12447 1
12468 1
12488 4
12493 2
12522 1
12528 3
12544 1
12556 1
12559 1
12584 1
12621 1
12648 1
12668 1
12676 2
12688 1
12695 1
12712 1
12717 1
12720 1
12733 1
12740 1
12760 1
12764 1
12772 1
12775 1
12784 1
12800 1
12813 1
12816 1
12836 1
12839 1
12843 1
12856 1
12857 1
12866 1
12886 1
12900 1
12901 1
12904 1
12910 1
12944 1
12951 1
12968 1
12976 1
12980 1
12988 1
12991 1
13000 1
13013 1
13020 1
13040 1
13044 1
13048 1
13056 1
13060 1
13080 1
13086 1
13105 1
13116 1
13124 1
13132 1
13145 1
13160 1
13164 1
13188 1
13203 1
13224 1
13252 1
13256 2
13268 1
13271 1
13288 1
13289 1
13300 1
13308 1
13319 1
13334 1
13340 2
13344 1
13354 1
13360 1
13419 1
13428 1
13440 1
13448 1
13459 1
13460 1
13469 1
13489 1
13496 1
13504 1
13516 1
13532 1
13536 1
13555 1
13561 1
13562 1
13576 1
13578 1
13592 1
13600 1
13602 1
13603 1
13609 1
13641 1
13644 2
13649 1
13660 1
13719 1
13724 1
13738 1
13744 1
13752 1
13760 1
13772 1
13828 2
13836 1
13840 1
13844 1
13856 1
13864 1
13882 6
13886 1
13894 2
13905 1
13920 1
13924 1
13971 1
13974 1
13980 1
14000 1
14064 1
14067 1
14070 2
14108 1
14112 1
14120 1
14124 1
14150 1
14200 1
14216 1
14252 1
14257 1
14275 1
14297 1
14306 1
14316 1
14318 2
14328 1
14335 1
14351 1
14368 1
14388 1
14408 1
14459 1
14492 1
14496 1
14560 1
14580 1
14584 1
14588 1
14593 1
14624 1
14636 2
14650 1
14652 1
14660 1
14685 1
14688 1
14692 1
14699 1
14726 1
14739 1
14740 1
14748 1
14759 1
14763 1
14796 1
14803 1
14817 1
14836 1
14859 1
14869 1
14916 1
14948 1
14968 1
14976 1
15040 1
15045 1
15064 1
15092 1
15127 1
15128 1
15132 1
15146 1
15156 1
15158 1
15162 1
15168 1
15172 1
15175 1
15187 1
15188 1
15194 1
15195 1
15200 3
15210 1
15224 1
15225 1
15226 1
15237 1
15241 1
15245 1
15267 1
15268 1
15272 1
15324 1
15325 1
15348 1
15358 1
15360 1
15405 1
15414 1
15417 1
15432 3
15439 1
15442 1
15448 2
15451 1
15452 1
15457 1
15459 1
15460 1
15474 1
15475 1
15485 1
15494 1
15496 1
15498 1
15510 1
15518 1
15520 1
15540 2
15548 2
15560 1
15564 1
15570 1
15579 1
15591 1
15598 1
15600 1
15625 1
15642 1
15644 1
15648 1
15649 1
15652 2
15660 1
15677 1
15680 2
15711 1
15724 1
15725 2
15740 1
15884 2
15910 1
15913 1
15945 1
15960 1
16011 1
16039 2
16072 2
16080 1
16125 1
16133 1
16137 1
16173 1
16180 2
16224 1
16228 1
16239 1
16248 1
16250 1
16281 1
16292 1
16335 1
16340 1
16357 1
16373 1
16382 1
16432 1
16440 1
16464 1
16472 1
16504 1
16516 1
16520 1
16559 1
16652 1
16653 1
16657 1
16658 1
16660 1
16707 1
16721 1
16741 1
16761 1
16820 1
16863 1
16882 1
16916 1
16932 1
16936 1
16940 1
16956 1
16960 1
16967 1
17021 1
17055 1
17068 1
17075 1
17089 1
17096 1
17101 2
17137 2
17139 2
17164 1
17188 1
17233 1
17260 1
17294 1
17359 2
17370 1
17373 2
17389 2
17415 2
17442 1
17452 2
17464 1
17493 1
17616 1
17664 1
17669 1
17708 1
17762 1
17770 1
17800 1
17808 1
17841 1
17843 1
17881 1
17885 1
17924 1
17956 1
18022 1
18037 1
18048 1
18185 1
18249 2
18264 1
18331 1
18420 1
18432 1
18500 1
18572 1
18623 2
18627 1
18692 1
18696 1
18698 1
18724 1
18755 1
18788 1
18804 1
18889 1
18956 1
18969 1
18973 1
19021 1
19068 1
19071 1
19120 1
19186 1
19253 1
19269 1
19329 1
19340 1
19367 1
19453 1
19459 1
19506 1
19512 1
19526 1
19548 2
19596 1
19621 1
19627 1
19656 1
19663 1
19725 1
19761 1
19764 1
19822 1
19896 1
19927 1
19948 1
19958 1
20097 1
20146 1
20307 1
20333 1
20396 1
20428 1
20520 1
20528 1
20554 1
20577 1
20617 1
20648 1
20691 1
20799 1
20825 2
20916 1
20924 1
20992 1
21080 1
21124 1
21156 1
21236 1
21251 1
21300 1
21301 1
21389 1
21500 1
21529 1
21604 1
21626 1
21688 1
21784 1
21794 1
21880 1
21892 1
21909 1
21982 1
22052 1
22099 1
22147 3
22183 1
22232 1
22252 1
22344 1
22394 2
22523 1
22628 1
22643 1
22648 1
22732 1
22749 1
22760 1
22789 1
22883 1
22916 1
22936 1
22941 1
23053 1
23192 1
23210 1
23236 1
23239 1
23377 1
23456 1
23622 2
23653 1
23722 1
23744 1
23788 1
23792 1
23832 1
23948 1
23952 1
23962 1
24032 1
24051 1
24075 1
24081 1
24110 1
24224 1
24422 1
24458 1
24529 1
24576 4
24586 1
24604 1
24624 4
24680 1
24756 2
24898 1
24986 1
25039 1
25117 1
25252 1
25499 1
25520 1
25637 2
25651 1
25665 2
25709 1
25829 1
25874 2
26112 1
26366 1
26428 1
26452 1
26464 2
26516 1
26683 1
26726 1
26734 1
26992 1
27071 1
27124 1
27148 3
27155 1
27227 1
27264 1
27285 1
27302 1
27316 1
27414 1
27508 1
27628 1
27652 1
27667 1
27681 1
27776 1
27821 1
27900 1
27923 1
27948 1
28024 1
28079 1
28096 1
28132 1
28150 1
28251 1
28265 2
28274 1
28347 1
28504 1
28624 1
28672 9
28720 4
28780 1
28815 2
28908 2
29155 2
29433 1
29491 1
29496 1
29544 1
29835 1
29962 1
30032 1
30054 1
30284 1
30340 1
30359 1
30529 1
30720 1
30793 1
30824 1
30891 1
30946 1
30998 1
31028 2
31105 1
31400 1
31496 1
31723 1
31794 1
32140 1
32339 1
32348 1
32528 1
32721 1
32728 1
32768 7
32816 1
33003 1
33020 1
33452 1
33710 1
33734 1
33821 1
33825 1
33852 1
33889 1
33996 1
34261 2
34296 1
34490 1
34536 1
34584 1
34596 1
34772 1
34877 1
35019 2
35370 1
35491 1
35624 1
35876 1
35905 1
36048 1
36103 1
36194 1
36312 1
36365 1
36435 1
36437 1
36564 1
36778 1
36864 15
36912 2
36998 1
37031 1
37404 1
37533 1
37727 1
38156 1
38192 1
38353 1
38392 1
38419 1
38448 1
38546 2
38547 1
38563 1
38570 1
39040 1
39071 1
39154 1
39192 1
39676 1
39792 1
39872 1
39920 1
40269 1
40286 1
40526 1
40676 1
40775 1
40858 1
40960 13
41064 1
41149 1
41177 1
41218 1
41765 1
42318 1
42404 1
42468 1
42506 1
42625 1
42671 1
42854 1
43020 1
43157 1
43542 1
43599 1
43760 1
44052 1
44221 1
44404 1
44432 1
44495 1
44749 1
44806 1
45033 1
45056 7
45104 1
45123 1
45132 1
45146 1
45239 1
45459 2
45700 1
45727 1
45745 1
46008 1
46034 1
46090 1
46104 1
46468 1
46471 1
46544 1
46711 1
46780 1
47096 1
47136 1
47187 1
47200 1
47445 1
47460 1
47573 1
47786 1
47889 1
47927 1
48155 1
48241 1
48261 1
48318 1
48448 1
48474 1
48538 1
48594 1
48608 1
48679 1
48681 1
48741 1
48835 1
48895 1
48927 1
48966 1
49011 1
49048 1
49101 1
49152 10
49200 1
49263 1
49277 1
49381 1
49462 1
49472 1
49510 1
49559 1
49645 1
49684 1
49704 1
49744 1
49807 1
49835 1
49874 1
49930 1
49969 1
50000 3
50112 1
50136 1
50162 1
50170 1
50207 1
50248 1
50250 1
50278 1
50307 1
50311 1
50393 1
50450 1
50485 1
50491 1
50585 1
50607 1
50629 1
50695 1
50742 1
50744 1
50759 1
50798 1
50845 1
50855 1
50874 1
50898 1
50901 1
50908 1
50953 1
50995 1
51019 1
51079 1
51105 1
51108 1
51193 1
51615 1
51808 1
52000 1
52032 1
52208 1
52405 1
52984 1
53052 1
53248 5
53296 1
53462 1
53542 1
53726 1
54063 1
54602 1
54791 1
55105 1
55160 1
55182 1
55512 1
55690 2
56012 1
56080 1
56242 2
57210 1
57220 2
57294 1
57344 9
57540 1
58144 1
58156 1
58297 1
58388 1
58499 1
58750 1
58788 1
58877 1
59297 1
59411 1
59676 1
60002 1
60376 1
60633 1
60720 1
60932 1
61092 1
61440 7
61593 1
62362 1
62624 1
63057 1
63117 1
63408 1
63677 1
63946 1
64038 1
64184 1
64277 1
64365 1
64906 1
65281 1
65304 1
65395 1
65536 5
65716 1
66352 1
67154 1
67564 1
67700 1
68406 1
68524 1
68776 1
68800 1
69120 1
69338 1
69632 5
69840 1
70304 1
70998 1
71002 1
71922 1
72020 1
72152 1
72300 1
72564 1
72960 1
73452 1
73728 4
74791 1
75139 1
76800 1
76915 2
77158 1
77752 1
77812 1
77824 2
77872 4
77888 1
77952 1
78388 1
78519 1
78972 1
80025 1
80885 1
81920 3
81968 1
82520 1
82792 1
83580 1
83588 1
84122 1
84801 1
85000 2
85176 1
85867 1
85909 1
86016 4
86064 1
86700 1
87026 1
87136 1
87721 1
88012 1
88056 1
88076 1
88208 1
89331 1
89848 1
90112 4
90160 3
90566 1
91012 1
92680 1
92749 1
93295 1
93771 1
94204 1
94208 2
94320 1
94400 1
94824 1
95498 1
95844 1
96987 1
97188 1
97281 1
97891 1
97966 1
98097 1
98304 1
98352 2
98416 4
98544 17
99144 1
100520 1
101776 1
102400 2
102448 1
102512 7
102640 13
104116 1
104912 1
105292 1
106124 1
106496 2
106544 3
106608 1
106672 1
106736 5
107116 1
107700 1
108133 1
110592 4
110640 1
110704 4
110832 6
111660 1
112942 1
114558 1
114688 4
114800 5
115008 1
116400 1
116742 1
117996 1
118784 2
118896 1
119024 1
119040 1
119720 1
119818 1
119922 1
120136 1
120626 1
122126 1
122880 5
122992 3
123120 1
123218 1
123798 1
123968 1
124632 1
124648 1
125868 1
126504 1
126976 4
127088 1
130192 1
130324 1
131072 7
132920 1
134256 1
135168 2
135280 1
138016 1
143076 1
143120 1
143360 1
143628 1
147069 1
147220 1
147456 1
147696 1
151552 2
151600 1
151664 1
156348 1
156604 1
158726 1
161168 1
161257 1
162292 1
163160 1
163379 1
164016 1
172032 2
172080 3
172953 1
173548 1
174986 1
175648 1
176240 1
180272 2
183236 1
184179 1
184320 1
186368 1
187308 1
188416 1
188464 2
190188 1
193904 1
194189 1
194796 1
195784 1
196656 1
196784 2
200880 1
204800 1
204848 2
204912 1
208944 1
210312 1
212220 1
212812 1
213232 1
214288 1
216000 1
217136 1
217264 1
219288 1
221184 1
221232 1
222972 1
225596 1
230021 1
232798 1
233712 1
233834 1
235968 1
237568 1
237616 1
237649 1
237744 1
238156 1
239184 1
239918 1
241712 2
241840 1
243188 1
245808 1
245872 1
246308 1
249904 2
249980 1
250020 1
250032 1
254000 1
254128 1
254380 1
257684 1
258096 1
262144 1
262192 1
263848 1
264856 1
266288 2
270384 2
270576 1
272579 1
274608 1
276984 1
278576 1
279732 1
282624 1
282672 1
283308 1
285887 1
285969 1
286768 1
290002 1
290816 1
291078 1
292385 1
294912 1
295088 1
295164 1
299056 1
299184 2
300912 1
301164 1
307482 1
308328 1
308432 1
311296 1
311472 1
311840 1
312656 1
315392 1
319088 1
319536 1
319868 1
319880 1
320420 1
323584 1
327856 1
327888 1
327912 1
329128 1
331628 1
332193 1
334664 1
336199 1
338585 1
341604 1
343924 1
344064 1
344112 1
348368 1
349624 1
353521 1
354325 1
364720 1
370132 1
372400 1
372784 1
373192 1
376280 1
377008 1
377100 1
381104 1
381232 1
383724 1
385003 1
385620 1
386588 1
389644 1
389736 1
393392 1
397488 1
400212 1
401584 1
404660 1
406356 1
409776 1
411008 1
411348 1
411770 1
413936 1
417840 1
421888 1
427056 1
427176 1
427191 1
430256 1
431772 1
435292 1
439168 1
444902 1
447912 1
448552 1
463072 1
467184 1
467248 1
475980 1
477232 1
480516 1
481364 1
483376 1
490023 1
491760 1
495616 1
495875 1
502036 1
544501 1
553136 1
578352 1
610352 1
610416 1
634928 1
636552 1
639248 1
647216 1
651312 1
675888 1
679984 2
688176 1
692272 1
700416 1
700464 1
704560 1
704624 1
708656 1
716912 1
717720 1
725040 1
729136 1
729200 1
733232 1
745264 1
749272 1
754356 1
766000 1
786480 2
798768 1
798832 1
802864 1
806960 1
811056 1
819200 1
820684 1
827440 1
831536 1
839792 1
845204 1
852016 1
860208 1
864304 2
884784 1
888880 1
892976 2
905264 1
917616 1
929840 1
933936 1
938400 1
983040 1
987184 1
991280 1
995376 1
1073020 1
1081392 1
1144972 1
1155468 1
1176360 1
1234352 1
1241200 1
1318888 1
1359872 1
1359920 1
1421360 1
1437696 1
1448308 1
1458176 1
1582008 1
1626224 1
1736412 1
1929328 1
2007040 1
2103528 1
2221682 1
2432270 1
2822256 1
2849120 1
2936992 1
2943912 1
3770648 1
