0 4
2 3
3 1
4 2
8 3
10 1
11 2
18 1
20 1
22 1
23 1
25 1
54 1
68 1
72 1
76 1
83 1
84 1
88 1
95 1
134 1
140 1
169 1
200 1
223 1
229 1
246 1
249 1
250 2
273 1
278 1
283 1
285 1
290 1
297 1
317 1
324 1
352 2
357 1
360 1
362 1
364 1
368 1
372 1
376 1
381 1
388 1
389 1
391 1
392 2
395 4
398 3
410 1
414 1
428 1
446 1
484 1
498 1
500 1
512 39
528 1
533 1
564 1
579 1
614 1
642 1
706 1
754 1
767 1
791 1
799 1
803 1
808 1
815 1
824 1
825 1
849 1
861 1
936 1
1024 3
1035 1
1105 1
1138 1
1308 1
1435 1
1536 1
1592 1
1691 1
1733 1
1780 1
1860 1
2000 1
2011 1
2048 1
2172 1
2200 1
2271 1
2337 1
2550 1
2621 1
2996 1
3118 1
3292 1
3697 1
4003 1
4096 1
4684 1
4739 1
5210 1
5227 1
5228 3
5467 1
5476 1
6324 1
6670 1
6731 1
6983 1
7691 1
8192 1
8232 1
8365 1
10811 1
10882 1
12288 1
12739 1
16753 1
18308 1
20848 1
24231 1
30029 1
32768 1
46007 1
48297 1
59397 1
65536 1
103512 2
106496 1
110352 1
121755 1
140904 1
147456 1
155304 1
163840 1
180224 1
184368 1
249079 1
1628136 1
2182038 1
