0 323
1 8
2 4
3 3
4 11
5 45
6 60
7 4
8 160
9 11
10 30
11 7
12 9
13 15
14 7
15 6
16 20
17 23
18 11
19 10
20 22
21 31
22 30
23 32
24 17
25 23
26 22
27 12
28 12
29 93
30 17
31 11
32 17
33 26
34 31
35 14
36 15
37 15
38 11
39 12
40 19
41 12
42 15
43 8
44 16
45 8
46 13
47 12
48 12
49 5
50 10
51 5
52 11
53 8
54 11
55 6
56 7
57 10
58 5
59 10
60 14
61 3
62 7
63 9
64 17
65 11
66 20
67 5
68 8
69 7
70 133
71 8
72 5
73 6
74 9
75 9
76 10
77 7
78 121
79 4
80 11
81 13
82 12
83 6
84 7
85 8
86 5
87 5
88 11
89 4
90 6
91 3
92 7
93 7
94 9
95 12
96 9
97 5
98 11
99 6
100 10
101 3
102 5
103 7
104 5
105 8
106 9
107 10
108 5
109 11
110 8
111 12
112 8
113 6
114 7
115 6
116 10
117 9
118 7
119 4
120 7
121 2
122 1
123 7
124 12
125 12
126 13
127 9
128 16
129 8
130 8
131 8
132 13
133 7
134 11
135 12
136 3
137 6
138 9
139 7
140 3
141 9
142 11
143 21
144 9
145 5
146 9
147 8
148 13
149 8
150 8
151 8
152 2
153 5
154 12
155 8
156 7
157 5
158 1
159 3
160 13
161 8
162 1
163 4
164 8
165 5
166 6
167 6
168 10
169 2
170 5
171 4
172 11
173 6
174 10
175 3
176 5
177 6
178 3
179 10
180 26
181 10
182 9
183 6
184 5
185 3
186 3
187 2
188 13
189 3
190 12
191 7
192 7
193 4
194 8
195 3
196 11
197 4
198 5
199 5
200 10
201 6
202 2
203 13
204 6
205 2
206 8
207 10
208 8
209 6
210 10
211 6
212 6
213 2
214 9
215 6
216 4
217 6
218 6
219 4
220 2
221 3
222 3
223 10
224 6
225 3
226 3
227 5
228 6
229 2
230 7
231 7
232 7
233 4
234 3
235 4
236 9
237 2
238 5
239 6
240 11
241 6
242 4
243 5
244 3
245 7
246 5
247 8
248 3
249 5
250 12
251 6
252 55
253 9
254 4
255 9
256 8
257 5
258 2
259 7
260 6
261 4
262 5
263 4
264 14
265 8
266 1
267 3
268 5
269 6
270 8
271 6
272 9
273 2
274 6
275 5
276 4
277 9
278 6
279 5
280 7
281 4
282 2
283 1
284 10
285 6
286 2
287 4
288 1
289 55
290 4
291 4
292 4
293 5
294 7
295 10
296 7
297 26
298 11
299 12
300 181
301 3
302 14
303 3
304 6
305 12
306 9
307 6
308 3
309 3
310 4
311 6
312 4
313 6
314 8
315 9
316 3
317 10
318 9
319 5
320 5
321 1
322 7
323 6
324 7
325 9
326 3
327 6
328 8
329 5
330 4
331 9
332 6
333 3
334 6
335 7
336 2
337 5
338 4
339 5
340 7
341 2
342 3
343 9
344 5
345 14
346 10
347 10
348 5
349 4
350 6
351 13
352 2
353 2
354 5
355 4
356 8
357 3
358 4
359 6
360 4
361 5
362 6
363 3
364 10
365 6
366 10
367 3
368 4
369 6
370 4
371 7
372 4
373 2
374 3
375 4
376 10
377 4
378 3
379 4
380 11
381 8
382 4
383 4
384 1
385 4
386 9
387 7
388 3
389 7
390 4
391 3
392 3
393 1
394 1
395 4
396 10
397 5
398 4
399 5
400 9
401 6
402 4
403 1
404 7
405 7
406 2
407 5
408 5
409 5
410 5
411 2
412 2
413 2
414 6
415 6
416 6
417 9
418 2
419 1
420 1
421 4
422 3
423 4
424 5
425 6
426 4
427 8
428 2
429 7
430 5
431 6
432 9
433 4
434 5
435 3
436 6
437 3
438 6
439 4
440 72
441 3
442 3
443 2
444 4
445 3
446 4
447 6
448 2
449 5
450 6
451 4
452 1
453 1
454 10
455 3
457 5
458 2
459 7
460 2
461 5
462 5
463 3
464 7
465 6
466 9
467 3
468 7
469 9
470 5
471 5
472 8
473 7
474 4
475 2
476 2
477 6
478 5
479 7
480 4
481 3
482 3
483 4
484 5
485 1
486 6
487 2
488 5
489 2
490 4
491 4
492 5
493 2
494 3
495 6
496 10
497 1
498 5
499 5
500 2
501 1
502 4
503 5
504 1
505 1
506 5
507 4
508 5
509 2
510 13
511 4
512 1518
514 3
515 3
516 4
517 2
518 2
519 2
522 5
523 2
524 1
525 6
526 5
527 7
528 6
529 4
530 1
531 2
532 3
533 4
534 2
535 2
536 3
537 3
538 2
539 4
540 3
541 4
542 5
543 6
544 9
545 3
546 6
547 5
548 5
549 22
550 3
551 5
552 3
553 3
554 4
555 4
556 2
557 5
558 6
559 3
560 8
561 2
562 7
563 7
564 4
565 3
566 1
567 8
568 4
569 8
570 4
571 7
572 3
573 1
574 5
575 4
576 8
577 11
578 2
579 13
580 1
581 1
582 3
583 2
584 9
585 7
586 5
587 5
588 4
589 4
591 2
592 6
593 5
594 2
595 3
596 4
597 4
598 3
599 8
600 5
601 1
602 2
603 4
604 3
605 1
606 4
608 4
609 7
610 4
611 2
612 3
613 9
614 6
615 5
616 2
617 9
618 3
619 8
620 8
621 5
622 4
623 2
624 9
625 6
626 6
627 3
628 5
629 2
630 5
631 6
632 8
633 4
634 6
635 4
636 3
638 6
639 6
640 7
641 5
642 1
643 4
644 3
645 2
646 3
647 3
648 5
649 5
650 4
651 6
652 5
653 4
654 10
655 7
656 5
657 4
658 1
659 3
660 2
661 6
662 4
663 1
664 7
665 5
666 3
667 3
668 7
669 2
670 7
671 3
672 7
673 5
674 3
675 8
676 1
677 7
678 7
679 1
680 3
681 2
682 7
683 1
684 5
685 3
686 4
687 2
688 2
689 1
690 5
691 4
692 7
693 3
694 4
695 4
696 5
697 2
698 1
699 7
700 7
701 5
702 3
703 5
704 4
705 3
706 1
707 2
708 3
709 4
710 4
711 5
712 4
713 4
714 1
716 8
717 4
718 4
719 2
720 2
721 2
722 3
723 5
724 1
725 5
726 2
727 5
728 8
729 5
730 2
731 5
732 6
733 1
734 1
735 5
736 2
737 6
738 3
739 1
740 1
741 7
742 1
743 6
744 3
745 3
746 3
747 4
748 2
749 2
750 7
751 8
752 3
753 2
754 10
755 2
756 5
757 3
759 6
760 1
761 3
762 6
763 1
764 3
765 7
766 7
767 3
768 3
769 3
770 4
772 2
773 3
774 3
775 4
776 4
777 4
778 5
779 6
780 3
781 4
782 3
783 3
784 2
785 2
786 3
787 6
788 6
789 3
790 8
791 4
792 2
793 3
794 3
795 3
796 6
797 1
798 2
799 4
800 3
801 4
802 3
803 3
804 3
805 6
806 3
807 5
808 5
809 4
810 3
811 1
812 4
813 6
814 2
815 1
816 6
817 3
818 8
819 4
820 1
821 70
822 2
823 8
824 1
826 4
827 5
828 3
829 3
830 3
831 6
832 4
833 3
834 5
835 5
836 3
837 8
838 5
839 9
840 2
841 6
842 3
843 2
844 5
845 3
846 1
847 1
848 4
849 3
850 7
851 5
852 5
853 2
854 4
855 2
856 3
857 4
858 3
859 5
860 4
862 3
863 2
864 3
865 7
866 1
867 6
870 3
871 3
872 6
873 5
874 2
875 4
876 3
877 3
878 4
879 3
880 3
881 7
882 6
883 5
884 4
885 3
886 3
887 7
888 8
889 6
890 4
891 8
892 2
893 12
894 4
895 2
896 4
897 7
898 3
899 8
900 4
901 3
902 2
903 2
904 5
905 2
906 3
907 1
908 3
909 8
910 8
911 6
912 5
913 7
914 5
915 3
916 11
917 6
918 6
919 3
920 6
921 7
922 6
923 4
924 5
925 5
926 11
927 6
928 4
929 5
930 6
931 2
932 1
933 3
934 8
935 2
936 5
937 5
938 5
939 7
940 3
941 7
942 9
943 1
944 5
945 4
946 1
947 4
948 3
949 8
950 2
951 4
952 7
953 4
955 4
956 4
957 1
958 5
959 9
960 9
961 3
962 4
963 6
965 1
966 5
967 2
968 4
969 5
970 2
971 3
972 4
973 7
974 5
975 2
976 3
977 5
978 1
979 3
980 4
981 7
982 7
983 2
984 7
986 2
987 4
988 2
989 2
990 3
991 2
992 6
993 4
994 1
995 1
996 4
997 2
998 2
999 5
1000 6
1001 1
1002 4
1004 4
1005 5
1006 2
1007 6
1008 1
1009 4
1010 2
1011 9
1012 7
1013 7
1014 1
1016 2
1017 5
1018 5
1019 1
1020 7
1021 2
1022 6
1023 7
1024 229
1025 6
1026 4
1027 8
1028 3
1029 3
1030 3
1031 4
1032 4
1033 7
1034 1
1035 3
1036 1
1037 8
1038 6
1039 9
1040 4
1041 4
1042 1
1043 5
1044 3
1045 3
1046 2
1047 4
1048 4
1049 6
1050 2
1051 1
1052 3
1053 3
1054 2
1055 3
1056 9
1057 4
1058 1
1059 7
1060 5
1061 4
1062 6
1063 5
1064 4
1065 5
1066 2
1067 1
1068 1
1069 2
1070 3
1071 2
1072 5
1073 2
1074 5
1075 2
1076 6
1077 3
1078 3
1079 8
1080 3
1081 7
1082 4
1083 1
1084 8
1085 2
1086 10
1087 5
1088 1
1089 3
1090 4
1091 3
1092 2
1093 1
1094 3
1095 4
1096 6
1097 5
1098 2
1099 4
1101 4
1102 5
1103 1
1104 5
1105 3
1106 2
1107 5
1109 4
1110 2
1111 5
1112 8
1113 3
1114 3
1115 10
1116 1
1117 3
1118 5
1119 5
1120 6
1121 1
1122 1
1123 2
1124 3
1125 3
1126 4
1127 7
1128 5
1129 8
1130 1
1131 1
1132 2
1133 8
1134 6
1135 3
1136 8
1137 9
1138 4
1139 5
1140 3
1141 3
1142 2
1143 1
1144 4
1145 3
1146 5
1147 3
1148 8
1149 4
1150 6
1151 4
1152 4
1153 1
1154 2
1155 2
1156 2
1157 3
1158 5
1159 4
1160 2
1161 3
1162 3
1163 2
1164 4
1165 3
1166 2
1167 4
1168 1
1169 6
1170 3
1171 7
1172 3
1173 1
1174 3
1175 4
1176 5
1177 4
1178 2
1179 2
1180 5
1181 2
1182 5
1183 3
1184 10
1185 5
1186 5
1187 2
1188 5
1189 4
1190 3
1191 5
1192 1
1193 1
1194 2
1195 1
1196 6
1197 5
1198 3
1199 3
1200 4
1201 3
1202 8
1203 2
1205 4
1206 3
1207 3
1208 2
1209 4
1210 5
1211 4
1212 2
1213 3
1214 1
1215 6
1216 8
1217 3
1218 1
1219 5
1220 4
1222 3
1223 1
1224 1
1225 4
1226 2
1227 4
1228 7
1229 6
1230 6
1232 5
1233 6
1234 2
1235 4
1236 3
1237 5
1238 8
1239 2
1240 3
1241 4
1242 3
1243 2
1244 4
1245 7
1246 4
1247 4
1248 4
1250 3
1251 3
1252 5
1253 2
1254 2
1255 6
1256 2
1257 4
1258 5
1260 2
1261 3
1262 7
1263 4
1264 6
1265 1
1266 4
1267 4
1269 5
1270 2
1271 5
1272 4
1273 2
1274 3
1275 3
1276 5
1277 5
1278 3
1279 4
1280 3
1281 4
1282 4
1283 4
1284 2
1285 4
1286 3
1287 4
1288 2
1289 3
1290 2
1291 5
1292 7
1293 1
1294 6
1296 1
1297 1
1298 6
1299 2
1300 6
1301 4
1302 2
1303 8
1304 5
1305 3
1306 7
1307 5
1308 5
1309 5
1310 6
1311 3
1312 5
1313 4
1314 2
1315 4
1316 3
1317 2
1318 4
1319 2
1320 2
1321 5
1322 3
1323 3
1324 5
1325 2
1326 2
1327 3
1328 2
1329 5
1330 7
1331 1
1332 2
1333 2
1334 6
1335 4
1336 6
1337 9
1338 4
1339 1
1340 4
1341 7
1342 2
1343 2
1344 5
1345 4
1346 3
1347 2
1349 2
1350 6
1351 6
1352 2
1353 2
1354 2
1355 4
1356 3
1357 3
1358 6
1359 2
1360 1
1361 5
1362 1
1363 3
1364 4
1365 1
1366 6
1367 6
1368 5
1369 5
1370 4
1371 4
1372 4
1373 6
1374 3
1375 3
1376 3
1377 6
1378 6
1379 2
1380 1
1381 2
1382 4
1383 1
1384 5
1385 3
1386 5
1387 2
1388 4
1389 1
1390 2
1391 5
1392 4
1393 2
1394 2
1395 3
1396 2
1398 2
1399 4
1400 2
1401 6
1402 1
1403 2
1404 2
1405 5
1407 2
1408 1
1409 4
1410 1
1411 2
1412 4
1413 1
1414 1
1415 3
1416 1
1417 12
1418 1
1419 3
1420 5
1421 6
1422 4
1423 2
1424 3
1425 2
1426 2
1427 2
1428 4
1429 5
1430 4
1431 4
1432 5
1434 3
1435 3
1436 4
1437 9
1438 1
1439 7
1440 3
1441 5
1442 1
1443 3
1444 2
1445 3
1446 4
1447 3
1448 2
1449 1
1450 8
1451 5
1452 7
1453 6
1454 4
1455 3
1456 7
1457 3
1458 2
1459 3
1460 6
1461 2
1462 3
1463 2
1464 6
1465 2
1466 4
1467 2
1468 1
1469 4
1470 7
1471 5
1473 2
1474 2
1476 3
1477 3
1478 3
1479 2
1480 4
1481 7
1482 5
1483 2
1484 2
1485 3
1486 4
1487 1
1488 2
1489 5
1490 4
1491 1
1492 4
1493 6
1494 1
1495 3
1496 1
1497 1
1498 3
1499 3
1500 3
1501 3
1502 7
1503 3
1504 1
1505 1
1506 2
1507 1
1508 1
1509 3
1510 3
1511 4
1512 4
1513 4
1514 3
1515 4
1516 2
1517 4
1518 4
1519 2
1520 3
1521 2
1522 4
1523 4
1524 3
1525 3
1526 3
1527 7
1528 3
1529 9
1530 4
1531 3
1533 1
1534 2
1535 2
1536 51
1538 1
1539 4
1540 1
1541 3
1542 3
1543 2
1544 2
1545 2
1547 6
1548 3
1550 2
1551 1
1552 1
1553 5
1554 4
1555 4
1556 4
1557 4
1558 1
1559 2
1560 5
1561 2
1562 1
1563 2
1564 3
1565 3
1566 2
1567 4
1568 4
1569 1
1570 2
1571 5
1572 5
1573 1
1574 5
1575 3
1576 4
1577 2
1578 3
1579 1
1580 4
1582 2
1584 3
1585 6
1586 4
1587 1
1588 5
1589 4
1590 2
1591 1
1592 6
1593 1
1594 4
1595 4
1596 3
1597 4
1598 3
1599 3
1600 2
1601 4
1602 3
1603 1
1604 3
1605 1
1606 2
1607 5
1608 2
1609 3
1610 2
1611 6
1612 4
1614 6
1615 2
1616 4
1617 1
1618 3
1619 2
1622 3
1623 3
1624 3
1625 2
1626 2
1627 1
1628 1
1629 2
1630 1
1631 3
1632 3
1633 1
1634 1
1635 12
1636 2
1637 2
1638 1
1639 4
1640 2
1641 3
1642 3
1643 1
1644 6
1645 2
1646 3
1649 3
1650 3
1652 2
1653 5
1654 4
1655 4
1656 6
1657 1
1658 4
1659 2
1660 6
1661 2
1662 4
1663 1
1664 4
1665 1
1666 1
1667 4
1668 2
1669 4
1671 2
1672 3
1673 2
1674 1
1675 2
1676 2
1677 1
1678 3
1679 4
1681 1
1682 2
1683 3
1684 3
1685 2
1686 2
1687 1
1688 2
1689 1
1690 2
1691 1
1693 4
1694 2
1695 3
1696 2
1697 5
1698 4
1699 4
1701 4
1702 2
1703 2
1704 3
1705 1
1706 1
1707 3
1708 2
1709 4
1710 8
1711 1
1713 2
1714 3
1715 2
1716 8
1717 2
1718 2
1720 4
1721 4
1722 3
1723 1
1724 2
1725 4
1726 1
1727 3
1728 1
1729 2
1730 5
1731 6
1732 2
1733 2
1734 4
1735 3
1736 2
1737 3
1738 2
1739 4
1740 4
1741 1
1742 2
1743 3
1744 6
1745 5
1746 1
1747 2
1748 3
1749 4
1750 1
1751 2
1752 6
1753 2
1754 2
1755 1
1756 1
1757 3
1758 4
1759 2
1760 3
1761 2
1763 1
1764 1
1765 1
1766 1
1767 2
1768 2
1769 3
1770 3
1771 2
1772 3
1773 4
1774 6
1776 6
1777 3
1778 1
1779 2
1780 1
1781 4
1782 2
1783 2
1784 1
1785 1
1786 3
1787 3
1788 5
1789 5
1791 2
1792 1
1793 4
1794 3
1795 2
1796 6
1797 3
1798 2
1799 3
1800 2
1802 4
1803 3
1804 2
1806 5
1808 1
1809 2
1810 1
1811 3
1812 1
1813 1
1814 2
1815 2
1816 3
1817 2
1818 2
1819 3
1820 2
1821 3
1823 1
1824 3
1825 4
1826 2
1827 1
1828 6
1829 4
1830 1
1831 4
1832 7
1833 4
1834 1
1835 2
1836 2
1837 3
1838 3
1839 2
1840 2
1841 1
1842 3
1843 3
1844 5
1845 1
1846 3
1847 4
1848 4
1849 2
1851 3
1853 5
1854 8
1855 3
1856 3
1857 1
1858 5
1859 5
1860 6
1862 2
1863 3
1864 2
1865 1
1866 5
1867 2
1868 3
1869 1
1870 1
1871 4
1872 6
1874 1
1876 5
1877 4
1878 1
1879 1
1880 2
1881 8
1882 2
1883 1
1884 4
1885 4
1886 7
1887 6
1888 6
1889 1
1891 3
1892 1
1893 5
1894 1
1895 3
1896 3
1897 1
1898 5
1899 3
1900 2
1901 2
1902 5
1903 4
1904 2
1906 2
1907 1
1908 2
1910 3
1912 1
1914 5
1915 3
1916 2
1917 5
1918 1
1919 1
1920 5
1921 5
1922 3
1923 1
1924 2
1925 2
1926 5
1927 6
1928 2
1929 5
1930 5
1931 6
1932 6
1933 9
1936 2
1937 1
1938 3
1939 2
1940 1
1941 2
1942 2
1943 3
1944 5
1945 5
1946 4
1947 4
1948 4
1949 1
1950 2
1951 5
1952 1
1953 1
1954 1
1955 3
1956 2
1958 4
1960 2
1961 1
1962 2
1963 2
1964 3
1965 2
1967 3
1968 3
1969 1
1970 1
1971 1
1972 3
1973 4
1975 2
1976 1
1977 3
1978 6
1979 4
1980 1
1981 3
1982 3
1983 3
1984 1
1985 3
1986 1
1987 2
1988 2
1989 1
1990 1
1991 5
1992 3
1993 3
1994 1
1995 5
1996 1
1997 3
1998 3
1999 1
2000 2
2001 1
2002 3
2003 2
2004 4
2005 3
2006 2
2007 5
2008 2
2009 2
2011 4
2013 1
2014 2
2015 2
2016 4
2017 3
2018 2
2019 1
2020 3
2021 3
2022 4
2023 3
2025 1
2026 2
2027 2
2028 3
2029 1
2030 1
2031 2
2032 3
2033 2
2034 2
2035 2
2036 5
2038 1
2039 1
2040 2
2041 2
2042 1
2043 6
2044 2
2045 1
2046 4
2047 2
2048 33
2049 4
2050 3
2051 1
2053 2
2054 1
2055 1
2056 1
2057 2
2058 3
2059 5
2060 3
2061 5
2063 2
2064 3
2066 1
2067 1
2068 1
2069 3
2070 2
2072 4
2073 2
2074 2
2075 3
2076 4
2077 1
2078 1
2079 2
2080 3
2081 4
2083 4
2084 3
2085 3
2086 2
2088 2
2089 4
2090 1
2091 1
2092 3
2093 3
2095 2
2096 3
2097 3
2098 2
2099 3
2100 3
2101 7
2102 1
2103 4
2104 5
2105 2
2107 1
2108 1
2109 1
2110 1
2111 3
2112 4
2113 5
2114 3
2116 1
2117 3
2118 2
2119 5
2120 1
2122 2
2123 2
2124 3
2125 1
2126 3
2127 4
2128 6
2129 2
2130 3
2131 1
2132 2
2133 4
2134 2
2135 1
2136 2
2137 4
2138 3
2139 1
2140 2
2141 4
2142 1
2143 6
2144 2
2145 2
2146 4
2148 3
2149 1
2150 1
2151 1
2152 2
2153 6
2154 2
2155 1
2156 2
2158 1
2160 2
2161 2
2162 1
2163 3
2164 2
2165 7
2166 5
2167 3
2168 5
2169 1
2170 2
2171 1
2172 3
2173 1
2174 1
2175 1
2176 4
2177 4
2178 1
2179 3
2180 5
2181 3
2182 2
2183 3
2185 4
2186 2
2187 2
2188 1
2189 1
2190 6
2191 3
2192 1
2193 4
2194 1
2196 2
2198 2
2199 4
2200 1
2201 1
2202 2
2203 5
2204 2
2206 3
2207 2
2208 1
2209 2
2210 3
2211 1
2212 4
2214 3
2215 3
2217 3
2219 2
2220 6
2221 2
2222 2
2223 1
2224 2
2225 1
2227 1
2228 2
2229 2
2232 4
2233 3
2234 2
2235 1
2236 4
2237 3
2238 3
2239 2
2240 2
2241 2
2242 1
2243 1
2244 1
2245 1
2247 2
2248 1
2249 7
2250 6
2251 3
2252 3
2253 1
2254 4
2257 2
2258 2
2259 1
2260 6
2261 1
2262 2
2263 1
2264 1
2265 3
2266 2
2267 1
2268 3
2269 4
2270 2
2271 1
2272 1
2273 2
2274 2
2275 2
2276 4
2277 1
2279 1
2280 2
2281 2
2282 1
2283 1
2284 2
2285 7
2286 5
2287 3
2289 3
2290 4
2291 4
2292 2
2295 1
2296 5
2298 3
2299 3
2300 2
2301 1
2302 3
2303 2
2304 1
2305 1
2306 2
2307 1
2308 4
2310 1
2311 1
2312 1
2313 3
2314 6
2315 3
2316 3
2317 4
2319 4
2320 2
2321 3
2322 3
2323 2
2325 2
2326 3
2327 2
2328 2
2329 2
2330 1
2331 6
2332 2
2333 2
2334 2
2335 4
2336 2
2337 5
2338 6
2339 1
2340 3
2341 4
2342 2
2343 1
2344 4
2346 1
2347 1
2348 2
2349 4
2350 2
2351 5
2352 2
2353 2
2355 2
2356 2
2358 3
2359 5
2360 2
2362 1
2363 4
2364 1
2365 5
2366 2
2367 4
2368 1
2369 1
2370 1
2371 2
2373 1
2374 2
2375 1
2377 1
2378 4
2380 1
2381 2
2382 2
2383 1
2385 3
2386 1
2387 8
2388 5
2389 3
2390 3
2391 4
2392 2
2393 4
2394 2
2397 2
2398 1
2399 3
2400 1
2402 5
2403 2
2404 3
2407 2
2408 2
2409 4
2411 2
2412 3
2413 1
2414 2
2416 5
2417 2
2418 3
2419 4
2420 4
2421 1
2422 2
2423 1
2424 3
2425 2
2426 4
2427 8
2428 3
2430 1
2431 3
2432 1
2433 2
2434 1
2435 2
2436 2
2437 2
2438 1
2440 4
2441 2
2443 1
2445 1
2446 3
2447 1
2448 2
2451 2
2452 1
2453 2
2454 5
2456 2
2458 3
2459 1
2460 3
2463 3
2464 2
2465 4
2466 3
2467 1
2468 4
2469 1
2470 1
2471 1
2472 3
2473 2
2475 3
2476 2
2477 1
2478 2
2479 3
2480 1
2481 1
2482 3
2483 1
2485 3
2486 3
2487 1
2488 4
2489 1
2490 1
2492 2
2493 2
2494 1
2495 1
2496 3
2497 2
2498 2
2499 2
2500 2
2501 2
2502 1
2504 1
2505 2
2508 3
2509 2
2510 4
2511 4
2512 2
2513 1
2514 2
2515 2
2516 1
2517 2
2518 1
2519 2
2520 1
2521 1
2522 1
2524 1
2525 1
2526 1
2527 2
2528 1
2529 1
2531 2
2533 1
2534 2
2535 3
2536 2
2538 2
2539 1
2540 4
2543 2
2545 2
2546 1
2548 2
2549 1
2551 1
2552 1
2553 3
2554 1
2555 2
2556 7
2557 2
2558 5
2559 3
2560 21
2562 1
2563 1
2564 1
2567 2
2568 4
2569 4
2570 2
2571 2
2572 2
2573 4
2574 6
2575 2
2576 3
2578 2
2579 3
2580 1
2581 5
2583 2
2584 3
2586 1
2587 2
2591 2
2592 3
2593 2
2595 4
2597 2
2598 1
2599 1
2600 2
2601 2
2603 2
2604 3
2605 4
2606 2
2608 2
2611 1
2612 2
2614 1
2615 1
2616 3
2617 1
2618 3
2620 4
2621 2
2623 1
2624 1
2625 2
2626 2
2627 3
2629 2
2630 1
2631 1
2632 4
2633 1
2635 3
2636 2
2637 2
2639 1
2640 3
2641 1
2642 1
2644 4
2645 2
2646 1
2647 1
2648 4
2652 3
2653 1
2654 4
2655 1
2656 1
2657 1
2658 1
2660 2
2661 2
2664 3
2665 1
2666 4
2667 5
2668 2
2669 3
2671 2
2672 2
2673 1
2674 2
2678 7
2681 4
2682 2
2684 2
2685 1
2686 4
2687 2
2688 2
2689 3
2690 2
2692 2
2694 1
2695 3
2696 1
2698 1
2699 3
2700 2
2702 2
2703 1
2704 1
2705 1
2706 1
2707 4
2709 2
2710 2
2711 1
2712 1
2713 1
2714 1
2717 2
2719 1
2721 1
2722 3
2723 4
2724 4
2726 2
2727 5
2729 1
2730 2
2732 3
2734 3
2735 2
2736 2
2738 2
2739 1
2741 1
2742 1
2744 2
2745 2
2746 1
2748 4
2749 1
2750 2
2752 3
2753 2
2754 5
2756 3
2757 1
2758 2
2761 2
2762 1
2763 3
2764 3
2765 2
2768 1
2769 3
2770 1
2772 2
2774 2
2775 1
2776 2
2777 2
2779 2
2781 4
2783 1
2784 2
2786 1
2787 2
2788 2
2789 2
2790 4
2791 3
2792 2
2793 5
2796 1
2797 4
2798 4
2799 2
2800 1
2801 1
2803 2
2804 1
2805 3
2806 1
2807 3
2811 1
2812 4
2813 3
2814 3
2817 2
2818 3
2820 4
2821 1
2824 2
2826 1
2828 1
2829 3
2831 1
2832 1
2833 2
2834 7
2836 4
2837 1
2839 1
2840 3
2843 1
2844 2
2845 1
2847 2
2848 1
2849 4
2850 2
2851 1
2852 2
2853 2
2854 1
2855 2
2856 2
2857 1
2858 1
2859 7
2860 2
2861 3
2862 1
2863 1
2865 2
2866 1
2868 1
2869 6
2870 4
2872 1
2873 3
2874 4
2876 1
2877 1
2879 1
2880 1
2881 3
2883 2
2884 1
2885 1
2886 2
2888 3
2889 1
2890 1
2894 1
2895 2
2896 1
2900 2
2901 1
2904 1
2905 2
2906 1
2907 4
2908 1
2914 1
2915 1
2917 1
2918 2
2919 2
2921 2
2922 2
2923 1
2924 4
2925 3
2926 2
2927 1
2928 3
2929 1
2930 2
2931 3
2932 4
2933 4
2934 2
2936 1
2937 2
2938 2
2939 3
2941 1
2942 1
2944 1
2945 4
2946 1
2948 2
2949 3
2950 1
2951 1
2952 1
2953 1
2955 1
2956 1
2957 1
2959 7
2960 1
2961 2
2962 4
2963 2
2964 5
2965 1
2966 2
2968 1
2970 2
2972 4
2973 2
2975 2
2977 3
2978 1
2979 2
2980 2
2981 2
2982 3
2984 1
2986 2
2987 1
2989 4
2990 1
2991 3
2992 5
2993 2
2994 2
2995 1
2996 3
2997 2
2999 1
3000 1
3001 1
3002 3
3003 1
3004 3
3006 1
3007 3
3008 1
3009 2
3010 5
3012 3
3014 4
3015 1
3016 3
3017 1
3018 1
3020 2
3024 1
3025 2
3027 2
3028 2
3030 2
3031 2
3034 1
3035 2
3037 1
3039 2
3042 1
3043 3
3044 2
3045 1
3046 4
3047 2
3048 1
3051 1
3052 3
3053 2
3054 2
3055 2
3056 1
3057 1
3058 6
3059 3
3061 2
3062 1
3063 2
3064 1
3065 1
3066 1
3067 1
3068 2
3069 1
3071 2
3072 21
3073 3
3074 2
3075 2
3076 3
3077 1
3080 5
3081 1
3082 2
3085 1
3086 3
3088 6
3089 1
3090 2
3091 1
3092 2
3094 1
3095 2
3096 4
3097 1
3098 3
3099 2
3100 1
3101 1
3105 1
3109 2
3110 5
3111 2
3112 2
3113 3
3115 1
3116 2
3117 1
3118 1
3119 3
3121 2
3122 2
3123 1
3124 3
3125 3
3126 1
3128 2
3131 2
3133 1
3136 3
3137 1
3139 4
3141 2
3142 1
3144 4
3145 2
3146 2
3147 1
3148 2
3149 2
3150 2
3152 2
3153 2
3157 4
3158 1
3159 1
3160 1
3161 1
3163 1
3165 1
3166 2
3167 2
3168 1
3170 2
3171 3
3172 3
3173 1
3174 3
3175 3
3176 3
3177 2
3178 1
3180 1
3181 2
3183 1
3184 1
3186 2
3187 4
3188 4
3189 1
3190 1
3191 4
3192 3
3194 5
3197 1
3198 2
3200 1
3202 1
3204 1
3205 4
3206 1
3207 1
3208 1
3209 3
3210 2
3211 1
3213 3
3215 4
3216 2
3218 1
3219 3
3220 3
3221 2
3222 1
3224 2
3225 1
3226 2
3227 3
3228 1
3232 2
3233 4
3234 2
3235 3
3237 2
3239 1
3240 1
3241 3
3242 2
3244 1
3245 3
3246 1
3248 2
3249 3
3250 5
3251 1
3252 2
3254 4
3255 2
3257 1
3258 2
3259 2
3260 3
3262 1
3264 2
3265 3
3267 3
3268 2
3269 1
3272 2
3273 3
3274 2
3275 3
3276 2
3277 3
3278 4
3279 3
3280 6
3281 1
3282 4
3283 2
3284 5
3285 3
3286 1
3287 1
3288 2
3289 1
3291 2
3292 2
3293 4
3295 2
3296 1
3297 2
3298 1
3299 1
3301 2
3304 2
3310 2
3311 1
3312 1
3313 1
3314 1
3315 6
3317 1
3320 2
3321 4
3322 2
3323 2
3324 2
3325 1
3326 1
3327 2
3328 1
3329 2
3330 1
3332 2
3333 2
3334 1
3335 1
3336 3
3338 1
3339 1
3344 1
3345 2
3346 2
3348 2
3350 1
3351 1
3352 5
3353 2
3354 5
3355 6
3356 6
3358 4
3360 1
3361 1
3363 2
3365 1
3366 1
3368 3
3369 1
3371 4
3372 3
3376 1
3377 1
3378 4
3380 2
3381 3
3382 1
3383 1
3384 1
3385 2
3386 1
3387 3
3388 1
3390 3
3391 2
3392 4
3394 5
3395 1
3397 2
3399 2
3400 4
3401 2
3402 1
3404 2
3405 1
3406 3
3407 3
3408 4
3409 1
3410 2
3412 2
3413 1
3415 1
3416 4
3418 2
3420 2
3422 3
3423 1
3424 2
3425 2
3426 1
3427 2
3428 2
3429 1
3431 3
3435 2
3436 1
3437 4
3439 2
3440 1
3443 6
3444 2
3445 3
3448 1
3449 1
3450 2
3451 1
3453 1
3455 2
3456 2
3457 3
3458 2
3460 1
3461 4
3463 2
3465 1
3466 1
3469 2
3470 1
3471 3
3472 2
3473 1
3474 1
3475 3
3476 2
3477 3
3478 1
3479 1
3482 2
3483 2
3484 1
3485 3
3486 1
3487 1
3488 1
3489 1
3490 2
3491 1
3492 2
3495 4
3496 3
3498 1
3500 2
3502 2
3503 3
3504 1
3505 3
3506 1
3507 1
3508 2
3510 1
3511 1
3512 2
3514 1
3516 2
3517 2
3518 3
3519 1
3521 1
3525 1
3526 1
3527 1
3529 2
3530 1
3532 1
3533 4
3535 1
3536 1
3537 4
3538 4
3539 2
3540 1
3541 2
3542 1
3543 1
3544 1
3547 1
3548 2
3549 2
3551 2
3552 3
3553 2
3554 1
3555 1
3557 2
3560 1
3561 2
3562 2
3564 2
3568 1
3569 1
3570 1
3571 2
3572 2
3574 2
3575 1
3576 2
3577 3
3578 3
3579 1
3580 2
3582 1
3583 1
3584 12
3586 1
3587 1
3588 1
3589 1
3591 2
3592 5
3593 2
3594 1
3595 4
3596 1
3598 1
3599 1
3600 1
3601 3
3603 1
3604 1
3605 2
3606 2
3607 4
3608 2
3611 1
3613 1
3614 5
3616 1
3619 1
3620 1
3623 1
3624 2
3625 2
3626 1
3630 1
3634 1
3635 3
3636 1
3637 1
3639 4
3641 1
3642 2
3644 1
3645 1
3646 2
3647 5
3649 1
3650 1
3651 3
3653 5
3654 2
3655 1
3656 1
3657 2
3658 4
3659 1
3660 1
3661 2
3662 2
3663 3
3668 1
3672 1
3674 3
3677 2
3678 1
3679 3
3680 2
3681 3
3682 1
3684 2
3686 4
3687 3
3688 2
3689 1
3690 3
3691 2
3692 2
3693 1
3694 3
3695 1
3697 2
3698 3
3700 4
3701 1
3702 2
3703 1
3704 5
3706 2
3707 2
3708 1
3710 1
3711 1
3712 3
3716 3
3717 1
3718 1
3720 3
3721 2
3722 3
3723 4
3724 1
3725 2
3726 3
3728 3
3729 3
3730 2
3732 2
3734 1
3735 1
3736 1
3737 1
3738 1
3739 2
3740 1
3742 2
3743 1
3744 1
3745 1
3746 3
3747 1
3750 1
3751 1
3753 2
3754 1
3755 1
3756 3
3757 1
3758 2
3759 3
3760 2
3763 1
3765 1
3766 2
3768 1
3770 1
3771 2
3773 1
3774 1
3775 4
3776 4
3777 1
3780 1
3781 1
3783 1
3784 3
3785 1
3786 1
3789 1
3790 1
3791 1
3792 2
3793 1
3796 1
3797 4
3798 1
3800 2
3801 2
3802 2
3804 1
3806 2
3807 3
3808 1
3810 1
3811 1
3813 1
3814 1
3815 1
3816 1
3817 1
3820 1
3821 1
3822 3
3823 1
3825 1
3826 1
3827 1
3828 3
3829 1
3830 4
3831 3
3832 1
3833 2
3835 2
3836 2
3837 1
3838 1
3839 3
3843 3
3847 2
3848 1
3850 3
3851 2
3853 3
3854 2
3855 4
3858 3
3859 1
3860 6
3862 1
3863 1
3868 1
3869 1
3870 1
3871 1
3873 2
3874 1
3875 1
3877 1
3879 2
3882 1
3883 3
3885 1
3888 1
3889 1
3891 1
3894 1
3895 2
3896 1
3897 1
3898 1
3899 5
3900 1
3901 1
3902 2
3903 1
3904 2
3906 2
3907 1
3909 1
3910 1
3911 3
3912 1
3913 3
3918 1
3919 1
3922 3
3923 1
3924 1
3926 2
3927 1
3928 2
3930 2
3934 1
3935 2
3936 1
3941 1
3942 2
3943 1
3946 1
3947 1
3948 2
3949 2
3951 2
3952 1
3953 2
3955 1
3960 3
3961 1
3962 1
3964 1
3966 4
3968 1
3969 2
3971 1
3973 2
3976 1
3978 1
3979 1
3982 1
3983 2
3985 1
3989 2
3990 1
3991 1
3993 1
3994 1
3997 3
3999 1
4000 5
4002 1
4003 2
4004 1
4005 1
4006 2
4007 1
4009 1
4010 1
4012 2
4013 1
4014 2
4016 1
4020 1
4022 2
4023 1
4025 1
4029 1
4030 1
4032 1
4033 8
4034 1
4037 2
4038 2
4040 1
4041 2
4042 2
4043 1
4048 2
4049 2
4051 1
4052 2
4053 2
4058 7
4059 1
4060 3
4061 1
4065 4
4069 1
4070 2
4071 2
4073 1
4074 3
4075 1
4076 1
4078 1
4079 3
4081 1
4082 2
4085 3
4087 2
4090 1
4092 3
4094 1
4095 3
4096 14
4101 1
4102 3
4104 2
4106 2
4108 2
4109 1
4111 3
4112 3
4117 2
4118 1
4122 5
4124 1
4126 2
4127 1
4128 1
4129 1
4130 3
4131 2
4132 4
4136 3
4139 2
4140 2
4143 2
4144 1
4145 1
4146 1
4149 1
4150 2
4151 2
4153 2
4157 2
4158 2
4160 3
4161 1
4164 3
4165 1
4169 2
4171 1
4172 1
4174 1
4175 2
4176 1
4180 1
4181 1
4183 3
4185 1
4186 2
4188 1
4189 1
4191 1
4192 2
4195 2
4196 3
4198 2
4199 1
4200 1
4201 2
4202 1
4204 1
4205 2
4206 2
4207 1
4208 1
4209 1
4213 1
4214 2
4215 3
4217 1
4218 2
4220 2
4221 2
4222 1
4225 1
4226 1
4231 2
4232 3
4233 1
4234 2
4236 2
4237 1
4239 2
4242 2
4244 1
4245 1
4247 1
4248 1
4249 1
4252 3
4256 2
4258 1
4259 2
4261 2
4266 1
4267 1
4268 1
4269 1
4270 1
4271 3
4273 1
4274 1
4275 1
4277 3
4279 1
4280 2
4281 2
4283 2
4284 1
4286 1
4287 1
4288 1
4290 1
4291 1
4292 2
4293 1
4294 1
4295 2
4297 5
4298 2
4299 1
4300 1
4301 1
4302 1
4306 2
4309 3
4312 1
4313 1
4314 1
4315 2
4317 2
4320 1
4322 3
4324 1
4328 3
4334 2
4336 2
4337 1
4339 1
4340 3
4342 1
4345 1
4347 1
4350 1
4352 2
4353 2
4354 1
4355 1
4356 1
4359 1
4361 1
4362 1
4364 3
4365 1
4366 1
4367 1
4371 2
4374 1
4375 1
4378 1
4379 1
4382 2
4383 2
4386 2
4387 1
4390 2
4394 1
4395 4
4397 2
4400 1
4401 1
4403 5
4404 1
4405 2
4406 1
4407 1
4409 1
4410 1
4414 2
4416 2
4419 3
4420 2
4421 2
4422 1
4423 1
4424 1
4427 2
4428 2
4429 2
4430 4
4431 2
4432 3
4434 1
4435 1
4441 1
4443 2
4444 1
4446 2
4447 1
4449 2
4451 2
4453 1
4455 3
4457 1
4460 1
4461 1
4464 4
4466 2
4467 1
4468 1
4469 1
4473 3
4474 2
4477 1
4479 1
4484 1
4485 1
4488 2
4489 1
4490 1
4491 1
4492 1
4493 2
4494 3
4496 1
4499 3
4501 1
4502 2
4503 3
4505 2
4506 1
4508 2
4510 2
4512 1
4516 1
4519 3
4520 2
4521 1
4522 1
4528 2
4529 2
4530 2
4532 3
4535 1
4537 2
4539 2
4540 1
4545 3
4548 1
4549 2
4551 1
4553 3
4554 1
4561 1
4563 3
4566 1
4567 1
4568 1
4569 2
4572 3
4573 1
4577 1
4578 1
4579 1
4581 1
4582 1
4584 1
4585 1
4591 2
4593 1
4594 2
4595 1
4597 1
4599 3
4607 3
4608 6
4609 7
4611 1
4613 1
4615 1
4617 1
4620 4
4621 1
4622 1
4623 1
4626 3
4630 1
4631 1
4635 2
4636 2
4637 1
4638 3
4643 2
4644 1
4646 3
4647 2
4648 1
4649 1
4650 3
4651 1
4652 1
4654 1
4655 1
4656 1
4657 1
4658 3
4659 1
4660 1
4661 4
4663 1
4666 1
4668 1
4670 1
4671 1
4672 2
4674 2
4676 1
4677 2
4678 1
4679 1
4683 3
4684 1
4685 2
4686 1
4687 1
4689 1
4690 1
4691 2
4694 3
4695 4
4699 1
4701 1
4702 1
4704 1
4705 1
4706 2
4708 2
4709 2
4711 1
4712 2
4715 2
4717 2
4718 2
4720 1
4721 1
4722 3
4723 1
4724 1
4727 3
4730 4
4731 1
4733 1
4734 1
4735 1
4737 1
4738 1
4740 2
4741 1
4742 2
4743 1
4744 1
4745 2
4746 2
4748 1
4749 2
4750 1
4751 1
4754 2
4755 1
4756 1
4758 8
4762 1
4763 3
4764 1
4765 1
4769 1
4772 3
4773 1
4774 1
4776 2
4777 1
4778 1
4779 1
4782 1
4784 1
4785 4
4786 1
4788 1
4795 1
4796 1
4798 1
4800 1
4801 3
4805 1
4807 2
4808 1
4811 2
4812 2
4813 1
4814 1
4817 2
4818 1
4820 1
4824 2
4825 3
4827 2
4828 1
4831 1
4835 2
4839 2
4840 3
4841 1
4843 2
4844 2
4845 1
4847 1
4848 2
4850 1
4851 1
4852 2
4853 2
4857 1
4858 1
4860 1
4861 1
4862 5
4864 1
4867 2
4868 1
4871 1
4872 1
4875 2
4876 2
4878 2
4879 1
4883 1
4885 1
4889 1
4891 2
4892 2
4896 2
4897 1
4898 1
4904 1
4906 1
4909 2
4910 1
4911 2
4913 2
4916 1
4917 2
4918 1
4919 1
4920 1
4922 1
4924 1
4925 1
4926 2
4928 1
4929 4
4934 2
4935 1
4937 2
4938 1
4939 2
4941 3
4948 1
4949 1
4950 1
4951 1
4952 3
4955 1
4956 1
4960 1
4962 1
4963 1
4964 2
4966 2
4968 4
4969 3
4970 1
4972 1
4974 1
4975 2
4976 1
4977 3
4978 3
4985 1
4986 3
4987 1
4991 1
4993 2
4994 1
4995 3
4997 2
4998 1
4999 2
5002 2
5004 1
5006 1
5007 1
5008 2
5009 1
5010 1
5011 3
5012 1
5014 1
5016 1
5018 1
5019 1
5022 1
5027 2
5030 2
5032 2
5035 1
5040 1
5041 1
5042 1
5044 1
5047 1
5048 3
5049 1
5052 1
5055 1
5056 1
5057 1
5058 2
5060 2
5066 2
5071 4
5073 3
5076 2
5077 2
5078 3
5079 1
5080 2
5084 1
5085 2
5086 1
5088 1
5090 1
5092 2
5093 3
5099 1
5101 1
5102 2
5103 1
5107 1
5109 1
5112 1
5113 2
5114 1
5115 1
5119 2
5120 5
5121 2
5124 1
5125 2
5126 1
5129 1
5130 1
5131 2
5134 1
5135 1
5139 1
5140 1
5141 4
5143 2
5144 3
5148 1
5152 1
5154 1
5157 1
5159 2
5160 1
5162 1
5163 2
5164 1
5167 2
5169 2
5170 1
5172 1
5173 1
5174 3
5175 1
5176 3
5177 1
5178 2
5182 1
5185 1
5186 1
5187 1
5188 1
5189 4
5190 3
5192 1
5193 1
5195 1
5197 2
5199 3
5200 2
5202 2
5204 1
5205 1
5208 1
5211 1
5213 1
5215 2
5216 1
5217 2
5220 1
5221 3
5224 2
5230 1
5232 1
5234 1
5239 1
5240 1
5243 1
5244 1
5246 1
5249 1
5251 1
5252 3
5253 2
5254 2
5260 1
5265 1
5266 1
5267 1
5269 4
5272 1
5274 1
5276 3
5278 1
5279 2
5280 1
5284 1
5285 2
5290 1
5291 1
5292 1
5294 2
5297 2
5298 1
5299 1
5303 3
5304 1
5307 1
5308 2
5311 1
5315 2
5316 1
5320 1
5321 1
5322 1
5326 1
5327 1
5334 1
5335 2
5339 2
5340 1
5346 3
5347 1
5351 2
5352 1
5355 2
5357 2
5359 1
5363 1
5370 1
5374 1
5379 1
5380 2
5382 2
5385 1
5389 3
5390 1
5393 1
5394 1
5395 2
5397 2
5398 2
5399 1
5400 1
5403 2
5404 1
5405 1
5406 1
5410 1
5411 2
5420 2
5421 2
5422 4
5423 1
5426 1
5428 2
5429 2
5430 1
5431 2
5434 1
5436 1
5438 1
5439 2
5442 1
5443 1
5444 1
5445 1
5447 1
5448 2
5451 1
5452 1
5456 1
5457 1
5460 1
5464 5
5467 1
5470 1
5474 2
5475 2
5479 2
5483 1
5484 1
5485 3
5487 3
5492 1
5493 1
5495 1
5503 3
5505 1
5506 1
5508 1
5509 1
5512 2
5516 2
5517 1
5519 1
5520 1
5521 2
5522 1
5524 3
5526 1
5528 1
5530 1
5531 1
5534 1
5535 1
5538 1
5548 1
5549 1
5550 1
5552 2
5553 1
5554 1
5557 1
5560 5
5563 1
5564 1
5565 3
5577 1
5579 1
5582 1
5583 1
5584 1
5588 1
5589 1
5590 1
5591 1
5592 2
5599 1
5603 1
5609 1
5612 1
5613 2
5620 1
5624 1
5628 1
5632 7
5638 3
5639 3
5640 1
5643 1
5650 1
5653 1
5654 3
5656 2
5657 1
5658 1
5659 1
5665 1
5669 1
5670 1
5676 1
5679 1
5681 2
5684 1
5685 2
5687 1
5691 1
5692 1
5693 1
5694 1
5695 2
5699 1
5700 1
5703 1
5704 1
5705 2
5707 1
5709 1
5713 1
5716 1
5718 1
5720 3
5722 1
5723 1
5724 1
5725 2
5729 1
5732 1
5738 2
5739 1
5746 1
5749 1
5750 1
5751 1
5752 2
5753 1
5754 1
5755 2
5756 1
5758 1
5762 1
5764 1
5765 1
5767 1
5776 1
5778 1
5784 1
5785 1
5791 1
5792 2
5796 2
5798 1
5800 1
5804 1
5805 2
5807 1
5812 1
5813 1
5817 1
5819 1
5821 1
5823 2
5825 2
5832 1
5834 2
5835 1
5837 1
5839 1
5843 2
5845 1
5849 2
5851 1
5859 2
5864 1
5867 1
5869 2
5877 1
5878 1
5879 1
5883 3
5887 1
5892 1
5895 1
5900 1
5905 1
5906 1
5907 1
5909 1
5911 1
5920 1
5923 2
5926 1
5927 1
5928 2
5929 1
5931 3
5935 1
5937 1
5940 1
5941 1
5948 1
5950 1
5952 1
5953 1
5954 3
5957 1
5959 1
5960 1
5964 1
5965 1
5966 1
5969 1
5970 2
5971 1
5972 2
5975 1
5976 1
5979 1
5981 1
5982 2
5986 1
5987 2
5988 1
5994 3
5997 1
5999 2
6001 3
6003 1
6006 1
6007 1
6012 1
6014 2
6015 1
6018 1
6020 2
6022 2
6024 1
6025 2
6026 3
6030 2
6031 2
6033 1
6035 1
6039 1
6042 1
6043 1
6045 2
6048 1
6051 2
6054 3
6055 2
6057 3
6060 1
6064 1
6065 1
6066 1
6067 1
6068 1
6070 1
6071 1
6072 3
6077 1
6078 1
6080 1
6081 1
6082 1
6083 1
6084 1
6085 1
6086 1
6088 1
6090 2
6091 1
6093 2
6095 1
6098 1
6099 1
6101 1
6102 2
6103 1
6105 1
6106 1
6107 1
6108 4
6110 2
6111 3
6113 1
6115 1
6116 1
6119 5
6120 2
6121 1
6122 3
6124 1
6125 1
6126 3
6129 2
6135 1
6136 1
6141 1
6144 3
6147 2
6151 1
6153 3
6161 1
6162 2
6164 2
6166 1
6168 2
6170 1
6172 1
6177 1
6180 1
6182 2
6183 1
6189 2
6196 1
6197 1
6199 1
6201 2
6202 1
6213 3
6214 1
6217 2
6223 1
6230 1
6232 1
6238 1
6239 1
6240 1
6241 1
6243 1
6246 1
6247 1
6249 1
6253 2
6254 1
6255 3
6257 1
6258 1
6261 2
6268 2
6270 2
6273 1
6275 1
6278 2
6281 2
6290 2
6294 1
6296 1
6300 1
6302 1
6303 1
6312 2
6314 1
6315 2
6316 2
6318 1
6319 1
6320 2
6321 1
6322 1
6333 1
6340 2
6342 1
6344 1
6345 1
6350 1
6351 2
6352 1
6356 1
6357 1
6358 2
6361 1
6362 1
6363 1
6367 1
6369 1
6371 3
6372 1
6380 1
6384 1
6386 1
6392 2
6394 1
6396 1
6398 2
6400 1
6401 2
6402 1
6407 1
6409 1
6412 1
6415 2
6416 1
6424 2
6425 1
6427 2
6429 2
6431 1
6432 2
6434 1
6435 1
6439 2
6445 1
6454 1
6455 1
6457 1
6460 1
6461 2
6462 2
6463 1
6473 1
6474 1
6476 2
6477 2
6479 1
6483 1
6485 1
6490 1
6495 1
6496 1
6498 2
6500 1
6505 1
6506 1
6510 2
6511 1
6517 1
6523 1
6524 1
6526 1
6527 1
6528 1
6529 2
6530 2
6535 1
6540 1
6541 2
6543 1
6544 1
6551 1
6552 1
6555 1
6557 1
6558 1
6559 1
6561 1
6562 1
6568 2
6570 1
6575 1
6579 1
6580 3
6582 1
6585 1
6586 3
6587 1
6588 1
6592 1
6596 1
6602 1
6605 1
6608 1
6613 1
6615 1
6619 2
6620 1
6621 1
6624 1
6626 1
6627 1
6628 1
6629 1
6630 1
6632 2
6636 1
6637 1
6638 1
6644 1
6648 1
6650 1
6651 1
6653 1
6654 1
6655 1
6656 2
6657 1
6668 1
6673 1
6676 3
6686 1
6687 1
6689 1
6691 1
6692 1
6697 1
6698 1
6702 1
6704 1
6705 1
6707 1
6715 1
6717 1
6718 1
6720 1
6721 1
6723 1
6725 1
6729 1
6732 1
6734 3
6737 1
6742 1
6744 1
6749 1
6758 1
6760 2
6762 1
6766 1
6770 1
6771 1
6774 1
6775 1
6777 2
6778 2
6780 2
6781 1
6782 1
6784 2
6788 2
6796 1
6804 2
6805 1
6806 1
6810 2
6812 1
6813 1
6817 1
6823 1
6828 1
6831 2
6833 1
6835 1
6836 3
6840 1
6842 2
6844 1
6846 2
6847 1
6849 1
6850 1
6853 1
6854 1
6856 3
6857 1
6864 1
6865 2
6866 1
6868 2
6869 2
6872 1
6874 1
6877 1
6879 1
6886 3
6890 1
6894 1
6895 1
6896 2
6902 1
6904 1
6907 1
6908 1
6916 1
6923 1
6926 1
6928 1
6932 1
6934 1
6936 2
6937 2
6938 1
6940 1
6944 1
6950 1
6952 1
6954 2
6958 3
6959 1
6961 2
6962 1
6966 2
6973 1
6979 1
6980 2
6983 1
6985 1
6993 1
7001 1
7008 1
7012 2
7013 1
7014 1
7015 1
7018 1
7019 1
7022 1
7028 1
7032 1
7034 2
7035 1
7040 2
7041 3
7050 1
7052 1
7054 1
7055 1
7056 1
7062 3
7064 1
7065 1
7066 1
7069 1
7070 2
7077 2
7083 1
7084 1
7085 1
7086 1
7088 2
7091 1
7092 1
7093 1
7095 1
7096 3
7097 1
7099 1
7100 1
7103 1
7105 1
7112 2
7113 1
7114 5
7117 1
7121 1
7122 1
7123 3
7126 2
7127 1
7128 1
7129 1
7130 1
7134 1
7138 1
7145 1
7147 1
7148 3
7152 1
7153 2
7154 2
7168 4
7174 1
7177 1
7182 1
7183 1
7185 1
7189 1
7192 1
7195 1
7196 2
7198 1
7200 1
7201 1
7202 2
7205 2
7206 1
7212 1
7214 2
7218 1
7220 1
7221 1
7223 1
7225 1
7226 2
7231 1
7234 2
7246 1
7249 1
7252 1
7264 1
7267 2
7269 1
7276 2
7279 1
7281 1
7282 1
7284 1
7285 1
7286 1
7289 1
7292 1
7293 1
7296 1
7299 1
7304 1
7311 2
7312 1
7313 1
7316 1
7321 1
7322 1
7323 1
7326 1
7328 4
7330 2
7333 2
7338 1
7343 1
7344 2
7345 1
7348 1
7350 1
7353 1
7355 1
7361 1
7366 1
7376 1
7382 2
7386 1
7387 1
7390 1
7391 2
7398 1
7408 1
7410 1
7412 1
7417 1
7418 1
7423 1
7425 1
7426 1
7427 1
7428 1
7430 2
7433 2
7443 1
7444 2
7454 1
7455 2
7457 1
7460 2
7465 1
7470 2
7472 1
7474 2
7484 1
7488 2
7490 1
7491 1
7494 1
7499 1
7501 2
7503 2
7508 2
7510 2
7513 2
7514 1
7515 1
7516 2
7520 1
7521 2
7524 2
7527 1
7528 2
7530 1
7531 2
7533 2
7534 1
7537 1
7547 1
7552 2
7553 1
7555 1
7556 1
7562 1
7564 2
7565 2
7566 2
7567 1
7569 1
7578 1
7580 1
7584 1
7587 1
7589 2
7593 1
7605 1
7606 4
7614 1
7615 1
7616 1
7618 1
7623 1
7627 1
7630 2
7632 1
7635 1
7637 1
7638 1
7646 1
7647 1
7648 1
7653 1
7656 1
7658 1
7659 1
7667 2
7668 1
7669 1
7676 1
7677 1
7678 1
7679 1
7680 1
7681 1
7688 1
7694 1
7696 1
7700 1
7705 1
7707 1
7711 2
7714 1
7717 3
7719 1
7722 1
7723 1
7725 2
7728 2
7729 1
7731 1
7733 1
7734 1
7736 1
7737 1
7739 1
7740 1
7745 1
7746 1
7747 1
7748 3
7755 1
7756 1
7758 1
7760 1
7762 1
7764 1
7768 1
7784 1
7791 2
7794 2
7796 1
7797 1
7804 1
7809 1
7812 1
7813 1
7815 1
7816 1
7817 1
7819 1
7824 2
7829 1
7834 1
7841 1
7846 1
7851 1
7854 1
7857 1
7861 1
7865 1
7868 1
7875 1
7885 1
7886 1
7889 1
7891 2
7892 3
7893 1
7898 1
7900 1
7911 1
7921 1
7922 1
7923 1
7924 2
7925 1
7926 1
7932 2
7934 1
7936 2
7937 1
7938 1
7939 1
7949 1
7960 1
7962 1
7965 2
7969 2
7970 1
7972 1
7973 2
7975 1
7979 1
7984 1
7985 1
7993 1
7999 1
8000 1
8004 1
8005 2
8007 1
8008 1
8011 1
8016 1
8018 1
8022 1
8025 1
8026 1
8027 1
8034 1
8037 1
8045 2
8050 1
8059 1
8062 1
8066 1
8067 1
8068 2
8070 2
8071 1
8073 1
8080 3
8083 1
8084 1
8085 1
8086 1
8090 2
8091 2
8095 1
8097 1
8100 3
8105 1
8106 1
8111 1
8116 1
8118 1
8127 1
8132 1
8135 1
8136 1
8137 2
8138 1
8140 1
8143 1
8144 1
8147 1
8152 1
8154 2
8157 1
8158 1
8164 1
8166 1
8169 1
8172 1
8179 1
8182 1
8185 2
8187 1
8189 1
8192 8
8193 1
8208 1
8212 1
8215 2
8216 1
8220 1
8223 1
8229 1
8230 1
8235 1
8238 1
8242 1
8250 1
8252 1
8253 1
8255 1
8258 1
8260 1
8261 2
8263 1
8266 1
8269 2
8274 1
8275 1
8276 1
8279 1
8281 1
8286 1
8288 1
8293 1
8296 2
8298 2
8302 1
8304 1
8305 1
8307 1
8311 2
8320 2
8323 1
8332 1
8334 1
8336 3
8338 1
8339 1
8341 1
8344 2
8345 1
8348 1
8349 6
8350 10
8354 1
8355 1
8358 1
8362 1
8368 1
8369 1
8371 2
8376 1
8381 1
8382 2
8385 1
8386 1
8390 1
8391 1
8393 1
8395 1
8403 1
8405 1
8406 3
8410 1
8412 2
8419 1
8429 1
8434 3
8441 1
8442 1
8445 1
8447 1
8449 1
8456 1
8458 1
8463 1
8467 1
8473 2
8476 1
8477 1
8480 1
8486 1
8498 1
8502 1
8504 1
8505 1
8511 1
8513 1
8517 1
8520 1
8522 1
8525 1
8529 1
8536 1
8542 3
8545 1
8547 1
8549 1
8556 1
8562 1
8567 1
8574 1
8575 1
8576 1
8578 1
8581 1
8584 2
8592 1
8598 1
8602 1
8603 1
8608 1
8610 1
8613 3
8615 1
8619 1
8622 1
8623 1
8625 1
8632 1
8633 1
8639 1
8643 1
8645 1
8662 1
8663 1
8666 1
8670 1
8671 2
8672 1
8677 1
8680 1
8681 1
8682 1
8701 2
8702 1
8704 3
8708 1
8714 1
8715 1
8721 1
8723 1
8724 2
8728 2
8731 1
8744 1
8746 2
8749 1
8754 1
8758 2
8760 1
8763 1
8767 1
8773 1
8786 1
8802 1
8817 1
8819 1
8824 2
8826 1
8829 2
8831 1
8840 1
8847 1
8852 1
8858 1
8867 1
8870 1
8875 1
8877 1
8879 1
8885 1
8893 1
8894 1
8898 1
8902 1
8905 3
8914 2
8920 1
8923 1
8924 1
8930 1
8932 1
8933 1
8934 1
8939 1
8942 1
8945 1
8948 1
8952 1
8953 1
8954 1
8955 1
8963 2
8965 1
8973 3
8974 1
8979 1
8986 1
8991 1
8992 1
8996 1
8999 1
9000 1
9002 1
9012 2
9016 1
9017 2
9019 1
9028 1
9031 1
9037 1
9038 1
9039 1
9040 1
9043 1
9045 1
9055 1
9058 1
9061 2
9063 1
9068 1
9075 1
9079 1
9083 1
9086 1
9087 1
9089 1
9103 1
9108 1
9122 1
9124 1
9126 1
9130 1
9141 1
9143 3
9146 1
9151 1
9160 1
9164 1
9166 1
9174 1
9180 1
9186 1
9187 1
9189 3
9193 1
9195 1
9197 1
9205 1
9206 1
9209 1
9216 1
9219 2
9220 1
9235 2
9237 1
9238 1
9239 1
9242 1
9248 1
9260 1
9262 1
9268 1
9271 1
9275 2
9277 1
9279 1
9285 2
9291 1
9292 1
9304 1
9306 1
9315 2
9316 2
9317 2
9318 1
9320 2
9323 2
9331 1
9334 1
9337 1
9344 1
9345 1
9352 1
9354 1
9358 1
9362 1
9363 2
9364 2
9366 1
9367 1
9374 1
9376 1
9377 1
9378 2
9379 1
9380 1
9382 1
9383 2
9384 1
9385 1
9388 1
9392 1
9416 1
9418 1
9419 1
9420 1
9421 1
9431 2
9434 1
9444 2
9446 1
9448 1
9450 1
9455 1
9456 1
9458 1
9460 1
9464 1
9482 1
9489 1
9491 1
9494 1
9495 1
9496 1
9500 1
9502 1
9507 1
9514 1
9515 1
9516 2
9520 1
9523 1
9526 1
9527 1
9533 1
9536 2
9537 1
9545 1
9553 1
9557 1
9561 1
9567 1
9572 1
9575 1
9580 1
9583 1
9585 2
9592 1
9598 1
9600 1
9616 1
9619 1
9624 1
9626 2
9628 2
9634 2
9642 1
9646 1
9653 1
9655 1
9656 1
9657 2
9658 1
9662 1
9663 3
9664 1
9665 2
9666 1
9671 1
9672 1
9673 1
9675 1
9678 1
9679 1
9683 1
9685 1
9687 1
9692 2
9695 1
9705 1
9706 1
9708 2
9718 1
9721 1
9723 1
9729 1
9734 1
9743 1
9744 2
9745 1
9752 1
9753 1
9759 1
9770 1
9777 1
9789 1
9794 1
9796 2
9797 1
9798 2
9802 2
9806 1
9813 1
9823 1
9836 1
9837 1
9841 1
9843 2
9849 3
9858 1
9860 1
9864 1
9877 2
9878 2
9879 1
9882 2
9884 2
9891 1
9896 1
9899 1
9902 2
9904 3
9910 1
9911 1
9912 1
9914 2
9915 1
9918 1
9924 2
9937 1
9938 1
9953 2
9955 1
9958 1
9965 4
9966 1
9969 1
9973 3
9982 2
9984 1
9988 1
9989 1
9992 2
9995 2
9997 1
10000 1
10005 1
10006 1
10017 2
10018 1
10024 1
10030 1
10033 1
10047 1
10056 1
10060 1
10062 2
10064 1
10065 1
10069 1
10072 1
10073 1
10080 1
10085 1
10086 1
10091 1
10092 1
10093 1
10095 2
10102 1
10104 1
10117 1
10120 2
10121 1
10122 1
10128 1
10132 1
10134 1
10136 2
10139 1
10147 2
10153 1
10156 1
10158 1
10168 1
10180 1
10183 2
10185 1
10187 1
10193 1
10204 2
10214 3
10219 1
10222 1
10224 1
10240 6
10244 1
10245 1
10248 1
10259 1
10261 1
10263 1
10269 1
10270 1
10293 2
10294 1
10295 1
10297 1
10301 1
10302 1
10309 1
10314 1
10315 1
10316 1
10330 1
10342 1
10344 1
10345 2
10347 1
10351 1
10353 1
10362 1
10364 1
10370 1
10376 1
10378 1
10384 2
10392 1
10398 1
10403 1
10408 1
10416 1
10422 1
10433 2
10435 1
10438 1
10455 1
10456 1
10460 1
10461 1
10463 1
10465 1
10467 1
10471 1
10475 1
10480 1
10484 1
10489 1
10493 1
10503 1
10506 1
10512 2
10513 1
10515 1
10516 2
10519 1
10521 1
10528 1
10532 1
10546 2
10550 1
10552 1
10554 1
10555 1
10558 2
10559 2
10565 1
10567 1
10568 1
10569 1
10571 2
10572 1
10589 1
10592 1
10593 1
10601 1
10602 1
10608 2
10612 1
10618 1
10621 1
10628 1
10629 1
10631 1
10632 2
10642 2
10643 1
10655 1
10656 1
10670 1
10672 1
10673 1
10675 1
10683 1
10690 1
10691 1
10700 1
10702 4
10703 1
10707 1
10714 1
10720 1
10726 5
10729 1
10742 1
10745 1
10748 1
10753 2
10760 1
10765 1
10767 1
10768 1
10775 1
10780 1
10789 1
10791 1
10792 1
10797 2
10800 1
10806 1
10811 2
10821 1
10829 1
10834 1
10843 1
10860 1
10864 1
10865 1
10872 1
10874 1
10883 1
10886 1
10887 1
10891 1
10896 1
10899 1
10909 1
10916 1
10918 1
10928 1
10930 1
10937 2
10943 1
10946 1
10948 1
10950 1
10964 2
10979 1
10988 1
10992 1
10995 2
10998 2
11010 1
11019 1
11020 1
11027 1
11032 1
11042 1
11050 1
11058 3
11064 1
11068 1
11071 1
11075 1
11077 1
11078 1
11081 1
11084 4
11093 1
11099 1
11103 1
11105 1
11109 2
11119 1
11121 1
11127 1
11132 1
11135 1
11140 1
11144 1
11145 2
11150 1
11153 1
11156 1
11160 1
11167 1
11182 1
11194 1
11202 4
11216 1
11221 1
11238 2
11241 1
11243 1
11244 1
11253 2
11258 1
11264 2
11266 1
11267 1
11285 1
11289 1
11292 2
11296 1
11300 1
11309 2
11318 2
11324 2
11326 1
11328 1
11332 1
11345 1
11348 1
11350 1
11364 1
11366 1
11373 1
11379 1
11383 1
11385 1
11387 1
11388 2
11389 1
11391 1
11402 2
11403 1
11407 1
11410 1
11413 2
11417 1
11421 1
11431 1
11433 1
11436 1
11437 2
11440 1
11442 1
11446 1
11450 1
11453 1
11467 1
11478 1
11481 1
11492 1
11496 1
11499 2
11500 1
11513 1
11525 2
11535 1
11536 1
11540 1
11557 1
11560 2
11564 1
11568 1
11596 1
11602 1
11615 2
11620 1
11625 1
11630 1
11638 1
11641 2
11647 2
11648 2
11651 1
11658 1
11665 1
11680 1
11684 1
11690 1
11705 1
11710 1
11712 2
11716 2
11719 1
11724 1
11727 1
11738 1
11745 2
11748 1
11757 1
11760 1
11765 1
11766 1
11768 1
11776 2
11783 1
11796 2
11797 1
11798 1
11799 1
11806 2
11810 1
11815 1
11821 1
11834 1
11838 1
11842 1
11844 1
11853 1
11863 1
11879 1
11881 1
11893 1
11894 1
11905 1
11906 1
11915 1
11935 1
11947 2
11967 1
11970 1
11986 1
11991 1
12000 1
12009 1
12015 1
12017 1
12018 1
12031 2
12034 1
12037 1
12042 1
12052 1
12059 1
12064 2
12068 1
12074 1
12082 1
12090 1
12103 1
12104 1
12112 1
12118 2
12126 1
12127 2
12129 1
12132 1
12140 2
12141 2
12145 1
12150 2
12151 1
12154 1
12167 1
12173 1
12176 1
12180 1
12193 1
12195 1
12204 1
12205 1
12212 2
12217 1
12224 1
12229 2
12234 1
12236 1
12237 2
12238 1
12240 1
12244 1
12246 1
12249 1
12252 1
12256 1
12257 1
12263 2
12269 1
12279 1
12287 1
12288 3
12289 1
12295 2
12297 3
12302 1
12305 1
12309 1
12312 3
12316 1
12320 1
12339 1
12342 1
12345 1
12348 1
12351 1
12358 1
12361 1
12365 1
12372 1
12373 2
12381 1
12383 1
12385 1
12396 1
12397 1
12407 1
12409 1
12410 1
12412 1
12422 1
12426 1
12428 1
12431 1
12436 1
12447 1
12453 1
12454 3
12456 1
12468 1
12472 1
12478 1
12481 1
12484 2
12488 1
12489 1
12493 1
12501 1
12508 1
12511 1
12515 3
12529 1
12532 1
12533 1
12538 1
12551 1
12559 1
12566 1
12569 1
12574 1
12577 1
12597 1
12608 1
12631 1
12657 1
12659 1
12662 1
12667 1
12670 1
12673 1
12678 4
12679 1
12686 2
12688 1
12704 1
12705 1
12712 1
12719 1
12730 1
12735 1
12741 1
12742 1
12761 1
12771 1
12772 2
12775 2
12776 1
12778 1
12781 1
12784 1
12787 1
12792 1
12802 1
12828 1
12830 1
12831 1
12835 1
12838 1
12843 1
12852 1
12860 1
12864 1
12867 2
12868 1
12873 1
12890 1
12893 1
12905 1
12911 1
12926 1
12928 1
12929 1
12942 1
12954 1
12956 1
12963 1
12975 1
12993 1
13012 2
13023 1
13032 1
13037 1
13038 1
13040 1
13046 1
13069 1
13070 1
13091 1
13104 2
13107 1
13111 1
13115 1
13119 1
13120 1
13122 1
13123 1
13127 2
13128 2
13132 1
13142 1
13155 1
13161 1
13162 1
13170 1
13172 2
13178 1
13192 1
13201 2
13228 1
13229 1
13230 1
13243 2
13276 1
13277 1
13283 1
13293 1
13301 1
13305 1
13319 1
13331 1
13338 1
13340 1
13346 1
13353 1
13357 1
13365 1
13374 2
13385 1
13407 1
13415 1
13416 1
13417 1
13420 2
13421 1
13428 2
13434 2
13451 1
13459 1
13460 1
13463 1
13471 1
13472 1
13479 1
13486 1
13488 1
13502 1
13509 2
13514 1
13534 1
13536 1
13541 1
13607 1
13609 1
13614 1
13618 1
13620 1
13624 1
13630 2
13633 3
13639 1
13651 1
13654 1
13656 2
13667 1
13668 1
13673 1
13676 1
13686 1
13699 1
13700 1
13717 1
13722 2
13723 1
13730 2
13733 1
13735 1
13736 1
13752 1
13762 1
13771 1
13779 1
13780 1
13785 1
13805 1
13809 1
13820 1
13833 2
13843 1
13844 9
13847 2
13852 1
13857 1
13870 1
13872 1
13874 2
13877 1
13887 2
13891 1
13908 1
13913 1
13919 1
13933 1
13938 1
13965 1
13988 2
14012 1
14024 1
14030 2
14039 1
14054 2
14059 2
14077 1
14087 2
14101 1
14103 1
14112 1
14116 1
14167 1
14178 1
14184 1
14200 1
14203 1
14212 1
14217 1
14227 3
14234 2
14237 1
14241 1
14264 2
14280 1
14281 1
14287 1
14289 1
14294 1
14299 2
14317 1
14321 2
14323 1
14324 2
14325 1
14329 1
14332 1
14337 1
14346 1
14385 1
14392 1
14416 1
14435 1
14438 1
14444 2
14446 2
14467 1
14472 1
14474 1
14478 1
14487 1
14503 1
14504 4
14508 1
14511 2
14514 1
14515 2
14518 1
14520 1
14524 1
14526 2
14536 1
14556 1
14558 1
14569 1
14576 1
14581 1
14585 1
14596 1
14597 1
14601 1
14602 1
14603 3
14610 2
14612 1
14614 1
14621 1
14623 3
14624 1
14643 3
14651 1
14652 1
14653 2
14657 1
14660 1
14670 1
14671 1
14700 1
14706 1
14725 1
14732 1
14769 1
14778 1
14810 2
14819 1
14826 1
14837 1
14840 1
14861 1
14884 1
14889 1
14895 2
14897 1
14909 1
14926 1
14934 1
14939 1
14943 1
14963 1
14974 1
14977 1
15003 1
15005 1
15021 1
15025 1
15042 1
15053 1
15055 1
15077 1
15083 1
15092 1
15096 1
15111 1
15116 2
15123 1
15127 1
15131 2
15151 1
15175 1
15179 1
15180 1
15206 1
15208 2
15213 1
15217 2
15218 1
15235 1
15239 1
15242 1
15252 1
15266 1
15281 1
15284 1
15288 1
15307 1
15318 2
15338 1
15355 1
15356 2
15365 1
15367 1
15405 2
15406 1
15416 1
15428 1
15432 1
15454 1
15457 2
15462 1
15493 1
15516 1
15519 1
15522 1
15525 2
15534 1
15550 1
15561 2
15571 1
15576 1
15597 1
15612 1
15625 1
15634 3
15679 1
15680 1
15689 1
15697 1
15714 1
15721 1
15757 1
15765 1
15807 1
15816 1
15827 1
15831 1
15832 1
15835 1
15837 1
15860 1
15863 1
15871 1
15882 1
15896 1
15930 2
15933 1
15948 1
15955 1
15956 2
15965 1
15967 1
15978 1
15984 1
15992 1
15997 1
16038 1
16043 1
16051 1
16056 1
16058 2
16073 1
16075 1
16084 1
16087 1
16088 1
16091 1
16093 2
16099 2
16117 2
16120 1
16121 2
16124 1
16138 1
16150 1
16158 1
16167 1
16168 1
16183 1
16191 1
16203 1
16204 1
16220 1
16223 1
16229 1
16238 1
16256 2
16287 2
16290 2
16306 1
16335 1
16350 1
16360 1
16378 1
16384 3
16402 1
16405 1
16409 1
16424 1
16429 1
16431 1
16433 2
16437 1
16446 1
16449 1
16458 1
16468 1
16472 1
16495 1
16516 1
16526 1
16556 1
16558 1
16562 1
16567 1
16575 1
16605 2
16606 2
16610 2
16624 1
16628 1
16638 2
16645 2
16670 1
16680 1
16693 1
16712 1
16719 1
16721 1
16740 1
16758 1
16772 2
16773 1
16792 1
16823 1
16831 1
16845 1
16850 1
16860 1
16910 1
16914 1
16920 1
16946 1
16961 2
16964 1
16973 1
16988 2
16989 1
16998 1
17005 1
17007 1
17013 1
17022 2
17026 2
17040 1
17044 1
17045 2
17046 1
17061 1
17086 1
17098 1
17100 1
17118 1
17130 1
17158 1
17184 1
17185 1
17191 1
17213 1
17217 1
17218 1
17226 1
17240 2
17244 1
17252 1
17267 1
17279 1
17281 1
17292 1
17293 1
17300 1
17303 1
17320 1
17358 1
17379 2
17380 1
17381 1
17416 1
17435 1
17438 1
17440 1
17455 1
17456 1
17469 1
17519 1
17553 1
17559 1
17561 1
17565 1
17566 1
17579 2
17588 1
17598 1
17612 1
17614 1
17623 1
17626 1
17638 1
17651 1
17661 1
17665 1
17669 1
17677 1
17692 1
17699 1
17701 1
17706 1
17731 1
17733 1
17750 1
17763 2
17772 1
17794 1
17804 2
17817 1
17832 1
17860 1
17868 2
17899 1
17913 1
17916 1
17917 1
17942 1
17982 4
17987 1
18009 1
18053 1
18062 1
18074 1
18102 1
18105 2
18116 1
18143 1
18146 1
18147 1
18168 1
18185 1
18193 1
18199 3
18205 1
18226 1
18253 1
18256 2
18262 1
18275 1
18284 2
18294 1
18303 1
18320 1
18328 2
18350 1
18354 1
18355 1
18372 1
18393 1
18404 1
18416 1
18418 1
18425 1
18433 1
18434 1
18446 1
18455 1
18496 1
18499 1
18502 1
18503 1
18521 1
18540 1
18556 1
18565 2
18581 1
18584 1
18590 1
18604 2
18606 1
18628 1
18633 1
18635 1
18638 1
18645 2
18695 1
18709 1
18721 1
18725 1
18752 1
18759 1
18765 2
18772 1
18780 1
18794 2
18822 1
18837 1
18844 1
18847 3
18855 1
18857 1
18862 1
18889 1
18906 1
18918 1
18920 1
18940 1
18982 1
18991 1
18995 2
19015 1
19027 1
19064 1
19080 2
19085 2
19089 1
19099 1
19103 1
19107 1
19110 1
19111 2
19114 1
19118 1
19172 1
19178 1
19179 1
19191 1
19204 1
19226 2
19228 3
19239 1
19242 1
19248 1
19278 1
19297 1
19313 2
19324 1
19331 1
19342 1
19358 1
19363 1
19377 1
19381 2
19387 1
19409 1
19430 1
19434 1
19436 1
19473 1
19492 1
19519 1
19520 1
19535 1
19538 1
19565 1
19610 2
19626 1
19632 2
19648 1
19675 1
19694 1
19712 1
19726 1
19740 1
19748 1
19772 1
19799 1
19801 1
19819 1
19829 1
19839 1
19845 1
19850 1
19852 1
19871 1
19906 1
19915 1
19926 1
19936 1
19939 1
19945 1
20001 1
20008 1
20046 1
20061 1
20074 1
20075 1
20083 1
20097 3
20101 1
20104 1
20112 1
20113 1
20128 3
20135 1
20144 1
20160 1
20189 1
20207 1
20226 1
20239 1
20245 1
20250 1
20260 1
20290 2
20295 1
20336 1
20351 1
20362 1
20379 1
20392 1
20405 1
20410 1
20460 1
20479 1
20519 1
20596 1
20611 1
20638 1
20641 1
20649 1
20666 2
20677 1
20694 1
20729 1
20746 1
20758 1
20780 4
20782 1
20783 1
20791 1
20801 1
20812 2
20836 1
20861 1
20874 1
20882 1
20886 1
20901 1
20908 3
20910 1
20920 1
20928 1
20939 1
20999 1
21021 1
21056 1
21064 1
21082 1
21133 1
21154 1
21165 1
21206 2
21245 1
21256 1
21267 1
21284 1
21306 2
21323 1
21328 2
21330 1
21332 1
21341 1
21343 2
21354 2
21376 1
21385 1
21408 1
21418 1
21424 2
21446 1
21448 1
21455 2
21457 2
21463 1
21511 1
21536 1
21560 1
21612 1
21616 1
21624 1
21626 1
21628 1
21635 1
21647 1
21656 1
21659 1
21666 1
21667 1
21684 1
21688 1
21728 1
21733 1
21767 1
21823 1
21863 1
21882 1
21892 1
21897 1
21902 1
21912 1
21924 1
21956 1
21977 1
21989 2
21996 1
22003 1
22012 1
22025 1
22045 1
22046 1
22061 1
22072 1
22079 1
22084 1
22103 1
22131 1
22166 1
22171 1
22191 1
22196 1
22244 1
22266 1
22290 1
22305 1
22306 2
22331 1
22339 1
22368 1
22386 1
22401 1
22425 1
22430 1
22455 1
22457 1
22469 1
22485 1
22510 1
22524 1
22537 1
22554 1
22617 1
22661 2
22669 1
22679 1
22686 2
22690 1
22700 1
22717 1
22771 1
22773 1
22775 1
22781 1
22817 2
22820 2
22852 1
22860 1
22906 1
22907 1
22916 1
23007 1
23068 1
23080 2
23093 1
23100 1
23112 1
23124 1
23129 1
23136 1
23152 1
23164 1
23165 1
23169 2
23171 1
23201 1
23209 2
23281 1
23298 1
23369 1
23389 1
23396 1
23413 1
23428 1
23446 1
23552 1
23564 1
23571 1
23573 1
23588 1
23651 1
23684 1
23690 1
23698 1
23703 1
23717 1
23720 1
23738 1
23760 1
23773 2
23795 1
23819 1
23847 1
23871 1
23895 1
23902 1
23917 1
23921 1
23942 1
23946 3
23988 1
23995 1
24008 1
24038 1
24066 1
24095 1
24108 1
24109 1
24210 1
24217 1
24251 1
24259 1
24338 1
24347 1
24403 1
24424 1
24425 1
24454 1
24489 1
24552 1
24576 54
24581 1
24610 1
24621 1
24635 1
24705 1
24718 1
24723 1
24756 1
24780 1
24830 1
24841 1
24846 1
24849 1
24860 1
24870 1
24891 1
24915 1
24945 1
25030 1
25072 1
25098 1
25117 2
25140 1
25164 1
25182 1
25234 1
25254 1
25275 1
25371 1
25378 1
25393 1
25398 1
25409 1
25456 2
25475 1
25481 1
25492 1
25509 1
25518 1
25537 1
25544 1
25550 1
25600 1
25663 1
25674 1
25727 1
25731 1
25732 1
25753 3
25769 1
25829 1
25831 1
25867 1
25881 1
25885 1
25894 1
25900 1
25921 1
25940 1
25963 1
25965 1
25983 2
26008 1
26012 1
26018 2
26022 1
26024 1
26031 1
26069 1
26074 1
26082 1
26092 1
26104 1
26124 1
26151 1
26158 1
26168 1
26175 1
26184 1
26197 2
26302 1
26311 1
26318 1
26363 3
26373 2
26401 1
26425 1
26454 1
26469 1
26509 1
26515 1
26642 1
26659 2
26671 1
26677 1
26707 1
26717 1
26801 1
26840 1
26841 1
26868 1
26881 1
26945 1
26989 1
27004 1
27039 1
27045 1
27070 1
27071 1
27097 1
27100 1
27135 1
27165 1
27183 1
27202 1
27311 1
27316 1
27349 2
27390 3
27392 1
27421 1
27424 1
27443 1
27454 1
27462 1
27493 1
27505 1
27519 1
27545 1
27571 1
27592 1
27643 1
27654 1
27662 1
27679 1
27687 1
27718 2
27719 1
27740 1
27761 1
27888 1
27889 1
27897 1
27922 1
28022 1
28040 1
28057 1
28072 1
28093 1
28097 1
28108 1
28140 1
28197 1
28286 1
28298 1
28315 1
28331 1
28333 1
28338 2
28353 1
28355 1
28391 1
28414 1
28421 1
28458 1
28483 1
28517 1
28560 1
28591 1
28656 1
28671 1
28672 1
28748 1
28754 1
28790 1
28795 1
28808 1
28818 1
28887 1
28944 2
28949 1
29013 1
29040 1
29088 1
29091 1
29119 1
29133 1
29135 1
29179 1
29185 1
29186 1
29225 1
29244 1
29263 1
29288 1
29315 1
29345 1
29358 1
29373 1
29407 2
29431 1
29438 1
29475 1
29485 1
29531 1
29545 1
29549 1
29619 1
29678 1
29700 1
29709 1
29760 1
29836 1
29943 1
30004 1
30028 1
30041 2
30086 1
30135 1
30174 1
30184 1
30196 1
30296 1
30326 1
30346 1
30386 1
30389 1
30422 1
30437 1
30441 1
30444 1
30482 1
30614 1
30615 1
30618 2
30657 2
30661 1
30678 1
30688 1
30727 1
30775 1
30828 1
30832 1
30851 1
30868 1
30877 1
30888 1
30927 1
30940 1
30943 1
30978 1
31067 1
31112 1
31143 1
31173 1
31185 1
31223 1
31342 1
31404 1
31472 1
31542 1
31596 1
31619 1
31658 1
31707 1
31744 1
31770 1
31797 1
31835 1
31984 1
32001 1
32003 1
32005 1
32046 1
32132 1
32193 1
32256 1
32312 1
32321 1
32418 1
32430 1
32463 1
32476 1
32546 2
32613 1
32724 2
32752 1
32768 33
32833 1
32925 1
33007 2
33092 1
33110 1
33121 1
33191 1
33244 1
33320 1
33411 1
33437 1
33479 1
33507 1
33526 1
33546 1
33567 1
33628 1
33648 1
33678 1
33709 1
33718 1
33780 1
33834 1
33863 1
33899 1
33969 1
33973 1
34183 1
34188 1
34239 1
34256 1
34279 1
34300 1
34301 1
34419 1
34441 1
34499 2
34523 1
34540 1
34543 1
34681 1
34816 2
34855 1
34866 1
34921 1
34926 1
34934 1
34937 1
34956 1
34966 1
35067 2
35138 1
35204 1
35222 1
35223 1
35262 2
35312 1
35334 1
35337 1
35376 1
35466 2
35487 1
35505 1
35518 1
35521 1
35565 1
35601 1
35616 1
35650 1
35655 1
35666 1
35834 1
35882 1
35899 1
35941 1
35956 1
35969 1
35992 1
36038 1
36084 1
36125 1
36129 1
36133 1
36136 1
36176 1
36181 1
36183 1
36258 1
36276 1
36305 1
36323 1
36338 1
36412 1
36484 1
36527 1
36533 1
36580 1
36641 1
36711 1
36797 1
36864 2
36930 1
36933 1
36954 1
36979 1
36989 1
36994 1
37014 1
37053 1
37068 1
37072 1
37093 1
37104 1
37174 1
37182 1
37223 1
37406 1
37536 1
37560 1
37602 1
37607 1
37608 1
37624 1
37683 1
37745 1
37821 1
37844 1
37888 1
37908 1
37920 1
37935 1
37938 1
37940 1
38024 1
38064 1
38082 1
38097 1
38140 1
38161 1
38174 1
38248 1
38251 1
38376 1
38420 1
38507 1
38700 2
38746 1
38800 1
38839 1
38845 1
38861 1
38875 1
38921 1
38928 1
38999 1
39015 1
39042 1
39043 1
39096 1
39202 1
39268 1
39349 1
39361 1
39378 1
39396 1
39412 1
39472 1
39556 2
39588 1
39618 1
39649 1
39723 2
39753 1
39813 2
39816 1
39844 1
39852 1
39858 1
39867 1
39868 1
39926 1
39936 1
39981 1
40053 1
40155 1
40216 2
40240 1
40293 1
40413 1
40445 1
40549 1
40576 1
40615 1
40770 1
40806 1
40928 2
40945 1
40960 27
40970 1
41046 1
41057 1
41319 1
41331 1
41341 1
41351 1
41364 1
41456 1
41488 1
41523 1
41526 2
41548 3
41561 2
41572 1
41579 1
41616 1
41705 1
41757 1
41880 1
41886 1
42054 1
42078 1
42160 1
42173 1
42186 1
42228 1
42251 1
42278 1
42330 1
42348 2
42383 1
42495 1
42498 1
42499 1
42541 1
42588 1
42611 1
42613 1
42635 1
42649 1
42740 1
42763 2
42772 1
42821 1
42823 1
42832 1
42895 1
42905 1
42923 1
42927 1
42941 1
43084 1
43122 1
43123 1
43202 1
43286 1
43404 1
43594 1
43645 1
43673 1
43706 1
43750 1
43828 1
43865 1
43893 1
43923 1
43927 1
44028 1
44031 1
44050 1
44174 1
44288 1
44296 1
44299 1
44359 1
44370 1
44389 1
44414 1
44571 1
44586 1
44647 1
44729 3
44744 1
44753 1
44773 1
44855 1
44966 1
45063 1
45115 1
45131 1
45135 1
45172 1
45188 1
45201 1
45263 1
45303 1
45313 1
45316 1
45358 1
45581 1
45592 1
45643 1
45646 1
45654 1
45667 1
45674 1
45730 1
45759 1
45885 2
45934 1
45956 1
45967 1
45999 1
46051 1
46069 1
46078 1
46172 1
46208 1
46650 1
46666 1
46703 1
46708 1
46718 1
46807 1
46834 1
46924 1
46942 1
47129 1
47147 1
47468 1
47537 1
47580 1
47600 1
47876 1
47919 1
47984 1
48009 1
48027 1
48032 1
48040 1
48203 1
48232 1
48242 1
48447 1
48513 1
48597 1
48645 1
48703 2
48812 1
48817 1
48852 1
48860 1
49004 1
49046 1
49124 1
49133 1
49146 1
49152 15
49291 1
49414 1
49610 1
49631 1
49670 1
49716 1
49996 1
50000 1
50086 1
50193 1
50211 1
50224 1
50276 1
50291 1
50384 1
50420 1
50463 1
50500 1
50519 1
50632 1
50842 1
50896 1
50959 1
51042 1
51081 1
51140 1
51194 1
51200 2
51340 1
51358 1
51442 1
51451 1
51452 1
51524 1
51618 1
51681 1
51692 1
51870 1
51939 1
51958 1
51960 1
52029 1
52201 1
52205 1
52392 1
52575 1
52700 1
52868 1
53101 1
53144 1
53229 1
53290 1
53399 1
53431 1
53455 1
53617 1
53652 1
53842 1
53910 1
54092 1
54507 1
54579 1
54780 1
54922 1
54983 1
55039 1
55116 1
55214 1
55292 1
55367 1
55393 1
55417 1
55424 1
55562 1
55822 1
55830 1
55967 1
56019 1
56070 1
56194 1
56366 1
56494 2
56524 1
56529 1
56535 1
56767 1
56823 1
56950 1
56966 1
57073 1
57074 1
57114 2
57121 1
57261 1
57272 2
57291 1
57344 11
57358 1
57363 1
57486 1
57545 1
57689 1
57789 1
57799 1
57807 1
58066 1
58072 1
58090 1
58284 1
58402 1
58590 1
58640 1
58787 1
58793 1
58805 1
58806 1
59284 1
59369 1
59392 1
59493 1
59573 1
59614 1
59722 1
59902 1
59915 1
59924 2
59985 1
60638 1
60787 1
60828 1
60847 1
60902 1
60986 1
61041 1
61125 1
61239 1
61244 1
61257 1
61340 1
61414 1
61586 1
61665 1
61792 1
61803 1
61871 1
62222 3
62381 1
62519 1
62541 1
62694 2
62747 1
62817 1
62942 1
63341 1
63353 1
63393 1
63529 1
63655 1
63687 1
63880 1
63945 1
64106 1
64143 1
64172 1
64289 1
64464 1
64762 1
64884 1
65066 1
65105 1
65384 1
65455 1
65468 1
65536 5
65759 2
65760 1
65780 1
65901 1
66016 1
66077 1
66571 1
66603 1
66703 1
66729 1
66767 1
67055 1
67447 1
67481 1
67540 1
67542 1
67646 1
67942 2
67948 1
68308 1
68599 1
68709 2
68887 1
68909 1
68914 1
68941 2
69043 1
69151 1
69208 1
69280 1
69525 1
69747 1
70352 1
70811 1
70851 1
70870 1
70882 1
71003 1
71058 1
71119 1
71201 1
71391 1
71540 1
71630 1
71650 1
71654 1
71768 1
72137 1
72438 1
72752 2
72996 1
73224 1
73266 1
73276 3
73579 1
73719 2
73728 2
73914 1
73963 1
74133 1
74214 1
74284 2
74287 1
74437 1
74451 1
74533 1
74603 1
74790 1
74942 4
74998 1
75080 1
75086 1
75180 1
75282 1
75441 1
75455 1
75491 1
75697 1
75708 1
76104 1
76536 1
76579 1
77088 1
77247 1
77614 1
77664 1
77723 1
77726 1
77891 1
77958 1
78049 1
78051 2
78378 1
78384 1
78574 1
78665 2
78873 1
79220 1
79295 1
79663 1
79712 1
79896 1
79986 1
80179 1
80281 1
80559 1
80936 1
81095 1
81099 1
81169 1
81325 1
81379 1
81405 1
81434 1
81616 1
81739 1
81804 1
81920 2
82064 1
82082 1
82102 1
82294 1
82673 1
83014 1
83149 1
83286 1
83541 1
83737 2
83741 1
84014 1
84029 1
84985 1
85430 1
85442 1
85723 1
85804 1
85815 1
85928 2
86014 1
86052 1
86739 1
87131 1
87250 1
87361 1
87469 1
87636 1
87637 1
87796 1
88494 1
88642 1
88657 1
88930 1
89143 1
89167 1
89238 1
89383 1
89955 1
90086 1
90112 6
90217 1
90249 1
90391 1
90908 1
91136 1
91146 1
91190 1
91652 1
91674 1
91755 1
91773 1
92018 1
92187 1
92309 1
92407 1
92427 1
92482 1
92528 1
92720 1
92768 1
92915 1
93710 1
94138 1
94237 1
94334 1
94804 1
95061 1
95600 1
95819 1
96077 1
96265 1
96525 1
97130 1
97350 1
97792 1
97836 1
98304 3
98613 1
98674 1
98781 1
99513 1
101104 1
101193 1
101229 1
101342 1
101364 1
101517 1
101988 1
102073 1
102471 1
102545 1
102898 1
103232 1
104684 1
105247 1
105352 1
105823 1
105943 1
106085 1
106496 2
106677 2
106748 1
106973 1
107168 1
107261 1
108000 1
108501 1
108681 1
108719 1
108758 1
109001 1
109323 1
109887 1
109953 1
110025 1
110745 1
110812 1
110902 1
111060 1
111198 1
111624 1
111837 1
112275 1
113004 1
113087 1
114227 1
114335 1
114688 5
115024 2
115727 1
116039 1
116431 1
116717 1
117310 1
117664 1
118375 1
118413 1
118417 1
119103 2
120060 1
120950 1
121121 1
121746 1
121772 1
122266 1
122348 1
122492 1
122880 2
123147 1
124628 1
125389 1
125941 1
126920 1
128207 1
128774 1
129039 1
129337 1
129993 1
131062 1
131072 2
132204 1
132233 1
132769 1
132776 1
134192 1
134605 1
134770 1
134779 1
135017 1
135076 1
136301 1
136736 2
136970 1
137955 1
138854 1
139184 1
139328 1
139356 1
139796 2
140012 1
140288 1
140761 1
141058 1
141179 1
141312 1
142205 1
142336 1
142349 1
142575 1
142591 1
143466 1
143608 1
143718 1
144069 1
145359 1
145472 1
145844 1
146152 1
146240 1
147032 1
147079 1
147349 1
147456 2
148301 1
148370 1
148383 1
149264 1
149288 1
149788 1
150264 1
150268 3
150364 1
150796 1
151400 2
151476 1
152399 1
155648 3
157360 1
158951 1
159336 1
163840 4
165319 1
166900 2
166945 1
168168 1
168756 1
168947 1
170433 1
172032 1
172372 1
172402 1
173959 1
175176 1
176555 1
177130 1
180224 1
181503 1
181532 1
181902 1
182189 1
183384 1
184506 1
186108 1
187379 1
188244 1
190167 1
192946 1
195742 1
197389 1
197684 1
198682 1
200550 1
200772 1
201479 1
203205 1
203341 1
204102 1
204800 1
205056 2
205219 1
205775 1
206400 1
207224 1
211317 1
212992 1
213785 1
215221 1
215876 1
216916 1
219482 1
220596 1
221184 3
231408 1
237013 1
237626 1
238005 1
240640 1
243167 1
243627 1
245760 2
246719 1
251424 2
252861 1
255406 1
260350 1
261611 1
264320 1
267419 1
270336 3
271804 1
272468 1
276287 1
276816 1
282634 1
283632 1
286720 1
288852 1
291591 1
292402 1
294132 1
294912 1
299345 1
300502 2
301027 1
309133 2
311939 1
316369 1
316941 1
319488 1
322399 1
327439 1
327680 1
332748 1
335047 1
335872 2
337543 1
347408 1
352256 2
352876 1
359458 1
367561 1
374485 1
396922 1
408742 1
411264 2
413515 1
416707 1
425984 1
426385 1
427156 1
430638 1
442368 1
454255 1
458434 1
466946 1
473134 1
484065 1
494153 1
507148 1
512591 1
516096 1
524288 1
532528 1
541847 1
568724 1
588760 1
602849 1
616314 1
622592 1
623885 1
671744 1
676826 1
687793 1
688308 1
828529 1
876861 1
912561 1
914308 1
922067 1
923942 1
946060 1
952408 1
1046149 1
1056768 2
1139626 2
1171456 1
1268278 1
1309212 1
1417069 1
1472541 1
1628869 1
1695776 1
1884160 1
2030066 1
2157241 1
2184896 1
2342912 1
2982630 1
