0 154
1 6
2 8
3 2
4 7
5 16
6 21
7 13
8 52
9 17
10 5
11 10
12 11
13 9
14 23
15 8
16 5
17 11
18 18
19 13
20 13
21 18
22 28
23 26
24 22
25 8
26 10
27 14
28 6
29 17
30 7
31 5
32 11
33 13
34 31
35 9
36 4
37 7
38 17
39 7
40 30
41 16
42 8
43 7
44 12
45 13
46 11
47 5
48 8
49 3
50 7
51 6
52 8
53 7
54 8
55 30
56 13
57 11
58 11
59 10
60 23
61 18
62 39
63 14
64 10
65 11
66 23
67 6
68 4
69 8
70 36
71 13
72 11
73 14
74 14
75 12
76 10
77 7
78 13
79 15
80 7
81 21
82 9
83 9
84 10
85 10
86 7
87 10
88 9
89 11
90 16
91 8
92 13
93 8
94 8
95 8
96 15
97 11
98 5
99 9
100 12
101 9
102 13
103 6
104 19
105 8
106 4
107 5
108 25
109 2
110 6
111 10
112 5
113 9
114 13
115 6
116 13
117 8
118 6
119 10
120 15
121 17
122 13
123 7
124 14
125 8
126 7
127 8
128 7
129 12
130 9
131 11
132 5
133 12
134 10
135 7
136 11
137 8
138 12
139 9
140 5
141 11
142 20
143 10
144 9
145 12
146 7
147 10
148 6
149 11
150 68
151 18
152 16
153 7
154 13
155 7
156 12
157 3
158 8
159 17
160 14
161 8
162 6
163 8
164 11
165 6
166 8
167 16
168 12
169 10
170 8
171 17
172 10
173 11
174 9
175 9
176 8
177 8
178 11
179 5
180 8
181 12
182 9
183 22
184 13
185 13
186 16
187 6
188 6
189 12
190 7
191 12
192 8
193 19
194 8
195 4
196 11
197 3
198 4
199 14
200 18
201 12
202 12
203 11
204 7
205 12
206 10
207 5
208 17
209 6
210 11
211 10
212 2
213 17
214 14
215 12
216 47
217 14
218 7
219 10
220 3
221 9
222 8
223 10
224 14
225 8
226 3
227 12
228 9
229 1
230 13
231 8
232 8
233 9
234 15
235 12
236 10
237 5
238 29
239 13
240 6
241 8
242 13
243 10
244 10
245 9
246 11
247 10
248 10
249 3
250 10
251 8
252 27
253 4
254 7
255 7
256 11
257 16
258 8
259 7
260 10
261 15
262 13
263 6
264 8
265 3
266 11
267 7
268 7
269 4
270 12
271 12
272 8
273 5
274 8
275 9
276 12
277 7
278 21
279 13
280 9
281 8
282 8
283 12
284 5
285 13
286 9
287 24
288 10
289 21
290 10
291 8
292 9
293 6
294 5
295 7
296 10
297 8
298 11
299 7
300 8
301 5
302 6
303 9
304 12
305 10
306 13
307 6
308 14
309 4
310 11
311 12
312 4
313 14
314 9
315 12
316 8
317 11
318 6
319 6
320 11
321 6
322 11
323 9
324 5
325 6
326 10
327 3
328 6
329 10
330 13
331 7
332 3
333 10
334 8
335 8
336 13
337 3
338 3
339 7
340 9
341 5
342 12
343 19
344 10
345 4
346 9
347 4
348 4
349 6
350 4
351 7
352 9
353 10
354 5
355 8
356 4
357 12
358 4
359 23
360 4
361 12
362 5
363 9
364 5
365 4
366 9
367 10
368 67
369 5
371 7
372 4
373 7
374 5
375 6
376 13
377 5
378 15
379 6
380 9
381 4
382 7
383 9
384 6
385 9
386 8
387 11
388 5
389 10
390 7
391 5
392 2
393 8
394 4
395 7
396 8
397 4
398 4
399 3
400 8
401 8
402 11
403 7
404 6
405 7
406 4
407 10
408 6
409 7
410 10
411 13
412 9
413 2
414 10
415 9
416 5
417 6
418 9
419 10
420 7
421 9
422 10
423 7
424 5
425 10
426 10
427 5
428 5
429 14
430 6
431 14
432 6
433 10
434 15
435 5
436 7
437 5
438 7
439 23
440 4
441 8
442 9
443 13
444 9
445 6
446 5
447 3
448 12
449 7
450 8
451 14
452 4
453 10
454 11
455 13
456 4
457 4
458 5
459 10
460 4
461 5
462 4
463 13
464 2
465 10
466 10
467 9
468 5
469 5
470 7
471 7
472 11
473 4
474 10
475 5
476 7
477 4
478 6
479 8
480 7
481 9
482 3
483 4
484 7
485 5
486 4
487 3
488 1
489 11
490 6
491 7
492 3
493 4
494 6
495 7
496 4
497 3
498 5
499 8
500 4
501 10
502 6
503 1
504 13
505 7
506 2
507 5
508 8
509 14
510 8
511 5
512 2493
513 6
514 6
515 6
516 10
517 1
518 7
519 4
520 3
521 4
522 6
523 5
524 2
525 3
526 6
527 3
528 8
529 4
530 3
531 3
532 4
533 5
534 10
535 7
536 5
537 3
538 4
539 3
540 15
541 3
542 6
543 7
544 17
545 5
546 10
547 6
548 8
549 5
550 5
551 10
552 2
553 3
554 7
555 7
556 11
557 6
558 3
559 6
560 6
561 3
562 10
563 8
564 9
565 6
566 3
567 2
568 8
569 6
570 16
571 6
572 21
573 6
574 3
575 6
576 19
577 2
578 18
579 9
580 19
581 3
582 5
583 5
584 19
585 3
586 12
587 4
588 6
589 8
590 10
591 9
592 10
593 6
594 7
595 4
596 8
597 1
598 8
599 4
600 7
601 1
602 3
603 9
604 8
605 4
606 11
607 8
608 4
609 5
610 7
611 13
612 4
613 7
614 6
615 8
616 4
617 3
618 8
619 5
620 4
621 6
622 6
623 7
624 14
625 5
626 5
627 3
628 3
629 2
630 8
631 10
632 1
633 7
634 7
635 4
636 9
637 4
638 10
639 5
640 4
641 7
642 1
643 6
644 7
645 5
646 6
647 7
648 2
649 5
651 8
652 8
653 8
654 3
655 2
656 7
657 10
658 5
659 3
660 5
662 7
663 9
664 7
665 6
666 5
667 8
668 4
669 5
670 2
671 7
672 6
673 3
674 2
675 5
676 10
677 5
678 10
679 2
680 9
681 1
682 7
683 3
684 4
685 4
686 6
687 8
688 3
689 6
690 9
691 7
692 4
693 3
694 4
695 6
696 7
697 3
698 2
699 3
700 7
701 5
702 3
703 4
704 4
705 6
706 3
707 8
708 5
709 6
710 10
711 13
712 3
713 13
714 5
715 6
716 7
717 6
718 9
719 6
720 3
721 10
722 7
723 5
724 4
725 7
726 4
727 4
728 3
729 6
730 2
731 2
732 7
733 5
734 4
735 6
736 4
737 1
738 6
739 7
740 6
741 4
742 2
743 10
744 4
745 9
746 6
747 2
748 3
750 5
751 6
752 1
753 9
754 6
755 3
756 3
757 5
758 5
759 8
760 3
761 6
762 2
763 3
764 7
765 6
766 7
767 1
768 6
769 6
770 1
771 4
772 2
773 3
774 3
775 2
776 2
777 4
778 1
779 1
780 2
781 6
782 5
783 11
784 8
785 5
786 7
787 9
788 4
789 1
790 4
791 8
792 7
793 6
794 2
795 3
796 2
797 4
798 5
799 6
800 6
801 3
802 4
803 3
804 2
805 3
806 3
807 1
808 5
809 1
810 3
811 47
812 8
813 22
814 8
815 9
816 8
817 3
818 3
819 3
820 3
821 17
822 7
823 4
824 4
825 3
826 8
827 7
828 8
829 5
830 4
831 6
832 6
833 4
834 6
835 4
836 4
837 7
838 4
839 5
840 7
841 3
842 4
843 3
844 9
845 7
846 11
847 2
848 4
849 9
850 8
851 6
852 4
853 2
854 5
855 2
856 6
857 7
858 6
859 5
860 5
861 10
862 2
863 5
864 7
866 2
867 9
868 5
869 3
870 7
871 8
872 5
873 6
874 6
875 4
876 9
877 4
879 4
880 6
881 4
882 4
883 3
884 3
885 8
886 7
887 1
888 3
889 7
890 2
891 3
892 5
893 5
894 7
895 2
896 2
897 7
898 10
899 3
900 12
901 5
902 6
903 2
904 8
905 3
906 1
907 5
908 7
909 3
910 3
911 8
912 2
913 3
914 2
915 6
916 3
917 1
918 5
919 2
920 6
921 7
922 3
923 5
924 10
925 9
926 4
927 1
928 3
930 5
931 3
932 7
933 10
934 2
935 7
937 3
938 3
939 2
940 3
941 3
942 4
943 4
944 7
945 6
946 3
947 9
948 3
949 1
950 6
951 3
952 2
953 2
954 2
955 7
956 4
957 2
958 5
959 5
960 3
961 2
962 2
963 3
964 5
965 2
966 3
967 2
969 4
970 11
971 5
972 1
973 7
974 11
975 5
976 5
977 5
978 4
979 3
980 3
981 5
982 3
983 1
984 2
985 5
986 6
987 5
988 4
989 2
990 3
991 4
993 11
994 9
995 7
996 6
997 7
998 1
999 6
1000 1
1001 4
1002 3
1003 1
1004 2
1005 3
1006 6
1007 1
1008 5
1009 1
1010 6
1011 6
1012 7
1013 2
1014 2
1015 8
1016 2
1017 4
1018 3
1019 3
1020 5
1021 3
1022 7
1023 5
1024 165
1025 3
1026 4
1027 6
1028 4
1029 2
1030 6
1031 4
1032 4
1033 5
1034 4
1035 8
1036 4
1037 2
1038 5
1039 4
1040 2
1041 4
1042 5
1043 4
1044 4
1045 2
1046 5
1047 2
1048 3
1050 2
1051 5
1052 8
1053 1
1054 4
1055 6
1056 4
1057 4
1058 4
1060 3
1061 2
1062 3
1063 2
1064 3
1065 10
1066 7
1067 7
1068 3
1069 5
1070 1
1071 2
1072 8
1073 8
1074 6
1075 5
1076 3
1077 6
1078 5
1079 3
1080 5
1081 2
1082 4
1083 1
1084 4
1085 3
1086 5
1087 2
1088 3
1089 8
1090 8
1091 1
1092 6
1094 4
1095 7
1096 3
1097 1
1098 7
1099 5
1100 2
1101 1
1102 3
1103 4
1104 4
1105 6
1106 10
1107 6
1108 6
1109 6
1110 2
1111 9
1112 1
1113 2
1114 3
1115 1
1116 3
1117 11
1118 5
1119 5
1120 5
1121 1
1122 2
1123 7
1124 6
1125 9
1126 3
1127 6
1128 6
1129 2
1130 2
1131 2
1133 3
1134 4
1135 2
1136 1
1137 3
1138 4
1139 1
1140 2
1141 2
1142 1
1143 3
1144 4
1145 3
1146 3
1148 3
1149 1
1150 2
1151 6
1152 3
1153 5
1154 6
1155 4
1156 7
1157 1
1158 4
1159 2
1160 4
1161 5
1162 2
1163 3
1164 1
1165 5
1166 2
1167 3
1168 1
1169 2
1170 2
1171 2
1172 3
1173 3
1174 2
1175 3
1176 1
1177 4
1178 5
1179 9
1180 2
1181 3
1182 4
1183 2
1185 6
1186 4
1187 8
1188 1
1189 3
1190 3
1191 2
1192 2
1193 1
1194 4
1195 5
1196 1
1197 4
1198 2
1199 2
1200 2
1202 3
1203 1
1204 1
1205 1
1206 3
1207 6
1208 7
1209 4
1210 8
1211 3
1212 2
1213 1
1215 1
1216 12
1217 3
1218 6
1220 5
1221 9
1222 5
1223 3
1224 7
1226 2
1227 2
1228 2
1229 3
1230 2
1231 12
1232 9
1233 7
1234 4
1235 5
1236 4
1237 4
1238 1
1239 3
1240 6
1241 8
1242 3
1243 1
1244 3
1245 5
1246 1
1247 1
1248 1
1249 2
1250 3
1251 4
1252 4
1253 1
1254 2
1255 2
1256 2
1257 4
1258 4
1259 3
1260 10
1261 9
1262 4
1263 6
1264 3
1265 5
1266 2
1267 8
1268 3
1269 4
1270 2
1271 3
1273 5
1274 3
1275 2
1276 4
1277 3
1278 1
1279 5
1280 3
1281 2
1282 2
1283 3
1284 1
1285 4
1286 5
1287 5
1288 3
1289 3
1290 2
1291 4
1292 6
1293 2
1294 2
1295 4
1296 5
1297 3
1298 5
1300 5
1301 3
1302 2
1303 3
1304 3
1305 5
1306 8
1307 2
1308 3
1309 5
1310 4
1312 3
1313 2
1314 8
1315 2
1316 5
1317 2
1318 3
1319 6
1320 3
1321 4
1322 1
1323 4
1324 11
1325 5
1326 6
1327 4
1328 1
1329 2
1330 4
1332 2
1333 3
1334 4
1335 3
1336 5
1337 3
1338 9
1339 2
1340 2
1341 4
1343 3
1344 10
1345 1
1346 3
1348 1
1349 1
1350 1
1351 3
1353 6
1354 3
1355 1
1356 3
1357 1
1358 8
1359 2
1360 2
1361 1
1362 2
1363 2
1364 5
1365 4
1366 3
1367 5
1368 3
1369 4
1370 3
1371 2
1372 8
1374 1
1375 3
1376 4
1377 1
1379 6
1380 5
1381 3
1382 3
1383 4
1384 8
1385 2
1386 4
1387 2
1388 2
1389 2
1390 5
1391 5
1392 1
1393 2
1394 2
1395 2
1396 1
1397 4
1398 6
1399 6
1401 3
1402 5
1403 1
1404 1
1405 4
1406 3
1407 5
1408 4
1409 4
1410 9
1411 4
1412 4
1413 1
1414 5
1415 1
1416 2
1417 5
1418 3
1419 3
1420 3
1421 2
1422 2
1423 4
1424 1
1427 3
1428 1
1429 1
1430 2
1431 6
1432 2
1433 5
1434 1
1435 6
1436 1
1437 3
1438 2
1439 5
1440 1
1441 2
1442 2
1443 5
1444 6
1445 4
1446 8
1447 5
1448 4
1449 1
1450 5
1451 9
1452 8
1453 6
1454 2
1455 3
1456 4
1457 8
1458 3
1459 1
1460 4
1461 2
1462 2
1463 4
1464 4
1465 4
1466 7
1467 2
1468 4
1469 6
1470 6
1471 2
1472 1
1473 2
1475 3
1476 4
1477 4
1478 2
1479 7
1480 8
1481 5
1482 1
1483 4
1484 2
1485 4
1486 1
1487 4
1488 2
1489 1
1490 1
1491 3
1492 3
1493 3
1494 2
1495 3
1497 3
1498 7
1499 1
1500 2
1501 5
1502 3
1503 2
1504 2
1505 2
1506 3
1507 2
1508 3
1509 1
1510 6
1511 1
1512 3
1513 1
1514 4
1515 3
1516 2
1517 1
1518 6
1519 1
1520 4
1521 3
1522 4
1523 6
1524 2
1525 1
1526 2
1527 2
1528 2
1529 1
1530 3
1531 1
1532 4
1533 1
1534 3
1536 53
1537 5
1538 1
1539 2
1540 1
1541 5
1542 3
1543 3
1545 3
1546 7
1547 3
1548 3
1549 3
1550 2
1551 1
1552 3
1553 3
1554 3
1555 3
1557 7
1558 1
1559 6
1560 1
1561 2
1562 3
1563 4
1564 1
1565 3
1566 5
1567 3
1568 2
1569 1
1570 2
1571 2
1573 4
1574 4
1575 1
1576 4
1578 2
1579 3
1580 2
1581 3
1582 4
1583 3
1584 4
1585 1
1586 63
1587 3
1588 2
1589 5
1590 3
1591 2
1592 2
1593 3
1594 1
1595 1
1596 4
1597 4
1598 2
1599 3
1600 1
1601 1
1602 2
1603 3
1604 6
1605 3
1606 1
1607 6
1608 5
1610 2
1611 3
1612 9
1613 2
1615 4
1616 5
1617 3
1618 3
1619 4
1620 6
1621 1
1622 5
1623 7
1624 1
1626 3
1627 1
1628 2
1629 4
1630 4
1631 5
1632 5
1633 4
1634 6
1635 1
1636 1
1637 6
1639 3
1640 3
1642 1
1643 3
1644 7
1645 1
1646 5
1647 4
1648 3
1649 3
1650 1
1651 1
1652 4
1653 5
1654 3
1655 13
1656 5
1657 1
1658 7
1659 3
1660 2
1661 2
1662 2
1663 1
1664 4
1665 1
1666 3
1667 1
1668 3
1669 3
1671 2
1672 4
1674 7
1675 2
1676 2
1677 2
1678 3
1680 1
1681 1
1682 3
1684 2
1685 6
1686 5
1687 3
1688 2
1689 2
1690 4
1691 4
1693 3
1694 3
1695 1
1696 1
1697 2
1698 3
1699 4
1700 6
1701 1
1702 6
1703 2
1704 2
1705 4
1706 4
1707 7
1708 1
1709 1
1712 2
1713 5
1714 1
1715 4
1716 3
1717 7
1718 4
1719 1
1720 1
1721 3
1722 1
1723 2
1724 6
1725 3
1726 4
1727 1
1728 3
1729 4
1730 3
1731 4
1732 1
1733 4
1734 1
1735 1
1736 4
1737 3
1738 1
1740 4
1741 2
1742 2
1744 6
1745 1
1746 6
1748 3
1749 5
1750 4
1751 2
1752 3
1753 1
1754 2
1755 5
1756 2
1757 2
1758 2
1759 2
1760 5
1761 5
1762 1
1763 5
1764 3
1765 3
1766 4
1767 1
1768 6
1769 3
1770 2
1771 3
1772 2
1773 2
1774 5
1775 1
1776 2
1777 3
1778 5
1781 5
1782 5
1783 2
1784 7
1785 2
1786 1
1787 5
1788 4
1789 3
1790 3
1791 2
1792 6
1794 1
1795 1
1796 2
1797 5
1798 2
1799 7
1801 3
1802 4
1803 4
1804 5
1805 3
1806 3
1807 1
1809 2
1810 2
1811 1
1812 6
1813 1
1814 1
1815 1
1816 1
1817 1
1818 2
1819 1
1820 2
1821 7
1822 1
1823 3
1824 6
1825 1
1826 2
1827 1
1828 5
1830 3
1831 5
1833 1
1834 1
1835 2
1836 4
1838 6
1840 5
1841 1
1842 1
1843 3
1844 3
1845 1
1846 1
1849 3
1850 1
1851 4
1853 2
1855 3
1856 5
1857 2
1858 4
1859 1
1860 3
1862 2
1863 3
1864 1
1865 1
1866 3
1867 1
1868 2
1869 3
1871 1
1872 4
1873 5
1874 3
1875 3
1876 8
1877 3
1879 2
1880 3
1881 2
1882 1
1883 4
1885 4
1886 1
1887 2
1889 1
1890 5
1891 7
1892 3
1893 4
1894 2
1895 5
1896 2
1897 1
1898 2
1899 2
1900 5
1901 3
1902 5
1903 4
1904 4
1905 3
1906 4
1907 3
1908 2
1910 11
1912 1
1913 7
1914 3
1915 4
1916 6
1917 3
1918 1
1920 3
1921 1
1923 3
1924 2
1925 2
1926 4
1928 3
1929 4
1930 3
1931 4
1932 4
1933 21
1934 2
1935 2
1936 1
1937 2
1938 2
1939 4
1940 2
1941 7
1942 2
1943 7
1944 3
1946 3
1947 3
1948 8
1949 2
1950 4
1952 1
1953 4
1954 1
1955 2
1956 3
1957 2
1958 2
1959 1
1960 2
1961 3
1963 3
1964 2
1965 2
1966 1
1967 3
1968 2
1969 3
1971 1
1972 2
1973 1
1974 2
1975 1
1976 2
1977 2
1978 3
1979 2
1980 3
1982 2
1983 1
1984 3
1985 2
1986 2
1987 4
1988 1
1989 2
1991 1
1992 2
1993 5
1994 3
1995 1
1997 8
1998 4
1999 2
2000 4
2001 1
2002 5
2004 1
2005 3
2006 2
2007 1
2008 1
2009 2
2010 2
2011 1
2012 1
2015 3
2016 1
2019 2
2022 5
2023 1
2024 1
2025 2
2026 3
2027 2
2028 1
2029 1
2031 1
2032 1
2033 1
2034 5
2035 1
2037 4
2038 3
2039 3
2040 2
2041 1
2042 3
2043 2
2044 3
2047 3
2048 24
2049 1
2050 2
2051 3
2052 2
2053 2
2054 3
2055 3
2057 3
2059 1
2060 1
2061 1
2062 6
2063 2
2064 2
2065 1
2066 2
2067 5
2069 1
2070 2
2072 1
2074 1
2075 2
2076 1
2077 2
2078 3
2080 2
2081 5
2083 2
2084 3
2085 3
2086 3
2087 2
2088 6
2089 2
2090 3
2091 3
2092 5
2093 2
2094 2
2095 3
2096 2
2097 2
2098 1
2099 4
2100 2
2101 2
2102 1
2103 1
2105 2
2106 1
2107 3
2108 2
2109 2
2110 4
2111 2
2112 3
2113 2
2114 7
2115 3
2117 3
2118 3
2120 3
2121 4
2122 4
2123 6
2124 5
2125 5
2126 1
2127 5
2128 8
2129 4
2130 2
2131 2
2132 3
2133 3
2134 4
2136 1
2137 2
2138 3
2139 11
2140 5
2141 2
2142 1
2143 1
2144 2
2145 1
2146 3
2147 1
2148 2
2149 3
2151 7
2152 3
2154 3
2155 5
2156 2
2157 1
2158 1
2159 6
2160 1
2161 2
2162 5
2163 1
2164 5
2165 2
2166 1
2167 2
2168 7
2169 3
2170 1
2171 3
2172 3
2173 2
2174 3
2175 1
2176 4
2177 5
2178 1
2180 3
2181 2
2183 2
2184 1
2186 1
2187 2
2188 2
2189 4
2190 3
2191 1
2192 2
2193 2
2194 2
2196 1
2197 3
2198 1
2199 3
2200 2
2202 1
2203 1
2204 1
2206 1
2208 1
2209 3
2210 3
2211 2
2212 3
2213 1
2214 2
2217 1
2218 7
2219 2
2220 4
2221 1
2222 1
2223 5
2224 2
2225 2
2226 4
2227 1
2228 2
2229 1
2230 3
2232 1
2234 1
2235 1
2236 2
2237 1
2238 2
2239 2
2240 1
2241 2
2242 3
2243 1
2244 4
2245 5
2246 1
2247 3
2248 3
2249 2
2250 2
2251 4
2252 2
2253 5
2254 1
2255 1
2256 2
2257 1
2258 5
2259 1
2260 1
2261 2
2262 1
2263 1
2264 7
2265 1
2266 2
2267 1
2268 2
2270 1
2271 1
2272 3
2273 4
2274 6
2275 3
2276 2
2277 1
2278 1
2279 2
2280 4
2281 1
2282 2
2283 5
2284 1
2285 4
2286 1
2287 1
2291 1
2292 2
2293 2
2294 3
2296 1
2297 3
2298 2
2299 1
2300 3
2302 2
2303 3
2304 4
2305 1
2306 1
2307 10
2309 2
2310 1
2311 3
2312 3
2313 2
2314 4
2315 1
2316 1
2317 4
2318 2
2319 4
2321 1
2322 3
2323 2
2324 3
2325 2
2326 2
2327 2
2331 2
2332 3
2333 2
2334 2
2335 4
2336 4
2337 3
2338 6
2339 3
2340 4
2341 1
2342 5
2343 1
2346 2
2347 2
2349 3
2350 5
2351 2
2354 1
2355 1
2356 2
2357 3
2358 2
2359 3
2360 2
2362 8
2364 1
2365 1
2366 1
2367 1
2369 1
2371 3
2372 3
2374 1
2375 3
2377 1
2378 3
2379 5
2380 3
2383 4
2384 2
2385 1
2386 2
2387 2
2388 1
2390 2
2392 1
2393 2
2394 5
2395 3
2396 1
2399 2
2402 1
2404 2
2405 1
2406 3
2407 2
2408 1
2410 3
2411 7
2412 2
2413 7
2414 2
2416 2
2417 2
2418 2
2419 3
2421 3
2422 2
2423 1
2424 2
2426 3
2427 1
2429 5
2430 1
2434 1
2435 1
2436 1
2438 2
2440 5
2441 2
2442 2
2443 1
2444 5
2446 1
2450 2
2451 1
2452 1
2453 3
2456 3
2458 1
2459 1
2460 4
2461 1
2462 1
2463 1
2464 3
2465 1
2467 2
2468 2
2469 2
2470 2
2472 2
2474 3
2475 3
2476 3
2477 1
2478 4
2479 1
2480 1
2482 3
2483 2
2484 1
2485 4
2486 1
2487 1
2488 4
2490 1
2492 5
2493 2
2494 1
2495 1
2496 2
2497 2
2498 2
2500 4
2501 2
2502 1
2503 6
2504 2
2505 2
2506 2
2507 3
2509 3
2510 4
2511 2
2512 1
2513 5
2514 1
2515 1
2518 1
2520 3
2521 2
2522 4
2523 4
2524 4
2525 2
2528 2
2529 1
2530 4
2532 1
2533 2
2534 3
2536 1
2537 3
2538 1
2539 1
2540 2
2541 2
2542 3
2543 2
2544 2
2545 6
2546 3
2548 1
2549 1
2551 1
2552 1
2554 2
2556 2
2557 1
2558 1
2559 3
2560 10
2562 1
2563 1
2564 3
2565 2
2567 2
2571 1
2572 1
2573 2
2575 2
2576 5
2577 1
2578 1
2579 1
2581 3
2582 4
2583 1
2584 1
2586 3
2588 1
2589 3
2590 1
2591 1
2592 2
2593 4
2595 1
2596 3
2597 3
2598 1
2599 1
2601 1
2602 5
2603 2
2604 2
2605 1
2607 1
2608 1
2609 1
2610 2
2611 4
2613 4
2614 3
2615 1
2616 2
2617 3
2618 1
2619 1
2620 2
2622 1
2623 2
2624 8
2625 4
2626 1
2627 2
2629 4
2631 1
2632 3
2635 2
2636 1
2637 2
2639 2
2640 2
2641 3
2642 2
2643 2
2644 3
2645 2
2646 2
2647 1
2648 1
2652 1
2653 1
2654 4
2655 1
2656 2
2657 1
2658 2
2659 2
2660 2
2661 2
2662 1
2663 2
2664 2
2666 1
2667 1
2668 1
2669 2
2670 2
2671 1
2672 2
2673 1
2674 1
2676 3
2678 2
2680 2
2681 3
2682 1
2685 1
2686 1
2687 1
2689 3
2691 5
2692 2
2693 3
2694 1
2695 3
2697 1
2698 1
2699 3
2701 1
2704 3
2705 4
2707 1
2710 1
2712 3
2713 3
2716 1
2717 1
2719 4
2720 1
2721 1
2722 1
2724 1
2726 5
2727 2
2731 1
2732 4
2733 2
2735 6
2736 1
2738 1
2739 1
2740 2
2741 1
2742 1
2744 1
2746 1
2748 2
2750 1
2751 1
2753 3
2756 2
2757 1
2758 1
2759 2
2760 3
2761 1
2763 1
2766 2
2767 2
2768 5
2772 2
2773 1
2774 3
2776 1
2779 3
2780 1
2781 2
2783 4
2784 2
2786 4
2788 2
2789 4
2790 1
2792 5
2795 2
2796 3
2797 1
2798 2
2799 3
2800 3
2802 1
2803 3
2804 2
2806 3
2807 1
2810 2
2811 3
2812 4
2814 4
2816 2
2817 1
2818 3
2820 1
2821 3
2823 1
2825 4
2826 1
2827 4
2829 1
2830 1
2831 1
2832 1
2833 1
2834 2
2835 2
2836 2
2837 4
2838 1
2839 2
2840 5
2841 3
2842 3
2845 2
2846 3
2848 2
2850 8
2851 1
2853 1
2855 5
2856 2
2857 2
2858 1
2859 3
2861 1
2862 1
2863 4
2864 3
2865 2
2866 2
2867 3
2868 6
2870 2
2872 1
2874 3
2875 2
2876 1
2877 2
2878 3
2879 1
2880 2
2881 2
2883 2
2884 2
2885 1
2886 1
2887 3
2888 4
2889 3
2890 3
2891 1
2893 5
2894 1
2896 4
2897 2
2899 1
2900 1
2902 1
2903 1
2907 1
2908 1
2909 4
2911 2
2913 3
2914 1
2915 3
2917 1
2918 1
2920 2
2921 1
2922 1
2923 3
2924 1
2926 1
2928 2
2930 3
2931 3
2932 3
2933 1
2934 1
2935 3
2936 1
2937 1
2938 1
2939 1
2940 1
2941 1
2942 1
2943 1
2944 2
2945 2
2947 1
2948 1
2949 3
2950 4
2951 1
2956 6
2957 2
2958 4
2959 2
2960 3
2961 1
2962 3
2963 2
2964 2
2965 2
2966 3
2967 4
2968 1
2970 6
2971 2
2973 2
2974 2
2976 2
2978 3
2980 4
2981 1
2982 1
2983 3
2984 2
2985 1
2986 1
2988 2
2989 1
2990 1
2991 2
2992 2
2994 2
2995 1
2996 2
2997 2
2999 1
3001 2
3002 3
3003 3
3004 2
3005 1
3006 2
3007 1
3009 2
3011 1
3012 1
3014 3
3015 2
3016 4
3017 1
3018 1
3019 2
3020 3
3022 2
3023 2
3024 3
3025 3
3026 4
3027 1
3028 2
3030 1
3031 2
3033 1
3034 4
3035 1
3036 1
3037 2
3038 1
3041 2
3042 5
3043 1
3044 1
3045 9
3047 1
3048 3
3049 2
3050 1
3051 3
3052 2
3054 2
3056 2
3058 2
3059 2
3060 4
3062 2
3063 4
3064 1
3065 3
3066 3
3067 1
3068 2
3069 1
3070 1
3072 6
3073 2
3074 1
3077 2
3078 2
3079 6
3080 2
3082 1
3083 2
3084 1
3085 3
3086 2
3088 1
3090 1
3093 1
3094 3
3095 5
3096 1
3097 2
3098 1
3100 2
3101 2
3102 2
3103 1
3104 2
3105 2
3106 1
3107 1
3109 2
3110 2
3111 1
3112 2
3115 1
3116 2
3117 1
3118 3
3119 4
3120 3
3121 1
3123 1
3124 1
3125 2
3126 2
3129 2
3130 1
3133 3
3136 2
3137 1
3138 4
3140 1
3141 1
3142 2
3143 1
3144 4
3145 3
3146 1
3148 2
3150 1
3151 1
3152 1
3153 3
3155 1
3159 3
3161 3
3163 1
3164 1
3165 2
3166 6
3168 2
3170 2
3171 3
3173 1
3174 3
3175 1
3177 1
3178 4
3179 3
3180 1
3181 1
3182 1
3184 4
3186 1
3191 1
3192 1
3193 1
3194 2
3195 2
3196 1
3197 2
3198 2
3200 2
3201 3
3202 1
3203 5
3204 1
3205 2
3206 2
3207 1
3208 4
3209 2
3210 1
3211 2
3212 2
3214 1
3215 2
3217 1
3219 2
3220 3
3221 2
3222 1
3223 1
3224 6
3225 2
3226 3
3227 3
3228 4
3229 3
3230 2
3231 2
3232 3
3236 2
3239 2
3241 2
3245 3
3246 8
3247 4
3248 4
3249 1
3250 4
3251 2
3252 5
3255 1
3256 1
3257 1
3258 1
3259 1
3260 1
3261 5
3262 3
3263 2
3264 4
3266 1
3268 2
3270 5
3271 1
3272 2
3273 4
3275 3
3277 1
3278 8
3279 1
3280 3
3281 3
3282 1
3284 6
3285 3
3286 1
3287 5
3288 2
3291 4
3292 2
3293 4
3295 2
3296 2
3297 1
3298 3
3301 3
3302 1
3303 2
3304 1
3305 2
3306 2
3307 1
3309 5
3310 1
3311 1
3312 2
3313 1
3314 4
3315 2
3316 3
3319 1
3320 1
3325 1
3326 2
3327 1
3328 1
3329 1
3330 3
3331 2
3332 3
3333 4
3334 1
3335 1
3337 2
3339 5
3340 1
3341 1
3345 2
3346 1
3347 2
3348 2
3350 2
3351 2
3352 2
3353 2
3354 1
3355 3
3356 1
3359 5
3360 5
3362 2
3365 1
3366 1
3367 3
3370 3
3371 1
3372 1
3374 2
3376 7
3377 2
3378 3
3379 2
3380 2
3381 2
3382 1
3383 1
3384 1
3386 2
3387 1
3388 3
3389 2
3390 1
3391 2
3392 3
3393 1
3394 3
3396 2
3397 1
3398 5
3399 4
3400 3
3402 3
3403 2
3404 5
3406 2
3407 7
3409 2
3410 3
3411 2
3412 1
3413 1
3414 2
3416 2
3417 1
3419 2
3420 2
3422 2
3423 1
3424 4
3425 3
3426 3
3427 2
3430 1
3431 1
3432 4
3434 1
3436 2
3438 1
3439 2
3440 6
3441 2
3442 1
3444 3
3445 5
3447 1
3449 1
3451 3
3452 5
3455 2
3456 3
3459 3
3461 2
3463 6
3464 2
3466 2
3468 2
3469 1
3470 1
3471 2
3472 3
3473 1
3475 1
3476 1
3478 2
3485 1
3487 1
3489 3
3491 3
3492 1
3493 1
3495 1
3496 1
3497 1
3499 2
3500 2
3501 2
3502 2
3503 2
3505 2
3507 4
3508 3
3509 1
3510 2
3511 3
3512 1
3515 2
3517 3
3519 2
3521 2
3523 1
3524 1
3529 3
3530 1
3531 1
3532 2
3533 2
3534 1
3535 3
3536 1
3537 1
3538 1
3540 2
3546 2
3547 1
3551 2
3552 1
3554 3
3557 2
3559 2
3560 1
3565 2
3566 2
3567 3
3568 2
3570 1
3571 2
3574 1
3577 3
3578 1
3579 3
3582 2
3583 1
3584 2
3585 2
3586 1
3587 1
3590 2
3591 4
3593 3
3594 1
3595 2
3596 4
3599 1
3600 1
3601 1
3602 2
3603 1
3604 3
3605 2
3606 1
3609 1
3611 1
3612 1
3614 1
3615 1
3616 1
3617 2
3619 1
3622 2
3623 1
3628 1
3629 1
3631 2
3632 1
3634 1
3635 1
3636 1
3637 1
3638 3
3639 2
3640 3
3641 1
3642 1
3645 1
3646 1
3648 2
3649 2
3651 3
3652 3
3653 2
3656 3
3657 1
3658 1
3659 1
3661 1
3663 2
3664 4
3665 3
3667 3
3668 1
3669 1
3670 1
3674 2
3676 2
3678 2
3680 1
3684 1
3686 1
3687 1
3688 2
3689 2
3690 3
3692 1
3694 2
3697 2
3699 4
3700 1
3702 4
3704 2
3705 2
3706 1
3711 1
3712 2
3713 1
3714 4
3715 1
3716 1
3717 1
3720 1
3721 2
3723 2
3725 2
3726 1
3727 1
3728 1
3730 1
3732 1
3734 2
3735 3
3736 1
3737 1
3738 3
3740 1
3742 3
3744 4
3746 3
3747 1
3748 2
3749 1
3750 3
3751 3
3752 2
3754 4
3755 1
3756 1
3759 5
3760 3
3761 3
3763 1
3764 1
3765 2
3766 1
3768 3
3770 2
3772 1
3773 6
3774 1
3775 2
3778 1
3781 2
3782 1
3783 3
3784 3
3785 2
3786 1
3790 1
3791 1
3792 2
3796 3
3798 3
3800 1
3802 13
3803 1
3804 1
3805 3
3806 3
3807 2
3812 2
3814 2
3815 3
3816 4
3820 4
3821 1
3822 1
3823 1
3826 4
3827 2
3828 3
3829 2
3830 4
3831 1
3832 1
3833 1
3834 2
3836 1
3837 1
3838 1
3841 1
3842 2
3845 3
3847 1
3849 2
3850 2
3851 2
3852 4
3854 1
3855 3
3856 2
3858 2
3860 2
3861 6
3862 4
3867 1
3870 1
3871 1
3872 1
3874 1
3875 1
3876 4
3878 1
3879 1
3880 1
3881 2
3884 2
3885 1
3886 2
3887 1
3888 3
3892 2
3893 3
3895 2
3897 2
3902 3
3903 2
3904 2
3905 4
3906 1
3907 1
3908 1
3910 1
3911 3
3912 8
3913 1
3914 1
3915 2
3917 3
3918 1
3920 3
3921 1
3924 1
3925 2
3929 3
3930 2
3931 4
3933 1
3935 1
3937 2
3938 3
3939 3
3940 1
3941 2
3942 2
3943 1
3945 1
3946 1
3947 10
3948 1
3949 1
3950 1
3951 1
3952 2
3954 1
3955 3
3956 1
3960 1
3962 1
3964 3
3965 1
3966 1
3967 1
3968 2
3970 2
3971 1
3972 4
3973 2
3974 1
3977 3
3979 1
3980 1
3981 1
3983 1
3985 1
3990 2
3991 2
3992 2
3993 1
3994 4
3995 1
3998 1
3999 3
4000 3
4001 1
4003 1
4004 2
4007 1
4008 1
4010 2
4013 3
4014 1
4015 1
4016 1
4018 2
4019 1
4020 3
4023 2
4024 1
4025 1
4027 2
4031 1
4032 1
4035 1
4036 1
4040 3
4042 1
4047 1
4052 1
4054 2
4055 2
4058 2
4060 1
4061 1
4062 1
4066 4
4067 2
4069 2
4072 1
4073 1
4074 1
4075 3
4076 2
4077 4
4078 1
4079 1
4082 3
4083 1
4084 1
4087 1
4090 1
4091 1
4093 1
4096 1
4097 4
4098 1
4100 1
4101 1
4103 1
4105 1
4106 3
4107 1
4110 2
4111 1
4112 3
4113 1
4114 1
4115 2
4119 3
4121 3
4123 1
4129 1
4130 3
4132 2
4134 1
4135 1
4137 3
4139 4
4140 1
4141 1
4143 1
4144 1
4148 1
4153 1
4155 2
4157 1
4158 1
4159 2
4160 1
4161 2
4162 1
4163 2
4164 1
4165 1
4166 3
4167 3
4168 2
4172 2
4175 2
4177 1
4178 2
4179 1
4181 2
4182 1
4183 1
4185 1
4188 18
4192 1
4193 1
4194 1
4195 3
4196 3
4198 1
4199 3
4201 1
4202 2
4203 1
4205 2
4208 1
4211 1
4213 2
4214 2
4216 1
4220 2
4221 4
4222 1
4223 2
4227 1
4228 3
4231 1
4232 1
4235 2
4237 1
4238 1
4239 2
4240 12
4241 1
4242 2
4243 1
4244 2
4248 1
4250 2
4258 2
4259 1
4262 3
4263 1
4266 1
4267 1
4268 2
4269 1
4270 1
4271 2
4273 1
4274 1
4275 2
4276 2
4277 1
4278 2
4279 2
4280 3
4281 1
4283 1
4285 1
4286 1
4287 1
4289 1
4290 3
4292 1
4293 1
4295 1
4296 1
4299 1
4301 2
4303 3
4304 1
4305 1
4306 2
4308 1
4309 1
4311 1
4314 1
4315 1
4317 1
4321 2
4322 1
4324 3
4326 1
4328 1
4330 5
4331 5
4332 1
4334 5
4336 3
4337 3
4339 1
4340 1
4341 1
4342 1
4343 1
4346 3
4348 1
4350 2
4351 2
4352 1
4353 2
4354 2
4355 3
4356 3
4358 1
4364 1
4368 2
4370 2
4371 3
4373 1
4375 2
4376 1
4379 2
4381 2
4382 1
4385 1
4386 1
4387 9
4388 2
4389 3
4390 3
4391 2
4392 3
4394 2
4396 2
4398 2
4399 1
4400 1
4402 3
4403 3
4408 1
4409 1
4411 3
4412 4
4413 1
4414 1
4416 3
4417 3
4419 2
4420 1
4424 1
4427 1
4429 2
4431 1
4432 3
4435 1
4437 4
4438 1
4440 3
4442 2
4444 2
4446 1
4448 1
4454 1
4456 3
4457 1
4459 1
4460 1
4465 4
4469 3
4471 2
4475 2
4477 3
4481 1
4483 1
4486 1
4487 1
4488 3
4490 4
4491 2
4493 1
4496 1
4497 2
4499 3
4500 1
4511 2
4512 2
4514 1
4515 1
4516 1
4519 1
4520 2
4521 1
4526 1
4527 3
4528 4
4530 1
4531 1
4532 2
4533 1
4534 1
4536 2
4537 2
4538 1
4541 1
4542 2
4543 2
4544 2
4545 2
4548 2
4550 2
4551 1
4552 1
4557 1
4558 2
4559 1
4560 1
4561 2
4563 1
4564 4
4565 1
4566 3
4568 1
4570 1
4571 2
4575 2
4576 2
4579 1
4581 2
4584 1
4587 1
4588 1
4593 3
4594 1
4595 1
4598 2
4602 2
4603 1
4605 1
4606 2
4608 1
4609 3
4610 2
4612 1
4613 2
4614 1
4616 2
4618 4
4620 1
4623 3
4628 1
4629 1
4630 2
4632 1
4633 3
4634 2
4635 1
4637 1
4639 1
4640 1
4642 2
4643 1
4644 1
4645 1
4646 2
4648 1
4652 2
4653 1
4655 1
4659 1
4660 1
4661 1
4662 1
4663 1
4665 1
4666 2
4668 1
4671 1
4672 1
4673 4
4674 2
4676 1
4678 1
4680 3
4682 3
4687 1
4688 1
4691 1
4692 2
4696 1
4697 1
4700 2
4704 1
4705 1
4706 1
4709 2
4710 1
4711 1
4714 3
4715 1
4716 2
4720 1
4721 1
4722 2
4723 1
4724 1
4725 2
4726 2
4730 1
4732 1
4733 1
4734 1
4736 1
4737 2
4739 1
4740 1
4742 2
4743 1
4744 3
4745 1
4747 1
4749 2
4750 1
4751 3
4752 5
4753 3
4754 1
4755 3
4756 2
4757 1
4759 1
4760 1
4762 2
4763 2
4764 1
4766 1
4770 2
4773 1
4774 2
4775 1
4777 1
4778 1
4781 2
4782 2
4783 1
4787 4
4789 1
4790 1
4791 1
4794 1
4796 1
4797 2
4799 1
4800 2
4801 2
4803 3
4804 2
4805 2
4806 4
4807 2
4808 1
4810 3
4811 1
4812 1
4813 2
4818 3
4822 1
4826 1
4827 2
4829 1
4830 1
4834 1
4835 3
4836 3
4837 2
4838 1
4841 1
4842 1
4845 1
4848 13
4850 1
4851 1
4852 2
4854 1
4860 2
4861 2
4862 1
4864 1
4865 1
4866 1
4867 3
4870 2
4873 1
4875 1
4876 4
4885 1
4886 1
4888 2
4889 1
4890 1
4893 1
4895 1
4898 2
4900 1
4901 1
4903 2
4904 2
4907 1
4908 4
4910 1
4912 1
4913 1
4914 1
4915 2
4916 1
4918 1
4919 3
4923 1
4926 2
4928 1
4931 4
4932 3
4933 6
4934 3
4935 2
4936 1
4937 2
4938 1
4939 1
4940 1
4941 2
4942 1
4943 1
4944 1
4948 2
4952 1
4955 1
4958 2
4959 2
4960 1
4961 1
4962 1
4965 1
4973 2
4974 1
4976 3
4977 2
4978 2
4981 1
4984 1
4985 2
4989 1
4992 4
4993 1
4996 1
4997 1
4999 1
5000 1
5003 2
5004 1
5007 1
5008 1
5009 1
5012 3
5014 1
5015 1
5017 1
5018 2
5019 2
5020 2
5022 1
5023 1
5027 1
5028 1
5032 1
5035 4
5037 2
5039 1
5041 1
5042 2
5043 1
5044 3
5046 1
5049 3
5050 1
5055 1
5056 2
5060 3
5062 2
5063 2
5065 1
5066 2
5070 1
5071 2
5072 2
5074 1
5075 1
5076 2
5079 1
5080 6
5086 1
5088 1
5091 2
5092 3
5093 1
5094 1
5098 4
5099 2
5101 2
5103 1
5104 1
5108 1
5113 4
5115 2
5116 2
5120 5
5124 2
5125 3
5127 1
5130 1
5131 2
5132 2
5134 1
5136 1
5138 1
5141 1
5146 1
5148 2
5149 1
5150 1
5151 2
5152 2
5154 1
5156 1
5157 2
5159 4
5161 1
5162 2
5165 1
5167 1
5168 3
5169 1
5172 1
5173 3
5175 2
5176 1
5177 1
5178 1
5182 1
5183 1
5186 3
5189 1
5190 2
5192 1
5193 1
5194 1
5197 2
5198 1
5199 2
5201 1
5204 1
5206 2
5208 1
5211 1
5214 1
5216 5
5218 2
5219 4
5220 2
5222 2
5224 2
5226 3
5227 1
5228 2
5232 1
5234 3
5236 1
5237 2
5240 1
5241 1
5242 2
5244 2
5246 2
5249 1
5250 2
5251 2
5255 2
5256 3
5257 1
5258 1
5259 1
5265 2
5266 3
5269 2
5272 1
5278 2
5281 3
5286 1
5290 1
5291 1
5292 1
5293 2
5297 2
5301 1
5302 1
5303 3
5306 1
5307 2
5308 2
5318 4
5320 1
5321 1
5322 2
5323 7
5325 3
5326 2
5327 1
5331 1
5332 3
5333 2
5334 1
5337 2
5338 1
5339 2
5342 2
5343 1
5345 1
5346 2
5349 1
5351 3
5353 2
5355 1
5358 1
5361 1
5363 1
5370 1
5375 1
5378 1
5381 1
5386 1
5388 1
5390 1
5394 1
5399 1
5401 1
5402 1
5403 1
5407 2
5408 2
5409 1
5410 1
5411 1
5413 3
5414 1
5416 1
5418 1
5420 2
5422 2
5425 1
5428 3
5430 3
5431 3
5432 1
5433 1
5434 1
5436 1
5437 4
5440 2
5442 1
5444 1
5447 2
5448 1
5449 1
5450 2
5455 1
5456 1
5457 1
5458 2
5459 2
5461 1
5462 2
5463 2
5464 2
5466 1
5467 2
5470 2
5471 1
5472 2
5474 1
5476 2
5477 2
5479 2
5480 2
5482 1
5483 1
5485 1
5489 1
5490 1
5491 1
5492 1
5493 1
5494 1
5495 1
5497 1
5498 1
5499 1
5500 1
5501 1
5502 1
5504 1
5505 1
5506 1
5508 2
5511 1
5513 1
5519 3
5520 1
5521 1
5529 3
5533 1
5534 1
5535 1
5537 2
5538 2
5539 1
5540 2
5541 6
5543 2
5544 1
5545 1
5546 2
5547 1
5550 3
5552 1
5553 2
5554 3
5555 3
5556 1
5557 1
5558 1
5559 1
5560 2
5561 1
5563 1
5564 2
5574 1
5576 1
5577 9
5579 1
5581 1
5582 1
5584 2
5585 2
5589 1
5591 2
5592 1
5595 1
5597 2
5598 1
5599 1
5607 1
5608 2
5609 1
5610 1
5611 2
5613 1
5614 1
5618 1
5619 1
5621 1
5622 1
5624 3
5626 2
5628 2
5629 4
5632 1
5635 1
5636 2
5638 1
5640 1
5641 1
5644 3
5646 3
5647 1
5648 2
5649 2
5652 1
5653 1
5654 1
5656 12
5658 2
5659 2
5660 1
5661 2
5662 1
5664 1
5669 2
5671 1
5672 1
5676 1
5678 1
5679 1
5680 1
5681 2
5686 2
5687 1
5688 2
5690 2
5691 1
5692 1
5696 4
5697 1
5698 2
5699 1
5700 1
5705 2
5706 2
5710 1
5711 1
5713 2
5714 3
5717 2
5720 1
5725 1
5726 3
5732 1
5733 1
5735 1
5737 1
5738 3
5740 1
5742 2
5743 5
5744 1
5745 2
5746 3
5749 1
5754 2
5757 2
5758 2
5759 1
5760 1
5762 5
5768 1
5772 1
5773 1
5774 2
5775 1
5776 1
5777 1
5778 2
5780 2
5781 1
5785 1
5788 2
5792 1
5795 2
5797 1
5801 1
5803 1
5806 2
5807 3
5810 2
5813 1
5814 2
5819 2
5820 1
5823 1
5825 3
5829 1
5830 1
5834 1
5839 1
5843 1
5844 1
5845 1
5846 2
5849 1
5850 2
5854 5
5858 2
5864 1
5866 1
5868 1
5871 1
5872 1
5874 2
5877 1
5881 2
5882 1
5883 1
5884 1
5886 2
5887 7
5892 2
5897 1
5898 2
5903 1
5906 2
5908 1
5909 2
5913 1
5914 1
5915 1
5918 2
5920 2
5923 1
5930 6
5931 1
5934 3
5938 2
5943 1
5945 1
5947 2
5949 1
5950 1
5951 1
5956 3
5969 1
5972 2
5974 1
5978 2
5981 2
5984 2
5986 3
5987 1
5990 1
5992 1
5993 1
5995 1
5998 2
5999 2
6000 1
6001 2
6002 3
6003 1
6004 6
6005 3
6008 1
6009 2
6014 2
6016 3
6017 1
6018 3
6025 1
6026 5
6031 4
6034 1
6035 1
6036 1
6045 1
6047 1
6048 3
6050 1
6052 2
6059 2
6062 1
6064 2
6065 1
6066 1
6069 2
6070 1
6074 2
6083 1
6085 1
6086 1
6087 4
6090 3
6093 1
6095 1
6096 1
6097 1
6098 4
6106 2
6108 2
6109 2
6110 2
6111 1
6112 2
6114 2
6118 1
6119 1
6120 1
6121 1
6122 1
6125 1
6126 1
6127 1
6130 1
6132 1
6133 1
6139 2
6140 1
6143 1
6144 2
6146 1
6147 1
6149 1
6151 2
6152 1
6153 1
6154 2
6155 3
6160 3
6162 1
6163 1
6164 2
6165 3
6166 1
6171 1
6172 3
6176 1
6182 3
6185 1
6186 2
6187 1
6188 2
6190 2
6191 2
6198 1
6199 3
6200 1
6203 1
6209 1
6210 2
6212 1
6216 3
6218 4
6221 3
6222 1
6223 1
6224 1
6226 2
6227 1
6228 2
6229 1
6231 1
6233 1
6234 1
6235 2
6236 3
6240 2
6242 2
6243 1
6244 4
6245 1
6250 2
6251 2
6252 4
6253 1
6259 1
6267 4
6268 2
6269 1
6270 3
6271 1
6272 1
6278 2
6282 1
6284 2
6285 2
6286 4
6289 1
6291 2
6292 2
6298 1
6299 3
6300 1
6303 4
6309 1
6310 6
6311 1
6314 1
6315 2
6321 1
6323 1
6324 1
6325 1
6326 1
6328 5
6334 1
6338 3
6340 1
6341 3
6342 2
6346 2
6347 1
6349 2
6351 2
6352 1
6358 2
6360 1
6364 1
6366 1
6370 2
6373 1
6374 2
6377 2
6378 1
6380 1
6381 1
6383 1
6385 2
6387 1
6388 3
6390 2
6395 3
6401 2
6404 2
6406 1
6408 2
6413 1
6415 1
6418 1
6419 1
6420 1
6421 1
6423 1
6424 1
6425 1
6426 2
6430 2
6432 1
6436 3
6438 2
6440 1
6447 1
6451 1
6453 2
6454 1
6459 2
6460 1
6461 2
6462 2
6464 1
6465 1
6468 2
6469 2
6478 1
6481 1
6483 1
6488 1
6491 1
6492 1
6499 1
6500 1
6505 1
6509 1
6512 1
6515 2
6518 1
6523 1
6524 2
6528 1
6536 1
6538 1
6542 1
6543 1
6549 2
6551 2
6554 1
6559 2
6560 3
6562 1
6563 3
6564 1
6568 1
6569 1
6572 1
6573 3
6577 1
6578 1
6581 1
6582 1
6586 1
6587 1
6591 1
6592 1
6593 1
6605 2
6608 2
6613 1
6615 4
6618 1
6626 1
6629 1
6630 1
6632 1
6639 2
6650 2
6654 1
6655 1
6656 1
6660 2
6662 1
6665 2
6667 2
6669 1
6674 1
6685 1
6687 1
6689 1
6695 1
6699 1
6703 2
6707 2
6709 2
6710 1
6711 1
6715 1
6717 1
6723 1
6724 3
6725 1
6726 1
6727 4
6729 1
6730 1
6738 1
6744 3
6752 1
6754 1
6755 1
6756 1
6758 1
6764 3
6766 1
6768 2
6769 1
6770 1
6771 1
6772 1
6776 1
6777 1
6783 1
6796 2
6801 1
6806 1
6807 3
6814 3
6816 1
6819 1
6821 1
6822 1
6824 1
6825 1
6834 1
6836 1
6840 1
6841 1
6842 1
6845 1
6847 1
6853 2
6855 1
6862 2
6863 1
6865 1
6867 2
6876 1
6879 2
6880 1
6881 1
6884 1
6886 1
6894 1
6895 1
6907 1
6909 1
6912 1
6913 1
6914 1
6915 1
6916 1
6918 1
6924 1
6927 3
6929 1
6932 1
6935 1
6937 1
6938 3
6941 2
6945 1
6948 2
6951 1
6959 1
6961 1
6963 1
6967 1
6968 2
6969 3
6971 1
6974 1
6977 1
6978 2
6979 1
6983 3
6987 1
6989 1
6993 1
6994 2
7000 2
7003 1
7006 2
7007 1
7008 3
7009 1
7023 1
7029 3
7046 1
7047 1
7051 3
7052 2
7053 2
7054 1
7056 1
7057 2
7065 1
7066 1
7069 1
7070 2
7073 1
7074 3
7078 2
7081 1
7082 1
7083 1
7087 1
7088 1
7089 2
7090 1
7091 1
7092 1
7097 1
7102 1
7104 1
7108 1
7111 1
7114 1
7116 2
7117 1
7118 1
7119 1
7120 1
7121 1
7122 1
7124 1
7125 1
7127 1
7132 3
7133 2
7136 1
7137 1
7140 2
7148 1
7150 1
7153 1
7157 1
7168 3
7179 3
7180 1
7186 1
7189 1
7190 1
7192 1
7197 1
7205 1
7208 1
7217 2
7220 1
7221 1
7222 1
7223 1
7225 2
7226 1
7233 1
7234 2
7236 1
7237 1
7239 1
7246 1
7256 5
7257 2
7258 1
7259 2
7262 1
7269 1
7270 1
7271 1
7273 1
7275 1
7283 1
7285 3
7286 1
7287 1
7288 1
7290 1
7292 1
7298 1
7302 1
7304 2
7308 1
7310 2
7322 1
7323 1
7326 1
7331 1
7335 1
7349 1
7354 1
7357 1
7360 1
7365 2
7373 1
7376 1
7380 3
7383 3
7385 1
7387 1
7388 1
7391 1
7393 1
7394 1
7396 1
7399 2
7401 1
7402 1
7404 2
7405 1
7406 1
7407 1
7410 2
7411 2
7413 1
7414 2
7416 1
7417 1
7419 1
7421 2
7422 1
7426 1
7433 1
7438 2
7439 1
7440 1
7443 2
7449 1
7451 1
7452 1
7456 3
7459 1
7460 1
7462 4
7463 1
7466 2
7471 1
7472 1
7478 4
7480 2
7484 1
7491 1
7494 1
7496 1
7498 1
7501 2
7503 1
7505 1
7508 3
7510 1
7511 1
7512 1
7513 1
7515 1
7518 1
7526 1
7527 1
7533 1
7535 4
7540 2
7542 1
7544 1
7550 1
7553 1
7554 2
7555 1
7556 1
7558 2
7561 2
7564 1
7566 1
7568 1
7569 2
7571 1
7573 1
7577 2
7582 2
7586 1
7591 1
7594 1
7596 1
7599 1
7601 1
7602 1
7603 1
7606 1
7607 1
7614 1
7620 1
7622 2
7623 1
7629 1
7633 1
7634 2
7636 1
7641 2
7642 1
7644 1
7646 2
7648 1
7649 1
7650 1
7655 1
7657 1
7658 1
7659 1
7662 1
7663 1
7666 2
7669 2
7673 1
7674 1
7680 1
7681 1
7682 1
7683 1
7684 1
7689 1
7691 1
7692 1
7693 1
7708 1
7716 1
7720 1
7724 1
7734 1
7738 1
7745 1
7748 1
7749 1
7753 2
7760 2
7761 1
7764 1
7766 1
7768 1
7771 1
7774 1
7776 1
7789 2
7790 1
7791 1
7797 1
7799 1
7803 1
7811 1
7812 1
7814 2
7820 1
7821 1
7826 1
7827 1
7836 1
7839 1
7840 1
7843 1
7844 2
7851 1
7855 1
7856 2
7866 1
7872 1
7873 2
7877 1
7878 1
7882 1
7883 1
7885 1
7890 2
7892 1
7899 1
7901 1
7905 1
7908 1
7915 1
7924 2
7932 1
7937 1
7940 1
7942 1
7943 1
7946 1
7948 1
7950 1
7957 2
7961 1
7962 1
7972 1
7976 1
7980 1
7990 1
7993 3
8000 1
8001 1
8007 1
8008 1
8009 1
8011 1
8012 1
8016 2
8017 2
8025 1
8028 1
8034 2
8037 1
8041 1
8044 1
8051 2
8053 1
8062 1
8063 1
8065 1
8066 1
8068 1
8071 2
8072 2
8074 1
8075 1
8077 1
8079 1
8081 1
8082 1
8083 1
8085 2
8090 1
8092 1
8094 1
8096 1
8097 1
8121 1
8123 1
8125 1
8126 1
8127 1
8129 1
8131 1
8132 1
8145 1
8147 1
8148 1
8156 1
8159 1
8167 1
8168 2
8171 3
8173 1
8178 1
8179 2
8180 1
8188 1
8189 1
8192 4
8194 1
8197 1
8198 1
8199 1
8201 1
8206 2
8210 1
8213 1
8215 1
8217 1
8220 3
8221 3
8226 1
8229 2
8230 2
8233 1
8241 2
8242 1
8244 1
8245 1
8249 3
8258 2
8262 4
8265 2
8269 1
8272 1
8273 2
8274 1
8276 1
8278 1
8279 2
8287 1
8294 1
8295 1
8296 1
8311 1
8314 2
8316 2
8319 1
8321 1
8330 2
8332 1
8344 1
8346 1
8350 1
8355 1
8364 1
8367 4
8374 1
8376 2
8378 1
8381 1
8383 1
8389 2
8391 1
8393 3
8400 1
8402 2
8404 1
8405 2
8409 1
8416 2
8420 1
8422 2
8423 1
8428 2
8431 1
8432 2
8433 1
8437 1
8438 1
8439 1
8440 2
8448 1
8449 2
8450 1
8460 1
8461 1
8472 1
8475 1
8476 1
8479 1
8482 2
8483 1
8486 1
8487 3
8488 2
8491 2
8496 1
8497 1
8500 3
8506 1
8518 1
8519 2
8520 1
8521 1
8526 1
8528 1
8535 2
8536 3
8537 1
8540 1
8541 1
8543 1
8547 1
8549 2
8553 5
8555 1
8564 1
8565 1
8574 5
8575 2
8579 1
8586 4
8587 1
8588 1
8589 1
8593 1
8594 1
8598 2
8601 1
8606 1
8608 2
8614 1
8619 3
8622 1
8625 2
8626 1
8627 1
8629 1
8632 1
8633 1
8635 1
8641 1
8643 1
8644 2
8647 1
8648 1
8651 1
8656 1
8659 1
8661 1
8663 1
8664 3
8667 1
8668 2
8673 1
8677 1
8680 1
8681 1
8687 8
8692 1
8700 2
8703 1
8706 3
8707 3
8713 1
8714 3
8716 1
8718 1
8722 1
8723 1
8727 1
8728 2
8731 1
8737 2
8738 3
8742 5
8756 3
8759 1
8762 2
8763 1
8771 1
8772 1
8790 1
8798 1
8799 1
8804 1
8807 1
8811 2
8814 4
8818 1
8831 1
8837 1
8842 2
8844 2
8848 1
8850 1
8853 1
8864 1
8865 1
8866 2
8870 1
8882 2
8885 2
8891 3
8892 2
8894 1
8906 1
8909 1
8913 1
8914 2
8917 2
8921 2
8923 2
8928 1
8930 1
8931 1
8932 1
8939 1
8942 1
8943 1
8944 1
8950 1
8952 14
8954 4
8957 1
8961 1
8963 1
8964 1
8968 1
8970 1
8972 1
8973 2
8974 1
8982 1
8983 1
8985 1
8993 2
8999 1
9002 1
9004 3
9005 1
9012 1
9019 2
9025 1
9029 2
9030 1
9031 2
9035 1
9038 1
9042 1
9043 1
9045 1
9054 2
9068 3
9073 2
9082 1
9088 1
9089 1
9090 2
9098 1
9100 2
9102 1
9103 1
9104 1
9106 1
9109 3
9111 1
9115 3
9117 1
9118 2
9121 1
9133 1
9134 2
9135 1
9141 1
9142 1
9151 1
9152 1
9155 1
9165 1
9166 2
9176 1
9178 1
9180 1
9184 1
9186 1
9193 2
9195 2
9198 1
9204 2
9205 1
9208 1
9210 1
9214 4
9216 1
9218 1
9219 2
9223 1
9228 1
9231 1
9232 1
9234 1
9238 2
9240 1
9244 1
9247 4
9248 2
9250 1
9253 1
9254 1
9255 1
9256 1
9257 1
9260 2
9261 1
9262 1
9266 1
9267 1
9271 1
9272 1
9278 1
9294 1
9312 1
9313 1
9314 1
9316 1
9317 2
9318 3
9321 1
9336 1
9337 1
9339 1
9340 1
9341 1
9346 2
9350 1
9352 1
9356 1
9359 1
9363 1
9364 1
9365 1
9368 2
9378 1
9381 3
9385 1
9402 1
9414 2
9419 2
9429 1
9437 1
9440 4
9442 1
9444 1
9454 1
9456 3
9461 1
9464 1
9470 2
9475 1
9476 1
9482 1
9485 2
9486 2
9487 1
9488 1
9489 1
9492 1
9503 1
9511 1
9517 1
9522 1
9529 1
9531 1
9536 2
9539 1
9540 1
9544 1
9547 1
9550 2
9558 1
9559 1
9561 1
9567 1
9569 1
9572 1
9573 4
9575 3
9578 3
9580 1
9582 1
9585 1
9590 1
9591 1
9592 1
9594 3
9597 2
9613 1
9618 1
9630 2
9633 1
9634 2
9638 2
9644 1
9646 1
9647 1
9650 2
9653 1
9656 1
9662 2
9663 1
9664 1
9672 1
9679 1
9680 1
9692 1
9708 1
9712 1
9716 2
9720 1
9723 1
9728 1
9735 1
9740 3
9742 2
9751 1
9761 1
9768 1
9770 1
9772 1
9775 1
9782 2
9784 1
9786 2
9787 3
9792 1
9794 1
9796 1
9799 1
9800 5
9804 1
9812 2
9814 1
9815 1
9822 1
9824 1
9825 1
9835 2
9848 1
9851 1
9854 1
9864 3
9881 1
9882 1
9884 1
9892 1
9893 1
9901 1
9909 3
9912 1
9919 2
9920 1
9929 1
9930 1
9936 1
9939 1
9950 1
9951 2
9952 1
9958 2
9964 1
9969 3
9971 1
9973 2
9974 1
9985 1
9991 1
10000 2
10002 1
10005 1
10006 1
10008 1
10009 3
10015 1
10018 1
10019 1
10026 1
10032 1
10033 1
10039 1
10048 1
10052 1
10055 2
10060 1
10061 2
10062 1
10064 2
10068 1
10075 1
10076 1
10080 2
10086 2
10089 1
10104 1
10106 1
10112 4
10127 2
10130 1
10139 1
10164 1
10178 1
10189 2
10204 1
10206 2
10213 1
10222 1
10223 1
10227 2
10232 2
10233 1
10236 1
10238 2
10240 1
10246 1
10251 2
10254 1
10265 1
10272 2
10278 2
10283 1
10296 2
10297 1
10305 2
10308 1
10316 1
10327 1
10342 1
10344 1
10345 1
10349 1
10357 1
10358 1
10360 1
10364 1
10376 1
10385 1
10389 1
10404 1
10414 1
10417 1
10426 1
10429 1
10434 1
10452 3
10461 1
10470 2
10475 2
10478 1
10481 2
10485 1
10487 1
10491 3
10493 1
10499 1
10500 2
10504 1
10505 1
10506 1
10510 1
10514 1
10515 1
10521 1
10529 1
10530 5
10531 2
10543 1
10547 2
10549 2
10557 2
10580 1
10585 1
10586 2
10588 1
10590 2
10593 1
10598 1
10607 1
10613 1
10637 1
10643 1
10649 1
10656 1
10667 1
10669 2
10677 1
10678 1
10680 1
10681 2
10686 1
10705 1
10706 1
10710 1
10713 1
10716 1
10730 1
10736 1
10739 2
10740 1
10744 1
10751 1
10752 1
10753 1
10757 1
10758 1
10762 1
10770 1
10773 1
10808 1
10810 1
10818 2
10829 1
10833 1
10835 1
10836 1
10849 1
10852 1
10863 1
10865 1
10870 2
10871 1
10874 3
10875 1
10877 1
10884 2
10886 1
10892 2
10898 2
10900 1
10904 1
10906 1
10908 1
10911 1
10913 1
10915 2
10919 2
10928 2
10929 2
10933 2
10937 1
10940 1
10942 2
10944 1
10951 2
10955 1
10957 1
10958 2
10959 2
10963 1
10967 1
10968 1
10980 1
10985 1
10986 1
10994 1
10998 1
11004 1
11013 1
11022 1
11023 1
11026 1
11039 1
11041 2
11050 1
11052 1
11053 1
11064 1
11069 1
11073 1
11074 1
11079 2
11080 1
11092 1
11093 1
11095 1
11101 1
11107 1
11110 2
11114 3
11116 1
11135 2
11140 2
11141 1
11147 1
11150 1
11154 1
11163 2
11191 2
11193 1
11195 1
11198 1
11200 2
11203 1
11205 1
11212 1
11215 1
11217 2
11222 1
11230 3
11241 1
11244 1
11248 1
11249 2
11256 1
11260 1
11264 1
11270 1
11271 1
11277 1
11289 1
11301 1
11305 1
11308 2
11311 2
11316 1
11317 1
11318 3
11328 1
11330 1
11334 2
11336 1
11345 1
11351 1
11355 2
11363 2
11365 1
11366 1
11369 2
11381 1
11402 1
11406 1
11420 1
11421 1
11429 1
11432 1
11440 1
11451 1
11458 2
11462 1
11465 1
11474 1
11476 1
11494 1
11495 1
11499 1
11506 1
11523 1
11527 1
11534 1
11536 1
11538 1
11540 1
11543 1
11560 1
11561 2
11572 1
11576 1
11585 2
11587 1
11592 1
11596 1
11597 3
11599 2
11601 3
11603 2
11616 1
11630 2
11634 1
11650 1
11653 1
11656 1
11658 1
11659 2
11660 1
11663 3
11668 1
11671 1
11676 1
11680 2
11688 1
11696 1
11698 1
11718 1
11731 1
11739 1
11740 1
11742 1
11748 1
11751 1
11756 1
11769 1
11773 1
11784 1
11788 1
11791 1
11800 1
11817 2
11825 1
11830 1
11836 1
11839 1
11846 1
11847 1
11852 3
11854 2
11857 2
11860 1
11870 2
11882 1
11884 1
11887 1
11894 1
11897 1
11901 1
11910 1
11913 2
11921 1
11923 1
11949 1
11951 1
11952 1
11956 1
11965 1
11976 1
11989 1
11992 1
11993 1
11999 1
12018 2
12020 1
12021 1
12040 1
12048 1
12053 1
12056 2
12065 2
12067 1
12084 1
12089 1
12099 1
12104 1
12106 1
12108 1
12110 2
12113 2
12116 1
12126 1
12131 1
12144 2
12145 1
12150 1
12158 1
12160 1
12170 1
12180 1
12184 6
12189 3
12190 2
12196 1
12200 1
12211 1
12214 1
12216 1
12217 1
12218 1
12223 1
12226 4
12229 2
12233 1
12249 1
12252 1
12260 2
12266 1
12277 1
12281 1
12284 1
12286 1
12288 2
12319 1
12325 1
12351 1
12353 1
12360 1
12372 1
12375 1
12379 2
12426 3
12443 1
12445 1
12451 1
12462 1
12472 1
12473 1
12475 2
12478 2
12484 1
12490 1
12510 1
12531 1
12537 1
12544 1
12554 1
12562 1
12579 1
12588 1
12592 2
12596 1
12597 1
12599 1
12603 1
12607 2
12610 1
12621 1
12622 2
12624 1
12635 2
12637 2
12646 1
12648 3
12652 1
12666 1
12689 1
12698 1
12704 3
12720 1
12722 1
12725 1
12738 2
12739 3
12741 1
12752 2
12757 2
12762 1
12766 1
12767 3
12784 2
12794 1
12802 1
12804 2
12824 2
12832 1
12843 1
12847 1
12854 1
12857 1
12869 1
12876 1
12879 1
12880 1
12902 1
12913 1
12916 1
12921 2
12952 1
12963 1
12964 1
12965 1
12966 1
12968 2
12974 1
12977 1
12979 1
12982 1
12983 1
12989 1
12993 1
12995 1
12996 1
13001 1
13016 1
13018 1
13041 1
13044 1
13050 1
13068 1
13083 1
13087 2
13089 1
13109 2
13112 1
13114 1
13123 2
13129 1
13155 1
13162 1
13165 1
13181 1
13182 1
13188 1
13194 1
13203 1
13206 1
13220 16
13228 1
13235 2
13237 1
13238 1
13243 1
13249 1
13252 1
13263 1
13274 1
13291 1
13297 1
13302 2
13315 2
13329 1
13330 1
13346 1
13360 2
13365 2
13370 2
13382 1
13417 1
13420 1
13422 1
13425 1
13427 1
13432 1
13434 1
13436 2
13442 1
13451 2
13457 1
13478 1
13486 1
13493 3
13498 2
13508 1
13511 1
13512 1
13516 1
13520 2
13521 1
13524 16
13525 1
13531 2
13532 1
13535 1
13550 3
13558 1
13572 2
13574 1
13575 1
13576 2
13579 1
13585 2
13600 1
13604 4
13608 1
13617 1
13618 2
13647 1
13668 1
13679 1
13697 2
13716 1
13717 1
13736 1
13738 1
13741 1
13744 1
13750 1
13757 1
13761 19
13766 1
13770 2
13780 1
13790 1
13791 1
13796 2
13814 1
13821 1
13841 1
13849 1
13859 2
13865 2
13879 1
13883 1
13884 1
13899 1
13909 2
13920 1
13924 2
13943 2
13946 1
13963 1
13966 1
13977 1
14007 1
14011 1
14016 2
14017 1
14025 1
14026 1
14032 1
14045 1
14047 1
14055 1
14059 2
14061 1
14078 1
14083 1
14096 2
14097 5
14112 1
14119 1
14121 1
14131 1
14139 2
14145 1
14146 1
14158 1
14177 1
14178 1
14196 1
14207 1
14209 1
14215 2
14228 3
14257 1
14263 3
14264 1
14266 1
14277 1
14278 3
14284 1
14289 1
14297 2
14299 1
14308 2
14316 1
14336 3
14387 1
14397 1
14399 1
14403 2
14407 1
14436 1
14449 1
14463 1
14464 1
14467 1
14470 1
14480 1
14483 1
14496 1
14498 1
14502 1
14503 1
14510 1
14520 1
14546 1
14553 1
14566 2
14568 1
14569 1
14571 1
14601 1
14604 3
14613 1
14622 1
14623 1
14629 2
14630 1
14638 1
14642 1
14647 1
14665 1
14666 1
14678 1
14681 1
14683 1
14705 1
14706 1
14728 1
14736 1
14760 1
14763 1
14800 1
14803 1
14805 1
14812 1
14814 1
14821 1
14851 2
14881 1
14888 1
14893 1
14898 1
14903 1
14909 1
14911 1
14926 1
14934 1
14943 1
14944 2
14950 1
14963 1
14967 1
14972 2
14974 2
14976 1
14985 1
14993 1
15013 1
15017 1
15021 1
15024 1
15040 1
15044 1
15053 2
15054 3
15055 2
15056 1
15059 2
15060 1
15077 1
15093 1
15096 2
15122 1
15124 1
15145 1
15151 1
15160 1
15165 1
15178 2
15179 2
15202 1
15203 1
15204 1
15211 1
15215 1
15220 4
15225 1
15228 1
15231 1
15258 1
15263 1
15272 1
15282 1
15286 2
15289 1
15292 1
15293 2
15298 1
15347 1
15359 1
15371 3
15372 2
15387 1
15402 2
15405 1
15419 2
15425 1
15429 1
15436 1
15440 1
15456 1
15461 1
15474 5
15492 1
15512 1
15524 1
15535 2
15539 2
15554 1
15564 1
15566 1
15567 2
15585 1
15592 1
15593 1
15631 2
15635 1
15639 1
15651 1
15653 1
15654 1
15658 1
15659 1
15660 1
15667 1
15689 1
15728 2
15730 2
15732 1
15752 2
15756 1
15766 1
15767 1
15773 1
15780 1
15782 2
15786 2
15796 1
15799 1
15804 2
15805 1
15821 1
15827 1
15837 1
15851 1
15852 1
15870 1
15886 1
15898 1
15920 1
15941 1
15946 1
15947 3
15969 1
15979 1
15997 1
16002 1
16007 1
16014 1
16015 1
16017 1
16026 1
16036 1
16042 1
16050 2
16055 2
16056 1
16062 1
16077 1
16099 1
16101 1
16107 1
16118 1
16121 1
16128 1
16134 1
16142 1
16153 1
16157 1
16161 1
16176 1
16194 1
16196 1
16210 1
16221 1
16225 1
16271 1
16288 1
16289 1
16301 1
16307 1
16308 1
16312 2
16316 1
16325 3
16329 1
16344 1
16345 1
16362 1
16363 1
16381 1
16384 4
16392 2
16394 2
16455 1
16468 5
16470 2
16479 1
16483 1
16492 1
16501 3
16502 1
16507 1
16521 1
16534 1
16540 1
16556 2
16565 1
16568 1
16569 1
16584 2
16589 1
16594 1
16599 1
16602 1
16603 1
16605 1
16606 2
16611 1
16618 1
16619 1
16637 1
16655 4
16657 1
16659 1
16668 2
16672 1
16680 1
16698 1
16702 2
16711 1
16717 1
16720 1
16723 1
16737 2
16746 1
16773 1
16786 2
16789 1
16798 1
16812 2
16813 2
16817 2
16828 1
16835 1
16845 1
16858 3
16861 2
16908 2
16925 1
16943 1
16944 1
16946 1
16974 1
16980 1
16986 1
16992 1
16998 1
17007 1
17008 1
17010 1
17022 1
17029 1
17041 1
17044 1
17049 1
17050 1
17064 1
17076 1
17090 1
17092 2
17098 1
17100 1
17106 1
17140 1
17149 1
17153 2
17154 1
17156 2
17222 1
17223 1
17240 2
17248 1
17258 1
17264 1
17269 1
17276 1
17281 1
17285 2
17290 1
17300 2
17310 1
17315 1
17319 1
17320 1
17323 1
17326 1
17338 1
17339 1
17370 1
17372 1
17376 2
17384 1
17391 1
17403 1
17408 1
17409 1
17436 1
17483 2
17507 2
17515 2
17519 2
17525 1
17535 1
17550 1
17558 1
17574 2
17576 1
17582 1
17588 1
17603 1
17612 1
17622 8
17627 1
17651 1
17664 1
17675 1
17677 1
17688 2
17689 1
17700 1
17728 1
17752 1
17754 1
17760 2
17761 1
17769 1
17772 1
17793 2
17794 1
17813 1
17815 1
17821 1
17828 1
17834 1
17877 1
17882 2
17889 2
17897 3
17924 1
17929 1
17934 1
17940 1
17942 2
17958 1
17962 2
17963 1
17965 1
17981 1
17989 1
17990 1
18002 1
18011 2
18032 2
18047 3
18052 1
18081 1
18087 1
18113 1
18116 2
18137 1
18139 1
18145 1
18199 1
18228 1
18249 2
18250 1
18265 2
18267 2
18279 1
18283 1
18288 1
18295 1
18301 1
18302 1
18304 1
18306 1
18334 1
18362 1
18364 1
18382 1
18389 1
18401 1
18404 1
18416 1
18419 2
18423 1
18424 1
18438 1
18442 1
18443 2
18455 1
18460 1
18463 2
18465 2
18482 2
18486 1
18504 1
18505 1
18512 1
18537 1
18540 1
18547 2
18549 2
18550 1
18558 1
18571 1
18573 1
18576 2
18582 1
18592 1
18593 2
18595 1
18600 2
18603 2
18614 1
18615 1
18645 2
18660 1
18693 2
18699 2
18734 1
18747 1
18749 1
18755 1
18759 2
18766 2
18791 1
18792 2
18799 2
18804 8
18814 2
18820 1
18824 1
18844 1
18852 1
18862 1
18869 2
18892 1
18894 1
18908 4
18914 1
18917 1
18919 1
18928 1
18948 1
18974 1
18999 1
19007 1
19016 1
19035 2
19049 1
19071 1
19079 1
19089 1
19107 1
19120 1
19121 1
19124 1
19138 1
19139 1
19142 1
19160 1
19170 1
19171 1
19173 1
19176 1
19178 1
19196 1
19209 2
19216 1
19217 1
19228 2
19229 1
19235 1
19260 2
19270 1
19274 1
19278 2
19294 1
19303 1
19306 2
19326 1
19329 2
19358 2
19383 1
19385 1
19390 1
19391 2
19395 2
19444 1
19453 1
19464 1
19472 1
19487 1
19498 1
19504 1
19506 1
19510 1
19519 1
19534 1
19540 2
19557 1
19560 1
19564 1
19568 1
19571 2
19585 1
19586 1
19587 1
19589 3
19590 1
19593 1
19700 1
19736 1
19741 1
19778 1
19780 1
19826 1
19829 2
19862 1
19883 1
19887 5
19916 1
19939 1
19988 1
19994 1
20038 1
20045 2
20064 2
20067 1
20070 3
20080 1
20082 1
20093 1
20102 1
20119 1
20125 1
20142 1
20158 1
20166 2
20181 1
20199 1
20210 1
20240 1
20294 1
20296 2
20316 1
20332 1
20334 2
20342 2
20364 1
20372 2
20400 1
20408 1
20409 1
20441 1
20444 1
20449 1
20469 1
20475 1
20514 1
20517 1
20525 1
20528 2
20546 1
20560 1
20588 1
20596 1
20614 1
20619 1
20627 1
20629 2
20680 1
20682 3
20687 1
20691 1
20714 2
20729 1
20762 1
20793 1
20818 1
20831 1
20834 1
20840 1
20876 3
20907 1
20939 1
20976 1
20988 1
20989 2
21004 1
21027 1
21043 1
21047 1
21062 2
21103 2
21114 1
21116 1
21125 2
21138 1
21142 1
21148 2
21149 1
21151 1
21165 1
21180 1
21186 1
21195 2
21200 1
21229 1
21288 1
21291 1
21323 1
21330 1
21348 1
21374 1
21378 3
21383 2
21403 2
21422 1
21473 1
21477 1
21541 3
21550 2
21568 1
21678 1
21698 2
21718 1
21746 1
21779 2
21789 2
21807 1
21812 2
21865 1
21867 1
21877 1
21890 1
21895 1
21913 1
21914 1
21915 1
21918 1
21959 1
21964 1
21966 1
21984 4
21989 1
22020 1
22029 1
22049 2
22054 2
22056 1
22066 2
22084 1
22096 1
22135 1
22137 1
22153 1
22169 3
22172 1
22176 8
22192 9
22193 1
22203 1
22206 1
22217 1
22240 2
22271 1
22282 1
22286 3
22288 1
22311 1
22318 1
22335 1
22338 2
22345 1
22347 1
22352 1
22355 1
22367 2
22393 1
22412 2
22420 1
22436 1
22440 2
22475 1
22523 2
22540 4
22552 1
22558 2
22568 2
22580 2
22585 1
22592 1
22596 1
22638 1
22644 1
22661 1
22676 1
22688 1
22715 1
22732 1
22736 2
22741 1
22750 1
22759 1
22761 1
22767 1
22774 1
22788 1
22789 1
22819 1
22837 1
22856 2
22888 1
22897 1
22913 2
22917 1
22922 2
22943 2
22950 1
22963 2
22969 1
22971 1
22988 1
23009 1
23017 1
23026 1
23067 1
23136 1
23137 1
23158 1
23163 1
23205 1
23227 1
23252 2
23284 1
23298 1
23334 1
23339 1
23346 1
23347 1
23371 1
23375 1
23398 2
23409 1
23440 1
23444 3
23478 3
23496 1
23523 1
23527 1
23592 1
23606 1
23688 1
23748 1
23780 1
23825 1
23854 1
23861 1
23871 1
23929 1
23934 1
23946 1
23967 1
23979 2
23988 1
23999 1
24009 2
24010 1
24013 1
24041 1
24051 1
24075 2
24079 2
24099 1
24124 1
24150 4
24219 1
24220 1
24347 1
24348 1
24376 1
24381 1
24401 1
24447 1
24486 1
24496 2
24503 1
24524 2
24566 1
24576 138
24587 1
24624 1
24660 1
24687 1
24694 1
24708 1
24721 1
24723 1
24727 2
24740 1
24767 1
24776 1
24795 1
24805 1
24808 1
24814 1
24835 2
24837 1
24838 2
24854 1
24865 1
24899 1
24960 1
24976 1
24982 1
24993 1
24999 2
25038 2
25055 1
25064 1
25094 1
25095 1
25099 1
25169 1
25194 1
25204 1
25206 2
25230 1
25254 1
25266 2
25303 1
25309 1
25376 1
25401 1
25477 1
25490 1
25551 1
25575 1
25594 1
25603 1
25660 1
25663 1
25667 1
25692 1
25723 1
25724 1
25783 1
25792 2
25870 2
25878 1
25885 1
25908 1
25913 2
25915 1
25927 1
25937 1
25955 2
25978 1
25982 1
26005 2
26013 2
26027 2
26032 1
26045 1
26046 1
26059 1
26061 1
26068 1
26069 2
26088 1
26112 1
26115 2
26126 1
26154 1
26237 1
26303 1
26314 1
26319 1
26328 2
26338 1
26354 1
26404 1
26426 1
26463 1
26497 1
26505 1
26507 1
26529 1
26537 1
26539 1
26601 2
26624 1
26683 1
26730 1
26784 2
26796 2
26807 1
26901 1
26907 1
26914 1
26983 1
26985 1
27002 1
27003 3
27010 1
27019 1
27082 1
27083 1
27235 1
27244 2
27299 1
27327 1
27364 1
27416 1
27472 1
27492 1
27517 1
27605 1
27626 2
27631 1
27649 1
27668 1
27680 3
27751 1
27754 2
27761 2
27793 1
27795 1
27801 1
27823 2
27827 1
27840 1
27867 1
27903 2
27915 2
27947 2
27989 1
28037 1
28043 1
28047 1
28048 1
28056 1
28061 1
28062 1
28087 1
28116 1
28117 2
28137 2
28148 1
28160 1
28180 3
28216 1
28248 1
28249 1
28285 1
28303 1
28365 1
28372 1
28410 1
28411 1
28445 1
28456 2
28483 1
28487 1
28502 1
28542 1
28543 1
28570 1
28571 1
28588 1
28624 1
28656 1
28675 1
28698 1
28732 1
28769 2
28804 1
28830 1
28855 2
28880 1
28909 1
28948 1
28996 1
29083 1
29090 1
29167 1
29173 3
29180 2
29190 1
29193 2
29210 1
29233 2
29248 1
29280 1
29320 1
29325 1
29355 1
29395 1
29397 1
29400 1
29432 1
29469 1
29504 1
29506 1
29563 2
29574 2
29597 1
29601 1
29610 1
29613 1
29629 1
29701 1
29703 1
29727 1
29751 1
29802 1
29808 1
29813 1
29866 2
29872 1
29920 1
29965 2
29966 2
29968 1
29996 1
30013 1
30025 2
30108 3
30116 1
30118 2
30144 2
30155 1
30208 1
30217 1
30221 1
30258 1
30259 1
30266 2
30321 1
30331 1
30374 1
30494 1
30517 1
30532 1
30550 1
30582 1
30652 2
30660 2
30696 1
30702 1
30722 1
30771 1
30775 1
30790 1
30798 1
30815 1
30873 3
30926 1
30929 1
31088 1
31119 1
31274 2
31316 1
31317 1
31404 1
31476 1
31504 2
31546 2
31565 1
31597 1
31623 1
31626 2
31634 1
31636 2
31666 1
31701 2
31865 2
31884 2
31981 1
32000 1
32032 1
32199 1
32200 1
32216 1
32223 1
32285 1
32303 1
32305 1
32306 1
32314 1
32364 1
32397 1
32400 1
32427 1
32456 1
32457 1
32487 1
32539 1
32606 2
32628 1
32667 1
32676 1
32703 2
32719 2
32720 1
32740 1
32768 69
32836 2
32838 1
32840 2
32863 1
32906 1
32972 1
32993 1
33025 2
33097 1
33151 2
33267 1
33282 1
33393 1
33402 2
33427 1
33586 1
33588 2
33656 1
33672 1
33683 1
33814 1
33866 3
33883 1
33894 1
33927 2
34011 1
34024 1
34031 1
34117 1
34196 1
34235 1
34236 1
34380 2
34478 1
34488 2
34513 2
34713 1
34876 2
34910 1
35115 2
35149 1
35183 1
35203 1
35204 1
35216 2
35223 1
35289 1
35302 1
35395 1
35397 2
35467 1
35500 1
35607 1
35727 1
35748 1
35789 1
35822 1
35830 1
35904 1
36039 1
36088 1
36148 1
36185 1
36248 1
36250 1
36336 1
36389 1
36401 2
36527 2
36574 1
36611 1
36645 1
36699 2
36716 1
36778 1
36792 1
36837 1
36928 1
36956 1
36965 1
37012 2
37023 1
37033 2
37074 1
37111 1
37133 2
37139 1
37237 1
37274 1
37293 1
37343 1
37376 1
37419 1
37425 1
37441 1
37526 1
37585 1
37609 1
37748 8
37798 1
37915 1
37940 1
37987 1
38043 1
38157 2
38164 1
38178 1
38256 1
38258 1
38273 1
38331 1
38369 1
38417 2
38465 1
38487 1
38490 1
38512 1
38536 1
38541 2
38557 1
38589 1
38658 1
38722 1
38751 1
38776 1
38835 2
38910 1
38988 1
39033 1
39121 1
39341 2
39355 1
39359 1
39490 1
39506 1
39543 2
39632 1
39646 1
39649 1
39664 2
39695 1
39707 3
39753 1
39776 1
39790 1
39802 2
39894 1
39918 1
40051 1
40065 1
40104 1
40226 1
40242 1
40248 1
40251 1
40267 1
40429 1
40439 1
40454 1
40506 1
40590 1
40599 1
40643 1
40653 1
40680 1
40688 1
40720 1
40728 1
40782 1
40783 1
40817 2
40837 1
40849 2
40908 1
40960 34
41041 1
41050 2
41128 1
41146 1
41197 1
41219 1
41261 1
41265 1
41274 1
41386 1
41401 1
41461 1
41467 1
41564 1
41639 1
41760 1
41780 1
41781 1
41803 1
41821 1
41845 1
41932 1
41951 2
42007 1
42068 1
42111 2
42190 1
42275 1
42300 1
42337 1
42354 1
42363 1
42485 1
42497 1
42573 1
42768 1
42789 1
42800 1
42808 1
42820 1
42823 1
42879 1
42962 1
43146 1
43165 1
43245 1
43253 1
43372 1
43380 1
43388 1
43438 1
43446 1
43483 2
43520 1
43534 1
43567 1
43617 1
43630 2
43642 1
43681 1
43746 1
43818 1
43827 1
43882 1
43901 1
43923 1
43929 1
43958 1
43959 1
44032 1
44033 1
44109 1
44250 1
44283 2
44310 1
44503 1
44748 1
44797 1
44804 1
44831 1
44861 1
44872 1
44888 4
44920 2
44960 1
44974 1
44980 1
45097 1
45100 1
45116 1
45276 1
45426 1
45430 1
45460 1
45471 1
45563 1
45578 1
45604 1
45655 1
45674 1
45778 1
45880 1
46011 1
46155 1
46198 1
46300 1
46592 1
46671 1
46689 1
46700 1
46706 2
46764 1
46841 1
46850 1
46872 1
46895 1
46900 1
46923 1
46933 1
46952 1
46954 1
47268 1
47615 2
47648 1
47680 1
47681 4
47730 1
47743 1
47920 1
48073 1
48075 1
48079 1
48080 1
48093 1
48140 2
48224 1
48252 1
48396 1
48569 1
48648 1
48692 1
48722 1
48828 1
48889 1
48894 10
48962 1
48991 1
49008 1
49010 1
49102 1
49152 15
49265 1
49323 1
49355 1
49435 1
49453 1
49845 1
49954 2
50000 1
50048 1
50383 1
50546 1
50719 1
51007 1
51191 1
51396 2
51503 1
51517 1
51540 1
51638 2
51662 1
51992 1
52058 1
52169 1
52284 1
52444 1
52607 1
52673 1
53041 1
53114 1
53129 1
53168 1
53462 2
53475 1
53544 1
53779 1
53792 1
53801 1
53812 1
53858 2
53901 1
53933 3
53941 1
53982 1
53986 1
54316 1
54341 1
54428 1
54440 1
54714 1
54717 1
54973 1
55035 1
55133 1
55147 1
55165 1
55192 1
55248 1
55543 1
55877 3
55901 1
55919 1
56001 1
56304 1
56321 1
56370 1
56397 1
56518 2
56600 1
56655 2
56863 2
57020 2
57067 1
57344 15
57442 2
57573 2
57591 1
57626 2
57680 1
57910 1
57927 2
58042 1
58392 1
58473 1
58650 1
58798 1
58817 1
58942 1
58953 1
59036 2
59125 2
59304 1
59336 2
59526 1
59568 1
59588 1
59628 1
59854 1
59924 1
59931 1
60134 2
60154 1
60348 1
60429 1
60493 2
60800 1
60881 1
60928 1
61370 1
61520 1
61580 1
61650 1
61652 1
61772 1
61840 2
61955 1
62344 1
62355 1
62464 1
62629 1
63121 1
63179 1
63220 1
63281 1
63522 1
63644 1
63687 2
63697 1
63700 1
63712 1
63938 2
63954 1
64040 1
64264 1
64344 1
64373 1
64459 1
64522 1
64724 1
64931 1
65270 1
65440 1
65491 1
65536 6
65537 2
65599 1
65601 1
65607 2
65661 1
65666 1
65697 1
65700 1
65801 1
65802 1
65803 1
65804 1
65830 2
65835 1
65934 1
65982 1
65990 1
65997 1
66039 1
66231 2
66447 2
67271 2
67608 1
67676 1
67706 1
67964 1
68382 2
68600 1
68802 1
68878 1
68945 1
69040 1
69407 2
69719 1
69810 1
69821 1
70128 1
70151 1
70200 1
70684 1
70744 1
70772 1
70791 1
70826 1
71049 1
71219 1
71396 1
71523 1
72042 1
72272 1
72434 1
72928 1
73004 1
73358 1
73398 1
73728 9
73838 1
75041 1
75433 2
75728 1
75733 1
75876 1
75938 1
76842 1
77824 1
78434 1
79525 2
79835 1
79854 1
79872 2
80223 1
80474 1
80575 1
81484 2
81593 1
81870 1
81920 10
82168 1
82491 1
82774 1
83235 1
83502 2
83886 1
84339 1
84384 1
84649 1
84847 1
86528 1
86664 1
86956 1
87321 1
87698 1
88066 1
88139 1
88957 3
89133 1
89140 1
90112 3
90597 1
91397 1
91497 1
91700 1
92189 1
92580 2
92653 1
93110 1
93184 1
93340 1
93374 1
94713 2
95193 1
95253 2
96741 1
96874 1
97346 1
97651 1
98221 1
98277 1
98278 1
98304 4
98316 2
98496 1
98593 2
98896 1
99302 1
99684 1
99719 2
100494 1
100917 1
101561 1
101738 2
102941 2
103501 1
103669 1
104284 1
104592 1
105812 1
106132 1
106496 6
106564 1
106743 1
106920 1
107082 1
107467 1
108289 2
108787 1
108868 2
108986 1
109375 1
109442 1
109493 1
110387 1
110390 1
112844 1
113470 2
113613 1
113825 1
114688 5
115164 2
115914 1
116042 1
116645 1
120596 1
121431 1
122164 1
122880 11
122882 1
122917 1
123717 1
123994 1
124198 1
124935 1
125736 2
128011 1
128182 1
128197 1
128780 1
129705 1
130476 1
130770 1
130840 2
131072 2
131248 1
131307 1
131476 1
131535 1
133270 1
134116 1
134911 1
136098 1
136543 1
136752 1
138068 1
139264 6
140208 1
142478 1
142574 1
143754 2
143853 2
145013 1
145722 1
146442 2
146753 1
147456 1
148339 1
149371 1
149967 2
151062 1
155648 3
156338 1
156536 1
156851 1
157569 2
159030 1
161164 2
162445 1
162992 2
163840 1
172032 4
172551 1
175471 1
175881 1
176993 1
182224 1
182389 1
185787 2
187682 1
188416 1
189663 1
192421 1
193398 1
196608 5
199719 4
199892 1
201462 1
204077 1
204800 7
205797 1
206747 2
208926 1
211072 1
211857 1
212217 1
212436 1
212992 1
219308 2
219358 1
220013 1
220458 1
221184 1
222318 1
227518 1
234853 1
237568 2
240312 1
240862 1
245562 2
246549 1
250590 1
251863 1
253747 1
253952 3
254014 1
254434 1
260826 1
262144 7
262215 1
262259 1
262271 1
262274 1
262325 1
262326 1
262327 1
262331 1
262373 1
262376 1
262377 1
262425 1
262432 1
262482 2
262485 1
262487 2
262495 1
262502 1
262547 1
262557 1
262565 1
262601 1
262642 1
262653 1
262660 1
262679 1
262710 1
262713 1
262785 1
268288 1
270336 4
271759 1
276141 1
276509 1
278130 1
278369 1
286720 3
291363 1
293948 1
296960 1
303381 1
305274 1
305889 1
313972 1
323684 1
324750 1
327680 1
333908 1
335045 1
335396 1
348788 1
360448 1
362571 1
376270 1
376832 1
380970 1
381639 1
389979 1
390011 2
393216 2
396128 1
397333 1
401143 2
406831 1
409600 2
410115 1
411024 1
416537 1
416578 1
417706 1
419498 1
419579 1
419993 1
420437 1
420487 1
420724 1
420986 1
421029 1
421053 1
421215 1
421486 1
421676 1
421928 1
423466 1
423687 1
423874 1
423902 1
424102 1
425052 1
425661 1
426116 2
426429 1
427645 1
428463 1
428761 1
428977 1
430276 1
430309 1
434176 3
437105 1
437602 1
442368 1
450560 1
458752 1
464418 1
475136 1
476851 1
476923 1
478483 1
483328 1
498048 1
524479 1
524814 1
532480 1
563130 1
563324 1
568307 1
573440 1
581632 1
586000 5
606208 1
606683 1
611240 1
618175 1
681458 1
745472 1
794745 1
809082 1
856243 1
860211 1
877568 1
892928 1
911360 1
1048701 1
1048706 1
1048714 1
1048756 1
1048758 1
1048820 1
1048872 1
1048932 1
1049041 1
1049049 1
1049056 1
1049155 1
1049207 1
1049266 1
1179648 2
1339223 1
1343488 1
1358713 1
1425408 1
1753088 1
1785856 1
1884160 1
2203648 1
2301267 1
2342912 1
2355266 1
3348255 1
3441738 1
3594062 1
3929463 1
4623022 1
