0 22
2 3
3 1
4 1
5 1
6 1
8 2
10 1
11 2
23 5
38 1
44 15
53 1
72 1
83 1
88 1
95 1
103 1
106 1
134 1
140 1
142 1
178 1
186 1
200 1
211 1
223 1
229 1
241 1
255 1
264 1
273 1
278 1
285 1
297 1
305 1
324 1
346 1
348 1
352 1
364 1
410 1
414 1
419 1
428 1
478 1
484 1
485 2
504 1
512 43
533 1
564 1
581 1
582 1
612 1
614 1
642 1
678 1
754 1
797 1
825 1
835 1
861 1
955 1
1024 4
1035 1
1105 1
1138 1
1145 1
1238 1
1332 1
1536 1
1592 1
1691 1
1733 1
1780 1
2011 2
2048 1
2136 1
2172 1
2200 1
2443 1
2621 1
2675 1
2803 1
2996 1
3126 1
3292 1
3697 1
4002 1
4096 1
4684 1
4739 1
5211 1
5225 2
5467 1
5476 1
6436 2
7959 1
8192 1
8232 1
8365 1
10028 1
10882 1
11264 1
12739 1
18344 1
20848 1
32768 1
45947 1
65536 1
90003 1
106496 1
110352 1
136728 1
147456 1
163840 1
172080 1
180224 1
248720 1
1410188 1
1731894 1
