0 39
13 1
20 1
21 1
22 2
23 10
25 2
26 1
43 1
44 1
45 3
46 1
47 2
51 2
67 1
68 1
69 1
70 1
72 1
74 2
75 2
76 2
78 2
79 1
86 1
88 1
90 1
91 1
93 1
94 1
96 1
97 1
98 2
99 2
100 2
101 1
102 3
103 1
104 1
105 2
106 6
107 1
108 4
109 3
110 5
111 4
112 4
113 6
114 7
116 6
117 3
118 7
119 2
120 6
121 2
122 6
123 2
124 3
125 6
126 2
127 7
128 4
129 1
130 2
131 3
132 2
133 3
134 3
135 1
136 6
137 5
138 2
139 4
140 2
141 3
142 5
143 1
144 5
145 2
146 1
149 1
150 1
151 1
153 1
154 2
156 1
164 1
165 1
166 2
181 1
183 1
192 1
193 1
200 1
226 1
230 2
232 1
233 1
237 1
251 1
254 1
259 1
265 2
278 1
279 1
282 1
285 1
294 1
306 1
309 1
316 1
321 1
322 1
323 1
333 1
346 1
367 1
382 1
398 1
408 1
422 1
475 1
507 1
512 166
516 1
525 1
530 1
556 1
569 1
595 1
614 1
616 1
624 1
631 1
644 2
663 1
712 1
715 2
718 1
723 1
739 1
778 1
807 1
834 1
851 1
853 2
881 1
894 1
899 1
921 1
939 2
988 1
1001 2
1004 1
1019 1
1024 8
1027 1
1042 1
1052 1
1061 1
1076 1
1085 1
1086 1
1095 1
1105 1
1108 2
1110 1
1126 3
1133 1
1144 2
1146 1
1148 1
1156 1
1159 1
1161 2
1184 1
1188 1
1189 1
1198 1
1207 1
1245 1
1256 2
1278 2
1349 1
1365 1
1399 1
1417 1
1420 1
1428 1
1493 1
1516 1
1517 1
1519 1
1536 3
1610 1
1611 1
1618 1
1664 1
1674 1
1686 1
1706 1
1753 1
1755 1
1812 1
1826 1
1844 1
1846 1
1902 1
1941 1
1975 1
2041 1
2048 1
2066 1
2075 1
2107 1
2150 1
2156 2
2178 1
2196 1
2245 1
2269 1
2274 1
2352 1
2356 2
2386 2
2433 1
2437 1
2473 1
2538 1
2555 1
2579 1
2612 1
2629 1
2650 1
2653 1
2762 1
2767 1
2775 1
2792 1
2844 1
2853 1
2854 1
2880 1
2930 1
3024 1
3059 1
3071 2
3081 1
3091 1
3094 1
3119 1
3189 1
3224 1
3242 1
3274 1
3316 1
3318 1
3322 1
3379 1
3395 1
3422 1
3427 1
3455 2
3520 1
3525 1
3545 1
3636 1
3639 1
3702 1
3708 1
3727 1
3750 1
3757 1
3772 1
3775 1
3795 1
3936 1
3942 1
3953 1
3968 1
3974 1
3993 1
3999 1
4028 1
4029 1
4030 1
4035 1
4046 1
4057 3
4063 1
4110 1
4138 1
4150 1
4196 1
4210 1
4223 1
4232 1
4255 1
4280 1
4283 1
4309 1
4351 1
4391 1
4419 1
4464 1
4500 1
4516 1
4540 1
4592 1
4618 1
4641 1
4666 2
4685 1
4722 1
4740 1
4757 1
4788 1
4811 1
4832 1
4841 1
4916 1
4988 1
4994 1
5012 1
5017 1
5062 1
5118 1
5180 1
5192 1
5199 1
5236 1
5241 1
5254 1
5295 1
5383 1
5489 1
5504 1
5510 1
5516 1
5528 1
5556 1
5654 1
5662 1
5697 1
5699 1
5770 1
5905 1
5942 1
5969 1
6117 1
6142 2
6174 1
6194 1
6226 1
6277 1
6337 2
6373 1
6393 1
6418 1
6504 1
6578 1
6696 1
6776 1
6810 1
6889 1
6906 1
6981 1
7006 1
7156 1
7233 1
7373 1
7383 2
7391 1
7562 1
7656 2
7853 1
7903 1
7999 1
8021 1
8057 1
8108 1
8192 1
8249 1
8445 1
8576 1
8641 1
8664 1
8682 1
8684 1
8896 1
8918 1
8921 1
8923 1
8973 1
9012 1
9103 1
9453 1
9507 1
9563 1
9609 1
9623 1
9627 1
9628 1
9760 1
9798 1
9863 1
9873 1
9911 1
10129 1
10184 1
10240 8
10246 1
10309 1
10357 1
10371 1
10476 1
10518 1
10560 1
10565 1
10569 1
10799 1
10801 1
10978 1
10995 1
11050 1
11184 1
11286 1
11319 1
11412 1
11414 1
11837 1
11848 1
11933 1
12028 1
12109 1
12286 1
12419 2
12499 1
12766 1
12769 1
12818 1
13285 1
13442 1
14032 1
14194 1
14242 1
14443 1
14539 1
14665 1
14678 2
14774 1
15277 1
15623 1
15957 1
16035 1
16182 1
16327 1
16553 1
16768 1
16886 1
17226 1
17299 1
17683 1
17781 1
18200 1
18245 1
18768 1
19157 1
19224 1
19511 1
19662 1
19708 2
20228 1
20480 10
20528 1
20810 1
21040 2
21267 1
21315 1
21543 1
21966 1
22835 1
22941 2
24063 1
24101 1
24187 1
24283 1
24571 1
26093 1
26337 1
26343 1
26470 1
26585 1
27058 1
27161 1
27282 1
27404 1
28394 1
28717 1
30511 1
30720 4
31187 1
32062 1
32079 1
32230 1
32605 1
33062 2
35349 1
35549 1
35885 1
35951 1
36302 1
36435 1
37411 1
37573 1
37799 2
38022 1
38060 1
38080 1
38386 1
39003 1
39297 1
40049 1
40142 1
40413 1
40442 1
40723 1
40960 6
41107 1
41318 1
41781 1
42134 1
42442 1
42935 1
44409 1
44752 1
45033 1
45101 1
45728 1
46495 1
46709 1
47034 1
47099 1
47240 1
47257 1
47432 1
47538 1
47654 1
47765 1
47902 1
48284 1
48298 1
48370 1
48505 1
48525 1
48565 1
48712 1
49005 1
49220 1
49244 1
49365 1
49467 1
49550 1
49587 1
49805 1
50751 1
50817 1
51068 1
51078 1
51200 5
52060 1
52200 1
52794 1
53248 1
53358 1
53480 1
53928 1
54549 1
54553 1
54627 1
55522 2
55617 1
56206 1
56301 1
56465 1
56527 1
56721 1
56915 1
57152 1
57204 1
57500 1
57516 1
57962 1
58327 1
58516 1
58783 1
58809 1
58839 1
58903 1
58910 1
59147 1
59405 1
59481 1
59659 1
60613 1
61414 1
61440 1
61477 1
61722 1
61804 1
61990 1
62285 1
62601 1
63202 1
65320 1
65993 1
66673 1
68057 17
68936 1
69134 1
70369 1
70403 1
70406 1
70643 1
72213 1
73001 1
73625 1
73857 1
74267 1
74540 1
75459 2
75649 1
76103 1
76295 1
76885 1
77932 1
78047 1
78061 1
79835 1
80023 1
80568 1
80673 1
80974 1
81619 1
81829 1
81920 1
82967 1
83100 1
83493 1
84152 1
84289 1
84754 1
85412 1
85478 1
85693 1
87990 1
89362 1
90120 1
92160 1
92247 1
93306 1
96617 1
99008 1
102400 3
103657 2
105003 1
108112 1
108774 1
109459 1
111562 1
112640 3
114783 1
115089 2
117117 1
120908 1
120938 1
122880 1
123271 1
123835 1
126080 1
129777 1
130688 1
130829 1
132076 1
133120 3
134914 2
136065 1
139781 1
142379 1
143360 3
143775 1
144026 1
147719 1
148019 1
149076 1
153543 1
153600 1
153751 1
154177 1
154427 1
154447 1
156884 1
163840 2
168176 1
169106 1
174080 1
175430 1
175878 1
178056 1
178340 1
187348 1
190290 1
191606 1
191728 1
193236 1
193286 1
194101 1
194111 1
194560 1
195578 1
197562 1
200835 1
202246 1
205724 1
214186 1
221124 1
223195 1
223605 1
225280 1
241642 1
245760 3
251418 1
264061 1
266240 2
294244 1
296960 1
299071 1
300491 1
301533 1
301743 2
314921 1
315546 1
317561 1
324361 1
325301 1
325950 1
327680 1
337920 2
341795 1
358400 1
371915 1
399360 1
403808 1
409600 1
469175 1
471040 1
481280 1
491621 1
512000 1
513269 1
514487 1
522240 2
552341 1
552960 1
563200 1
583680 2
588196 1
634880 1
645120 1
655360 2
681331 1
682229 1
748301 1
757760 1
763217 1
763484 1
768000 1
768777 1
808960 3
860160 1
877563 1
880454 1
911360 2
921600 2
932148 1
952320 1
993280 2
1015404 1
1020068 1
1044480 1
1064960 2
1075200 1
1116160 1
1136640 1
1177600 1
1259520 1
1269760 1
1351680 2
1361920 1
1382400 1
1402880 3
1423360 1
1443840 3
1454080 1
1464320 1
1484800 1
1505280 1
1587200 2
1597440 1
1648640 1
1679360 1
1699840 1
1812480 1
2007040 1
2252800 1
2324480 1
2355200 1
2457600 1
2467840 1
2590720 1
2631680 1
2672640 1
2795520 1
3123200 1
3133440 1
3205120 1
3307520 1
3358720 1
3532800 1
3706880 1
3788800 1
3819520 1
4157440 1
4546560 1
4587520 2
4669440 1
4710400 1
4761600 1
4823040 1
5253120 1
6205440 1
6625280 1
6789120 1
7219200 1
7311360 1
7526400 2
7792640 1
8591360 1
12410880 1
14888960 1
15831040 1
31723520 1
