0 149
1 1
2 1
8 1
10 8
11 7
12 2
13 3
14 51
15 71
16 148
17 134
18 104
19 115
20 77
21 45
22 41
23 21
24 11
25 6
26 2
27 5
28 2
29 3
30 3
32 5
33 2
34 1
35 1
36 2
40 1
55 1
61 2
63 1
64 1
65 2
67 1
68 1
70 2
71 2
72 1
73 1
74 1
75 3
76 2
79 1
81 2
82 1
83 1
84 1
85 2
86 1
87 1
88 5
91 3
94 2
96 3
97 3
98 1
99 1
100 2
101 1
102 1
103 1
105 2
106 3
107 4
108 5
109 2
110 3
111 3
112 3
113 4
114 1
115 6
116 2
117 1
118 6
120 3
121 6
122 2
123 1
124 1
125 2
126 1
127 5
128 2
129 3
130 2
131 1
132 4
133 2
134 2
135 3
136 4
137 3
138 1
139 2
140 3
141 3
142 1
143 3
144 3
145 2
146 4
147 2
148 2
149 3
153 5
154 1
155 1
156 1
157 1
158 1
159 2
165 2
171 1
174 1
177 1
178 1
180 1
183 1
184 2
187 1
188 2
190 1
191 1
193 1
195 1
197 4
198 1
199 2
200 1
203 1
206 1
208 1
209 1
213 2
214 4
215 3
216 3
217 2
218 1
219 1
221 2
222 1
226 1
229 1
231 1
233 1
235 2
236 1
239 1
240 1
243 1
246 1
251 2
256 32
258 2
260 2
261 2
262 1
264 1
265 1
270 2
272 20
277 8
278 1
279 2
280 1
283 2
286 1
288 29
295 2
296 1
305 1
307 1
308 1
309 1
312 1
314 1
315 1
318 1
320 1
321 2
325 1
326 2
328 1
331 1
332 1
333 2
334 1
335 1
336 1
339 1
342 1
345 3
348 1
351 1
352 1
354 1
356 4
357 2
358 3
360 3
362 3
364 3
366 3
368 3
370 1
371 1
372 2
374 2
375 1
376 3
378 6
379 2
380 2
381 3
382 2
383 1
384 1
385 2
388 1
389 2
390 4
391 1
392 2
393 1
394 3
395 1
396 3
397 1
399 2
402 2
403 2
404 1
405 2
406 3
407 2
408 3
409 1
412 4
413 3
414 1
415 2
417 4
418 4
419 4
420 4
421 1
422 1
424 2
425 2
426 3
427 1
428 3
430 1
431 1
432 2
433 3
434 2
435 4
436 4
437 2
438 3
439 3
440 3
441 3
443 1
444 1
445 1
446 1
447 2
448 2
449 2
450 4
451 3
452 3
453 1
454 4
455 1
456 2
457 2
458 4
459 2
460 1
461 1
462 1
463 1
465 3
466 1
467 3
468 3
469 2
470 3
471 4
472 3
473 4
474 2
475 2
477 2
478 4
479 1
480 2
481 1
482 2
483 2
484 2
485 1
486 1
487 2
488 3
489 2
490 1
491 3
494 4
495 2
496 1
498 2
499 2
500 2
502 1
504 3
505 1
506 1
509 1
510 2
511 1
512 160
513 3
514 1
515 7
516 5
517 2
518 2
519 2
521 4
522 3
523 1
524 2
525 3
526 1
527 2
528 2
529 1
530 2
531 3
532 4
535 4
536 2
537 2
539 2
541 1
542 1
543 3
545 3
546 1
547 4
548 3
549 3
550 4
551 3
552 1
553 2
555 2
557 4
558 1
562 3
563 3
564 4
566 3
567 1
568 1
570 1
571 2
572 2
573 3
574 1
575 2
576 2
577 1
578 2
579 2
580 1
581 5
582 1
583 2
584 2
589 1
590 5
591 1
592 2
593 1
595 2
596 1
597 2
598 3
599 2
600 2
601 1
602 2
603 2
604 1
605 3
607 2
608 1
609 2
610 2
611 4
613 2
614 4
617 1
618 1
620 5
621 2
622 2
623 3
625 2
626 1
629 1
630 1
631 2
632 4
633 2
634 2
635 2
637 3
638 1
640 2
641 2
642 1
643 1
644 3
645 1
646 3
647 1
648 1
649 1
651 4
652 4
653 1
654 3
655 2
656 3
657 5
658 2
659 1
660 2
663 2
664 4
665 2
666 2
667 2
668 2
669 1
670 2
672 2
673 2
674 1
675 1
676 5
677 2
678 1
679 2
681 1
682 1
683 1
684 1
686 1
687 1
688 1
691 2
692 1
693 1
694 2
697 2
698 4
701 4
703 1
704 2
706 3
707 1
710 3
711 1
712 2
713 2
715 1
716 1
720 1
721 2
722 2
723 4
727 2
728 1
729 3
730 1
732 1
735 2
736 1
739 1
740 1
741 3
743 1
745 1
747 3
748 1
749 2
750 1
751 1
752 1
755 2
756 1
757 2
758 2
759 1
761 1
762 1
763 2
764 1
765 1
766 2
767 2
768 1
769 1
773 4
775 4
776 1
777 3
778 1
779 2
780 2
781 3
783 3
784 1
785 2
786 2
788 1
789 1
790 2
791 3
793 2
796 2
797 1
799 2
800 1
802 6
805 1
806 7
807 3
809 1
811 3
812 1
813 2
814 1
815 12
816 3
817 3
819 3
820 1
821 7
823 2
824 1
826 1
827 2
829 1
834 1
835 1
836 1
837 4
838 1
841 1
842 5
843 1
844 4
845 7
846 3
847 2
848 4
849 1
850 2
851 4
852 3
854 1
855 1
857 1
858 1
863 3
864 3
865 1
866 2
867 2
868 1
869 1
871 2
872 1
873 2
875 2
876 2
878 1
879 4
880 1
881 2
882 1
884 1
885 2
886 1
887 3
889 3
891 1
892 1
893 1
894 1
897 2
898 10
899 2
900 1
901 1
902 11
904 3
906 3
907 2
911 1
912 2
914 1
915 1
917 1
918 1
920 1
921 1
922 1
926 1
927 2
928 6
930 2
932 1
933 2
935 1
936 1
937 1
939 2
940 1
942 1
943 1
944 1
945 2
946 2
947 1
948 1
949 1
950 1
951 2
952 1
953 2
954 1
957 2
959 3
960 1
961 3
963 1
964 1
965 1
967 2
968 1
969 1
970 1
971 2
974 1
975 1
977 1
978 1
979 1
980 1
981 1
982 1
983 1
985 2
986 2
987 3
988 1
989 1
990 3
993 1
994 2
995 3
996 1
999 1
1002 1
1003 1
1005 2
1006 1
1007 2
1008 1
1009 1
1011 1
1013 2
1015 3
1017 1
1018 2
1020 1
1021 1
1024 18
1026 1
1028 1
1029 1
1030 2
1031 1
1032 1
1037 1
1040 1
1041 1
1042 1
1043 1
1044 1
1045 2
1046 2
1048 2
1050 2
1051 1
1053 1
1055 2
1057 4
1060 3
1062 1
1064 1
1067 1
1068 2
1069 1
1070 1
1071 1
1072 1
1073 1
1074 1
1075 1
1076 2
1077 1
1078 1
1082 1
1084 1
1085 1
1090 3
1093 1
1094 2
1095 1
1096 1
1101 3
1102 1
1103 2
1104 1
1109 1
1110 3
1111 1
1112 3
1115 2
1117 2
1118 1
1119 2
1122 1
1123 2
1124 2
1125 1
1126 2
1127 3
1128 2
1130 3
1131 1
1132 1
1135 2
1136 2
1137 3
1138 1
1139 1
1140 1
1143 1
1145 2
1148 2
1149 1
1151 1
1152 1
1154 3
1157 1
1158 1
1160 2
1161 3
1166 1
1167 1
1168 1
1169 1
1172 1
1173 1
1174 1
1175 1
1176 1
1178 1
1179 1
1182 1
1183 1
1184 1
1186 3
1187 1
1189 2
1190 2
1193 3
1195 1
1196 1
1197 1
1199 2
1200 1
1201 1
1205 1
1206 1
1211 2
1212 1
1213 1
1214 2
1215 1
1218 2
1219 1
1220 1
1222 2
1224 1
1225 1
1228 2
1230 3
1232 3
1234 1
1236 2
1239 1
1240 2
1242 1
1245 2
1246 2
1252 1
1255 2
1257 2
1258 1
1259 1
1260 2
1261 1
1262 2
1263 1
1264 1
1265 1
1267 1
1268 1
1269 1
1270 1
1271 1
1272 1
1275 1
1276 2
1277 1
1279 4
1282 1
1283 2
1285 2
1287 1
1290 1
1291 1
1295 1
1297 1
1300 2
1302 1
1303 1
1304 2
1305 3
1306 1
1307 1
1308 1
1312 1
1313 2
1314 1
1315 2
1317 1
1318 1
1319 1
1320 1
1321 2
1322 1
1323 1
1324 2
1326 2
1327 1
1328 2
1330 1
1331 4
1332 1
1334 2
1337 1
1340 1
1342 1
1343 2
1344 1
1346 1
1348 2
1349 2
1350 1
1351 1
1353 1
1354 1
1355 2
1359 1
1360 1
1361 1
1363 1
1364 3
1366 2
1368 2
1369 1
1373 1
1374 1
1376 1
1377 4
1379 3
1380 2
1381 2
1384 2
1386 3
1388 2
1391 1
1396 2
1397 1
1398 2
1399 1
1401 1
1404 1
1405 1
1407 1
1408 2
1410 1
1412 1
1414 1
1415 1
1416 1
1417 1
1421 2
1422 1
1423 1
1424 1
1425 1
1426 2
1429 3
1433 3
1436 2
1437 1
1440 1
1441 1
1442 1
1444 3
1446 1
1449 1
1455 1
1456 1
1457 1
1464 2
1466 1
1469 1
1471 1
1472 1
1473 1
1474 3
1475 2
1477 1
1478 1
1479 2
1480 1
1482 2
1483 2
1484 1
1486 1
1489 4
1490 2
1492 3
1496 1
1497 1
1500 1
1501 1
1503 1
1504 3
1505 1
1506 1
1509 2
1512 1
1515 1
1516 1
1518 1
1521 2
1522 2
1523 2
1524 2
1525 1
1526 1
1527 3
1528 1
1532 2
1535 1
1536 5
1537 2
1538 1
1540 1
1541 1
1542 2
1544 2
1546 2
1550 1
1551 1
1552 2
1553 2
1554 2
1557 1
1558 3
1559 1
1560 2
1563 2
1564 2
1567 2
1569 1
1570 2
1571 1
1572 1
1573 1
1574 1
1575 2
1576 2
1577 2
1579 1
1580 1
1581 1
1583 3
1588 2
1592 1
1593 1
1594 1
1596 1
1597 1
1598 1
1599 1
1601 1
1603 2
1604 2
1608 2
1609 2
1610 3
1613 1
1614 1
1615 3
1617 3
1619 1
1620 1
1622 1
1623 2
1624 2
1625 1
1632 1
1634 2
1635 1
1636 3
1638 1
1640 2
1641 1
1642 1
1643 1
1644 1
1645 1
1647 1
1648 1
1649 1
1650 2
1651 1
1652 1
1653 1
1654 2
1657 1
1659 1
1660 1
1661 1
1662 1
1664 2
1670 1
1672 2
1676 2
1677 2
1679 2
1680 2
1681 1
1682 1
1683 2
1684 2
1685 1
1686 3
1687 1
1689 2
1690 1
1691 2
1693 1
1694 1
1695 1
1700 2
1702 1
1703 1
1706 1
1707 2
1708 1
1711 4
1712 2
1714 1
1715 1
1716 1
1719 1
1720 2
1723 1
1728 1
1729 1
1731 2
1732 1
1733 1
1734 2
1737 1
1740 2
1741 1
1744 3
1746 4
1748 1
1749 2
1753 1
1755 1
1757 3
1758 1
1760 2
1761 1
1762 1
1763 1
1764 2
1766 2
1767 3
1768 3
1771 1
1772 2
1773 2
1774 1
1776 1
1780 2
1783 1
1785 1
1788 2
1790 1
1791 2
1792 2
1793 2
1794 1
1795 2
1796 2
1797 1
1798 1
1802 1
1804 1
1805 1
1806 1
1807 1
1810 1
1813 1
1816 1
1817 1
1818 4
1820 3
1825 1
1829 1
1830 1
1832 2
1833 2
1834 1
1837 2
1838 2
1839 1
1840 2
1843 2
1845 1
1846 1
1847 2
1848 3
1851 1
1853 1
1855 1
1859 2
1860 1
1861 2
1863 1
1865 1
1866 2
1868 3
1870 1
1871 1
1872 1
1874 1
1876 1
1883 1
1884 2
1885 1
1887 1
1889 1
1890 2
1891 1
1892 2
1894 1
1895 1
1897 1
1898 2
1899 1
1901 1
1904 2
1908 3
1910 1
1911 1
1913 1
1916 1
1917 1
1918 3
1921 1
1925 2
1926 2
1931 2
1932 2
1933 2
1936 1
1937 1
1938 1
1940 2
1944 2
1945 1
1947 2
1953 1
1954 2
1955 1
1956 4
1957 1
1960 1
1961 2
1963 1
1965 2
1967 2
1968 3
1969 2
1970 1
1972 2
1973 2
1974 2
1977 1
1978 2
1979 1
1980 4
1981 1
1982 2
1983 1
1984 1
1987 3
1988 2
1989 2
1990 1
1993 1
1995 1
1996 1
1998 1
1999 4
2004 1
2005 1
2009 1
2010 1
2017 2
2018 2
2019 2
2020 1
2024 3
2025 1
2029 1
2030 1
2031 1
2032 1
2033 3
2034 2
2041 1
2042 1
2043 1
2044 1
2046 1
2047 1
2048 10
2050 1
2055 1
2056 3
2058 1
2060 1
2061 3
2062 3
2063 1
2064 1
2065 2
2067 2
2068 3
2069 1
2070 1
2079 3
2084 2
2087 1
2088 1
2093 1
2094 1
2095 1
2096 2
2097 2
2098 3
2099 2
2101 4
2102 1
2104 2
2106 1
2109 1
2110 1
2113 2
2114 1
2118 1
2119 2
2120 1
2122 1
2127 1
2131 4
2132 1
2134 1
2135 3
2137 2
2138 3
2141 2
2142 2
2143 1
2144 1
2145 1
2147 2
2148 2
2149 1
2151 1
2154 1
2155 1
2156 1
2157 2
2161 1
2164 3
2166 1
2167 4
2168 1
2169 2
2170 4
2171 1
2172 1
2174 1
2175 1
2177 2
2180 1
2182 1
2183 1
2184 4
2185 1
2187 3
2189 3
2192 2
2193 1
2195 1
2196 1
2197 1
2200 1
2201 1
2203 1
2204 1
2205 1
2208 1
2209 2
2210 1
2211 2
2213 2
2216 1
2217 1
2219 1
2222 3
2223 2
2227 1
2233 2
2236 1
2237 2
2238 3
2242 1
2244 1
2245 1
2247 3
2251 1
2252 2
2258 2
2259 1
2264 1
2265 2
2266 1
2267 1
2268 1
2270 1
2272 1
2273 1
2275 1
2276 2
2277 1
2278 1
2279 1
2280 1
2281 1
2282 1
2283 1
2288 1
2290 1
2291 1
2294 3
2298 1
2299 1
2300 1
2302 4
2303 1
2304 2
2305 1
2315 1
2316 1
2318 1
2320 3
2322 1
2324 2
2327 1
2330 2
2331 1
2335 2
2336 2
2338 1
2339 1
2341 1
2342 1
2344 2
2349 1
2351 1
2354 2
2355 2
2356 2
2358 1
2359 2
2361 1
2364 1
2366 1
2369 2
2370 1
2372 1
2375 1
2377 1
2381 2
2382 1
2384 1
2388 2
2389 1
2396 1
2397 1
2403 1
2404 2
2405 1
2406 1
2407 1
2409 3
2410 1
2411 1
2412 1
2413 2
2417 1
2418 1
2422 1
2423 3
2425 1
2428 2
2429 2
2430 2
2432 1
2433 1
2434 1
2435 2
2436 1
2437 1
2438 1
2441 1
2443 1
2445 1
2448 2
2450 2
2452 1
2458 2
2460 1
2465 1
2467 2
2469 1
2471 1
2472 2
2473 2
2474 1
2476 1
2477 2
2480 1
2482 1
2483 1
2485 1
2489 1
2490 1
2491 1
2492 1
2493 2
2495 2
2496 1
2498 1
2499 1
2500 1
2501 1
2503 1
2505 1
2506 2
2507 1
2509 1
2511 1
2514 1
2518 2
2519 2
2521 2
2524 1
2525 1
2526 1
2528 1
2529 1
2530 1
2532 1
2533 2
2534 2
2535 1
2537 2
2539 1
2540 2
2541 2
2542 1
2544 1
2546 4
2547 1
2548 1
2550 1
2555 1
2558 1
2559 2
2560 24
2561 2
2563 1
2568 1
2569 1
2570 1
2571 1
2572 2
2574 1
2575 1
2576 1
2577 1
2578 1
2579 2
2580 1
2582 1
2583 1
2584 1
2587 1
2589 1
2590 1
2591 1
2595 3
2596 1
2597 1
2600 2
2603 1
2605 1
2606 2
2607 1
2608 1
2609 1
2612 4
2614 2
2615 3
2616 3
2617 1
2622 1
2623 1
2626 1
2627 1
2631 1
2634 1
2636 2
2638 1
2640 1
2641 1
2645 1
2647 2
2648 2
2649 1
2650 1
2652 1
2653 1
2655 1
2658 1
2661 1
2662 1
2670 2
2672 2
2673 2
2675 1
2676 1
2679 1
2681 1
2682 1
2683 1
2684 1
2691 1
2694 2
2696 1
2698 1
2706 2
2707 1
2710 4
2711 1
2713 1
2715 1
2718 2
2721 1
2724 1
2728 2
2729 1
2730 2
2732 2
2733 1
2735 1
2737 1
2738 3
2740 1
2742 1
2745 1
2746 1
2752 1
2758 1
2759 1
2763 1
2766 1
2768 1
2769 1
2771 1
2772 1
2773 1
2778 1
2786 3
2787 1
2788 2
2792 1
2793 2
2795 1
2796 1
2798 1
2800 1
2805 2
2812 3
2819 1
2822 1
2823 1
2830 1
2832 1
2833 1
2834 1
2838 1
2839 1
2841 2
2842 1
2846 1
2849 2
2850 1
2854 1
2860 1
2861 2
2862 1
2863 2
2864 1
2869 2
2874 1
2876 4
2877 1
2878 1
2880 1
2881 1
2883 1
2884 1
2886 1
2893 2
2895 1
2897 1
2899 1
2901 1
2902 1
2903 1
2907 1
2910 1
2911 1
2920 1
2921 1
2923 1
2924 1
2925 1
2926 1
2927 1
2929 1
2930 1
2932 1
2935 1
2938 1
2946 1
2953 2
2954 3
2957 1
2962 1
2963 1
2965 1
2969 1
2970 2
2971 1
2973 1
2978 3
2979 1
2981 2
2982 2
2985 1
2987 2
2990 1
2991 1
2995 1
2996 1
2998 2
2999 2
3000 1
3003 2
3004 1
3008 1
3012 1
3013 1
3014 1
3017 1
3018 2
3020 1
3023 1
3024 2
3026 2
3027 1
3029 1
3030 1
3031 1
3032 2
3033 1
3034 1
3038 2
3040 1
3041 1
3042 2
3047 1
3048 1
3050 1
3051 1
3052 1
3056 1
3062 1
3065 1
3068 1
3069 2
3070 2
3072 18
3074 1
3078 1
3082 1
3086 2
3088 1
3089 1
3097 1
3098 1
3099 2
3100 2
3101 1
3104 2
3106 2
3109 1
3113 1
3115 1
3120 1
3125 2
3130 2
3132 1
3136 2
3137 1
3140 1
3141 1
3143 2
3145 1
3149 1
3152 1
3155 3
3156 1
3158 1
3165 1
3166 1
3168 2
3169 1
3170 1
3172 2
3177 1
3179 1
3186 1
3187 2
3189 1
3194 1
3195 2
3196 1
3200 1
3205 1
3206 1
3208 1
3209 1
3210 1
3214 1
3216 1
3217 1
3221 1
3222 4
3225 1
3227 1
3228 1
3229 1
3231 2
3234 1
3236 1
3238 3
3244 1
3245 1
3249 1
3252 1
3253 1
3255 1
3256 1
3257 2
3259 1
3261 3
3265 1
3268 1
3273 1
3274 2
3276 1
3278 1
3279 2
3283 1
3287 1
3288 1
3289 1
3294 1
3295 1
3297 1
3299 1
3301 1
3302 1
3303 1
3309 1
3310 1
3311 1
3314 2
3316 1
3319 1
3320 1
3321 1
3326 1
3328 1
3329 1
3330 2
3337 1
3338 1
3341 1
3342 1
3344 1
3351 3
3353 3
3355 1
3359 1
3360 1
3364 1
3365 1
3366 1
3367 2
3368 3
3369 2
3373 1
3374 2
3375 2
3380 1
3386 1
3387 1
3390 2
3396 1
3398 1
3401 1
3403 1
3407 1
3414 1
3422 1
3423 1
3425 1
3429 1
3432 1
3434 2
3436 1
3439 2
3440 1
3442 1
3444 1
3448 1
3449 3
3450 3
3451 1
3454 1
3455 2
3456 1
3461 2
3462 1
3464 2
3468 1
3469 1
3470 1
3472 1
3475 1
3478 1
3482 2
3483 2
3484 3
3488 2
3492 1
3498 2
3499 1
3504 1
3507 1
3511 1
3516 1
3520 1
3523 1
3527 2
3530 1
3532 2
3533 1
3537 1
3543 1
3549 1
3550 1
3553 2
3556 1
3557 1
3558 1
3559 1
3564 1
3569 1
3570 1
3575 1
3577 3
3579 2
3584 6
3585 2
3587 1
3589 2
3592 1
3595 1
3603 1
3605 1
3612 1
3617 1
3619 1
3620 1
3624 2
3625 1
3626 1
3627 1
3629 1
3637 2
3640 1
3642 1
3643 1
3644 1
3645 1
3649 1
3650 1
3651 1
3653 1
3654 2
3656 1
3657 1
3658 1
3659 1
3661 1
3662 1
3663 2
3665 1
3671 1
3672 2
3676 2
3677 1
3682 1
3686 1
3690 2
3691 1
3694 1
3695 1
3696 1
3697 1
3702 2
3703 2
3707 1
3713 1
3717 1
3723 1
3724 1
3726 2
3736 1
3737 1
3738 1
3747 1
3750 2
3754 1
3756 1
3757 2
3764 1
3765 2
3766 1
3767 1
3768 1
3769 2
3773 1
3775 1
3776 1
3777 1
3778 1
3785 1
3788 1
3789 1
3791 1
3793 1
3797 1
3802 1
3805 1
3807 1
3810 1
3812 1
3814 1
3817 1
3818 1
3819 1
3821 1
3824 1
3827 1
3830 1
3831 1
3832 1
3838 2
3843 1
3853 1
3856 1
3861 1
3862 1
3869 1
3871 1
3872 1
3875 2
3876 1
3879 1
3880 2
3883 1
3886 1
3889 1
3891 1
3900 1
3905 2
3912 2
3915 1
3918 1
3920 1
3921 2
3932 1
3936 1
3938 1
3944 1
3947 1
3952 1
3957 2
3958 1
3963 1
3971 1
3975 1
3979 1
3981 1
3982 1
3985 1
3988 1
3989 1
3991 1
3992 1
3993 1
3994 1
3999 1
4000 1
4004 1
4005 1
4010 1
4011 1
4012 1
4014 1
4018 1
4022 1
4024 2
4025 1
4028 1
4034 1
4035 1
4047 1
4048 2
4057 1
4062 1
4072 1
4073 1
4080 2
4082 1
4084 1
4085 1
4088 1
4089 1
4090 1
4096 5
4097 1
4103 1
4106 1
4109 1
4116 1
4126 1
4128 1
4136 1
4137 2
4138 1
4140 1
4141 3
4145 1
4147 2
4151 2
4153 1
4158 1
4159 1
4160 2
4162 1
4168 2
4170 1
4171 1
4172 1
4173 1
4175 1
4177 2
4188 1
4189 1
4199 1
4200 1
4203 1
4208 2
4210 1
4214 1
4218 1
4220 1
4221 1
4224 1
4227 1
4229 1
4232 1
4239 2
4240 1
4241 1
4247 1
4250 1
4252 1
4254 2
4258 2
4259 1
4262 1
4271 1
4277 1
4283 1
4285 1
4288 1
4291 1
4292 1
4296 1
4303 1
4306 2
4309 1
4314 1
4316 3
4318 1
4319 1
4320 2
4321 1
4324 1
4325 1
4331 2
4334 1
4335 1
4336 1
4337 1
4340 2
4343 1
4351 1
4352 1
4358 1
4365 2
4369 1
4370 1
4376 1
4378 1
4396 1
4404 1
4408 1
4409 1
4415 1
4416 1
4419 1
4421 1
4424 1
4427 1
4431 3
4437 1
4444 1
4446 1
4449 1
4452 1
4453 1
4455 1
4459 1
4461 1
4464 2
4466 1
4473 1
4476 1
4479 1
4482 1
4484 1
4487 1
4488 1
4491 1
4492 1
4493 1
4495 1
4496 1
4497 1
4506 1
4509 2
4522 1
4524 1
4525 1
4529 1
4530 1
4535 1
4537 1
4540 1
4543 2
4548 1
4552 1
4555 2
4564 1
4569 1
4574 1
4580 1
4581 1
4582 1
4590 1
4602 1
4606 1
4607 1
4608 3
4614 1
4617 2
4623 1
4624 1
4625 1
4631 1
4634 1
4635 1
4639 1
4640 1
4641 1
4642 1
4646 1
4650 1
4652 1
4656 1
4663 1
4664 1
4666 1
4671 1
4672 1
4674 1
4678 1
4688 1
4699 1
4702 2
4712 1
4718 1
4720 1
4738 1
4746 2
4747 1
4748 1
4754 1
4761 1
4762 1
4770 1
4791 1
4796 1
4800 1
4809 1
4816 2
4818 1
4831 2
4837 2
4843 1
4849 1
4856 1
4857 1
4860 1
4864 1
4871 1
4880 1
4885 1
4891 1
4892 1
4904 1
4914 1
4918 1
4927 1
4929 1
4932 1
4937 1
4938 1
4958 1
4959 1
4964 1
4966 2
4970 2
4979 1
4982 1
4987 1
4990 1
4997 1
4999 1
5000 1
5004 1
5005 1
5006 1
5011 2
5014 1
5016 1
5017 2
5019 1
5022 2
5033 1
5040 1
5044 1
5051 1
5063 1
5069 2
5072 1
5082 1
5107 1
5110 1
5112 1
5119 2
5120 3
5121 1
5125 2
5131 1
5133 1
5136 1
5144 1
5147 1
5148 1
5153 1
5157 1
5161 1
5172 1
5180 2
5182 1
5184 1
5188 1
5194 1
5195 1
5196 1
5200 1
5212 1
5219 1
5220 1
5223 1
5226 1
5232 1
5234 1
5235 1
5242 1
5243 2
5244 1
5250 2
5254 1
5259 2
5274 1
5275 1
5276 1
5284 1
5290 1
5294 1
5296 1
5305 1
5307 1
5308 1
5310 1
5329 1
5339 1
5344 2
5345 2
5377 2
5386 1
5392 1
5399 2
5400 1
5403 1
5405 1
5406 1
5410 1
5412 2
5413 1
5433 2
5434 1
5438 1
5440 1
5448 1
5450 1
5455 1
5457 1
5461 1
5465 1
5468 2
5472 1
5483 1
5489 1
5498 1
5504 1
5510 1
5511 2
5516 1
5529 1
5533 1
5553 1
5569 1
5575 2
5580 1
5588 1
5589 1
5606 1
5615 1
5616 1
5627 1
5632 2
5633 1
5634 1
5644 1
5658 1
5661 1
5662 1
5675 1
5677 1
5686 1
5704 1
5706 1
5709 1
5718 1
5722 1
5734 1
5736 1
5741 2
5754 1
5758 1
5761 1
5762 1
5765 1
5770 1
5773 1
5780 1
5787 1
5792 1
5809 1
5823 1
5830 1
5842 2
5844 1
5847 1
5855 1
5856 1
5874 2
5876 2
5886 1
5900 1
5902 1
5907 1
5911 1
5925 1
5927 1
5936 1
5972 1
5975 1
5977 1
5978 1
5986 1
5988 1
6000 1
6001 1
6005 1
6011 2
6016 1
6019 1
6022 2
6033 1
6040 1
6045 1
6058 1
6069 1
6080 1
6082 1
6094 1
6098 1
6099 1
6103 1
6108 1
6111 1
6112 1
6124 1
6126 1
6136 1
6140 1
6142 1
6144 3
6159 1
6171 1
6175 1
6176 1
6179 1
6183 1
6186 1
6187 1
6202 1
6211 1
6212 1
6225 1
6236 1
6248 1
6264 2
6270 1
6275 1
6283 1
6295 1
6301 1
6315 1
6320 1
6337 1
6339 2
6365 1
6371 1
6373 1
6380 1
6390 1
6394 2
6396 1
6400 1
6405 2
6407 1
6411 1
6412 1
6425 2
6427 1
6451 2
6471 1
6492 1
6501 1
6511 1
6515 1
6523 1
6525 1
6530 1
6531 1
6536 1
6538 1
6548 2
6560 1
6574 1
6580 1
6608 1
6620 1
6624 1
6647 1
6655 1
6656 1
6665 1
6666 1
6680 3
6693 1
6704 1
6711 1
6712 1
6719 1
6725 1
6736 1
6744 1
6751 1
6753 1
6757 2
6776 1
6779 1
6783 1
6795 1
6796 1
6797 1
6803 1
6808 1
6814 1
6827 1
6850 1
6866 1
6869 1
6890 1
6894 1
6896 1
6898 1
6912 1
6921 1
6926 1
6935 1
6941 1
6947 1
6949 1
6950 1
6969 1
6976 1
6995 1
7000 1
7007 2
7034 1
7049 1
7058 1
7068 1
7078 1
7090 1
7093 1
7097 1
7099 1
7106 1
7113 1
7123 1
7143 1
7145 1
7156 1
7168 5
7193 1
7196 1
7205 1
7238 1
7248 1
7264 1
7279 1
7280 1
7287 1
7298 1
7337 1
7343 1
7351 1
7358 1
7366 1
7372 1
7376 1
7383 1
7385 2
7396 1
7412 1
7414 1
7424 1
7426 1
7452 1
7454 1
7467 1
7503 1
7518 1
7535 1
7536 1
7552 1
7563 1
7581 1
7606 1
7620 1
7633 1
7637 1
7642 1
7654 1
7658 1
7672 1
7680 4
7689 1
7696 1
7713 1
7732 1
7734 1
7741 1
7753 1
7765 1
7774 1
7778 1
7781 2
7787 1
7794 1
7805 1
7808 2
7816 1
7839 1
7842 1
7843 1
7850 2
7858 1
7866 1
7870 1
7919 1
7948 1
7976 1
7978 1
7994 1
7997 1
8007 1
8009 1
8054 1
8076 1
8082 1
8088 1
8109 1
8115 1
8119 1
8131 1
8149 1
8153 1
8165 1
8169 1
8172 1
8176 1
8192 6
8197 1
8203 1
8225 1
8236 1
8243 1
8248 2
8250 1
8251 1
8305 1
8307 1
8327 1
8337 1
8344 1
8354 1
8380 1
8390 1
8410 1
8427 2
8452 1
8462 1
8463 1
8483 1
8488 1
8498 1
8499 1
8523 2
8529 1
8533 1
8567 1
8571 1
8582 1
8615 1
8630 1
8632 1
8643 1
8653 1
8657 1
8672 1
8674 1
8680 1
8681 1
8689 1
8696 1
8700 1
8704 1
8707 1
8746 1
8755 1
8791 1
8819 2
8840 1
8851 1
8858 1
8861 2
8865 1
8886 1
8962 1
8973 1
9003 1
9006 1
9012 1
9032 1
9036 1
9047 1
9070 1
9074 1
9075 1
9108 1
9109 1
9126 2
9133 1
9138 1
9146 1
9172 1
9189 1
9216 3
9221 1
9244 2
9249 1
9258 2
9261 1
9266 1
9272 1
9274 1
9278 1
9293 1
9324 1
9327 1
9334 1
9370 1
9381 1
9402 1
9413 1
9416 1
9418 1
9423 1
9448 1
9456 1
9478 1
9479 1
9496 1
9503 1
9525 1
9559 1
9563 1
9572 1
9591 1
9594 1
9610 1
9612 1
9623 1
9636 1
9646 1
9656 1
9662 1
9681 1
9684 2
9686 1
9728 2
9731 1
9757 1
9764 1
9768 2
9795 3
9825 1
9831 1
9844 1
9863 1
9871 1
9879 1
9884 2
9886 1
9902 1
9904 1
9911 1
9918 1
9931 1
9933 1
9946 1
9966 1
9971 1
9982 1
9983 1
10000 1
10019 1
10021 1
10027 1
10039 1
10084 1
10086 1
10092 1
10126 1
10133 1
10145 1
10157 1
10184 1
10200 1
10219 1
10229 1
10234 1
10235 1
10236 1
10240 4
10269 1
10304 1
10310 1
10312 1
10317 1
10323 1
10338 1
10369 1
10384 1
10389 1
10408 1
10410 1
10414 1
10434 1
10452 1
10453 1
10455 1
10470 1
10511 2
10516 1
10535 1
10546 1
10576 1
10598 1
10620 1
10659 1
10677 1
10696 1
10714 1
10726 1
10727 1
10732 1
10736 1
10752 1
10799 1
10801 1
10835 1
10838 1
10867 1
10928 1
10930 1
10952 1
10959 1
11024 1
11058 1
11123 1
11137 1
11208 1
11229 1
11243 1
11256 1
11264 1
11267 1
11292 1
11299 1
11309 1
11318 2
11323 1
11335 1
11353 1
11377 1
11398 1
11421 1
11436 1
11442 1
11450 1
11470 1
11471 1
11502 1
11521 1
11533 1
11539 1
11541 1
11544 1
11554 2
11565 1
11613 1
11646 1
11655 1
11657 1
11700 1
11707 1
11719 1
11738 1
11751 1
11766 1
11776 1
11807 1
11839 1
11843 1
11852 1
11871 1
11886 1
11914 1
11928 1
11947 1
11948 1
11963 1
11968 1
11991 1
12016 1
12018 1
12025 1
12042 1
12073 1
12119 2
12134 1
12154 1
12163 1
12175 1
12183 1
12214 1
12237 1
12266 1
12275 1
12288 19
12294 1
12299 1
12304 1
12306 1
12311 1
12353 1
12398 1
12399 1
12410 1
12417 1
12430 1
12452 1
12494 1
12516 1
12559 1
12568 1
12582 1
12594 1
12602 1
12608 1
12655 1
12657 1
12666 1
12681 1
12682 1
12720 1
12800 1
12821 1
12937 1
12947 1
12949 1
12951 1
12991 1
12996 1
13003 1
13037 1
13040 1
13078 1
13101 1
13106 1
13109 1
13118 1
13163 1
13181 1
13212 1
13220 1
13260 1
13276 1
13279 1
13283 1
13393 1
13394 1
13455 1
13515 1
13521 1
13534 1
13552 1
13572 1
13584 1
13592 1
13594 1
13626 1
13629 1
13704 1
13749 1
13795 1
13812 1
13824 1
13852 1
13884 1
13885 1
13949 1
13951 1
13956 1
14016 1
14062 1
14074 1
14099 1
14116 1
14131 1
14204 1
14220 1
14223 1
14336 3
14352 2
14370 1
14481 1
14493 1
14576 1
14608 1
14647 1
14665 1
14768 1
14848 2
14872 1
14972 1
14994 1
15012 1
15024 1
15059 1
15067 1
15069 1
15079 1
15085 1
15090 1
15099 1
15100 1
15110 1
15116 1
15130 1
15136 1
15141 1
15142 1
15150 1
15155 1
15172 1
15177 1
15181 1
15184 1
15186 1
15204 1
15208 2
15211 1
15215 1
15235 1
15266 1
15269 1
15302 2
15325 1
15353 1
15358 1
15360 2
15362 1
15363 1
15377 1
15397 1
15404 1
15407 1
15410 1
15421 2
15434 1
15441 1
15445 1
15449 1
15450 1
15451 1
15478 1
15483 1
15489 1
15491 1
15492 1
15498 2
15502 1
15503 1
15515 1
15522 1
15528 2
15536 1
15553 1
15560 1
15578 1
15596 1
15618 1
15623 1
15636 1
15647 1
15660 1
15708 1
15753 1
15795 1
15819 1
15824 1
15833 1
15893 1
15919 1
15930 1
15969 1
15993 2
16018 1
16110 1
16144 1
16185 1
16250 1
16278 1
16314 1
16343 1
16382 1
16384 6
16482 1
16520 1
16532 1
16578 1
16629 1
16636 1
16669 1
16768 1
16805 1
16832 1
16896 3
16901 1
16946 1
16966 1
17030 1
17073 1
17152 1
17158 1
17231 1
17314 1
17407 1
17408 2
17452 1
17512 1
17552 1
17628 1
17630 1
17750 1
17752 1
17811 1
17920 2
17960 1
17963 1
18112 1
18471 1
18515 1
18522 1
18593 1
18599 2
18692 1
18888 1
18944 2
19029 1
19048 1
19049 1
19158 1
19162 1
19178 1
19456 2
19457 1
19486 1
19542 1
19621 1
19656 1
19680 1
19737 1
19804 2
19822 1
19884 1
19900 1
19958 1
19968 1
19976 1
20066 1
20115 1
20279 1
20299 1
20329 1
20449 1
20461 1
20464 1
20495 1
20633 1
20797 1
20894 1
20936 1
20992 1
21261 1
21397 1
21446 1
21472 1
21484 1
21524 1
21543 1
21664 1
21777 1
21846 1
21918 1
21933 1
21936 1
21960 1
22016 1
22098 1
22139 1
22285 1
22369 1
22487 1
22528 1
22711 1
22774 1
22780 1
22808 1
22815 1
22949 1
22984 1
23040 1
23244 1
23301 1
23408 1
23451 1
23496 2
23532 2
23541 1
23556 1
23792 2
23897 1
23968 1
24064 1
24101 1
24136 1
24177 1
24210 1
24304 1
24470 1
24474 1
24484 1
24576 61
24846 1
24913 1
25088 1
25344 1
25606 1
25615 1
25664 1
25915 1
25936 1
25955 1
26195 1
26274 1
26320 1
26480 1
26521 1
26670 1
26751 1
26895 1
27062 1
27124 1
27400 1
27542 1
27720 1
27722 1
28160 1
28400 1
28498 1
28535 1
28672 57
28734 1
28930 1
29001 1
29184 1
29377 1
29416 1
29504 1
29521 1
29680 1
29749 1
29792 1
29799 1
29816 1
29916 1
29980 1
30114 1
30307 1
30378 1
30494 1
30534 1
30578 1
30720 1
30736 1
30796 1
31352 1
31399 1
31448 1
31612 1
31798 1
32028 2
32147 1
32334 1
32359 1
32378 1
32749 1
32768 50
32771 1
32918 1
33003 1
33115 1
33732 1
33792 1
33868 1
33874 1
33900 1
33958 1
34024 1
34056 1
34112 1
34304 1
34416 1
34514 1
34531 1
34575 1
34580 1
34660 1
34704 1
34808 1
34924 1
34944 1
34984 1
35076 1
35156 1
35224 1
35411 1
35544 1
35607 1
35679 1
35680 1
35814 1
36528 1
36676 1
36864 17
37008 1
37127 1
37390 1
37596 1
37647 1
37684 1
37944 1
38066 1
39168 1
39252 1
39350 1
39368 1
39372 1
39586 1
39692 1
39763 1
39820 1
40820 1
40863 1
40960 15
41132 1
41307 1
41372 1
41650 1
41758 1
41786 1
41992 1
42012 1
42048 1
42438 1
42600 1
42672 1
43520 1
43616 1
44152 1
44260 1
44440 1
44560 1
44850 1
45000 1
45056 17
45096 1
45104 1
45128 1
45350 1
45684 1
45696 1
46040 1
46139 1
46163 1
46164 1
46166 1
46392 1
46400 1
46920 1
47083 1
47092 1
47166 1
47572 1
47860 1
48112 1
48192 1
48195 1
48352 1
48520 1
48525 1
48615 1
48660 1
48820 1
48972 1
49152 11
49656 1
49684 1
49876 1
50000 3
50016 1
50200 1
50340 1
50604 1
50660 2
50668 1
51271 1
51308 1
51504 1
51740 1
51800 1
52000 1
52016 1
52092 1
52244 1
52252 1
52365 1
52552 1
52632 1
52732 1
53248 11
53651 1
54216 1
54773 1
54796 1
54852 1
54866 1
54948 1
55064 1
55092 1
55160 1
55264 1
55272 1
55292 1
55444 1
55714 1
55776 1
55878 1
55936 1
56065 1
56196 1
56312 1
56514 1
56652 1
56815 1
56832 1
56874 1
56920 1
56964 1
57014 1
57016 2
57104 1
57106 1
57344 5
57459 1
57472 1
57520 1
57964 1
58096 1
58124 1
58172 1
58370 1
58626 1
58663 1
59028 1
59476 1
59624 1
59648 1
59676 1
59760 1
59778 1
59852 1
60076 1
60284 1
60440 1
60532 1
60626 1
60824 1
60917 1
60960 1
61036 2
61108 1
61440 6
61584 1
61752 1
62340 1
62364 1
62386 1
62656 1
62670 1
62887 1
62900 1
63083 1
63160 1
63432 1
63480 1
63912 1
64464 1
64521 1
64620 1
64826 1
65356 1
65404 1
65536 7
65788 1
65884 1
66036 1
66069 1
66140 1
66204 1
66272 1
66294 1
66295 1
66664 1
67020 1
67043 1
67184 1
67220 1
67670 1
68256 1
68268 1
68320 1
68364 1
68552 1
68564 1
68644 1
68708 1
68884 1
68948 1
69632 5
69759 1
69940 1
70036 1
70048 1
70212 1
70372 1
70620 1
70648 1
70656 1
70756 1
70824 1
70837 1
70932 1
71152 1
71260 1
71348 1
71489 1
71490 1
71528 1
71611 1
71680 1
71740 1
72056 1
72123 1
72161 1
72278 1
72344 1
72620 1
72904 1
73000 1
73269 1
73412 1
73428 1
73696 1
73728 11
73800 1
73848 1
73908 1
74068 1
74196 1
74248 1
74440 1
74500 1
74508 1
74752 1
74882 1
74928 1
75640 1
75960 1
75978 1
76132 1
76144 1
76477 1
76556 1
76800 1
76940 2
76948 1
77152 1
77264 1
77364 1
77584 1
77608 1
77824 8
77848 1
78084 1
78116 1
78336 1
78516 1
78688 1
78854 1
78856 1
78952 1
79160 1
79348 1
79448 1
79800 1
80555 1
80720 1
80752 1
80774 1
80838 1
80864 2
81092 1
81160 1
81360 1
81379 1
81440 1
81848 1
81920 5
81964 1
83304 1
84190 1
84284 1
84776 1
84984 1
85060 1
85338 1
85692 1
86016 6
86908 1
86988 1
87080 1
87362 1
87564 1
88045 1
88332 1
88644 1
88656 1
88728 1
89392 1
89560 1
90112 16
90572 1
90796 1
91360 1
91882 1
92128 1
92504 1
92564 1
92664 1
93328 1
93738 1
93828 1
93920 1
94100 1
94208 11
94515 1
94681 1
94760 1
94838 1
95824 1
96164 1
96168 1
96240 1
97076 1
97100 1
97332 1
98056 1
98304 10
99588 1
101540 1
101824 1
101888 1
102320 1
102400 22
103760 1
104604 1
104636 1
104804 1
105054 1
106110 1
106128 1
106184 1
106496 6
108028 1
108132 1
109284 1
109328 1
109658 1
110592 10
110812 1
110884 1
113152 1
113664 1
114624 1
114688 7
116394 1
116656 1
116990 1
118684 1
118784 3
120094 1
120192 1
120764 1
121328 1
122044 1
122880 5
122900 1
123732 1
124564 1
124819 1
124980 1
125144 1
125321 1
125760 1
125826 1
126156 1
126240 1
126384 1
126976 4
127104 1
127940 1
127968 1
128472 1
128596 1
129208 1
129640 1
129912 1
129932 1
130468 1
130544 1
130972 1
131072 2
131292 1
131372 1
131552 1
132536 1
132796 1
132872 1
133804 1
134112 1
134132 1
134168 1
134500 1
134960 1
135080 1
135136 1
135168 4
135720 1
135792 1
136640 1
136736 1
136904 1
137452 1
137864 1
138080 1
138084 1
138428 1
138904 1
139264 4
139954 1
139976 1
140180 1
140456 1
140464 1
140664 1
140794 1
140812 1
140865 1
141256 1
142071 1
142400 1
142848 1
142872 1
143130 1
143360 4
144188 1
144292 1
144984 1
145324 1
145684 1
145928 1
145952 1
146800 1
146884 1
146940 1
147456 1
148284 1
148320 1
148768 1
148844 1
149152 1
149224 1
149260 1
149532 1
150908 1
150956 1
151216 1
151472 1
151552 2
152240 1
152300 1
152972 1
152984 1
154008 1
155648 3
157452 1
159596 1
159744 2
160412 1
161008 1
161192 1
162904 1
163224 1
163840 3
165436 1
165792 1
165854 1
167196 1
167936 1
170048 1
171924 1
172032 5
173804 1
174172 1
174656 1
175232 1
175284 1
175404 1
176128 1
177556 1
178224 1
179344 1
180224 2
180340 1
181296 1
183172 1
184084 1
184320 4
184960 1
188416 2
190556 1
191064 1
191836 1
192512 3
192560 1
192920 1
193740 1
200704 1
201039 1
201348 1
201808 2
204576 1
208896 1
212068 1
212992 1
216646 1
220300 1
220700 1
221712 1
225072 1
229792 1
233472 1
246620 1
247656 1
249856 2
253952 4
262144 1
266240 3
266279 1
266898 1
270336 2
272308 1
275750 1
282832 1
290732 1
290816 1
293168 1
293504 1
293680 1
294912 2
295768 1
297159 1
299008 2
303104 1
311296 1
331197 1
335872 1
348160 3
367352 1
397328 1
409600 1
417792 1
438904 1
450560 1
451916 1
462848 1
499712 1
581632 1
584192 1
771656 1
792048 1
819200 1
1043792 1
1196032 1
1298432 1
1489870 1
1503280 1
1564650 1
2191360 1
2293760 1
2330624 1
2646016 1
3215360 1
3551232 1
4857856 1
