0 56
1 1
2 7
3 1
4 1
5 2
6 6
7 1
8 6
9 15
10 15
11 7
12 5
13 3
14 6
15 2
16 4
17 3
18 2
19 9
20 26
21 21
22 25
23 16
24 15
25 17
26 9
27 6
28 4
29 5
30 15
31 11
32 7
33 3
34 3
35 1
36 3
37 6
38 12
39 3
40 4
41 2
43 5
44 3
45 1
46 2
47 2
48 5
49 3
50 2
51 1
52 1
53 3
54 1
56 4
57 1
58 1
59 3
61 3
62 1
63 11
64 3
65 2
66 11
67 3
68 8
69 14
70 92
71 5
72 5
75 2
76 3
77 2
78 3
79 2
80 1
81 1
82 2
83 5
84 3
85 2
86 2
87 2
89 2
90 2
91 3
92 8
93 2
94 5
95 4
96 6
98 3
99 2
100 5
101 9
102 2
103 8
104 2
105 9
106 3
107 6
108 21
109 3
110 3
111 8
112 1
113 6
114 1
115 2
116 4
117 9
118 2
119 3
120 2
121 2
122 3
124 2
125 13
126 2
127 1
128 5
129 4
130 1
131 4
132 9
133 1
134 12
135 2
136 5
137 1
138 7
140 2
141 4
143 3
146 6
147 3
148 13
149 1
150 3
151 3
152 2
153 3
154 2
156 1
157 7
158 2
159 6
162 3
163 10
164 3
165 15
166 8
167 1
168 1
169 1
170 2
171 3
172 2
173 11
175 1
177 4
178 79
179 6
180 8
181 3
182 2
183 3
184 8
186 6
187 1
188 7
189 2
191 6
193 5
195 4
196 2
197 4
199 2
200 2
201 1
202 1
203 3
204 3
205 2
207 2
208 2
209 2
210 6
211 5
212 6
214 1
215 3
216 8
217 2
218 4
219 11
220 3
221 1
222 2
223 7
224 11
225 2
226 4
228 2
229 77
230 1
231 4
233 1
234 3
235 2
236 1
237 5
239 1
240 1
241 3
243 1
244 1
248 3
249 1
250 5
251 2
252 3
253 1
254 2
255 6
256 3
257 1
258 5
259 3
260 9
261 2
264 14
265 3
268 2
269 1
271 1
272 2
274 2
275 1
276 4
277 5
279 24
280 3
284 1
286 2
287 1
288 9
289 1
291 8
292 1
294 2
295 1
296 4
298 2
300 3
302 2
303 5
304 1
305 1
306 2
307 1
309 1
310 6
311 1
312 1
313 1
317 1
319 2
320 4
321 2
322 1
324 2
325 1
327 1
330 2
331 1
332 1
335 2
336 3
337 1
338 1
339 1
340 5
341 2
343 6
345 1
346 1
349 1
351 1
352 4
356 3
357 1
358 2
359 1
360 2
361 2
364 1
365 2
366 2
367 1
368 1
371 1
373 2
374 2
375 2
376 2
378 9
379 2
384 1
386 2
387 1
388 2
389 1
391 1
392 6
393 2
394 4
395 1
396 1
398 1
399 2
400 1
402 3
404 1
405 1
406 4
407 3
408 43
411 1
412 2
415 1
416 2
417 1
419 1
421 1
422 1
423 1
425 8
428 1
430 1
432 3
433 2
436 1
437 1
438 1
441 1
442 1
443 4
444 2
445 1
447 3
448 17
449 1
450 1
453 2
455 2
456 1
457 2
458 1
459 1
460 1
461 1
462 2
464 2
465 4
468 2
469 1
470 1
475 2
476 1
477 1
478 1
479 2
480 1
481 1
483 3
484 2
485 1
486 2
487 1
488 2
489 2
490 2
491 1
493 1
495 1
497 1
498 2
499 1
502 1
503 1
504 1
505 1
506 1
507 3
508 4
509 2
510 5
511 2
512 523
513 2
516 2
518 1
519 4
520 2
521 1
522 5
523 1
524 2
527 1
528 1
529 1
531 1
534 6
535 1
536 1
539 1
544 1
545 2
546 1
547 1
548 6
551 1
553 3
554 15
556 2
558 1
559 1
561 1
564 1
565 4
566 1
567 3
568 1
572 2
573 2
575 1
576 1
577 1
578 3
580 1
582 2
584 2
585 1
586 2
587 1
591 1
593 4
594 1
596 1
600 2
601 4
603 1
605 3
608 2
609 1
611 1
612 2
614 5
615 1
616 2
617 1
618 2
619 4
620 5
622 1
623 3
625 4
629 1
630 1
631 2
632 2
633 1
636 1
638 1
639 1
641 2
642 4
644 1
646 1
648 1
649 3
650 1
651 1
653 1
654 3
656 1
663 2
664 1
665 1
666 2
667 3
668 1
671 1
674 2
675 3
681 1
686 3
688 1
690 2
692 1
694 1
695 2
697 1
698 2
700 3
701 2
703 2
704 1
705 1
709 1
710 1
712 1
716 2
717 1
720 1
722 1
726 3
728 2
729 1
730 2
732 2
733 1
734 1
735 2
737 1
739 1
741 1
743 2
744 1
745 1
746 1
747 1
749 9
750 2
753 2
754 1
755 2
757 6
759 1
760 4
761 3
763 1
764 1
765 1
766 2
770 1
778 1
780 2
782 1
783 2
785 1
786 1
791 2
794 2
795 1
796 2
797 1
799 1
800 2
802 2
804 2
806 1
808 1
809 1
812 1
816 2
817 1
819 2
822 1
823 4
824 1
832 1
833 3
835 1
837 1
840 2
841 2
844 1
845 2
851 1
853 1
854 2
855 3
856 1
857 1
866 2
867 1
868 1
869 1
870 2
871 2
875 1
880 1
881 1
882 2
885 1
887 2
888 6
892 1
895 1
896 1
897 5
898 1
899 2
902 4
903 2
906 2
907 1
908 2
910 1
911 4
912 1
916 1
917 1
918 1
921 1
923 1
924 1
928 4
931 1
933 1
934 1
935 1
937 2
941 1
942 1
944 1
945 3
949 1
950 2
951 3
954 1
956 1
963 2
970 1
971 1
973 1
974 1
977 1
978 1
979 4
980 1
982 1
986 2
988 1
990 2
991 3
994 1
998 1
1000 1
1001 1
1004 1
1006 2
1009 2
1010 3
1011 2
1014 1
1021 1
1022 1
1023 1
1024 57
1029 1
1032 1
1033 1
1039 1
1046 2
1051 2
1052 2
1053 1
1054 2
1056 1
1061 1
1063 1
1065 2
1066 4
1068 1
1072 1
1073 1
1074 2
1078 2
1082 1
1084 1
1085 1
1089 6
1090 2
1094 1
1099 1
1101 1
1106 1
1110 1
1111 2
1112 1
1116 1
1121 1
1127 1
1128 2
1129 1
1135 1
1139 1
1144 1
1145 1
1150 1
1151 1
1153 1
1156 1
1159 3
1160 2
1162 1
1164 1
1169 1
1170 1
1172 1
1174 1
1176 1
1180 1
1186 1
1188 2
1189 1
1190 5
1191 1
1193 1
1196 1
1200 3
1202 3
1208 2
1209 1
1210 1
1217 1
1222 1
1224 1
1227 1
1228 1
1230 2
1231 1
1232 1
1234 1
1236 1
1238 1
1246 4
1248 1
1251 1
1256 1
1257 1
1259 2
1263 1
1267 1
1269 2
1274 3
1277 1
1278 1
1283 1
1286 1
1290 1
1291 1
1295 2
1296 1
1297 3
1301 3
1304 1
1305 1
1306 1
1308 2
1311 1
1319 1
1320 1
1323 1
1325 1
1326 1
1329 1
1330 1
1331 1
1334 1
1341 1
1345 1
1347 1
1355 1
1358 1
1359 1
1360 2
1361 1
1363 1
1364 1
1366 1
1367 1
1374 1
1375 2
1376 1
1381 1
1384 1
1385 2
1386 2
1390 1
1391 1
1394 1
1395 1
1396 1
1397 1
1400 3
1401 1
1404 2
1407 2
1408 2
1409 3
1410 2
1412 1
1415 1
1418 1
1421 2
1423 1
1424 1
1429 1
1431 1
1432 1
1434 1
1445 7
1446 2
1449 1
1450 1
1452 2
1455 1
1456 1
1457 1
1459 1
1461 2
1463 1
1468 1
1470 2
1473 1
1475 1
1477 3
1478 1
1484 1
1485 1
1491 1
1492 4
1494 1
1499 1
1501 1
1503 2
1516 2
1523 1
1526 1
1532 1
1536 23
1539 1
1541 1
1544 1
1555 1
1559 2
1562 2
1563 1
1566 1
1569 1
1576 1
1581 1
1587 3
1589 3
1595 1
1597 1
1606 2
1608 1
1613 1
1614 2
1615 2
1616 1
1621 1
1629 1
1630 1
1633 1
1636 4
1637 1
1642 1
1647 2
1648 1
1651 1
1664 1
1665 1
1677 1
1681 2
1683 1
1686 2
1689 1
1690 1
1694 3
1695 2
1697 1
1698 1
1700 1
1701 2
1702 1
1703 3
1716 1
1719 1
1720 1
1722 1
1726 2
1727 1
1728 2
1729 1
1733 3
1742 1
1752 1
1755 1
1758 2
1759 2
1760 1
1761 1
1765 1
1773 2
1774 1
1776 1
1780 1
1782 1
1784 1
1787 1
1790 2
1792 1
1794 2
1796 1
1799 2
1802 2
1803 2
1809 1
1811 1
1812 1
1821 2
1824 1
1833 1
1837 3
1838 1
1839 1
1840 1
1845 1
1847 1
1853 1
1854 1
1856 1
1864 1
1865 1
1866 1
1867 2
1869 2
1873 1
1877 7
1886 1
1887 2
1888 1
1899 1
1908 1
1911 2
1912 1
1917 1
1928 1
1929 1
1932 3
1936 1
1937 3
1938 1
1939 1
1942 2
1949 1
1950 1
1954 1
1955 2
1956 1
1958 1
1960 3
1962 1
1963 1
1968 2
1969 1
1972 1
1974 1
1975 1
1983 1
1986 1
1987 1
1989 2
1996 1
2000 1
2008 2
2011 1
2014 1
2016 1
2019 1
2022 1
2028 1
2029 1
2033 1
2034 1
2035 1
2039 1
2043 1
2044 1
2046 2
2047 1
2048 11
2050 1
2062 1
2063 1
2064 2
2067 1
2072 3
2075 1
2076 1
2078 1
2087 1
2089 1
2092 1
2097 1
2099 1
2101 1
2103 1
2106 1
2107 3
2112 1
2114 1
2118 2
2126 2
2130 1
2132 1
2137 1
2142 1
2145 1
2148 3
2153 1
2170 1
2177 1
2183 2
2188 1
2194 1
2197 1
2201 1
2206 1
2212 1
2216 1
2223 1
2236 7
2241 2
2242 1
2243 1
2258 1
2261 2
2266 3
2269 1
2270 2
2271 1
2273 1
2278 1
2279 2
2283 2
2284 1
2286 1
2289 1
2294 1
2298 1
2302 1
2304 2
2307 1
2314 1
2320 1
2326 1
2335 1
2340 1
2347 1
2355 1
2360 1
2365 1
2377 1
2384 2
2385 2
2388 1
2390 1
2391 1
2400 1
2401 2
2402 1
2405 3
2409 1
2421 1
2424 1
2425 1
2438 3
2444 1
2446 1
2448 1
2453 1
2454 1
2456 1
2459 1
2461 1
2463 1
2468 1
2472 3
2473 1
2480 1
2482 2
2484 1
2489 1
2502 1
2509 1
2510 1
2512 1
2517 2
2520 1
2521 1
2530 1
2534 1
2539 1
2546 1
2549 1
2560 4
2562 3
2565 1
2568 3
2572 2
2573 1
2575 1
2576 1
2577 1
2585 1
2586 1
2587 1
2606 1
2608 1
2611 1
2625 1
2630 1
2632 1
2635 1
2639 1
2644 5
2646 2
2647 1
2659 2
2673 3
2675 1
2676 1
2679 1
2689 1
2693 1
2695 1
2696 2
2699 2
2704 1
2709 3
2736 1
2737 1
2740 1
2741 1
2750 1
2752 1
2756 1
2757 1
2760 1
2767 1
2774 1
2788 1
2793 1
2815 1
2826 1
2830 5
2831 1
2832 1
2836 1
2839 1
2843 1
2852 1
2854 1
2859 1
2861 1
2865 3
2867 1
2872 1
2885 1
2889 2
2892 1
2895 1
2899 1
2903 1
2907 2
2917 1
2924 1
2933 1
2934 1
2944 1
2956 1
2961 1
2983 1
3000 3
3023 2
3025 1
3034 1
3036 1
3043 1
3045 1
3048 2
3053 1
3056 1
3067 1
3078 22
3080 1
3095 1
3099 1
3116 2
3120 1
3137 1
3138 1
3143 1
3144 2
3149 1
3151 4
3152 1
3161 1
3166 1
3172 3
3180 2
3181 1
3183 2
3196 86
3206 1
3217 1
3225 2
3226 1
3229 1
3230 1
3234 2
3253 1
3257 1
3261 2
3265 1
3267 1
3273 1
3278 2
3282 1
3284 2
3291 1
3297 2
3319 1
3331 2
3337 1
3353 1
3356 1
3377 1
3380 1
3384 1
3388 1
3393 1
3396 1
3406 1
3418 1
3425 1
3459 1
3461 1
3464 1
3484 1
3492 2
3493 1
3494 1
3512 1
3516 1
3529 1
3531 1
3544 1
3553 1
3556 1
3564 1
3572 1
3576 1
3579 1
3584 1
3598 1
3600 1
3608 1
3611 1
3619 1
3623 1
3627 1
3635 1
3647 1
3652 1
3657 2
3660 1
3662 2
3670 1
3676 1
3677 1
3678 1
3687 1
3688 1
3691 1
3700 1
3706 1
3723 1
3726 1
3746 2
3761 2
3763 1
3775 3
3778 1
3793 2
3798 1
3811 1
3820 1
3822 2
3828 1
3829 1
3830 1
3833 2
3834 1
3837 1
3841 1
3845 1
3861 1
3862 1
3863 1
3880 2
3884 1
3899 1
3911 2
3919 2
3941 1
3950 1
3955 1
3956 1
3970 2
3990 1
3995 1
4005 1
4009 2
4024 1
4026 1
4031 1
4033 1
4034 1
4038 1
4042 2
4044 1
4049 1
4054 1
4056 1
4074 1
4077 1
4082 1
4088 1
4091 2
4097 1
4111 1
4116 1
4118 2
4119 1
4126 1
4132 1
4134 1
4159 1
4166 1
4167 2
4168 1
4183 1
4199 1
4203 1
4204 2
4205 1
4215 2
4224 2
4227 2
4233 2
4234 2
4240 1
4242 1
4244 1
4245 1
4250 1
4264 2
4278 1
4285 1
4290 1
4294 1
4296 1
4304 2
4312 1
4337 1
4355 1
4368 1
4378 1
4384 1
4387 1
4388 1
4399 1
4408 1
4409 1
4410 1
4417 3
4423 1
4424 1
4444 1
4455 1
4459 1
4467 1
4472 1
4478 1
4500 1
4512 1
4521 1
4524 4
4561 1
4576 1
4581 2
4587 1
4596 1
4607 1
4609 1
4626 1
4631 1
4642 1
4647 1
4656 1
4660 1
4666 1
4667 1
4672 2
4682 1
4711 1
4726 1
4730 1
4737 1
4750 1
4763 2
4772 2
4780 1
4791 1
4792 1
4804 1
4813 2
4831 1
4855 1
4864 1
4865 1
4879 1
4905 1
4910 1
4913 1
4920 2
4923 1
4929 1
4933 1
4938 1
4942 1
4944 1
4956 1
4961 1
4971 1
4994 1
5006 1
5010 1
5045 1
5054 2
5072 1
5077 1
5092 1
5140 1
5148 1
5150 1
5160 2
5162 1
5163 1
5192 1
5207 1
5229 1
5232 1
5239 1
5256 2
5261 1
5265 1
5281 1
5301 1
5330 1
5341 1
5344 1
5347 1
5353 1
5356 1
5358 1
5396 1
5416 2
5420 1
5426 1
5440 1
5444 1
5481 1
5494 1
5495 1
5508 2
5522 2
5527 1
5530 1
5544 1
5550 1
5555 1
5560 1
5563 1
5564 1
5585 1
5597 1
5619 1
5620 1
5621 1
5632 1
5636 1
5646 2
5656 1
5679 1
5685 2
5692 1
5697 1
5705 1
5711 1
5725 1
5741 1
5786 1
5802 1
5803 2
5806 1
5810 1
5811 1
5819 1
5828 1
5837 1
5867 1
5892 1
5896 1
5921 1
5928 1
5941 1
5946 1
5955 1
5966 1
5984 2
5998 1
6005 2
6014 2
6024 1
6026 1
6039 1
6050 1
6055 1
6081 1
6087 1
6093 1
6105 1
6127 1
6165 1
6172 2
6175 1
6178 1
6180 1
6212 1
6257 1
6289 1
6320 1
6327 1
6340 1
6362 1
6376 1
6387 1
6421 2
6426 1
6441 1
6445 1
6450 1
6454 1
6463 1
6465 2
6468 1
6484 1
6485 2
6490 1
6517 1
6535 1
6556 1
6578 1
6605 1
6608 1
6614 1
6623 1
6631 1
6647 1
6648 1
6668 1
6671 1
6684 1
6688 1
6690 1
6692 1
6695 1
6697 1
6708 1
6712 1
6720 1
6727 1
6745 1
6752 1
6756 1
6769 1
6776 1
6777 1
6795 1
6797 1
6799 1
6822 1
6827 1
6837 1
6844 1
6846 1
6852 1
6859 1
6885 1
6923 1
6938 1
6946 1
6966 1
6972 1
6975 1
6976 1
6980 1
6992 1
7030 2
7031 1
7048 1
7080 2
7113 1
7148 1
7200 1
7205 1
7215 2
7217 1
7255 1
7280 1
7337 1
7362 1
7371 1
7380 1
7403 1
7405 1
7407 1
7438 1
7454 1
7480 1
7517 1
7519 2
7524 1
7550 1
7586 2
7598 1
7606 1
7632 1
7657 1
7658 1
7664 1
7668 1
7696 1
7708 1
7715 1
7717 1
7736 1
7760 1
7797 1
7820 1
7821 1
7828 2
7871 1
7882 1
7885 1
7892 1
7904 2
7923 1
7938 1
7964 1
7972 1
7979 2
8000 1
8009 1
8012 91
8014 2
8020 1
8021 1
8028 1
8035 1
8073 1
8079 1
8094 1
8103 1
8106 1
8118 1
8123 1
8133 1
8156 1
8180 1
8181 1
8200 3
8231 1
8247 1
8248 1
8250 1
8273 1
8279 1
8288 1
8375 1
8390 1
8400 2
8408 1
8426 1
8440 1
8446 1
8455 1
8458 1
8465 1
8470 1
8481 1
8488 1
8494 1
8543 1
8570 1
8574 1
8586 1
8604 1
8620 1
8638 2
8643 1
8647 1
8650 1
8662 1
8687 1
8688 1
8739 1
8748 1
8765 1
8789 1
8793 1
8796 1
8879 1
8881 1
8884 1
8910 1
8967 2
9011 1
9028 1
9055 1
9060 1
9067 1
9070 1
9073 1
9077 1
9089 1
9093 1
9139 2
9178 1
9183 1
9199 1
9208 1
9216 1
9277 1
9286 1
9289 1
9302 1
9326 1
9340 1
9369 1
9381 1
9389 1
9396 1
9406 1
9409 1
9445 1
9460 1
9465 1
9472 7
9480 5
9508 1
9524 1
9556 1
9583 1
9588 1
9624 1
9654 1
9660 1
9666 1
9712 1
9740 2
9750 2
9761 1
9768 3
9786 1
9804 5
9822 1
9831 1
9840 1
9855 2
9858 1
9861 1
9909 1
9910 1
9964 1
9972 1
9980 1
10003 1
10018 2
10029 1
10044 1
10048 1
10049 1
10080 1
10111 1
10134 1
10140 1
10166 1
10169 1
10207 1
10263 1
10409 1
10432 1
10470 3
10473 1
10488 1
10511 2
10517 1
10524 1
10529 1
10550 2
10567 1
10618 1
10623 1
10644 1
10655 1
10662 1
10665 1
10679 1
10684 1
10704 1
10719 3
10726 1
10752 1
10806 1
10815 1
10816 1
10846 1
10870 2
10878 1
10884 1
10938 1
10940 1
10957 1
10982 1
10993 1
10997 1
11034 2
11085 1
11097 1
11147 1
11155 1
11177 1
11182 2
11184 1
11188 1
11223 1
11242 1
11251 1
11283 1
11288 2
11289 2
11292 1
11293 1
11300 1
11302 1
11315 1
11324 1
11328 1
11331 1
11332 1
11340 1
11351 1
11411 1
11422 1
11427 1
11434 82
11439 1
11464 11
11525 1
11540 1
11549 1
11560 1
11583 1
11598 1
11613 1
11625 1
11640 1
11647 2
11656 1
11684 1
11768 1
11783 1
11788 1
11852 1
11907 1
11958 2
11989 1
12048 1
12064 1
12068 1
12077 1
12092 1
12093 1
12112 1
12124 1
12189 1
12270 1
12276 1
12296 1
12297 1
12299 1
12300 1
12349 1
12350 1
12369 3
12394 1
12409 1
12410 1
12426 1
12440 1
12468 1
12612 1
12629 1
12637 1
12696 1
12729 1
12734 1
12743 1
12744 1
12752 1
12790 1
12798 1
12804 1
12827 1
12843 1
12881 1
12906 1
12929 1
12940 2
12995 1
13021 2
13032 1
13036 1
13039 2
13059 1
13104 1
13116 1
13158 1
13221 1
13337 1
13345 1
13347 1
13420 1
13440 1
13441 1
13475 1
13513 1
13516 1
13520 1
13546 1
13548 1
13572 1
13596 1
13655 1
13663 1
13700 2
13703 1
13767 1
13768 2
13790 1
13838 1
13896 1
13900 1
13939 2
13996 1
14009 1
14046 1
14048 1
14057 1
14151 1
14248 1
14260 3
14311 1
14313 1
14354 1
14404 1
14425 1
14431 1
14461 2
14513 1
14553 1
14686 1
14708 1
14735 1
14740 1
14783 2
14835 1
14861 1
14928 2
14979 1
15005 1
15012 1
15013 1
15070 1
15088 1
15136 1
15165 1
15208 1
15230 1
15312 1
15376 1
15488 1
15498 2
15532 1
15630 1
15667 1
15691 1
15773 1
15793 1
15853 1
15869 1
15983 3
15996 1
16048 1
16049 1
16122 1
16128 1
16185 1
16190 1
16219 1
16231 1
16233 1
16384 2
16428 1
16432 1
16437 1
16496 1
16513 1
16533 1
16579 2
16583 1
16598 1
16660 1
16680 1
16693 1
16698 1
16786 2
16827 1
16861 2
16870 1
16884 1
16888 1
16920 1
16992 1
17026 1
17066 1
17120 1
17123 2
17135 1
17139 1
17164 1
17174 1
17201 1
17206 1
17252 1
17280 1
17288 1
17294 1
17295 1
17323 2
17331 1
17380 1
17403 1
17415 1
17431 1
17437 1
17439 1
17452 2
17465 1
17475 1
17541 1
17583 1
17586 1
17604 1
17608 1
17622 1
17648 1
17661 1
17679 1
17686 1
17694 1
17889 1
17915 1
17996 1
18023 1
18034 1
18060 1
18139 1
18150 1
18155 1
18224 1
18243 1
18290 1
18306 1
18391 1
18474 1
18480 1
18485 1
18502 1
18530 1
18615 1
18662 1
18706 3
18743 1
18748 1
18769 1
18772 1
18807 1
18837 1
18852 1
18863 1
18880 1
18884 1
19025 1
19033 1
19299 1
19500 1
19613 1
19662 1
19751 1
19792 1
19812 1
19829 1
19853 1
19922 1
19958 1
19993 1
19995 2
20030 1
20105 1
20251 1
20428 1
20480 1
20484 1
20548 1
20593 1
20616 1
20680 1
20714 1
20721 1
20789 1
20808 1
20810 1
20818 1
20829 1
20830 1
20924 2
20959 1
20967 1
21036 1
21112 1
21187 1
21332 1
21356 1
21496 1
21532 1
21552 1
21562 1
21565 1
21588 1
21608 1
21612 1
21621 1
21641 1
21751 1
21944 1
21968 1
22019 1
22239 1
22254 1
22348 1
22353 1
22356 1
22402 1
22425 1
22430 1
22470 1
22494 1
22615 1
22636 1
22671 1
22724 1
22792 1
22978 1
23017 1
23088 1
23134 1
23140 1
23292 1
23584 1
23733 1
24066 1
24106 1
24197 1
24220 1
24257 1
24564 1
24791 1
24844 1
24912 1
25083 1
25120 1
25165 1
25170 1
25309 1
25460 1
25480 1
25486 1
25491 2
26023 1
26037 1
26188 1
26271 1
26720 1
26743 1
26791 1
26816 1
26939 1
27005 1
27123 1
27236 1
27380 1
27416 1
27436 1
27505 1
27559 1
27604 1
27626 1
27687 1
27821 1
28006 1
28103 2
28161 1
28176 1
28375 1
28382 1
28536 1
28572 1
28628 1
28672 1
28932 1
29185 1
29204 1
29306 1
29444 1
29692 1
29924 1
30028 1
30047 1
30304 1
30320 1
30438 1
30620 1
30622 1
30639 1
30681 1
30869 1
30911 1
31156 1
31331 1
31384 1
31408 1
31487 1
31563 1
31589 1
31640 1
31704 1
31720 2
31950 1
31960 1
31984 1
32057 1
32189 1
32376 1
32393 1
32424 1
32556 1
32780 1
32974 1
32979 2
33288 1
33352 1
33392 1
33491 1
33574 1
33809 1
33912 1
34002 1
34133 1
34306 1
34388 2
34470 1
34595 1
34620 1
34700 1
34728 1
34764 1
35180 1
35240 1
35433 1
35458 1
35496 2
35532 1
35910 1
36080 1
36612 1
36620 1
36868 1
36880 1
36910 1
36986 1
37055 1
37073 1
37081 1
37192 1
37213 1
37261 1
37276 1
37289 1
37474 1
37740 1
37825 3
38096 1
38277 1
38468 1
38475 1
38673 1
38756 1
38850 1
38918 1
39112 1
39427 1
39580 1
39588 1
39702 1
39903 1
39981 1
40289 1
40312 1
40405 1
40930 3
40976 1
41266 1
41528 1
41600 1
41608 1
41616 1
41900 1
42290 1
42490 1
42944 1
43324 1
43522 1
43571 1
44712 1
44868 1
45331 1
45914 1
46448 1
46728 1
47550 2
47594 1
47978 2
48020 1
48343 1
48904 1
49152 1
49256 1
49427 1
49524 1
49588 1
49656 1
49679 1
49748 1
49824 1
49908 1
50135 1
50264 1
50315 2
50695 1
50696 1
50936 1
50937 1
50940 2
51151 1
51152 1
51200 1
51483 2
51980 1
52580 1
52644 1
52912 1
53067 1
53107 2
53152 1
53180 1
53248 1
53304 2
53343 1
53492 1
53644 2
53744 1
53816 1
53828 1
54149 1
54180 1
54217 2
54298 1
54348 1
54653 1
54945 1
55010 2
55058 1
55102 2
55532 1
55556 1
55802 1
56584 1
57190 1
57407 2
57425 1
57489 2
57773 2
58247 2
58272 1
58517 1
59476 1
59588 1
59625 1
59786 1
60164 1
60564 2
60852 1
61368 1
61403 2
61440 1
61484 1
61772 1
61840 1
61873 1
61956 1
62424 1
62456 1
62474 1
62771 2
63087 2
63235 2
63281 2
63284 1
63319 2
63524 1
63599 2
64000 1
64069 1
64079 2
64112 1
64285 1
64292 1
64479 1
64519 1
64575 2
64711 2
65023 1
65204 1
65363 2
65712 4
66095 1
66123 1
66581 2
66692 1
66785 1
66795 1
67000 2
67835 1
68353 2
68631 2
68659 2
68663 1
68741 2
69143 2
69191 2
69213 2
69237 2
69255 2
69272 1
69323 2
69359 2
69381 2
69399 2
69405 2
69411 1
69417 2
69419 2
69429 2
69435 2
69443 2
69469 2
69479 2
69517 2
69530 1
69559 4
69561 2
69569 2
69573 2
69577 2
69587 2
69611 2
69665 2
69677 2
69725 2
69755 2
69783 4
69808 1
69809 2
69843 2
69851 2
69864 1
69887 2
69891 2
69925 2
69941 2
69959 2
69985 2
70013 2
70021 2
70031 2
70035 2
70041 2
70043 2
70055 2
70075 2
70121 2
70123 2
70127 2
70131 2
70203 4
70205 2
70221 2
70269 2
70299 2
70315 2
70339 1
70435 2
70441 2
70487 2
70493 2
70505 2
70517 2
70551 2
70571 2
70604 1
70625 2
70653 2
70659 2
70673 2
70677 2
70681 2
70685 2
70693 2
70709 2
70741 2
70747 4
70809 2
70841 2
70843 2
70879 1
70891 2
70935 2
70943 2
70963 2
70979 2
70997 2
71019 2
71063 2
71115 2
71119 2
71155 2
71159 2
71179 2
71191 2
71201 4
71222 1
71247 2
71277 2
71281 2
71291 2
71329 2
71347 2
71359 2
71395 2
71423 2
71431 2
71473 2
71499 2
71503 2
71551 2
71563 2
71659 2
71785 2
71859 2
71957 2
71971 2
72071 2
72079 2
72091 2
72221 2
72412 1
72747 1
72803 2
72809 1
73176 1
73611 1
74220 1
74311 1
74618 1
74815 1
76436 1
76736 1
77240 1
77768 1
77868 1
78228 1
78563 1
78792 1
80368 1
80628 1
81901 1
81920 1
82088 1
83124 1
84564 1
84676 1
85688 1
86017 1
86236 1
87332 1
87488 1
87640 1
87993 1
91580 1
93827 1
95594 1
97460 1
98304 1
99954 1
100061 1
101409 1
102284 1
103103 5
103464 1
104503 1
104664 1
105836 1
106056 1
106364 1
106496 2
106544 1
110207 1
110539 1
111132 2
112876 1
114864 1
114915 1
115335 1
117924 1
118381 1
118615 1
119024 1
120435 1
121538 1
121689 1
122880 1
124588 1
124648 1
125636 1
126753 1
129883 1
130252 1
131080 1
136529 1
136673 1
137010 1
138581 1
143500 1
143916 1
144556 1
144592 1
150317 1
151802 1
151810 1
151815 1
154639 1
156944 1
161896 1
162727 1
163424 1
163840 1
166731 2
173534 1
175918 1
180224 1
180336 1
180523 1
186211 1
187516 1
188416 2
194596 1
198023 2
203728 1
204800 1
204912 1
213008 1
224415 1
232503 1
237568 2
254192 1
256871 1
261000 1
271659 1
282787 1
286720 1
289425 1
290031 1
301506 1
321957 1
323208 1
324721 1
327700 1
329816 1
331523 1
342935 1
346746 1
348336 1
349028 1
349092 1
354306 1
357336 1
361640 1
367544 1
370249 1
372100 7
372308 1
372313 15
372340 1
373247 1
376497 1
377072 1
378016 1
381388 1
384636 1
387263 1
390980 1
395428 1
402840 1
403473 1
404084 1
409652 1
411376 1
411468 1
412236 1
421508 1
421688 1
422352 1
422408 1
425106 1
431513 1
433036 1
444980 1
450560 1
450576 1
456836 1
461068 1
461824 1
466216 1
466264 1
466944 3
470019 1
480782 1
492032 1
492884 1
505804 1
510064 1
519271 1
525356 1
538388 1
540568 1
552848 1
556300 1
562164 1
567808 1
573440 1
592127 1
593652 1
622768 1
635433 1
643623 1
645776 1
646136 1
652732 3
700006 3
706392 1
709744 1
712928 1
799423 1
804688 1
819712 1
827064 1
885164 1
906944 1
920060 1
950272 1
952320 1
999796 1
1110016 1
1116300 1
1126400 2
1135104 1
1140090 1
1298140 1
1378448 1
1416584 1
1471704 1
1623849 1
1712120 1
1917856 1
2053400 1
2113536 1
2334960 2
2408448 1
2777780 1
2793684 1
3221504 1
5094863 1
5238784 1
5803565 1
6831205 1
8466432 1
8525824 1
16885760 1
38391840 1
