0 3
19 2
20 1
27 7
28 1
32 1
33 2
35 1
38 1
39 1
40 2
42 1
45 1
51 1
53 1
57 1
60 2
61 1
68 1
72 1
87 1
91 1
103 1
114 1
118 1
121 1
122 1
123 1
141 1
146 1
160 1
164 1
166 1
178 1
183 2
185 1
203 2
211 1
214 1
231 1
239 1
257 1
259 2
263 1
266 1
271 1
279 1
285 1
292 1
295 1
303 1
304 1
323 1
326 1
329 1
342 1
345 1
348 1
363 1
370 1
371 1
398 1
409 1
416 2
418 1
419 1
421 1
427 1
430 1
440 1
458 1
472 2
499 1
503 2
506 2
510 1
512 56
521 1
523 1
536 1
544 2
549 1
552 1
557 1
561 1
567 1
569 1
574 1
576 1
583 1
590 1
591 1
594 1
604 1
607 1
608 1
615 1
627 1
631 1
639 1
654 2
663 1
676 1
677 1
678 1
681 1
695 2
715 1
722 1
742 1
746 1
750 1
752 1
754 1
763 2
770 1
772 1
774 1
808 1
819 1
829 1
830 1
862 1
887 1
890 1
896 1
910 1
921 1
929 1
939 1
956 1
979 1
1012 1
1013 1
1015 1
1023 1
1024 5
1027 1
1030 1
1032 1
1034 1
1039 1
1049 1
1051 1
1065 1
1073 1
1077 1
1078 1
1088 1
1100 1
1108 1
1127 1
1134 1
1135 1
1146 1
1147 1
1150 1
1155 2
1156 1
1158 1
1161 2
1162 1
1163 1
1171 1
1175 1
1181 2
1184 1
1188 1
1191 1
1197 1
1210 1
1220 1
1273 1
1285 1
1289 1
1295 1
1309 1
1319 1
1330 1
1332 1
1343 1
1370 2
1371 1
1388 1
1423 1
1437 1
1453 1
1466 1
1536 5
1556 1
1602 1
1616 1
1618 1
1638 1
1648 1
1688 1
1747 1
1752 1
1793 1
1816 1
1832 1
1848 1
1878 1
1900 1
1905 1
1948 1
1998 1
2004 1
2007 1
2015 2
2022 1
2025 1
2026 1
2027 1
2032 2
2033 1
2034 1
2035 1
2045 2
2047 1
2048 1
2050 2
2059 2
2060 1
2062 1
2066 1
2069 1
2070 1
2073 2
2077 4
2078 1
2083 2
2084 1
2085 1
2088 1
2089 2
2091 1
2092 1
2093 1
2096 1
2097 1
2103 1
2105 1
2110 2
2116 1
2117 1
2133 2
2144 1
2165 1
2212 1
2217 1
2219 1
2221 1
2222 2
2228 1
2231 1
2238 2
2239 1
2240 1
2241 1
2250 1
2251 1
2256 2
2272 1
2275 2
2276 2
2277 1
2281 2
2285 1
2289 1
2291 1
2293 1
2302 1
2304 1
2305 1
2307 1
2316 2
2318 1
2323 1
2339 2
2340 1
2356 1
2358 1
2421 2
2447 1
2456 1
2510 1
2544 1
2593 1
2638 1
2640 1
2690 1
2708 1
2755 1
2778 1
2780 1
2802 1
2803 1
2838 1
2862 1
2865 1
2872 1
2892 2
2903 1
2930 1
3014 1
3019 1
3022 1
3041 1
3052 1
3087 1
3125 1
3129 3
3155 1
3157 1
3170 1
3198 1
3228 1
3236 1
3238 1
3338 1
3353 1
3375 1
3395 1
3404 1
3426 1
3445 1
3471 1
3520 1
3531 1
3584 3
3616 1
3619 1
3691 1
3735 1
3743 1
3745 1
3748 1
3760 1
3767 1
3809 1
3811 1
3868 1
3875 1
3888 1
3899 1
3963 1
3983 1
3995 1
3999 1
4015 1
4027 1
4046 1
4052 1
4085 1
4096 2
4108 3
4119 1
4155 1
4166 1
4304 1
4305 1
4319 1
4458 1
4475 1
4480 1
4494 1
4499 1
4511 1
4519 1
4548 2
4554 1
4594 1
4597 1
4608 3
4616 1
4672 1
4728 1
4732 1
4744 1
4783 1
4800 1
4847 1
4854 1
4917 1
4964 1
4990 1
5000 1
5015 1
5043 1
5056 2
5099 1
5120 1
5280 1
5477 1
5501 1
5589 1
5627 1
5632 3
5655 1
5707 1
5723 1
5762 1
5844 1
5851 1
5874 1
5892 1
6015 1
6053 1
6079 1
6113 1
6132 1
6144 3
6156 1
6189 1
6276 1
6277 1
6286 1
6380 1
6381 1
6479 1
6529 1
6586 1
6656 4
6676 1
6731 1
6736 1
6754 1
6870 1
6922 1
6928 1
6999 1
7040 1
7052 1
7072 1
7168 2
7258 1
7416 2
7428 1
7444 1
7452 1
7469 1
7492 1
7544 1
7556 1
7584 1
7636 1
7644 1
7680 2
7684 1
7688 1
7692 1
7696 1
7700 1
7704 1
7736 1
7742 1
7744 1
7756 1
7776 1
7848 1
7928 1
7940 1
8000 1
8052 1
8059 1
8100 1
8192 2
8196 1
8197 1
8288 1
8304 1
8328 1
8332 1
8336 2
8340 2
8352 1
8372 1
8376 1
8424 1
8456 1
8468 1
8480 1
8492 2
8494 1
8500 1
8508 1
8516 2
8520 2
8528 2
8532 1
8533 1
8540 3
8546 1
8552 1
8560 4
8567 1
8576 1
8580 1
8592 1
8608 2
8660 1
8663 2
8688 2
8692 1
8708 1
8716 1
8744 1
8772 1
8778 1
8779 1
8780 5
8784 1
8792 1
8796 1
8800 1
8804 1
8808 2
8815 1
8816 1
8824 1
8828 1
8840 2
8844 1
8848 1
8852 2
8860 2
8868 1
8871 1
8872 2
8884 1
8895 1
8896 2
8904 1
8916 1
8928 1
8937 1
8940 1
8951 1
8952 1
8960 1
8996 1
9000 2
9032 1
9076 1
9108 1
9124 1
9126 1
9136 1
9140 3
9144 1
9152 2
9164 1
9168 1
9192 1
9200 1
9204 1
9208 1
9216 4
9224 1
9232 1
9248 1
9276 1
9292 1
9304 2
9328 1
9344 1
9360 1
9364 1
9368 1
9388 1
9392 2
9404 2
9416 1
9444 1
9472 1
9476 2
9484 1
9488 1
9492 2
9500 1
9527 2
9528 1
9548 1
9556 1
9560 1
9564 2
9588 1
9592 1
9604 1
9616 1
9648 1
9652 1
9656 1
9676 1
9708 1
9712 1
9724 1
9728 1
9748 1
9772 1
9776 1
9788 1
9792 2
9796 1
9828 1
9832 1
9860 1
9868 1
9888 1
9896 1
9904 2
9908 1
9912 1
9920 1
9924 1
9952 2
9968 2
9972 1
9996 1
10000 1
10008 1
10016 1
10024 1
10037 1
10040 1
10048 1
10084 1
10088 1
10092 3
10104 1
10132 1
10148 1
10152 1
10156 1
10160 1
10164 1
10192 2
10208 1
10220 1
10228 1
10236 3
10256 1
10260 1
10272 1
10276 1
10288 1
10304 1
10312 1
10324 1
10328 1
10348 1
10352 1
10404 2
10408 1
10416 1
10452 2
10456 2
10464 1
10468 1
10492 1
10516 1
10520 2
10524 2
10538 1
10543 1
10576 1
10580 1
10608 1
10620 1
10624 1
10628 1
10668 1
10704 1
10720 1
10752 1
10756 1
10800 1
10804 1
10824 1
10835 1
10836 1
10844 1
10864 1
10880 1
10916 1
10920 1
10924 1
10927 1
10928 2
10949 1
10984 1
10997 1
10999 1
11024 1
11052 1
11056 1
11064 1
11068 1
11076 1
11108 2
11146 1
11156 1
11192 1
11204 1
11208 3
11212 2
11224 1
11240 1
11244 1
11260 1
11264 1
11268 1
11288 1
11332 1
11348 1
11352 1
11380 1
11412 1
11424 1
11440 1
11444 1
11456 1
11459 1
11476 2
11480 1
11488 2
11492 1
11512 1
11528 1
11536 2
11540 1
11543 1
11548 1
11556 1
11588 1
11604 1
11624 1
11644 1
11652 1
11688 1
11696 1
11701 1
11704 1
11720 2
11724 2
11768 1
11772 1
11784 1
11798 1
11805 1
11812 1
11844 1
11852 1
11856 3
11864 1
11872 1
11880 1
11888 1
11900 1
11976 1
11984 1
11990 1
12000 4
12024 1
12032 2
12040 1
12056 1
12068 1
12076 1
12080 1
12088 1
12092 2
12108 1
12112 1
12148 1
12168 1
12176 1
12204 1
12216 2
12220 1
12232 1
12240 1
12264 1
12276 1
12280 1
12288 5
12336 1
12412 1
12428 1
12436 1
12472 1
12568 1
12635 1
12648 1
12660 1
12676 1
12688 1
12712 1
12732 1
12784 1
12824 2
12834 1
12884 1
12888 1
12904 1
12932 1
12938 1
12970 1
12972 1
12987 1
12993 1
13128 1
13166 1
13176 1
13212 1
13231 1
13248 1
13348 1
13356 1
13368 3
13463 1
13484 1
13636 1
13668 1
13696 1
13700 1
13864 1
13868 1
13928 1
13948 1
13953 1
13964 1
13992 1
14016 1
14048 5
14052 1
14086 1
14172 1
14208 1
14239 1
14244 1
14272 1
14288 2
14292 1
14302 1
14323 1
14360 1
14388 1
14392 1
14428 1
14448 1
14452 1
14460 1
14479 1
14486 1
14524 1
14527 1
14528 1
14579 1
14595 1
14625 1
14628 1
14631 1
14632 1
14635 1
14639 1
14652 1
14660 1
14668 1
14680 1
14696 1
14732 1
14736 1
14748 1
14776 1
14784 4
14820 1
14824 1
14852 1
14856 1
14896 1
14908 1
14922 1
14948 1
14960 1
14991 1
15052 1
15063 1
15072 2
15184 1
15240 1
15310 1
15316 1
15340 1
15352 1
15408 1
15436 1
15456 1
15492 1
15596 1
15616 1
15720 1
15758 1
15762 1
15816 2
15820 2
15832 1
15844 1
15868 1
15918 1
15930 1
15996 1
16000 2
16036 1
16052 1
16076 1
16096 2
16130 1
16160 2
16172 1
16259 1
16272 1
16384 1
16456 1
16580 1
16620 1
16632 1
16640 1
16718 1
16792 1
16808 1
16844 1
16988 1
17103 1
17120 2
17172 1
17350 1
17446 1
17488 1
17516 1
17592 1
17596 1
17668 2
17728 1
17847 1
17865 1
17900 1
17943 1
17984 1
18068 2
18076 1
18121 1
18161 1
18209 1
18221 1
18312 1
18345 1
18373 1
18376 2
18380 2
18398 1
18404 1
18424 1
18482 1
18553 1
18569 1
18620 1
18632 1
18656 2
18664 2
18696 1
18768 1
18780 1
18791 1
18796 1
18804 1
18912 1
19002 1
19024 1
19166 1
19174 1
19184 1
19256 1
19384 1
19409 1
19414 1
19432 1
19831 1
19865 1
19912 2
19916 2
19940 1
19944 1
20140 1
20192 3
20200 1
20336 1
20476 1
20480 1
20688 2
21036 1
21066 1
21077 1
21143 1
21199 1
21219 1
21228 1
21252 1
21253 1
21256 1
21388 1
21440 1
21504 1
21505 1
21517 1
21564 1
21573 1
21601 1
21648 1
21854 1
22054 1
22135 1
22248 1
22307 1
22368 1
22474 1
22508 1
22512 1
22624 1
22872 1
23120 1
23312 1
23372 1
23484 1
23888 1
24032 2
24268 1
24288 2
24304 1
24305 1
24332 1
24520 1
24541 1
24576 4
24696 1
24882 1
24975 1
25092 1
25260 1
25281 1
25508 1
25780 1
26002 1
26056 2
26060 2
26084 1
26329 1
26336 2
26552 1
26556 1
27376 1
28448 2
28467 1
28545 1
28652 1
28748 1
28779 1
28847 1
29135 1
29203 1
29281 1
29297 1
29321 1
29514 1
29907 1
30012 1
30224 2
30352 1
30480 1
30561 1
30563 1
30573 1
30611 1
30868 1
31567 1
31901 1
32138 1
32142 1
32324 1
32339 1
32641 1
32768 4
33024 1
33060 1
33170 1
33588 1
34274 1
34620 1
35521 1
35688 1
35722 1
35740 1
35845 1
35989 1
36138 1
36636 1
36896 1
37213 1
37382 1
37383 1
37464 1
37513 1
37812 1
37874 1
38549 1
39664 1
40304 1
40334 1
40672 2
40736 1
40843 1
40847 1
41045 1
41748 1
41824 1
42004 1
42133 1
42296 1
42748 1
43128 1
43681 1
43736 1
43782 1
45056 1
45092 1
45256 1
45284 1
46039 1
47211 1
47218 1
47509 1
47721 1
48192 1
48328 1
48332 1
49152 2
49976 1
50355 1
51083 1
51085 1
51285 1
52052 1
52116 1
52380 1
54824 1
55362 1
56324 1
56963 1
56990 1
57044 1
57109 1
57119 1
58261 1
58435 1
61192 1
61525 1
62156 1
62416 1
62800 1
63343 1
63347 1
63573 1
66024 1
66347 1
69364 1
69925 1
70119 1
73555 1
73728 1
74593 1
74872 1
75073 1
75176 1
75233 1
75427 1
77182 1
77211 1
79344 1
89674 1
90112 3
92752 1
92968 1
94208 2
94293 1
94765 1
97230 1
98304 1
101119 1
102400 1
105620 1
106496 1
110592 1
122880 1
125008 1
126032 1
129438 1
131072 1
132263 1
133887 1
135168 1
140158 1
143060 1
148344 1
149712 1
159744 1
177376 1
194781 1
195432 1
201678 1
204800 1
205847 1
208137 1
232775 1
234068 1
258168 1
258255 1
314872 1
331117 1
331991 1
348160 1
381624 3
397805 1
458124 2
476088 1
490920 1
519690 1
624584 1
698864 1
707437 1
802816 1
922008 1
962776 1
1038914 1
1187840 1
1270985 1
1334784 1
1433600 1
1531272 1
2293760 1
3551232 3
3600598 1
4194192 1
6319104 1
16814080 1
