0 18
2 2
6 1
8 1
10 1
13 1
14 34
15 19
16 10
17 10
18 3
19 5
20 2
28 1
29 3
30 1
36 1
55 1
62 1
65 1
67 1
72 1
83 1
88 1
94 1
96 1
104 1
112 1
122 1
137 1
138 1
140 1
162 1
167 1
170 1
195 1
199 1
200 2
205 1
210 1
215 1
229 1
231 1
236 1
238 1
241 1
246 1
253 1
257 1
263 1
264 1
269 1
272 1
276 1
280 1
281 1
285 1
286 1
293 2
294 1
297 1
299 1
303 1
305 1
310 1
317 1
323 1
324 1
345 1
352 1
354 1
356 1
358 1
364 4
387 1
395 1
399 1
401 1
405 1
410 2
411 1
413 1
414 2
418 1
428 1
430 1
434 1
439 1
446 1
450 1
453 1
462 1
467 1
472 1
482 1
483 1
485 1
486 1
497 1
499 1
500 1
501 1
504 1
506 1
512 84
521 1
533 1
539 1
540 1
543 1
544 1
545 1
547 1
550 1
555 1
559 1
563 1
564 1
566 1
567 1
572 1
574 1
598 1
599 1
601 1
603 1
609 1
627 1
629 1
631 1
642 1
643 2
649 1
652 2
653 1
654 1
671 1
672 1
685 2
686 1
688 1
691 1
698 1
702 1
710 1
715 1
716 1
722 1
733 1
737 1
742 1
744 1
745 1
748 1
749 1
753 1
754 2
755 1
757 1
765 1
796 1
799 1
800 1
803 1
805 1
808 1
811 1
812 1
815 1
821 1
825 1
829 1
833 1
841 1
847 1
854 1
861 1
866 1
870 1
871 1
874 1
886 1
890 2
895 1
898 1
900 1
905 1
907 1
915 1
918 1
920 1
928 1
939 3
975 1
979 1
983 1
984 2
985 1
1007 1
1008 1
1009 1
1016 1
1024 4
1025 1
1029 1
1035 2
1037 1
1046 1
1047 1
1054 1
1079 1
1085 1
1086 1
1089 1
1093 1
1096 1
1112 1
1114 1
1117 1
1118 1
1132 1
1133 1
1138 1
1141 1
1142 1
1144 1
1145 1
1147 1
1151 1
1160 1
1163 1
1166 1
1179 1
1186 1
1202 1
1211 1
1215 1
1216 1
1224 1
1243 1
1244 1
1254 2
1255 1
1270 1
1274 1
1285 1
1287 1
1290 1
1293 1
1296 1
1299 1
1303 1
1307 2
1320 1
1326 1
1353 1
1358 1
1363 1
1364 1
1365 1
1370 1
1377 1
1378 1
1390 1
1410 1
1420 1
1428 1
1431 1
1442 2
1455 1
1456 1
1458 1
1459 1
1467 1
1468 1
1469 1
1488 1
1491 1
1521 1
1523 1
1535 1
1536 1
1538 1
1541 1
1543 1
1549 1
1558 1
1559 1
1562 1
1564 1
1569 1
1592 1
1602 1
1612 1
1626 1
1631 1
1632 1
1633 1
1637 1
1641 1
1644 1
1649 1
1654 1
1661 1
1668 1
1676 1
1679 1
1697 1
1703 1
1705 1
1708 1
1720 1
1721 1
1728 1
1732 1
1733 1
1739 1
1745 2
1751 1
1761 1
1780 1
1818 1
1824 1
1826 1
1839 1
1843 1
1853 1
1855 1
1857 1
1859 2
1864 2
1866 1
1872 1
1876 1
1877 1
1886 1
1899 1
1916 1
1918 1
1919 1
1931 1
1950 1
1952 1
1953 1
1972 1
1983 1
1992 1
1997 1
2002 1
2011 1
2033 1
2045 1
2048 2
2060 2
2067 1
2078 1
2089 1
2096 1
2102 1
2115 1
2116 1
2123 1
2142 2
2144 1
2153 1
2160 1
2172 2
2180 1
2194 1
2209 1
2227 1
2229 1
2233 1
2238 1
2281 2
2285 1
2308 1
2309 2
2310 1
2321 1
2332 1
2334 1
2358 1
2363 1
2377 1
2389 1
2421 1
2423 1
2435 1
2506 1
2518 1
2521 1
2549 1
2551 1
2552 1
2560 1
2565 1
2619 1
2621 1
2625 1
2628 1
2632 1
2644 1
2675 1
2676 1
2683 1
2687 1
2704 1
2731 1
2734 1
2738 1
2739 1
2740 1
2744 1
2748 1
2750 1
2771 1
2808 1
2847 1
2851 1
2852 1
2856 1
2879 1
2888 1
2896 1
2905 1
2907 1
2914 1
2918 1
2924 1
2946 1
2956 1
2975 1
2979 1
2997 1
3003 1
3005 1
3012 1
3013 1
3014 1
3016 1
3022 1
3029 1
3033 1
3035 1
3043 1
3048 1
3059 1
3072 1
3074 1
3081 1
3083 1
3086 1
3091 2
3106 1
3128 1
3130 1
3153 1
3198 1
3216 1
3226 1
3250 1
3274 1
3277 1
3278 1
3290 1
3292 1
3302 1
3321 1
3347 1
3349 1
3365 1
3379 1
3402 1
3435 1
3439 1
3454 1
3487 1
3488 1
3489 1
3499 1
3508 1
3512 1
3531 1
3550 1
3564 1
3575 1
3577 1
3611 1
3618 1
3626 1
3627 1
3634 1
3641 1
3656 1
3670 1
3671 1
3674 1
3684 1
3697 1
3716 1
3737 1
3741 1
3744 1
3748 1
3756 1
3767 1
3783 1
3784 1
3785 2
3806 1
3819 1
3837 1
3847 1
3852 1
3853 1
3857 1
3862 1
3872 1
3886 2
3891 1
3897 1
3902 1
3921 1
3949 1
3957 1
3963 1
3975 1
4024 1
4043 1
4058 1
4064 1
4066 1
4092 1
4098 1
4099 1
4101 1
4110 1
4124 1
4137 1
4176 1
4182 1
4196 1
4212 1
4213 1
4221 1
4235 1
4255 1
4292 1
4313 1
4330 1
4362 1
4365 1
4368 1
4409 1
4417 1
4442 1
4466 1
4470 1
4481 1
4484 1
4505 1
4508 1
4555 1
4588 1
4610 1
4635 1
4684 1
4692 1
4714 1
4739 1
4787 1
4851 1
4863 1
4864 1
4883 1
4890 1
4901 1
4918 1
4944 1
4956 1
4957 1
4972 1
4975 1
4987 1
4990 1
5016 1
5041 1
5053 1
5129 1
5131 1
5141 1
5213 1
5222 1
5341 1
5348 1
5365 1
5366 1
5371 1
5384 1
5415 1
5420 1
5439 2
5476 1
5507 1
5571 1
5580 1
5604 1
5618 1
5637 1
5649 1
5657 1
5670 1
5675 1
5700 1
5718 1
5748 1
5835 1
5837 1
5842 1
5871 1
5896 1
5909 2
5913 1
5915 1
5965 1
5972 1
5978 1
6015 1
6023 1
6055 1
6082 1
6090 1
6096 1
6122 1
6169 1
6237 1
6290 1
6327 1
6328 1
6331 1
6444 1
6447 1
6480 1
6493 1
6510 1
6528 1
6601 1
6613 1
6620 1
6632 1
6648 1
6674 1
6680 1
6685 1
6737 1
6770 1
6801 1
6807 1
6850 1
6859 1
6916 1
6918 1
6921 1
6960 1
6970 1
7000 1
7001 1
7067 1
7109 1
7159 1
7161 1
7201 1
7226 1
7248 1
7252 1
7451 1
7475 1
7484 1
7487 1
7520 1
7551 1
7620 1
7632 1
7794 1
7902 1
7938 1
7987 1
8029 1
8192 1
8225 1
8261 1
8263 1
8266 1
8294 1
8345 1
8417 1
8443 1
8519 1
8529 1
8734 1
8745 1
8773 1
8830 1
8833 1
8850 1
8903 1
8992 1
9068 1
9091 1
9134 1
9158 1
9216 1
9302 1
9367 1
9401 1
9402 1
9487 1
9497 1
9542 1
9650 1
9698 1
9743 1
9770 1
9785 1
9798 1
9900 1
9906 1
10122 1
10384 1
10449 1
10701 1
10752 1
10882 1
10906 1
11058 1
11109 1
11192 1
11261 1
11329 1
11347 1
11437 1
11505 1
11634 1
11680 1
11691 1
11710 1
11873 1
12019 1
12026 1
12051 1
12190 1
12275 1
12738 1
12783 1
12890 1
13120 1
13312 1
13372 1
13447 1
13508 1
13554 1
13612 1
13668 1
13672 1
13775 1
14455 1
14556 1
14564 1
14662 1
14794 1
14892 1
14895 1
15021 1
15057 1
15426 1
15456 1
15571 1
15751 1
15762 1
15875 1
16241 1
16384 2
16716 1
17094 1
17376 1
17389 1
18014 1
18034 1
18089 1
18204 1
18306 1
18717 1
18752 1
19911 1
20274 1
21374 1
21629 1
22319 1
22389 1
23108 1
23391 1
23404 1
23751 1
24576 6
24618 1
24622 1
25099 1
25902 1
26879 1
28220 1
29362 1
30210 1
31346 1
31572 1
32112 1
32768 1
32885 1
36040 1
45113 1
45604 1
49152 1
55554 1
65536 2
73728 1
104048 1
107803 1
114688 1
122880 1
131072 1
196746 1
885720 1
1285999 1
