0 22
7 15
8 1
10 1
11 1
24 1
25 1
50 1
55 1
64 1
69 1
71 1
75 1
78 1
91 2
100 1
105 1
106 1
116 1
120 1
128 1
130 1
144 1
150 1
151 4
152 1
161 1
175 1
176 1
177 1
179 1
180 1
196 1
198 1
202 1
207 1
212 1
214 1
222 2
227 1
230 2
232 1
243 1
261 1
262 1
264 1
269 1
273 1
307 1
323 1
325 1
326 1
339 1
340 1
350 1
355 1
359 1
381 1
388 2
390 2
406 1
411 1
417 1
424 2
425 1
440 1
441 1
443 1
445 1
448 1
453 1
464 2
465 1
466 2
471 1
472 1
484 1
486 1
492 1
498 1
505 1
508 1
509 1
510 1
512 55
521 1
528 1
536 1
537 1
548 1
553 1
565 1
574 1
582 1
584 1
585 1
590 1
596 1
608 1
621 1
622 1
636 1
640 1
642 1
650 1
655 2
660 1
672 1
680 1
699 1
710 1
719 1
729 1
759 1
762 1
772 1
782 1
789 1
793 1
797 1
801 1
806 1
817 1
818 1
821 1
829 1
833 1
841 1
844 2
845 1
857 1
860 1
861 1
864 2
874 1
875 2
895 1
900 1
903 1
918 1
920 1
933 1
939 1
940 1
949 1
953 1
954 1
957 1
963 1
966 1
970 1
974 1
996 1
1015 1
1020 1
1024 6
1033 1
1036 1
1046 1
1049 1
1051 1
1053 1
1057 1
1059 1
1070 1
1075 1
1080 1
1083 1
1085 1
1088 1
1089 1
1110 1
1111 1
1112 1
1133 1
1162 1
1165 1
1170 1
1172 1
1174 1
1183 1
1184 1
1187 2
1194 1
1202 1
1205 1
1219 1
1231 1
1248 1
1250 1
1251 1
1261 1
1274 1
1276 1
1279 1
1280 1
1282 1
1293 1
1297 1
1303 1
1306 2
1307 1
1312 1
1320 1
1336 1
1356 1
1359 1
1365 1
1372 1
1379 2
1382 1
1383 1
1384 1
1388 1
1392 1
1404 1
1406 1
1412 1
1416 1
1420 1
1428 1
1435 1
1437 2
1440 1
1456 1
1458 1
1491 1
1512 1
1513 2
1517 1
1520 1
1521 1
1536 2
1539 1
1541 1
1557 1
1561 1
1562 1
1563 1
1568 1
1573 1
1591 1
1608 2
1609 1
1613 2
1616 1
1619 1
1634 1
1644 1
1647 2
1653 1
1662 1
1668 1
1679 1
1684 1
1694 1
1695 1
1700 1
1727 1
1733 1
1743 1
1755 1
1776 1
1781 1
1805 1
1830 1
1835 1
1842 1
1845 1
1846 1
1886 1
1893 1
1919 1
1920 1
1930 1
1935 1
1939 1
1967 1
1979 1
1984 1
1987 1
1990 1
2043 1
2046 1
2048 2
2050 1
2060 1
2065 1
2071 1
2101 1
2105 1
2106 1
2111 1
2167 1
2168 1
2172 1
2174 1
2180 1
2181 1
2192 1
2208 1
2222 1
2240 1
2241 1
2295 1
2297 1
2302 1
2304 1
2331 1
2346 1
2353 1
2356 1
2363 1
2375 1
2384 1
2385 1
2387 1
2392 1
2411 1
2412 1
2447 1
2448 1
2449 1
2452 1
2455 1
2466 1
2470 1
2471 1
2474 1
2481 1
2493 1
2500 1
2519 1
2530 1
2535 1
2552 1
2568 1
2569 1
2576 1
2586 1
2596 1
2648 1
2656 1
2657 1
2658 1
2664 2
2668 1
2685 1
2692 1
2710 1
2716 1
2723 1
2729 2
2735 1
2738 1
2739 1
2755 1
2760 1
2761 1
2780 1
2791 1
2797 1
2823 1
2830 1
2837 1
2838 1
2839 1
2852 1
2855 1
2875 1
2892 1
2936 1
2984 1
3011 1
3022 1
3042 1
3054 1
3070 1
3083 1
3098 1
3109 1
3115 1
3118 1
3176 1
3223 1
3233 1
3242 1
3248 1
3312 1
3361 1
3410 2
3435 1
3436 1
3462 1
3470 1
3472 1
3496 1
3497 1
3508 1
3509 1
3516 1
3521 1
3523 1
3533 1
3562 1
3584 1
3624 1
3625 1
3649 1
3651 1
3674 1
3680 2
3681 1
3683 1
3687 1
3688 1
3720 1
3733 1
3735 1
3803 1
3889 1
3900 1
3908 2
3951 1
3954 1
3960 1
3989 1
4022 1
4048 2
4077 1
4149 1
4228 1
4275 1
4463 1
4468 1
4484 1
4519 1
4520 1
4553 1
4568 2
4571 1
4768 1
4784 1
4856 2
4874 1
4905 1
4943 1
4959 1
5006 1
5053 1
5054 1
5055 1
5078 1
5091 1
5117 1
5178 1
5257 1
5259 1
5272 1
5306 1
5333 1
5439 1
5450 1
5453 1
5530 1
5561 1
5617 1
5651 1
5908 1
5956 1
6047 1
6091 2
6160 1
6219 1
6226 1
6251 1
6304 1
6318 1
6401 1
6416 1
6428 1
6522 1
6598 1
6611 1
6632 2
6811 1
6874 1
6876 1
6889 1
6900 1
6929 1
7111 1
7157 1
7209 1
7383 1
7607 1
7655 1
7684 1
7785 1
7931 1
7972 1
8067 1
8192 1
8205 1
8244 3
8260 1
8354 1
8435 1
8472 1
8572 1
8736 1
8738 1
8797 1
8857 1
9011 1
9083 1
9172 1
9243 1
9276 1
9297 1
9302 1
9357 1
9390 1
9416 1
9442 1
9450 1
9487 1
9540 1
9721 1
9780 1
9831 1
9920 1
10020 1
10065 1
10112 1
10132 1
10144 1
10173 1
10317 1
10385 1
10473 1
10488 1
10553 1
10645 1
10668 1
10671 1
10680 2
10940 1
10975 1
11009 1
11065 1
11112 1
11114 1
11155 1
11204 1
11230 1
11335 1
11372 1
11403 1
11522 1
11592 1
11598 1
11648 1
11811 1
11900 1
12155 1
12220 1
12281 1
12325 1
12400 1
12468 1
12760 1
12779 1
12889 1
12894 1
12986 1
13230 1
13248 1
13310 1
13334 1
13348 1
13462 1
13536 1
13547 2
13551 1
13556 2
13620 1
13685 1
14079 1
14168 1
14215 1
14250 1
14260 1
14300 1
14375 1
14388 1
14424 1
14444 1
14468 1
14705 1
14768 1
14880 1
15039 1
15116 1
15120 1
15176 1
15198 1
15252 1
15314 1
15327 1
15416 1
15443 1
15596 1
15616 1
15658 1
15688 1
15718 1
15753 1
16069 1
16248 1
16252 1
16488 1
16604 1
16704 1
16825 1
16828 1
16858 1
16964 1
17018 1
17337 1
17413 1
17440 1
17572 1
17651 1
17688 1
18270 1
18300 1
18339 1
18857 1
19217 1
19224 1
19236 1
19616 1
19652 1
19684 1
19753 1
20055 1
20088 1
20214 1
20659 1
20999 1
21247 1
21472 1
21486 1
21864 1
21926 1
22044 1
22110 1
22200 1
22479 1
22540 1
23293 1
23336 1
23589 1
23827 1
23881 1
24039 1
24622 1
24710 1
24846 1
24976 1
25104 1
25416 1
25456 1
25489 1
25616 1
26056 1
26266 1
26506 1
26584 1
26639 1
26874 1
26907 1
27496 1
27767 1
28224 1
28668 1
29088 1
29184 1
29337 1
30646 1
30730 1
30961 1
31032 1
31084 1
31536 1
31968 1
33337 1
33704 1
34333 1
34978 1
35314 1
36472 1
37047 1
38238 1
38720 1
40607 1
40921 1
41540 1
44718 1
44961 1
45146 1
45154 2
45383 1
45634 1
47366 1
47628 1
48113 1
55266 1
57308 1
59688 1
61178 1
61930 1
63117 1
64319 1
64864 1
71528 1
80864 1
84000 1
92237 1
92258 1
104602 1
106067 1
106299 1
112016 1
112573 1
120432 1
123589 1
137800 1
141382 1
152057 1
153092 1
184320 1
190348 1
201808 1
239721 1
270336 1
298849 1
315826 1
323584 1
357552 1
370632 1
393572 1
402040 1
409600 1
439553 1
461500 1
793886 1
1221405 1
1280000 1
1402880 1
2717198 1
5280705 1
9633792 1
