0 42
3 1
4 1
6 4
7 1
8 25
9 9
10 7
11 4
12 2
14 5
15 3
16 5
17 4
18 9
19 9
20 34
21 10
22 6
23 8
24 19
25 14
26 6
27 3
28 5
29 7
30 14
31 7
32 6
33 4
34 6
35 3
36 4
37 4
38 11
39 7
40 9
41 3
42 4
43 1
44 7
45 4
46 2
47 6
48 6
49 4
50 4
51 3
52 4
53 13
54 6
55 3
56 5
57 3
58 4
59 3
60 2
61 1
62 2
63 9
64 4
65 4
66 15
67 9
68 6
69 40
70 72
71 6
72 11
73 1
74 9
75 2
76 1
77 2
78 3
79 3
81 1
82 3
83 2
84 1
85 1
86 1
87 4
88 4
89 5
90 4
92 2
93 5
94 6
95 7
96 2
97 2
98 2
99 1
100 1
101 9
102 4
103 16
104 5
105 5
106 1
107 1
108 4
109 7
111 2
112 2
113 1
114 1
115 3
116 1
117 4
118 5
119 2
120 3
121 1
122 2
123 3
124 6
125 4
126 2
127 2
128 2
129 3
130 3
131 2
132 2
133 2
134 3
135 1
136 3
137 1
140 4
141 2
142 1
143 3
145 3
146 4
147 3
148 12
149 3
150 5
153 3
154 1
155 3
156 1
157 1
158 2
159 2
161 1
163 2
164 4
166 6
167 8
168 4
169 6
170 14
171 8
172 6
173 14
174 16
175 1
176 1
177 4
178 35
179 3
180 9
182 4
183 7
184 1
185 4
186 5
187 1
188 5
189 3
191 2
192 2
195 4
196 2
197 3
198 2
199 4
200 2
201 4
202 7
204 3
205 3
206 1
207 2
208 2
209 8
210 1
211 6
212 9
214 2
215 8
216 1
218 3
219 2
220 1
223 2
224 4
226 4
227 2
228 2
229 38
230 2
231 1
232 2
233 7
234 1
235 4
236 1
237 2
238 3
239 2
240 2
241 3
242 1
244 1
246 2
247 1
248 4
249 6
250 4
251 1
252 1
253 2
254 1
255 3
256 3
257 1
258 1
259 4
260 12
261 1
262 5
263 2
264 35
265 7
267 4
268 6
269 2
271 3
272 2
273 2
276 3
277 9
278 4
279 25
280 4
282 1
283 1
285 4
286 1
287 1
289 3
290 2
291 12
292 2
294 2
295 12
296 5
297 5
298 4
300 4
301 1
302 5
304 1
305 3
306 1
307 4
308 2
309 1
310 1
311 5
312 4
314 1
315 1
317 3
318 1
319 3
320 4
321 1
322 3
323 2
326 1
327 4
328 3
330 3
331 4
332 1
334 1
335 2
336 4
337 11
339 2
340 1
341 2
342 1
343 2
344 1
345 5
348 2
351 2
352 6
353 1
355 3
356 1
358 4
359 2
360 2
361 1
362 2
363 4
364 8
365 2
366 2
368 2
369 1
371 5
372 1
373 2
374 2
377 1
378 3
379 1
380 1
382 1
383 2
385 3
386 3
387 3
388 2
392 4
393 3
394 1
395 1
396 1
397 2
398 1
399 2
401 2
402 4
404 4
406 8
407 1
408 34
410 1
413 2
415 2
416 1
417 1
420 1
422 2
423 2
425 1
426 3
427 1
430 1
432 1
434 2
437 1
439 3
440 1
442 1
443 1
444 1
445 9
447 3
448 3
450 1
454 8
455 3
456 12
458 1
461 1
463 2
464 5
467 1
468 2
469 2
471 3
472 5
473 1
474 1
476 1
477 2
479 1
482 4
484 1
485 4
486 2
488 2
489 1
491 2
492 4
493 1
496 5
497 1
499 1
501 1
502 1
503 5
504 2
505 2
506 3
508 1
509 1
511 5
512 331
513 1
514 1
515 2
517 2
519 1
520 2
522 4
523 1
524 3
527 2
528 1
529 1
530 1
532 1
533 2
534 4
536 1
537 1
540 1
541 1
543 1
545 2
547 4
548 4
552 2
554 8
556 1
558 2
559 1
560 1
564 4
565 4
566 1
569 1
570 3
571 1
572 5
573 2
574 1
576 3
577 1
578 1
579 5
581 1
582 2
586 2
588 2
590 1
592 3
593 4
597 1
599 2
602 2
603 4
605 3
608 1
609 1
611 1
612 5
615 2
618 2
620 2
621 1
622 1
623 2
624 6
625 2
626 1
628 2
629 1
630 4
631 11
632 1
633 1
634 4
635 3
639 4
641 1
642 1
644 1
646 1
647 1
648 1
649 1
650 1
653 1
656 1
659 2
660 1
663 1
666 7
667 1
668 1
670 2
671 2
673 3
675 1
676 1
677 1
678 1
680 3
681 4
682 3
683 1
686 1
687 1
688 3
689 1
691 1
692 5
694 2
695 2
696 4
700 1
701 1
703 3
704 1
706 2
707 1
708 1
709 3
710 1
711 6
714 1
718 1
721 3
724 3
725 1
727 4
730 1
731 1
732 5
733 3
734 1
735 3
737 2
739 1
740 1
745 4
749 31
751 2
753 1
754 1
755 2
756 2
757 10
758 2
759 4
760 4
761 4
763 3
764 4
765 2
768 1
769 1
770 1
771 3
773 1
774 2
777 1
778 5
779 3
780 2
782 1
784 3
791 3
792 2
793 1
794 6
795 4
796 1
800 1
801 5
802 1
804 3
805 2
806 8
807 1
811 1
812 2
813 2
816 2
819 1
822 1
823 2
824 1
827 1
828 1
829 3
835 1
836 1
837 2
840 2
841 1
842 1
843 2
845 4
853 2
854 3
856 3
859 3
863 2
865 1
866 1
867 1
868 1
869 1
870 2
871 2
872 1
874 3
875 1
876 1
877 2
878 1
879 2
880 1
881 2
882 2
884 2
887 7
889 1
891 2
897 9
899 1
901 2
903 1
905 1
906 2
907 1
913 3
914 3
915 1
917 2
918 1
919 1
920 5
921 2
922 1
923 3
924 2
927 1
928 3
929 1
931 1
932 2
933 1
935 1
937 4
938 1
939 1
941 4
943 1
948 1
949 2
950 1
953 1
956 1
957 2
958 2
963 1
964 2
965 1
966 2
968 1
970 1
971 1
973 1
976 1
977 1
978 1
982 1
983 1
985 4
990 5
992 3
996 1
998 2
1000 1
1002 1
1004 1
1005 1
1008 1
1009 2
1011 2
1012 5
1013 2
1014 3
1015 3
1018 2
1019 1
1021 2
1022 1
1024 45
1026 1
1027 2
1029 3
1030 1
1031 1
1033 1
1034 3
1037 1
1038 1
1039 2
1041 4
1042 1
1043 1
1046 5
1049 2
1050 2
1053 8
1056 2
1066 3
1068 1
1071 1
1072 12
1073 1
1074 1
1075 1
1076 1
1079 1
1084 1
1089 8
1090 1
1092 2
1093 1
1096 1
1097 1
1099 1
1102 3
1103 1
1104 2
1105 1
1106 5
1111 4
1113 1
1114 3
1115 4
1117 2
1118 1
1119 3
1121 2
1124 1
1126 1
1127 2
1128 3
1130 1
1131 1
1132 1
1134 1
1135 2
1140 2
1150 2
1152 1
1154 1
1155 2
1157 2
1158 2
1159 6
1160 1
1163 2
1164 1
1166 1
1167 2
1169 1
1176 2
1177 2
1180 1
1183 2
1185 2
1188 1
1189 4
1190 2
1194 1
1195 1
1196 1
1198 1
1208 2
1214 1
1215 1
1222 4
1224 6
1225 2
1226 4
1228 1
1237 1
1238 1
1242 1
1244 1
1246 1
1247 4
1248 1
1249 2
1250 2
1251 2
1255 2
1256 3
1258 1
1259 3
1264 1
1265 1
1269 4
1270 2
1273 2
1278 2
1282 1
1284 2
1285 2
1287 1
1291 1
1293 1
1294 1
1295 2
1300 2
1301 6
1304 2
1306 1
1308 3
1309 1
1310 1
1312 1
1317 1
1322 2
1324 2
1327 1
1330 2
1331 2
1334 1
1335 2
1338 1
1340 1
1341 1
1343 1
1344 1
1348 1
1349 4
1351 1
1352 1
1353 1
1358 1
1364 1
1366 1
1369 1
1370 1
1374 4
1377 3
1378 3
1381 1
1384 1
1385 2
1386 1
1392 3
1398 2
1399 2
1404 1
1405 2
1408 2
1410 2
1416 1
1418 4
1422 1
1423 2
1424 2
1429 1
1431 2
1433 1
1434 1
1437 1
1440 1
1441 2
1442 3
1443 2
1444 1
1445 2
1447 1
1452 1
1456 2
1461 1
1462 2
1463 2
1464 6
1466 2
1469 1
1473 12
1478 2
1480 2
1482 1
1483 1
1484 1
1485 1
1487 1
1488 1
1491 1
1493 2
1501 2
1503 2
1511 1
1518 1
1521 2
1523 1
1529 1
1530 1
1532 1
1533 2
1534 1
1536 30
1537 1
1538 1
1539 1
1542 1
1543 1
1544 1
1545 1
1546 3
1548 2
1555 1
1558 1
1559 2
1562 2
1566 2
1568 1
1570 2
1571 1
1572 1
1577 3
1579 1
1585 2
1587 1
1589 3
1591 2
1597 7
1598 1
1599 1
1606 1
1607 3
1609 1
1613 4
1616 2
1619 1
1627 1
1628 1
1636 4
1640 1
1642 3
1643 2
1646 3
1647 2
1648 1
1651 2
1656 1
1659 2
1660 1
1663 2
1664 2
1665 2
1671 1
1673 5
1675 2
1686 1
1689 1
1694 2
1695 1
1696 1
1697 2
1701 14
1702 1
1704 1
1714 1
1717 2
1718 3
1729 1
1731 1
1732 1
1733 1
1739 1
1749 1
1750 5
1751 2
1752 1
1753 1
1755 1
1759 1
1762 2
1766 1
1770 1
1774 1
1779 4
1783 1
1784 1
1785 1
1789 2
1790 1
1799 2
1804 2
1805 1
1806 1
1811 1
1815 1
1819 1
1824 2
1830 1
1831 2
1832 3
1833 1
1834 1
1837 8
1839 3
1844 2
1850 2
1851 1
1852 2
1859 1
1861 1
1863 1
1865 6
1869 1
1872 1
1876 2
1881 2
1882 1
1886 1
1890 1
1891 1
1892 1
1894 1
1895 1
1896 1
1906 1
1907 1
1911 2
1912 2
1916 1
1926 1
1931 2
1932 3
1936 3
1938 2
1947 1
1950 1
1952 1
1953 3
1955 3
1957 1
1959 1
1962 1
1963 1
1970 1
1975 1
1979 1
1980 1
1981 1
1982 1
1984 1
1987 1
1988 1
1989 11
1990 1
1993 2
1994 3
2000 2
2002 1
2006 1
2007 1
2008 1
2010 1
2011 1
2012 1
2014 1
2021 1
2024 1
2027 1
2034 1
2040 2
2043 2
2044 1
2046 2
2048 11
2056 1
2060 1
2062 1
2071 2
2072 1
2080 1
2082 2
2083 3
2085 2
2089 4
2090 1
2092 1
2093 1
2103 1
2104 4
2106 1
2111 1
2112 1
2113 1
2114 1
2122 1
2130 1
2132 3
2134 1
2136 2
2141 1
2143 2
2153 2
2155 1
2156 1
2160 2
2161 1
2163 1
2166 1
2168 2
2175 2
2177 2
2179 1
2182 1
2184 1
2191 1
2193 2
2196 1
2199 1
2204 1
2208 1
2218 1
2228 3
2229 1
2233 1
2235 1
2237 1
2238 1
2244 2
2249 1
2250 1
2251 3
2252 1
2260 1
2269 2
2274 2
2275 1
2286 1
2287 1
2290 1
2292 3
2296 1
2300 1
2303 2
2304 1
2306 1
2307 1
2311 1
2319 1
2326 2
2329 1
2331 1
2333 1
2335 1
2336 1
2338 1
2340 1
2342 2
2345 1
2354 1
2359 1
2360 1
2365 2
2369 1
2373 1
2375 1
2382 1
2383 1
2384 2
2388 2
2393 1
2402 2
2403 1
2405 1
2408 2
2411 1
2414 2
2415 1
2422 1
2423 1
2426 1
2431 2
2432 1
2433 2
2441 1
2443 1
2450 1
2452 1
2453 2
2463 3
2468 4
2469 1
2472 3
2480 2
2485 1
2489 2
2496 1
2511 3
2515 1
2525 1
2527 1
2539 1
2540 1
2550 1
2551 1
2554 1
2556 3
2557 1
2558 2
2560 32
2567 1
2568 3
2577 1
2578 1
2583 1
2584 1
2586 1
2589 1
2596 1
2600 1
2603 1
2608 1
2614 1
2616 1
2626 4
2627 1
2633 1
2635 1
2641 3
2644 1
2654 2
2658 2
2659 3
2668 1
2676 1
2682 1
2694 1
2706 1
2715 1
2720 2
2722 1
2723 2
2724 2
2735 1
2736 7
2745 1
2747 2
2749 3
2751 2
2754 2
2760 2
2770 1
2771 1
2774 2
2777 1
2781 1
2785 1
2790 1
2799 1
2806 2
2817 1
2818 1
2819 1
2829 2
2830 1
2834 1
2838 1
2842 1
2844 2
2848 1
2849 2
2852 1
2854 1
2855 3
2856 2
2860 1
2865 4
2873 1
2876 1
2892 1
2896 1
2904 1
2905 1
2906 1
2907 1
2917 2
2938 1
2944 1
2945 1
2952 2
2953 1
2956 1
2960 1
2961 3
2982 2
2983 1
2998 2
3012 1
3024 1
3034 4
3042 1
3044 1
3052 1
3059 1
3062 1
3065 2
3066 1
3073 1
3079 2
3081 1
3110 2
3114 1
3121 1
3124 1
3126 1
3128 3
3141 1
3145 1
3146 1
3151 3
3152 1
3154 1
3160 1
3161 1
3164 1
3168 1
3174 1
3184 1
3185 1
3194 1
3196 70
3205 1
3207 1
3208 1
3215 1
3229 1
3235 1
3236 1
3238 1
3246 1
3249 1
3250 1
3252 1
3265 1
3267 1
3270 1
3278 2
3279 1
3281 2
3288 2
3296 1
3297 1
3300 2
3303 1
3328 4
3393 2
3403 1
3406 1
3407 2
3412 2
3423 4
3432 1
3440 3
3457 1
3459 1
3461 1
3473 2
3490 1
3492 1
3495 1
3497 3
3503 1
3514 1
3520 1
3542 1
3544 1
3548 3
3551 2
3552 1
3568 2
3570 1
3572 2
3573 1
3584 1
3588 1
3590 2
3621 3
3626 1
3634 1
3656 1
3658 1
3662 1
3670 1
3700 2
3705 1
3710 1
3716 3
3723 1
3728 1
3735 1
3748 2
3753 1
3755 1
3756 1
3770 1
3793 1
3812 1
3822 2
3827 1
3831 2
3835 2
3841 1
3848 1
3859 2
3887 1
3898 2
3900 1
3903 1
3910 2
3924 1
3928 1
3946 1
3952 2
3953 1
3955 1
3958 1
3970 1
3972 1
3980 2
3987 1
3988 1
3991 1
4000 2
4005 2
4023 1
4031 1
4034 2
4049 1
4056 1
4066 3
4079 1
4088 1
4089 2
4094 1
4096 1
4099 4
4117 2
4120 1
4122 1
4128 1
4132 1
4148 1
4164 2
4165 1
4167 1
4170 1
4175 2
4189 2
4191 1
4193 1
4195 1
4196 1
4200 1
4204 1
4215 1
4222 2
4224 1
4227 2
4228 3
4230 1
4236 2
4239 1
4250 4
4254 2
4259 1
4264 1
4266 1
4267 1
4288 2
4291 1
4300 2
4301 1
4316 1
4335 1
4345 1
4369 1
4372 2
4388 1
4390 1
4395 2
4398 1
4411 1
4413 1
4414 1
4418 1
4424 2
4427 1
4429 2
4430 1
4444 2
4453 1
4461 1
4467 1
4469 1
4486 1
4488 1
4490 1
4491 1
4492 1
4495 1
4516 1
4530 1
4535 1
4539 1
4559 1
4560 1
4568 1
4571 1
4572 2
4591 1
4592 1
4593 1
4601 1
4608 1
4615 1
4626 3
4628 1
4629 1
4630 1
4632 2
4643 2
4652 1
4667 2
4675 1
4682 2
4697 2
4701 1
4716 1
4722 1
4724 1
4725 1
4727 1
4739 3
4740 1
4749 1
4796 2
4804 2
4808 1
4810 1
4821 1
4824 1
4825 1
4826 3
4863 2
4878 1
4880 1
4883 1
4892 1
4893 1
4898 1
4903 1
4904 1
4905 2
4906 2
4907 1
4908 1
4915 1
4928 2
4929 2
4930 1
4933 1
4934 1
4938 1
4944 1
4949 1
4954 1
4963 1
4964 1
5000 3
5001 2
5006 1
5027 1
5047 2
5054 3
5082 1
5096 1
5116 1
5138 1
5141 1
5142 1
5144 1
5173 1
5224 1
5229 2
5244 1
5245 1
5252 1
5267 1
5272 1
5273 1
5278 2
5286 1
5299 1
5300 1
5303 1
5324 4
5336 1
5342 1
5349 3
5352 1
5361 1
5374 1
5410 1
5420 1
5421 1
5424 1
5435 1
5436 1
5440 1
5448 1
5484 1
5496 1
5503 3
5512 1
5524 1
5542 2
5548 1
5549 1
5563 2
5583 1
5591 1
5597 1
5600 3
5612 1
5635 2
5654 3
5664 1
5670 1
5698 2
5699 1
5705 1
5712 5
5744 1
5754 1
5786 1
5789 1
5799 1
5828 1
5829 2
5830 1
5849 1
5857 2
5859 1
5867 1
5879 1
5880 1
5887 1
5896 1
5908 1
5921 1
5931 1
5958 1
5959 1
6001 1
6004 1
6018 1
6020 1
6024 1
6050 1
6051 1
6053 1
6056 1
6061 1
6072 1
6078 1
6111 1
6124 1
6129 1
6133 1
6138 1
6139 1
6164 1
6168 1
6170 1
6193 1
6232 1
6252 2
6263 1
6295 1
6301 1
6305 1
6315 1
6327 1
6340 2
6344 1
6399 2
6420 1
6424 1
6426 1
6432 1
6437 1
6440 1
6450 1
6465 2
6477 1
6499 1
6508 1
6511 8
6515 2
6517 2
6532 1
6542 1
6556 2
6563 2
6564 1
6573 2
6579 1
6586 1
6600 1
6624 2
6638 1
6642 1
6654 1
6657 1
6664 1
6668 1
6688 1
6695 1
6716 1
6717 1
6718 1
6721 1
6734 1
6744 1
6752 2
6756 1
6773 1
6783 1
6801 1
6802 1
6824 1
6832 1
6838 1
6850 1
6852 1
6856 1
6869 1
6870 1
6880 1
6882 2
6888 2
6891 1
6899 1
6914 1
6915 1
6924 1
6928 2
6930 1
6955 2
6987 1
6996 2
7018 1
7030 2
7039 1
7059 1
7060 1
7074 2
7112 2
7116 1
7124 1
7126 2
7167 1
7170 1
7188 1
7198 1
7236 1
7268 2
7280 1
7332 2
7340 1
7353 1
7354 2
7376 1
7399 1
7405 1
7416 1
7424 1
7435 1
7439 2
7447 2
7457 1
7464 1
7471 2
7487 1
7500 1
7519 2
7541 1
7564 1
7573 1
7589 1
7608 1
7615 1
7627 1
7639 1
7653 1
7657 1
7659 1
7664 1
7683 2
7696 2
7733 6
7736 3
7738 1
7794 2
7805 2
7816 1
7828 9
7832 1
7850 1
7856 1
7866 1
7868 1
7898 1
7937 2
7944 1
7964 1
7967 3
7979 4
7980 3
7991 1
8012 72
8013 1
8075 2
8104 5
8124 1
8132 1
8152 1
8174 1
8224 1
8256 1
8263 1
8291 1
8296 1
8298 1
8317 1
8329 1
8349 1
8350 1
8358 1
8369 1
8377 2
8404 1
8419 1
8431 1
8441 1
8475 1
8547 1
8548 1
8554 1
8561 1
8571 1
8575 2
8607 1
8610 1
8619 1
8623 1
8652 1
8669 1
8680 1
8704 2
8773 1
8780 1
8792 1
8802 2
8805 1
8807 1
8812 1
8818 1
8832 1
8848 2
8857 1
8905 1
8906 1
8915 1
8920 1
8921 2
8940 1
8942 1
8961 2
8966 1
8972 1
9008 1
9012 1
9022 1
9032 1
9046 2
9056 2
9062 1
9067 3
9093 1
9094 1
9123 3
9129 1
9154 1
9157 1
9176 1
9187 1
9188 2
9204 2
9216 2
9218 1
9231 1
9235 1
9250 1
9280 1
9282 1
9303 2
9334 1
9343 1
9361 1
9364 1
9376 1
9382 1
9412 1
9452 1
9472 64
9480 2
9482 4
9498 1
9533 1
9537 1
9557 1
9566 1
9583 1
9624 1
9629 1
9630 1
9685 1
9708 2
9710 1
9750 4
9755 1
9768 4
9770 1
9804 2
9822 2
9823 1
9840 1
9842 1
9844 1
9858 1
9862 1
9876 1
9884 1
9889 1
9894 1
9968 1
9979 1
9980 2
9985 1
9988 1
10003 1
10009 2
10029 2
10057 1
10067 2
10071 1
10115 1
10128 1
10143 1
10144 2
10148 1
10152 2
10167 2
10189 1
10212 1
10220 1
10248 1
10252 1
10292 1
10315 1
10372 1
10375 1
10402 5
10404 2
10425 1
10428 1
10436 1
10441 2
10452 1
10454 1
10470 1
10504 1
10521 1
10524 1
10533 1
10536 2
10545 1
10546 1
10552 1
10592 1
10697 1
10705 1
10706 1
10733 1
10735 1
10740 1
10752 1
10815 2
10853 1
10940 1
10944 1
10948 1
10986 1
11000 1
11027 1
11034 1
11041 1
11053 1
11067 1
11085 2
11091 1
11092 1
11111 1
11119 1
11192 1
11216 1
11220 1
11230 1
11238 1
11244 1
11248 1
11257 1
11264 1
11266 1
11274 1
11302 1
11328 1
11332 1
11344 1
11376 1
11396 1
11398 1
11408 1
11410 2
11434 38
11464 33
11489 1
11506 1
11535 1
11549 1
11552 1
11581 1
11608 1
11612 1
11694 1
11702 1
11712 1
11724 1
11732 1
11813 1
11840 1
11847 1
11859 1
11867 1
11870 1
11881 2
11890 2
11929 2
11931 2
11936 1
12004 1
12013 1
12045 2
12088 1
12104 1
12144 1
12156 1
12204 4
12234 1
12241 1
12274 1
12285 1
12313 2
12319 1
12320 1
12377 3
12379 1
12384 1
12394 1
12451 1
12508 1
12524 1
12530 1
12540 1
12554 1
12560 1
12608 1
12616 1
12694 1
12724 1
12737 1
12745 1
12764 1
12778 1
12784 1
12794 1
12810 1
12840 1
12844 1
12860 1
12893 1
12916 1
12940 3
12966 1
13032 1
13045 1
13062 2
13153 1
13164 1
13175 1
13221 1
13224 1
13267 1
13293 1
13324 1
13326 1
13373 1
13394 1
13410 1
13425 1
13427 1
13432 2
13457 1
13463 1
13500 2
13501 1
13528 2
13554 1
13558 3
13573 1
13576 1
13598 1
13644 1
13645 1
13668 1
13691 1
13732 1
13740 1
13745 1
13748 1
13780 4
13790 1
13796 1
13824 1
13826 1
13838 2
13840 2
14033 1
14112 1
14131 1
14166 3
14168 1
14173 1
14193 1
14204 1
14207 1
14271 1
14325 1
14328 1
14613 4
14688 2
14709 1
14725 1
14764 1
14847 1
14876 1
14953 1
14976 1
15050 1
15056 1
15063 1
15083 3
15108 1
15172 2
15196 1
15245 1
15332 1
15472 1
15481 4
15498 2
15504 1
15516 2
15550 3
15552 1
15573 1
15588 2
15592 2
15596 1
15609 1
15651 1
15652 1
15676 1
15718 1
15736 1
15747 1
15756 1
15864 1
15952 1
15953 2
16032 1
16048 1
16088 1
16107 1
16120 1
16124 1
16182 1
16186 1
16192 1
16197 1
16247 1
16289 1
16291 1
16304 1
16340 1
16386 1
16482 1
16504 1
16579 2
16584 1
16604 1
16611 2
16676 1
16680 1
16693 3
16789 1
16792 1
16812 1
16821 3
16828 2
16851 1
16868 1
16916 1
16928 2
16962 1
16968 1
16988 1
17037 1
17086 1
17136 1
17140 2
17172 1
17371 4
17401 1
17420 1
17424 1
17455 1
17590 2
17599 1
17644 4
17686 2
17740 1
17770 1
17872 1
17932 1
17968 1
17985 1
18006 1
18020 1
18054 1
18058 3
18193 2
18272 1
18279 1
18297 1
18314 1
18328 2
18355 1
18444 1
18445 1
18476 1
18477 1
18548 1
18554 1
18615 2
18639 1
18706 1
18732 1
18867 1
18915 1
19058 1
19074 1
19078 1
19092 1
19096 1
19107 1
19110 1
19121 1
19154 2
19160 1
19200 1
19206 1
19264 1
19360 1
19396 1
19464 1
19520 2
19568 1
19668 1
19748 1
19804 1
19852 1
19868 1
19913 1
19921 1
19987 1
20011 1
20151 1
20171 1
20357 1
20461 1
20466 2
20485 1
20487 2
20520 1
20528 1
20556 1
20584 1
20782 2
20788 2
20807 2
20830 2
20843 1
20879 1
20905 2
20934 1
21028 2
21101 2
21340 1
21600 1
21669 1
21691 1
21732 1
21733 1
21843 1
21940 1
21947 1
22019 1
22086 1
22139 1
22144 1
22148 1
22207 1
22248 2
22317 1
22350 4
22352 1
22358 1
22364 1
22384 1
22396 1
22410 1
22504 1
22518 1
22620 1
22632 1
22716 1
22727 1
22824 2
22832 1
22864 1
22978 2
23033 1
23055 1
23062 1
23227 1
23364 1
23385 1
23584 2
23604 1
23708 1
23754 1
23800 1
23807 1
23929 1
23932 3
23976 3
24005 1
24029 2
24101 1
24106 2
24118 1
24197 1
24301 4
24359 1
24444 1
24489 1
24512 1
24561 1
24584 1
24599 2
24641 1
24670 1
24752 1
24876 1
24972 1
25008 3
25040 1
25140 1
25209 1
25240 3
25500 1
25520 1
25525 2
25633 1
25636 1
25720 1
25762 1
25793 1
25805 1
25832 2
25931 1
25940 1
25983 1
25996 1
26037 1
26068 1
26085 1
26116 1
26205 1
26280 1
26356 1
26589 1
26648 1
26683 2
26684 1
26743 4
26767 1
26789 2
26836 2
26897 1
26912 1
26928 1
26959 1
27108 1
27236 3
27240 1
27255 2
27365 1
27368 1
27372 1
27392 1
27428 1
27432 1
27433 1
27436 1
27441 1
27562 1
27626 4
27756 1
27780 1
27837 1
28000 1
28050 1
28058 1
28140 1
28255 1
28256 1
28279 1
28357 1
28544 1
28564 2
28597 1
28650 1
28688 1
28695 1
28732 1
28788 1
28796 1
28939 1
29068 1
29332 1
29496 1
29526 1
29633 1
29636 1
29641 1
29668 1
29693 1
29712 1
29713 1
29803 1
29842 3
29845 1
29912 1
29997 1
30041 1
30064 1
30086 1
30110 1
30120 1
30135 1
30155 1
30188 1
30236 1
30256 1
30264 1
30274 1
30320 2
30340 1
30345 2
30352 1
30588 1
30828 1
30844 1
30945 1
31039 1
31105 1
31184 1
31204 1
31262 1
31304 1
31574 2
31778 1
31794 2
31888 3
32096 1
32184 2
32260 1
32270 1
32375 2
32668 1
32724 2
32768 3
32792 1
33032 1
33116 1
33280 2
33288 1
33324 1
33388 1
33412 1
33415 1
33476 2
33618 2
33880 1
33944 1
34100 2
34108 1
34120 1
34137 1
34172 1
34245 2
34254 1
34420 1
34476 1
34658 1
34724 1
34728 1
34752 1
34796 1
35009 1
35067 1
35074 2
35098 1
35108 1
35184 1
35202 1
35303 1
35351 1
35364 1
35376 1
35505 1
35756 1
35764 1
35920 1
35972 1
35980 1
36204 1
36316 1
36453 1
36757 1
36805 1
36864 1
37102 1
37128 1
37140 1
37212 1
37252 1
37308 2
37340 1
37400 1
37576 1
37588 1
37760 1
37992 2
38277 1
38452 1
38480 1
38497 2
38620 1
38632 1
38792 1
39043 1
39048 1
39068 1
39096 3
39114 1
39128 1
39202 1
39281 1
39356 1
39368 1
39372 1
39572 1
39588 1
39667 2
40060 1
40074 1
40164 1
40228 1
40284 1
40300 1
40352 1
40481 1
40524 1
40632 1
40740 1
40960 1
41077 1
41200 1
41244 1
41319 2
41320 1
41336 1
41480 1
41505 1
41508 1
41552 1
41565 1
41572 1
41588 1
41732 1
41772 1
41800 1
41896 1
41908 1
42136 1
42188 1
42236 1
42264 1
42316 1
42442 1
42540 1
42688 1
42692 1
42745 1
42843 1
42848 1
42888 2
42943 1
43036 1
43318 1
43448 1
43516 1
43865 1
44050 1
44128 1
44197 1
44300 1
44390 1
44446 1
44560 1
44850 3
45093 1
45120 2
45216 1
45336 1
45477 1
46030 1
46200 2
46484 1
46604 1
46720 1
47052 1
47120 1
47332 1
47336 1
47367 1
47371 1
47760 1
48039 3
48044 1
48272 1
48374 1
48424 1
48429 1
48435 1
48556 1
48618 1
48792 1
48804 1
49008 1
49065 1
49088 1
49141 1
49152 1
49164 1
49200 1
49204 1
49262 1
49286 1
49300 3
49367 1
49370 2
49420 1
49449 2
49512 1
49564 1
49632 1
49768 1
49997 1
50164 1
50176 1
50248 1
50268 1
50284 1
50355 1
50359 1
50500 1
50558 1
50659 1
50683 1
50821 1
50960 1
51086 1
51144 1
51176 1
51200 2
51275 1
51288 1
51364 1
51493 1
51516 1
51612 1
51635 1
51836 1
52088 1
52148 1
52220 1
52252 1
52364 2
52392 1
52444 1
52551 1
52624 1
52672 1
52928 1
53000 1
53264 1
53268 1
53432 1
53496 1
53588 1
53640 1
53768 1
53940 1
54076 1
54081 1
54208 1
54224 1
54296 1
55016 2
55320 1
55350 1
55400 1
55782 1
55796 1
55807 1
55862 1
55904 1
56108 1
56120 1
56652 1
56720 1
57148 1
57180 1
57276 1
57424 1
57490 1
57520 1
57551 1
57976 1
58224 1
58296 1
58484 1
58904 1
58936 1
59022 1
59436 1
59457 1
59500 1
59874 1
59984 1
60060 1
60500 1
60564 2
60864 1
61044 1
61320 1
61440 1
61448 1
61608 1
61697 2
61701 1
61980 1
62009 1
62068 1
62292 1
62428 1
62436 3
62608 1
62672 1
62868 1
63556 1
63658 2
63698 1
63731 1
63812 1
63846 1
63884 1
64000 1
64153 1
64275 1
64524 1
64552 1
65007 1
65271 1
65924 1
66407 1
66413 1
66688 1
66977 1
67095 1
67240 1
67405 1
67968 1
68150 1
68300 1
68344 1
68650 1
68712 1
68896 1
69132 1
69372 1
69432 1
69506 1
69756 1
70088 1
70252 1
70900 1
71316 1
71739 1
71848 1
71904 1
72000 2
72347 1
72584 2
72644 1
72929 1
72989 1
73408 1
73720 1
74110 1
74220 1
74824 1
75695 4
75748 1
75803 1
75811 1
75920 1
75939 1
76304 1
76386 1
76616 1
76708 1
76859 1
76872 1
76924 1
77018 1
77158 1
77650 1
77704 1
77724 1
78696 1
79276 1
80377 1
81039 1
82144 1
82610 1
82640 1
83056 1
83364 1
84544 1
85308 1
85349 1
85572 1
85928 3
88144 1
88167 1
89186 1
89613 1
91996 1
92160 1
93004 1
94759 1
95027 1
95280 1
97107 1
97126 1
98304 1
99392 1
101244 1
101256 1
101706 1
102940 1
103296 1
104214 1
105872 1
106692 1
106824 1
107601 1
108097 1
108640 1
108941 1
109468 2
110105 1
111160 1
111800 1
112014 1
112676 1
113783 1
118608 1
119165 1
119592 1
120845 1
120889 1
121581 1
122581 1
122852 1
122876 1
123947 1
124124 1
124316 2
125661 1
127524 1
128230 1
128366 1
128467 1
129666 1
130252 1
130954 1
131616 1
133120 1
133438 1
133439 1
133476 1
133648 1
134349 1
136664 1
136964 1
137815 1
138581 1
139173 1
139361 1
140470 1
140622 1
141005 1
141012 1
141017 1
141179 1
141426 1
141856 1
143500 1
145284 1
145340 1
146152 3
146770 3
149168 1
149545 1
149634 1
149675 1
151277 1
154592 1
154643 1
156098 1
156224 1
156538 1
158928 1
161523 1
162934 1
163281 1
163732 1
163840 3
163944 1
172063 1
172344 1
174080 1
176776 1
180415 1
180637 1
182160 1
182388 1
182713 1
185618 1
185752 1
185875 1
186544 1
186655 1
188237 1
194871 1
197428 2
198992 1
199022 1
199856 1
200752 1
200915 1
200994 1
203205 1
204267 1
205475 1
206973 1
207508 3
211300 1
211924 1
213917 1
215040 1
219032 1
223373 1
224568 1
226415 1
226500 1
230030 1
236888 1
239918 1
241679 1
245085 1
245760 1
245865 1
246240 1
247591 1
256000 2
262144 1
271960 1
286013 1
286532 1
286720 1
287331 1
290301 1
292296 1
292920 1
293632 1
301473 1
307376 1
311868 1
315410 1
321536 1
324241 1
324952 1
326828 1
327556 4
327700 1
328258 1
329032 1
332460 1
352349 1
362324 1
362832 1
369152 1
375576 1
377708 1
382716 1
382851 1
389508 1
400251 1
405688 1
409848 1
420072 1
422775 1
427592 1
428112 2
430080 1
430380 1
438064 1
445440 1
448652 1
449326 2
450000 1
452936 1
466944 1
472873 1
475279 1
475280 1
484406 1
491520 1
492032 1
492490 1
508765 1
515126 1
515999 1
533256 1
538440 1
552771 1
553868 1
554472 1
565248 1
575665 1
579504 1
589672 1
622796 1
627640 1
631960 1
642342 1
656576 1
658836 1
665160 1
668320 1
705272 1
709640 1
709744 1
720440 1
721148 1
728116 2
737368 1
741657 1
808818 1
813072 1
819619 1
819712 1
861480 1
888300 1
892508 1
903316 1
904808 1
1000000 2
1007808 1
1024776 1
1048576 2
1083836 1
1102055 1
1199268 1
1248816 1
1280380 1
1333984 1
1621732 1
2097152 1
2133972 1
2159975 1
2273299 1
