0 13
4 1
5 4
6 1
7 15
8 30
9 2
10 18
11 18
12 33
13 54
14 61
15 92
16 64
17 54
18 54
19 45
20 107
21 109
22 74
23 77
24 50
25 73
26 90
27 32
28 39
29 31
30 37
31 28
32 16
33 6
34 20
35 12
36 1
37 9
38 5
39 1
40 1
42 1
44 6
46 2
47 6
50 2
51 1
52 1
53 2
54 1
55 1
56 1
59 1
60 4
61 2
65 1
68 1
70 2
71 19
72 2
76 1
79 1
81 1
83 1
87 2
88 3
89 2
90 8
91 1
92 1
93 2
94 2
96 8
99 3
101 1
102 7
104 2
105 3
106 1
107 3
109 4
111 4
112 3
113 3
114 4
115 3
116 1
117 7
118 1
120 2
121 1
125 4
126 8
127 10
128 1
129 2
131 4
132 1
133 4
135 3
137 3
138 1
140 1
141 1
143 1
145 1
146 1
147 1
149 2
152 1
153 1
157 4
159 1
163 1
164 1
166 1
167 1
169 1
174 1
175 1
176 5
177 1
178 1
180 1
181 2
183 2
184 2
186 3
189 1
191 1
192 1
193 7
196 2
197 1
200 15
206 2
207 3
208 4
210 1
211 2
212 4
215 3
216 4
217 1
219 3
221 5
222 2
224 2
225 1
227 1
230 2
232 10
235 3
236 1
237 3
238 1
239 4
240 2
243 1
244 1
246 4
247 2
248 3
249 2
251 1
252 1
253 2
256 2
258 3
260 1
261 1
262 1
264 1
265 1
266 1
267 1
268 2
272 12
273 3
274 1
275 5
276 3
278 5
280 5
281 11
284 5
285 2
287 2
288 1
291 1
293 6
295 2
296 8
297 2
298 4
299 5
300 1
301 2
302 2
303 2
304 1
305 1
307 2
314 1
315 2
316 1
317 2
319 2
321 4
322 2
324 1
326 2
327 1
328 4
330 1
332 5
336 2
337 6
339 2
340 2
343 2
348 3
349 1
350 1
351 1
352 3
353 1
355 3
356 1
359 1
361 3
364 2
367 3
368 2
372 7
373 2
375 1
376 1
380 1
381 3
382 3
385 1
387 15
389 1
392 5
394 2
396 2
400 1
401 1
403 1
404 1
405 2
406 1
407 1
408 1
412 3
413 2
414 1
417 1
420 3
424 2
426 1
427 3
428 1
434 1
436 1
437 1
438 2
442 1
444 2
447 1
448 1
452 1
455 3
456 10
457 3
458 1
460 5
467 2
471 3
473 2
477 1
482 1
484 3
488 1
489 3
491 1
492 2
493 2
494 1
495 1
496 2
508 1
511 1
512 265
516 3
518 1
520 4
522 3
524 1
525 2
528 2
532 1
536 4
537 2
539 1
540 2
543 1
546 1
547 1
553 1
555 1
556 1
560 2
561 1
562 2
564 2
568 1
574 1
576 1
577 1
578 1
579 2
580 2
582 1
588 1
591 1
592 1
593 1
594 1
595 1
597 1
598 1
599 3
600 2
601 2
604 3
606 1
609 1
612 1
615 3
618 2
620 2
622 2
624 1
625 3
628 3
632 4
635 2
636 1
640 3
641 2
642 4
643 5
644 2
645 1
646 1
647 3
648 4
649 3
650 2
651 3
652 1
656 3
657 16
659 3
660 3
662 1
664 2
668 1
670 1
672 4
675 1
676 1
677 1
678 1
679 2
680 1
684 5
686 1
688 2
692 5
693 1
694 3
695 2
696 3
698 5
700 3
701 18
702 2
703 2
704 16
707 14
708 4
710 8
712 3
713 3
714 2
716 7
718 1
722 2
723 2
724 2
725 2
726 1
728 4
729 1
732 5
733 3
736 7
738 2
739 3
740 6
741 14
744 1
746 1
747 2
748 1
750 704
751 1
752 3
753 8
756 5
757 1
758 4
760 1
761 3
762 2
768 1
770 1
772 1
774 1
782 2
784 1
785 2
786 2
788 3
791 2
792 5
796 3
798 2
800 2
802 1
804 3
805 1
807 1
808 4
809 1
812 3
814 2
815 1
816 1
818 2
820 2
821 1
824 6
827 3
829 1
832 2
836 2
837 1
839 2
840 1
842 3
844 1
845 2
846 1
848 3
849 1
852 1
854 1
856 2
857 2
860 2
861 1
862 1
863 1
864 2
865 2
868 1
872 1
875 5
876 2
879 2
880 3
884 3
885 1
887 2
888 1
890 1
891 1
893 1
894 1
895 1
900 1
902 1
903 1
904 1
905 1
908 1
910 2
912 2
914 2
916 1
917 2
918 3
919 2
920 3
923 1
926 2
928 3
929 2
930 1
936 5
937 1
940 3
944 1
946 3
948 2
949 1
950 2
951 1
952 7
953 1
958 1
960 1
961 1
962 2
967 1
968 1
969 1
970 2
971 1
973 2
974 2
976 3
979 1
980 16
981 1
984 1
988 1
990 1
992 5
993 1
994 1
996 1
1000 3
1003 1
1004 1
1006 1
1007 1
1008 2
1011 1
1012 1
1013 1
1014 1
1015 2
1016 4
1018 4
1020 4
1024 33
1025 2
1026 2
1028 7
1030 2
1032 6
1034 4
1035 1
1036 5
1039 1
1040 3
1043 1
1044 1
1046 1
1047 1
1048 2
1052 6
1054 1
1056 5
1057 1
1058 4
1060 4
1062 1
1064 1
1067 1
1070 1
1072 1
1073 1
1074 3
1076 2
1078 1
1079 1
1080 2
1081 2
1082 1
1083 3
1084 2
1085 1
1088 5
1092 1
1095 3
1096 1
1097 2
1099 1
1100 3
1103 1
1104 1
1105 1
1106 1
1108 1
1109 1
1110 2
1115 4
1116 1
1117 2
1120 2
1123 1
1124 2
1126 2
1128 1
1129 1
1130 3
1131 2
1132 3
1133 2
1134 1
1135 2
1136 2
1137 1
1145 2
1148 2
1149 1
1150 3
1152 1
1154 1
1156 2
1157 3
1160 2
1161 2
1164 7
1165 1
1166 1
1167 3
1169 1
1170 2
1171 1
1172 1
1173 2
1174 2
1175 3
1176 2
1177 1
1183 2
1184 2
1185 3
1186 2
1187 4
1188 3
1189 2
1190 4
1192 1
1193 1
1194 1
1195 1
1196 2
1197 1
1198 1
1199 1
1201 2
1202 1
1204 2
1206 1
1207 2
1208 7
1209 1
1210 1
1212 4
1216 1
1219 4
1220 2
1221 4
1222 2
1223 3
1224 3
1225 1
1226 1
1227 1
1228 8
1231 1
1232 2
1233 2
1236 5
1237 2
1238 3
1239 2
1240 3
1241 1
1244 2
1246 1
1248 2
1252 5
1253 1
1255 2
1256 1
1258 2
1259 2
1260 6
1262 1
1264 4
1266 1
1267 1
1268 5
1269 2
1271 2
1272 2
1273 2
1274 2
1275 1
1276 4
1277 1
1278 1
1280 2
1281 3
1282 1
1284 1
1285 2
1286 1
1288 5
1290 4
1292 6
1293 2
1294 3
1296 13
1297 2
1298 1
1300 5
1304 4
1305 2
1306 1
1307 1
1308 2
1310 1
1312 1
1316 5
1319 5
1320 6
1322 1
1324 2
1326 2
1327 1
1329 1
1331 1
1332 1
1335 1
1336 2
1337 2
1339 5
1343 1
1344 1
1346 3
1348 3
1349 2
1351 1
1352 2
1353 2
1354 1
1356 1
1357 1
1359 2
1360 1
1361 2
1362 1
1363 1
1364 3
1365 2
1366 1
1367 1
1370 1
1372 3
1373 2
1374 3
1375 3
1376 3
1378 1
1379 2
1380 4
1382 1
1383 1
1384 4
1385 2
1386 2
1387 1
1388 6
1389 3
1390 1
1391 2
1392 1
1393 2
1395 1
1396 5
1397 1
1398 2
1399 2
1400 2
1401 1
1402 1
1404 1
1405 2
1406 1
1407 1
1409 1
1411 2
1412 1
1413 1
1414 3
1416 2
1417 1
1418 1
1419 3
1420 2
1423 1
1424 2
1425 1
1427 3
1428 3
1429 1
1430 1
1431 3
1432 7
1433 6
1434 2
1436 1
1437 2
1439 1
1440 5
1443 1
1444 2
1445 2
1446 3
1448 1
1449 2
1450 1
1451 4
1452 1
1454 1
1455 1
1456 3
1457 1
1460 4
1462 1
1463 2
1464 73
1465 1
1466 1
1468 5
1472 2
1473 1
1475 1
1476 2
1477 1
1478 2
1479 1
1480 2
1483 1
1484 1
1485 3
1488 2
1489 1
1492 2
1493 3
1494 1
1497 1
1498 2
1500 2
1501 2
1503 2
1504 4
1505 2
1506 3
1507 1
1508 4
1509 2
1510 1
1512 128
1513 29
1515 73
1516 129
1517 100
1518 183
1519 71
1520 4
1521 1
1524 3
1525 1
1526 1
1528 6
1529 1
1532 2
1533 2
1534 1
1535 1
1536 18
1537 1
1539 1
1540 1
1541 4
1542 1
1543 3
1544 3
1546 4
1550 1
1551 1
1552 1
1554 2
1556 2
1557 1
1558 1
1560 1
1561 2
1563 2
1565 3
1566 1
1568 2
1569 2
1570 2
1571 1
1572 1
1573 2
1574 1
1575 1
1576 1
1577 2
1579 1
1580 1
1581 2
1582 2
1583 3
1584 1
1587 2
1588 1
1589 2
1590 1
1591 1
1593 1
1594 4
1595 3
1596 2
1599 2
1600 2
1603 2
1605 1
1606 1
1608 1
1609 2
1611 2
1612 1
1613 2
1615 3
1616 2
1620 2
1622 1
1623 1
1624 1
1625 2
1626 3
1628 1
1629 3
1630 3
1634 1
1636 2
1638 1
1640 1
1641 1
1643 1
1644 1
1646 2
1648 3
1652 1
1655 1
1656 2
1658 2
1662 3
1663 1
1664 1
1665 1
1668 2
1670 1
1671 1
1672 2
1673 1
1674 2
1675 1
1676 2
1678 1
1679 2
1680 2
1681 1
1684 1
1685 1
1686 3
1688 2
1690 3
1691 2
1693 2
1695 1
1697 1
1701 2
1702 1
1705 2
1706 1
1707 1
1708 1
1709 3
1710 1
1712 1
1714 3
1715 1
1717 1
1721 1
1722 1
1723 2
1725 2
1728 1
1730 2
1731 1
1732 1
1734 3
1735 1
1736 1
1739 2
1740 1
1741 1
1742 2
1744 1
1747 1
1749 1
1751 1
1752 2
1753 1
1756 2
1757 1
1760 1
1762 1
1763 1
1764 6
1765 1
1768 2
1769 1
1770 3
1772 8
1774 2
1775 4
1776 1
1777 3
1778 2
1779 3
1780 4
1781 2
1782 4
1783 3
1784 4
1786 2
1787 1
1789 1
1795 1
1800 2
1802 1
1804 4
1805 1
1808 8
1810 2
1811 1
1812 8
1813 2
1814 1
1815 1
1816 16
1820 10
1821 1
1824 11
1827 2
1828 9
1829 1
1830 1
1831 1
1832 10
1833 1
1834 3
1836 12
1837 1
1838 1
1839 1
1840 10
1842 2
1843 1
1844 13
1846 1
1848 5
1852 5
1853 1
1854 1
1856 5
1857 1
1860 5
1861 5
1862 3
1863 1
1864 2
1865 1
1866 14
1867 1
1868 3
1869 1
1871 1
1872 1
1873 1
1874 1
1875 3
1876 3
1877 2
1878 1
1880 3
1883 2
1886 4
1887 2
1888 1
1889 4
1891 1
1892 1
1893 1
1895 5
1896 2
1897 1
1898 2
1900 2
1903 1
1904 4
1905 1
1907 3
1911 3
1912 1
1913 3
1914 1
1915 1
1916 1
1919 1
1920 1
1921 1
1923 1
1924 1
1925 1
1926 2
1928 2
1930 6
1931 1
1932 4
1933 3
1935 2
1936 1
1940 1
1942 3
1943 1
1946 1
1948 3
1949 1
1951 2
1952 4
1953 1
1955 1
1956 1
1957 2
1964 2
1965 1
1966 1
1967 1
1968 1
1970 1
1972 1
1973 2
1974 1
1976 1
1978 1
1980 2
1982 2
1983 1
1984 1
1985 1
1987 2
1988 2
1992 3
1993 1
1996 4
1998 3
1999 1
2000 4
2004 1
2008 6
2009 2
2010 3
2012 6
2014 1
2016 3
2020 2
2021 2
2024 3
2026 1
2027 1
2033 1
2034 3
2035 2
2036 4
2037 2
2040 3
2045 1
2047 1
2048 11
2049 2
2051 1
2053 1
2055 2
2056 1
2060 1
2061 1
2062 1
2063 2
2065 1
2067 1
2068 2
2070 1
2071 3
2076 2
2078 1
2079 1
2080 1
2081 1
2082 1
2084 1
2085 2
2087 1
2088 2
2090 1
2094 1
2096 1
2098 4
2099 1
2100 2
2104 1
2108 1
2109 1
2110 1
2116 3
2119 2
2122 1
2123 1
2125 1
2126 1
2130 1
2131 2
2132 1
2133 1
2135 1
2136 1
2137 2
2138 1
2140 1
2142 2
2143 2
2144 2
2145 1
2151 1
2153 2
2156 1
2157 1
2159 1
2164 1
2165 2
2168 1
2169 1
2171 1
2172 2
2173 1
2176 2
2178 4
2185 4
2186 4
2187 10
2188 1
2189 3
2190 2
2191 2
2193 1
2196 3
2199 2
2200 1
2201 1
2202 1
2204 2
2206 1
2208 1
2209 2
2210 1
2212 3
2214 1
2216 1
2219 1
2220 2
2221 1
2222 2
2223 1
2227 1
2228 2
2230 2
2234 1
2236 4
2239 1
2240 2
2242 1
2243 1
2244 1
2245 2
2247 1
2248 4
2251 2
2252 1
2255 3
2256 1
2258 2
2259 1
2260 4
2263 1
2264 2
2265 2
2266 1
2269 1
2271 2
2273 1
2274 1
2275 2
2277 1
2280 2
2283 3
2284 1
2285 3
2287 1
2289 1
2290 2
2292 4
2293 2
2294 2
2295 1
2296 4
2298 2
2299 1
2302 1
2303 1
2304 3
2306 1
2308 3
2309 1
2311 2
2314 2
2317 2
2318 1
2325 3
2328 2
2331 1
2335 1
2336 2
2337 1
2340 3
2342 1
2344 2
2348 1
2350 3
2351 3
2355 1
2356 3
2357 1
2359 1
2360 1
2361 1
2363 2
2365 1
2368 2
2369 1
2370 1
2371 2
2372 3
2373 3
2374 1
2376 2
2377 1
2378 1
2379 1
2382 1
2383 1
2384 2
2386 2
2388 3
2390 1
2393 2
2394 2
2395 4
2396 1
2397 2
2398 2
2402 2
2404 1
2406 1
2408 1
2409 1
2412 1
2413 1
2416 1
2418 1
2421 1
2422 1
2424 1
2426 1
2427 1
2429 3
2430 2
2436 1
2442 1
2443 2
2444 1
2446 2
2447 1
2448 1
2449 1
2451 2
2453 1
2454 1
2456 1
2457 1
2459 2
2460 1
2461 1
2462 1
2463 1
2464 2
2465 3
2467 1
2468 7
2470 2
2475 1
2476 2
2477 2
2480 2
2488 2
2491 2
2496 1
2499 2
2500 1
2504 2
2505 1
2507 1
2509 1
2511 1
2514 1
2517 4
2518 1
2520 2
2522 1
2523 2
2526 2
2527 2
2528 1
2529 2
2531 2
2532 1
2535 1
2536 2
2538 1
2540 1
2542 2
2543 1
2545 1
2552 1
2555 2
2556 1
2557 3
2558 1
2560 10
2562 1
2563 1
2565 1
2566 1
2567 1
2570 2
2571 1
2573 2
2575 1
2577 1
2582 1
2583 2
2588 1
2591 1
2592 1
2594 1
2596 1
2597 1
2599 2
2600 1
2601 2
2603 1
2604 1
2605 1
2607 1
2608 1
2611 1
2613 3
2615 1
2616 2
2618 1
2620 2
2624 2
2625 1
2626 1
2627 1
2628 3
2629 1
2631 1
2634 2
2636 1
2638 2
2644 1
2645 1
2647 2
2648 1
2649 1
2652 1
2658 2
2659 1
2660 1
2661 1
2663 1
2665 1
2666 1
2669 1
2673 1
2677 1
2678 1
2680 1
2681 1
2684 2
2691 1
2693 1
2694 1
2696 1
2697 1
2699 2
2700 4
2701 1
2702 1
2707 1
2709 1
2710 1
2711 1
2712 1
2715 1
2716 1
2721 1
2725 1
2728 2
2729 1
2731 2
2738 1
2742 2
2746 1
2747 1
2750 1
2751 1
2752 1
2753 1
2756 1
2761 1
2763 1
2767 1
2769 1
2770 1
2771 1
2778 2
2785 1
2787 2
2789 1
2792 2
2793 1
2795 2
2796 1
2800 1
2801 1
2802 1
2805 2
2806 2
2807 1
2809 2
2811 1
2812 1
2813 1
2816 1
2818 1
2819 1
2821 1
2822 1
2827 1
2830 3
2832 1
2836 1
2839 1
2840 1
2842 1
2843 2
2845 1
2846 1
2847 1
2849 1
2852 3
2856 2
2857 1
2858 1
2861 1
2865 3
2866 1
2867 1
2869 2
2871 1
2879 1
2880 2
2881 2
2884 1
2885 1
2889 2
2891 2
2893 1
2896 2
2902 1
2904 1
2905 1
2907 1
2909 1
2912 1
2913 1
2914 2
2916 2
2918 3
2920 2
2921 1
2922 1
2924 2
2929 1
2932 1
2935 2
2937 1
2938 1
2939 1
2940 1
2941 1
2942 1
2944 1
2946 1
2949 1
2950 1
2951 1
2954 1
2956 1
2958 2
2959 1
2962 4
2963 1
2971 1
2972 1
2973 1
2976 1
2978 1
2979 1
2983 1
2985 1
2989 2
2992 2
2995 3
2996 2
3003 1
3004 1
3007 1
3009 1
3011 1
3015 1
3018 1
3019 1
3021 2
3028 2
3031 1
3032 1
3033 2
3034 1
3035 2
3036 1
3038 1
3041 3
3044 2
3045 2
3047 2
3048 2
3050 2
3054 4
3056 1
3066 2
3068 1
3072 2
3076 1
3077 3
3083 2
3084 27
3086 1
3087 2
3088 14
3090 1
3092 1
3093 13
3094 1
3098 2
3099 1
3100 13
3102 2
3104 2
3106 5
3107 28
3108 15
3109 15
3110 14
3112 1
3113 13
3114 2
3115 1
3116 2
3117 28
3118 41
3119 1
3120 13
3121 14
3123 16
3124 1
3126 2
3127 1
3128 14
3129 1
3130 1
3131 14
3132 1
3133 1
3134 1
3135 2
3136 43
3138 1
3139 14
3140 1
3142 1
3143 13
3144 1
3145 13
3146 2
3147 16
3148 13
3149 1
3150 13
3153 3
3154 41
3155 1
3156 15
3157 16
3158 26
3159 2
3160 14
3161 13
3164 2
3165 16
3166 26
3168 1
3169 16
3171 14
3173 28
3174 1
3175 1
3177 3
3178 1
3179 13
3180 1
3182 14
3183 2
3184 2
3185 1
3186 2
3187 13
3190 16
3193 1
3199 1
3200 1
3202 3
3208 1
3210 1
3214 1
3217 2
3219 1
3220 4
3222 1
3228 1
3232 1
3233 1
3234 2
3236 1
3240 1
3248 1
3249 1
3253 2
3254 1
3255 3
3268 1
3269 2
3270 1
3275 1
3278 1
3279 2
3282 1
3283 1
3288 2
3290 3
3291 1
3293 4
3295 1
3296 3
3297 1
3300 1
3302 1
3304 1
3305 5
3306 1
3308 5
3309 2
3310 1
3311 4
3313 1
3314 3
3315 2
3316 3
3317 1
3326 4
3327 1
3329 4
3330 1
3331 2
3332 2
3333 1
3334 1
3345 13
3346 2
3350 1
3356 1
3357 1
3358 1
3363 3
3370 2
3372 2
3375 3
3376 1
3377 1
3385 2
3388 1
3392 2
3395 1
3400 1
3401 1
3404 1
3406 1
3408 1
3411 1
3419 1
3422 1
3423 1
3425 2
3426 1
3427 2
3432 1
3433 1
3436 1
3439 2
3442 1
3446 1
3452 2
3453 2
3454 4
3455 1
3457 1
3461 1
3464 2
3465 2
3468 1
3470 2
3472 1
3476 1
3487 1
3489 3
3490 1
3491 1
3492 2
3494 1
3495 1
3502 1
3505 1
3507 1
3509 2
3510 1
3511 2
3512 2
3514 1
3515 1
3517 1
3522 1
3525 2
3527 2
3531 1
3532 1
3533 3
3535 4
3536 2
3539 1
3543 1
3545 1
3548 1
3554 4
3557 1
3558 1
3560 1
3561 2
3562 2
3569 1
3571 1
3580 2
3581 1
3582 2
3584 15
3588 2
3589 1
3592 3
3594 1
3595 1
3596 1
3600 1
3601 1
3602 1
3604 1
3606 1
3607 2
3608 1
3609 1
3610 1
3611 1
3614 1
3616 4
3618 2
3622 2
3623 1
3624 3
3626 1
3628 3
3629 2
3630 1
3631 1
3632 1
3637 1
3640 3
3641 1
3642 1
3648 1
3649 1
3655 2
3656 1
3658 1
3659 1
3661 1
3666 1
3667 1
3670 1
3671 1
3673 1
3674 1
3675 1
3676 1
3677 2
3679 2
3680 3
3681 1
3682 3
3683 1
3685 3
3687 3
3688 3
3689 2
3690 3
3691 5
3692 1
3693 6
3694 4
3695 1
3696 4
3697 4
3698 1
3699 1
3700 1
3701 3
3703 3
3704 3
3705 3
3706 1
3707 1
3709 1
3710 1
3712 2
3714 1
3715 1
3716 3
3717 3
3718 4
3722 1
3723 1
3724 1
3725 1
3728 1
3732 1
3735 1
3736 2
3737 1
3739 1
3740 1
3741 2
3744 1
3745 2
3746 1
3748 2
3749 1
3750 1
3752 1
3753 1
3754 1
3759 1
3760 2
3761 1
3765 3
3770 3
3772 1
3774 1
3776 1
3777 3
3778 1
3785 3
3787 1
3788 2
3790 1
3792 2
3793 1
3795 1
3798 3
3800 1
3801 2
3802 1
3803 2
3806 3
3807 1
3810 1
3814 1
3815 1
3819 1
3824 3
3826 2
3827 2
3829 1
3831 2
3832 3
3835 2
3839 2
3840 1
3841 1
3843 1
3844 1
3847 1
3850 2
3851 1
3857 1
3858 2
3865 2
3867 1
3868 1
3870 1
3871 1
3873 1
3877 2
3878 4
3880 2
3881 1
3883 1
3884 2
3889 2
3892 1
3893 1
3894 1
3895 1
3896 2
3900 1
3902 1
3904 1
3905 1
3907 1
3908 7
3909 2
3912 1
3913 1
3915 1
3921 1
3922 2
3924 2
3928 1
3930 1
3931 1
3932 3
3934 2
3936 1
3940 1
3944 1
3948 1
3952 2
3954 1
3955 1
3956 1
3959 1
3960 2
3962 1
3963 2
3967 2
3972 1
3974 1
3976 1
3980 2
3981 1
3984 7
3987 2
3988 1
3989 3
3990 1
3992 2
3996 4
3997 1
3998 1
3999 1
4001 1
4003 1
4008 1
4009 1
4010 1
4013 1
4014 1
4016 3
4018 3
4019 1
4020 1
4022 1
4025 1
4026 1
4027 1
4028 2
4029 1
4030 2
4036 1
4042 1
4044 1
4045 1
4048 1
4049 2
4050 1
4053 1
4056 1
4057 1
4059 1
4060 2
4061 1
4062 1
4064 5
4065 1
4072 1
4076 3
4078 1
4083 1
4084 2
4086 2
4088 1
4092 3
4096 3
4106 1
4111 1
4112 1
4113 2
4114 2
4115 1
4120 1
4121 1
4122 1
4125 1
4126 2
4130 1
4131 1
4136 2
4137 2
4139 1
4140 3
4143 1
4144 2
4146 1
4147 1
4148 1
4149 2
4152 1
4156 2
4158 1
4164 1
4170 1
4172 4
4174 1
4176 2
4180 1
4184 3
4185 2
4186 1
4188 3
4191 2
4192 1
4193 1
4194 1
4195 1
4196 2
4197 1
4199 1
4200 5
4204 2
4206 1
4207 1
4208 2
4212 3
4215 2
4216 6
4218 1
4220 3
4221 1
4224 3
4225 1
4226 1
4228 2
4231 1
4232 2
4234 1
4236 4
4240 2
4244 5
4248 4
4252 1
4256 4
4259 1
4263 2
4264 3
4265 3
4268 5
4274 2
4278 1
4280 2
4281 1
4286 4
4287 1
4288 1
4290 1
4293 1
4296 4
4297 1
4299 1
4300 5
4301 2
4304 1
4305 1
4311 2
4313 1
4315 2
4316 1
4319 1
4320 2
4322 1
4324 5
4326 1
4327 1
4328 3
4332 1
4336 3
4338 2
4340 1
4341 2
4344 2
4348 1
4352 1
4353 1
4356 1
4359 1
4361 1
4362 1
4364 3
4366 1
4368 1
4369 1
4376 2
4379 1
4380 1
4382 1
4383 1
4384 2
4389 2
4392 2
4396 2
4397 2
4398 1
4399 1
4400 5
4402 2
4403 1
4404 3
4406 3
4410 2
4412 4
4416 2
4417 2
4421 1
4424 2
4426 1
4427 1
4428 1
4430 2
4432 1
4435 1
4436 3
4437 1
4440 2
4444 1
4447 1
4448 3
4449 1
4454 1
4455 1
4458 1
4459 2
4460 3
4463 2
4464 2
4468 2
4472 2
4473 1
4480 1
4482 1
4484 2
4490 1
4492 1
4493 2
4494 1
4496 2
4500 1
4508 1
4509 1
4512 2
4516 2
4520 1
4521 1
4523 1
4524 3
4527 1
4528 3
4532 4
4533 2
4534 1
4539 2
4540 4
4541 2
4542 1
4543 1
4545 3
4548 1
4549 1
4550 3
4552 4
4560 2
4562 1
4564 3
4567 1
4568 1
4569 1
4572 1
4573 1
4575 1
4576 2
4577 3
4580 4
4584 1
4587 1
4588 1
4589 1
4592 1
4594 1
4596 3
4605 2
4606 2
4608 4
4609 2
4612 4
4613 1
4618 1
4620 3
4621 1
4624 1
4628 2
4629 1
4631 2
4632 2
4633 1
4635 1
4636 3
4638 1
4639 3
4640 1
4643 1
4644 1
4648 1
4650 1
4651 1
4652 1
4653 1
4655 1
4656 1
4657 1
4660 3
4663 1
4664 3
4666 1
4667 2
4668 3
4669 2
4672 1
4675 2
4676 1
4678 1
4688 2
4690 1
4691 1
4692 1
4693 1
4695 1
4696 3
4700 1
4701 1
4704 1
4706 1
4712 3
4716 3
4720 2
4728 3
4730 1
4732 1
4736 2
4740 3
4743 1
4745 2
4750 1
4754 1
4759 1
4760 3
4761 1
4764 2
4767 1
4771 1
4772 1
4776 3
4778 3
4780 4
4784 1
4788 3
4791 1
4792 2
4793 1
4800 1
4803 1
4804 2
4808 3
4810 1
4812 1
4816 1
4818 1
4820 1
4821 1
4822 1
4828 2
4829 1
4836 1
4837 3
4840 1
4842 2
4843 2
4848 1
4852 1
4855 1
4860 1
4864 1
4865 1
4866 1
4868 1
4869 1
4872 3
4874 1
4876 2
4880 2
4881 1
4882 1
4884 3
4888 2
4893 1
4895 1
4896 1
4900 2
4902 1
4904 1
4905 1
4906 1
4911 1
4912 2
4922 1
4923 1
4924 1
4928 2
4929 1
4930 1
4931 2
4933 1
4935 1
4940 2
4942 1
4944 4
4945 1
4948 4
4949 1
4952 2
4953 1
4956 3
4960 1
4961 2
4963 1
4964 2
4968 1
4972 1
4975 3
4976 1
4977 1
4980 4
4981 1
4984 1
4985 1
4986 1
4987 1
4988 3
4989 2
4992 1
4996 2
4997 1
4998 2
4999 2
5000 1
5004 1
5005 3
5008 2
5009 2
5011 2
5012 1
5019 1
5020 1
5021 2
5024 1
5030 2
5034 1
5036 2
5040 1
5045 1
5048 5
5051 3
5052 1
5055 1
5056 1
5059 1
5061 2
5063 2
5065 2
5068 2
5071 2
5072 3
5073 1
5075 1
5076 2
5077 2
5080 1
5081 1
5082 1
5084 1
5085 1
5089 1
5091 1
5092 1
5094 1
5095 2
5096 2
5100 1
5104 4
5106 1
5107 1
5112 5
5116 2
5118 1
5123 1
5127 2
5134 1
5135 1
5136 4
5140 1
5146 2
5156 3
5160 1
5165 1
5168 1
5170 1
5172 2
5184 2
5188 1
5196 2
5199 1
5201 1
5203 1
5208 1
5211 1
5212 2
5219 2
5223 1
5227 1
5230 1
5238 1
5240 2
5244 2
5248 1
5250 1
5254 1
5256 1
5258 1
5260 1
5268 1
5269 1
5270 1
5274 1
5276 1
5277 1
5279 1
5280 1
5285 2
5288 2
5292 1
5300 3
5302 1
5303 1
5304 1
5308 2
5310 1
5312 1
5314 1
5315 1
5319 1
5320 5
5321 1
5324 1
5330 1
5332 2
5333 1
5336 2
5338 1
5343 2
5344 1
5346 1
5348 1
5359 1
5360 3
5364 1
5366 1
5368 1
5372 4
5378 1
5382 2
5388 2
5391 1
5394 1
5408 1
5411 2
5412 1
5414 1
5416 1
5418 1
5420 1
5422 1
5424 1
5430 2
5434 1
5440 1
5444 1
5448 1
5451 1
5452 3
5453 3
5465 2
5466 1
5467 1
5468 2
5470 1
5472 3
5473 2
5476 1
5480 1
5484 2
5487 1
5490 1
5492 2
5496 2
5497 3
5505 1
5512 1
5520 1
5526 1
5528 2
5533 1
5540 1
5546 1
5554 1
5560 2
5564 1
5568 1
5569 1
5572 1
5574 1
5579 1
5584 3
5586 1
5589 1
5590 2
5592 1
5596 2
5599 1
5600 2
5602 1
5608 1
5610 2
5616 2
5623 1
5627 1
5628 1
5629 1
5639 1
5643 1
5646 2
5647 1
5648 1
5652 3
5653 1
5656 1
5660 2
5662 2
5668 2
5671 1
5672 1
5677 1
5680 1
5681 2
5683 1
5684 3
5685 3
5688 1
5689 1
5690 1
5692 1
5693 1
5696 2
5697 1
5700 2
5709 1
5716 5
5719 2
5721 2
5722 1
5725 1
5726 1
5727 1
5728 2
5729 1
5736 1
5742 1
5744 1
5747 1
5750 1
5752 2
5758 1
5759 2
5760 2
5764 2
5766 1
5767 2
5778 1
5783 1
5784 1
5788 2
5791 1
5792 1
5796 1
5799 2
5800 2
5804 2
5805 1
5808 3
5814 1
5820 3
5823 1
5832 1
5838 1
5841 3
5844 1
5846 1
5848 3
5849 1
5852 1
5854 1
5857 1
5864 1
5866 2
5868 3
5869 3
5872 1
5876 2
5877 1
5878 1
5879 2
5880 1
5883 1
5884 1
5892 3
5893 1
5894 1
5904 2
5909 1
5912 6
5915 1
5918 1
5919 1
5920 2
5929 1
5931 1
5932 1
5935 1
5938 1
5940 1
5944 1
5948 1
5952 1
5956 3
5960 2
5964 1
5966 1
5968 3
5972 3
5976 2
5979 1
5987 2
5990 1
5992 1
5993 1
5996 3
5999 2
6000 1
6001 1
6004 1
6006 1
6007 1
6008 1
6010 2
6011 1
6013 1
6014 2
6016 1
6019 1
6026 1
6027 1
6028 4
6031 1
6035 2
6036 2
6040 1
6044 2
6048 1
6050 2
6051 3
6052 1
6056 1
6060 1
6068 2
6074 1
6076 1
6077 1
6080 2
6083 1
6084 2
6086 2
6088 1
6091 1
6092 1
6093 1
6096 3
6098 2
6101 2
6103 1
6108 1
6116 1
6120 1
6125 1
6128 1
6140 1
6142 1
6144 2
6146 1
6147 1
6148 2
6150 2
6152 1
6153 1
6156 1
6158 1
6160 1
6161 1
6168 2
6179 1
6181 1
6182 2
6184 1
6185 1
6196 1
6199 1
6200 1
6218 2
6226 1
6237 1
6242 1
6244 1
6245 1
6246 1
6248 1
6249 1
6257 1
6259 1
6261 2
6263 1
6264 1
6265 1
6267 1
6269 1
6271 1
6273 3
6276 1
6280 2
6281 1
6282 1
6284 1
6295 3
6296 1
6297 1
6299 1
6300 1
6307 1
6312 3
6316 2
6319 1
6328 3
6332 2
6333 1
6335 1
6336 1
6340 1
6343 1
6344 1
6350 1
6352 1
6356 1
6360 1
6364 1
6368 1
6372 1
6374 2
6392 2
6394 1
6396 1
6398 1
6400 1
6405 1
6408 2
6412 1
6413 1
6418 1
6420 1
6424 2
6427 1
6430 1
6432 1
6437 1
6444 3
6448 1
6450 1
6451 1
6454 1
6456 2
6461 1
6464 1
6476 1
6477 2
6479 1
6480 1
6483 1
6484 1
6486 1
6491 1
6492 2
6496 1
6497 1
6500 1
6502 1
6503 1
6504 1
6508 1
6510 2
6515 1
6516 1
6529 3
6532 2
6536 1
6540 2
6545 1
6548 1
6558 1
6562 2
6568 1
6569 1
6570 1
6571 1
6578 1
6584 2
6586 1
6588 1
6592 2
6596 2
6598 1
6599 2
6605 1
6608 1
6609 1
6612 1
6613 1
6621 2
6624 1
6625 1
6628 2
6632 2
6638 1
6640 1
6644 1
6654 2
6656 1
6660 1
6664 2
6668 2
6675 1
6678 1
6679 2
6681 1
6684 3
6686 1
6687 1
6690 1
6697 1
6699 1
6700 2
6701 1
6704 1
6706 1
6707 2
6708 1
6710 1
6712 1
6713 1
6716 2
6725 1
6732 1
6734 3
6736 2
6746 1
6748 1
6754 1
6756 1
6761 1
6762 2
6771 1
6773 1
6774 1
6775 1
6779 1
6780 1
6788 1
6804 3
6807 1
6812 1
6813 1
6816 1
6820 1
6825 1
6827 1
6829 1
6830 1
6836 1
6841 1
6845 1
6849 1
6850 1
6852 1
6853 1
6856 1
6867 1
6873 1
6879 1
6880 1
6883 1
6893 3
6894 1
6897 2
6900 1
6901 2
6904 1
6908 1
6916 1
6924 1
6928 1
6932 1
6936 1
6938 3
6943 1
6947 3
6956 1
6961 1
6962 1
6964 1
6971 1
6976 1
6980 1
6984 3
6992 1
6993 1
6995 1
6996 1
7000 1
7007 1
7008 2
7014 1
7019 2
7022 1
7024 1
7029 1
7030 2
7032 3
7038 1
7042 2
7045 1
7048 1
7049 1
7052 2
7056 2
7064 2
7074 1
7076 2
7080 1
7087 2
7088 1
7089 1
7100 5
7101 1
7108 1
7115 1
7120 2
7121 1
7124 3
7126 1
7128 1
7149 1
7151 1
7156 1
7161 2
7164 1
7168 1
7182 1
7192 1
7195 1
7201 1
7208 2
7209 1
7214 1
7224 1
7236 2
7240 1
7246 2
7247 1
7250 1
7252 1
7255 1
7260 2
7264 2
7268 2
7270 1
7276 1
7284 1
7292 1
7293 1
7300 1
7302 1
7304 1
7306 3
7308 1
7312 3
7331 4
7336 1
7337 1
7338 1
7343 1
7348 1
7352 3
7354 2
7358 1
7360 1
7361 1
7368 1
7370 1
7372 2
7378 2
7379 1
7384 1
7390 1
7392 1
7393 2
7397 1
7398 1
7408 1
7411 1
7412 1
7413 1
7420 1
7424 2
7425 1
7428 1
7432 1
7434 1
7435 1
7436 1
7437 2
7445 1
7447 1
7448 1
7452 1
7454 2
7456 1
7459 1
7460 2
7464 1
7469 1
7471 1
7472 1
7473 1
7482 1
7488 1
7492 3
7497 1
7500 1
7501 1
7514 1
7516 1
7520 3
7521 1
7522 1
7527 1
7532 1
7533 1
7548 2
7552 1
7557 1
7565 1
7569 1
7571 1
7572 1
7575 1
7577 1
7578 2
7584 1
7588 1
7589 1
7591 1
7604 1
7607 1
7608 1
7612 2
7619 1
7626 2
7628 1
7637 1
7639 1
7640 1
7647 1
7656 1
7657 2
7664 2
7666 1
7671 1
7680 1
7684 1
7689 1
7696 1
7697 1
7699 1
7700 1
7714 1
7716 1
7720 1
7724 1
7735 1
7748 1
7751 2
7757 1
7761 1
7764 1
7774 1
7775 1
7780 3
7784 1
7792 1
7794 1
7796 1
7798 1
7801 1
7805 1
7817 1
7820 1
7821 1
7824 1
7829 2
7830 1
7832 1
7839 2
7840 1
7848 1
7853 1
7856 1
7857 1
7862 1
7864 1
7868 1
7876 1
7889 1
7892 1
7894 1
7898 1
7900 2
7904 1
7914 1
7916 1
7932 1
7935 1
7939 1
7948 2
7954 1
7957 2
7974 1
7975 1
7976 1
7979 1
7980 1
7985 1
7991 1
7993 1
8000 1
8004 1
8006 1
8012 1
8018 1
8019 1
8020 1
8024 1
8025 1
8036 2
8042 2
8058 1
8084 2
8088 1
8092 2
8096 1
8097 1
8100 1
8112 1
8113 1
8124 2
8128 2
8132 1
8142 1
8144 1
8148 2
8152 1
8155 1
8156 2
8164 1
8174 1
8180 1
8183 1
8184 2
8185 1
8192 2
8196 2
8200 2
8207 1
8210 2
8215 1
8219 1
8224 2
8228 1
8237 1
8239 1
8247 1
8253 1
8260 1
8261 2
8279 15
8281 1
8296 1
8304 1
8305 1
8308 1
8322 2
8324 1
8336 1
8337 1
8344 2
8348 2
8356 1
8360 1
8371 1
8372 2
8379 1
8381 1
8383 1
8384 1
8392 1
8393 1
8404 1
8410 1
8418 2
8426 1
8434 2
8436 1
8440 1
8444 1
8447 1
8450 1
8455 1
8456 2
8463 1
8465 1
8476 1
8480 2
8488 2
8492 1
8500 1
8501 1
8504 1
8512 1
8516 5
8520 3
8532 1
8533 1
8540 2
8542 1
8544 1
8549 1
8552 2
8563 1
8569 1
8572 1
8588 1
8589 1
8591 1
8592 1
8597 2
8604 1
8616 1
8626 1
8628 1
8630 1
8631 2
8637 1
8642 1
8644 1
8652 2
8655 1
8656 1
8665 1
8670 1
8672 4
8684 2
8685 2
8690 1
8696 2
8708 2
8712 1
8714 4
8715 1
8716 1
8724 1
8728 2
8740 1
8758 1
8768 2
8769 1
8771 1
8772 2
8776 2
8782 1
8784 1
8788 1
8791 2
8792 1
8800 2
8804 1
8816 1
8818 1
8828 1
8836 4
8837 1
8840 2
8848 1
8856 1
8857 1
8868 1
8874 1
8881 1
8883 2
8884 4
8888 2
8889 1
8896 1
8904 1
8908 2
8920 2
8934 2
8936 1
8941 1
8944 1
8945 1
8964 1
8980 1
8981 1
8988 2
8992 2
8994 1
9004 1
9012 3
9022 1
9027 2
9044 1
9048 2
9056 1
9064 1
9065 2
9068 1
9084 1
9088 2
9090 2
9092 1
9099 1
9121 1
9122 1
9123 1
9125 2
9128 1
9140 1
9144 1
9148 1
9156 1
9160 1
9164 1
9168 2
9172 2
9176 1
9180 1
9183 1
9186 1
9188 1
9198 1
9204 3
9208 1
9209 1
9213 1
9216 1
9217 1
9218 2
9219 1
9220 3
9222 1
9224 1
9232 1
9248 1
9254 1
9258 1
9269 2
9284 1
9288 1
9299 1
9300 1
9304 3
9313 1
9315 1
9316 1
9317 1
9320 1
9332 1
9340 1
9344 1
9368 1
9369 1
9386 3
9388 1
9392 1
9396 2
9397 1
9414 1
9417 2
9420 2
9426 1
9431 1
9434 1
9436 3
9440 1
9472 2
9475 1
9476 1
9484 1
9485 1
9486 1
9504 1
9513 1
9516 2
9517 2
9524 1
9536 3
9540 4
9550 1
9552 1
9558 1
9560 1
9568 1
9572 1
9575 1
9580 1
9592 1
9593 1
9597 1
9604 1
9612 3
9616 1
9620 1
9629 1
9632 1
9636 1
9655 2
9660 1
9676 2
9678 1
9685 1
9688 3
9700 2
9704 1
9712 1
9716 1
9721 1
9724 1
9736 1
9767 1
9773 1
9776 1
9778 1
9794 1
9800 1
9801 1
9806 1
9832 2
9836 1
9839 1
9860 1
9865 1
9884 1
9887 1
9888 1
9892 3
9896 1
9900 1
9901 1
9910 2
9916 1
9926 1
9928 2
9940 1
9943 2
9944 2
9948 1
9952 1
9959 1
9964 2
9966 1
9976 2
9984 3
9992 2
10003 1
10004 1
10012 1
10013 1
10019 1
10020 1
10024 1
10029 2
10032 1
10036 2
10037 1
10052 1
10060 1
10076 1
10084 2
10088 1
10116 1
10124 1
10130 2
10138 2
10144 4
10160 1
10163 1
10168 3
10171 1
10174 1
10178 1
10183 1
10186 1
10191 1
10192 1
10204 1
10208 2
10220 2
10224 2
10225 2
10228 1
10232 2
10240 3
10244 1
10248 1
10251 1
10264 2
10272 4
10288 2
10292 1
10304 2
10308 2
10310 1
10316 1
10320 2
10325 1
10331 1
10332 1
10343 1
10360 1
10363 1
10364 1
10372 1
10378 1
10384 2
10387 1
10392 1
10404 2
10407 1
10408 1
10412 2
10416 3
10420 2
10425 1
10435 1
10436 2
10438 1
10440 1
10448 1
10451 2
10454 1
10462 1
10463 1
10468 3
10480 1
10492 1
10500 1
10504 1
10513 1
10516 1
10520 1
10528 1
10533 1
10536 2
10537 1
10546 1
10552 1
10560 3
10564 4
10584 1
10589 4
10592 1
10596 1
10600 3
10603 1
10604 1
10612 1
10616 1
10624 1
10629 1
10641 1
10643 1
10648 1
10652 1
10656 2
10666 1
10676 1
10680 1
10688 1
10689 1
10707 1
10719 1
10723 1
10740 2
10747 2
10776 1
10783 1
10790 1
10792 1
10795 1
10808 1
10815 1
10816 1
10819 1
10820 2
10824 1
10825 1
10828 1
10844 1
10856 2
10867 1
10872 1
10876 1
10882 2
10884 1
10888 1
10892 1
10896 2
10901 1
10912 1
10916 1
10928 1
10942 1
10944 1
10948 2
10952 1
10972 1
10976 1
10978 1
10984 2
10992 1
10996 1
11004 2
11008 1
11011 2
11015 1
11016 2
11024 1
11038 1
11040 1
11044 2
11048 2
11060 1
11071 1
11072 1
11076 2
11080 2
11087 2
11092 1
11116 1
11120 2
11140 1
11143 1
11144 1
11148 1
11152 1
11163 1
11167 1
11168 1
11172 2
11176 1
11180 1
11188 1
11200 2
11208 1
11212 1
11216 1
11236 1
11252 2
11256 1
11264 2
11268 1
11272 1
11284 1
11288 1
11300 1
11304 2
11309 1
11312 1
11316 2
11324 1
11340 1
11348 1
11349 1
11360 2
11372 2
11380 2
11381 2
11388 1
11392 1
11404 1
11408 1
11416 2
11419 1
11420 1
11427 1
11432 1
11433 1
11444 1
11448 1
11456 1
11460 1
11468 1
11488 2
11492 1
11496 1
11501 1
11504 1
11508 2
11517 1
11528 1
11540 1
11548 2
11556 1
11568 1
11580 1
11584 2
11588 3
11592 1
11600 1
11612 2
11616 1
11620 1
11624 1
11631 2
11636 2
11640 2
11648 2
11650 1
11654 1
11656 3
11660 1
11661 1
11664 1
11676 1
11680 1
11688 2
11696 1
11704 3
11708 4
11709 1
11716 1
11720 1
11724 1
11728 2
11732 2
11740 2
11744 1
11745 2
11748 1
11763 2
11766 3
11768 1
11780 1
11784 2
11788 1
11800 1
11806 2
11808 1
11820 2
11840 1
11844 1
11850 1
11852 3
11856 1
11860 1
11863 1
11864 1
11876 2
11878 1
11908 4
11914 1
11916 2
11917 2
11920 2
11923 1
11924 1
11928 1
11940 2
11944 1
11948 1
11952 1
11956 2
11962 1
11968 1
11970 1
11973 1
11976 3
11980 3
11984 2
11992 4
11993 1
12004 1
12013 1
12016 1
12024 2
12030 2
12032 1
12040 1
12044 1
12047 2
12052 2
12060 1
12064 1
12076 1
12084 4
12088 1
12093 1
12094 1
12096 1
12100 2
12125 1
12132 1
12135 2
12144 1
12148 1
12184 1
12207 1
12220 1
12224 1
12225 1
12232 1
12248 3
12253 1
12268 1
12272 1
12282 2
12296 4
12299 3
12305 1
12312 1
12313 1
12320 1
12328 1
12333 1
12336 3
12340 2
12348 1
12352 1
12356 1
12368 2
12372 2
12380 1
12384 2
12393 1
12400 1
12404 1
12410 1
12428 1
12432 1
12433 1
12439 2
12444 2
12448 2
12452 1
12469 1
12483 1
12488 7
12496 1
12504 1
12512 1
12520 1
12528 2
12532 1
12536 2
12544 1
12548 1
12552 1
12556 1
12559 1
12562 1
12568 1
12592 1
12608 2
12612 1
12621 1
12622 1
12624 1
12640 1
12648 1
12652 1
12665 1
12668 2
12672 1
12688 1
12692 1
12710 1
12712 2
12720 2
12724 1
12729 1
12733 2
12740 1
12748 3
12760 1
12762 1
12768 2
12772 1
12784 1
12799 1
12816 1
12843 1
12856 2
12866 1
12876 1
12880 2
12900 1
12901 1
12904 3
12913 1
12916 1
12920 1
12928 1
12929 1
12936 2
12944 1
12948 1
12960 1
12964 1
12976 2
12978 1
12980 1
12984 1
12991 2
13000 1
13004 1
13013 1
13020 1
13028 1
13032 1
13040 1
13044 1
13072 2
13076 2
13080 2
13100 1
13108 1
13112 1
13116 1
13120 1
13124 1
13128 1
13132 1
13145 1
13152 1
13154 1
13160 1
13164 1
13168 2
13188 2
13192 1
13200 1
13212 1
13223 1
13224 2
13256 1
13263 1
13268 1
13271 1
13272 1
13281 1
13282 1
13288 1
13300 1
13308 1
13315 1
13316 1
13319 1
13320 1
13336 1
13340 1
13360 1
13364 1
13366 1
13377 1
13411 1
13419 2
13424 1
13428 3
13438 1
13440 1
13444 1
13448 1
13460 1
13489 1
13508 1
13513 1
13516 1
13532 1
13548 1
13552 1
13555 1
13556 1
13561 1
13568 1
13576 1
13584 1
13592 2
13600 1
13602 1
13603 1
13605 1
13609 2
13616 3
13620 1
13624 1
13636 1
13648 1
13660 1
13672 1
13678 1
13680 1
13684 1
13686 1
13700 1
13738 1
13744 1
13752 1
13760 1
13772 1
13824 1
13836 1
13840 1
13844 1
13848 1
13850 1
13852 1
13856 1
13872 1
13876 1
13886 1
13894 2
13900 1
13905 1
13906 1
13912 1
13920 1
13924 2
13936 1
13968 1
13973 1
13974 1
13980 2
13987 1
13993 1
14002 1
14012 1
14062 1
14064 1
14070 3
14076 1
14079 1
14080 2
14108 2
14112 1
14120 1
14124 1
14140 1
14152 1
14184 1
14188 1
14208 1
14212 1
14216 1
14218 1
14231 1
14240 1
14248 1
14252 1
14257 2
14275 1
14279 2
14292 1
14304 1
14306 2
14312 1
14318 2
14320 2
14328 2
14335 1
14344 1
14352 1
14368 1
14372 1
14380 1
14384 1
14392 1
14400 1
14402 1
14408 1
14412 1
14424 1
14444 1
14460 1
14472 1
14480 1
14492 1
14508 1
14516 1
14523 1
14526 1
14544 1
14556 1
14562 2
14568 2
14580 1
14588 1
14592 1
14593 1
14616 1
14620 1
14626 1
14650 1
14652 1
14660 2
14668 1
14676 2
14680 1
14688 1
14692 2
14699 1
14700 1
14712 2
14716 1
14718 1
14726 2
14732 1
14740 2
14748 2
14762 1
14763 2
14764 2
14774 1
14778 1
14780 1
14784 1
14796 1
14800 1
14803 1
14812 2
14816 1
14819 1
14833 1
14836 1
14840 1
14856 1
14859 1
14865 1
14928 1
14936 1
14962 1
14968 1
14996 1
15002 1
15004 1
15036 1
15040 2
15045 1
15080 1
15084 2
15087 1
15092 2
15096 1
15112 1
15127 1
15128 2
15132 2
15140 1
15146 1
15156 2
15158 1
15162 1
15164 1
15168 3
15172 1
15175 1
15176 2
15183 1
15187 1
15188 1
15194 1
15195 1
15200 3
15210 1
15224 1
15225 1
15226 1
15237 1
15241 1
15245 1
15265 1
15267 1
15268 1
15272 1
15276 1
15278 1
15280 1
15285 1
15288 1
15304 1
15320 1
15324 1
15325 1
15340 1
15344 1
15348 1
15349 1
15358 1
15360 1
15388 1
15405 1
15408 1
15414 1
15417 1
15432 2
15439 1
15442 1
15448 2
15451 1
15452 1
15457 1
15459 1
15460 1
15468 1
15474 1
15475 1
15476 1
15485 1
15494 1
15496 1
15498 1
15500 1
15504 2
15508 1
15510 2
15512 1
15518 1
15520 1
15521 1
15526 2
15532 1
15540 2
15548 1
15560 1
15564 1
15568 1
15570 1
15579 1
15591 1
15596 1
15598 1
15600 1
15605 1
15608 2
15616 2
15621 2
15624 1
15625 1
15636 2
15642 1
15644 2
15648 2
15649 1
15652 1
15656 1
15660 1
15664 2
15676 1
15677 1
15680 2
15684 1
15688 1
15696 2
15708 1
15711 1
15717 1
15720 1
15724 2
15740 2
15744 2
15748 2
15752 1
15755 1
15776 2
15784 1
15791 2
15796 1
15804 1
15816 1
15820 1
15834 1
15846 1
15848 1
15865 2
15868 1
15876 1
15884 2
15890 1
15892 1
15910 2
15920 1
15934 1
15945 1
15961 1
15968 1
15972 1
15977 1
15996 1
16011 1
16016 1
16039 2
16040 1
16056 1
16072 2
16080 1
16084 1
16100 1
16112 1
16133 1
16137 1
16142 1
16146 1
16180 2
16192 1
16204 1
16228 1
16239 2
16248 1
16252 1
16257 1
16260 1
16264 1
16280 1
16292 1
16308 1
16312 1
16316 1
16328 1
16335 1
16348 1
16357 1
16358 1
16370 1
16382 2
16384 26
16388 1
16392 1
16408 1
16412 1
16440 1
16464 1
16504 1
16508 1
16515 1
16520 1
16532 1
16544 2
16555 2
16559 2
16584 2
16628 2
16644 1
16652 1
16658 2
16660 2
16664 1
16719 1
16720 1
16724 1
16728 2
16740 1
16741 1
16761 1
16764 1
16768 1
16780 1
16792 1
16812 1
16820 1
16832 1
16836 1
16842 1
16844 1
16848 1
16882 1
16893 1
16896 1
16924 2
16932 1
16935 1
16936 1
16940 1
16956 1
16967 1
16991 1
16992 1
17046 1
17060 1
17068 1
17075 2
17089 1
17092 1
17096 2
17101 2
17137 2
17139 2
17140 1
17164 1
17173 1
17188 1
17196 1
17204 1
17264 1
17276 1
17280 1
17292 1
17293 1
17294 1
17312 1
17320 1
17332 1
17352 1
17356 1
17359 2
17364 1
17373 2
17380 1
17381 1
17389 2
17408 1
17415 2
17416 1
17424 1
17432 1
17442 1
17449 3
17452 1
17478 1
17493 1
17499 1
17501 1
17504 1
17510 1
17529 1
17572 1
17580 1
17600 1
17607 1
17616 1
17648 1
17652 1
17676 1
17704 1
17708 1
17716 1
17730 1
17752 1
17762 1
17768 1
17770 1
17792 1
17808 1
17843 2
17866 1
17868 1
17881 1
17884 1
17896 1
17934 1
17936 1
17938 1
17956 1
17968 1
17996 1
18016 1
18022 2
18024 1
18037 1
18048 1
18068 1
18071 1
18072 2
18096 1
18100 1
18107 1
18108 1
18115 2
18120 1
18144 1
18152 1
18168 1
18180 1
18184 1
18204 1
18212 1
18220 2
18233 1
18236 1
18243 2
18249 1
18252 1
18264 1
18268 1
18276 1
18304 1
18308 1
18328 1
18332 1
18348 1
18356 1
18360 1
18364 1
18396 1
18400 2
18412 1
18420 1
18444 1
18496 1
18500 3
18540 1
18545 2
18564 1
18572 1
18601 1
18604 1
18623 2
18627 2
18640 2
18692 1
18696 1
18700 1
18704 2
18724 1
18728 1
18730 1
18733 1
18800 1
18804 1
18836 1
18840 1
18852 1
18856 1
18908 1
18912 1
18920 2
18932 1
18956 1
18957 1
18969 1
18972 1
18973 1
18986 1
19012 1
19021 2
19028 1
19060 1
19071 2
19076 1
19096 1
19120 1
19132 1
19140 1
19190 1
19253 1
19269 1
19296 1
19340 1
19351 1
19356 1
19359 1
19367 1
19388 1
19428 1
19453 1
19459 1
19506 1
19512 2
19548 3
19564 1
19572 1
19592 1
19615 1
19616 1
19627 2
19632 1
19652 1
19656 1
19663 1
19674 1
19688 1
19761 1
19764 1
19796 1
19801 2
19896 1
19912 1
19920 1
19927 1
19948 1
19958 1
20052 1
20069 1
20097 2
20146 2
20204 1
20211 1
20220 1
20268 1
20306 1
20307 1
20356 1
20388 1
20396 1
20412 1
20424 1
20428 1
20481 1
20508 1
20520 1
20524 1
20529 2
20540 1
20554 1
20572 2
20577 1
20581 1
20617 1
20620 1
20640 1
20648 3
20656 1
20692 1
20744 1
20772 1
20796 1
20799 1
20816 2
20868 1
20880 2
20900 1
20916 1
20920 1
20924 3
20992 2
20993 1
20997 1
21004 1
21008 1
21028 1
21060 1
21092 1
21094 2
21116 1
21124 1
21132 1
21152 1
21156 1
21160 1
21223 1
21236 1
21258 2
21296 1
21300 1
21301 1
21304 1
21320 1
21340 1
21344 1
21348 1
21364 2
21376 1
21384 1
21389 1
21396 1
21397 1
21400 2
21405 1
21406 2
21428 1
21432 1
21440 3
21476 1
21496 1
21497 2
21500 2
21504 1
21529 1
21540 1
21548 1
21560 1
21604 2
21626 1
21660 1
21688 1
21748 1
21784 1
21794 1
21865 1
21880 1
21892 2
21893 1
21900 1
21904 1
21908 1
21912 1
21920 1
21928 1
21940 1
21964 1
21972 1
21976 1
22052 1
22099 1
22100 1
22147 2
22148 1
22164 1
22183 1
22200 1
22224 1
22232 2
22252 1
22276 1
22324 1
22336 1
22344 1
22380 1
22394 2
22396 2
22480 1
22523 2
22536 1
22556 1
22581 2
22608 1
22612 1
22628 1
22643 1
22648 1
22700 1
22732 1
22749 1
22760 2
22764 1
22789 1
22795 2
22876 1
22916 1
22920 1
22936 1
22941 1
22944 1
23012 1
23028 1
23053 1
23116 2
23192 2
23239 1
23244 1
23292 1
23377 1
23408 1
23432 1
23440 1
23452 1
23456 1
23622 2
23653 1
23664 1
23685 2
23708 1
23720 1
23722 1
23744 2
23788 2
23792 2
23820 1
23829 1
23904 1
23916 1
23948 2
23952 1
23962 1
24036 1
24052 1
24075 1
24081 2
24100 1
24110 1
24148 1
24201 1
24224 1
24334 1
24422 2
24435 1
24456 1
24468 1
24529 2
24564 1
24576 87
24604 2
24675 1
24680 1
24696 1
24752 1
24756 1
24768 1
24812 1
24852 1
24898 1
24936 1
25037 1
25039 1
25116 3
25260 1
25292 1
25298 1
25320 2
25361 1
25376 1
25392 1
25396 1
25468 1
25499 1
25510 1
25520 1
25536 1
25556 1
25623 1
25651 2
25665 2
25683 2
25700 1
25709 1
25770 1
25780 1
25874 2
25988 1
26096 1
26112 1
26164 1
26428 1
26464 2
26508 1
26512 1
26516 1
26532 1
26552 1
26726 1
26738 1
26740 1
26828 1
26848 1
26872 1
26992 1
27071 2
27108 1
27112 1
27155 1
27168 1
27227 1
27264 2
27316 2
27318 1
27374 1
27496 1
27512 1
27576 1
27628 2
27640 1
27652 1
27659 1
27667 2
27681 1
27784 1
27821 1
27900 2
28079 1
28096 2
28150 1
28251 1
28347 2
28392 1
28454 1
28504 1
28612 1
28780 1
28815 2
28908 2
29049 1
29097 1
29121 1
29155 3
29428 1
29544 1
29612 1
29696 2
29775 1
29835 1
29962 1
30054 1
30114 2
30162 1
30194 1
30284 1
30390 1
30426 1
30529 2
30779 2
30793 2
30860 1
30891 1
30943 1
30946 1
31035 1
31105 1
31109 2
31118 2
31400 1
31412 1
31496 1
31547 1
31632 1
31689 1
31723 1
31739 1
32339 1
32348 2
32415 1
32528 1
32715 1
32728 1
32768 55
33020 1
33348 1
33710 1
33734 1
33788 1
33821 1
33852 2
33996 1
34054 1
34094 1
34261 2
34442 1
34444 2
34536 1
34537 2
34583 1
34638 1
34772 1
34877 1
35019 2
35370 1
35454 1
35491 1
35624 1
35715 1
35812 1
35876 2
35905 1
36022 1
36048 1
36194 1
36312 2
36365 1
36435 1
36491 1
36564 1
36616 1
36778 1
36998 1
37031 1
37055 2
37300 1
37404 1
37533 1
37575 1
37727 1
37757 1
37909 1
37934 1
38353 2
38377 1
38392 1
38419 1
38487 1
38546 2
38547 1
38563 1
38570 1
39004 1
39040 1
39043 1
39154 2
39192 2
39676 1
39792 1
39872 1
40059 1
40060 1
40243 2
40269 1
40526 1
40590 1
40676 1
40712 1
40775 1
40858 1
40951 1
40960 16
41149 1
41177 1
41205 1
41218 1
41408 1
41489 1
41532 1
41647 1
41765 1
42049 1
42304 1
42327 1
42404 1
42506 1
42625 1
42671 1
42854 1
43020 1
43133 1
43157 1
43355 1
43542 2
43599 1
43760 1
43798 1
44052 1
44221 2
44432 1
44471 1
44495 1
44749 1
44806 1
45033 1
45123 1
45132 1
45146 1
45239 1
45459 1
45727 1
45745 1
45987 1
46080 1
46090 1
46104 1
46341 1
46468 1
46627 1
46691 1
46711 1
46780 1
47096 1
47187 1
47445 1
47460 1
47573 1
47786 2
47889 1
47927 2
48155 1
48241 2
48261 1
48318 1
48448 1
48458 1
48474 1
48538 1
48594 1
48608 1
48679 1
48681 1
48741 1
48790 1
48804 1
48835 1
48895 1
48927 1
48966 1
49011 1
49048 1
49101 1
49152 19
49263 1
49277 1
49381 1
49428 1
49472 1
49510 1
49559 1
49645 1
49646 1
49648 1
49684 1
49744 1
49807 1
49835 1
49874 1
49930 1
49969 1
50112 1
50136 1
50162 1
50170 1
50207 1
50248 1
50250 1
50278 1
50307 1
50311 1
50393 1
50450 1
50485 1
50491 1
50585 1
50607 1
50629 1
50695 1
50742 1
50744 1
50759 1
50798 1
50845 1
50855 1
50874 1
50898 1
50901 1
50953 1
50995 2
51019 1
51105 1
51108 1
51132 2
51193 2
51512 1
51808 1
51846 1
52000 1
52032 1
52208 1
52584 1
52760 1
53217 1
53462 1
53542 1
53726 2
54063 1
54602 1
54791 1
55105 1
55182 1
56242 2
56644 1
56902 1
57344 22
57540 2
58031 1
58144 1
58297 1
58337 1
58388 1
58750 1
58877 1
59297 1
59411 1
59436 1
59460 1
59472 1
60002 1
60143 1
60376 1
60720 1
60932 1
61065 1
61092 1
61214 1
61593 1
62362 1
62624 1
63057 1
63117 1
63288 1
63408 1
63677 1
63946 1
64136 1
65098 1
65248 1
65281 1
65353 1
65536 17
67154 1
67187 1
67766 1
69119 1
69338 1
69764 1
69774 1
69930 1
70304 1
70508 1
71002 1
71612 1
71735 1
71922 1
72020 1
72267 1
72300 1
72328 1
72564 1
72960 1
73179 1
73452 1
73558 1
73570 1
73686 1
73728 13
73994 1
74266 1
74791 1
75139 1
75454 1
75540 1
75651 1
77158 1
77752 1
77812 1
78388 1
78519 1
78522 1
78972 1
79179 1
79390 1
79886 1
80025 1
80885 1
81559 1
81822 1
81920 17
82170 1
82239 1
82520 1
82792 1
83580 1
83588 1
83833 1
84020 1
84122 1
84380 2
84801 1
85909 1
87026 1
87136 1
87449 1
87721 1
87993 1
88012 1
88056 1
88208 1
88747 1
89331 1
90112 15
90566 2
91012 1
93295 1
93771 1
94204 1
94400 1
94794 1
94824 1
96788 1
96967 1
96987 1
97281 1
97421 1
97891 1
98097 1
98304 7
98801 1
100475 1
100520 1
101626 1
101761 1
101775 1
106496 6
107116 1
108133 2
110312 1
111660 1
112327 1
113008 1
113504 1
114558 1
114688 11
115320 1
117996 1
119040 1
120626 1
122379 1
122880 14
123018 1
125552 1
125868 1
129226 1
130192 1
130198 1
131072 17
131643 1
134256 1
135852 1
138016 1
139264 5
141175 1
145666 1
147069 1
147456 10
150848 1
150977 1
151252 1
155015 1
155648 12
156001 1
158726 1
161257 1
162974 1
163379 1
163840 2
172032 6
178136 1
178536 1
180224 10
180515 1
188416 5
195629 1
196608 2
204800 3
205518 1
207729 1
212812 1
212992 3
215594 1
218317 1
221184 1
228200 1
229376 5
230021 1
232798 1
233834 1
233859 1
235838 4
237568 2
237649 3
238577 1
245760 8
250968 1
253952 3
254380 1
262144 2
268879 1
270336 4
270518 1
271622 1
275266 1
278500 1
282608 1
283307 2
285969 1
286412 1
286720 1
288925 1
292385 1
294912 1
303104 5
303518 1
311296 1
319488 1
327349 1
327680 1
335872 1
336199 1
338585 1
343026 1
344064 2
347450 1
352256 1
353521 1
363632 1
368640 1
376832 2
385003 1
385024 1
386579 1
393216 1
401408 1
417792 1
427191 1
450560 1
458752 1
475978 1
491520 1
495846 1
499712 1
501374 1
524288 2
531141 1
534398 1
544500 1
546062 1
546510 1
550061 1
570799 1
578352 1
581632 1
587580 1
589824 1
614400 1
638976 2
642600 1
663552 1
671744 4
688128 1
696320 1
704512 1
712704 1
770048 1
775108 2
794624 1
804090 1
810114 1
827392 1
835584 1
862664 1
933888 1
1024127 1
1032709 1
1038276 1
1063556 1
1193396 1
1225920 1
1277952 1
1335296 1
1359872 3
1507328 1
1528268 1
1654784 2
1662976 1
1726286 1
1794618 1
1843154 1
1867776 1
1949696 1
2646544 1
2760704 1
2867200 1
3719168 1
