0 213
1 4
2 1
3 7
4 16
5 30
6 29
7 3
8 40
9 6
10 6
11 13
12 11
13 5
14 8
15 3
16 7
17 11
18 6
19 6
20 15
21 24
22 35
23 27
24 26
25 13
26 15
27 13
28 7
29 129
30 5
31 9
32 7
33 13
34 8
35 2
36 6
37 4
38 6
39 4
40 5
41 2
42 5
43 8
44 2
45 5
46 2
47 6
48 7
49 7
50 4
51 13
52 7
53 6
54 10
55 2
56 11
57 3
58 3
59 2
60 3
61 10
62 2
63 4
64 13
65 3
66 4
67 2
68 10
69 6
70 133
71 3
72 3
73 3
74 2
75 2
76 3
77 1
78 5
79 3
80 4
81 4
82 2
83 2
84 2
85 1
86 2
87 1
88 5
89 3
90 1
92 1
93 3
94 2
95 5
96 7
97 1
98 6
99 9
100 4
101 11
102 5
103 5
104 4
105 1
106 3
107 4
108 6
109 2
110 6
111 1
112 4
113 5
114 3
116 1
117 3
118 2
119 1
120 13
121 2
122 2
123 2
124 7
126 4
127 1
128 6
129 2
130 1
131 2
132 9
133 2
134 10
135 2
136 4
137 1
138 3
139 4
140 1
141 4
142 3
143 4
144 4
146 4
147 3
148 2
149 3
150 4
151 1
152 4
154 3
155 3
156 5
157 4
158 5
159 3
160 5
161 4
162 5
163 5
164 3
165 3
166 4
167 4
168 5
169 6
170 2
171 2
172 9
173 2
174 3
175 4
176 1
177 2
178 2
179 3
180 1
181 5
182 2
183 3
184 2
185 2
187 1
188 5
190 1
191 3
192 1
194 3
195 2
196 2
197 4
198 2
199 1
200 2
201 4
203 2
204 1
205 1
206 2
208 4
209 1
211 1
212 3
213 2
214 1
216 2
217 8
218 3
219 2
221 4
222 2
223 3
224 5
225 5
226 5
227 3
228 2
229 3
230 1
231 7
232 4
233 2
234 2
235 4
236 4
237 2
239 3
240 6
241 4
242 7
243 2
244 2
246 2
247 2
248 2
249 3
250 1
251 1
252 31
253 4
254 3
255 3
256 1
257 5
258 2
260 5
262 1
263 1
264 4
266 2
267 5
268 3
269 2
270 2
271 3
272 1200
273 1
274 3
275 4
276 4
277 2
278 2
279 2
280 3
281 2
282 2
284 4
285 3
286 1
288 3
289 27
290 2
291 1
293 4
294 3
295 3
298 2
299 1
300 58
301 3
303 2
305 3
306 2
307 3
308 1
309 1
310 2
312 1
313 3
314 2
315 2
316 3
317 2
318 3
319 1
320 2
321 3
322 3
323 4
324 2
325 2
326 2
328 3
330 4
331 3
332 4
333 5
334 3
336 3
337 1
339 2
341 1
342 1
343 5
344 3
345 4
347 4
348 4
349 3
351 6
354 4
355 5
356 4
357 3
358 6
359 2
360 5
361 3
362 2
363 3
364 4
365 4
366 5
367 3
368 3
369 2
370 2
371 2
372 1
373 1
374 2
375 5
376 1
378 4
379 1
380 3
382 2
384 3
386 2
387 4
388 1
389 1
390 1
391 1
392 3
393 1
394 6
395 2
396 5
397 2
398 5
399 2
400 3
401 1
402 2
403 1
404 3
405 1
406 4
407 2
408 3
409 2
410 1
412 1
413 3
414 2
415 1
418 2
419 1
420 2
421 1
422 3
424 1
425 1
427 3
428 8
429 1
430 1
431 2
432 3
433 4
434 4
435 1
436 2
438 4
439 2
440 98
441 2
442 1
444 5
445 5
446 1
447 1
448 1
449 4
450 4
451 1
452 2
453 1
454 2
455 1
457 1
458 3
460 2
461 2
463 2
465 1
466 2
467 2
468 5
469 2
470 3
471 6
473 1
474 1
476 2
477 1
478 2
479 1
480 1
481 2
482 2
483 3
484 2
485 3
486 1
487 1
490 1
491 3
493 3
494 4
495 2
498 1
499 8
501 6
502 1
503 1
505 1
508 2
509 1
510 3
511 2
512 805
513 1
514 2
516 2
517 2
518 2
520 1
521 1
522 1
523 2
524 1
525 1
526 3
527 1
528 2
529 2
530 1
532 2
535 2
536 2
537 1
538 2
541 1
543 3
544 7
545 1
546 3
547 2
548 4
549 2
550 3
551 1
552 2
553 1
554 3
558 2
559 4
560 2
562 1
563 1
564 2
566 2
568 2
569 5
570 3
573 1
574 3
575 2
577 2
578 2
579 1
580 4
581 2
584 2
585 3
586 4
587 1
588 1
589 5
590 2
591 1
592 2
593 1
594 4
596 3
597 2
599 4
600 4
603 2
604 2
605 1
606 2
608 3
609 2
610 3
611 1
612 1
613 1
614 2
615 1
616 1
620 2
621 1
622 1
623 2
624 4
625 3
627 1
629 2
630 2
631 1
632 6
633 1
634 1
635 2
636 4
637 1
639 1
640 4
641 1
642 1
644 2
645 5
646 2
647 4
648 3
649 4
650 1
652 2
653 2
654 4
655 3
656 3
657 1
658 2
659 3
660 2
661 1
664 2
665 1
666 1
667 1
669 2
670 3
671 1
672 2
674 2
676 2
677 2
678 6
679 3
680 6
681 1
682 2
683 2
684 1
685 2
686 3
687 3
688 2
689 1
690 2
691 4
693 3
694 2
695 2
696 2
698 2
699 2
700 2
703 1
704 2
706 2
707 1
708 1
709 1
710 2
711 1
712 1
713 2
715 3
716 1
718 1
720 1
721 2
724 1
725 1
726 2
729 1
730 4
731 1
732 2
734 1
735 3
736 3
738 1
739 2
740 2
741 2
742 1
743 2
744 1
745 1
746 1
750 2
753 1
754 4
755 1
756 5
760 1
761 1
763 1
764 1
765 2
766 1
767 1
768 1
769 1
770 2
771 6
773 1
775 1
777 1
778 1
779 1
782 1
783 1
784 2
785 2
786 3
788 1
789 1
790 2
791 1
792 1
793 1
796 1
797 1
800 3
801 2
804 1
807 2
808 1
809 1
810 1
811 1
812 1
813 1
815 1
817 2
819 4
820 1
821 81
822 1
823 2
824 1
825 1
826 1
827 2
828 2
829 2
830 1
831 3
833 4
835 1
836 5
837 1
838 3
839 1
840 2
841 3
842 3
843 5
844 4
845 2
846 3
847 1
848 1
849 1
850 1
851 3
852 2
853 3
854 2
855 3
856 1
857 1
858 2
859 1
860 3
861 1
863 2
864 4
865 2
866 2
867 1
868 3
869 3
871 1
872 3
873 2
874 1
875 6
876 2
877 1
878 4
879 3
880 2
881 1
882 2
883 3
884 5
885 2
886 1
888 1
891 5
892 1
893 1
894 3
895 1
896 1
897 4
898 5
899 3
900 2
901 1
902 2
903 2
904 3
905 2
906 2
907 1
908 1
909 1
910 2
912 1
914 1
915 2
916 6
917 1
918 1
919 1
920 2
921 3
922 1
923 1
924 3
925 4
926 1
927 2
928 1
929 1
930 6
931 2
932 2
933 1
934 3
937 4
938 3
939 1
940 4
942 2
943 2
944 1
945 3
947 1
949 2
950 2
951 4
952 3
953 3
955 1
956 1
957 1
958 3
959 2
960 1
961 1
962 1
963 1
964 3
965 1
966 2
967 2
968 1
969 1
971 4
972 3
973 2
974 1
975 2
976 1
977 1
978 1
979 3
980 1
981 1
982 1
983 1
984 1
985 1
986 2
987 1
988 2
989 1
990 1
991 2
992 2
994 1
995 1
996 1
997 2
998 1
1000 3
1001 2
1003 2
1004 2
1009 1
1010 2
1011 3
1012 7
1015 2
1016 2
1017 4
1018 1
1019 3
1020 2
1021 1
1022 2
1023 3
1024 91
1026 2
1027 3
1029 3
1030 2
1032 4
1033 1
1034 2
1037 2
1039 2
1041 3
1042 1
1043 2
1044 3
1046 1
1047 1
1048 2
1049 1
1050 2
1051 2
1052 3
1053 1
1058 2
1059 1
1060 1
1061 1
1062 1
1064 3
1065 1
1066 2
1067 2
1068 2
1069 2
1070 1
1071 1
1072 3
1074 2
1076 3
1077 2
1078 1
1079 1
1080 1
1081 1
1083 3
1084 3
1087 1
1088 5
1089 1
1090 2
1092 3
1097 1
1098 1
1102 3
1104 1
1105 1
1106 1
1107 1
1108 4
1109 1
1110 1
1112 1
1116 2
1117 1
1119 1
1120 1
1121 1
1122 1
1123 1
1124 2
1125 1
1126 2
1127 1
1128 2
1129 1
1130 1
1131 1
1132 2
1133 1
1136 1
1137 1
1138 1
1139 1
1140 2
1144 2
1145 1
1146 3
1147 1
1149 3
1150 1
1153 3
1154 1
1155 1
1156 1
1158 1
1159 2
1160 1
1161 2
1163 1
1164 5
1165 2
1166 1
1167 1
1168 1
1169 1
1170 1
1171 1
1173 1
1174 1
1175 1
1176 1
1177 2
1181 1
1182 1
1184 2
1185 1
1187 2
1189 3
1190 4
1192 1
1193 2
1194 2
1199 9
1200 2
1201 2
1203 1
1204 1
1205 1
1206 1
1207 2
1210 2
1211 1
1213 4
1216 1
1217 3
1218 1
1219 1
1220 2
1222 1
1223 1
1224 1
1226 2
1227 3
1228 1
1229 1
1230 1
1231 1
1232 1
1235 2
1239 2
1242 5
1243 1
1244 1
1248 3
1250 2
1252 1
1254 2
1256 4
1257 2
1258 1
1263 3
1264 2
1265 1
1266 1
1267 2
1269 2
1271 3
1272 4
1274 1
1275 1
1277 1
1279 1
1280 1
1282 2
1284 1
1286 2
1288 1
1290 3
1291 3
1292 2
1293 2
1295 2
1296 1
1297 1
1298 1
1299 2
1303 1
1304 2
1305 1
1307 1
1308 1
1309 1
1311 4
1312 1
1313 1
1314 1
1316 3
1317 1
1318 1
1321 2
1322 1
1324 1
1325 1
1326 1
1329 1
1330 1
1331 1
1332 1
1334 1
1337 3
1338 1
1339 2
1340 1
1341 2
1343 2
1344 1
1345 2
1346 2
1347 4
1348 1
1352 2
1353 1
1356 1
1358 2
1359 2
1360 1
1364 2
1366 1
1367 1
1368 1
1369 2
1370 2
1371 1
1375 2
1376 1
1377 1
1379 1
1380 2
1382 1
1386 1
1387 1
1388 1
1389 1
1391 1
1392 1
1393 2
1395 1
1396 2
1397 1
1398 2
1400 1
1402 2
1403 3
1404 1
1407 1
1409 1
1411 1
1412 2
1413 1
1414 1
1415 2
1416 2
1417 1
1418 4
1419 1
1420 4
1421 2
1423 3
1424 3
1425 3
1427 1
1428 3
1429 2
1431 1
1432 2
1435 1
1439 2
1440 2
1441 1
1442 3
1443 2
1444 1
1446 2
1447 1
1448 2
1449 1
1450 1
1451 2
1452 2
1454 1
1461 2
1462 1
1463 1
1465 1
1470 1
1471 4
1473 1
1475 4
1476 2
1477 4
1480 1
1483 1
1484 1
1485 1
1488 1
1489 1
1490 2
1491 2
1492 1
1495 1
1498 2
1501 2
1502 4
1503 1
1504 2
1506 1
1508 1
1511 1
1512 2
1513 3
1514 1
1515 2
1516 2
1517 1
1520 2
1521 3
1522 1
1523 1
1524 2
1525 2
1527 1
1528 1
1530 3
1531 1
1532 4
1534 1
1535 2
1536 24
1538 1
1539 2
1545 1
1553 2
1556 1
1557 2
1559 1
1560 1
1561 1
1563 1
1564 2
1565 1
1566 1
1572 3
1574 2
1575 2
1576 3
1577 1
1578 1
1580 2
1581 2
1582 5
1589 1
1590 3
1592 2
1593 2
1594 2
1595 1
1596 4
1598 1
1599 1
1600 1
1601 1
1604 2
1605 1
1608 2
1609 1
1613 1
1614 2
1615 2
1617 1
1618 1
1619 2
1620 3
1624 2
1626 1
1631 1
1632 1
1633 2
1634 2
1635 1
1636 4
1638 2
1639 1
1645 1
1646 1
1648 2
1651 1
1652 3
1655 1
1664 1
1666 1
1672 1
1673 2
1675 1
1676 2
1683 1
1684 1
1686 4
1688 1
1690 1
1691 1
1693 1
1694 2
1696 1
1697 2
1702 1
1703 1
1704 1
1707 2
1708 1
1709 2
1710 2
1711 1
1715 1
1716 2
1719 1
1720 1
1721 1
1722 1
1723 2
1724 1
1725 1
1726 4
1727 1
1728 2
1730 1
1733 1
1736 1
1739 3
1740 1
1742 1
1744 2
1745 1
1746 1
1748 1
1750 1
1752 1
1754 1
1755 1
1756 2
1758 1
1760 2
1761 3
1766 2
1769 2
1770 2
1771 1
1778 2
1782 1
1788 2
1789 1
1799 1
1800 1
1803 1
1805 3
1810 1
1813 1
1818 4
1819 1
1820 1
1825 2
1827 1
1828 2
1829 1
1831 1
1833 2
1835 2
1836 1
1839 1
1840 3
1842 2
1845 2
1847 1
1849 1
1850 1
1851 2
1855 2
1862 1
1864 1
1865 1
1869 3
1871 1
1872 3
1874 1
1877 2
1878 1
1881 1
1883 1
1887 2
1888 1
1889 2
1890 1
1894 1
1898 1
1900 3
1902 1
1906 1
1907 1
1910 1
1911 1
1913 1
1915 1
1918 1
1920 1
1922 3
1925 1
1927 1
1929 1
1930 1
1932 2
1936 1
1939 1
1941 1
1942 1
1943 2
1948 2
1950 1
1954 3
1957 1
1960 1
1961 1
1962 2
1963 1
1964 1
1965 1
1966 1
1968 2
1970 1
1971 1
1972 1
1975 2
1979 1
1981 1
1983 1
1987 2
1988 1
1993 1
1998 1
2001 1
2003 1
2004 1
2007 1
2012 1
2019 1
2023 1
2026 1
2031 1
2032 1
2033 1
2035 1
2036 1
2037 2
2039 3
2041 1
2044 2
2047 1
2048 12
2049 2
2052 2
2059 2
2061 1
2062 3
2063 1
2066 2
2069 1
2072 1
2074 2
2075 2
2076 1
2080 1
2082 2
2085 1
2086 1
2091 1
2093 1
2095 1
2096 3
2099 1
2100 2
2103 1
2104 1
2109 1
2110 2
2111 2
2112 2
2115 1
2118 1
2120 1
2125 1
2126 1
2128 2
2132 1
2137 1
2139 1
2142 1
2143 1
2144 2
2145 1
2148 2
2150 2
2156 1
2158 2
2161 1
2163 1
2166 1
2168 1
2170 2
2171 1
2172 1
2173 2
2175 3
2176 1
2178 1
2180 1
2183 1
2185 1
2189 1
2191 2
2192 3
2193 1
2195 1
2196 1
2198 1
2203 1
2204 2
2205 1
2206 1
2207 1
2209 2
2211 1
2220 2
2222 1
2227 1
2229 1
2230 1
2231 2
2232 1
2237 1
2238 1
2244 1
2246 1
2247 1
2248 1
2249 1
2252 1
2253 2
2255 1
2256 1
2257 2
2258 3
2260 2
2261 1
2262 1
2267 1
2270 2
2275 2
2277 1
2281 1
2282 2
2283 1
2285 2
2290 1
2295 1
2298 3
2299 2
2302 2
2303 1
2304 1
2306 1
2310 1
2314 3
2317 1
2319 1
2320 2
2324 1
2325 1
2326 2
2328 1
2335 1
2336 1
2337 3
2339 1
2340 2
2342 1
2343 1
2344 1
2345 1
2347 1
2348 1
2349 3
2350 1
2351 2
2354 2
2357 1
2358 1
2370 1
2372 1
2376 1
2381 1
2382 3
2387 1
2390 1
2391 1
2395 2
2405 1
2407 2
2408 2
2411 1
2412 1
2415 3
2418 1
2420 1
2424 1
2425 1
2426 1
2428 1
2430 1
2432 1
2434 1
2435 1
2437 1
2440 2
2444 1
2446 1
2449 2
2451 1
2452 1
2454 1
2455 1
2456 1
2458 1
2464 1
2466 1
2470 2
2471 1
2472 1
2473 1
2475 1
2476 1
2479 2
2481 1
2486 1
2488 2
2491 3
2494 1
2496 1
2499 1
2500 1
2502 2
2504 1
2507 2
2510 1
2515 2
2516 1
2518 3
2519 1
2529 1
2530 1
2532 1
2533 1
2537 2
2539 1
2540 2
2542 3
2543 1
2544 1
2545 1
2549 1
2551 2
2552 1
2555 1
2556 1
2558 2
2559 1
2560 12
2561 1
2562 1
2563 2
2565 1
2568 3
2574 1
2578 2
2581 1
2583 1
2584 1
2585 1
2594 1
2597 2
2599 2
2601 1
2605 1
2608 1
2618 1
2620 2
2621 2
2624 2
2631 1
2635 3
2638 1
2639 1
2642 1
2643 1
2645 1
2647 1
2659 1
2660 1
2664 1
2666 1
2671 1
2673 1
2676 1
2678 2
2680 1
2681 2
2688 1
2690 2
2694 1
2695 2
2699 1
2704 1
2707 1
2709 2
2710 2
2711 1
2714 1
2717 1
2719 2
2720 1
2724 1
2727 1
2728 1
2730 1
2732 3
2733 1
2734 1
2739 2
2744 1
2748 1
2754 1
2762 1
2763 1
2767 2
2773 1
2774 1
2775 1
2776 1
2779 1
2780 1
2782 1
2787 1
2789 1
2795 2
2800 2
2801 1
2802 1
2803 1
2805 1
2806 1
2812 1
2815 1
2817 1
2818 2
2819 1
2821 1
2822 1
2824 1
2825 2
2828 1
2832 3
2835 1
2839 1
2840 1
2844 1
2845 1
2847 1
2848 1
2849 1
2850 2
2852 1
2854 2
2859 1
2869 2
2873 1
2875 2
2882 1
2884 1
2885 1
2888 1
2890 1
2892 1
2893 1
2896 1
2900 1
2902 1
2904 1
2907 2
2913 1
2915 2
2919 1
2925 1
2926 1
2929 1
2930 3
2942 1
2948 3
2954 1
2960 2
2962 1
2963 1
2966 1
2969 2
2973 1
2975 1
2976 1
2977 2
2978 1
2979 1
2980 1
2986 1
2991 1
2993 1
2999 1
3000 1
3002 3
3003 1
3007 1
3009 1
3010 2
3016 1
3017 1
3020 1
3024 1
3025 1
3026 1
3028 2
3030 2
3040 1
3045 1
3048 1
3049 1
3053 2
3059 1
3062 1
3064 1
3066 1
3067 1
3068 1
3069 1
3070 1
3071 1
3072 2
3073 1
3076 2
3077 1
3079 1
3092 2
3096 1
3101 2
3106 1
3107 1
3110 1
3114 2
3117 1
3119 1
3124 1
3130 1
3133 2
3137 1
3139 1
3142 1
3146 1
3149 1
3150 1
3151 2
3152 1
3154 2
3158 1
3161 1
3166 1
3167 1
3169 2
3177 1
3190 1
3192 1
3193 1
3196 1
3197 1
3199 1
3205 1
3211 1
3212 2
3214 1
3221 1
3228 1
3229 1
3233 1
3235 1
3239 2
3241 1
3244 1
3247 1
3251 2
3256 1
3257 1
3258 1
3263 1
3272 1
3275 1
3278 1
3283 1
3284 2
3286 1
3294 1
3295 1
3296 2
3297 1
3299 1
3300 2
3304 1
3315 1
3318 1
3320 2
3322 1
3332 1
3337 1
3339 1
3344 4
3348 1
3351 1
3353 1
3355 1
3356 1
3361 1
3363 1
3366 1
3372 1
3377 1
3378 1
3379 1
3380 1
3392 1
3393 1
3394 2
3395 1
3398 2
3400 1
3401 1
3403 1
3409 1
3411 1
3412 1
3414 1
3421 1
3422 1
3435 1
3436 1
3440 1
3442 1
3443 1
3448 1
3453 1
3455 1
3456 1
3464 1
3465 1
3466 1
3472 1
3478 1
3482 1
3483 1
3487 1
3490 1
3500 1
3503 1
3515 1
3518 1
3525 1
3531 1
3533 1
3542 1
3548 1
3550 1
3553 1
3559 1
3560 3
3561 1
3566 1
3568 1
3572 1
3574 1
3576 1
3578 1
3580 1
3584 3
3586 1
3587 1
3604 1
3608 2
3609 1
3613 1
3617 1
3620 1
3622 1
3623 1
3627 1
3629 1
3630 1
3632 1
3648 1
3649 1
3659 1
3662 1
3663 2
3670 2
3675 2
3679 2
3682 1
3684 2
3685 1
3686 1
3687 1
3691 1
3693 1
3697 1
3704 1
3705 1
3706 2
3707 2
3709 1
3710 1
3712 1
3713 1
3715 1
3719 1
3721 1
3722 1
3723 1
3733 1
3734 1
3737 1
3738 1
3739 1
3742 1
3743 1
3745 2
3753 5
3754 1
3759 1
3760 1
3767 1
3768 1
3769 2
3775 1
3780 1
3791 1
3792 3
3798 1
3813 2
3822 1
3823 1
3831 1
3832 1
3837 2
3841 1
3848 1
3851 1
3852 1
3853 1
3854 1
3862 1
3864 1
3866 1
3867 1
3873 1
3877 1
3892 1
3896 1
3898 1
3900 1
3902 1
3915 2
3918 1
3931 1
3941 1
3945 1
3946 1
3950 1
3952 1
3956 1
3960 1
3962 1
3963 1
3966 1
3968 1
3976 1
3977 1
3978 3
3980 1
3984 1
3987 1
3988 1
3991 1
3993 1
4004 1
4008 1
4009 1
4019 1
4021 1
4027 2
4029 1
4042 1
4046 1
4048 1
4049 1
4050 1
4052 1
4053 1
4054 1
4057 1
4059 1
4062 1
4065 1
4068 1
4069 1
4075 1
4083 1
4086 1
4087 1
4095 1
4096 4
4098 1
4099 2
4101 1
4102 1
4105 1
4111 2
4116 1
4120 1
4124 2
4126 1
4130 1
4131 1
4137 1
4139 1
4140 1
4147 1
4149 1
4152 1
4155 1
4156 1
4157 1
4164 1
4166 1
4167 2
4168 1
4171 1
4176 1
4180 1
4183 1
4193 1
4197 1
4198 1
4205 2
4209 1
4212 1
4214 1
4216 2
4222 1
4223 3
4225 1
4239 1
4244 2
4256 1
4258 1
4262 1
4265 1
4266 1
4269 1
4276 2
4279 1
4290 1
4292 1
4295 2
4297 2
4301 2
4302 1
4304 1
4321 1
4326 1
4333 1
4334 1
4340 1
4341 1
4349 1
4356 2
4360 1
4368 1
4373 1
4374 1
4377 1
4388 1
4390 1
4402 1
4422 1
4427 1
4441 1
4450 1
4455 1
4465 1
4472 3
4478 1
4493 1
4503 1
4507 1
4512 1
4522 2
4524 1
4532 1
4533 1
4534 1
4542 1
4546 1
4547 2
4548 1
4553 1
4556 1
4563 1
4565 1
4570 1
4582 2
4584 1
4586 2
4589 1
4594 1
4604 1
4607 1
4608 5
4611 1
4615 2
4620 1
4622 1
4632 1
4636 1
4642 1
4646 1
4653 1
4654 1
4659 1
4660 1
4670 1
4677 1
4679 1
4698 1
4711 1
4714 1
4715 1
4721 1
4723 1
4725 1
4727 1
4728 1
4729 1
4734 1
4739 1
4740 1
4742 1
4744 1
4746 1
4751 4
4768 1
4770 2
4773 1
4781 1
4783 1
4784 1
4789 1
4795 2
4799 2
4820 1
4827 1
4832 2
4835 1
4839 1
4845 1
4849 2
4856 1
4858 1
4861 1
4862 2
4868 2
4871 1
4873 1
4874 2
4877 1
4882 1
4893 1
4894 1
4900 1
4903 1
4904 1
4905 1
4907 1
4911 1
4912 1
4937 1
4940 1
4949 1
4951 1
4954 1
4959 1
4962 1
4963 1
4975 1
4978 1
4981 1
4995 1
5000 1
5005 2
5013 1
5014 1
5016 2
5017 1
5022 1
5026 1
5031 1
5032 1
5036 1
5037 1
5039 2
5043 1
5044 1
5046 1
5047 1
5051 1
5052 1
5058 1
5063 1
5067 2
5071 1
5076 1
5079 1
5082 1
5084 2
5094 1
5101 1
5116 1
5117 1
5119 1
5120 2
5125 1
5133 1
5142 1
5146 1
5148 1
5151 1
5159 1
5160 1
5165 1
5167 1
5169 2
5170 1
5173 1
5177 1
5182 1
5183 1
5185 1
5187 1
5197 1
5198 2
5204 1
5213 1
5214 1
5215 1
5245 1
5251 1
5252 1
5253 1
5255 1
5268 1
5276 1
5279 1
5285 1
5286 1
5290 1
5292 2
5294 1
5295 2
5301 1
5303 1
5305 1
5320 1
5334 1
5342 1
5345 1
5359 1
5362 1
5373 1
5376 1
5378 1
5381 1
5397 1
5401 1
5403 1
5405 1
5412 1
5427 1
5428 1
5433 1
5441 3
5456 1
5465 1
5473 1
5478 1
5479 1
5486 1
5503 1
5517 1
5522 3
5523 1
5525 1
5537 1
5547 1
5555 1
5556 1
5571 2
5572 1
5578 1
5580 2
5599 1
5600 1
5601 1
5605 1
5612 4
5615 1
5618 2
5628 1
5632 2
5633 3
5634 1
5643 1
5662 1
5667 1
5668 1
5670 2
5671 1
5684 1
5693 1
5694 1
5704 1
5705 1
5708 1
5712 1
5723 1
5731 1
5742 1
5744 1
5747 2
5753 1
5754 1
5760 1
5782 1
5791 1
5796 1
5802 1
5807 1
5810 1
5812 1
5814 3
5818 1
5819 1
5832 1
5837 1
5846 1
5848 1
5849 1
5852 2
5860 1
5863 1
5868 1
5869 1
5876 1
5883 1
5887 1
5890 2
5892 1
5897 1
5899 1
5910 2
5912 1
5916 1
5924 1
5946 1
5955 1
5957 1
5964 2
5965 1
5974 1
5990 1
6006 1
6007 1
6009 1
6024 1
6025 1
6037 2
6040 1
6060 1
6080 1
6086 2
6090 1
6092 1
6099 1
6101 1
6102 1
6110 1
6113 1
6123 1
6127 1
6133 2
6142 1
6144 1
6145 1
6148 1
6150 1
6172 1
6174 1
6178 1
6192 1
6193 2
6201 1
6216 3
6252 1
6254 1
6255 1
6260 1
6271 1
6278 1
6286 1
6294 1
6297 1
6298 1
6300 1
6303 1
6308 1
6325 1
6334 3
6339 1
6349 1
6353 1
6358 1
6361 1
6372 2
6376 1
6378 1
6382 1
6383 1
6387 1
6388 1
6392 1
6404 1
6413 1
6422 1
6423 1
6430 1
6443 1
6444 1
6450 1
6451 1
6454 1
6458 1
6459 2
6464 1
6470 1
6475 1
6476 1
6477 2
6492 1
6497 1
6509 1
6516 2
6517 1
6518 1
6519 2
6521 1
6544 2
6554 1
6560 1
6564 1
6580 7
6581 1
6586 1
6591 1
6600 1
6601 1
6602 1
6605 1
6606 1
6608 1
6614 1
6631 1
6635 1
6640 1
6643 1
6656 3
6662 1
6670 1
6686 1
6694 1
6696 1
6700 1
6708 1
6714 1
6737 1
6738 1
6740 2
6745 1
6756 1
6758 1
6767 1
6770 1
6780 1
6798 2
6807 1
6809 1
6815 1
6816 2
6835 1
6844 1
6879 1
6888 1
6901 1
6907 1
6910 1
6911 2
6933 1
6941 1
6946 1
6950 1
6956 1
6963 1
6981 1
6984 2
6988 2
7013 1
7014 1
7015 1
7019 1
7024 1
7028 3
7038 1
7045 1
7064 1
7073 1
7076 3
7095 1
7113 1
7118 2
7119 2
7150 1
7154 1
7184 1
7187 1
7193 1
7197 1
7202 1
7205 1
7207 1
7208 1
7218 2
7233 1
7254 1
7256 1
7270 1
7286 1
7304 4
7329 1
7342 1
7349 2
7353 1
7356 4
7382 1
7408 1
7417 1
7421 1
7434 1
7439 1
7452 1
7472 2
7478 1
7481 1
7537 1
7564 1
7583 1
7586 1
7587 1
7590 1
7594 1
7616 1
7626 1
7633 1
7641 1
7680 1
7688 2
7698 1
7714 1
7722 1
7750 1
7764 1
7773 1
7783 1
7789 1
7791 1
7793 1
7797 1
7798 1
7805 1
7819 2
7821 1
7822 1
7823 1
7825 1
7828 1
7838 2
7847 2
7881 1
7890 2
7896 1
7930 1
7932 1
7940 1
7944 1
7952 1
7955 1
7956 1
7959 1
7961 1
7979 2
7987 1
8010 1
8012 1
8015 1
8025 1
8031 1
8055 1
8056 1
8058 1
8068 1
8072 2
8075 1
8086 1
8090 1
8093 1
8098 1
8099 1
8111 1
8112 1
8114 1
8132 2
8133 1
8135 1
8158 1
8160 1
8170 1
8174 4
8192 4
8193 1
8226 1
8263 1
8265 1
8266 1
8286 1
8307 1
8308 1
8312 1
8340 1
8351 1
8373 1
8376 1
8379 1
8383 1
8392 1
8395 1
8414 1
8415 1
8423 1
8426 1
8445 1
8447 1
8480 1
8481 1
8492 1
8494 1
8511 1
8521 1
8522 1
8524 1
8526 1
8533 1
8548 1
8554 1
8567 1
8568 1
8578 1
8582 1
8590 1
8603 2
8609 1
8639 1
8654 1
8664 1
8666 1
8670 1
8674 1
8679 1
8689 1
8696 1
8722 1
8723 1
8744 1
8753 1
8775 2
8780 1
8783 1
8839 1
8851 1
8872 1
8909 1
8915 1
8935 1
8941 1
8946 1
8952 1
8985 1
9014 1
9024 1
9037 1
9039 1
9080 1
9084 1
9087 1
9090 1
9110 1
9111 1
9133 2
9134 2
9137 1
9139 1
9149 1
9166 1
9170 1
9171 1
9172 1
9175 1
9181 1
9196 3
9203 1
9207 1
9212 1
9243 1
9253 1
9274 1
9310 1
9333 1
9389 1
9414 1
9433 1
9435 1
9447 1
9457 1
9459 1
9460 1
9472 1
9492 1
9515 1
9576 1
9598 1
9618 1
9627 1
9630 1
9637 1
9670 1
9673 1
9686 1
9698 1
9706 1
9721 2
9728 2
9741 1
9749 1
9760 1
9766 1
9786 1
9800 1
9813 1
9824 1
9874 1
9885 1
9889 1
9900 1
9909 1
9911 1
9938 1
9997 1
10040 1
10050 1
10052 1
10100 1
10108 1
10118 1
10138 1
10140 1
10148 1
10150 1
10196 1
10279 1
10312 1
10331 1
10343 1
10348 2
10356 1
10381 1
10385 1
10391 1
10413 1
10437 1
10447 1
10450 1
10464 1
10465 1
10472 1
10484 1
10495 2
10535 1
10559 1
10564 1
10597 1
10606 1
10620 1
10626 1
10640 1
10641 1
10684 1
10702 1
10720 1
10738 3
10739 2
10747 1
10748 1
10752 1
10759 1
10764 1
10778 1
10785 1
10799 1
10840 1
10865 1
10914 1
10919 1
10920 1
10935 2
10936 1
10941 1
10975 1
11053 1
11055 1
11056 1
11057 1
11063 1
11091 1
11114 1
11124 1
11153 1
11167 2
11211 1
11220 1
11221 1
11223 1
11225 1
11228 1
11235 1
11239 2
11255 1
11259 1
11264 2
11292 1
11295 1
11336 1
11345 1
11349 1
11367 1
11389 2
11403 1
11430 1
11462 1
11472 2
11546 1
11589 1
11595 1
11626 1
11644 2
11652 1
11710 1
11722 1
11748 1
11786 1
11796 1
11797 1
11808 1
11830 1
11850 1
11855 1
11878 1
11893 1
11906 1
11908 1
11932 1
11992 2
12004 1
12076 2
12101 1
12124 1
12141 1
12199 2
12203 1
12263 1
12282 1
12285 1
12288 2
12291 1
12320 1
12321 1
12339 1
12341 1
12360 1
12366 1
12376 2
12392 1
12438 1
12458 1
12462 1
12524 1
12549 1
12623 1
12641 1
12650 2
12663 1
12800 1
12804 1
12822 2
12848 1
12879 1
12919 1
12923 1
12924 1
12937 1
12986 1
13014 1
13019 1
13023 1
13031 1
13037 1
13048 1
13092 1
13138 1
13156 1
13182 1
13185 1
13242 2
13243 1
13284 1
13331 1
13337 1
13430 1
13431 1
13449 1
13459 2
13509 1
13533 1
13537 1
13556 1
13676 1
13714 1
13718 1
13738 1
13824 1
13840 1
13846 1
13863 1
13864 1
13891 1
13898 1
13923 1
13956 1
13958 1
13977 1
13982 1
14032 1
14040 1
14049 1
14059 1
14070 1
14094 1
14104 1
14275 1
14284 1
14302 1
14313 1
14336 1
14363 1
14383 1
14449 2
14469 1
14497 1
14534 1
14553 1
14612 1
14618 2
14678 1
14690 1
14708 1
14720 2
14759 1
14789 1
14791 1
14842 1
14873 1
14879 1
14900 1
14940 1
14974 1
14978 1
14983 1
15038 1
15063 1
15070 3
15121 1
15125 1
15180 1
15240 1
15318 1
15358 1
15430 1
15431 1
15494 1
15549 1
15579 1
15605 1
15637 1
15689 1
15712 1
15763 2
15767 1
15922 1
15999 1
16008 1
16052 1
16064 1
16068 1
16077 1
16089 1
16130 1
16135 1
16172 1
16215 1
16292 1
16310 1
16315 1
16344 1
16372 1
16384 8
16387 1
16400 1
16420 1
16434 1
16435 1
16489 1
16539 1
16548 1
16549 1
16567 1
16604 1
16650 1
16768 1
16798 1
16880 1
16928 1
16973 1
16989 1
16996 1
17069 1
17120 1
17153 1
17167 1
17178 1
17184 1
17214 1
17253 1
17261 1
17347 1
17348 1
17363 1
17367 1
17403 1
17431 1
17439 1
17478 1
17484 1
17519 1
17537 1
17543 1
17574 1
17608 1
17636 1
17637 1
17680 1
17695 1
17730 1
17783 1
17784 1
17792 1
17833 1
17900 1
17953 1
17969 1
17982 1
18049 1
18051 1
18066 1
18138 1
18182 1
18185 1
18303 1
18315 1
18372 1
18465 1
18495 1
18517 1
18523 1
18524 1
18525 1
18600 1
18620 1
18628 1
18886 1
18937 1
19085 1
19115 1
19171 1
19286 1
19358 1
19383 1
19402 1
19409 2
19456 1
19519 1
19575 1
19600 1
19651 1
19655 1
19656 1
19682 1
19699 1
19775 1
19871 1
19936 1
20031 1
20119 1
20164 1
20305 1
20455 1
20480 1
20611 1
20635 1
20724 1
20779 1
20791 1
21040 1
21041 1
21113 1
21292 1
21312 1
21330 1
21360 1
21495 1
21504 2
21530 1
21710 1
21860 1
21902 1
22006 1
22101 1
22109 1
22202 1
22208 1
22246 1
22439 1
22483 1
22506 1
22528 1
22558 1
22648 1
23014 1
23040 1
23222 1
23223 1
23224 1
23409 1
23445 1
23552 1
23739 1
23745 1
23916 1
23952 1
23966 1
24148 1
24159 1
24163 1
24207 1
24240 1
24247 1
24272 1
24279 1
24329 1
24487 1
24576 41
24683 1
24808 1
24877 1
24945 1
24968 1
25037 1
25130 1
25157 1
25175 1
25208 1
25247 1
25256 1
25380 1
25556 1
25717 1
25801 1
25817 1
25880 1
25926 1
25956 1
26053 1
26077 1
26151 1
26203 1
26569 1
26578 1
26610 1
26668 1
26736 1
26939 1
27209 1
27232 1
27292 2
27311 1
27471 1
27534 1
27622 1
27729 1
27794 1
27917 1
28276 1
28375 1
28376 1
28537 1
28562 1
28660 1
28965 1
28987 1
29033 1
29210 1
29242 1
29306 1
29376 1
29461 1
29471 1
29553 1
29677 1
29760 1
29796 1
29798 1
29821 1
29862 1
29906 1
30068 1
30506 1
30548 1
30639 1
30680 1
30740 1
31010 1
31135 1
31323 1
31354 1
31359 1
31380 2
31410 1
31419 1
31426 1
31741 1
31912 1
32089 1
32222 1
32274 1
32377 1
32463 1
32482 1
32546 1
32570 1
32625 2
32666 1
32709 1
32767 1
32768 26
32829 1
32835 1
32854 1
32862 1
32956 1
32965 1
33009 1
33018 1
33109 1
33159 1
33277 1
33546 1
33574 1
33645 1
33832 1
33986 1
34050 1
34067 1
34094 1
34162 3
34182 1
34304 1
34328 1
34638 1
34640 1
34797 1
34819 1
34906 1
35060 1
35096 1
35172 1
35186 1
35292 1
35298 1
35306 15
35329 1
35382 1
35414 1
35476 1
35478 1
35570 1
35680 2
35693 1
36335 1
36390 1
36408 1
36420 1
36423 1
36555 1
36625 1
36700 1
36707 1
36857 1
36903 1
36908 1
36998 1
37008 1
37082 1
37239 1
37269 1
37359 3
37382 1
37496 1
37511 1
37525 1
37543 1
37590 1
37607 2
37608 1
37609 3
37725 1
37813 1
37858 1
37900 1
38009 1
38023 1
38062 1
38092 1
38105 1
38118 1
38336 1
38376 1
38433 1
38503 1
38681 1
38799 1
38970 1
39196 1
39216 1
39225 1
39261 1
39416 1
39513 1
39608 1
39702 1
39706 1
39739 1
39878 1
39902 1
39930 1
39989 1
40157 1
40178 1
40192 1
40200 1
40458 1
40478 1
40515 1
40552 1
40919 1
40958 1
40960 16
41004 1
41010 1
41139 1
41227 1
41228 1
41273 1
41346 1
41561 1
41964 1
42004 1
42559 1
42614 1
42767 1
42997 1
43023 1
43117 1
43228 1
43435 1
43710 1
43770 1
43820 1
43837 1
43859 1
44047 1
44112 1
44219 1
44400 2
44944 1
44959 1
45077 1
45172 1
45345 1
45489 1
45655 1
46144 1
46611 1
46790 1
47030 1
47032 1
47190 1
47221 1
47240 1
47414 1
47432 1
47732 1
48072 1
48276 1
48362 1
48472 1
48581 1
48583 1
48641 1
48688 1
48735 1
48947 1
49045 1
49080 1
49152 9
49159 1
49229 1
49663 1
49957 1
50235 1
50461 1
50485 1
50494 1
50589 1
50611 1
50621 1
50657 1
50760 1
50878 1
50962 1
51012 1
51517 1
51692 1
51712 1
51814 1
52019 1
52053 1
52320 1
52519 1
52690 1
52819 1
52868 1
53300 1
53812 1
54267 1
54572 1
54628 1
54881 1
55317 1
55441 1
56053 1
56104 1
56184 1
56487 1
56706 1
56870 1
57239 1
57344 5
57773 1
58335 1
58359 1
58594 1
59804 1
59873 1
59925 1
60032 1
60118 1
60390 1
61140 1
61643 1
61740 1
61852 3
62037 1
62080 1
62340 1
62902 1
63085 1
63592 1
63987 1
64138 1
64643 1
64812 1
64833 1
65054 1
65536 2
65561 1
66350 1
66759 1
67113 1
67413 1
68080 1
68212 1
68536 1
69157 1
69312 1
69411 1
69686 1
69841 1
70237 1
70897 2
71156 1
71163 1
71232 1
71375 1
71423 1
71565 1
72065 1
72619 1
72709 1
73728 1
73788 1
73794 1
74251 1
74476 1
74632 1
74699 1
74971 1
75183 1
75677 1
76338 1
76905 1
77515 2
78268 1
78598 1
78670 1
79337 1
79360 1
81920 2
82122 1
83001 1
83141 6
83713 1
83753 1
84787 1
85336 1
85371 1
85635 1
85639 1
86361 1
87213 2
88021 1
89040 1
90112 1
90113 1
90139 1
90661 1
92562 1
92948 1
93011 1
93089 1
95078 1
95171 1
96941 1
97052 1
97405 1
98304 1
98825 1
101661 1
103232 1
104212 1
104461 1
104821 1
104856 1
105217 1
106087 1
106116 1
106496 2
106928 1
107707 1
110117 1
110652 1
110795 1
111120 1
111577 1
113409 2
113769 1
114169 1
114313 2
114688 3
114715 1
115584 1
116747 1
117903 1
120087 1
121252 1
122032 1
122880 1
123267 1
123549 1
124408 1
126629 1
126976 1
129632 1
131013 1
138299 1
147456 2
148620 1
150188 1
155955 1
156577 1
156845 1
160116 3
163583 1
168756 1
172032 1
174140 1
178793 1
180424 1
181349 1
181649 1
187477 1
199433 1
201005 1
201323 1
207631 1
208250 1
210361 1
222281 1
223550 1
235590 1
237568 1
239067 1
239708 1
242473 1
243649 1
245760 1
246758 1
247152 1
247258 1
251090 1
262144 1
270336 1
270437 1
270622 1
271797 1
272038 1
272209 1
278954 1
280555 1
281612 1
286720 1
288188 1
294173 1
307883 1
319488 2
326400 1
327680 1
327810 1
327879 1
336750 1
361898 1
393216 2
398648 1
414720 1
417792 1
432812 1
460287 1
509498 1
524288 2
527558 1
537620 1
538927 1
550467 1
554232 1
572316 1
574431 1
585625 1
598311 1
611394 1
674784 1
719877 1
790803 1
855378 1
869280 1
921537 1
978374 1
999424 1
1236992 1
1399483 1
1500882 1
1622016 1
1681018 1
1681020 1
2620439 1
3522560 1
