0 3
3 2
4 4
6 3
7 1
13 1
17 1
20 1
23 2
27 1
28 1
42 1
54 19
59 25
61 1
74 1
84 1
88 1
98 1
99 2
100 1
104 2
112 1
125 1
139 1
142 1
143 1
148 1
169 2
173 1
183 1
187 1
254 1
301 1
309 1
318 1
320 1
325 1
404 1
408 1
450 1
461 1
485 1
496 1
512 28
519 1
535 1
550 1
564 1
569 4
574 3
581 1
588 5
590 1
606 1
615 1
628 1
648 1
654 1
657 1
669 2
701 1
725 6
744 2
748 1
754 7
756 1
764 1
775 1
791 1
814 4
817 1
825 1
828 1
844 1
885 1
903 1
968 1
972 1
1024 1
1034 1
1069 1
1098 1
1102 1
1117 1
1176 1
1228 1
1289 1
1320 1
1342 1
1377 1
1389 1
1416 1
1424 6
1522 1
1536 2
1630 1
1818 1
1885 1
2048 1
2303 1
2600 1
2721 1
2780 1
2997 1
3240 1
3557 1
3584 1
3655 1
3892 1
4096 3
4101 1
4181 1
4323 1
4472 1
4601 1
4676 1
5319 1
5583 1
6190 1
6265 1
6575 1
8192 4
8236 1
8572 1
9975 1
10699 1
11520 1
12288 3
12418 1
12848 1
16286 1
21927 1
24576 15
24835 1
28672 9
31240 1
32768 6
36864 4
40960 2
43140 1
45056 6
45146 1
53248 2
64695 1
65536 1
77824 1
86016 1
90112 3
94208 1
106496 1
110592 1
114688 1
118784 2
126976 1
143360 1
147456 1
159744 1
163840 1
165692 1
167936 1
180224 1
192512 1
247656 1
252238 1
299008 1
2761504 1
2937356 1
