0 8
1 4
2 3
3 1
4 3
5 1
6 3
9 2
10 1
11 1
12 1
13 1
14 2
15 1
16 4
17 1
18 1
19 2
20 3
21 2
22 1
23 1
24 2
25 2
26 8
27 7
28 6
29 4
30 3
31 2
33 2
34 2
35 1
36 1
37 1
39 1
40 1
43 1
44 2
48 1
49 2
50 2
51 1
52 3
53 1
54 2
55 1
56 2
59 2
60 1
62 2
63 1
64 1
66 4
71 3
72 1
73 2
75 1
77 1
78 1
79 1
80 3
81 3
83 3
87 2
88 5
89 2
90 5
91 2
92 1
93 1
94 1
96 5
98 1
99 5
100 4
101 1
102 3
103 3
105 2
106 2
107 3
109 6
110 3
111 6
112 4
114 7
115 3
116 3
117 4
118 1
119 1
120 2
121 1
122 2
124 2
125 1
126 8
127 5
128 2
129 3
131 1
132 3
133 2
135 2
136 1
137 1
140 2
141 1
142 2
143 1
144 2
145 1
147 1
149 1
153 2
155 1
157 2
159 1
161 1
162 2
163 1
164 1
165 1
166 4
168 1
171 1
174 1
175 2
176 3
177 3
178 1
181 2
182 1
183 1
184 3
185 1
186 1
188 1
189 2
190 1
191 2
192 1
193 5
194 2
195 2
196 1
197 1
199 3
200 2
202 1
203 2
204 1
206 1
207 1
210 3
211 3
212 2
213 1
214 1
215 2
217 1
218 3
219 3
220 1
221 4
222 1
223 1
224 1
226 1
227 3
228 1
230 4
231 1
233 2
234 1
237 1
238 1
239 4
242 1
243 1
244 2
246 2
247 2
248 2
250 1
252 1
256 8
258 1
260 2
261 1
262 1
266 2
268 3
269 1
270 1
272 6
274 3
275 1
276 1
278 2
279 1
280 1
281 7
284 3
285 2
286 1
287 2
288 1
290 5
291 1
292 1
293 7
294 1
295 2
296 4
297 1
298 4
299 2
300 1
301 2
302 3
303 1
304 1
305 4
306 1
307 2
308 1
309 1
312 2
313 1
314 2
315 3
316 2
317 2
320 1
321 1
322 1
324 1
325 1
326 3
328 1
332 3
333 1
334 1
336 2
337 5
338 2
339 1
340 1
341 1
343 2
344 2
345 2
346 7
347 1
348 3
350 1
351 2
352 6
355 6
356 1
358 1
359 1
360 2
361 3
362 1
363 1
365 1
366 2
367 2
368 2
369 3
370 1
372 1
373 2
374 2
375 1
376 3
377 1
379 1
380 1
381 6
382 3
383 2
384 1
385 1
387 2
388 5
389 1
390 2
392 3
393 3
394 3
395 3
396 6
397 3
398 2
399 1
400 1
401 1
402 2
403 2
404 3
405 3
406 2
407 3
408 3
409 3
411 1
412 4
413 2
415 3
416 3
417 3
418 1
419 2
421 1
422 3
423 1
424 5
425 3
426 2
428 1
429 1
430 3
431 2
433 2
434 2
436 1
437 1
438 2
442 2
443 1
444 2
445 3
446 3
447 1
448 1
449 2
450 1
452 1
453 1
454 1
455 1
457 1
458 1
459 3
460 4
461 2
462 1
463 1
464 1
466 4
467 3
468 3
471 1
472 1
473 3
476 1
481 1
482 1
483 1
485 1
486 1
487 1
489 1
492 2
493 1
494 1
495 1
496 2
497 2
499 2
500 3
503 1
504 2
506 2
508 1
509 1
511 2
512 251
513 1
514 1
515 4
516 1
517 3
520 11
522 3
523 1
524 1
525 2
526 2
527 2
528 2
530 1
532 1
533 1
534 2
535 1
536 1
537 1
538 2
540 2
541 2
542 2
543 1
544 2
546 2
549 1
550 3
551 2
552 1
553 1
554 1
556 2
557 1
560 3
562 2
563 1
564 2
566 1
567 2
568 1
573 1
574 2
575 1
576 1
577 1
579 2
582 4
584 1
586 1
587 1
588 1
589 2
590 2
591 2
592 2
593 2
595 3
598 1
600 4
601 1
602 4
603 1
606 2
608 1
612 1
614 1
615 1
617 1
618 4
620 2
621 1
622 3
624 2
625 3
626 4
627 1
628 1
629 2
631 1
632 1
633 1
634 1
635 2
636 2
637 1
638 1
639 1
642 2
643 1
645 1
646 1
650 1
652 2
653 2
655 2
657 1
658 4
663 2
666 2
669 1
670 1
671 2
672 2
673 1
674 1
675 1
676 1
680 2
683 1
684 1
685 1
686 2
689 5
690 3
692 1
693 1
694 1
696 1
697 1
700 2
702 1
703 3
704 1
705 1
708 1
709 3
710 1
712 2
716 1
717 1
719 1
720 4
721 1
723 2
724 1
726 1
729 2
730 3
733 2
734 4
736 1
738 3
740 6
741 2
742 1
743 1
744 1
745 1
746 2
748 6
749 1
752 2
753 2
754 2
756 1
757 1
758 2
759 1
760 2
761 1
762 1
763 1
764 4
767 1
768 6
772 3
773 1
774 1
775 1
776 1
777 1
778 1
779 2
780 1
781 1
782 3
783 1
784 1
785 1
787 1
791 3
792 1
793 1
795 2
796 1
798 1
799 1
800 1
802 2
803 1
804 1
805 1
806 1
807 1
808 5
809 2
810 2
811 1
812 3
817 2
818 5
820 3
821 1
822 2
824 7
825 2
827 1
828 3
831 1
836 1
837 1
839 2
842 1
844 1
845 2
846 2
848 1
851 1
854 3
857 1
859 2
862 1
864 1
865 4
869 2
870 1
871 1
872 1
873 1
874 1
875 2
879 2
884 7
885 1
887 2
890 2
892 1
893 1
894 2
895 1
896 8
897 3
898 2
899 2
901 2
902 2
903 1
904 1
905 1
906 1
907 1
908 1
910 1
912 1
913 1
916 2
917 1
918 1
919 2
920 4
921 2
922 1
924 1
926 1
927 2
928 4
929 3
931 1
932 1
934 1
936 1
938 1
940 6
942 2
949 1
950 1
952 4
953 2
954 1
955 2
957 1
958 1
961 1
963 2
965 2
966 1
968 1
970 1
976 1
977 1
978 1
979 2
982 1
984 4
987 1
988 2
992 4
993 2
994 1
995 1
996 1
997 2
999 1
1000 1
1001 1
1002 1
1003 1
1004 3
1005 1
1006 2
1007 1
1008 1
1010 1
1011 3
1013 1
1016 2
1018 2
1019 1
1020 2
1022 1
1024 29
1025 1
1028 8
1030 1
1031 1
1035 1
1038 1
1039 1
1040 6
1043 1
1046 3
1048 1
1049 1
1051 1
1052 1
1056 3
1057 2
1058 1
1059 1
1062 1
1064 2
1067 1
1068 1
1069 1
1070 1
1073 1
1076 2
1078 1
1080 1
1081 1
1082 2
1084 1
1085 2
1087 1
1088 1
1092 1
1093 1
1095 1
1096 1
1097 1
1098 1
1100 1
1102 1
1108 1
1110 1
1112 2
1115 2
1116 4
1117 1
1120 7
1122 1
1124 6
1126 1
1128 1
1129 1
1130 1
1131 1
1132 1
1139 1
1140 1
1141 1
1145 1
1148 1
1152 1
1157 1
1160 1
1162 1
1164 1
1165 1
1167 2
1168 4
1170 2
1171 1
1173 1
1174 2
1175 1
1176 1
1180 1
1182 1
1184 1
1187 3
1193 1
1198 1
1202 1
1204 1
1207 1
1208 6
1211 2
1214 1
1215 1
1216 1
1217 1
1220 1
1222 2
1223 1
1224 1
1228 7
1229 1
1234 2
1236 1
1237 1
1238 2
1240 1
1242 1
1243 1
1244 1
1247 1
1248 5
1253 1
1254 2
1260 1
1262 1
1264 2
1265 1
1266 1
1268 1
1272 1
1273 1
1274 1
1276 1
1279 1
1280 4
1283 2
1285 1
1288 3
1292 3
1293 1
1294 1
1296 4
1297 1
1300 4
1301 1
1302 2
1304 4
1307 1
1308 1
1309 1
1310 1
1311 1
1312 1
1316 4
1317 1
1319 1
1320 2
1323 1
1324 5
1325 1
1326 2
1327 1
1328 4
1329 2
1330 1
1331 1
1332 5
1334 1
1336 7
1337 1
1340 4
1341 1
1344 4
1347 1
1348 1
1350 1
1351 1
1352 1
1353 1
1356 1
1359 2
1362 1
1368 1
1373 1
1374 3
1375 1
1376 2
1377 2
1379 2
1382 1
1383 2
1387 1
1388 4
1389 1
1390 2
1391 1
1392 3
1393 1
1397 3
1399 2
1401 3
1403 1
1404 1
1405 2
1406 4
1407 4
1408 9
1409 5
1411 3
1412 1
1413 2
1414 2
1415 2
1419 1
1421 1
1424 2
1425 1
1426 1
1429 3
1432 1
1436 1
1438 1
1440 1
1446 2
1448 1
1449 1
1450 1
1451 1
1452 1
1455 1
1456 1
1457 1
1460 1
1462 1
1463 1
1464 1
1466 1
1468 2
1469 1
1472 2
1474 1
1476 2
1478 1
1480 1
1481 1
1482 1
1483 1
1484 1
1485 1
1487 1
1488 3
1489 1
1492 1
1493 2
1495 1
1496 7
1500 3
1501 3
1503 1
1504 4
1506 1
1508 4
1512 2
1513 1
1514 2
1516 2
1517 1
1520 3
1524 7
1526 2
1527 2
1528 9
1531 1
1532 5
1533 2
1535 1
1536 17
1537 1
1540 2
1543 2
1544 1
1545 1
1547 1
1554 1
1556 4
1557 1
1559 2
1560 3
1561 3
1563 1
1564 2
1565 3
1567 4
1568 2
1569 4
1570 3
1573 1
1576 1
1578 1
1579 3
1580 1
1583 1
1587 1
1588 1
1596 4
1598 1
1600 5
1603 2
1605 2
1606 1
1610 2
1614 2
1615 2
1616 1
1618 2
1622 1
1624 1
1633 1
1634 1
1636 2
1638 1
1640 1
1643 2
1648 3
1651 1
1652 3
1656 2
1657 1
1658 2
1662 1
1665 1
1668 1
1669 2
1670 1
1672 3
1676 1
1680 1
1681 1
1682 1
1684 2
1685 3
1686 2
1689 1
1690 2
1693 1
1697 2
1698 1
1699 1
1703 2
1705 3
1709 1
1710 3
1712 1
1713 1
1714 1
1716 3
1723 1
1724 1
1726 1
1728 2
1734 2
1737 1
1740 2
1742 1
1744 1
1752 1
1756 1
1757 1
1758 1
1760 1
1762 2
1764 2
1766 1
1768 1
1769 1
1770 1
1772 2
1773 1
1778 1
1782 1
1783 1
1785 1
1787 1
1788 5
1789 1
1791 1
1792 1
1802 1
1804 4
1805 1
1808 8
1809 1
1810 2
1811 1
1812 10
1813 1
1815 1
1816 11
1820 6
1824 4
1825 1
1830 1
1834 2
1836 1
1841 1
1843 1
1844 1
1845 3
1846 1
1847 2
1850 2
1852 1
1856 2
1861 3
1862 1
1863 2
1864 2
1866 1
1869 1
1870 1
1873 1
1874 1
1876 1
1880 2
1883 1
1884 1
1886 3
1888 2
1889 3
1892 1
1895 5
1898 5
1900 1
1904 1
1905 1
1907 2
1910 1
1911 1
1916 1
1918 1
1924 1
1926 1
1928 1
1933 1
1936 3
1944 1
1945 1
1948 1
1952 2
1953 1
1960 1
1969 1
1972 2
1976 1
1977 1
1978 1
1980 3
1984 1
1988 3
1992 7
1994 1
1996 1
2000 1
2011 1
2016 1
2021 1
2023 1
2024 1
2025 1
2026 2
2032 1
2036 1
2038 1
2039 1
2040 1
2045 1
2047 1
2048 3
2049 1
2051 1
2052 2
2053 1
2062 1
2063 1
2064 1
2068 1
2069 1
2071 1
2072 1
2073 1
2074 1
2076 1
2080 1
2082 1
2084 1
2088 1
2093 1
2095 1
2098 1
2100 1
2110 2
2117 1
2127 1
2129 1
2130 1
2131 1
2132 1
2133 1
2137 1
2140 1
2142 1
2143 1
2144 1
2146 2
2150 1
2151 1
2153 1
2158 1
2170 1
2171 1
2172 1
2175 1
2178 2
2180 4
2185 2
2186 2
2189 1
2191 2
2192 2
2195 1
2197 1
2200 2
2201 1
2202 1
2204 1
2210 1
2212 1
2213 1
2216 1
2222 1
2226 1
2228 2
2230 1
2232 1
2236 1
2239 1
2245 1
2247 1
2248 1
2249 1
2250 3
2251 2
2252 2
2259 1
2262 1
2263 1
2267 1
2272 1
2276 2
2283 1
2285 2
2287 2
2292 1
2293 1
2300 1
2302 1
2315 1
2316 1
2321 1
2323 1
2326 1
2328 2
2332 1
2334 1
2338 1
2341 1
2343 1
2345 1
2350 4
2354 1
2360 2
2362 1
2363 1
2365 1
2367 1
2368 3
2369 1
2372 1
2373 1
2374 1
2375 2
2380 1
2383 1
2391 1
2393 1
2394 2
2395 2
2398 1
2400 1
2402 1
2406 1
2409 2
2410 1
2411 1
2412 1
2417 2
2419 1
2429 1
2435 2
2436 1
2437 2
2439 1
2442 2
2443 1
2445 2
2448 1
2449 1
2453 1
2456 1
2457 1
2459 1
2461 1
2462 1
2470 5
2471 1
2473 1
2476 1
2478 1
2480 1
2487 2
2488 1
2489 2
2491 1
2495 1
2498 1
2501 1
2502 1
2507 1
2509 1
2510 1
2512 1
2517 1
2518 1
2523 2
2526 1
2527 1
2529 1
2531 1
2542 1
2543 1
2544 1
2545 1
2552 1
2554 1
2560 2
2562 2
2564 1
2565 1
2566 1
2569 1
2573 1
2583 1
2584 1
2585 1
2587 1
2592 2
2596 1
2599 1
2601 1
2603 3
2608 1
2613 1
2620 1
2624 1
2628 1
2629 2
2630 1
2633 1
2634 1
2644 1
2653 2
2654 1
2659 1
2660 1
2665 1
2670 1
2676 1
2682 1
2690 1
2691 1
2693 2
2696 1
2697 2
2699 1
2700 1
2702 1
2705 1
2708 1
2710 1
2716 1
2719 1
2720 1
2725 1
2729 1
2731 1
2733 1
2734 1
2735 1
2737 1
2739 1
2745 1
2754 1
2760 2
2762 1
2768 1
2773 1
2777 2
2778 2
2787 1
2796 1
2800 1
2805 3
2806 1
2807 1
2809 1
2813 1
2822 1
2823 1
2825 1
2836 1
2837 2
2838 1
2839 1
2844 1
2849 1
2855 1
2856 1
2859 1
2865 1
2867 1
2868 1
2871 1
2874 1
2875 1
2881 1
2885 1
2888 1
2889 1
2891 1
2897 1
2899 1
2905 2
2913 1
2914 2
2916 1
2922 1
2924 1
2934 2
2937 1
2951 1
2953 1
2954 1
2958 1
2962 1
2968 2
2972 1
2973 2
2977 1
2982 1
2983 2
2987 1
2988 1
2989 1
2994 1
2995 1
2996 2
2997 1
3000 1
3003 2
3006 1
3008 2
3009 3
3019 1
3021 1
3022 2
3028 2
3032 1
3035 1
3039 2
3041 1
3045 1
3047 4
3048 1
3054 2
3057 1
3060 1
3066 1
3072 1
3073 1
3074 1
3076 1
3077 1
3082 1
3087 1
3088 1
3097 1
3100 1
3104 1
3107 1
3110 1
3114 1
3117 1
3120 2
3121 1
3123 1
3124 2
3131 1
3133 1
3138 1
3142 1
3151 1
3154 1
3155 2
3157 1
3159 1
3161 1
3168 1
3169 1
3173 1
3176 1
3177 1
3180 1
3183 1
3184 1
3185 1
3190 1
3200 1
3204 1
3216 1
3217 1
3220 1
3227 1
3242 1
3247 1
3253 1
3262 1
3265 1
3270 1
3275 1
3279 1
3282 1
3290 2
3293 3
3295 1
3304 1
3305 3
3308 2
3310 1
3311 1
3313 1
3314 1
3326 2
3329 2
3334 3
3340 1
3349 1
3353 1
3354 1
3360 2
3363 1
3364 1
3369 1
3385 3
3389 1
3399 1
3400 1
3406 1
3422 1
3427 1
3429 1
3441 1
3444 1
3447 1
3453 1
3457 1
3466 1
3479 1
3486 1
3489 1
3495 1
3496 1
3505 1
3507 1
3513 2
3519 1
3525 1
3533 2
3534 1
3535 1
3536 3
3538 1
3540 1
3547 1
3550 1
3554 1
3557 1
3570 1
3573 2
3578 1
3589 1
3591 1
3601 1
3605 1
3607 1
3617 1
3618 1
3624 1
3629 1
3630 1
3631 2
3637 1
3658 1
3662 1
3664 1
3667 3
3670 1
3671 1
3673 1
3674 1
3676 1
3677 1
3679 2
3680 1
3682 1
3683 2
3685 3
3687 3
3688 3
3689 2
3690 3
3691 5
3692 1
3693 6
3694 4
3695 1
3696 3
3697 4
3698 1
3699 1
3700 1
3701 3
3703 1
3704 3
3705 4
3707 1
3709 1
3710 1
3712 2
3714 1
3716 1
3717 1
3719 1
3721 1
3723 1
3730 1
3734 1
3736 2
3737 1
3739 1
3747 1
3748 1
3750 2
3752 1
3753 1
3774 2
3777 1
3778 1
3779 1
3785 1
3789 1
3793 1
3795 1
3796 1
3798 2
3802 1
3803 2
3813 1
3814 1
3817 1
3819 1
3823 1
3832 1
3837 1
3839 1
3840 1
3843 1
3846 1
3850 1
3856 1
3858 1
3865 1
3881 1
3883 1
3884 1
3892 1
3897 1
3901 1
3902 1
3907 1
3908 1
3909 1
3913 1
3923 1
3938 1
3939 1
3940 1
3962 1
3963 1
3964 1
3976 1
3981 1
3984 1
3991 1
3992 1
3997 3
4001 1
4007 1
4008 1
4011 1
4030 1
4042 1
4045 1
4048 1
4049 1
4053 1
4054 1
4059 1
4060 2
4066 1
4072 1
4078 1
4086 1
4092 2
4094 1
4096 1
4112 1
4113 1
4114 1
4120 2
4123 1
4130 1
4136 1
4140 1
4149 3
4150 1
4157 1
4168 1
4186 1
4187 1
4188 2
4194 1
4197 1
4199 1
4200 1
4203 1
4209 1
4219 1
4221 1
4224 1
4227 1
4244 2
4264 1
4268 2
4278 1
4289 1
4293 1
4299 1
4301 1
4303 1
4311 1
4319 1
4322 1
4326 1
4353 1
4366 1
4369 1
4370 1
4376 1
4378 1
4379 1
4381 1
4382 2
4387 1
4389 1
4399 1
4402 1
4417 1
4427 1
4429 1
4430 1
4433 2
4435 1
4437 1
4453 1
4459 1
4460 1
4463 2
4480 1
4482 1
4490 1
4498 1
4499 2
4504 1
4510 1
4513 1
4520 1
4523 1
4528 1
4532 1
4540 1
4541 1
4543 1
4545 1
4550 2
4552 2
4558 1
4562 2
4568 1
4573 1
4596 1
4604 1
4606 1
4608 1
4613 1
4619 1
4620 3
4621 1
4622 2
4623 1
4624 1
4628 1
4629 1
4631 1
4632 1
4638 1
4639 1
4641 1
4652 1
4653 1
4663 1
4666 1
4667 1
4675 1
4676 1
4679 1
4680 1
4695 1
4701 1
4707 1
4720 1
4725 1
4750 1
4764 1
4778 2
4779 1
4784 1
4787 1
4788 1
4793 1
4814 1
4821 2
4843 2
4850 1
4853 1
4855 1
4859 1
4864 1
4865 1
4867 1
4875 1
4906 1
4922 1
4930 1
4932 1
4933 1
4935 1
4936 1
4942 1
4949 1
4952 1
4956 1
4962 1
4963 1
4965 1
4968 1
4975 1
4977 1
4988 1
4989 1
4992 1
4995 1
4997 1
4999 1
5009 1
5011 1
5043 1
5045 1
5048 1
5063 1
5065 1
5071 1
5077 1
5093 1
5103 1
5111 1
5125 1
5133 1
5137 1
5148 1
5150 1
5151 1
5156 2
5158 1
5165 1
5170 1
5199 1
5203 1
5215 1
5230 2
5240 4
5248 1
5252 1
5254 1
5255 2
5258 2
5259 2
5262 1
5266 1
5269 1
5270 1
5279 1
5287 1
5288 1
5304 1
5310 1
5314 1
5330 1
5332 1
5376 1
5378 1
5382 1
5394 1
5396 1
5407 1
5411 1
5412 1
5414 2
5424 1
5430 1
5434 1
5445 1
5450 1
5451 1
5464 1
5466 1
5468 1
5476 1
5499 1
5503 1
5514 1
5519 1
5528 2
5554 2
5569 1
5574 1
5583 1
5630 1
5668 1
5672 1
5681 1
5683 1
5685 1
5697 2
5698 1
5712 1
5716 1
5720 1
5725 1
5728 1
5730 2
5734 1
5736 1
5746 1
5763 1
5767 1
5775 1
5800 1
5811 1
5833 1
5835 2
5838 1
5845 2
5846 1
5854 1
5870 1
5872 1
5875 2
5883 1
5886 1
5893 1
5894 1
5920 1
5923 1
5925 1
5938 1
5956 1
5957 1
5965 1
5968 1
5992 1
5995 1
5996 1
6008 1
6016 1
6020 1
6026 1
6035 1
6056 1
6070 1
6074 1
6082 1
6102 1
6136 1
6137 1
6147 1
6151 1
6155 1
6171 1
6177 1
6178 1
6182 1
6184 1
6185 1
6191 1
6217 1
6220 1
6254 1
6265 1
6267 1
6273 1
6275 1
6278 1
6280 1
6288 1
6297 1
6298 1
6335 1
6349 1
6352 1
6354 1
6371 1
6403 1
6404 1
6413 1
6418 1
6430 2
6431 3
6432 2
6433 1
6434 1
6437 1
6439 1
6440 1
6443 1
6452 1
6460 1
6477 1
6492 1
6500 1
6548 1
6560 1
6566 1
6568 1
6596 1
6599 1
6624 1
6635 1
6636 1
6654 1
6656 2
6663 1
6675 1
6679 2
6681 1
6682 1
6686 1
6690 1
6692 1
6707 1
6719 1
6738 1
6739 1
6748 1
6777 4
6788 1
6804 1
6828 1
6829 1
6841 2
6846 1
6871 1
6875 1
6883 1
6898 1
6907 1
6915 2
6924 2
6943 1
6956 1
6961 1
6969 1
6975 1
6984 1
6986 1
6991 1
6993 1
7012 1
7022 1
7025 1
7030 1
7032 1
7045 1
7054 1
7074 1
7085 1
7087 1
7124 1
7133 1
7160 1
7209 1
7213 1
7215 1
7222 1
7224 1
7230 1
7235 1
7243 1
7270 1
7273 1
7278 1
7295 1
7328 1
7334 1
7343 1
7352 1
7353 1
7355 1
7361 1
7375 1
7399 1
7401 1
7410 1
7411 1
7420 1
7424 1
7445 1
7454 1
7456 1
7474 1
7492 3
7497 1
7520 1
7523 1
7541 1
7553 2
7572 1
7607 1
7619 1
7657 1
7671 1
7683 1
7686 1
7732 1
7747 1
7751 1
7761 1
7794 1
7797 1
7817 1
7828 1
7829 1
7832 1
7837 1
7873 1
7880 1
7904 1
7908 1
7920 1
7954 1
7957 1
7966 1
7993 1
8004 1
8009 1
8018 1
8032 1
8042 1
8065 1
8084 1
8093 1
8097 1
8113 1
8124 1
8137 1
8140 1
8150 1
8152 1
8165 1
8173 1
8174 1
8184 2
8192 2
8210 2
8218 1
8228 1
8244 1
8275 1
8299 2
8321 1
8326 1
8333 1
8353 1
8371 1
8384 1
8414 1
8429 1
8447 1
8454 1
8475 2
8476 1
8504 1
8512 1
8516 5
8585 1
8629 1
8642 1
8682 1
8685 1
8696 1
8714 1
8721 1
8722 1
8740 1
8744 1
8748 1
8768 1
8776 1
8782 1
8825 1
8843 1
8848 1
8881 1
8883 1
8889 1
8956 1
8964 1
8981 1
8988 1
8996 1
9140 1
9167 1
9168 2
9172 1
9176 1
9186 1
9201 1
9204 1
9210 1
9258 1
9264 1
9299 1
9316 1
9317 1
9321 1
9338 1
9430 1
9486 1
9508 1
9517 1
9536 2
9540 4
9550 1
9552 1
9557 1
9597 1
9612 1
9641 1
9657 1
9688 1
9700 1
9707 1
9715 1
9745 1
9803 1
9865 1
9887 1
9888 1
9892 1
9901 1
9947 1
10005 1
10014 1
10037 1
10082 1
10084 1
10143 1
10169 1
10178 1
10188 1
10195 1
10237 1
10246 1
10271 1
10292 1
10308 1
10313 1
10320 1
10332 1
10350 1
10359 1
10367 1
10408 1
10436 1
10439 1
10444 2
10454 1
10463 1
10516 1
10519 1
10520 2
10535 1
10546 1
10560 2
10564 4
10589 1
10643 1
10682 1
10695 1
10697 1
10719 1
10808 1
10819 1
10832 1
10846 1
10852 1
10914 1
10933 1
11022 1
11033 1
11072 1
11076 2
11144 1
11147 1
11152 1
11162 1
11167 1
11168 1
11172 1
11176 1
11178 1
11188 1
11204 1
11220 1
11254 1
11264 1
11268 1
11272 1
11288 1
11296 1
11297 1
11309 1
11312 1
11324 1
11349 1
11360 1
11384 1
11426 1
11432 1
11444 1
11484 1
11509 1
11515 1
11540 1
11548 1
11568 1
11584 1
11588 3
11600 1
11612 1
11620 1
11631 1
11640 1
11648 1
11656 2
11660 1
11665 1
11688 1
11704 1
11708 1
11728 1
11739 1
11740 1
11784 2
11844 1
11852 2
11875 1
11908 1
11923 1
11924 1
11940 2
11944 1
11956 1
11970 1
11980 1
11984 1
11988 1
12015 1
12029 1
12052 2
12084 1
12092 1
12096 1
12100 2
12112 1
12125 1
12162 1
12207 1
12224 2
12225 1
12244 1
12248 1
12299 1
12314 1
12320 1
12336 1
12340 1
12346 1
12348 1
12372 1
12380 1
12396 1
12433 1
12444 1
12448 1
12464 1
12469 1
12488 1
12493 1
12504 1
12536 1
12548 1
12552 1
12562 1
12580 1
12608 1
12612 1
12621 1
12624 1
12640 1
12648 1
12652 1
12672 1
12712 1
12766 1
12794 1
12816 1
12827 1
12829 1
12866 1
12904 1
12916 1
12920 1
12928 1
12929 1
12936 1
12948 1
12958 1
12974 1
12976 1
13004 1
13028 1
13044 1
13053 1
13072 1
13076 1
13080 1
13085 1
13100 1
13116 1
13128 1
13145 1
13152 1
13154 1
13168 1
13173 1
13192 1
13200 1
13224 1
13289 1
13320 1
13391 1
13402 1
13548 1
13568 1
13576 1
13584 1
13592 2
13602 1
13603 1
13616 3
13620 1
13622 1
13636 1
13648 1
13660 1
13680 1
13689 1
13692 2
13709 1
13719 1
13729 1
13738 1
13742 1
13848 1
13849 1
13852 1
13872 1
13876 1
13894 2
13900 1
13974 1
14026 1
14044 1
14070 1
14079 1
14080 1
14112 1
14140 1
14152 1
14166 1
14188 1
14197 1
14208 1
14212 1
14218 1
14235 1
14240 1
14248 1
14304 1
14306 1
14312 1
14344 1
14345 1
14349 1
14352 1
14366 1
14372 1
14380 1
14384 1
14392 1
14412 1
14424 1
14444 1
14460 1
14472 1
14508 1
14516 1
14544 1
14562 1
14568 1
14620 1
14650 1
14660 1
14676 2
14688 1
14699 1
14712 1
14716 1
14732 1
14740 1
14778 1
14780 1
14800 1
14830 1
14832 1
14856 1
14936 1
14996 1
15036 1
15047 1
15056 1
15080 1
15092 1
15128 1
15132 2
15156 1
15168 1
15176 1
15200 1
15264 1
15270 1
15276 1
15280 1
15320 1
15340 1
15342 1
15344 1
15349 1
15414 1
15426 1
15468 1
15476 1
15504 2
15520 1
15523 1
15608 2
15616 1
15636 1
15647 1
15648 1
15656 1
15676 1
15684 1
15688 1
15696 2
15708 1
15740 1
15744 1
15748 2
15757 1
15761 1
15776 2
15797 1
15804 1
15816 1
15834 1
15840 1
15876 1
15883 1
15890 1
15892 1
15961 2
15968 1
15972 1
16016 1
16112 1
16192 1
16207 1
16264 1
16284 1
16292 2
16316 1
16328 1
16348 1
16368 1
16384 24
16388 1
16408 1
16412 1
16660 1
16722 1
16724 1
16728 2
16740 1
16764 1
16779 1
16789 1
16792 1
16832 1
16836 1
16844 1
16896 1
16932 2
16936 2
16965 1
16967 1
16992 1
17046 1
17172 1
17276 1
17280 1
17292 1
17312 1
17320 1
17332 1
17356 1
17364 1
17373 1
17408 1
17416 1
17424 1
17432 1
17449 1
17474 1
17504 1
17572 1
17578 1
17580 1
17600 1
17648 1
17652 1
17733 1
17768 1
17792 1
17832 1
17840 1
17936 1
17938 1
17956 2
18016 1
18024 1
18068 1
18072 2
18096 1
18100 1
18108 1
18120 1
18144 1
18152 1
18168 1
18220 1
18236 1
18249 1
18252 1
18268 1
18304 1
18308 1
18312 1
18328 1
18332 1
18356 1
18382 1
18400 2
18416 1
18444 1
18496 1
18500 2
18571 1
18623 1
18632 1
18640 1
18700 1
18704 1
18728 1
18737 1
18800 1
18836 1
18840 1
18852 1
18856 1
18901 1
18908 1
18912 1
18920 1
18932 1
18956 1
18969 2
19021 1
19060 1
19076 1
19096 1
19132 1
19228 1
19236 1
19253 2
19269 1
19285 1
19296 1
19356 1
19359 1
19363 1
19367 2
19394 1
19506 1
19564 1
19572 1
19592 1
19616 1
19656 1
19663 1
19686 1
19764 1
19796 1
19876 1
19920 1
19924 1
19927 1
20067 1
20102 1
20208 1
20388 1
20540 1
20554 1
20572 2
20577 1
20620 1
20640 1
20648 1
20656 1
20692 1
20744 1
20772 1
20796 1
20816 1
20868 1
20880 1
20924 1
20972 1
21004 1
21028 1
21049 1
21060 1
21092 1
21135 1
21296 1
21320 1
21344 1
21412 1
21440 1
21476 1
21548 1
21626 1
21725 1
21748 1
21794 2
21847 2
21892 1
21900 1
21904 1
21908 1
21920 1
21928 1
21940 1
21964 1
22099 1
22111 1
22132 1
22147 1
22183 2
22324 1
22380 1
22396 2
22480 1
22536 1
22608 1
22628 1
22643 1
22648 2
22764 1
22789 1
22873 1
22936 1
23012 1
23028 1
23053 1
23067 1
23103 1
23116 1
23244 1
23358 1
23381 1
23744 1
23805 1
23860 1
23904 1
23962 1
24052 1
24435 1
24576 31
24604 1
24675 1
24752 1
24768 1
24936 1
24958 1
24989 1
25008 1
25039 1
25201 1
25265 1
25376 1
25392 1
25396 1
25468 1
25499 2
25556 1
25700 1
25713 1
25742 1
25770 1
25780 1
25888 1
25971 1
26311 1
26552 1
26726 1
26740 1
26828 1
26852 1
26968 1
27020 1
27066 1
27071 1
27168 1
27264 1
27628 1
27640 1
27652 1
27667 1
27713 1
27900 1
28150 1
28251 1
28265 1
28392 1
28651 1
29012 1
29160 1
29244 1
29328 1
29352 1
29358 1
29612 1
29671 1
29696 1
30054 1
30645 1
31105 1
32768 20
32860 1
33020 1
33421 1
33710 1
33788 1
33821 1
34261 1
34265 1
34270 1
34363 1
34877 1
35019 1
35370 1
35624 1
35859 1
35905 1
36048 1
36312 1
36365 1
36435 1
36672 1
36778 1
36818 1
37031 1
37727 1
38033 1
38272 1
38419 1
39154 1
39792 1
40192 1
40484 1
40733 1
40960 17
42625 1
43240 1
43571 1
43798 1
43932 1
44118 1
44221 1
44330 1
44432 1
45718 1
46090 1
46255 1
46342 1
46410 1
46468 1
46515 1
46656 1
46797 1
46960 1
47341 1
48048 1
48458 1
48804 1
49134 1
49152 9
49594 1
49660 1
50201 1
50219 1
50579 1
51808 1
52032 1
53462 1
54063 1
54290 1
54602 1
54791 1
54853 1
55105 1
55182 1
56242 1
57150 1
57344 9
58388 1
58877 2
59411 1
59460 1
59472 1
60143 1
60720 1
60932 1
61065 1
61184 1
61214 1
61440 1
61593 1
63057 1
63677 1
63946 1
64021 1
65536 12
65837 1
67154 1
68305 1
70304 1
70937 1
70943 1
71002 1
71484 1
71612 1
71922 1
72387 1
72960 1
73570 1
73686 1
73728 5
73994 1
74266 1
74791 1
74930 1
77158 1
77559 1
77752 1
77812 1
78519 1
78972 1
79528 1
80025 1
80885 1
81369 1
81705 1
81920 8
81983 1
82520 1
82792 1
83588 1
84801 1
85909 1
86554 1
87136 1
90112 4
90725 1
91406 1
93295 1
94787 1
94824 1
96987 1
97281 1
97891 1
98304 4
99080 1
99172 1
101775 1
103942 1
105596 1
106496 4
111985 1
113735 1
113909 1
114688 1
116049 1
120012 1
120876 1
122880 1
126064 1
126681 1
126868 1
130801 1
131072 3
132570 1
139264 5
142413 1
147456 4
155648 9
156012 1
161044 1
161299 1
163840 5
180224 2
180826 1
186506 1
196608 1
203207 1
203815 1
204800 1
206246 1
208458 1
214256 1
216320 1
217369 1
219045 1
221184 1
237568 1
245760 3
262144 1
270336 3
278528 1
283633 1
286412 1
288993 1
300822 1
303104 1
305945 1
319488 2
327349 1
344064 1
385087 1
409600 1
434176 2
442368 1
466944 1
491520 1
499712 3
501376 1
502473 1
507904 1
524288 1
532480 1
548864 1
550063 1
581632 1
585752 1
587580 1
594343 1
620260 1
642600 1
775108 2
862664 1
884736 1
1038276 1
1122304 1
1193396 1
1261568 1
1277952 1
1359872 1
1548288 1
2842624 1
