0 13
1 11
3 2
4 2
6 3
7 1
8 1
11 1
14 34
15 19
16 12
17 49
18 3
19 6
20 4
24 7
25 1
26 1
27 7
28 1
29 5
30 2
31 1
32 4
33 2
34 4
35 3
36 3
38 2
39 2
40 2
42 2
49 2
50 1
51 2
54 3
55 13
56 3
57 1
58 1
60 27
61 2
62 1
63 1
64 3
66 1
67 1
68 1
69 2
70 1
71 1
72 2
73 4
74 2
76 2
77 1
78 2
79 2
80 3
81 1
82 2
83 1
87 1
88 1
90 2
91 2
93 2
95 3
96 1
98 1
99 2
100 1
102 1
104 1
105 1
107 1
112 2
113 1
115 1
118 3
119 1
120 1
121 2
124 2
126 1
128 4
129 1
130 1
132 1
134 1
135 4
137 2
138 2
139 1
140 1
141 1
144 1
146 1
148 1
149 1
150 3
151 2
152 1
158 2
159 2
160 3
161 1
162 3
163 2
164 4
165 1
166 1
168 1
169 1
170 1
172 2
176 1
177 1
178 1
180 1
181 2
182 1
183 1
186 2
193 40
194 2
196 1
198 1
199 1
200 5
205 2
207 16
208 1
209 1
210 2
213 1
215 2
217 2
220 1
221 1
222 1
223 1
224 2
226 1
228 2
231 1
232 1
233 1
235 1
236 3
238 1
240 1
241 2
244 1
246 1
248 1
249 2
250 1
251 1
252 1
254 1
256 56
257 3
260 1
263 4
264 3
265 1
267 1
269 2
272 3
274 2
275 3
276 2
278 1
279 2
280 3
281 1
284 2
285 1
286 1
287 1
288 1
289 1
293 5
294 1
296 2
297 2
299 2
300 1
301 1
303 2
304 1
305 1
306 3
308 3
309 1
310 1
314 1
316 1
317 2
320 1
323 1
331 1
333 1
334 2
336 2
340 2
345 1
347 1
349 1
350 2
354 1
356 2
358 1
359 1
363 2
364 7
365 1
367 1
370 1
374 1
375 1
377 1
379 1
380 2
381 1
382 1
385 1
386 2
387 2
388 2
392 2
395 1
397 3
399 2
401 3
402 1
403 1
405 2
406 1
408 2
410 2
411 1
413 2
414 1
418 2
420 1
424 1
427 1
428 2
429 1
430 1
434 2
436 1
439 2
441 3
442 1
443 1
445 1
446 2
447 1
448 1
449 1
450 2
451 2
453 1
454 1
455 1
457 2
459 1
460 1
462 1
463 1
465 1
468 1
471 1
472 1
473 9
475 1
478 1
481 1
483 4
484 1
485 1
486 1
488 2
489 2
491 1
493 1
494 1
496 1
497 3
498 2
499 1
501 2
503 2
506 2
507 1
508 1
512 319
513 2
514 3
516 1
518 1
519 2
520 2
521 2
525 3
532 1
539 2
540 2
543 1
544 2
545 1
547 1
548 1
550 2
551 1
552 2
553 1
555 2
556 1
557 2
559 1
563 2
566 1
567 2
571 4
572 2
573 5
574 2
576 2
580 4
583 1
584 1
585 1
586 1
587 1
588 1
589 9
590 5
592 1
595 1
596 2
597 2
598 1
599 2
601 3
603 2
604 1
605 1
608 2
609 2
610 1
612 2
615 2
617 1
624 1
627 1
629 1
630 1
631 2
640 1
641 1
643 4
645 1
646 2
649 2
651 1
652 3
653 2
654 1
656 1
659 1
668 1
671 4
672 2
675 1
677 3
681 1
683 3
684 3
685 3
686 2
688 4
690 1
691 2
692 1
694 2
695 1
696 5
697 3
698 5
700 2
701 1
702 5
703 2
704 2
705 1
706 3
707 2
709 1
710 3
714 3
716 3
717 4
718 3
719 1
720 4
721 3
722 3
724 2
726 4
727 9
728 1
729 1
730 3
731 3
732 2
733 5
735 1
736 1
737 3
739 1
740 2
741 4
742 1
743 4
744 7
745 4
746 13
747 4
748 8
749 4
750 1
752 4
753 6
754 3
755 3
757 4
758 2
759 6
760 2
761 1
763 3
764 1
765 3
766 3
767 2
768 2
769 3
770 6
771 2
772 1
773 1
774 1
776 3
777 4
778 1
779 2
781 3
782 1
784 2
785 3
786 2
787 3
788 4
789 2
791 2
793 1
794 4
795 4
796 5
797 3
798 2
799 3
800 3
801 4
802 4
803 6
804 3
805 4
806 1
808 2
809 1
811 3
812 4
813 6
814 4
815 3
816 3
817 3
818 4
819 1
821 2
822 2
823 3
824 2
825 5
826 4
827 1
828 4
829 4
830 2
831 5
832 1
833 3
834 3
835 1
836 4
837 4
838 3
839 1
841 3
842 4
843 3
845 1
847 3
848 1
849 3
851 2
852 3
853 5
854 4
855 1
856 4
857 2
858 1
859 1
860 3
861 4
862 3
863 1
864 2
865 2
866 3
867 3
868 3
869 4
870 2
871 4
872 5
873 4
874 1
875 1
876 1
877 1
879 1
880 5
881 1
882 1
883 2
884 4
886 2
888 3
889 2
890 4
892 4
894 1
895 4
896 2
897 1
898 2
899 1
900 5
901 1
902 1
903 1
904 3
905 2
906 3
907 8
910 1
911 6
913 2
914 1
915 1
916 2
917 3
918 3
919 1
920 5
922 3
923 5
924 1
926 2
927 1
928 3
929 4
930 2
931 2
932 3
934 2
935 2
936 4
937 1
938 1
939 7
940 1
941 2
942 1
944 4
946 2
947 3
948 2
949 1
950 1
951 2
952 2
953 3
954 1
955 3
956 1
960 5
961 1
962 1
963 1
964 2
965 3
966 1
967 3
968 4
969 3
971 2
972 3
973 7
974 1
975 3
976 1
978 1
979 2
980 1
981 1
983 2
984 8
985 1
986 2
987 3
989 2
990 2
991 3
992 2
993 2
995 2
996 1
997 1
998 1
1000 3
1001 2
1002 1
1003 1
1006 1
1007 5
1008 3
1009 3
1010 2
1011 1
1013 1
1014 1
1016 3
1017 3
1018 2
1022 2
1024 48
1025 4
1027 3
1028 1
1029 2
1030 4
1031 1
1034 2
1035 2
1037 4
1038 2
1039 3
1040 1
1041 3
1045 1
1046 4
1047 4
1048 2
1050 2
1051 1
1052 2
1053 2
1055 1
1056 1
1059 1
1060 2
1061 1
1062 3
1063 3
1064 1
1065 1
1068 1
1071 1
1072 1
1073 3
1074 1
1077 2
1078 3
1079 3
1081 1
1082 2
1085 1
1086 1
1088 1
1089 4
1091 2
1092 1
1093 3
1095 3
1096 1
1097 2
1098 1
1099 3
1100 1
1103 1
1105 3
1107 1
1111 1
1112 4
1113 1
1114 2
1115 1
1116 1
1117 4
1118 1
1120 2
1123 1
1124 1
1130 1
1132 1
1133 1
1138 2
1141 2
1142 1
1145 2
1147 3
1149 2
1151 4
1153 1
1154 2
1158 1
1159 1
1160 2
1161 1
1163 2
1164 4
1166 2
1170 1
1171 1
1172 2
1179 4
1180 3
1182 2
1185 2
1186 5
1187 1
1188 1
1193 2
1195 2
1197 1
1199 1
1200 2
1202 2
1204 1
1205 1
1209 1
1210 1
1211 1
1212 1
1215 1
1216 3
1217 2
1221 1
1222 1
1223 1
1224 3
1225 2
1236 1
1238 3
1239 1
1240 1
1241 1
1242 1
1243 2
1244 2
1245 2
1246 2
1248 3
1249 2
1251 1
1252 3
1254 3
1255 1
1257 2
1258 1
1260 1
1261 2
1262 1
1264 1
1265 1
1266 1
1269 1
1270 2
1274 2
1276 2
1277 1
1278 1
1279 2
1280 1
1281 1
1285 2
1286 1
1287 1
1288 1
1290 4
1293 1
1296 2
1298 1
1299 5
1303 2
1304 2
1306 1
1307 3
1310 1
1313 2
1320 2
1323 1
1324 2
1326 3
1328 1
1329 1
1330 1
1331 2
1335 1
1336 1
1337 2
1339 1
1344 2
1346 1
1348 1
1349 1
1350 1
1353 2
1356 1
1357 1
1358 2
1359 1
1361 1
1363 2
1364 3
1365 1
1366 1
1367 4
1370 2
1371 2
1375 1
1376 4
1377 3
1378 7
1384 1
1385 2
1386 1
1387 1
1389 1
1390 2
1392 1
1397 1
1398 1
1400 1
1401 1
1406 2
1407 1
1410 7
1411 1
1413 1
1417 2
1418 1
1420 1
1421 2
1426 4
1428 3
1431 3
1436 1
1438 5
1439 1
1442 3
1443 1
1445 1
1448 1
1449 1
1450 1
1451 1
1452 1
1455 4
1456 3
1457 1
1458 3
1459 2
1460 2
1463 3
1467 2
1468 2
1469 2
1470 1
1472 1
1473 2
1475 3
1479 1
1481 1
1483 1
1486 2
1488 1
1489 1
1490 2
1491 1
1495 4
1496 1
1497 1
1498 2
1499 1
1502 1
1504 1
1506 1
1507 5
1508 1
1509 2
1517 1
1518 1
1520 3
1521 3
1522 1
1523 2
1526 1
1528 1
1531 2
1532 1
1534 6
1535 4
1536 12
1538 1
1541 2
1543 2
1544 2
1546 1
1549 2
1550 1
1551 2
1552 2
1554 2
1555 4
1556 1
1557 1
1558 2
1559 3
1562 3
1564 3
1566 1
1568 1
1569 3
1577 1
1579 1
1580 3
1581 2
1585 1
1586 1
1589 1
1593 1
1596 2
1598 1
1599 1
1602 1
1603 1
1610 1
1612 1
1613 1
1616 6
1617 1
1618 1
1624 1
1626 1
1627 1
1628 3
1630 1
1631 2
1632 3
1633 2
1637 4
1640 1
1641 2
1643 1
1644 3
1645 4
1648 3
1649 1
1652 2
1654 2
1655 1
1661 3
1663 2
1665 1
1668 2
1673 1
1676 2
1678 2
1679 1
1680 1
1683 2
1685 1
1691 2
1694 2
1696 1
1697 3
1699 1
1700 1
1703 2
1705 2
1707 1
1708 2
1720 2
1721 1
1725 1
1728 3
1730 1
1732 3
1734 1
1735 2
1738 1
1745 4
1750 1
1751 2
1752 1
1753 1
1756 2
1760 3
1761 2
1762 1
1763 1
1764 1
1766 1
1771 1
1779 1
1784 1
1791 1
1793 1
1794 2
1795 1
1800 1
1804 1
1805 1
1806 1
1807 1
1808 1
1810 1
1812 1
1816 1
1818 2
1820 1
1823 1
1824 2
1826 1
1831 1
1832 1
1835 1
1837 1
1839 3
1843 2
1847 2
1853 1
1855 2
1857 3
1859 4
1861 1
1864 5
1866 2
1869 1
1872 1
1876 1
1883 2
1884 1
1886 1
1894 1
1899 1
1901 1
1903 1
1909 1
1916 2
1918 2
1919 1
1922 1
1925 1
1927 2
1931 1
1933 57
1936 2
1939 1
1942 1
1945 1
1947 1
1950 2
1952 2
1953 2
1964 1
1967 1
1970 1
1971 3
1972 1
1978 1
1979 2
1981 1
1984 1
1985 1
1986 1
1991 1
1997 5
1999 1
2000 4
2002 3
2003 1
2005 1
2010 1
2012 1
2015 1
2016 1
2018 1
2024 1
2026 1
2027 1
2030 1
2032 1
2033 1
2035 1
2038 1
2045 1
2048 14
2052 1
2055 1
2056 3
2057 1
2058 2
2060 5
2061 2
2063 1
2064 1
2066 1
2067 1
2070 1
2072 1
2078 1
2079 1
2086 1
2089 2
2090 1
2096 3
2097 1
2098 3
2101 1
2102 3
2106 1
2111 1
2112 2
2114 1
2115 2
2116 2
2120 1
2123 1
2126 1
2129 2
2130 1
2132 1
2134 1
2136 1
2142 3
2144 2
2148 2
2152 2
2153 2
2157 9
2160 1
2164 1
2170 1
2178 1
2180 2
2185 1
2186 1
2194 1
2205 1
2206 1
2208 2
2211 1
2213 1
2217 1
2227 3
2228 1
2229 1
2230 2
2231 3
2232 2
2233 2
2234 1
2236 1
2238 1
2239 3
2245 1
2248 1
2256 1
2265 1
2266 2
2269 1
2274 1
2281 3
2282 1
2285 1
2291 1
2292 1
2294 1
2296 1
2304 1
2308 2
2309 2
2310 2
2315 1
2316 1
2325 2
2328 2
2329 1
2330 1
2332 2
2334 1
2336 1
2338 1
2344 4
2351 1
2363 3
2364 1
2365 1
2367 1
2369 1
2373 1
2374 1
2377 1
2385 1
2389 2
2391 2
2397 1
2407 1
2409 1
2417 1
2418 1
2421 1
2423 1
2432 3
2434 1
2435 2
2443 1
2452 1
2463 1
2470 1
2492 1
2498 1
2506 1
2518 2
2520 2
2521 1
2528 2
2541 2
2544 1
2545 1
2549 1
2551 1
2559 1
2560 7
2565 2
2570 1
2592 1
2593 2
2595 1
2597 1
2600 1
2604 2
2606 1
2608 1
2610 1
2619 2
2625 2
2627 1
2628 2
2632 3
2638 1
2644 1
2649 1
2660 1
2675 2
2676 1
2678 1
2680 1
2682 1
2687 2
2688 1
2694 1
2702 1
2704 1
2719 1
2722 1
2731 2
2734 2
2736 2
2738 2
2739 1
2740 1
2742 1
2748 1
2750 1
2756 3
2760 1
2770 1
2771 2
2784 1
2800 1
2808 2
2815 1
2818 2
2826 1
2829 1
2836 1
2851 1
2852 2
2853 1
2856 1
2861 1
2867 1
2877 1
2879 1
2882 1
2892 1
2894 1
2899 1
2904 1
2905 2
2907 2
2908 1
2916 2
2917 1
2918 2
2920 1
2922 1
2924 1
2926 1
2928 1
2937 1
2946 1
2953 1
2956 4
2957 1
2958 1
2965 1
2970 1
2975 1
2976 1
2979 2
2982 1
2987 1
2991 1
3000 1
3003 1
3005 2
3009 1
3012 2
3013 2
3014 2
3016 2
3020 1
3022 3
3029 1
3032 1
3033 2
3035 1
3043 1
3048 1
3054 1
3056 1
3059 1
3072 2
3074 1
3080 1
3081 1
3083 1
3086 2
3088 1
3089 1
3091 4
3106 2
3113 1
3116 1
3119 1
3130 2
3133 1
3137 1
3146 1
3147 1
3153 2
3155 2
3175 2
3184 1
3185 1
3192 1
3198 1
3203 1
3204 1
3209 1
3213 1
3216 1
3219 1
3226 1
3235 2
3250 1
3253 2
3254 1
3256 1
3264 1
3272 1
3274 2
3277 2
3278 1
3280 1
3288 1
3290 2
3293 1
3300 1
3301 1
3302 2
3304 1
3311 1
3315 1
3317 1
3319 1
3321 2
3330 1
3332 1
3341 1
3343 1
3347 1
3348 1
3349 4
3351 1
3353 1
3357 1
3358 1
3365 1
3366 1
3367 1
3378 1
3379 2
3385 2
3386 1
3388 2
3392 2
3394 1
3402 1
3407 1
3414 1
3421 2
3424 1
3426 1
3435 2
3440 2
3448 1
3449 1
3452 1
3454 1
3469 1
3480 1
3482 1
3485 1
3487 1
3488 1
3489 3
3496 2
3499 1
3501 1
3508 2
3509 1
3510 2
3511 1
3512 1
3520 1
3539 2
3544 1
3550 2
3556 1
3560 1
3564 2
3569 1
3570 1
3575 2
3576 1
3577 1
3584 4
3597 1
3601 1
3611 3
3618 1
3626 1
3630 1
3634 1
3636 1
3638 1
3656 1
3657 1
3665 1
3670 1
3671 1
3672 1
3674 2
3676 1
3683 2
3689 1
3712 1
3716 1
3720 1
3722 1
3723 1
3728 1
3730 2
3732 1
3737 1
3741 2
3744 2
3748 1
3750 1
3756 2
3757 1
3777 1
3783 1
3784 1
3785 3
3806 1
3809 1
3813 1
3815 1
3816 1
3819 2
3826 1
3834 1
3836 1
3837 3
3840 1
3852 2
3853 2
3856 1
3857 2
3862 1
3865 1
3872 2
3873 1
3884 1
3886 2
3891 2
3897 1
3898 1
3902 1
3917 2
3928 1
3933 1
3942 1
3944 1
3949 2
3957 1
3968 1
3975 1
3984 1
4001 2
4024 1
4036 1
4038 1
4043 2
4044 1
4058 2
4059 1
4064 2
4066 3
4080 2
4088 2
4090 1
4092 2
4096 2
4098 2
4099 2
4101 2
4106 2
4110 2
4123 1
4124 1
4128 1
4134 1
4136 1
4137 1
4147 1
4155 1
4170 1
4176 2
4182 2
4196 1
4201 1
4204 1
4205 1
4216 1
4221 2
4232 2
4235 1
4251 1
4255 1
4282 1
4292 2
4294 2
4320 1
4328 1
4330 1
4332 1
4352 1
4354 1
4362 1
4365 1
4366 1
4368 1
4376 1
4380 1
4383 1
4406 1
4409 1
4417 2
4427 1
4428 1
4436 1
4442 2
4448 1
4451 1
4454 1
4466 1
4470 1
4471 1
4478 1
4481 2
4494 1
4505 1
4508 2
4509 1
4528 1
4533 1
4544 2
4554 1
4558 1
4588 1
4592 1
4595 1
4608 1
4610 3
4614 1
4624 1
4625 1
4633 1
4635 2
4654 1
4659 1
4688 1
4692 2
4696 1
4704 1
4707 1
4708 1
4714 2
4729 1
4760 1
4768 1
4772 2
4778 1
4784 1
4786 1
4787 1
4788 1
4817 1
4821 1
4824 1
4825 1
4840 1
4851 2
4862 3
4864 3
4867 1
4880 1
4881 2
4890 2
4896 1
4902 1
4918 2
4920 1
4933 2
4936 1
4938 1
4948 1
4957 2
4968 1
4971 1
4972 1
4975 1
4980 1
4981 2
4987 2
4990 2
4992 2
5012 1
5013 1
5014 1
5016 2
5032 1
5041 2
5053 3
5062 1
5064 1
5069 1
5072 3
5100 1
5109 1
5111 1
5112 2
5117 1
5119 1
5120 2
5128 2
5129 3
5131 1
5136 1
5139 2
5157 2
5164 1
5166 1
5168 1
5180 1
5184 1
5188 4
5202 1
5204 1
5213 1
5218 3
5222 2
5223 1
5229 1
5230 1
5243 1
5244 4
5247 1
5270 1
5272 1
5276 1
5285 1
5305 1
5324 1
5343 1
5344 1
5348 2
5352 1
5365 1
5366 2
5369 1
5371 2
5387 1
5393 1
5400 1
5402 2
5408 1
5411 1
5415 1
5417 1
5420 2
5435 1
5439 1
5456 1
5473 1
5474 1
5487 1
5507 2
5509 1
5525 1
5532 1
5539 1
5544 1
5549 1
5571 1
5583 1
5589 1
5595 1
5610 2
5618 1
5626 3
5649 2
5657 2
5664 1
5670 2
5674 1
5675 1
5677 1
5688 2
5707 1
5712 1
5743 2
5756 1
5779 1
5805 1
5811 1
5818 1
5822 1
5827 1
5837 2
5842 1
5856 1
5871 2
5885 1
5886 1
5889 1
5896 2
5909 3
5913 2
5915 2
5928 1
5967 1
5968 1
5990 1
6000 1
6015 1
6023 1
6027 1
6040 1
6048 1
6052 2
6055 1
6060 1
6068 1
6082 1
6096 2
6106 1
6122 1
6148 1
6159 1
6169 2
6174 1
6180 1
6192 1
6200 1
6216 1
6218 1
6237 1
6241 1
6246 1
6280 2
6281 1
6290 1
6310 1
6313 1
6317 1
6328 1
6331 2
6334 1
6336 1
6353 1
6368 1
6370 1
6372 1
6394 1
6397 1
6400 1
6408 1
6415 1
6416 1
6424 1
6444 2
6471 1
6473 1
6493 1
6514 1
6528 1
6539 1
6541 1
6548 1
6576 1
6581 1
6601 2
6613 1
6620 1
6628 1
6632 2
6648 3
6666 1
6674 1
6678 1
6680 1
6696 1
6701 1
6712 1
6714 1
6716 1
6737 2
6755 2
6759 3
6760 1
6762 1
6776 1
6801 1
6807 2
6808 1
6809 1
6816 1
6842 1
6847 1
6850 1
6853 1
6859 1
6873 2
6912 1
6916 1
6918 2
6944 1
6953 1
6960 1
6964 1
6970 2
7000 1
7001 2
7011 1
7023 1
7035 1
7039 1
7067 2
7069 1
7081 1
7103 1
7104 1
7125 1
7128 1
7130 2
7149 1
7152 1
7159 2
7161 1
7175 1
7179 1
7197 1
7201 2
7207 1
7224 1
7226 3
7233 1
7236 1
7248 1
7252 2
7256 1
7264 1
7271 1
7291 1
7293 1
7315 1
7316 1
7402 1
7411 1
7424 1
7451 2
7466 3
7475 1
7484 1
7485 1
7487 2
7497 1
7503 1
7520 2
7530 1
7560 2
7584 1
7620 1
7621 1
7646 1
7665 1
7673 1
7675 1
7690 1
7722 2
7741 1
7742 1
7745 1
7754 1
7774 1
7794 1
7826 1
7902 2
7904 1
7911 1
7922 1
7932 1
7940 1
7944 1
7952 1
7981 1
7984 1
7987 1
8008 2
8019 1
8020 1
8041 1
8048 1
8092 1
8115 1
8159 1
8190 1
8192 32
8198 1
8203 1
8254 1
8258 1
8261 1
8263 2
8273 1
8278 1
8293 1
8305 1
8334 1
8338 1
8345 2
8400 1
8417 1
8431 1
8439 1
8443 2
8445 1
8552 1
8592 1
8613 1
8627 1
8635 1
8682 3
8689 2
8691 1
8692 1
8734 2
8745 1
8747 1
8766 1
8773 1
8777 1
8819 1
8824 1
8830 2
8833 2
8841 1
8850 1
8868 1
8961 1
8967 1
8972 1
8975 1
8989 1
8992 1
9008 1
9068 2
9091 1
9130 1
9132 1
9134 1
9156 1
9183 1
9193 1
9206 1
9266 1
9302 2
9315 1
9334 1
9348 1
9367 1
9369 1
9382 1
9390 1
9407 1
9411 1
9418 1
9446 5
9492 1
9511 1
9533 1
9557 1
9608 1
9614 1
9616 1
9624 1
9628 1
9650 1
9658 1
9662 1
9698 2
9728 1
9750 1
9768 1
9770 2
9785 2
9798 2
9813 1
9824 1
9831 1
9864 1
9870 1
9888 1
9889 1
9900 1
9901 1
9920 1
9964 1
9970 1
9975 1
9976 1
10014 1
10015 1
10061 1
10066 1
10122 1
10151 1
10154 1
10164 1
10168 1
10207 1
10211 1
10238 1
10242 1
10258 1
10260 1
10333 1
10345 1
10361 1
10373 1
10384 2
10387 1
10424 1
10449 1
10504 1
10508 1
10529 1
10580 1
10646 1
10657 1
10660 1
10701 1
10712 1
10752 2
10762 1
10812 1
10857 1
10906 1
10912 1
10914 1
10956 1
10999 1
11064 1
11100 1
11109 2
11126 1
11129 1
11192 2
11248 1
11261 2
11262 1
11329 2
11337 1
11347 2
11352 1
11429 1
11437 2
11472 1
11505 2
11600 1
11639 1
11653 1
11666 1
11680 1
11691 1
11704 1
11709 2
11710 2
11715 1
11742 1
11804 1
11806 1
11867 1
11873 2
11958 1
11976 1
12010 1
12067 1
12072 1
12122 1
12146 1
12169 1
12190 1
12200 1
12217 1
12275 1
12357 1
12387 1
12403 1
12466 1
12488 2
12494 2
12576 1
12607 1
12622 1
12655 1
12722 1
12780 1
12783 2
12800 1
12874 2
12879 1
12890 1
12903 1
12909 1
12920 1
13046 1
13048 2
13081 1
13120 1
13122 1
13169 1
13273 1
13302 1
13320 1
13348 1
13369 1
13372 2
13439 1
13488 1
13498 1
13555 1
13600 1
13612 2
13624 1
13647 1
13648 1
13668 2
13672 1
13686 1
13711 1
13775 1
13799 1
13873 1
13930 1
13991 1
14108 1
14173 1
14175 1
14177 1
14455 2
14456 1
14568 1
14584 1
14617 1
14662 1
14672 1
14704 1
14734 2
14753 1
14769 1
14794 2
14818 1
14892 1
14931 1
14936 1
14946 1
15057 1
15196 1
15256 1
15266 1
15271 1
15426 2
15456 2
15491 1
15527 1
15571 1
15580 1
15751 2
15762 2
15956 1
16080 2
16112 2
16241 1
16245 1
16342 1
16376 1
16384 203
16416 1
16426 9
16428 1
16446 1
16456 1
16457 1
16458 1
16459 1
16488 1
16516 2
16517 1
16579 1
16581 1
16640 1
16710 1
16716 2
16760 1
16800 1
16804 1
17094 1
17095 1
17122 1
17228 1
17302 1
17338 1
17376 1
17389 2
17592 1
17658 1
17756 1
17776 1
18034 1
18044 1
18048 1
18080 1
18204 1
18294 1
18306 2
18405 1
18414 1
18452 1
18485 1
18536 1
18554 1
18717 2
18752 2
19010 1
19024 1
19201 1
19219 1
19285 1
19495 1
19831 1
20163 1
20274 2
20313 1
20372 1
20740 1
20760 1
20867 1
20871 1
21205 1
21288 2
21374 2
21745 1
21992 1
22068 1
22190 1
22319 1
22389 1
22515 1
22665 1
22976 1
23095 1
23234 1
23391 2
23646 1
23680 1
23751 1
23811 1
23832 1
23920 1
23968 1
24222 1
24238 1
24576 156
24592 1
24610 1
24618 2
24709 1
24718 1
24808 1
24832 2
24949 1
24957 1
24958 1
24978 2
25169 1
25200 1
25262 1
25817 1
25902 2
26032 1
26104 1
26338 1
26680 1
26814 1
27053 1
27856 1
27859 1
27946 1
28220 1
28375 2
28616 1
28832 1
29316 1
29998 1
30936 1
31251 1
31414 2
31450 1
31644 1
31996 1
32112 1
32768 60
32885 1
32973 1
33415 1
33736 2
34210 1
36040 1
36418 1
36848 1
36975 1
37144 1
37792 1
37924 1
37950 1
38632 1
39159 1
39178 1
39442 1
40106 1
40282 1
40398 1
40898 1
40960 43
42068 1
42350 1
42816 1
43704 1
44182 1
45113 1
45390 1
45474 1
46190 1
47103 1
47472 1
47810 1
48072 1
49118 1
49152 17
49374 1
50608 1
50777 1
51842 1
52354 1
52518 1
52674 1
56244 1
56284 1
56413 1
57344 25
57452 1
57832 1
58979 1
59478 1
64765 1
65536 16
66366 1
67178 1
67623 1
67671 1
69276 1
69814 1
73728 8
75662 1
75722 1
75805 1
76768 1
78388 1
81441 1
81920 9
81962 1
81982 1
82270 1
86552 1
88542 1
90112 7
90896 1
92420 1
98304 4
98339 1
100715 1
100795 1
101800 1
105202 1
106496 6
106531 1
106748 1
107803 1
114688 7
116394 1
122880 6
123393 1
126696 1
129917 1
131072 4
131744 1
133439 1
147456 1
147798 1
155648 9
164172 1
172032 2
185700 1
188416 3
196608 4
197926 1
201272 1
202134 1
204800 3
205121 1
206672 1
206774 1
212920 1
212992 2
221184 1
226840 1
231058 2
237568 1
246560 2
250452 1
252440 1
253952 1
262528 1
263773 1
279692 2
295488 1
303104 1
304484 1
311818 1
322620 1
335872 1
348056 1
442368 1
483328 3
548864 1
567196 1
571526 1
573356 1
583350 1
590394 1
592117 1
606208 1
628072 1
632878 1
647168 1
663552 1
674584 1
679168 1
710072 1
753586 1
789908 1
806668 1
811008 2
828980 1
1105920 1
1165340 1
1228800 1
1236025 1
