0 87
2 1
4 3
5 6
6 8
7 1
8 30
9 3
10 5
12 5
13 1
14 4
15 3
16 8
17 1
18 3
19 4
20 10
21 6
22 3
23 1
24 10
25 14
26 8
27 6
28 7
29 10
30 8
31 10
32 7
33 6
34 7
35 10
36 7
37 4
38 9
39 13
40 8
41 8
42 6
43 8
44 5
45 5
46 6
47 4
48 14
49 13
50 14
51 10
52 5
53 16
54 14
55 16
56 8
57 11
58 10
59 4
60 10
61 10
62 8
63 7
64 5
65 17
66 13
67 3
68 9
69 9
70 14
71 11
72 3
73 5
74 6
75 5
76 2
77 7
78 1
79 10
80 4
81 6
82 16
83 12
84 6
85 3
86 1
87 1
88 4
89 1
90 7
91 9
92 6
93 1
94 6
95 6
96 6
97 11
98 8
99 10
100 26
101 14
102 17
103 4
104 3
105 3
106 3
107 4
108 2
109 2
110 4
111 4
112 9
114 1
115 4
116 2
117 4
118 12
119 2
120 2
121 4
122 4
123 4
124 1
125 3
126 3
127 4
128 8
130 5
131 2
132 2
133 3
134 3
135 2
136 3
137 3
138 2
139 1
140 1
141 8
143 2
144 6
145 2
146 4
147 1
148 3
149 6
150 11
151 2
152 1
153 2
156 1
157 3
158 7
159 3
160 4
162 2
163 1
164 5
167 3
168 1
169 2
170 4
171 4
173 3
174 4
176 1
177 2
178 1
179 2
180 2
181 1
182 3
183 7
184 8
185 7
186 1
187 1
188 2
189 2
191 2
192 4
193 4
195 1
197 3
198 7
200 4
201 1
202 6
203 1
204 5
205 2
206 1
207 3
208 2
209 6
211 4
213 3
214 3
215 4
216 8
218 1
219 4
220 3
221 4
222 3
223 1
224 2
225 1
226 3
228 2
229 1
230 1
231 2
232 1
233 4
235 1
237 2
238 1
239 4
240 2
241 1
242 2
243 2
244 1
245 1
246 4
248 4
249 1
250 5
251 1
252 3
253 1
254 4
255 2
257 2
258 1
260 4
262 8
263 4
264 5
266 1
268 2
269 4
270 1
271 7
272 2
274 1
276 3
277 1
278 1
279 6
280 1
281 3
282 4
283 2
284 1
285 6
286 1
287 5
288 1
289 6
291 6
293 2
294 1
295 3
296 3
297 1
298 1
299 2
300 2
301 4
302 3
303 2
304 10
305 5
306 13
307 6
308 2
310 2
311 1
312 3
313 5
314 4
316 3
317 1
319 2
321 4
322 1
323 1
324 4
325 1
326 2
327 1
328 3
329 3
330 1
331 5
332 2
333 1
334 1
335 4
336 1
337 3
338 1
339 2
341 3
342 2
343 1
344 3
346 1
347 2
348 5
350 1
351 1
352 2
353 2
355 1
357 2
358 4
359 7
360 2
361 1
362 1
363 2
364 8
365 2
366 3
370 6
371 3
372 3
373 5
374 2
375 1
377 1
378 7
379 5
380 1
382 2
384 1
386 6
387 2
388 1
389 1
391 1
392 2
396 1
397 4
399 6
400 1
401 3
403 3
404 1
405 1
406 8
408 1
409 1
410 1
411 2
413 1
416 3
418 1
419 5
421 1
422 2
423 2
424 2
425 2
426 5
428 2
430 3
431 1
432 3
433 2
434 2
435 2
436 5
440 4
442 1
444 2
445 5
446 4
447 4
448 2
449 3
450 3
451 2
453 3
454 4
455 3
456 1
457 1
458 3
459 4
460 8
461 40
462 8
463 12
464 3
465 1
466 3
467 2
469 1
471 1
472 1
473 2
474 3
477 1
479 2
480 1
481 2
482 4
483 1
484 3
486 5
488 1
489 4
491 2
493 1
494 1
495 2
496 3
497 1
499 3
500 8
503 1
504 3
506 1
507 2
509 1
510 1
512 359
515 3
516 6
517 5
518 2
519 1
520 2
521 2
523 4
524 3
526 2
529 1
533 3
534 2
536 1
537 1
538 1
539 1
540 2
541 2
542 3
543 2
544 2
545 1
547 3
548 1
550 1
552 1
553 1
557 2
558 1
559 1
560 24
563 3
564 1
566 2
568 1
570 1
571 1
572 3
574 3
576 3
577 1
578 1
579 2
580 1
582 3
583 3
585 1
586 2
588 1
589 2
591 2
592 2
593 1
594 1
595 1
597 3
598 2
600 2
602 1
603 1
606 1
608 5
610 2
612 1
613 1
614 2
615 2
618 2
620 1
621 2
623 1
624 1
625 1
626 5
627 4
628 3
629 2
631 4
633 3
634 2
635 1
636 1
638 3
639 1
640 3
641 2
642 2
643 4
644 2
646 2
648 1
650 1
651 1
654 1
656 1
657 5
659 2
660 3
664 1
666 6
667 1
668 2
669 1
670 3
672 2
673 2
674 4
676 2
680 1
681 3
682 3
683 1
684 1
685 1
686 1
687 1
688 4
690 5
691 1
692 1
694 1
695 2
696 1
701 2
703 3
704 2
706 2
707 1
708 3
710 1
711 1
712 1
714 1
715 1
717 1
718 1
720 2
721 1
723 1
724 2
725 2
728 3
730 4
732 1
733 3
734 4
735 1
736 1
737 1
738 2
739 1
743 3
744 3
745 1
747 1
751 2
752 3
754 3
755 1
756 1
757 3
758 1
759 5
760 3
761 3
762 1
764 1
765 4
766 1
768 1
769 3
772 2
774 1
777 1
779 2
781 1
782 1
783 2
784 2
786 1
788 1
792 1
793 3
794 1
795 3
797 2
800 3
801 2
802 1
803 2
804 2
807 1
808 2
810 3
812 1
813 3
815 1
816 1
817 2
818 1
820 1
823 3
828 3
829 2
831 3
832 3
833 2
834 2
836 1
839 1
840 1
841 2
842 1
843 1
844 1
848 4
850 2
851 1
852 1
853 2
856 3
859 1
861 1
862 1
865 1
867 12
869 2
870 3
871 1
872 1
874 1
875 1
877 2
878 1
880 1
881 1
882 1
884 1
886 1
887 3
888 2
889 7
890 1
891 1
893 3
895 1
896 2
897 11
898 1
899 2
901 1
903 1
904 1
905 2
907 2
912 1
915 1
916 3
917 2
918 1
920 2
921 1
922 2
925 4
928 3
929 1
930 2
931 3
932 1
933 1
935 3
936 1
937 5
938 6
939 2
941 4
942 1
943 2
944 2
945 1
946 2
949 2
951 1
952 3
953 5
954 1
957 6
958 1
960 2
961 1
962 1
967 2
968 1
971 2
977 3
978 1
979 1
980 1
983 1
984 1
985 2
986 5
987 1
988 3
989 2
990 1
992 5
993 3
999 1
1000 1
1003 1
1006 2
1007 1
1008 2
1009 1
1010 1
1012 3
1013 1
1016 2
1019 2
1021 3
1024 83
1025 1
1027 1
1031 1
1032 1
1033 1
1034 2
1041 3
1045 1
1046 3
1047 2
1049 1
1052 3
1054 2
1056 2
1058 4
1060 3
1061 1
1063 2
1064 1
1065 1
1066 2
1067 2
1068 2
1069 1
1072 4
1073 2
1077 1
1081 3
1082 1
1083 1
1084 1
1085 1
1088 2
1089 3
1091 2
1094 1
1095 1
1097 8
1098 2
1100 2
1102 2
1104 2
1105 1
1106 2
1107 1
1111 3
1112 1
1114 1
1116 1
1119 8
1121 1
1123 1
1124 1
1125 1
1129 2
1130 1
1133 1
1135 1
1136 1
1140 2
1142 1
1143 1
1145 1
1148 2
1149 2
1151 1
1153 2
1155 1
1157 1
1159 2
1160 1
1162 1
1166 1
1167 1
1168 2
1169 1
1171 1
1174 2
1175 1
1176 1
1178 1
1179 1
1180 1
1181 1
1182 1
1183 1
1184 1
1187 1
1188 2
1195 1
1196 3
1201 1
1202 1
1206 1
1208 2
1210 3
1215 2
1216 1
1218 3
1219 2
1222 1
1223 2
1224 1
1225 1
1230 4
1237 1
1238 1
1239 1
1241 1
1242 4
1246 4
1249 1
1255 2
1257 2
1258 1
1259 1
1261 2
1262 1
1263 3
1264 2
1267 1
1272 1
1273 2
1274 1
1275 1
1276 2
1278 2
1282 2
1285 1
1286 1
1287 2
1288 2
1289 2
1295 3
1297 1
1299 3
1300 2
1302 4
1303 1
1304 1
1305 1
1312 1
1313 1
1314 1
1316 2
1319 1
1321 1
1322 2
1323 2
1324 3
1332 1
1333 3
1334 3
1336 3
1340 2
1341 1
1344 1
1345 1
1346 3
1347 2
1349 3
1350 1
1351 2
1352 3
1354 2
1355 1
1357 4
1360 1
1361 1
1366 1
1370 1
1371 1
1373 1
1374 1
1375 1
1377 1
1378 3
1379 1
1384 1
1386 4
1387 1
1389 1
1390 1
1391 1
1392 2
1393 1
1394 1
1396 2
1398 1
1399 1
1400 4
1403 1
1404 5
1406 1
1407 1
1408 2
1409 4
1410 2
1411 1
1416 1
1417 1
1418 2
1419 2
1422 1
1423 1
1426 1
1428 1
1430 1
1433 1
1435 1
1436 1
1440 1
1442 1
1444 1
1446 2
1447 2
1449 1
1454 1
1455 2
1456 1
1459 1
1460 2
1461 1
1465 1
1466 1
1468 1
1469 1
1470 1
1471 2
1472 3
1473 1
1474 1
1475 3
1476 1
1477 1
1480 1
1483 1
1484 1
1488 1
1494 1
1495 1
1498 2
1501 1
1502 4
1503 4
1504 2
1510 1
1513 1
1515 2
1516 1
1518 1
1520 1
1521 1
1527 2
1529 1
1532 1
1533 1
1535 1
1536 26
1537 2
1538 1
1544 1
1545 1
1548 1
1549 2
1550 2
1554 1
1556 1
1557 2
1559 3
1561 2
1562 10
1563 7
1564 5
1565 3
1566 10
1567 22
1568 21
1569 16
1570 9
1572 4
1573 1
1574 1
1575 2
1577 3
1579 3
1580 4
1582 2
1584 1
1585 1
1589 1
1591 1
1594 2
1602 1
1604 2
1606 3
1607 3
1609 2
1612 3
1613 1
1614 4
1621 1
1622 4
1624 7
1625 3
1626 1
1627 4
1628 1
1631 2
1634 2
1635 2
1638 3
1640 2
1642 3
1643 2
1644 1
1646 2
1647 2
1650 2
1652 3
1655 2
1659 3
1660 1
1662 1
1663 1
1664 5
1667 2
1669 1
1676 1
1679 2
1681 1
1684 2
1685 2
1686 1
1689 1
1691 1
1692 3
1694 2
1695 1
1696 1
1698 3
1699 1
1701 2
1702 2
1703 1
1704 1
1706 1
1716 5
1717 3
1718 6
1719 2
1720 1
1722 1
1723 1
1727 1
1734 1
1741 1
1744 1
1745 1
1746 2
1747 1
1749 1
1750 3
1751 5
1752 2
1756 2
1757 1
1758 1
1759 1
1760 4
1767 1
1768 3
1770 1
1771 2
1781 1
1782 1
1786 2
1787 2
1789 2
1793 1
1796 2
1797 2
1798 1
1799 2
1803 1
1804 2
1805 1
1810 2
1811 1
1813 2
1815 1
1816 1
1817 1
1821 1
1830 1
1831 3
1832 1
1834 1
1835 1
1837 1
1838 1
1844 2
1848 1
1849 1
1851 5
1854 2
1859 1
1864 1
1865 1
1868 1
1869 1
1872 1
1874 1
1876 2
1877 2
1881 1
1884 2
1885 1
1886 2
1888 2
1890 2
1898 1
1900 1
1904 1
1905 1
1908 1
1909 1
1910 2
1912 2
1913 1
1914 1
1917 1
1923 2
1926 1
1929 5
1931 1
1932 2
1933 30
1935 1
1938 2
1941 3
1942 2
1946 1
1947 1
1953 1
1954 1
1955 1
1960 2
1961 1
1969 1
1978 2
1979 1
1980 1
1981 1
1984 3
1986 2
1989 2
1990 1
1994 4
1997 5
2001 1
2003 1
2004 4
2005 3
2006 3
2007 1
2009 1
2013 5
2017 4
2018 3
2019 1
2022 1
2023 1
2027 2
2032 1
2034 1
2035 3
2036 1
2037 4
2038 1
2040 1
2042 1
2043 2
2045 2
2046 1
2048 9
2052 1
2054 1
2056 1
2059 1
2060 2
2061 3
2063 1
2064 2
2066 1
2072 5
2074 1
2076 1
2078 1
2079 1
2083 4
2085 1
2086 1
2088 1
2090 1
2095 1
2100 1
2101 1
2103 3
2104 2
2107 1
2109 2
2110 1
2111 1
2112 2
2115 1
2123 1
2126 4
2128 1
2130 1
2132 1
2134 1
2137 1
2138 1
2141 1
2145 2
2146 1
2149 2
2150 1
2155 1
2157 1
2158 1
2159 1
2160 4
2161 2
2165 1
2169 1
2171 2
2172 2
2173 1
2174 1
2175 1
2177 1
2184 1
2186 1
2187 1
2188 3
2189 1
2190 1
2191 1
2193 9
2195 1
2197 1
2199 1
2201 1
2202 1
2203 3
2204 2
2205 2
2210 1
2212 1
2215 1
2216 1
2218 6
2221 1
2222 1
2227 2
2228 2
2229 1
2230 1
2232 1
2234 1
2235 1
2239 1
2250 1
2251 2
2254 1
2257 2
2259 1
2261 1
2262 1
2266 1
2270 1
2272 2
2273 1
2274 2
2279 1
2281 1
2282 1
2286 1
2290 1
2291 2
2292 1
2293 1
2294 1
2295 1
2302 1
2303 2
2304 2
2305 1
2306 1
2307 2
2310 1
2311 1
2313 2
2314 1
2315 1
2316 2
2321 1
2326 1
2328 2
2335 1
2336 1
2337 3
2340 2
2341 1
2346 3
2354 1
2356 1
2357 1
2362 1
2363 1
2369 1
2372 1
2373 1
2378 1
2385 1
2389 1
2392 1
2393 1
2394 1
2398 1
2399 1
2403 1
2408 3
2409 1
2412 1
2418 1
2420 1
2422 1
2426 1
2428 1
2435 2
2438 1
2439 1
2442 1
2448 1
2450 2
2451 1
2462 1
2463 2
2466 1
2470 1
2472 2
2478 1
2480 1
2487 2
2495 1
2499 2
2509 2
2518 1
2521 1
2527 4
2536 1
2539 1
2548 1
2549 5
2551 1
2556 2
2557 2
2558 1
2559 1
2560 33
2566 1
2569 1
2574 1
2577 1
2584 1
2586 1
2589 1
2590 1
2591 2
2594 2
2596 1
2597 1
2601 1
2603 2
2610 1
2613 2
2616 1
2620 1
2628 4
2629 1
2632 1
2633 1
2636 1
2637 1
2646 2
2648 1
2652 1
2672 1
2678 1
2680 1
2691 1
2694 2
2698 1
2704 1
2706 1
2707 1
2714 2
2719 1
2720 1
2721 2
2732 1
2733 2
2735 3
2736 2
2738 1
2740 1
2745 1
2747 1
2748 2
2749 1
2751 2
2752 3
2753 3
2755 1
2759 1
2762 2
2763 1
2764 1
2765 1
2767 2
2776 1
2777 1
2787 1
2792 1
2793 2
2800 1
2808 1
2811 1
2812 1
2814 1
2815 1
2816 1
2818 2
2820 1
2822 2
2824 1
2826 1
2827 1
2829 2
2832 2
2835 1
2843 2
2844 2
2847 1
2850 1
2863 1
2865 1
2869 1
2872 1
2874 1
2875 1
2880 2
2884 1
2885 1
2886 2
2887 1
2901 2
2902 1
2904 1
2906 1
2907 1
2908 2
2911 3
2912 1
2913 3
2915 4
2917 2
2925 1
2930 2
2932 1
2937 1
2938 1
2943 1
2950 1
2951 1
2954 5
2957 1
2959 1
2961 3
2962 3
2963 2
2964 4
2966 1
2967 3
2968 1
2970 3
2972 1
2973 2
2976 1
2982 3
2985 1
2988 1
2990 1
2995 1
3000 1
3003 1
3004 1
3005 1
3011 1
3013 1
3015 1
3016 2
3021 1
3022 1
3023 1
3024 1
3025 3
3026 1
3029 3
3030 4
3031 1
3033 2
3034 2
3035 1
3040 2
3043 1
3044 1
3046 1
3047 1
3048 1
3052 1
3054 3
3055 3
3056 1
3057 2
3058 1
3061 3
3062 1
3064 2
3065 2
3066 1
3067 1
3070 1
3072 5
3074 2
3075 1
3078 1
3079 1
3080 2
3081 1
3082 3
3089 2
3090 3
3091 1
3092 1
3094 1
3099 2
3100 1
3101 5
3102 2
3103 4
3104 3
3105 5
3106 1
3107 3
3108 1
3109 5
3110 3
3111 1
3112 3
3113 4
3114 2
3117 1
3118 1
3121 1
3122 1
3123 2
3125 1
3126 1
3127 1
3128 1
3133 1
3137 1
3138 2
3140 1
3143 2
3146 1
3147 2
3150 1
3151 1
3159 1
3164 1
3167 1
3168 2
3169 3
3170 1
3171 1
3172 7
3173 2
3174 2
3175 3
3176 1
3177 4
3178 2
3179 8
3180 6
3181 7
3182 3
3183 4
3184 3
3185 3
3186 3
3187 1
3188 3
3189 4
3191 3
3193 2
3194 3
3196 2
3198 1
3206 2
3208 1
3212 1
3217 1
3218 2
3219 1
3228 1
3230 2
3232 2
3233 1
3248 1
3252 1
3257 1
3269 1
3277 3
3278 1
3285 1
3286 1
3299 1
3307 2
3313 1
3314 1
3316 1
3323 1
3328 4
3329 1
3332 1
3334 1
3336 1
3340 2
3342 1
3358 2
3361 1
3369 1
3370 1
3376 2
3377 1
3380 1
3381 1
3383 1
3394 2
3398 2
3399 2
3402 1
3405 1
3407 1
3408 1
3411 2
3412 4
3413 1
3415 1
3423 4
3427 1
3428 1
3439 1
3442 1
3445 2
3450 1
3457 1
3461 2
3462 1
3466 1
3469 1
3470 1
3472 1
3478 1
3481 1
3483 1
3492 1
3495 2
3497 7
3498 1
3499 1
3500 1
3502 1
3510 1
3521 1
3529 1
3531 1
3540 1
3541 1
3544 1
3548 2
3550 1
3551 3
3554 1
3557 3
3563 1
3564 1
3570 2
3572 2
3575 1
3576 1
3579 1
3580 1
3581 1
3583 1
3584 2
3586 1
3587 1
3588 1
3592 2
3594 1
3595 1
3611 3
3614 1
3621 1
3626 1
3634 2
3635 1
3642 1
3651 3
3659 1
3662 2
3665 1
3667 1
3670 1
3676 2
3687 2
3692 1
3696 1
3702 1
3705 1
3707 1
3716 1
3717 1
3721 1
3722 1
3723 1
3724 1
3728 1
3740 2
3742 1
3745 1
3746 5
3747 2
3754 1
3758 4
3761 1
3763 1
3767 1
3768 2
3769 1
3773 1
3775 2
3776 3
3789 1
3790 1
3794 4
3800 4
3802 1
3804 1
3805 1
3807 1
3808 1
3812 1
3814 1
3816 1
3817 1
3824 1
3829 1
3831 1
3834 2
3835 2
3837 2
3839 1
3850 1
3857 1
3859 2
3862 1
3869 1
3871 1
3875 1
3878 1
3879 1
3880 1
3881 1
3885 1
3886 1
3893 1
3900 1
3907 2
3910 1
3915 1
3917 1
3924 1
3928 1
3930 1
3933 1
3939 1
3940 1
3942 1
3945 1
3946 1
3948 1
3951 1
3958 1
3962 1
3964 3
3976 1
3986 1
3987 1
3991 2
3993 1
3995 1
3997 1
3998 1
4000 1
4003 1
4007 1
4008 1
4009 1
4016 2
4019 1
4039 1
4052 1
4077 4
4078 1
4081 1
4085 1
4086 1
4088 1
4089 2
4091 1
4096 8
4097 1
4101 1
4112 1
4123 1
4124 1
4126 1
4131 1
4134 1
4140 1
4142 1
4144 1
4147 1
4159 3
4161 1
4163 1
4166 1
4169 1
4171 1
4194 1
4205 1
4219 1
4225 1
4228 2
4229 1
4232 1
4234 1
4236 2
4240 1
4244 3
4245 3
4250 2
4254 1
4255 1
4258 1
4261 1
4266 2
4267 1
4269 1
4291 1
4293 1
4294 3
4302 1
4311 1
4319 2
4320 1
4324 1
4335 1
4358 1
4363 2
4366 1
4368 1
4378 1
4381 1
4386 1
4387 2
4388 1
4389 1
4396 1
4412 1
4416 1
4422 1
4425 1
4428 1
4434 1
4442 1
4444 1
4445 1
4451 1
4455 1
4456 1
4461 2
4467 1
4486 1
4492 1
4494 1
4501 1
4502 1
4503 1
4504 1
4505 1
4508 1
4511 1
4518 1
4521 1
4531 1
4535 1
4539 1
4541 1
4544 1
4551 1
4552 1
4561 1
4563 2
4568 1
4571 1
4579 3
4580 1
4582 1
4596 1
4600 1
4602 1
4608 2
4609 1
4610 2
4611 1
4613 1
4637 1
4643 2
4649 1
4651 1
4655 1
4659 1
4671 1
4672 1
4675 2
4685 1
4691 1
4696 1
4711 3
4717 1
4725 1
4732 1
4735 1
4739 2
4745 1
4769 1
4771 1
4777 1
4781 1
4786 1
4792 1
4794 2
4797 1
4810 1
4813 1
4814 1
4816 2
4817 1
4824 1
4826 1
4831 1
4837 1
4850 1
4851 1
4853 1
4861 1
4863 1
4864 1
4865 1
4868 1
4871 1
4875 1
4878 1
4884 1
4896 1
4902 1
4907 1
4911 2
4915 1
4916 1
4925 1
4931 2
4933 1
4936 1
4938 1
4940 1
4942 1
4948 1
4950 1
4952 1
4962 1
4986 2
4994 1
4995 1
5001 1
5011 1
5015 1
5038 1
5045 1
5047 1
5052 1
5062 1
5066 1
5076 1
5087 1
5088 1
5090 1
5094 1
5100 1
5108 1
5120 1
5123 1
5135 1
5138 1
5144 1
5152 3
5167 2
5185 1
5187 1
5195 2
5203 1
5214 1
5217 1
5231 1
5235 1
5245 1
5246 1
5253 1
5257 1
5270 1
5271 1
5282 1
5284 1
5293 1
5300 1
5308 1
5311 1
5321 1
5326 2
5330 1
5334 1
5338 1
5344 1
5349 1
5352 1
5360 1
5372 1
5389 1
5394 1
5396 1
5411 1
5435 1
5436 1
5445 1
5452 1
5454 2
5456 1
5461 1
5483 1
5509 1
5524 1
5528 1
5539 1
5546 1
5548 1
5556 1
5557 1
5558 1
5560 3
5563 1
5569 1
5579 1
5582 1
5592 1
5615 1
5631 1
5632 2
5635 2
5636 1
5638 1
5651 1
5654 2
5657 1
5660 1
5672 2
5674 1
5683 1
5685 2
5693 1
5694 1
5696 1
5698 2
5707 1
5708 1
5717 1
5719 1
5724 2
5729 1
5735 1
5739 1
5744 1
5764 1
5768 1
5769 1
5783 1
5785 1
5790 1
5796 1
5798 1
5799 1
5803 3
5816 1
5829 2
5838 1
5848 1
5858 1
5867 1
5869 1
5876 4
5884 1
5893 1
5896 3
5916 1
5929 1
5934 1
5939 1
5940 1
5956 2
5961 1
5964 1
5976 1
5984 3
5986 1
5987 1
5989 1
5990 1
5997 1
6007 2
6030 1
6034 1
6040 1
6055 1
6056 2
6067 1
6072 1
6079 1
6090 1
6092 1
6098 1
6103 1
6111 1
6116 1
6119 1
6131 1
6139 1
6144 1
6160 1
6162 2
6172 2
6205 1
6210 1
6211 1
6225 1
6232 2
6234 1
6248 1
6250 1
6265 2
6269 1
6272 1
6274 2
6276 1
6286 1
6296 1
6302 1
6325 1
6330 1
6332 1
6335 2
6344 1
6346 1
6358 2
6371 1
6373 1
6376 1
6416 1
6417 1
6420 1
6424 1
6425 1
6437 1
6442 1
6453 1
6455 1
6456 1
6469 1
6490 1
6492 1
6498 1
6503 1
6506 1
6507 1
6511 1
6518 1
6532 1
6541 1
6551 1
6564 2
6568 1
6573 1
6579 2
6586 1
6590 1
6605 2
6611 1
6640 1
6644 1
6654 1
6656 1
6663 1
6688 3
6695 2
6696 2
6698 1
6705 1
6714 1
6730 1
6746 1
6756 1
6757 1
6775 1
6784 1
6800 1
6801 1
6808 1
6817 2
6824 1
6827 2
6828 1
6829 1
6831 2
6833 1
6844 3
6855 1
6882 1
6888 1
6891 1
6901 1
6903 1
6907 4
6911 1
6917 1
6928 3
6930 1
6932 2
6953 1
6956 1
6959 1
6960 2
6970 1
6989 1
6998 2
6999 1
7008 4
7009 1
7044 1
7055 1
7058 1
7062 1
7064 3
7074 1
7078 1
7097 1
7103 1
7110 1
7116 1
7123 1
7124 1
7161 1
7162 1
7164 2
7178 1
7188 1
7202 2
7212 1
7225 1
7229 2
7234 1
7264 1
7268 2
7280 1
7282 2
7310 1
7323 1
7332 1
7342 1
7347 1
7353 1
7360 1
7362 1
7364 1
7375 1
7391 1
7393 1
7399 1
7407 1
7412 3
7415 2
7417 1
7432 1
7433 1
7439 1
7449 1
7454 1
7470 1
7473 1
7491 1
7496 1
7499 1
7500 1
7504 1
7513 1
7532 1
7543 1
7554 1
7559 1
7584 1
7588 1
7592 1
7596 1
7605 1
7608 1
7621 4
7624 1
7631 1
7636 1
7652 1
7660 1
7664 1
7671 1
7700 1
7702 1
7764 1
7772 1
7788 1
7807 1
7808 1
7810 1
7824 1
7835 1
7846 1
7856 1
7864 1
7873 1
7877 1
7880 1
7920 1
7928 1
7935 1
7937 2
7944 1
7954 1
7956 1
7957 1
7959 1
7967 2
7980 1
8000 5
8041 1
8043 1
8046 1
8065 1
8075 2
8088 1
8096 1
8110 1
8122 1
8124 1
8136 1
8143 1
8172 1
8182 1
8183 1
8192 1
8205 1
8229 1
8232 1
8237 1
8239 1
8241 1
8242 2
8247 1
8258 1
8286 1
8288 1
8291 1
8298 1
8321 1
8333 1
8350 2
8359 1
8362 1
8364 1
8372 1
8387 1
8402 1
8424 1
8430 2
8463 1
8468 1
8496 1
8517 1
8541 1
8554 1
8559 1
8560 1
8562 1
8579 1
8588 1
8623 1
8645 1
8647 1
8663 1
8704 3
8705 1
8715 1
8719 2
8720 1
8759 1
8798 1
8802 1
8808 1
8815 1
8823 1
8840 1
8861 2
8866 1
8869 1
8885 1
8937 1
8952 1
8961 2
8963 1
8966 2
8980 1
8988 1
8999 1
9015 1
9016 2
9018 1
9032 1
9053 1
9055 1
9069 1
9084 1
9087 1
9090 1
9094 1
9135 1
9136 2
9143 1
9157 2
9160 1
9166 1
9169 1
9180 1
9192 1
9198 1
9201 1
9216 3
9223 1
9235 2
9247 1
9252 2
9272 1
9282 3
9288 1
9293 1
9308 1
9332 1
9361 2
9376 1
9390 1
9404 1
9413 1
9424 1
9439 1
9446 2
9451 1
9455 1
9472 34
9482 2
9519 2
9543 1
9545 1
9551 1
9558 1
9578 1
9584 1
9587 1
9607 1
9608 1
9611 1
9621 1
9645 1
9656 1
9666 1
9672 2
9688 1
9704 1
9715 1
9728 1
9731 1
9732 2
9738 1
9748 1
9755 2
9765 1
9767 1
9772 1
9773 1
9789 1
9794 1
9801 1
9807 1
9812 1
9816 1
9817 1
9834 1
9837 1
9841 1
9842 1
9894 1
9896 1
9905 1
9925 1
9927 2
9970 1
10017 1
10018 2
10048 1
10064 1
10069 1
10071 1
10081 1
10092 1
10103 1
10110 1
10124 1
10167 1
10209 1
10214 1
10257 1
10292 1
10328 1
10341 2
10362 1
10381 1
10383 1
10392 1
10403 1
10430 1
10445 1
10452 1
10468 1
10476 1
10483 1
10510 1
10515 1
10537 1
10545 1
10550 1
10567 1
10575 1
10620 1
10660 1
10671 1
10675 1
10680 1
10685 1
10698 1
10733 1
10735 1
10759 1
10800 1
10835 1
10846 2
10868 1
10885 1
10891 1
10895 2
10903 1
10924 2
10927 1
10945 1
10951 1
10956 1
10964 1
10969 2
11006 1
11010 1
11032 1
11074 1
11078 1
11083 2
11117 1
11133 1
11225 1
11258 1
11260 1
11279 1
11296 1
11302 1
11307 1
11308 1
11312 1
11317 1
11376 1
11380 1
11387 1
11391 1
11396 1
11427 2
11429 1
11460 1
11519 1
11525 1
11552 1
11581 1
11610 1
11624 1
11647 3
11695 1
11696 1
11706 1
11715 2
11729 1
11739 2
11740 1
11751 1
11768 1
11791 4
11793 1
11802 1
11824 1
11843 1
11863 2
11881 1
11890 1
11927 1
11931 1
12104 1
12110 2
12111 2
12156 2
12175 2
12204 2
12236 1
12241 6
12242 2
12270 1
12274 1
12277 2
12300 1
12308 4
12310 1
12313 3
12336 1
12338 1
12368 1
12372 1
12377 3
12425 1
12426 1
12459 1
12470 1
12499 1
12508 1
12524 3
12546 4
12557 1
12576 1
12592 1
12597 1
12624 1
12635 1
12672 1
12699 2
12706 1
12731 1
12763 1
12800 1
12809 1
12878 1
12883 1
12885 1
12888 1
12916 1
12937 1
12939 1
12950 1
12964 1
12997 1
13004 1
13027 1
13032 1
13045 1
13066 1
13081 1
13082 1
13108 1
13164 1
13181 1
13236 1
13269 4
13291 2
13308 2
13325 1
13332 1
13350 1
13359 1
13374 2
13403 1
13414 1
13418 1
13420 1
13425 1
13436 1
13444 1
13460 1
13476 1
13504 1
13514 1
13520 1
13526 1
13536 1
13558 2
13600 2
13616 1
13632 1
13637 1
13645 1
13648 1
13733 1
13742 1
13744 1
13756 1
13767 1
13776 1
13795 1
13799 1
13850 1
13864 1
13872 1
13883 1
13889 2
13894 1
13895 1
13985 1
13998 1
14000 1
14001 1
14005 1
14009 1
14016 1
14032 1
14048 1
14078 1
14084 1
14092 2
14107 1
14148 1
14149 1
14166 3
14168 1
14173 1
14180 1
14189 1
14213 1
14271 1
14314 1
14320 1
14332 1
14334 2
14337 1
14341 1
14342 1
14373 1
14402 1
14448 1
14499 1
14538 1
14563 1
14572 1
14596 1
14601 1
14602 1
14605 1
14613 2
14643 1
14678 1
14681 2
14683 1
14736 2
14770 1
14783 2
14814 1
14815 1
14819 1
14824 1
14832 1
14869 2
14925 1
14955 2
14977 1
14996 1
14999 1
15051 1
15054 1
15064 1
15076 1
15087 2
15131 1
15172 1
15186 1
15206 1
15207 1
15209 1
15252 1
15265 1
15303 1
15311 1
15399 1
15455 2
15504 1
15528 1
15556 1
15573 1
15574 1
15609 1
15651 1
15655 1
15747 1
15785 1
15798 1
15866 1
15944 1
15952 1
15953 2
15985 1
15992 2
16080 1
16111 2
16191 1
16275 1
16304 1
16375 1
16384 2
16389 2
16405 2
16424 1
16502 1
16510 1
16558 1
16559 1
16597 1
16633 2
16637 1
16701 1
16702 1
16767 1
16789 1
16794 1
16812 1
16821 3
16828 1
16843 1
16847 1
16864 1
16924 1
16980 1
17045 1
17059 1
17066 1
17159 1
17162 3
17163 1
17164 1
17172 1
17193 1
17200 1
17201 2
17206 1
17268 1
17297 1
17298 1
17323 1
17324 1
17370 1
17371 1
17419 2
17428 1
17440 1
17444 1
17447 1
17560 1
17562 1
17576 2
17680 1
17716 2
17721 1
17752 1
17781 1
17803 1
17806 1
17810 1
17842 2
17870 1
18004 1
18028 1
18058 2
18112 1
18279 1
18297 3
18328 1
18370 1
18382 1
18512 1
18699 1
18778 1
18821 1
18828 1
18906 2
18995 1
19004 1
19025 2
19074 1
19100 1
19160 1
19223 1
19248 1
19266 1
19379 1
19401 1
19416 1
19420 1
19461 1
19465 1
19527 1
19560 1
19583 1
19643 1
19773 1
19776 2
19826 1
19829 2
19876 2
19956 1
20027 1
20195 1
20260 1
20328 1
20373 1
20409 1
20414 2
20457 1
20480 1
20487 2
20495 1
20528 1
20541 1
20612 1
20651 1
20681 1
20728 2
20733 1
20768 1
20792 1
20916 1
20970 1
21072 1
21192 1
21333 3
21340 1
21384 1
21532 1
21629 1
21682 1
21782 1
21794 1
21880 1
21899 1
21907 2
21915 3
21972 1
22070 1
22102 1
22135 1
22183 1
22352 1
22364 1
22424 1
22434 1
22444 1
22502 1
22545 1
22577 1
22633 1
22638 2
22640 1
22641 1
22642 1
22645 1
22648 1
22650 3
22651 1
22653 1
22654 2
22655 1
22658 1
22660 1
22665 3
22670 1
22672 2
22674 2
22675 1
22677 2
22678 1
22683 1
22684 1
22685 1
22686 1
22687 2
22689 1
22691 2
22693 1
22701 1
22704 1
22784 1
22793 1
22823 1
22832 1
22850 1
22898 1
22907 1
22908 1
22948 1
22984 1
22992 2
23065 1
23066 2
23089 1
23110 1
23171 1
23180 1
23188 1
23211 1
23216 1
23266 1
23316 2
23350 1
23385 1
23436 1
23547 1
23596 1
23701 1
23844 1
23882 1
23888 1
23890 1
24015 1
24044 1
24064 1
24071 1
24095 1
24104 1
24120 1
24144 1
24163 1
24208 1
24252 1
24397 1
24423 1
24429 1
24480 1
24491 2
24516 1
24576 22
24603 2
24713 1
24727 1
24752 1
24829 1
24837 1
24844 2
24916 1
24935 1
25120 2
25168 1
25267 1
25344 1
25356 1
25370 1
25445 1
25572 1
25605 1
25636 1
25653 1
25699 1
25716 1
25722 1
25820 1
25821 2
25953 2
25983 7
26116 1
26141 1
26265 1
26329 1
26354 1
26491 1
26533 1
26536 1
26639 1
26652 1
26665 3
26736 1
26806 1
26808 1
26860 1
26897 1
26915 1
27007 1
27016 1
27022 1
27102 1
27142 1
27212 2
27256 1
27281 1
27336 1
27341 1
27428 1
27433 1
27448 1
27487 1
27497 1
27588 2
27658 1
27660 1
27688 1
27712 1
27748 1
27772 2
27913 1
27974 1
28217 1
28231 5
28233 1
28259 1
28336 1
28359 1
28392 1
28424 1
28444 2
28456 2
28482 1
28506 1
28632 1
28699 1
28704 2
28714 1
28759 1
28877 1
29016 1
29118 1
29123 1
29125 1
29295 1
29528 2
29631 1
29636 1
30029 2
30041 5
30200 1
30340 1
30461 1
30660 2
30671 1
30722 1
30736 1
30939 1
30995 1
31050 1
31252 1
31339 1
31497 1
31692 1
31794 1
31963 1
32002 1
32140 1
32172 1
32338 1
32451 1
32684 1
32768 16
33080 1
33116 1
33177 2
33322 1
33376 1
33415 2
33618 1
33648 1
33655 2
33675 1
33755 1
34046 1
34059 2
34089 1
34098 1
34224 1
34292 1
34295 1
34327 1
34342 2
34463 1
34635 1
34645 1
34679 1
34737 1
34743 1
34749 2
34979 1
35232 2
35356 1
35427 1
35686 1
35722 1
35880 2
35958 1
35979 1
36287 1
36312 1
36490 1
36555 1
36628 1
36700 1
36714 1
36975 2
37149 2
37181 1
37494 1
37777 1
37879 1
37993 1
38020 1
38096 1
38161 1
38164 1
38402 1
38472 1
38482 1
38497 1
38604 1
38680 1
38846 1
39030 1
39093 1
39123 1
39432 1
39435 2
39469 1
39533 1
39572 1
39656 1
39882 2
39924 1
39981 3
40026 1
40066 1
40154 1
40200 1
40228 1
40286 1
40380 1
40500 1
40632 1
40673 2
40960 14
40964 1
41093 2
41253 1
41272 1
41319 1
41356 1
41384 2
41569 1
41734 1
41800 1
41847 2
41969 1
42219 1
42261 8
42290 2
42306 1
42312 1
42335 1
42383 1
42500 1
42552 2
42653 4
42754 1
43347 1
43566 1
43603 1
43661 1
43827 1
44138 1
44192 1
44233 1
44250 1
44334 1
44508 1
44711 1
44728 1
44752 1
44850 6
45123 1
45396 1
45729 1
45940 1
45948 1
46053 1
46091 1
46333 1
46491 1
46497 2
46547 1
46804 1
46850 1
47384 1
47556 1
47748 1
47984 1
48039 6
48164 4
48384 1
48404 1
48496 1
48614 1
48757 1
48920 1
49152 3
49333 1
50105 1
50248 1
50292 1
50345 1
50365 1
50377 1
50550 1
50597 1
50852 1
51011 1
51125 1
51306 2
51538 1
51564 1
51952 1
52135 1
52252 1
52258 1
52312 1
52588 1
52612 1
53116 1
53416 1
53436 1
53448 1
53468 1
53611 1
53772 1
53790 1
53804 1
53868 1
54101 1
54624 1
54654 1
54780 1
54875 1
55232 1
55257 1
55700 2
56191 1
56467 1
56678 1
56756 1
56960 1
57120 1
57192 1
57344 3
57384 1
57859 1
58142 1
58352 1
58644 1
58877 2
59463 1
59707 1
59984 1
60353 1
60620 1
61191 1
61440 1
62501 1
62727 1
62756 1
62891 1
62974 1
63081 1
63425 1
63442 1
63796 1
63852 1
63876 1
64000 1
64069 2
64568 1
64849 1
64909 1
64939 1
64972 1
65443 1
65536 17
65551 3
66164 1
66387 1
66412 1
66413 1
66437 1
66446 1
66659 1
66878 1
67264 1
67748 1
67832 1
68139 1
68444 1
68702 2
68891 1
69101 2
69873 1
69877 1
69989 1
70104 1
70224 1
71003 1
71078 1
71308 1
71497 1
71916 1
71931 1
72000 2
72296 1
73045 1
73188 1
73400 1
73641 1
73685 1
73728 2
74291 1
74455 1
74518 1
74718 1
75272 1
75322 1
75395 1
75438 1
75594 1
75722 2
76305 1
76415 1
76563 1
76767 1
76970 1
77748 1
78090 1
78824 1
79603 1
80413 1
80523 1
80820 1
80851 1
81578 1
81920 3
82372 1
82640 1
83005 1
83517 1
84103 1
84386 1
85375 1
85928 1
86233 1
87037 1
87721 1
87780 1
88783 1
89047 1
89665 1
89708 1
90112 1
90626 1
90894 1
90903 1
91864 1
92359 1
92447 1
92788 1
95971 1
96012 1
96712 1
97469 1
98304 1
101254 1
102400 1
102652 1
102720 1
103273 1
103448 1
104114 1
104143 1
104159 1
105228 1
105313 1
106370 1
106496 1
107203 1
108223 1
108751 1
109102 1
109905 1
110137 1
114140 1
114608 1
114688 1
117005 1
117827 1
119624 1
120085 1
121789 1
122880 4
123308 1
125407 1
125494 1
126047 1
126169 1
126567 1
127307 1
127866 2
129011 1
130060 1
130153 1
130444 1
130565 1
130676 1
131072 5
132041 1
132108 1
142044 1
143360 1
145234 1
145688 1
146114 1
146152 7
146243 4
146680 2
146697 2
146701 2
146770 9
147456 3
148366 1
149177 1
153653 1
154530 1
154592 1
157019 1
160028 1
162688 1
162796 1
163840 2
163856 2
165125 1
169377 1
170942 1
174106 1
180224 1
181667 1
182223 1
184321 2
188416 5
198992 1
211712 1
212992 3
214640 1
221184 2
224572 1
233907 1
237568 2
243000 1
245760 2
256000 1
260074 1
262144 23
262225 1
264088 1
264249 1
264749 2
266572 2
274238 2
277916 2
278794 1
284806 1
285569 1
286720 2
287088 1
287094 1
287466 1
290165 1
290930 1
290934 1
291703 2
292472 2
292476 6
293231 1
293247 1
294018 1
294022 2
294798 2
294912 1
295573 1
296348 1
296484 2
297123 1
297898 1
302444 2
303104 1
318835 1
324178 1
324589 1
324712 1
327680 1
344064 3
354857 1
360064 1
365091 1
372698 1
375039 1
375498 1
376832 2
392293 1
405695 1
412040 1
413200 1
417792 2
456475 1
458207 1
458428 1
487573 1
491520 2
504933 2
514908 1
519100 2
532480 1
540421 2
543220 1
564445 1
565732 1
568064 1
573658 1
574204 1
588494 1
591928 1
596756 1
606153 1
609492 2
614161 1
622796 2
631960 3
634272 1
634276 1
640500 1
646896 1
671880 1
716426 1
721991 1
790539 1
806768 1
901120 2
915653 1
917417 1
918896 1
927941 1
933888 2
955028 1
958224 1
1000072 2
1048656 4
1048669 1
1091444 1
1108840 1
1204224 1
1343488 1
1363324 1
1387309 1
1470728 1
1540096 1
1554508 1
1605632 1
1622016 1
1630208 1
1736704 1
1753088 1
1756607 1
1941758 1
1990656 1
2072576 1
2109024 1
2109476 1
2462400 1
2883268 1
3227856 1
6619256 1
9474048 1
