0 22
1 2
2 2
6 2
8 1
10 1
14 75
15 44
16 26
17 22
18 7
19 10
20 5
21 4
23 1
25 2
27 2
29 3
30 4
31 2
32 6
33 2
34 6
35 8
36 8
38 2
39 3
40 2
41 2
42 4
49 3
50 4
51 4
54 2
56 4
57 8
58 4
62 2
63 4
64 6
65 1
66 2
67 1
68 2
69 2
71 2
72 3
73 6
74 3
77 2
78 4
79 4
80 4
81 2
82 4
83 5
86 2
88 1
90 4
91 6
95 1
96 1
97 2
99 4
100 3
102 2
104 2
112 2
113 2
119 2
121 2
122 3
124 3
128 2
134 1
135 2
137 2
140 3
141 2
142 4
144 2
149 4
150 4
152 2
153 2
156 4
158 2
160 1
161 2
163 2
164 1
176 2
178 1
180 1
181 2
195 1
198 2
200 5
205 2
209 2
215 4
220 2
223 4
228 1
229 1
236 5
238 1
241 2
248 3
251 2
252 2
253 1
257 2
264 2
265 2
268 2
269 2
273 1
280 2
285 1
286 2
293 4
296 4
297 3
299 2
303 2
306 2
308 2
310 2
317 2
322 1
324 1
328 4
340 1
345 2
348 2
352 1
354 2
363 1
364 2
375 2
376 2
392 1
396 1
399 2
401 2
405 2
411 1
413 2
414 1
416 1
428 1
434 2
441 1
449 1
450 2
453 1
456 2
459 1
460 1
472 3
476 2
483 2
486 2
487 1
492 1
493 1
494 1
500 1
501 2
512 118
516 2
521 2
524 2
533 1
539 2
540 4
544 5
547 2
550 2
555 2
559 2
564 3
567 2
568 1
572 4
574 2
580 4
588 1
596 3
599 2
600 2
601 2
612 1
614 1
629 2
631 2
642 1
643 2
644 1
648 6
649 4
653 2
654 2
672 2
678 2
685 2
686 2
687 2
688 2
690 1
691 2
696 2
702 2
710 2
712 1
714 1
716 4
722 2
732 1
733 2
737 2
744 4
748 2
749 2
753 2
754 1
755 2
760 2
767 1
772 2
776 2
796 6
803 2
804 6
805 2
808 4
811 2
815 2
816 2
820 1
825 1
833 2
840 1
841 2
847 2
854 2
861 3
866 2
867 1
869 2
871 2
874 2
876 2
886 2
890 2
895 2
900 2
905 2
911 1
914 1
920 2
936 1
960 5
980 2
983 2
984 4
985 2
992 1
1007 2
1008 2
1010 2
1016 2
1024 7
1025 2
1029 2
1032 1
1034 2
1035 1
1037 2
1046 1
1053 1
1056 2
1063 1
1064 4
1066 1
1079 2
1089 2
1093 2
1100 1
1105 1
1108 2
1112 2
1116 1
1117 2
1132 2
1133 2
1137 2
1138 1
1142 2
1144 2
1145 1
1147 2
1151 2
1163 2
1176 1
1179 2
1180 2
1183 2
1188 3
1196 2
1202 2
1204 2
1208 2
1216 2
1221 1
1224 2
1225 1
1243 2
1248 1
1254 2
1260 2
1264 2
1269 2
1270 2
1274 2
1284 1
1285 2
1290 2
1299 2
1300 1
1303 2
1307 2
1311 1
1316 1
1320 2
1324 2
1328 1
1335 1
1344 1
1349 1
1364 2
1368 1
1371 1
1377 2
1380 2
1400 1
1416 1
1417 2
1428 2
1431 2
1436 2
1441 2
1455 2
1456 2
1458 2
1459 2
1467 2
1468 3
1469 2
1475 1
1480 2
1485 4
1516 2
1521 2
1524 2
1528 2
1536 1
1541 2
1543 2
1549 2
1556 2
1558 2
1559 2
1560 2
1562 2
1564 4
1569 2
1584 2
1592 1
1595 2
1626 2
1631 2
1632 2
1636 2
1637 1
1641 4
1644 2
1649 2
1656 2
1668 2
1672 2
1676 4
1691 2
1705 2
1708 2
1716 2
1720 2
1721 2
1732 2
1733 1
1740 2
1744 2
1745 2
1748 1
1751 2
1772 2
1777 2
1780 1
1794 1
1801 2
1818 2
1820 2
1824 2
1839 6
1843 2
1852 2
1857 4
1859 6
1871 1
1872 5
1884 2
1896 2
1912 2
1916 2
1950 2
1952 4
1953 2
1965 1
1967 2
1997 2
2002 2
2011 1
2020 2
2024 2
2028 2
2032 1
2040 1
2044 2
2045 2
2048 4
2058 1
2060 4
2080 3
2089 2
2096 2
2098 1
2099 1
2104 2
2115 2
2132 2
2142 2
2144 2
2151 1
2153 2
2156 1
2164 2
2172 1
2178 1
2180 1
2214 2
2220 1
2227 2
2233 2
2280 1
2281 2
2284 2
2300 2
2308 2
2309 2
2310 2
2324 2
2352 6
2356 2
2360 4
2363 2
2364 1
2380 2
2389 2
2398 1
2456 2
2468 1
2475 2
2484 2
2507 4
2512 2
2513 2
2516 2
2518 2
2536 1
2542 1
2559 1
2560 5
2580 2
2584 2
2592 1
2593 1
2597 2
2608 1
2616 2
2619 2
2621 1
2625 2
2628 2
2632 2
2644 2
2652 2
2687 2
2692 2
2719 1
2731 2
2732 1
2738 2
2752 1
2765 1
2767 2
2771 2
2791 2
2792 1
2808 2
2823 1
2828 2
2832 3
2840 1
2860 2
2876 2
2880 2
2881 1
2896 2
2905 2
2907 2
2908 2
2918 2
2927 2
2928 1
2937 2
2945 1
2978 1
2979 2
2982 1
2986 1
2996 3
3005 2
3012 2
3013 2
3014 2
3016 2
3020 2
3024 1
3033 2
3036 4
3056 3
3069 1
3076 2
3091 4
3092 1
3122 3
3128 1
3152 2
3153 2
3196 2
3204 1
3214 1
3240 2
3248 4
3274 2
3277 2
3290 2
3292 3
3321 2
3349 2
3379 2
3383 1
3404 2
3418 2
3444 2
3448 1
3450 2
3472 1
3487 2
3489 2
3508 2
3512 2
3550 2
3557 1
3564 2
3575 2
3592 1
3611 2
3612 2
3674 2
3684 1
3697 1
3701 1
3740 2
3741 2
3747 1
3752 2
3756 4
3764 1
3766 2
3785 2
3819 2
3837 2
3840 3
3852 4
3853 2
3857 2
3861 1
3872 2
3886 2
3891 2
3892 2
3908 2
3920 2
3936 2
3949 2
3958 2
3964 2
3968 2
4003 1
4012 1
4024 2
4058 2
4066 2
4088 1
4092 2
4093 1
4099 2
4110 2
4112 2
4116 2
4118 1
4140 2
4152 2
4176 2
4182 2
4188 1
4193 1
4197 1
4204 2
4207 1
4226 1
4228 2
4236 2
4256 2
4268 2
4272 2
4288 2
4292 2
4328 1
4352 2
4378 1
4380 2
4396 4
4409 3
4413 1
4417 2
4427 1
4452 2
4454 1
4476 2
4481 2
4488 2
4505 2
4508 2
4548 1
4568 2
4591 2
4616 2
4624 2
4635 2
4640 2
4664 2
4684 1
4692 4
4708 3
4714 2
4739 1
4740 2
4748 2
4756 2
4765 2
4768 2
4787 2
4809 1
4814 2
4820 1
4824 2
4841 2
4864 2
4868 1
4890 2
4900 2
4901 1
4918 2
4928 1
4955 2
4957 2
4982 2
4985 2
4990 2
5016 2
5041 2
5042 2
5048 1
5052 1
5053 2
5057 1
5068 1
5072 4
5088 1
5096 4
5116 1
5120 1
5124 2
5139 1
5192 1
5216 4
5220 2
5268 1
5298 2
5336 1
5365 2
5366 2
5371 2
5380 2
5420 4
5465 1
5472 2
5476 1
5507 2
5512 1
5595 1
5604 2
5632 2
5650 1
5670 2
5692 2
5700 3
5738 1
5756 1
5760 5
5768 1
5812 1
5836 2
5837 2
5844 2
5871 2
5876 1
5896 2
5907 2
5913 2
5953 1
5992 1
6000 2
6032 1
6055 1
6056 1
6096 2
6144 2
6149 1
6156 1
6217 2
6223 1
6247 1
6268 2
6269 2
6296 2
6304 1
6328 1
6331 2
6376 2
6388 1
6404 1
6416 1
6484 1
6488 1
6491 2
6505 1
6512 2
6581 1
6600 4
6601 2
6632 2
6700 1
6708 1
6729 2
6763 4
6824 1
6840 1
6869 2
6873 2
6900 2
6918 2
6931 2
6940 2
6955 2
6964 1
6970 2
6996 1
7001 2
7015 2
7039 1
7057 2
7159 2
7175 1
7226 2
7227 2
7252 2
7312 2
7451 2
7464 2
7472 1
7480 1
7487 2
7556 1
7579 1
7740 2
7768 2
7784 1
7792 1
7821 1
7832 2
7900 2
7902 2
7908 2
7920 2
7952 1
7956 2
7960 1
7996 1
8041 1
8060 2
8108 1
8112 4
8143 2
8160 2
8182 1
8192 1
8200 1
8223 1
8246 2
8248 2
8263 2
8312 2
8317 2
8320 1
8365 1
8384 1
8388 2
8412 1
8420 1
8481 1
8496 1
8497 1
8540 1
8560 1
8576 2
8580 1
8596 1
8605 2
8636 1
8637 1
8712 1
8734 2
8764 1
8830 2
8833 2
8880 2
8996 2
9028 2
9068 2
9102 1
9109 1
9125 1
9196 2
9232 2
9312 2
9336 2
9364 1
9403 1
9419 1
9451 1
9452 1
9504 1
9548 1
9656 1
9698 2
9759 1
9767 1
9870 2
9935 3
9966 2
9980 1
10004 1
10044 1
10131 2
10361 2
10439 2
10466 1
10480 2
10505 2
10508 2
10536 2
10620 1
10660 1
10728 2
10752 2
10772 2
10882 1
11001 1
11008 2
11017 1
11058 1
11109 4
11192 2
11261 2
11264 2
11308 1
11340 2
11347 2
11360 1
11448 2
11505 2
11534 2
11627 2
11660 2
11674 1
11710 2
11740 2
11873 2
11927 1
11976 1
11979 1
12052 2
12076 2
12101 2
12106 1
12108 2
12180 2
12228 2
12324 2
12458 1
12474 1
12560 1
12592 1
12652 1
12668 1
12696 2
12722 1
12739 1
12783 2
12796 2
12825 2
12840 2
12849 2
12932 2
12996 2
13007 1
13152 1
13160 1
13372 2
13381 1
13387 1
13390 1
13444 1
13520 2
13584 1
13653 1
13668 2
13732 2
13813 2
13824 1
13868 1
13900 1
13940 1
13952 2
13956 2
13998 2
14553 2
14568 2
14612 4
14704 1
14852 1
15200 2
15244 1
15426 2
15485 2
15489 2
15571 2
15696 2
15733 1
15751 2
15881 1
15889 1
15988 1
16204 1
16246 2
16304 2
16324 1
16332 1
16384 9
16423 2
16534 2
16556 1
16590 4
16684 1
16716 2
16802 1
16807 1
16964 1
16976 1
17291 2
17377 1
17392 1
17464 1
17546 2
17867 1
17984 2
18034 2
18052 1
18238 2
18296 1
18306 2
18340 1
18479 1
18499 2
18532 1
18710 1
18717 2
18752 2
18892 2
18900 2
19152 1
19224 1
19336 1
19368 1
19496 1
19595 1
19695 2
20006 1
20014 1
20714 1
20773 2
21044 2
21200 1
21264 2
21268 2
21336 2
21374 2
21716 1
22040 1
22564 2
22612 1
22693 1
23068 1
23196 1
23493 2
23632 2
24160 1
24576 7
25316 2
25374 2
25594 2
25618 2
25965 2
26403 1
26419 1
26644 2
27612 1
28550 1
29279 2
31064 1
31088 1
31336 1
31524 1
31741 1
32768 9
34212 1
36844 1
37460 1
38072 4
38308 1
38860 1
39016 1
40016 2
40565 1
41422 1
41454 1
41566 1
41598 1
42529 1
42609 1
42945 1
44664 1
44816 1
45116 1
45608 1
46002 1
46068 1
46686 2
49208 2
49780 2
50027 2
51040 1
52655 1
64672 1
65536 2
69002 1
69026 1
79840 1
81920 2
83324 1
106496 2
110352 1
114688 2
140361 2
140904 1
147456 2
163840 2
172900 2
180224 2
188416 1
196608 1
248720 1
311852 1
1250400 1
1448164 1
1731894 1
1802617 1
