0 18
1 1
2 3
3 2
5 3
6 2
8 1
9 2
11 2
13 1
14 1
15 2
16 1
18 1
19 1
22 1
23 1
26 2
28 2
34 1
38 1
39 2
40 2
44 8
67 1
68 1
69 2
73 1
74 1
79 1
82 2
83 1
90 1
104 1
109 1
112 2
113 1
133 1
135 1
136 1
151 1
156 1
166 2
169 1
170 1
177 1
182 1
183 1
189 1
201 1
206 7
207 1
211 1
217 13
218 6
221 1
223 1
228 1
242 1
250 1
253 1
261 1
275 1
279 1
292 1
293 1
306 1
310 1
337 1
369 1
370 1
378 1
405 1
410 1
417 1
422 2
425 1
432 1
442 1
472 1
486 2
492 1
493 1
512 149
517 1
536 1
559 1
572 1
583 1
621 1
640 1
644 1
645 1
648 1
650 1
667 1
698 1
701 1
703 1
706 1
770 1
775 1
781 1
803 1
807 1
815 1
818 1
843 1
848 1
871 1
880 1
887 1
912 1
920 1
1024 4
1036 1
1047 1
1090 1
1135 1
1156 1
1165 1
1178 2
1209 1
1214 1
1231 2
1258 1
1360 1
1389 1
1436 1
1438 1
1478 1
1486 1
1530 4
1531 1
1550 1
1585 1
1674 1
1717 1
1729 1
1812 1
1844 1
1861 1
1866 1
1925 1
1940 1
1980 2
1984 1
2008 1
2048 1
2055 1
2093 1
2224 1
2298 6
2329 1
2336 1
2382 1
2411 1
2436 1
2493 1
2600 1
2858 1
2865 1
2901 1
2919 1
2965 1
3058 1
3072 1
3142 1
3196 1
3281 1
3288 1
3655 3
3827 1
3831 1
3873 1
3926 1
4096 15
4321 1
4428 1
4801 1
4831 1
4850 1
4889 2
4907 1
5120 1
5243 1
5273 1
5560 1
5819 1
6144 1
6579 1
6698 3
6749 1
7168 1
7237 1
7241 2
7680 1
8067 1
8186 1
8192 6
8670 1
8873 1
10617 2
12124 1
12288 2
13734 1
15360 1
17188 1
20480 1
22416 1
25780 1
26435 1
28672 1
32222 1
32341 1
32768 1
40960 1
45056 1
45119 1
48107 1
49152 1
62188 1
87598 1
92592 1
107855 1
173949 1
1077996 2
