19 1
20 1
65 1
87 1
88 1
90 4
93 1
96 2
102 3
105 1
106 1
111 2
115 2
117 3
120 1
126 2
133 1
135 1
157 1
175 1
184 1
206 1
212 1
219 1
224 2
235 1
239 1
272 3
275 1
278 2
281 4
284 2
293 3
296 4
299 1
317 1
325 1
332 1
337 3
343 1
352 1
413 1
424 2
512 32
537 1
577 1
597 1
603 1
624 1
646 1
723 1
752 1
758 1
784 1
818 1
824 3
827 1
833 1
836 1
839 1
842 1
845 1
875 1
884 1
887 1
890 1
919 1
948 1
983 1
1024 1
1058 1
1076 1
1135 1
1189 1
1198 1
1274 1
1349 1
1375 1
1536 3
1696 1
1756 1
1805 1
1843 1
1871 1
1880 1
1883 1
1886 2
1889 2
1895 2
1898 1
1905 1
1949 1
1976 1
2036 1
2076 1
2104 1
2138 1
2184 1
2201 1
2239 1
2355 1
2397 1
2465 1
2488 1
2700 1
2740 1
2828 1
2849 1
3001 1
3037 1
3070 1
3078 1
3082 1
3095 1
3098 1
3128 1
3154 1
3155 1
3184 1
3202 1
3220 1
3234 1
3260 1
3275 1
3293 1
3295 1
3304 1
3314 1
3358 1
3397 1
3400 1
3410 1
3422 2
3445 1
3454 1
3476 1
3487 1
3497 1
3503 1
3505 1
3554 1
3560 1
3571 1
3574 1
3581 1
3604 1
3614 1
3653 1
3661 1
3758 1
3770 1
3795 1
3798 2
3811 1
3829 1
3836 1
3841 1
3844 1
3854 1
3856 1
4001 1
4010 1
4152 1
4466 1
4534 1
4567 1
4581 2
4693 1
4778 1
4801 1
5081 1
5091 1
5107 1
5144 1
5153 1
5422 1
5605 1
5623 1
5735 1
5754 1
5767 1
5805 1
5882 2
5884 1
5889 1
5935 1
5951 1
6169 1
6414 1
6421 1
6529 1
6660 1
6713 1
6775 1
7090 1
7168 1
8192 1
8244 1
8371 1
8462 1
8696 1
8818 1
8907 1
9220 6
9385 1
9457 1
9538 1
9750 1
9837 1
10332 1
11044 1
11674 2
13052 2
13316 22
14103 1
14323 1
15196 1
15275 1
16335 1
16992 1
17412 10
18534 1
18623 1
21508 2
25604 8
25962 1
26094 1
29700 2
30372 1
33796 1
34029 1
34261 1
35874 1
37821 1
37892 3
39489 1
40588 1
40596 1
41988 3
46084 1
51431 1
58372 1
61812 1
65536 2
70379 1
70660 1
72739 1
74756 2
76433 1
78852 1
90409 1
119812 1
123908 1
163492 1
181252 1
189444 1
203526 1
218649 1
234076 1
295940 1
316937 1
320685 1
332804 1
488877 1
567919 1
579206 1
662916 1
668734 1
800174 1
808209 1
878864 1
911088 1
930820 1
1002529 1
1373188 1
1474560 1
2191360 1
2723840 1
6307840 1
