0 2
5 1
6 4
7 2
8 11
9 3
10 9
11 13
12 4
13 9
14 4
16 1
17 6
18 2
19 1
20 1
21 3
22 1
25 1
26 1
27 2
28 2
30 2
31 4
32 2
35 1
37 1
38 3
40 10
42 2
43 1
46 2
47 3
48 2
49 1
50 2
51 2
52 2
53 3
54 3
56 1
57 3
58 2
59 1
60 1
62 1
64 2
65 2
66 2
67 1
69 2
70 1
73 2
74 3
75 1
76 2
77 2
78 10
79 1
80 2
82 3
83 2
86 2
87 3
88 2
90 1
93 1
94 3
95 1
99 1
100 2
101 1
103 1
104 1
105 3
106 3
108 2
109 3
110 1
111 1
112 4
114 2
118 4
120 1
122 1
125 1
130 2
131 1
132 3
133 1
135 1
138 1
139 1
140 2
143 1
144 4
145 1
147 1
150 1
151 1
157 2
159 2
164 3
166 5
167 4
168 2
169 1
170 2
171 1
172 1
173 2
174 2
175 1
176 3
177 2
178 1
180 1
181 1
182 5
183 5
184 8
185 4
187 4
188 1
189 3
190 1
192 2
193 2
194 4
195 4
196 6
197 3
198 1
199 2
201 2
203 3
204 2
205 1
206 2
207 2
208 1
210 1
211 1
212 2
213 3
214 1
220 3
225 1
227 1
228 4
231 1
232 3
234 1
236 1
238 2
241 2
242 3
245 2
247 3
248 1
249 1
250 2
251 1
252 2
254 1
256 1
257 1
263 1
267 1
268 1
269 2
270 2
271 1
273 1
276 1
277 1
278 1
279 1
280 1
281 1
284 5
286 2
287 2
288 1
289 2
290 3
291 2
292 2
293 3
294 16
295 3
298 1
299 1
307 1
309 2
311 1
312 1
313 1
315 1
317 1
322 1
323 2
324 2
325 3
327 1
330 3
332 1
333 1
334 1
335 1
337 2
340 1
342 1
343 2
344 1
345 5
346 4
347 4
348 2
349 1
350 1
351 4
353 1
357 2
358 2
359 1
361 2
362 1
363 1
366 1
367 1
370 2
372 2
374 1
375 2
376 1
377 1
378 1
380 1
384 1
386 1
387 1
389 1
391 1
392 2
394 1
395 1
396 2
400 1
401 2
402 1
403 2
404 2
406 3
409 1
410 2
411 1
412 2
413 1
415 1
416 2
417 2
419 2
420 2
422 2
423 1
424 1
426 1
428 1
429 1
430 2
431 2
432 3
433 2
434 1
435 2
436 4
439 1
441 2
442 1
443 3
444 1
445 2
446 4
447 2
449 1
450 5
452 8
453 2
454 3
455 12
456 2
457 2
458 7
459 4
461 6
462 6
463 3
464 3
465 4
468 3
470 1
471 1
472 1
474 2
475 1
476 4
478 2
479 2
480 1
482 3
483 1
484 1
487 2
489 3
490 1
491 1
492 1
495 2
496 3
498 1
499 1
502 2
505 2
510 1
511 1
512 484
513 2
514 2
515 1
517 1
518 1
519 4
520 3
521 5
523 4
524 1
526 1
530 1
531 2
532 1
533 1
534 2
535 5
536 1
537 2
538 2
540 1
544 1
545 1
546 1
547 3
548 1
551 4
552 2
553 1
554 1
555 1
556 1
558 3
559 2
560 2
561 1
564 1
565 4
567 1
568 4
569 3
571 1
573 1
574 5
575 2
576 1
578 2
579 2
580 2
581 1
583 1
585 1
586 3
587 2
588 5
590 2
591 1
592 5
593 2
594 2
596 2
597 2
599 1
604 1
605 1
606 1
607 1
608 2
610 2
611 2
612 3
613 3
614 3
615 1
616 4
617 1
618 1
619 3
620 1
621 1
622 1
624 1
625 1
626 1
627 2
628 3
629 4
630 1
631 3
632 4
633 1
634 2
637 2
640 1
641 3
642 1
643 2
644 2
645 1
646 1
647 2
650 2
651 3
652 2
653 1
654 1
656 2
658 1
659 1
660 2
661 3
662 1
663 1
664 1
665 3
666 1
667 3
668 2
669 2
670 2
671 1
672 2
673 2
675 1
676 2
679 1
680 1
682 3
683 1
684 2
685 2
687 2
688 1
689 3
690 1
694 1
695 4
696 2
698 1
699 2
700 1
702 1
703 1
704 6
705 2
707 2
708 1
709 2
710 1
712 4
713 2
715 2
717 1
718 1
720 2
722 3
723 3
724 1
725 2
726 4
727 1
728 2
730 3
731 1
733 2
734 2
735 2
736 5
737 2
738 1
739 2
741 2
742 2
745 3
747 2
748 2
750 1
751 1
752 1
753 4
754 4
755 2
756 2
757 4
758 1
759 1
760 3
761 3
762 4
763 3
764 3
765 1
766 1
767 5
768 1
769 1
770 3
771 2
772 3
774 3
775 2
776 1
778 2
779 2
780 2
782 2
783 1
785 1
786 1
788 2
789 3
790 2
791 4
792 2
794 2
795 3
798 2
799 2
800 3
801 3
802 3
803 2
804 2
805 2
806 2
808 4
810 2
811 1
812 2
813 4
814 1
815 1
816 1
819 1
820 2
821 1
822 2
823 1
824 4
825 5
826 4
829 6
830 3
832 4
833 1
834 3
836 2
837 4
838 3
840 5
841 2
842 2
843 1
844 2
845 1
846 1
847 7
850 6
852 4
853 1
855 1
856 1
857 2
858 3
859 7
860 2
861 2
862 2
864 1
865 3
866 1
867 4
868 3
869 1
870 4
871 2
872 3
873 2
875 3
876 2
877 1
879 3
880 5
881 2
882 2
884 1
885 1
887 5
888 2
889 1
890 4
891 4
892 1
893 1
895 3
898 4
899 2
900 4
903 1
906 7
907 4
908 3
909 4
910 2
911 3
912 3
913 5
914 4
915 2
916 3
917 1
918 4
919 1
920 1
921 2
922 2
923 2
924 2
925 2
926 4
927 2
928 4
929 1
930 2
931 3
932 1
933 4
935 2
937 2
938 1
939 1
941 3
942 1
943 3
944 3
945 2
946 2
947 3
948 3
949 1
950 1
951 4
952 4
953 1
954 2
955 1
956 1
957 1
959 1
960 1
962 3
963 3
964 3
965 2
967 3
968 4
970 1
971 7
972 2
973 2
974 2
975 1
976 2
977 3
978 2
979 1
980 1
981 1
982 4
984 6
985 3
986 2
987 2
988 2
989 2
990 3
993 1
994 2
995 1
996 1
997 2
998 3
1002 3
1003 2
1006 5
1007 2
1009 2
1010 2
1011 2
1012 3
1013 1
1014 3
1015 2
1017 2
1019 4
1020 2
1021 3
1022 3
1023 2
1024 18
1025 2
1026 2
1028 4
1029 3
1030 3
1031 3
1032 3
1033 4
1034 2
1035 3
1036 1
1037 1
1038 1
1039 2
1040 3
1041 4
1042 1
1043 2
1046 4
1047 2
1049 3
1051 3
1052 1
1053 4
1054 3
1055 6
1056 3
1057 2
1058 5
1059 1
1060 1
1061 1
1062 1
1064 2
1065 2
1066 1
1067 1
1068 2
1069 4
1070 2
1071 1
1072 5
1073 1
1074 1
1075 1
1076 2
1077 3
1078 2
1079 1
1080 3
1081 4
1082 3
1083 5
1084 3
1085 2
1086 4
1087 1
1088 3
1089 1
1090 6
1091 1
1092 2
1093 1
1094 1
1095 8
1096 4
1098 3
1099 5
1100 3
1101 2
1102 1
1103 4
1104 2
1105 1
1106 2
1107 2
1108 3
1109 1
1110 2
1111 1
1112 2
1113 2
1114 2
1115 1
1116 2
1117 2
1119 3
1120 2
1121 3
1122 4
1123 3
1124 1
1125 2
1126 2
1128 2
1130 4
1131 4
1132 2
1133 3
1134 1
1135 4
1136 3
1137 1
1138 2
1139 2
1141 2
1142 1
1143 5
1144 2
1145 1
1146 4
1147 2
1148 2
1149 2
1150 2
1151 1
1152 1
1154 5
1155 2
1157 2
1158 4
1159 4
1160 3
1161 1
1164 3
1165 1
1166 1
1167 2
1168 1
1169 2
1170 2
1171 1
1172 2
1173 2
1174 6
1175 6
1177 1
1179 2
1180 2
1182 2
1184 1
1185 1
1186 2
1189 1
1190 3
1191 1
1192 4
1193 2
1194 5
1195 1
1196 5
1197 2
1198 4
1199 3
1202 3
1203 6
1204 2
1205 2
1207 4
1210 1
1211 1
1212 3
1213 1
1214 1
1215 1
1216 3
1217 1
1218 3
1219 3
1220 2
1221 5
1222 6
1223 4
1224 3
1226 2
1227 1
1228 1
1229 3
1230 4
1231 1
1233 2
1234 1
1235 4
1236 1
1237 2
1238 3
1239 4
1240 2
1241 4
1242 7
1243 2
1244 3
1245 6
1246 4
1247 5
1248 3
1249 2
1250 2
1252 2
1253 1
1255 1
1256 1
1257 1
1258 2
1259 1
1260 1
1261 3
1262 3
1263 2
1264 2
1265 1
1266 3
1267 3
1268 3
1269 2
1272 1
1273 6
1274 1
1275 2
1276 4
1277 3
1278 2
1279 1
1281 3
1282 2
1283 3
1284 4
1285 3
1286 3
1287 3
1288 5
1291 1
1293 3
1294 3
1295 1
1296 2
1297 2
1298 4
1299 2
1300 1
1301 3
1303 2
1304 3
1305 2
1306 2
1307 1
1308 3
1309 1
1310 2
1311 4
1312 5
1313 4
1315 4
1316 3
1317 4
1318 3
1320 3
1322 3
1323 3
1324 2
1325 1
1326 1
1327 2
1328 5
1330 4
1331 2
1332 2
1333 3
1334 2
1335 2
1336 1
1337 1
1338 5
1339 2
1340 4
1341 5
1342 1
1343 4
1344 3
1345 3
1348 3
1350 1
1351 2
1352 1
1353 2
1354 5
1355 2
1357 4
1358 1
1359 1
1360 1
1361 1
1362 2
1363 2
1364 2
1365 3
1366 5
1368 1
1369 3
1370 3
1372 4
1373 3
1374 1
1375 2
1376 2
1378 2
1380 5
1381 2
1382 1
1383 2
1384 1
1385 1
1387 2
1388 5
1389 2
1390 2
1391 4
1392 3
1393 4
1394 4
1395 3
1396 2
1397 4
1398 1
1399 3
1401 2
1402 2
1403 1
1404 2
1405 3
1407 4
1408 2
1409 1
1410 3
1411 4
1413 2
1414 3
1415 1
1416 2
1417 3
1418 5
1419 3
1420 2
1422 1
1423 1
1424 3
1425 4
1426 5
1427 1
1428 1
1429 1
1430 2
1431 1
1432 2
1433 5
1434 5
1435 2
1437 2
1438 2
1439 4
1440 7
1441 3
1442 3
1443 3
1444 3
1445 3
1446 1
1447 2
1448 2
1451 2
1453 1
1454 2
1455 4
1456 1
1457 2
1459 6
1460 5
1461 4
1462 1
1463 2
1464 2
1465 3
1466 4
1468 4
1470 2
1471 3
1473 5
1474 1
1475 7
1476 1
1477 2
1478 1
1479 2
1480 1
1482 3
1483 1
1484 4
1485 2
1486 2
1487 3
1488 2
1489 3
1490 2
1491 1
1492 3
1493 2
1494 3
1495 2
1496 2
1498 3
1499 2
1500 1
1501 1
1502 2
1503 2
1504 2
1506 1
1507 1
1508 2
1509 1
1510 6
1511 4
1512 3
1513 2
1514 1
1515 5
1516 2
1517 5
1518 3
1519 2
1520 2
1521 1
1522 1
1523 4
1524 1
1525 2
1526 1
1527 3
1528 1
1529 3
1530 1
1531 1
1533 1
1534 2
1535 2
1536 16
1537 2
1538 4
1539 4
1540 2
1541 4
1542 1
1544 2
1545 1
1546 2
1547 1
1548 2
1549 1
1550 1
1551 2
1552 2
1553 5
1554 3
1555 2
1556 1
1558 2
1559 2
1560 4
1561 1
1562 1
1564 1
1565 1
1566 2
1567 1
1568 3
1569 5
1570 2
1571 4
1573 1
1574 1
1575 1
1576 3
1577 2
1578 4
1579 6
1580 4
1581 2
1582 3
1583 3
1585 2
1586 3
1587 3
1588 2
1589 2
1590 2
1591 1
1593 2
1595 3
1597 3
1598 2
1599 1
1600 2
1601 1
1602 1
1603 6
1604 1
1605 2
1606 1
1607 2
1608 2
1609 1
1610 4
1611 3
1612 1
1613 1
1614 2
1615 3
1616 2
1617 2
1618 5
1619 2
1620 6
1621 6
1622 6
1623 1
1624 3
1625 2
1626 4
1628 2
1629 2
1630 7
1631 4
1632 3
1633 3
1634 1
1635 2
1636 2
1637 1
1638 4
1639 1
1640 5
1641 3
1643 3
1644 6
1645 2
1650 2
1651 1
1652 6
1653 2
1654 4
1655 1
1656 1
1657 2
1658 2
1659 3
1660 2
1661 2
1662 1
1663 1
1665 2
1666 1
1668 1
1669 1
1670 1
1671 2
1672 2
1673 1
1674 5
1675 3
1676 2
1677 3
1678 2
1679 4
1680 3
1681 2
1682 5
1683 2
1684 1
1685 3
1686 3
1687 2
1688 1
1689 1
1691 3
1692 1
1693 2
1694 3
1695 3
1697 4
1698 2
1699 1
1700 3
1701 3
1703 2
1705 6
1706 7
1707 2
1708 3
1710 4
1711 4
1713 5
1714 3
1715 3
1716 2
1717 5
1718 8
1720 3
1723 1
1724 2
1725 3
1726 1
1727 6
1730 3
1731 3
1732 4
1733 4
1734 1
1735 5
1736 1
1738 1
1739 1
1740 2
1741 5
1742 1
1743 1
1744 2
1746 1
1747 3
1748 3
1750 1
1751 2
1753 2
1754 2
1755 2
1756 1
1757 3
1758 1
1759 1
1760 1
1761 1
1763 1
1764 2
1765 1
1766 1
1767 1
1768 1
1769 2
1772 1
1773 1
1775 1
1776 2
1777 3
1778 2
1779 5
1780 3
1781 1
1782 1
1784 2
1785 2
1786 2
1787 3
1788 3
1789 2
1790 3
1791 1
1792 6
1794 1
1796 2
1797 1
1799 3
1800 2
1801 5
1802 1
1805 2
1806 2
1807 2
1808 1
1809 1
1810 3
1811 2
1812 1
1813 2
1814 2
1815 4
1819 1
1820 1
1821 2
1822 1
1824 2
1825 3
1826 5
1827 2
1828 2
1829 1
1831 1
1832 2
1833 2
1834 5
1835 1
1836 2
1837 3
1838 2
1839 2
1840 3
1841 3
1842 1
1844 1
1845 1
1846 4
1847 1
1848 1
1851 1
1852 5
1854 1
1855 4
1856 1
1857 3
1858 1
1859 1
1862 1
1863 6
1864 6
1865 1
1866 4
1867 2
1870 3
1871 1
1872 2
1873 1
1874 2
1875 1
1877 2
1878 1
1879 4
1880 1
1881 2
1882 1
1885 2
1886 3
1887 4
1888 2
1889 1
1890 2
1891 2
1892 2
1895 3
1896 1
1897 3
1898 1
1899 2
1900 3
1901 1
1902 1
1903 2
1904 1
1905 1
1906 1
1909 3
1910 3
1912 1
1913 1
1914 1
1917 1
1918 2
1919 2
1920 1
1922 2
1923 1
1924 2
1925 2
1927 1
1928 2
1929 2
1930 2
1931 2
1932 1
1933 4
1934 3
1935 2
1936 1
1937 2
1938 1
1939 4
1940 1
1941 2
1943 3
1950 1
1951 1
1952 1
1953 3
1955 1
1956 1
1957 1
1958 3
1959 3
1960 2
1961 2
1962 3
1963 1
1964 4
1965 1
1966 4
1967 5
1968 3
1969 1
1970 5
1971 2
1972 1
1973 1
1974 3
1975 1
1976 2
1977 4
1978 2
1979 2
1981 2
1982 2
1983 2
1984 1
1985 1
1986 1
1987 2
1988 1
1989 1
1990 1
1992 1
1993 2
1996 2
1997 1
1998 2
1999 1
2001 2
2002 3
2005 2
2006 4
2007 1
2010 3
2012 1
2013 1
2014 4
2016 1
2017 1
2019 2
2020 2
2021 2
2022 1
2023 2
2024 2
2025 6
2026 3
2027 2
2030 2
2032 2
2034 1
2035 2
2036 1
2037 1
2038 2
2040 3
2041 1
2042 1
2044 1
2045 2
2046 1
2048 5
2049 2
2050 1
2052 1
2053 1
2054 1
2055 2
2056 2
2058 2
2059 3
2060 8
2062 3
2063 1
2064 1
2065 1
2066 2
2069 1
2070 1
2072 1
2074 3
2076 1
2077 2
2079 1
2080 2
2081 3
2082 2
2083 4
2085 1
2087 1
2088 1
2089 2
2094 1
2096 1
2097 2
2098 1
2099 5
2100 1
2102 1
2107 1
2109 2
2110 1
2111 1
2112 3
2114 1
2115 1
2116 2
2119 2
2120 2
2121 1
2122 1
2124 2
2125 1
2126 1
2127 2
2129 1
2130 4
2132 1
2133 2
2134 1
2136 3
2137 2
2138 1
2140 3
2141 2
2142 1
2144 2
2145 1
2146 4
2148 1
2150 4
2151 16
2152 1
2153 1
2156 1
2157 1
2158 1
2160 1
2162 2
2163 2
2164 1
2165 1
2166 4
2167 1
2170 3
2171 1
2174 4
2177 2
2178 12
2179 3
2181 1
2183 1
2184 1
2185 1
2186 12
2187 1
2189 3
2190 1
2191 1
2194 2
2195 2
2197 3
2198 2
2200 2
2201 2
2203 2
2204 3
2205 1
2206 2
2207 3
2208 2
2209 2
2210 2
2211 2
2213 1
2215 1
2216 2
2217 1
2218 2
2219 7
2220 2
2221 3
2222 1
2224 1
2225 1
2227 2
2228 1
2231 1
2232 3
2233 1
2236 1
2237 2
2240 2
2241 1
2242 2
2243 2
2245 1
2247 4
2250 1
2251 2
2252 2
2253 2
2254 3
2255 2
2256 1
2257 1
2258 1
2259 4
2260 1
2261 2
2262 1
2264 1
2265 2
2266 1
2268 1
2269 1
2270 1
2271 3
2273 2
2277 2
2278 1
2282 3
2284 1
2285 1
2286 1
2288 1
2289 2
2291 1
2292 1
2296 3
2297 3
2298 1
2299 2
2300 1
2301 2
2302 3
2304 1
2306 2
2308 3
2310 2
2311 2
2314 1
2315 2
2316 3
2319 1
2320 3
2321 1
2323 1
2324 1
2326 1
2328 3
2330 1
2335 1
2336 2
2337 1
2339 1
2341 3
2342 1
2343 1
2345 1
2346 2
2347 3
2348 2
2351 3
2352 1
2353 2
2355 3
2356 3
2357 1
2358 2
2359 3
2361 3
2362 2
2363 1
2364 1
2365 1
2366 1
2367 2
2368 6
2369 1
2370 2
2371 1
2372 1
2373 2
2374 3
2375 1
2377 2
2380 2
2381 2
2382 1
2383 2
2384 1
2385 1
2387 2
2390 2
2391 3
2392 4
2393 1
2395 1
2396 1
2398 1
2400 1
2403 1
2405 2
2406 2
2410 1
2411 2
2412 1
2413 1
2415 1
2416 2
2418 1
2419 2
2420 5
2421 1
2422 1
2424 1
2426 2
2427 2
2428 1
2429 3
2430 1
2432 2
2434 1
2435 1
2437 2
2438 3
2439 2
2440 2
2442 1
2444 1
2445 1
2447 3
2448 2
2449 1
2450 3
2451 3
2452 2
2454 1
2457 4
2458 1
2459 1
2461 1
2463 2
2465 3
2469 1
2472 2
2473 2
2474 1
2475 4
2477 1
2478 1
2479 3
2480 2
2481 1
2482 1
2483 1
2484 3
2485 1
2489 1
2491 1
2492 1
2493 7
2494 1
2495 1
2496 2
2497 2
2498 2
2500 1
2501 1
2502 1
2503 1
2505 3
2506 1
2508 2
2509 5
2510 3
2511 2
2512 1
2513 4
2514 2
2516 1
2518 1
2520 2
2521 2
2524 1
2527 1
2530 1
2531 1
2532 2
2537 1
2538 1
2540 3
2541 3
2542 1
2547 2
2548 3
2549 2
2552 2
2553 2
2554 2
2556 2
2557 1
2558 1
2560 2
2561 1
2562 2
2563 2
2565 1
2566 2
2567 3
2568 2
2570 1
2571 2
2572 1
2573 3
2574 1
2575 2
2576 1
2577 3
2579 1
2581 2
2584 2
2586 2
2587 1
2588 1
2589 1
2591 2
2592 1
2593 1
2594 1
2595 2
2598 1
2599 1
2602 1
2603 1
2604 3
2605 2
2606 3
2607 1
2608 1
2609 1
2610 1
2611 1
2612 2
2613 1
2614 1
2615 2
2617 1
2619 3
2620 1
2621 1
2622 1
2624 3
2626 1
2627 1
2628 2
2629 1
2630 3
2634 2
2637 3
2638 1
2640 1
2642 1
2644 3
2648 3
2649 1
2650 1
2651 1
2652 1
2653 1
2654 1
2655 2
2656 1
2658 1
2659 3
2662 1
2663 2
2664 2
2666 1
2667 3
2668 2
2669 1
2671 1
2672 1
2674 2
2676 1
2677 2
2678 1
2681 2
2685 1
2687 1
2688 1
2690 1
2691 1
2692 3
2693 2
2694 1
2696 2
2697 2
2698 1
2702 2
2703 1
2704 1
2705 1
2706 3
2707 2
2708 2
2713 2
2715 1
2716 1
2717 2
2718 2
2719 2
2720 4
2722 1
2726 1
2727 2
2729 1
2730 3
2732 3
2733 1
2734 3
2735 1
2737 1
2738 1
2739 1
2740 1
2744 3
2745 1
2747 2
2748 1
2750 1
2751 1
2752 1
2753 2
2754 1
2755 1
2756 2
2757 2
2759 2
2761 1
2762 3
2763 2
2765 2
2767 1
2768 1
2769 1
2770 1
2772 2
2773 1
2774 4
2776 1
2777 4
2778 1
2779 1
2780 1
2782 1
2783 1
2784 2
2787 3
2789 4
2791 2
2793 3
2795 3
2798 1
2799 2
2800 1
2802 1
2803 1
2805 1
2806 1
2808 2
2812 3
2813 2
2816 1
2817 1
2819 1
2820 2
2821 1
2824 1
2825 1
2826 1
2827 1
2828 1
2831 1
2832 1
2833 2
2835 2
2837 1
2838 1
2839 1
2840 2
2841 2
2842 1
2844 1
2845 1
2846 1
2847 1
2848 2
2849 1
2850 1
2851 2
2852 1
2853 1
2861 3
2868 2
2872 1
2873 3
2876 1
2879 2
2880 2
2881 1
2882 2
2884 1
2885 1
2886 2
2889 1
2890 2
2892 1
2893 1
2894 1
2896 1
2897 2
2898 1
2900 1
2902 1
2903 2
2904 3
2905 1
2907 2
2908 1
2909 3
2910 2
2912 1
2913 1
2915 2
2916 2
2917 3
2918 4
2919 2
2921 2
2922 1
2923 2
2924 1
2926 2
2927 2
2928 2
2929 2
2937 1
2938 2
2943 1
2946 1
2947 1
2948 1
2950 4
2951 1
2953 1
2954 2
2956 1
2957 2
2958 1
2962 1
2963 1
2965 2
2966 1
2967 1
2969 1
2970 3
2971 2
2974 4
2976 2
2977 1
2978 2
2979 3
2980 1
2981 1
2982 1
2983 2
2985 1
2986 1
2990 1
2993 2
2994 1
2995 3
3000 1
3001 2
3002 2
3004 1
3005 1
3007 1
3010 1
3011 2
3012 1
3014 1
3015 2
3016 1
3020 1
3021 1
3023 2
3024 1
3025 1
3026 1
3027 1
3029 1
3030 1
3031 13
3032 1
3034 1
3036 1
3038 2
3039 1
3040 2
3042 2
3043 2
3045 3
3046 3
3048 1
3052 1
3055 1
3057 1
3059 3
3060 2
3061 1
3062 2
3064 1
3065 1
3066 1
3069 1
3071 1
3072 3
3074 2
3076 2
3077 1
3079 1
3080 1
3083 1
3087 1
3088 2
3089 1
3090 1
3094 3
3096 1
3097 1
3098 2
3100 1
3101 2
3102 1
3103 1
3105 1
3108 1
3109 1
3110 1
3111 1
3113 1
3117 3
3119 1
3120 1
3121 2
3122 2
3123 1
3124 1
3125 1
3126 2
3127 3
3128 1
3131 1
3133 1
3135 2
3137 2
3138 2
3139 2
3140 2
3141 1
3144 1
3146 1
3149 1
3151 1
3152 3
3154 2
3155 3
3156 1
3162 3
3163 1
3164 1
3166 1
3167 2
3170 1
3171 1
3172 1
3174 1
3175 1
3176 1
3177 2
3178 1
3180 1
3184 2
3185 1
3191 1
3192 2
3193 3
3194 4
3196 1
3200 1
3201 1
3202 1
3203 1
3204 1
3205 1
3206 2
3207 1
3208 2
3209 1
3210 1
3211 2
3218 1
3222 1
3223 2
3228 1
3229 2
3231 1
3232 4
3233 1
3236 1
3240 5
3241 2
3242 3
3244 1
3245 1
3246 1
3247 1
3250 1
3251 1
3253 1
3255 1
3256 1
3257 1
3258 1
3259 2
3261 1
3263 1
3264 1
3268 2
3269 2
3271 1
3272 1
3273 1
3276 3
3277 1
3279 1
3280 1
3281 2
3282 1
3284 2
3285 2
3286 2
3290 1
3293 1
3294 1
3295 1
3298 1
3300 1
3302 1
3306 1
3310 1
3313 1
3314 1
3315 1
3316 2
3317 1
3318 1
3320 2
3323 1
3328 1
3329 1
3330 1
3332 1
3333 1
3336 1
3337 1
3338 2
3342 1
3344 2
3345 1
3346 1
3348 1
3352 1
3353 2
3355 2
3357 2
3358 2
3361 1
3362 1
3363 2
3365 3
3368 1
3372 4
3376 1
3378 1
3379 2
3382 1
3384 1
3385 1
3386 2
3388 1
3389 1
3390 2
3392 1
3395 1
3396 2
3399 1
3400 2
3405 2
3406 3
3409 2
3411 1
3412 2
3413 1
3414 1
3416 1
3417 2
3420 1
3422 3
3425 1
3427 1
3428 1
3429 4
3430 3
3431 1
3432 2
3433 1
3436 1
3437 1
3439 1
3441 1
3442 1
3443 1
3444 1
3446 1
3447 1
3448 2
3449 1
3450 2
3451 1
3452 1
3454 2
3455 1
3456 1
3458 3
3464 2
3469 1
3470 1
3471 2
3473 1
3474 1
3476 2
3479 1
3481 1
3484 1
3485 2
3490 1
3491 1
3492 2
3495 2
3496 1
3497 1
3499 2
3500 1
3501 2
3506 1
3507 1
3511 1
3512 2
3514 2
3516 1
3520 1
3521 1
3522 2
3525 1
3526 3
3527 1
3529 3
3530 2
3531 1
3538 1
3539 1
3540 13
3541 1
3542 1
3543 1
3545 4
3547 1
3548 1
3550 1
3551 1
3553 2
3554 3
3556 1
3557 1
3559 1
3561 1
3563 1
3566 1
3571 1
3572 2
3574 2
3575 1
3578 3
3579 1
3581 1
3582 2
3583 3
3584 5
3585 2
3589 1
3590 1
3591 2
3592 1
3593 2
3597 1
3600 2
3603 2
3605 1
3607 2
3608 2
3609 1
3610 1
3611 1
3613 1
3614 2
3616 1
3622 1
3623 1
3624 2
3626 1
3627 1
3628 1
3629 2
3630 1
3631 2
3632 1
3633 2
3637 1
3642 1
3643 2
3644 1
3645 1
3647 1
3650 1
3651 1
3653 2
3659 1
3662 2
3665 2
3668 1
3669 1
3671 2
3675 1
3684 2
3685 1
3689 1
3694 1
3695 1
3699 1
3705 2
3706 1
3709 1
3710 1
3712 2
3713 1
3716 1
3718 1
3721 2
3722 1
3723 3
3724 1
3725 1
3726 1
3731 2
3733 1
3734 1
3737 1
3740 3
3742 1
3743 1
3745 1
3748 2
3749 2
3751 1
3752 2
3757 1
3758 1
3761 1
3763 3
3764 1
3765 1
3768 1
3769 1
3770 1
3771 1
3772 2
3775 1
3777 1
3781 1
3783 1
3786 2
3787 1
3789 1
3793 1
3796 1
3797 1
3799 2
3800 1
3801 1
3803 1
3804 2
3806 2
3807 2
3808 1
3810 1
3811 1
3812 2
3814 1
3817 1
3819 1
3820 2
3822 2
3826 3
3828 1
3834 1
3835 2
3836 1
3838 2
3841 1
3843 1
3844 1
3846 1
3847 2
3851 1
3853 1
3854 2
3855 1
3856 2
3860 1
3862 1
3863 2
3864 1
3866 1
3869 1
3872 2
3873 2
3874 1
3876 2
3877 1
3881 1
3882 1
3884 3
3885 1
3886 1
3888 1
3889 1
3893 1
3895 1
3899 3
3900 1
3901 1
3903 2
3907 2
3910 1
3915 1
3921 1
3922 1
3925 2
3932 1
3935 1
3936 2
3938 1
3939 1
3943 2
3944 1
3945 2
3949 1
3955 1
3957 1
3959 1
3962 2
3964 1
3965 1
3966 1
3969 1
3975 1
3976 1
3977 1
3979 1
3982 1
3984 1
3989 1
3993 1
3996 2
3998 1
4002 1
4003 1
4006 1
4009 1
4011 3
4015 1
4016 1
4017 2
4018 2
4021 1
4022 1
4028 2
4030 1
4033 1
4036 1
4038 1
4040 1
4042 1
4048 3
4049 1
4058 2
4059 1
4064 1
4065 1
4070 1
4073 1
4074 1
4077 1
4078 2
4079 1
4082 1
4083 2
4086 1
4088 1
4095 1
4096 3
4100 1
4102 2
4103 1
4109 1
4111 2
4112 1
4114 1
4115 2
4116 2
4117 1
4118 1
4125 1
4127 1
4128 2
4131 1
4132 1
4137 1
4139 1
4140 2
4142 2
4143 1
4145 1
4150 1
4151 1
4152 1
4153 1
4159 1
4160 1
4166 1
4167 1
4169 1
4170 1
4171 1
4172 2
4174 1
4187 2
4189 1
4191 1
4193 1
4197 1
4200 2
4203 1
4209 1
4210 1
4211 2
4213 1
4214 1
4216 1
4217 1
4219 1
4222 1
4225 1
4227 3
4228 2
4231 1
4232 1
4233 1
4234 1
4238 1
4240 2
4243 1
4245 1
4246 1
4247 2
4248 1
4249 1
4250 1
4251 1
4253 1
4254 2
4256 1
4257 1
4262 1
4263 1
4265 1
4266 2
4268 1
4273 2
4277 1
4279 1
4283 2
4284 2
4290 5
4294 1
4296 2
4297 2
4300 2
4301 1
4302 1
4305 1
4307 1
4313 1
4316 2
4319 1
4324 1
4327 1
4328 2
4329 1
4334 2
4337 1
4339 1
4340 1
4341 3
4342 4
4347 1
4348 1
4350 1
4355 1
4356 1
4357 1
4360 2
4361 1
4363 1
4364 1
4365 1
4366 1
4369 1
4371 1
4375 2
4379 2
4383 1
4385 2
4387 1
4396 1
4397 1
4398 2
4401 1
4402 1
4407 1
4409 2
4410 2
4415 1
4416 2
4417 1
4418 1
4423 1
4424 1
4425 4
4429 1
4431 1
4433 1
4434 2
4435 1
4437 1
4441 1
4442 1
4443 1
4445 1
4446 2
4448 1
4449 1
4450 1
4459 1
4461 1
4466 1
4469 1
4471 1
4473 1
4476 2
4477 2
4478 1
4482 2
4485 1
4487 1
4490 1
4505 1
4506 1
4508 1
4510 1
4513 1
4514 2
4517 1
4518 2
4519 3
4520 2
4522 1
4523 1
4526 1
4528 1
4531 2
4532 1
4535 1
4536 1
4537 1
4542 1
4543 1
4551 2
4556 1
4557 2
4559 1
4561 3
4563 1
4565 2
4569 1
4573 1
4574 1
4578 1
4580 3
4582 2
4587 1
4588 1
4590 1
4592 1
4594 1
4595 1
4597 2
4598 2
4599 3
4600 1
4602 1
4604 1
4608 2
4609 1
4611 4
4612 1
4613 1
4614 1
4616 1
4619 3
4628 1
4634 1
4637 1
4638 1
4639 1
4640 1
4641 1
4646 1
4647 1
4649 1
4650 1
4652 1
4657 1
4658 1
4659 1
4661 1
4663 1
4664 1
4669 3
4670 2
4673 1
4680 3
4684 1
4685 1
4686 1
4690 1
4700 2
4702 1
4706 1
4707 1
4712 1
4713 1
4716 3
4717 2
4719 1
4726 1
4730 3
4731 1
4733 1
4734 1
4736 1
4737 2
4741 2
4745 1
4746 1
4748 1
4751 2
4753 1
4758 2
4762 1
4763 3
4765 2
4773 1
4774 1
4775 1
4776 1
4777 1
4779 1
4781 3
4782 1
4783 1
4788 1
4791 2
4793 2
4797 1
4799 1
4802 2
4803 1
4804 2
4805 1
4806 2
4807 1
4809 1
4810 1
4816 1
4819 2
4821 2
4825 1
4827 1
4831 1
4832 1
4833 2
4834 1
4836 1
4837 1
4840 3
4841 1
4843 1
4846 1
4847 1
4848 1
4851 1
4860 1
4861 4
4864 1
4866 1
4867 1
4868 1
4871 1
4879 2
4880 1
4881 1
4882 1
4883 1
4885 1
4889 1
4890 1
4895 1
4899 3
4901 1
4903 1
4904 1
4909 1
4912 1
4923 1
4924 1
4925 1
4927 1
4928 2
4930 2
4933 1
4934 1
4935 1
4938 1
4947 1
4950 1
4952 1
4953 1
4955 1
4960 1
4962 1
4964 3
4966 1
4969 1
4970 1
4977 1
4980 2
4981 1
4986 1
4993 1
5007 2
5008 3
5011 1
5014 1
5015 1
5024 1
5028 1
5033 1
5034 1
5037 2
5038 1
5049 1
5053 1
5067 3
5068 2
5071 1
5072 1
5073 1
5077 1
5082 1
5083 1
5086 2
5090 1
5091 1
5093 1
5100 1
5101 1
5110 1
5111 1
5123 1
5127 2
5134 1
5135 1
5136 2
5138 1
5149 1
5150 1
5152 2
5153 1
5155 1
5159 1
5163 1
5167 1
5169 2
5181 1
5185 1
5187 1
5188 1
5191 1
5193 1
5194 1
5203 1
5206 1
5207 2
5214 2
5216 1
5218 1
5225 2
5229 1
5235 1
5236 1
5237 1
5239 2
5240 1
5243 1
5249 1
5250 1
5255 2
5263 1
5267 1
5270 1
5273 1
5275 1
5279 2
5291 1
5294 2
5298 1
5302 1
5307 1
5308 2
5310 1
5315 1
5317 1
5321 1
5327 1
5330 1
5331 1
5338 1
5341 2
5345 1
5350 1
5356 1
5366 1
5368 1
5376 1
5377 1
5384 1
5394 2
5396 1
5405 1
5406 1
5407 1
5410 3
5415 2
5417 1
5418 1
5419 1
5421 1
5431 1
5437 2
5438 1
5444 1
5447 1
5448 1
5450 1
5452 1
5456 1
5459 1
5471 1
5477 1
5480 1
5484 1
5488 1
5493 1
5495 1
5501 2
5502 1
5505 1
5508 1
5510 1
5512 2
5516 1
5517 1
5519 1
5520 2
5523 1
5524 3
5526 1
5531 1
5533 2
5534 1
5538 1
5540 1
5547 1
5548 1
5549 1
5550 1
5554 1
5557 1
5561 1
5563 1
5567 2
5570 2
5572 1
5576 2
5579 1
5586 1
5591 1
5594 1
5597 1
5598 1
5599 1
5602 1
5608 1
5612 1
5615 2
5616 1
5618 1
5620 1
5624 1
5625 2
5626 1
5628 2
5629 2
5631 3
5632 1
5633 3
5634 1
5635 3
5636 1
5637 1
5639 1
5643 1
5645 1
5656 1
5659 1
5665 1
5669 1
5671 1
5673 1
5677 1
5680 1
5681 1
5683 1
5685 1
5687 1
5700 1
5704 1
5728 1
5730 3
5733 1
5742 1
5746 1
5748 1
5749 1
5750 2
5752 2
5754 2
5756 1
5757 1
5761 2
5765 1
5766 1
5769 1
5770 1
5772 1
5774 2
5777 1
5778 1
5783 1
5786 1
5788 1
5789 1
5791 1
5792 1
5793 1
5796 1
5797 1
5798 2
5799 1
5814 2
5822 1
5826 1
5832 1
5835 1
5840 1
5853 1
5854 1
5860 1
5861 1
5863 1
5868 1
5877 1
5887 1
5893 2
5896 1
5897 1
5900 1
5901 1
5906 1
5907 1
5909 2
5910 3
5912 1
5914 1
5915 1
5919 2
5921 1
5934 1
5935 1
5936 1
5946 1
5950 2
5954 1
5960 2
5971 1
5975 2
5979 1
5980 1
5984 1
5988 1
5991 1
5994 2
5996 1
5997 1
6004 1
6005 1
6007 1
6008 1
6010 1
6017 1
6018 1
6024 1
6033 1
6034 1
6037 2
6042 1
6043 3
6077 1
6078 1
6079 1
6080 1
6081 1
6084 1
6087 1
6089 1
6096 1
6097 1
6098 1
6100 1
6102 2
6105 1
6110 1
6111 1
6114 1
6118 1
6122 1
6125 1
6136 1
6139 1
6142 1
6144 1
6151 1
6155 2
6161 1
6166 1
6172 1
6181 1
6187 2
6189 1
6192 1
6193 1
6194 1
6196 2
6201 1
6206 1
6211 2
6218 2
6219 2
6223 1
6224 2
6226 1
6232 1
6238 1
6244 1
6248 1
6249 1
6251 1
6261 1
6263 2
6272 1
6276 2
6281 1
6282 1
6283 1
6287 1
6289 1
6290 1
6291 2
6298 1
6301 1
6302 2
6304 2
6305 1
6307 1
6309 1
6319 1
6323 1
6327 1
6332 2
6334 1
6352 1
6356 1
6357 1
6359 1
6363 1
6369 1
6371 1
6376 1
6383 1
6387 1
6389 1
6392 1
6398 2
6405 1
6406 1
6409 1
6418 1
6419 1
6422 1
6425 1
6435 1
6438 1
6440 1
6443 1
6446 1
6456 1
6460 1
6481 3
6482 1
6483 2
6488 1
6494 1
6499 1
6501 1
6502 1
6505 1
6512 1
6513 1
6514 1
6515 1
6525 1
6528 1
6530 1
6539 1
6545 1
6551 1
6553 1
6554 1
6557 1
6564 1
6570 1
6579 1
6580 1
6588 2
6589 1
6590 1
6597 1
6604 1
6606 1
6608 1
6633 1
6637 1
6643 1
6656 2
6658 1
6661 1
6665 1
6670 2
6680 1
6681 1
6682 1
6687 1
6691 1
6694 1
6697 1
6699 1
6716 3
6717 1
6727 1
6736 1
6746 1
6752 1
6757 1
6758 1
6760 1
6761 1
6764 1
6767 1
6768 1
6773 1
6781 1
6784 1
6786 1
6792 1
6793 1
6797 1
6803 1
6804 1
6807 2
6809 1
6812 2
6814 1
6817 1
6818 1
6819 1
6824 1
6826 1
6830 1
6838 1
6840 1
6845 1
6857 1
6860 1
6861 1
6862 1
6865 1
6869 1
6870 1
6883 1
6896 1
6903 1
6906 1
6910 1
6912 1
6943 1
6944 1
6947 1
6954 1
6955 1
6959 1
6961 1
6973 1
6975 1
6982 1
6986 1
7002 1
7008 1
7015 1
7018 1
7027 1
7030 1
7031 2
7037 1
7044 1
7048 11
7054 1
7057 1
7059 1
7069 1
7077 1
7080 3
7088 1
7089 1
7093 1
7095 1
7096 1
7106 2
7111 1
7127 1
7147 1
7149 1
7151 1
7155 1
7168 1
7170 1
7176 1
7182 1
7183 1
7185 1
7191 1
7192 1
7201 1
7227 1
7245 1
7249 1
7252 1
7253 1
7256 1
7291 1
7293 2
7295 1
7299 1
7300 1
7307 1
7312 1
7314 1
7318 1
7319 2
7325 1
7330 3
7345 1
7359 1
7364 1
7371 1
7376 1
7379 1
7391 1
7397 1
7398 1
7399 1
7406 1
7418 1
7426 1
7449 1
7451 1
7453 1
7455 1
7458 1
7463 1
7480 1
7485 1
7506 1
7511 1
7514 1
7517 1
7524 1
7528 1
7529 1
7535 1
7541 1
7542 1
7561 1
7562 1
7564 1
7566 1
7568 1
7574 1
7576 1
7581 2
7583 1
7606 1
7611 1
7620 1
7632 1
7656 1
7669 1
7670 1
7673 1
7680 1
7681 1
7683 1
7684 1
7692 1
7701 1
7724 1
7728 1
7731 1
7740 1
7741 1
7743 1
7745 1
7760 2
7762 1
7784 1
7788 1
7794 2
7799 1
7803 1
7806 1
7811 1
7816 2
7827 1
7850 1
7853 1
7856 2
7868 1
7873 1
7878 1
7879 1
7884 1
7895 1
7900 1
7913 1
7917 1
7932 1
7936 1
7937 1
7938 1
7955 1
7958 1
7976 1
7983 1
7994 1
7995 1
8000 1
8009 1
8010 1
8027 1
8033 1
8036 2
8037 1
8045 1
8055 2
8092 1
8101 1
8107 1
8111 1
8112 1
8118 1
8121 1
8124 1
8133 1
8139 1
8144 1
8168 1
8181 1
8192 1
8194 1
8197 1
8200 1
8202 1
8203 1
8216 1
8218 1
8223 1
8228 1
8229 2
8236 1
8239 1
8240 1
8242 1
8246 1
8257 1
8271 1
8302 1
8305 1
8307 1
8310 1
8314 1
8319 1
8325 1
8326 2
8333 2
8335 1
8348 1
8349 1
8353 1
8355 1
8384 1
8395 1
8410 1
8412 1
8422 1
8423 1
8431 1
8442 1
8454 1
8456 1
8458 1
8459 1
8463 1
8470 1
8506 1
8509 1
8511 1
8525 1
8543 1
8546 1
8552 1
8553 1
8558 1
8559 1
8561 2
8567 1
8575 1
8576 1
8591 1
8596 1
8598 1
8606 1
8615 1
8626 1
8627 1
8633 2
8638 1
8642 1
8654 1
8662 2
8669 1
8687 1
8688 1
8689 2
8692 1
8716 1
8727 1
8729 1
8735 1
8738 1
8747 1
8762 1
8764 1
8768 1
8770 1
8775 1
8777 1
8782 1
8789 1
8790 1
8801 1
8802 2
8803 1
8820 1
8832 1
8833 1
8839 1
8851 2
8858 1
8864 1
8877 1
8878 1
8880 1
8883 1
8884 1
8892 1
8909 1
8922 1
8928 1
8938 1
8947 1
8966 1
8974 1
8990 1
8999 1
9003 1
9005 1
9013 1
9019 1
9023 1
9028 1
9034 1
9036 1
9041 1
9047 1
9082 1
9101 1
9104 1
9113 1
9126 1
9137 1
9163 1
9174 1
9175 1
9183 1
9194 1
9199 1
9203 1
9207 1
9216 1
9235 3
9240 2
9250 1
9257 1
9294 1
9297 1
9332 1
9341 1
9343 1
9355 1
9356 2
9359 1
9377 1
9385 1
9390 1
9403 1
9410 1
9413 1
9414 1
9428 1
9442 1
9456 1
9457 1
9459 2
9475 1
9491 1
9516 1
9540 2
9546 1
9556 1
9559 1
9570 1
9572 1
9584 1
9588 3
9619 1
9620 1
9634 1
9671 1
9694 1
9708 1
9711 1
9722 1
9725 1
9737 1
9740 1
9760 1
9782 1
9785 1
9793 1
9795 1
9810 1
9816 1
9837 1
9851 1
9868 1
9871 1
9875 1
9881 1
9892 1
9896 1
9906 1
9907 1
9911 1
9925 1
9936 1
9945 2
9955 2
9966 1
10043 1
10052 1
10065 1
10070 2
10094 1
10098 1
10101 1
10108 1
10119 2
10127 1
10134 1
10136 1
10142 1
10150 1
10152 1
10159 1
10185 1
10186 1
10196 1
10201 1
10216 1
10244 1
10254 1
10256 1
10279 1
10290 1
10292 1
10297 1
10314 1
10336 1
10344 1
10351 1
10371 2
10386 1
10387 1
10399 2
10425 1
10440 1
10443 1
10452 1
10461 1
10471 1
10478 1
10480 1
10483 1
10492 1
10496 1
10513 1
10522 1
10554 1
10576 1
10589 1
10592 1
10595 1
10596 1
10600 1
10623 1
10653 1
10665 1
10679 1
10684 1
10685 1
10704 1
10713 1
10752 2
10761 1
10764 1
10765 1
10766 1
10796 1
10799 1
10801 1
10808 2
10810 1
10821 1
10864 1
10866 1
10867 1
10872 1
10877 1
10885 1
10897 1
10899 1
10907 1
10915 1
10924 1
10925 1
10948 1
10969 1
10974 1
10989 1
11004 1
11012 1
11041 1
11062 1
11089 1
11095 1
11103 1
11105 1
11107 1
11118 1
11120 1
11128 1
11145 1
11160 1
11165 1
11183 1
11190 1
11193 1
11213 1
11236 1
11257 1
11258 1
11266 1
11277 1
11278 1
11308 1
11319 1
11326 2
11338 1
11363 1
11364 1
11396 1
11424 1
11433 1
11444 1
11520 1
11531 1
11545 1
11547 1
11559 1
11574 1
11578 1
11594 1
11638 1
11648 1
11657 1
11661 1
11674 1
11678 1
11679 1
11686 1
11725 2
11727 1
11740 1
11744 1
11756 1
11776 1
11856 1
11893 1
11894 1
11898 1
11900 1
11931 1
11954 1
11969 1
11991 1
12004 1
12005 1
12009 1
12035 1
12042 1
12050 1
12056 1
12114 1
12145 1
12152 1
12154 1
12171 1
12193 1
12245 1
12254 2
12288 1
12292 1
12330 1
12353 1
12364 1
12386 1
12391 1
12396 1
12407 1
12409 1
12413 2
12436 1
12450 1
12464 1
12475 1
12482 1
12494 1
12522 1
12545 1
12551 1
12561 1
12590 1
12598 1
12607 1
12656 1
12704 1
12720 1
12739 1
12744 1
12767 1
12768 1
12771 1
12803 1
12824 1
12842 1
12849 1
12857 1
12860 1
12866 1
12876 1
12881 1
12894 1
12904 1
12927 1
12942 1
12957 1
12977 1
12990 1
13012 1
13013 1
13096 1
13112 1
13113 1
13128 1
13140 1
13147 1
13173 1
13188 1
13193 2
13206 1
13208 1
13230 1
13237 1
13248 1
13268 1
13271 1
13282 1
13284 1
13296 1
13312 1
13320 1
13326 1
13332 1
13365 1
13369 1
13405 1
13426 1
13471 1
13489 1
13498 1
13502 1
13504 1
13511 1
13512 1
13525 1
13532 1
13608 1
13659 1
13660 1
13688 1
13708 1
13716 1
13722 1
13726 1
13735 1
13747 1
13748 1
13761 1
13767 1
13848 1
13885 1
13899 1
13904 1
13911 1
13945 1
13949 1
13977 1
14059 1
14121 1
14123 1
14147 1
14186 1
14236 1
14249 1
14311 1
14318 1
14325 1
14341 1
14372 1
14390 1
14395 1
14396 2
14474 1
14514 1
14525 1
14534 1
14559 1
14574 1
14589 1
14600 1
14610 1
14643 1
14651 1
14669 1
14683 1
14684 1
14728 1
14766 2
14772 1
14786 1
14796 1
14808 1
14832 1
14855 1
14883 1
14884 1
14885 1
14893 1
14931 1
14950 1
14953 1
14981 1
14992 1
15035 1
15044 1
15055 1
15097 1
15122 1
15125 1
15128 1
15172 1
15179 1
15247 1
15251 1
15400 1
15569 1
15575 1
15594 1
15647 1
15655 1
15756 1
15809 1
15820 1
15822 1
15829 1
15834 1
15836 1
15908 1
15912 1
15927 1
15995 1
16041 1
16042 1
16043 1
16045 1
16065 1
16078 1
16105 1
16129 1
16137 1
16203 1
16361 1
16388 1
16453 1
16455 1
16457 1
16590 1
16610 1
16646 1
16682 1
16803 1
16827 1
16828 1
16834 2
16874 1
16884 1
16938 1
16965 1
16993 1
17014 1
17099 1
17115 1
17119 1
17121 1
17129 1
17154 1
17180 1
17212 1
17279 1
17289 1
17303 1
17355 1
17419 1
17421 1
17512 1
17539 1
17564 1
17580 1
17627 1
17678 1
17680 1
17723 1
17726 1
17730 1
17773 1
17800 1
17804 1
17809 1
17825 1
17840 2
17847 1
17862 1
17876 1
17892 1
17912 1
17928 1
17932 1
17970 1
18029 1
18051 1
18061 1
18067 1
18119 1
18160 1
18164 1
18186 1
18191 1
18240 1
18243 1
18309 1
18324 1
18333 1
18343 1
18348 1
18395 1
18430 1
18483 1
18709 2
18712 1
18732 1
18755 1
18807 1
18828 1
18836 1
18864 1
18878 1
18879 1
18890 2
18903 1
18926 1
18940 1
19000 1
19020 1
19036 1
19112 1
19163 1
19245 1
19260 1
19277 1
19290 1
19296 1
19346 1
19349 1
19355 1
19390 1
19433 1
19475 1
19543 1
19597 1
19602 1
19611 1
19651 1
19711 1
19767 1
19831 1
19866 1
19906 1
19973 1
19980 1
19982 1
19983 1
20131 1
20160 1
20247 1
20249 1
20323 1
20480 1
20518 1
20536 1
20546 1
20562 1
20619 1
20698 1
20718 1
20820 1
20821 1
20834 1
20844 1
20866 1
20873 1
20927 1
20936 1
21139 1
21158 1
21172 1
21176 1
21255 1
21274 1
21313 1
21354 1
21378 1
21399 1
21447 1
21525 1
21681 1
21741 1
21800 1
21934 1
21935 1
21995 1
22030 1
22130 1
22158 1
22185 1
22197 1
22219 1
22226 1
22263 1
22270 1
22322 1
22387 1
22515 1
22536 1
22578 1
22591 1
22665 1
22848 1
22872 1
22901 1
22928 1
22987 1
23056 1
23121 1
23148 1
23231 1
23256 1
23283 1
23400 1
23510 1
23549 1
23578 1
23595 1
23616 1
23636 1
23688 1
23736 1
23754 1
23934 1
23960 1
23976 1
23988 1
24004 1
24029 1
24044 1
24085 1
24246 1
24251 1
24412 1
24472 1
24609 1
24737 1
24793 1
24855 1
24864 1
24885 1
24974 1
25008 1
25209 1
25323 1
25332 1
25431 1
25605 1
25643 1
25652 1
25653 1
25657 1
25663 1
25665 2
25678 1
25760 1
25768 1
25809 1
25965 1
25993 1
26265 1
26268 1
26278 1
26441 1
26489 1
26518 1
26592 1
26604 1
26613 1
26634 1
26823 1
26930 1
27085 1
27121 1
27128 1
27186 1
27220 1
27322 1
27381 1
27398 1
27406 1
27427 1
27476 1
27545 1
27560 1
27631 1
27646 1
27694 1
27814 1
27874 1
28079 1
28105 1
28249 11
28302 1
28376 11
28417 1
28425 1
28431 1
28433 1
28704 1
28903 1
29122 1
29126 1
29168 1
29178 1
29193 1
29205 1
29210 1
29502 1
29511 1
29573 1
29843 1
29943 1
30065 1
30071 1
30084 1
30187 1
30420 2
30484 1
30549 1
30641 1
30727 1
30776 1
30964 1
31254 1
31302 1
31412 1
31870 1
32014 1
32051 1
32093 2
32158 1
32193 1
32379 1
32489 1
32494 1
32577 1
32589 1
32701 1
32714 1
32763 1
32890 1
32988 1
33068 1
33206 1
33420 1
33502 1
33912 1
33978 1
34098 1
34128 1
34131 1
34155 1
34232 1
34319 1
34388 1
34464 1
34490 1
34492 1
34499 1
34517 1
34590 1
34611 1
34946 1
35023 1
35137 2
35158 1
35397 1
35415 1
35418 1
35565 1
35601 1
35740 1
35794 1
35851 1
36133 1
36239 1
36398 1
36580 1
36595 1
36730 1
36736 1
36748 1
36796 1
36844 1
36856 1
36864 1
36888 1
37020 1
37072 1
37178 1
37232 1
37244 1
37276 1
37284 1
37354 1
37416 1
37436 1
37444 1
37472 1
37500 1
37532 1
37540 1
37660 1
37696 1
37710 1
37739 1
37764 1
37776 1
37788 1
37820 1
37840 1
37874 1
37912 1
37944 1
37956 1
37985 1
38043 1
38077 1
38084 1
38108 1
38109 1
38144 1
38184 1
38286 1
38288 1
38324 1
38369 1
38404 3
38424 2
38568 1
38613 1
38750 1
38822 1
38928 1
38932 1
38950 1
38992 1
39080 1
39092 1
39140 2
39298 1
39304 1
39344 1
39384 1
39464 1
39632 2
39705 1
39744 1
39856 1
39960 1
39972 1
39977 1
40109 1
40152 1
40514 1
40619 1
40930 1
40938 1
40992 1
41260 1
41414 1
41856 1
41983 1
41987 1
42028 1
42098 1
42812 1
42824 1
42840 1
42864 1
42885 1
42924 1
43029 1
43050 1
43135 1
43136 1
44040 1
44188 1
44189 1
44284 1
44330 1
44372 1
44396 1
44591 1
44627 1
44729 1
44744 1
44784 1
45078 1
45130 1
45145 1
45167 1
45379 1
45412 1
45702 1
46074 1
46320 1
46387 1
46442 1
46544 2
46660 1
46668 1
47076 1
47184 1
47511 1
47586 1
47597 1
47688 1
47708 1
47832 1
47835 1
48105 1
48240 1
48246 1
48506 1
49152 1
49221 1
49328 61
49420 1
49507 1
49680 1
49776 1
49804 1
49848 1
49897 1
50184 1
50381 1
50422 1
50850 1
51036 1
51144 1
51304 1
51433 1
51436 1
51607 2
51644 1
51656 1
51660 2
51704 1
51924 1
51950 1
51953 1
52044 1
52317 1
52386 1
52392 1
52600 1
52888 1
52924 1
52934 1
53225 1
53373 1
53424 10
53540 1
53576 1
53742 1
53920 1
53967 1
54844 1
55728 1
55980 1
56164 1
56627 1
56640 1
56804 1
56861 1
56942 1
57036 1
57164 1
57384 1
57520 2
57787 1
57960 1
58255 1
58911 1
59044 1
59306 1
60082 1
60127 1
60167 1
60320 1
60988 1
61356 1
61388 1
61400 1
61436 1
61440 1
61612 1
61616 7
62108 2
62200 1
62336 1
63025 1
63353 1
63632 1
63685 1
64332 1
64392 1
64585 1
65275 1
65659 1
65712 1
65776 1
65848 1
65855 1
66262 1
66278 1
68835 1
69209 1
69494 1
69632 1
69794 1
69808 2
70618 1
70681 1
70782 1
72123 1
73496 1
73553 1
73904 1
74670 1
76982 1
77699 1
77762 1
78000 1
78924 1
78936 1
79239 1
79468 1
80369 1
80487 1
81552 1
81677 1
82720 1
84382 1
84510 1
84809 1
85233 1
86355 1
86540 1
87065 1
87171 1
87230 1
87512 1
87868 1
87968 1
88179 1
88576 1
89287 1
89446 1
89705 1
90441 1
92173 1
92844 1
93138 1
93148 1
93394 1
93558 1
94087 1
94279 1
94538 1
95101 1
95834 1
95867 1
95954 1
96571 1
96946 1
97101 1
97396 1
97813 1
98145 1
98191 1
98778 1
99038 1
99436 1
100752 1
100770 1
101548 1
101993 1
102196 1
102825 1
102892 1
102945 1
103081 1
103639 1
103648 1
104165 1
104246 1
104357 1
104937 1
105282 1
105366 1
105510 1
105808 1
106055 1
106544 1
106947 1
108158 1
108193 1
108410 1
109024 1
109179 1
109862 1
110509 1
110640 1
110691 1
110962 1
111204 1
111281 1
111692 1
111845 1
112183 2
112522 1
113045 1
113786 1
113989 1
114297 1
114688 1
114767 1
115126 1
115328 2
115664 1
115948 1
117319 3
117413 1
117943 1
118096 2
118163 2
118196 1
118216 1
118515 2
118784 1
119665 1
119695 1
119710 2
120297 1
120766 1
122703 1
122808 1
123238 1
123555 1
123558 1
123712 1
123870 1
124606 1
124632 2
124832 1
124949 2
125021 1
125244 1
125392 1
126046 1
126068 1
126185 2
126218 2
126293 1
126336 1
126417 1
126560 2
127151 2
127204 1
127284 1
127359 1
127400 1
127517 1
127592 1
127743 1
127746 1
127761 1
128360 1
128571 1
128592 1
129392 1
129642 1
130079 1
130410 1
130565 1
130679 1
130751 1
130823 1
131072 1
131369 2
132041 1
132125 1
133379 1
133380 1
133693 1
133910 1
133954 1
134272 1
134352 1
134566 1
135198 1
136168 1
136861 1
137156 2
137692 2
138030 1
138256 1
138504 1
139753 1
140130 2
140642 1
141711 1
141966 1
142646 1
143127 1
143156 3
143314 1
143447 1
143869 1
144823 1
144877 1
145188 1
145567 1
145639 1
145905 1
146076 1
146170 1
146273 1
147448 1
147911 2
147979 1
148170 2
148518 2
148811 1
148872 1
149847 1
150104 1
150768 1
151196 1
151757 1
152656 1
152846 1
153241 1
153474 1
155336 1
156235 1
156705 1
157608 1
157762 1
157988 1
158180 1
158976 1
159696 1
159856 9
160282 1
161244 1
161638 1
163396 1
163859 1
163952 4
164522 2
165199 1
166882 1
166993 1
168048 4
168514 1
168692 1
169320 1
170269 1
171088 1
171507 1
171583 3
171720 1
172032 1
172144 2
172712 1
173160 1
176240 1
176749 1
176814 1
179924 1
180104 1
180172 1
180336 3
181978 1
183216 1
183466 1
188608 1
188798 1
192158 2
192193 2
193116 1
194560 1
195086 1
196205 1
197072 1
198819 1
199486 1
199892 1
200527 1
200704 1
201399 1
202294 1
204052 1
204912 2
206775 1
208887 1
209008 18
211014 1
211475 1
213104 8
214418 1
215195 1
217200 5
219300 1
219336 1
221232 1
221296 7
224405 1
225392 7
229488 4
229784 1
232266 1
232286 1
232301 1
237680 1
238032 1
238248 1
241560 1
241776 1
242817 1
244149 1
245760 1
250500 1
254320 1
255270 1
257441 1
258160 1
258416 1
258920 1
262144 1
262252 1
266054 1
266352 1
270704 2
271145 1
274956 1
277960 1
278640 1
278832 1
279397 1
279634 1
280342 1
282736 1
282928 2
283782 1
286506 1
286832 1
287024 5
289858 1
291120 6
294062 1
294448 1
294899 1
295216 3
297342 1
297820 1
298991 1
299056 1
299120 1
299312 3
299916 1
302837 1
303408 2
303472 1
304382 1
305546 1
307504 2
307568 1
311664 1
311980 1
313048 1
315760 2
318246 1
318293 1
318744 1
321183 1
321850 1
323214 1
323265 1
323744 1
324195 1
327773 1
328066 1
328962 1
331685 1
333886 1
334986 1
335920 1
336176 1
336750 1
339048 1
339464 1
340016 1
340272 1
341400 1
341784 1
343774 1
344176 1
344432 1
348528 2
350041 1
351456 1
351478 1
352624 1
352765 1
353078 1
356720 1
357196 1
360912 1
364394 1
366717 1
368521 1
368640 1
368880 1
373606 1
381040 1
381514 1
383443 1
388472 1
388592 1
393328 1
396950 1
406972 1
407084 1
408852 1
409464 1
411464 1
411560 1
411704 1
411964 1
418322 1
419840 1
422020 1
423240 1
424880 1
428424 1
431172 1
433612 1
436278 1
437244 1
442476 1
443532 2
446512 1
449588 1
451168 1
454720 1
455024 1
456405 2
459120 1
461352 1
462530 1
465430 1
469846 1
472842 1
474316 1
479974 1
481066 1
486144 1
490798 1
499464 1
501646 1
505178 1
523205 1
525758 1
531592 1
532592 1
536688 1
536978 1
537638 1
542034 1
542520 1
554428 2
561069 1
561584 1
562088 1
565254 1
569374 2
572952 1
576158 1
576193 1
581210 1
589888 1
600696 1
606548 1
610544 1
610644 1
610652 1
614464 1
614640 1
619174 1
625736 1
631204 1
632378 1
635312 1
657114 1
659631 1
661438 1
668016 1
676208 1
686414 1
689406 1
690782 1
700416 1
703046 1
708367 1
710488 1
716123 1
717232 2
719212 1
747944 1
761904 1
765830 1
766847 1
766867 1
769846 2
770048 1
773714 1
798784 1
823360 1
846418 1
872448 1
885104 1
919462 1
930652 1
936985 1
937130 1
1031134 1
1071610 1
1073200 1
1080056 1
1089776 1
1125241 1
1151599 2
1154721 1
1156702 1
1192176 1
1201378 1
1207878 1
1258596 1
1262910 1
1273257 1
1287456 1
1298800 1
1347824 1
1360112 1
1368304 1
1372272 1
1372400 2
1376496 2
1380528 1
1388784 4
1396976 1
1401072 1
1405040 1
1405168 1
1412944 1
1470576 1
1474560 1
1495152 1
1522222 1
1569008 1
1630448 1
1674083 1
1683696 1
1690068 1
1793339 1
1851760 1
1908976 1
1962224 1
2095616 1
2204016 1
2236464 1
2242560 1
2609200 1
2714961 1
2719792 1
3062763 1
7490966 1
8417280 1
