6 1
11 2
96 1
126 1
169 1
185 1
243 1
244 1
299 2
356 1
453 1
475 1
482 1
512 22
602 1
660 1
668 1
718 1
773 1
795 1
809 1
830 1
849 1
946 1
955 1
975 1
980 1
1011 1
1012 2
1021 1
1084 1
1089 1
1121 1
1208 1
1294 1
1298 1
1299 1
1303 1
1314 1
1337 1
1366 1
1370 1
1376 1
1383 2
1399 1
1406 1
1422 1
1441 1
1547 1
1552 1
1557 1
1575 1
1578 1
1580 1
1583 1
1591 1
1633 1
1645 1
1708 1
1745 1
1765 1
1799 1
1837 1
1870 1
1891 1
1939 1
1984 1
2048 1
2067 1
2120 1
2199 1
2261 1
2290 1
2310 1
2366 1
2374 1
2381 1
2462 1
2517 1
2569 1
2576 1
2625 1
2629 1
2701 1
2711 1
2715 1
2716 1
2783 2
2786 1
2788 1
2817 1
2985 1
3043 1
3045 1
3104 1
3138 1
3158 1
3169 1
3181 1
3185 1
3206 1
3221 1
3325 1
3326 1
3352 1
3511 1
3515 1
3553 1
3608 1
3628 1
3683 1
3719 1
3791 1
3999 1
4031 1
4148 1
4156 1
4215 1
4365 1
4413 1
4439 1
4460 1
4526 1
4708 1
4732 1
4755 1
4794 1
4855 1
4870 1
4889 1
5022 1
5101 1
5173 1
5341 1
5513 1
5602 1
5713 1
5870 1
6341 1
6412 8
6427 1
7254 1
7807 1
8192 1
8454 1
8895 1
8901 1
8951 1
9052 1
9236 1
9267 1
9313 1
9409 1
9846 1
10399 1
10707 1
11561 1
15502 1
16140 1
18116 1
24576 1
25721 1
29005 1
35543 1
36781 1
60758 1
143222 1
208363 1
229376 2
253952 1
270336 1
278528 1
294912 1
311296 2
320562 1
327680 1
376832 3
385024 1
409600 1
417792 1
469848 1
884736 1
1015808 1
1564157 1
1875968 1
6037504 1
10485760 1
14680064 1
52428800 1
