0 113
3 2
4 2
6 39
7 3
8 6
9 2
11 6
12 1
13 7
15 2
16 4
17 1
18 2
19 2
20 5
21 2
22 4
23 9
24 18
25 11
26 19
27 17
28 5
29 39
30 2
32 3
33 1
34 3
39 3
40 1
41 2
42 1
43 3
44 3
45 3
48 3
49 2
50 3
51 1
52 1
53 3
54 3
55 1
56 2
57 1
58 1
60 1
65 1
66 2
67 2
69 1
70 80
72 2
75 1
77 3
79 1
80 1
81 1
84 1
88 1
89 1
92 3
96 1
97 2
98 2
100 1
101 5
102 2
103 4
106 2
107 2
108 2
111 2
113 1
116 2
117 1
118 2
119 1
120 2
122 2
124 1
126 1
128 2
129 1
135 1
137 1
138 1
139 1
140 1
141 2
144 1
146 1
147 1
150 2
154 1
158 1
159 2
160 2
161 1
162 1
163 1
164 3
167 2
168 1
170 1
172 1
174 1
175 1
176 2
178 1
180 2
181 1
188 2
190 1
192 5
193 1
197 1
198 4
204 3
208 1
209 34
210 7
211 1
212 1
213 3
214 2
215 1
216 1
218 1
219 2
221 1
226 1
230 1
231 1
233 3
235 1
239 1
244 1
245 1
247 1
251 1
252 1
253 4
259 1
260 1
261 1
267 1
276 1
284 1
285 1
291 2
292 1
293 1
296 2
297 2
301 1
303 2
306 1
308 1
314 3
319 1
321 1
322 34
323 1
325 2
330 1
338 1
348 3
350 2
351 43
353 1
355 1
360 3
363 1
376 2
378 1
380 1
381 1
385 1
390 1
395 1
398 2
400 2
402 1
404 1
405 2
406 1
408 1
409 2
411 1
414 6
415 1
436 28
437 26
438 1
443 1
445 3
451 1
455 1
456 1
457 1
458 3
467 2
470 1
473 2
475 1
476 2
477 1
485 1
486 1
487 1
490 2
492 1
502 1
504 1
510 1
512 200
513 1
515 1
516 1
519 1
520 3
521 1
528 1
529 1
531 1
537 1
539 3
546 1
550 1
554 1
560 1
561 1
567 1
574 1
576 1
579 34
587 1
588 2
589 2
593 1
594 1
595 2
598 2
600 1
604 2
606 1
609 1
615 4
616 1
617 1
619 3
622 1
623 2
630 1
638 1
649 1
650 1
656 2
664 1
669 1
677 1
692 1
717 1
726 1
728 1
730 1
745 1
754 1
755 1
759 1
760 1
761 1
764 1
769 6
770 1
771 7
795 1
796 1
797 2
798 1
813 1
815 1
822 1
824 1
828 1
835 1
837 1
838 1
846 1
847 1
848 1
851 1
852 2
853 1
855 1
856 1
864 1
866 1
867 1
868 1
872 2
873 2
875 1
876 1
877 2
879 1
884 1
888 1
893 1
896 1
901 2
916 1
924 1
925 1
927 1
928 1
929 1
931 1
936 1
937 1
939 2
941 2
944 1
947 1
953 1
958 1
960 3
964 1
966 1
969 2
976 2
985 1
989 1
992 1
994 1
995 1
1016 1
1019 2
1020 1
1021 2
1023 1
1024 35
1025 1
1028 1
1039 3
1040 4
1042 1
1054 2
1057 1
1073 2
1079 1
1085 1
1088 1
1106 1
1107 1
1110 1
1111 1
1116 1
1124 1
1125 1
1130 1
1131 1
1149 1
1152 1
1157 1
1173 1
1176 1
1178 1
1182 1
1196 1
1199 1
1200 1
1206 1
1212 1
1224 1
1239 1
1248 2
1252 1
1254 1
1260 2
1267 1
1268 1
1271 1
1275 1
1278 1
1282 1
1294 1
1299 1
1307 1
1318 1
1338 1
1342 1
1345 1
1352 2
1354 1
1359 1
1360 1
1362 1
1380 1
1382 1
1384 2
1387 1
1415 1
1419 1
1420 1
1432 1
1435 1
1436 1
1438 1
1440 1
1442 1
1449 1
1462 1
1464 1
1474 1
1475 1
1481 1
1482 1
1488 1
1493 1
1499 1
1501 1
1508 1
1509 1
1516 1
1517 1
1519 1
1522 1
1530 1
1536 11
1546 2
1551 1
1552 1
1563 2
1568 1
1573 1
1589 1
1591 1
1618 1
1639 1
1661 1
1673 2
1676 1
1683 1
1688 1
1691 1
1692 1
1713 1
1725 1
1755 1
1758 1
1789 1
1794 1
1814 1
1822 1
1827 1
1839 1
1845 1
1848 1
1849 1
1853 1
1860 1
1869 1
1871 1
1877 3
1878 1
1880 1
1883 1
1884 1
1909 1
1918 1
1922 2
1935 1
1944 1
1946 2
1948 1
1953 2
1961 2
1965 1
1975 1
1987 1
1998 1
2000 3
2004 1
2007 1
2014 1
2015 1
2020 1
2022 2
2032 1
2035 1
2036 1
2048 5
2069 1
2081 1
2106 3
2107 1
2108 1
2131 1
2133 1
2143 1
2154 1
2176 1
2204 1
2223 1
2228 1
2268 1
2284 1
2286 2
2293 1
2350 1
2351 1
2366 1
2368 1
2379 1
2383 1
2384 1
2395 1
2398 1
2406 1
2412 2
2419 1
2425 1
2451 1
2452 1
2473 1
2479 1
2505 1
2513 1
2524 1
2525 2
2529 1
2532 1
2550 1
2555 1
2560 3
2581 1
2584 1
2616 1
2632 1
2673 1
2704 1
2707 1
2737 1
2741 1
2764 1
2772 1
2789 1
2795 33
2801 1
2804 1
2805 4
2817 1
2840 1
2845 1
2846 1
2847 44
2860 1
2861 1
2865 1
2880 2
2884 1
2893 1
2894 1
2913 1
2955 1
2982 1
2999 1
3000 1
3001 1
3009 1
3012 2
3022 2
3028 1
3043 1
3067 1
3068 1
3072 1
3096 1
3115 1
3116 1
3126 1
3138 2
3187 1
3189 2
3202 1
3247 1
3249 1
3250 1
3252 1
3259 1
3275 1
3278 1
3284 2
3296 1
3307 2
3312 1
3316 2
3334 2
3348 1
3396 1
3399 1
3439 1
3449 1
3452 1
3466 1
3477 1
3501 1
3524 1
3528 1
3589 1
3605 1
3622 1
3634 1
3745 1
3798 1
3804 1
3819 1
3821 1
3822 1
3848 1
3861 1
3868 2
3913 1
3915 1
3917 1
3920 1
3936 1
3955 1
3971 1
3973 1
3992 1
4008 1
4031 1
4033 1
4057 1
4096 3
4111 1
4124 1
4139 1
4155 1
4171 1
4172 1
4188 1
4216 1
4228 1
4279 1
4289 1
4312 1
4317 1
4328 1
4402 1
4458 1
4462 1
4479 1
4490 1
4521 1
4522 1
4528 1
4575 1
4576 1
4603 1
4608 1
4612 1
4642 1
4661 1
4692 1
4707 1
4777 1
4795 1
4800 1
4805 1
4807 1
4841 1
4906 1
4913 2
4924 1
4930 1
4940 1
4944 1
4945 1
4951 1
4955 1
4983 1
4997 1
5000 1
5011 1
5074 1
5080 1
5113 1
5175 1
5224 1
5234 1
5243 1
5257 1
5284 1
5327 1
5347 1
5357 1
5402 1
5406 1
5433 1
5484 1
5508 1
5567 1
5624 1
5634 1
5683 1
5705 1
5708 1
5731 1
5733 1
5766 30
5780 2
5788 1
5823 1
5829 1
5848 42
5850 1
5853 3
5856 1
5857 1
5859 3
5891 1
5893 1
5896 1
5903 2
5931 2
5938 1
5941 1
5999 1
6032 1
6046 1
6051 1
6053 1
6057 1
6108 2
6115 1
6184 1
6185 1
6250 1
6265 1
6294 1
6347 1
6422 1
6438 1
6490 1
6539 1
6542 1
6552 1
6567 1
6612 1
6655 1
6656 1
6666 1
6700 1
6755 1
6772 1
6773 1
6775 1
6780 1
6782 1
6786 1
6788 1
6791 1
6793 1
6794 2
6807 1
6812 2
6814 1
6841 1
6842 2
6846 2
6848 1
6856 1
6889 2
6890 1
6896 1
6940 1
6950 1
6962 1
7008 1
7044 1
7045 1
7046 2
7051 2
7054 1
7071 2
7094 1
7152 1
7158 2
7170 2
7171 1
7183 1
7184 1
7188 1
7191 2
7196 1
7204 1
7209 1
7214 2
7231 2
7233 1
7235 1
7236 1
7280 1
7309 1
7342 1
7349 1
7353 1
7391 1
7398 1
7399 1
7532 1
7547 1
7556 1
7558 1
7563 1
7564 1
7566 1
7586 1
7600 1
7602 1
7612 1
7615 1
7617 1
7618 1
7636 1
7638 1
7680 1
7697 1
7699 1
7729 1
7756 1
7873 1
7880 1
7901 1
7919 1
7968 1
7979 1
7994 1
7997 1
8080 1
8102 1
8143 1
8146 1
8167 2
8169 1
8187 1
8192 2
8211 1
8230 1
8239 1
8283 1
8371 1
8395 1
8434 1
8436 1
8460 1
8509 1
8543 1
8600 1
8828 1
8992 1
9006 1
9052 1
9077 1
9087 1
9138 1
9212 1
9301 1
9352 1
9376 1
9390 1
9557 1
9613 1
9680 1
9723 1
9775 1
9836 1
9901 1
9934 1
10006 1
10011 1
10036 1
10047 1
10134 1
10220 1
10441 1
10609 2
10682 1
10752 2
10824 1
10963 1
11047 1
11065 1
11067 1
11070 1
11088 1
11148 1
11166 1
11236 1
11265 1
11268 1
11343 1
11470 1
11608 1
11628 1
11706 1
11715 1
11729 1
11740 1
11768 1
11772 1
11775 1
11776 1
11863 1
11873 1
11905 1
11908 1
11938 1
11968 1
12002 1
12068 1
12073 1
12110 1
12111 1
12126 1
12167 1
12241 3
12242 1
12255 1
12288 1
12317 1
12338 1
12372 1
12391 2
12416 1
12526 1
12537 1
12569 1
12582 1
12597 1
12604 1
12619 1
12701 1
12832 1
12836 1
12854 1
12897 1
12913 1
12962 1
12964 1
13010 1
13116 1
13152 1
13160 1
13161 1
13291 3
13292 1
13352 1
13382 1
13562 2
13644 1
13692 1
13715 1
14008 1
14280 1
14306 2
14411 1
14560 1
14629 1
14638 1
14645 1
14661 1
14668 1
14705 1
14708 1
14715 1
14736 1
14743 1
14792 1
14832 1
15021 1
15068 1
15101 1
15117 1
15123 1
15128 1
15139 1
15193 1
15210 1
15252 1
15287 1
15302 1
15331 1
15472 1
15526 1
15658 1
15777 1
15779 1
15795 1
15825 1
15861 1
15912 1
15956 1
16028 1
16059 1
16070 1
16085 1
16119 1
16130 1
16133 1
16138 1
16148 1
16155 1
16183 2
16189 1
16199 1
16206 1
16210 1
16215 1
16217 2
16232 1
16296 1
16318 1
16340 1
16384 3
16398 1
16405 1
16439 1
16444 1
16446 1
16462 1
16506 2
16593 1
16710 1
16722 1
16750 1
16756 1
16763 1
16803 1
16818 1
16842 1
16844 1
16901 1
16913 1
16957 1
16962 2
16965 1
16989 1
17002 1
17016 2
17020 1
17060 1
17065 1
17072 1
17074 1
17081 1
17086 1
17090 1
17106 1
17109 1
17111 3
17130 2
17134 1
17141 2
17146 1
17151 1
17153 1
17162 1
17163 1
17177 1
17195 1
17205 1
17212 1
17226 1
17233 1
17237 1
17276 1
17295 1
17296 1
17359 1
17415 1
17424 1
17438 2
17449 1
17471 1
17492 1
17503 1
17510 2
17531 1
17566 1
17576 1
17582 1
17594 1
17641 1
17656 1
17678 1
17692 1
17783 1
17793 1
17800 1
17802 1
17834 1
17855 1
17858 1
17877 1
17881 1
17883 1
17898 1
17916 1
17930 1
17956 1
17967 1
17981 1
17993 1
18049 1
18063 1
18079 1
18086 1
18107 2
18160 1
18176 1
18280 2
18287 1
18318 1
18350 1
18555 1
18597 1
18684 1
18704 1
18779 1
18796 1
18898 1
19018 1
19146 1
19241 2
19262 1
19464 1
19536 1
19644 2
19662 1
19720 1
19745 1
19762 1
19799 2
19816 2
19818 1
19827 1
19858 1
19871 1
19881 1
19884 1
19896 1
19924 1
19956 1
19963 1
20033 1
20109 1
20149 1
20193 1
20195 1
20210 1
20231 1
20247 1
20250 1
20262 1
20296 1
20354 1
20461 1
20510 1
20668 1
20718 1
21204 1
21218 1
21325 1
21414 1
21625 1
21878 1
21984 1
22019 1
22343 1
22371 1
22674 1
22699 1
22755 1
22772 1
22807 1
22841 1
22953 1
23029 1
23115 1
23338 1
23493 1
23507 1
23856 1
23901 1
24141 1
24158 1
24159 1
24229 1
24293 1
24538 1
24576 2
24746 1
25171 1
25217 1
25394 1
25499 1
25588 1
25761 1
25885 1
26010 1
26130 1
26169 1
26170 1
26179 1
26181 1
26188 1
26200 1
26218 1
26584 1
26620 1
26684 1
26732 1
27019 1
27588 1
27647 1
28238 1
28245 1
28720 1
28958 1
29042 1
29085 1
29304 1
29347 1
29348 1
29584 1
29904 1
29968 1
29975 1
30001 1
30041 1
30064 1
30148 1
30160 2
30168 1
30224 1
30431 1
30592 1
30632 1
30703 1
30712 1
30736 1
30952 1
30982 1
31155 1
31156 1
31325 1
31453 1
31739 1
32430 1
32741 1
32768 2
33005 1
33256 1
33589 1
33725 1
34210 1
34444 1
34453 1
34723 1
34764 1
34924 1
34926 1
35810 1
35918 1
36157 1
36388 1
36538 1
36937 1
36960 1
37007 1
37059 1
37123 1
37457 1
37479 1
37775 1
37783 1
37818 1
37822 1
37837 1
37841 2
37845 1
37847 1
37856 1
37858 1
37862 1
37873 2
37875 1
37893 1
37904 2
37908 1
37916 1
37917 1
37931 1
37952 1
37970 1
37985 1
37993 1
37994 1
38034 1
38254 1
38539 1
38792 1
38829 1
39299 1
39556 1
39593 1
39776 1
40532 1
40621 1
40625 1
40632 2
40673 1
40693 1
40743 1
40749 1
40757 1
40762 2
40773 1
40785 1
40787 1
40790 1
40796 1
40826 1
40833 1
40835 1
40837 1
40858 1
40873 1
40875 1
40880 2
40884 1
40897 1
40903 1
40907 1
40908 2
40914 1
40916 1
40922 1
40938 1
40940 1
40944 2
40946 1
40948 1
40950 1
40952 1
40955 1
40957 2
40963 1
40968 1
40970 1
40974 2
40976 2
40980 1
40983 2
40987 1
40991 1
40998 2
41006 1
41008 1
41012 3
41013 1
41015 1
41017 1
41025 1
41030 1
41032 1
41036 1
41038 1
41042 1
41043 2
41045 1
41047 2
41051 2
41057 2
41058 2
41062 3
41064 1
41068 2
41070 1
41072 2
41073 1
41075 1
41081 2
41083 3
41085 2
41087 1
41088 1
41092 1
41093 1
41102 1
41113 2
41115 2
41117 1
41120 1
41122 1
41124 1
41133 1
41141 1
41143 2
41158 1
41165 1
41167 1
41169 1
41171 1
41186 1
41190 1
41192 1
41193 1
41212 2
41342 1
41361 1
41366 1
41384 1
41437 1
41456 1
41539 1
41568 1
41672 1
41719 1
41743 1
41752 1
41847 1
41984 1
42234 1
42261 4
42317 1
42552 1
42653 2
42686 1
42766 1
43233 2
43385 1
43565 2
43568 1
43679 1
43717 1
43797 2
43856 1
43857 1
43917 2
43925 1
43976 1
44029 1
44182 4
44207 1
44208 2
44216 3
44256 1
44270 1
44319 1
44323 1
44324 1
44362 1
44381 1
44384 1
44392 1
44457 2
44515 2
44544 1
45102 2
45333 1
45492 1
45511 1
45530 1
46025 1
46053 2
46054 1
46231 1
46333 1
46491 1
46497 2
46584 1
46768 1
46879 1
46940 1
47240 1
47259 1
47496 1
47644 1
47705 1
48405 1
49063 2
49188 1
49549 1
49644 1
49866 1
50056 1
50548 1
50685 2
50788 1
50803 1
50918 2
51040 1
51145 4
52010 1
52098 1
52276 1
52279 1
52284 1
52366 1
52392 1
52440 1
52946 1
54077 1
54201 1
54542 1
54549 1
54569 1
54672 1
54933 1
55282 1
55351 2
55387 1
55444 1
57089 1
57131 1
57344 1
57384 1
57548 1
57572 1
57825 1
57915 1
58013 1
58036 1
58068 1
58136 1
58261 1
58298 1
58550 1
58805 1
59005 1
59070 1
59195 1
59433 2
59438 1
59500 1
59682 1
59936 1
61156 1
61239 1
61277 1
61281 1
61545 1
61667 1
62018 1
63054 1
63191 1
63945 1
64306 1
64978 2
65303 1
65511 1
65627 1
65992 1
66332 1
66617 1
67128 1
67584 2
68304 1
68710 6
68963 2
70448 1
72065 1
72662 1
72667 1
72731 1
72927 1
72931 1
73003 1
73244 1
73300 1
73302 1
73393 1
73792 1
74926 1
75243 1
75273 1
75336 2
76789 1
77516 1
77522 1
77649 1
78817 1
79816 1
80656 1
81340 1
81361 1
81920 3
82209 1
83648 1
83697 1
83773 1
84215 1
85303 1
86184 1
86277 1
86334 1
86535 3
87812 1
88019 1
91319 2
91950 1
92581 1
94513 1
95485 1
96190 1
96257 1
96801 1
97596 1
98438 2
99528 2
99564 2
99591 2
99592 2
99631 2
99641 2
99678 4
99800 2
99898 2
100879 1
106370 1
107109 1
107675 2
107678 2
107699 2
107752 2
107762 2
107772 2
107892 2
107916 2
107926 2
108002 2
108025 2
108047 2
108057 4
108095 2
108117 2
108125 2
108149 2
108159 2
108181 2
108191 4
108231 2
108241 4
108280 2
108325 2
108337 4
108372 2
108383 2
108420 2
108439 2
108485 4
108489 2
108490 2
108501 2
108508 4
108512 4
108520 2
108523 4
108527 4
108539 2
108554 2
108561 4
108562 2
108573 4
108574 2
108584 2
108662 2
108714 2
108738 2
108760 6
109323 1
109511 1
111343 1
114953 1
115281 1
115512 1
117546 1
118645 1
120159 1
126370 1
129580 1
129856 1
131254 1
131340 1
131779 1
132843 1
133120 1
133862 1
138000 1
139677 1
146567 1
150702 1
151018 1
151184 1
151232 1
151669 1
151866 1
155825 1
159684 1
164236 1
165347 1
166088 1
166124 1
166456 1
166710 1
166750 1
169770 1
170676 1
171196 1
174005 1
176074 1
181856 1
182162 1
189912 1
191183 1
191854 1
191892 1
193557 1
194068 1
196876 1
201055 1
209804 1
216953 1
217001 1
217217 1
217311 1
219332 1
220185 1
231856 1
237859 1
241795 1
254786 1
260178 1
261246 1
273916 1
274188 1
277447 1
277926 1
294912 1
298258 1
304987 1
315737 1
317641 1
323668 1
352074 1
365895 1
386893 1
387263 1
413124 1
415514 1
431636 1
432112 1
432739 1
472547 1
486306 1
507904 1
511804 1
517333 1
519265 1
539526 1
543372 1
548576 1
548577 1
549281 1
550518 1
585863 1
585864 1
586512 1
618317 1
623628 1
652293 1
662393 1
664082 1
668787 1
675835 1
752248 1
771876 1
778240 1
810685 1
856064 1
870062 1
880064 1
886643 1
901120 1
931567 1
936465 1
1049140 1
1063937 1
1074738 1
1116160 1
1133996 1
1141371 1
1644552 1
1816309 1
2224753 1
2269616 1
2277548 1
2489824 1
3262291 1
3780478 1
