0 82
1 1
5 8
6 5
7 2
8 3
9 2
10 4
11 4
12 5
13 7
14 6
15 8
16 6
17 9
18 13
19 17
20 35
21 77
22 32
23 35
24 36
25 31
26 83
27 32
28 26
29 18
30 37
31 26
32 28
33 6
34 20
35 13
36 2
37 9
38 5
39 3
40 1
42 2
43 1
44 4
46 3
47 8
49 2
50 1
51 1
52 2
53 2
54 1
55 1
56 1
57 2
59 1
60 4
61 2
64 1
65 1
68 1
70 1
71 11
72 1
73 2
76 1
78 1
79 1
80 1
81 1
82 1
83 2
85 1
86 1
87 1
88 5
89 1
90 1
91 1
93 1
94 1
96 6
99 3
100 1
101 1
102 4
103 1
104 2
105 2
106 1
107 3
108 1
109 4
110 2
111 4
112 3
113 1
114 6
115 2
116 3
117 5
118 1
119 2
120 2
121 1
122 2
125 3
126 6
127 15
128 1
129 6
130 1
131 4
133 2
135 5
136 2
137 5
138 1
139 1
140 3
142 2
143 2
144 1
145 1
146 1
147 2
148 2
149 6
150 3
151 5
152 6
154 2
155 3
156 2
157 2
158 2
159 8
160 5
161 6
162 3
163 7
164 2
165 3
166 20
167 2
169 1
172 1
173 3
174 2
175 1
176 2
178 3
180 1
181 5
183 3
184 5
185 1
186 1
187 1
189 2
191 2
192 1
193 13
194 2
195 14
196 1
197 16
199 12
200 4
201 23
202 2
203 21
204 1
205 25
207 7
208 1
209 10
210 2
211 7
212 1
213 4
214 1
215 6
216 4
217 3
218 1
219 2
220 2
221 8
222 2
223 1
224 2
225 3
228 3
229 1
230 5
231 3
232 11
233 4
234 2
235 8
236 8
237 7
238 4
239 7
240 7
241 3
243 4
244 1
245 5
246 6
247 3
248 3
249 5
250 2
253 2
256 14
257 1
258 4
259 1
260 2
261 1
262 1
263 1
265 1
266 1
267 1
268 4
270 1
272 7
273 4
274 1
275 4
276 3
277 2
279 2
280 4
281 10
282 1
283 4
284 2
285 5
286 1
287 3
288 4
289 1
290 4
291 2
292 7
293 23
294 3
295 4
296 4
297 2
298 6
299 4
300 1
301 3
302 3
303 3
304 2
305 8
306 2
307 1
308 2
310 3
312 1
313 1
314 1
315 4
316 1
317 2
318 1
319 2
321 4
322 5
326 4
327 2
328 9
329 3
330 1
331 1
332 3
336 2
338 2
339 2
340 4
341 4
342 1
343 2
344 3
346 4
347 3
348 5
349 9
350 5
351 4
352 3
353 4
354 1
355 1
356 1
360 3
361 5
362 4
364 1
365 4
367 3
368 4
369 3
372 9
373 5
376 3
378 2
379 1
380 2
381 4
382 4
383 1
384 1
385 1
386 1
388 1
390 2
391 2
392 14
394 1
395 4
396 3
400 6
401 1
402 3
403 2
404 9
406 6
407 2
408 2
409 1
410 2
411 2
412 2
413 1
414 2
415 4
416 3
417 3
418 1
420 4
421 1
422 3
423 2
424 3
426 2
427 2
428 1
429 1
431 2
432 1
434 2
436 2
438 1
440 2
442 3
444 4
445 1
447 3
448 3
449 3
450 1
451 1
452 3
454 1
455 3
456 12
457 2
458 3
459 2
460 5
461 1
462 1
463 1
464 2
466 2
467 1
468 2
469 1
470 3
471 2
474 1
477 1
478 2
479 2
480 4
482 1
483 1
484 2
488 5
489 3
490 3
492 4
493 2
494 2
495 1
496 2
497 3
498 1
499 1
501 1
504 4
505 3
506 2
507 1
508 3
509 1
510 2
511 1
512 585
513 3
514 1
515 1
516 4
517 1
518 2
520 11
521 1
522 2
523 1
524 5
526 5
527 1
529 1
530 4
532 2
533 1
534 3
535 4
536 5
538 2
539 2
540 4
541 1
543 2
544 5
545 1
546 4
547 1
548 3
550 2
551 1
552 1
553 2
554 3
555 1
556 2
557 2
558 4
560 2
561 5
562 4
563 2
564 5
565 5
567 3
568 4
569 1
570 1
571 3
572 3
573 3
574 1
575 1
576 5
577 2
579 2
580 5
581 1
582 1
583 2
584 2
585 1
586 1
588 1
589 1
590 2
591 2
592 2
593 2
594 1
595 2
596 1
597 1
598 2
599 4
600 4
601 1
604 4
605 2
606 1
607 1
608 1
610 3
611 3
612 1
613 1
614 1
615 5
616 2
617 2
618 2
620 4
621 2
622 2
624 2
625 3
626 2
627 1
628 3
631 2
632 5
633 3
634 3
635 3
636 17
637 1
639 4
640 41
641 4
642 6
643 8
644 5
645 2
646 3
647 5
648 7
649 6
650 5
651 3
652 1
653 2
654 1
655 1
656 6
657 2
658 2
659 5
660 8
662 2
664 2
665 1
669 2
672 13
674 3
676 4
677 1
678 2
679 6
680 3
681 2
683 1
684 6
688 2
689 2
690 1
691 3
692 4
693 2
694 5
695 3
696 6
698 3
700 4
701 2
702 1
703 2
704 9
705 1
707 1
708 6
710 2
711 3
712 3
713 3
714 22
715 1
716 3
717 1
718 1
719 2
720 1
721 1
722 1
723 3
724 2
726 1
727 2
728 1
729 1
730 1
731 1
732 2
733 3
735 2
736 10
737 2
738 1
739 3
740 6
743 1
744 3
745 2
746 2
747 1
748 5
749 2
750 3
752 6
753 2
754 3
755 1
756 4
757 2
758 2
759 1
760 5
761 1
762 6
763 1
764 5
768 7
770 3
771 1
772 3
773 2
774 1
775 3
776 3
778 1
780 3
781 4
782 2
783 2
784 2
785 1
786 2
787 1
788 9
789 2
790 2
791 1
792 9
794 1
796 6
797 2
798 5
799 1
800 9
801 3
802 2
803 1
804 8
807 2
808 8
809 2
811 1
812 2
814 1
816 2
817 3
818 3
819 3
820 5
823 1
824 3
825 3
827 3
829 4
830 2
831 2
832 5
833 1
834 1
835 2
836 3
837 4
838 1
839 4
840 3
841 1
842 1
844 2
845 2
846 3
847 1
848 5
849 2
850 4
852 3
853 2
854 2
855 4
856 4
857 4
858 1
859 4
860 6
861 2
862 1
863 1
864 3
865 4
868 2
870 1
871 3
872 1
873 2
875 3
876 8
878 1
879 1
880 4
881 2
883 2
884 9
885 1
887 1
888 7
890 3
892 3
893 4
894 2
895 2
896 8
897 1
898 4
900 2
901 5
902 1
903 2
904 1
905 2
906 1
907 1
908 1
909 2
910 1
912 2
913 2
914 1
915 2
916 3
917 1
918 4
920 5
921 1
923 2
924 1
927 2
928 7
929 3
930 1
934 4
936 6
938 1
940 2
941 1
942 1
943 3
944 38
946 2
947 3
948 2
949 1
950 2
951 3
952 4
953 3
955 1
956 1
957 1
960 1
961 2
962 2
963 3
964 1
965 1
967 2
968 2
969 3
970 4
971 1
972 1
973 6
974 2
975 3
976 2
979 4
980 7
981 5
982 2
984 1
986 1
987 3
988 2
989 1
990 1
991 1
992 8
993 3
994 3
996 3
1000 2
1001 3
1003 3
1004 1
1005 2
1006 1
1007 2
1009 1
1010 2
1011 1
1012 4
1013 2
1014 3
1015 2
1016 4
1018 5
1019 2
1020 8
1022 1
1023 1
1024 89
1025 3
1026 2
1027 2
1028 13
1029 2
1030 3
1032 6
1034 2
1035 1
1036 7
1039 1
1040 7
1041 1
1042 3
1043 3
1044 1
1046 1
1047 2
1048 3
1049 1
1050 1
1051 2
1052 6
1053 2
1056 5
1057 2
1058 3
1059 1
1060 1
1061 1
1062 2
1063 1
1066 1
1067 2
1070 1
1072 1
1073 1
1074 3
1076 4
1078 2
1079 1
1080 2
1081 2
1082 3
1083 2
1084 3
1085 2
1086 1
1087 2
1088 4
1089 8
1091 1
1093 3
1095 3
1096 2
1100 4
1102 1
1104 3
1105 3
1106 3
1108 3
1109 1
1110 2
1111 1
1112 3
1113 3
1114 1
1115 2
1116 6
1117 3
1118 4
1119 2
1120 7
1121 1
1123 1
1124 6
1127 1
1128 1
1130 3
1131 3
1132 2
1133 4
1134 1
1135 6
1136 1
1137 2
1138 2
1142 1
1144 1
1145 6
1146 1
1147 2
1148 6
1149 5
1150 2
1152 6
1154 1
1155 3
1156 2
1157 1
1158 2
1159 2
1160 2
1161 4
1162 1
1163 1
1164 10
1165 3
1166 2
1167 2
1168 2
1170 1
1171 1
1172 6
1173 3
1174 3
1175 2
1176 3
1178 3
1179 1
1180 1
1183 2
1184 6
1185 3
1186 6
1187 3
1188 2
1189 4
1190 2
1191 2
1192 2
1193 1
1194 2
1195 1
1196 2
1197 1
1199 1
1200 1
1201 3
1203 1
1204 1
1205 2
1206 3
1207 2
1208 14
1209 4
1210 3
1212 2
1214 2
1216 4
1217 2
1219 3
1220 5
1221 7
1222 2
1223 2
1224 15
1225 1
1226 4
1228 10
1229 2
1230 1
1231 5
1232 2
1233 1
1234 1
1235 1
1236 12
1237 6
1238 3
1239 3
1240 4
1241 4
1242 5
1243 2
1244 6
1245 1
1246 4
1247 1
1248 11
1251 3
1252 5
1253 2
1255 3
1256 3
1257 3
1258 1
1259 3
1260 10
1261 2
1262 4
1263 1
1264 14
1265 3
1266 4
1267 2
1268 8
1269 1
1270 1
1271 4
1272 4
1273 4
1275 2
1276 7
1277 1
1279 2
1280 13
1281 7
1282 1
1283 2
1284 4
1286 1
1287 2
1288 6
1289 3
1290 4
1291 2
1292 11
1293 3
1294 2
1296 21
1298 2
1299 1
1300 11
1302 1
1303 1
1304 9
1305 2
1306 1
1307 1
1308 5
1309 2
1310 2
1311 1
1313 4
1315 1
1316 10
1318 1
1319 2
1320 7
1322 2
1323 2
1324 5
1325 3
1326 2
1327 1
1328 6
1329 2
1331 1
1332 7
1333 2
1335 2
1336 4
1337 1
1339 4
1340 5
1341 3
1344 3
1346 4
1347 1
1348 4
1349 3
1351 3
1352 2
1353 1
1354 2
1355 1
1356 4
1357 3
1359 3
1360 4
1362 1
1363 1
1364 2
1365 3
1366 2
1367 1
1368 2
1369 5
1370 3
1372 5
1373 1
1374 2
1375 1
1376 12
1377 1
1378 2
1379 3
1380 5
1381 2
1382 1
1383 1
1384 7
1385 1
1386 4
1387 1
1388 17
1389 5
1390 1
1391 3
1392 10
1393 5
1394 3
1395 2
1396 8
1397 4
1398 2
1399 2
1400 4
1401 2
1402 2
1403 1
1404 6
1405 3
1406 2
1407 3
1408 9
1409 2
1411 3
1412 4
1413 2
1416 5
1417 1
1418 2
1419 5
1420 9
1422 1
1423 1
1424 8
1425 1
1426 1
1427 6
1428 6
1430 2
1431 3
1432 7
1433 3
1434 3
1435 1
1436 9
1437 4
1438 1
1439 1
1440 5
1441 1
1442 2
1443 1
1444 2
1445 2
1446 2
1448 3
1449 2
1450 1
1451 5
1452 5
1454 2
1455 2
1456 6
1457 2
1458 1
1459 1
1460 7
1461 2
1462 2
1463 2
1464 75
1465 2
1466 3
1467 2
1468 6
1469 1
1470 1
1472 11
1473 1
1474 1
1475 4
1476 10
1477 3
1478 2
1479 3
1480 6
1481 2
1483 2
1484 2
1485 2
1487 4
1488 11
1489 5
1490 1
1492 3
1493 6
1494 3
1495 1
1496 9
1497 2
1499 1
1500 6
1501 2
1502 5
1504 9
1505 2
1506 2
1507 3
1508 10
1510 2
1512 6
1513 3
1515 6
1516 6
1517 3
1518 6
1519 5
1520 8
1522 1
1523 1
1524 12
1525 3
1526 3
1528 28
1529 2
1532 10
1533 3
1534 1
1535 2
1536 20
1537 1
1538 1
1539 1
1540 8
1541 4
1542 2
1543 1
1544 8
1545 2
1546 5
1547 1
1548 3
1549 1
1550 3
1552 1
1556 7
1557 1
1558 1
1560 9
1561 1
1563 2
1564 5
1565 2
1566 2
1568 1
1569 1
1570 3
1572 3
1573 4
1574 2
1575 1
1576 4
1577 1
1579 3
1580 3
1582 1
1583 1
1584 2
1585 2
1587 1
1588 4
1589 2
1591 2
1592 1
1593 2
1594 3
1595 2
1596 8
1599 2
1600 11
1603 1
1604 1
1605 1
1606 2
1607 1
1608 3
1610 1
1611 4
1612 2
1613 1
1615 1
1616 2
1618 1
1619 1
1620 2
1621 1
1622 1
1623 3
1624 7
1625 1
1626 1
1628 2
1629 1
1630 3
1632 3
1633 1
1634 1
1635 4
1636 3
1637 2
1638 1
1639 1
1640 2
1642 1
1643 2
1644 2
1646 3
1647 2
1648 7
1649 1
1652 5
1655 1
1656 2
1658 4
1662 3
1664 4
1665 2
1667 1
1668 3
1671 1
1672 4
1673 3
1674 1
1675 2
1676 4
1677 2
1678 3
1679 3
1680 2
1682 1
1685 1
1686 2
1688 4
1689 1
1690 1
1691 5
1692 2
1693 2
1694 1
1695 3
1697 4
1699 2
1700 2
1701 4
1702 1
1703 2
1704 1
1705 2
1706 2
1707 2
1708 3
1709 3
1710 2
1711 2
1712 1
1713 3
1714 4
1715 1
1716 6
1717 1
1719 4
1720 2
1721 1
1723 2
1725 2
1726 1
1727 1
1728 7
1730 3
1731 2
1732 1
1733 2
1734 4
1736 2
1737 1
1738 1
1739 4
1740 2
1741 2
1742 1
1744 1
1745 1
1746 3
1747 2
1750 1
1751 1
1752 2
1753 3
1755 1
1756 2
1757 1
1759 3
1760 2
1761 1
1762 1
1763 1
1764 7
1765 3
1768 2
1769 1
1770 5
1771 1
1772 7
1773 1
1774 2
1775 5
1776 1
1777 6
1778 2
1779 3
1780 4
1781 3
1782 4
1783 3
1784 5
1785 2
1786 3
1790 2
1791 1
1794 2
1796 2
1798 1
1799 1
1800 5
1801 1
1802 2
1804 12
1805 3
1808 14
1809 1
1810 2
1812 15
1813 2
1815 2
1816 19
1817 2
1820 18
1823 2
1824 19
1825 1
1827 5
1828 9
1829 2
1830 1
1831 1
1832 35
1833 2
1834 3
1836 41
1837 2
1838 2
1839 1
1840 22
1841 2
1842 1
1844 30
1845 3
1846 1
1848 14
1849 2
1850 1
1851 1
1852 8
1853 1
1854 2
1856 4
1857 1
1860 7
1861 3
1862 3
1863 1
1864 5
1865 3
1866 2
1868 2
1869 1
1871 2
1872 3
1873 4
1874 2
1875 3
1876 4
1877 1
1878 1
1879 1
1880 2
1881 1
1883 2
1884 3
1885 1
1886 3
1887 2
1888 2
1889 3
1891 2
1892 2
1893 2
1895 3
1896 3
1897 2
1898 3
1900 1
1901 1
1902 1
1903 1
1904 5
1905 2
1907 3
1910 1
1911 4
1912 1
1913 3
1914 3
1915 3
1916 8
1918 2
1919 1
1920 5
1923 2
1924 4
1925 1
1926 1
1928 5
1930 3
1931 1
1932 13
1933 5
1934 1
1935 1
1936 4
1938 1
1939 1
1942 2
1944 2
1945 2
1947 1
1948 2
1950 1
1951 2
1952 6
1953 2
1955 1
1956 3
1957 2
1959 1
1961 1
1962 1
1964 5
1965 2
1966 2
1968 1
1970 1
1971 1
1972 7
1973 4
1974 1
1976 4
1977 1
1980 3
1982 2
1983 1
1984 3
1985 1
1987 2
1988 2
1990 2
1991 1
1992 5
1993 2
1996 5
1998 3
2000 9
2002 1
2004 6
2007 2
2008 9
2009 1
2010 1
2012 15
2014 2
2015 1
2016 5
2017 1
2020 5
2021 1
2024 14
2026 1
2028 6
2029 1
2030 2
2031 1
2032 7
2033 1
2035 2
2036 4
2037 4
2038 1
2040 2
2041 1
2043 1
2044 1
2047 1
2048 10
2049 3
2050 1
2051 1
2052 3
2053 1
2055 2
2060 3
2062 1
2063 4
2064 7
2065 1
2066 3
2067 1
2068 4
2070 1
2071 5
2072 5
2075 1
2076 6
2078 1
2081 2
2082 2
2084 7
2085 2
2088 2
2089 1
2090 3
2092 3
2093 2
2094 1
2096 4
2098 2
2099 1
2100 4
2104 3
2105 2
2106 1
2107 1
2108 4
2110 2
2112 1
2113 1
2115 1
2116 4
2117 2
2118 3
2119 1
2120 2
2122 1
2123 3
2124 1
2125 1
2126 1
2128 6
2129 2
2130 1
2131 2
2132 1
2135 2
2136 4
2137 1
2138 5
2139 1
2140 4
2142 1
2143 1
2144 2
2146 2
2148 2
2149 1
2151 2
2152 2
2153 1
2156 6
2157 1
2158 1
2159 1
2160 4
2161 1
2162 1
2163 2
2164 4
2165 2
2167 1
2168 2
2169 1
2171 2
2172 6
2173 1
2174 1
2175 2
2176 3
2177 1
2178 4
2180 1
2181 1
2184 1
2185 4
2186 2
2188 2
2189 4
2191 3
2192 4
2193 1
2194 1
2195 1
2197 1
2198 2
2199 2
2200 10
2201 1
2204 2
2205 1
2208 5
2209 1
2212 12
2214 1
2215 1
2216 3
2217 1
2218 2
2220 6
2221 1
2223 1
2224 1
2229 3
2230 3
2232 2
2234 1
2236 4
2239 1
2240 5
2241 1
2242 2
2243 3
2244 5
2245 4
2246 2
2247 2
2248 4
2249 1
2251 1
2252 7
2254 1
2255 3
2256 2
2257 2
2258 1
2260 6
2261 1
2262 1
2263 3
2264 3
2265 3
2266 2
2267 1
2269 1
2271 2
2272 1
2273 1
2274 1
2275 4
2276 2
2277 1
2280 3
2281 1
2282 2
2283 3
2284 1
2285 3
2287 1
2288 4
2289 1
2290 4
2292 5
2293 1
2294 1
2295 1
2296 6
2297 1
2299 1
2300 2
2302 1
2303 1
2304 3
2306 2
2308 5
2310 1
2311 3
2314 3
2315 1
2316 2
2317 1
2318 4
2319 1
2320 1
2322 1
2323 1
2325 4
2326 1
2328 7
2329 1
2331 2
2332 5
2334 1
2335 1
2336 2
2337 1
2340 2
2342 1
2343 1
2345 2
2347 1
2348 1
2349 1
2350 3
2351 1
2355 2
2356 3
2357 2
2359 2
2360 2
2361 3
2363 2
2364 4
2367 1
2368 4
2369 2
2370 1
2371 3
2372 2
2373 4
2374 1
2375 1
2376 2
2377 2
2378 1
2379 1
2380 3
2381 1
2382 3
2383 1
2384 3
2385 1
2386 2
2388 1
2392 2
2393 2
2394 2
2395 4
2396 1
2397 3
2398 1
2400 1
2401 2
2402 1
2404 5
2405 2
2407 1
2408 2
2409 1
2410 3
2415 1
2416 2
2418 2
2420 1
2422 2
2424 6
2425 1
2426 1
2428 2
2429 1
2430 5
2431 1
2432 1
2433 1
2434 3
2436 2
2437 1
2438 2
2440 1
2441 1
2442 1
2443 1
2444 4
2446 1
2447 3
2448 4
2449 1
2451 2
2452 2
2453 2
2454 2
2455 1
2456 6
2457 1
2459 1
2460 5
2462 2
2463 1
2464 7
2465 4
2467 3
2468 8
2470 2
2472 1
2476 4
2477 2
2478 1
2479 2
2480 2
2481 1
2483 1
2484 1
2486 1
2487 1
2490 1
2491 1
2492 1
2493 1
2495 1
2496 6
2497 1
2499 2
2500 7
2501 2
2504 3
2506 1
2507 1
2508 1
2509 1
2511 1
2514 1
2516 4
2517 2
2518 1
2519 1
2520 3
2521 1
2522 3
2523 2
2524 1
2526 1
2527 3
2529 3
2531 1
2532 4
2536 3
2538 1
2539 2
2540 2
2542 2
2543 2
2548 1
2549 2
2552 2
2554 1
2555 2
2556 1
2557 5
2558 1
2560 9
2561 1
2562 2
2568 1
2569 1
2570 1
2571 2
2572 3
2573 2
2574 2
2575 5
2576 2
2577 3
2583 1
2587 3
2588 3
2591 1
2592 1
2594 1
2595 1
2596 1
2597 1
2599 1
2600 1
2601 1
2604 4
2605 1
2606 1
2608 3
2609 2
2610 1
2611 1
2612 1
2615 2
2616 1
2618 3
2619 1
2620 3
2621 2
2623 1
2624 3
2625 3
2627 2
2628 4
2629 2
2630 1
2631 1
2632 4
2636 1
2640 5
2644 2
2645 1
2646 2
2647 2
2648 6
2649 2
2650 1
2652 3
2653 2
2656 2
2658 1
2659 2
2660 2
2661 2
2662 1
2663 3
2664 2
2665 1
2668 2
2672 1
2673 1
2674 1
2676 2
2677 1
2678 1
2679 2
2680 1
2681 2
2684 8
2685 2
2688 1
2689 1
2691 3
2692 1
2693 1
2696 2
2697 1
2699 1
2700 3
2701 1
2704 1
2705 1
2707 3
2711 1
2712 2
2713 1
2715 1
2716 3
2717 3
2718 1
2722 1
2723 1
2725 1
2726 1
2727 1
2728 3
2729 2
2730 1
2732 5
2734 1
2736 1
2738 1
2742 1
2744 4
2746 1
2750 1
2751 2
2752 2
2753 1
2758 1
2761 1
2762 1
2763 1
2767 1
2768 2
2769 2
2770 1
2771 1
2772 1
2773 1
2774 1
2775 1
2778 2
2779 1
2780 1
2783 1
2784 2
2785 1
2786 1
2787 1
2788 3
2789 1
2791 1
2792 4
2793 2
2795 3
2796 1
2799 1
2800 3
2802 1
2804 2
2805 1
2806 3
2807 1
2808 1
2809 1
2811 1
2812 3
2813 1
2815 1
2816 1
2818 1
2819 1
2820 1
2822 2
2824 1
2828 1
2829 1
2830 3
2835 1
2836 1
2837 1
2838 2
2839 1
2840 3
2843 2
2844 1
2845 2
2846 1
2849 1
2850 1
2851 2
2852 3
2855 1
2856 1
2857 1
2858 1
2859 1
2862 1
2863 1
2865 1
2866 2
2867 1
2868 2
2869 3
2870 2
2871 2
2872 1
2873 1
2877 1
2879 1
2880 2
2881 2
2882 1
2884 1
2885 1
2887 1
2888 1
2889 2
2894 1
2896 5
2897 1
2898 1
2900 2
2902 1
2904 5
2908 2
2910 2
2911 1
2912 1
2913 2
2914 2
2916 5
2918 1
2920 3
2921 2
2922 1
2924 1
2926 2
2927 1
2928 1
2929 1
2930 1
2931 1
2932 3
2933 3
2935 1
2936 3
2937 2
2940 2
2941 1
2944 1
2946 2
2948 4
2949 2
2950 1
2952 1
2953 1
2954 1
2957 2
2958 1
2959 1
2960 2
2962 4
2963 1
2968 1
2970 1
2971 1
2972 3
2973 6
2974 1
2976 2
2978 2
2979 2
2980 1
2981 2
2982 1
2984 1
2985 1
2988 1
2989 2
2992 1
2995 2
2996 1
2999 3
3000 1
3003 1
3004 1
3007 1
3008 1
3009 2
3014 1
3016 3
3019 2
3023 1
3025 1
3026 1
3027 2
3028 2
3029 1
3031 1
3032 2
3034 2
3035 2
3036 2
3037 1
3039 1
3041 1
3044 3
3045 1
3047 3
3048 3
3049 1
3055 2
3056 1
3059 2
3062 2
3064 1
3066 1
3067 1
3071 2
3072 2
3073 2
3076 1
3077 1
3079 2
3082 4
3083 1
3084 9
3085 1
3087 1
3088 2
3089 1
3091 1
3092 2
3095 1
3098 1
3100 4
3101 2
3102 2
3104 3
3105 2
3106 6
3107 7
3108 1
3109 1
3110 2
3111 1
3112 2
3114 1
3115 2
3118 3
3119 1
3120 2
3122 1
3123 5
3124 4
3125 2
3126 2
3127 1
3128 4
3129 5
3130 1
3131 1
3132 4
3133 2
3134 2
3135 3
3136 1
3138 2
3140 3
3142 1
3143 2
3146 1
3147 4
3148 3
3152 1
3154 4
3155 2
3156 3
3157 1
3159 4
3160 1
3161 1
3162 1
3163 1
3164 2
3165 2
3166 1
3168 2
3172 2
3174 2
3175 2
3177 2
3178 2
3180 2
3182 1
3183 1
3184 6
3185 2
3188 2
3189 1
3190 3
3192 2
3196 1
3197 1
3200 2
3201 1
3202 2
3204 2
3206 1
3207 1
3208 2
3210 1
3212 2
3214 1
3217 3
3218 1
3220 4
3222 2
3224 3
3227 1
3228 1
3231 3
3232 3
3233 1
3234 2
3237 1
3240 1
3241 1
3242 3
3243 1
3244 1
3248 1
3249 1
3252 2
3253 1
3255 1
3256 1
3257 1
3258 1
3262 1
3263 3
3265 2
3269 1
3270 1
3274 1
3275 2
3276 2
3278 2
3279 3
3284 2
3285 1
3286 1
3287 2
3288 3
3289 1
3290 2
3291 1
3292 3
3293 2
3295 2
3296 2
3297 1
3298 1
3300 1
3302 2
3304 2
3305 2
3307 1
3308 4
3309 1
3310 2
3311 2
3312 1
3313 1
3314 3
3316 4
3317 3
3319 2
3322 1
3323 1
3325 1
3326 2
3327 1
3329 2
3330 1
3331 2
3332 3
3333 1
3334 2
3339 1
3340 2
3343 3
3344 1
3352 2
3356 3
3357 4
3358 2
3359 1
3360 1
3363 1
3365 1
3366 1
3368 2
3370 1
3373 1
3375 3
3376 2
3380 1
3385 2
3388 3
3391 2
3392 4
3393 2
3394 1
3395 1
3397 1
3400 1
3404 1
3408 1
3409 2
3411 1
3412 2
3413 1
3416 1
3422 2
3423 2
3424 1
3425 2
3426 1
3427 4
3430 1
3431 1
3432 3
3433 1
3434 1
3435 1
3436 3
3437 1
3438 2
3439 3
3440 1
3442 1
3446 1
3447 2
3448 3
3450 3
3451 1
3452 4
3453 2
3454 3
3456 1
3457 1
3460 4
3462 1
3464 3
3465 3
3468 3
3469 1
3470 3
3471 3
3472 2
3476 2
3483 1
3488 2
3489 2
3490 2
3492 3
3494 1
3495 1
3496 2
3500 1
3502 1
3504 2
3505 1
3506 1
3507 1
3508 1
3509 2
3510 1
3511 2
3513 1
3514 1
3515 2
3516 1
3518 1
3522 1
3524 2
3525 3
3526 1
3527 1
3528 3
3531 1
3532 4
3533 3
3535 2
3536 2
3540 2
3541 2
3544 1
3545 1
3546 1
3548 1
3552 3
3554 4
3556 1
3557 1
3559 1
3560 2
3561 2
3562 1
3564 1
3565 1
3568 1
3569 1
3570 1
3573 2
3576 1
3577 4
3579 1
3580 1
3582 2
3584 5
3588 2
3589 1
3593 1
3594 2
3595 2
3596 3
3597 4
3598 2
3600 1
3601 4
3602 1
3605 1
3606 4
3607 3
3608 1
3609 2
3610 1
3611 1
3612 1
3614 1
3616 3
3621 1
3624 4
3626 2
3627 1
3628 2
3629 1
3630 2
3631 1
3632 3
3633 2
3634 1
3636 2
3639 2
3640 4
3641 2
3642 1
3644 2
3646 1
3648 1
3649 1
3652 2
3653 1
3654 1
3655 1
3656 2
3658 1
3662 1
3666 3
3667 3
3668 3
3670 2
3671 3
3672 1
3673 2
3674 2
3675 1
3676 2
3677 2
3679 5
3680 5
3681 1
3682 5
3683 4
3684 1
3685 6
3687 6
3688 10
3689 6
3690 6
3691 10
3692 5
3693 11
3694 7
3695 2
3696 7
3697 9
3698 2
3699 2
3700 4
3701 7
3703 3
3704 8
3705 6
3706 1
3707 2
3709 2
3710 1
3711 1
3712 3
3715 2
3716 4
3717 2
3718 1
3720 1
3721 2
3722 1
3723 1
3724 2
3725 1
3727 1
3729 2
3731 1
3732 3
3733 1
3734 1
3735 1
3736 2
3737 1
3739 3
3740 1
3741 1
3744 1
3745 1
3748 1
3749 1
3750 1
3751 1
3753 1
3754 2
3755 1
3756 1
3757 1
3760 3
3761 2
3764 2
3765 3
3768 1
3769 1
3770 1
3772 1
3774 1
3776 4
3777 5
3781 2
3783 2
3785 3
3786 1
3787 1
3790 2
3792 2
3793 1
3794 1
3795 2
3798 1
3800 1
3801 1
3803 3
3804 1
3806 1
3807 1
3809 1
3811 1
3812 1
3813 1
3815 3
3816 2
3819 2
3824 1
3826 3
3828 1
3829 1
3830 1
3831 2
3832 3
3835 2
3839 1
3840 4
3841 3
3843 1
3844 1
3845 1
3846 1
3847 1
3850 2
3851 1
3852 1
3856 1
3857 2
3858 1
3859 1
3860 1
3865 1
3866 1
3867 4
3868 1
3871 1
3872 2
3876 2
3877 3
3878 2
3880 3
3881 3
3883 3
3884 3
3885 1
3887 1
3888 1
3891 2
3892 1
3895 1
3896 2
3902 4
3905 2
3907 2
3908 8
3909 2
3912 1
3913 1
3915 1
3916 1
3917 3
3919 1
3921 2
3922 2
3928 3
3930 2
3931 1
3932 1
3934 3
3935 1
3936 3
3938 1
3942 1
3944 3
3946 1
3948 1
3949 1
3950 1
3953 2
3954 2
3955 1
3956 3
3959 1
3960 1
3961 2
3962 1
3963 1
3964 3
3966 1
3968 1
3969 2
3973 1
3976 1
3977 1
3980 5
3983 1
3984 2
3985 1
3986 1
3988 1
3989 2
3990 1
3992 2
3995 1
3996 3
3997 1
3998 2
3999 2
4001 2
4003 1
4004 1
4006 1
4007 1
4008 1
4012 4
4014 2
4015 2
4016 3
4018 1
4019 1
4020 2
4022 1
4027 2
4028 3
4029 1
4030 1
4032 2
4035 1
4036 1
4037 1
4038 1
4040 1
4042 1
4044 1
4045 1
4048 2
4049 1
4051 1
4052 2
4053 1
4055 1
4056 2
4057 2
4059 2
4060 1
4062 1
4063 1
4064 3
4067 1
4068 2
4072 1
4073 1
4074 1
4076 4
4078 1
4080 1
4083 1
4084 3
4085 1
4086 1
4087 1
4090 1
4091 1
4092 1
4096 14
4098 1
4100 1
4101 1
4107 1
4108 2
4111 1
4112 1
4113 1
4114 2
4115 1
4116 3
4120 3
4121 1
4124 2
4125 2
4126 1
4131 2
4132 1
4136 2
4137 2
4138 1
4139 2
4140 2
4141 1
4144 1
4146 2
4147 1
4148 4
4149 2
4152 3
4156 1
4157 1
4158 1
4159 2
4164 1
4165 1
4169 1
4172 3
4174 1
4175 1
4176 1
4178 1
4180 3
4184 5
4185 1
4186 1
4188 2
4191 1
4192 1
4193 1
4195 1
4196 1
4197 1
4199 1
4200 2
4203 2
4206 1
4207 1
4208 6
4212 3
4213 1
4215 1
4216 1
4218 1
4220 3
4221 2
4224 3
4226 1
4228 1
4229 2
4231 1
4232 1
4233 1
4234 1
4236 1
4237 1
4239 3
4240 2
4241 2
4243 1
4244 3
4246 1
4247 2
4248 2
4253 2
4256 2
4259 1
4260 1
4262 1
4263 2
4264 3
4268 4
4270 1
4274 1
4278 1
4280 1
4281 1
4283 1
4285 2
4286 2
4288 1
4290 2
4292 2
4293 1
4296 1
4300 2
4301 2
4302 1
4304 1
4305 3
4306 1
4308 2
4311 1
4312 1
4316 3
4317 3
4319 2
4320 4
4322 1
4324 2
4326 2
4328 1
4329 1
4332 1
4333 1
4334 2
4336 3
4337 1
4338 2
4339 1
4340 1
4342 1
4345 1
4346 1
4348 2
4349 1
4350 1
4352 3
4353 1
4359 1
4360 2
4361 2
4362 3
4364 2
4366 2
4367 2
4368 2
4369 1
4372 1
4373 3
4375 1
4376 2
4379 1
4380 4
4382 3
4383 1
4384 3
4387 2
4389 2
4392 3
4396 2
4398 1
4399 1
4400 4
4402 1
4404 1
4406 3
4408 1
4409 3
4410 1
4413 1
4414 1
4416 3
4417 2
4420 1
4421 2
4423 1
4424 2
4426 1
4427 1
4428 1
4430 2
4432 3
4434 1
4435 1
4436 3
4437 1
4440 1
4444 2
4446 2
4447 3
4448 1
4449 1
4451 1
4452 2
4453 1
4454 3
4455 1
4456 1
4458 1
4459 1
4460 1
4461 1
4463 1
4464 2
4468 2
4470 1
4472 1
4474 1
4476 2
4478 1
4482 1
4484 2
4485 1
4488 2
4490 2
4492 1
4493 1
4496 1
4500 2
4501 3
4504 1
4506 1
4507 1
4508 2
4511 1
4512 1
4516 1
4517 1
4522 1
4523 2
4524 3
4525 1
4527 1
4528 2
4532 4
4533 1
4534 1
4536 2
4538 1
4539 1
4540 2
4541 2
4542 2
4543 1
4544 2
4545 3
4548 2
4549 2
4550 2
4552 4
4554 1
4555 1
4559 1
4560 6
4562 1
4567 1
4569 3
4570 1
4573 1
4574 1
4576 4
4577 2
4578 1
4580 6
4582 1
4586 1
4587 1
4588 2
4589 1
4591 1
4592 2
4594 2
4596 2
4597 1
4598 1
4600 1
4605 2
4606 1
4608 7
4609 1
4610 1
4612 2
4613 1
4614 1
4615 2
4619 1
4620 5
4621 2
4624 1
4628 2
4629 2
4631 1
4632 4
4635 1
4636 3
4637 1
4638 2
4639 3
4640 2
4641 1
4643 1
4644 2
4646 3
4648 3
4649 2
4651 2
4652 4
4656 2
4660 2
4661 1
4662 1
4663 2
4664 3
4667 2
4668 1
4672 2
4675 2
4676 2
4677 1
4678 2
4679 1
4680 1
4682 1
4683 1
4688 3
4690 1
4691 1
4692 3
4693 1
4695 2
4696 1
4697 1
4698 1
4700 2
4701 1
4703 1
4704 2
4705 1
4706 1
4707 1
4709 1
4712 5
4716 2
4717 1
4720 3
4722 1
4724 2
4726 1
4730 3
4731 1
4732 1
4738 1
4740 2
4743 3
4745 1
4751 1
4756 2
4757 2
4759 1
4760 1
4764 2
4765 1
4767 2
4768 1
4770 1
4771 1
4772 2
4776 3
4777 1
4778 1
4780 5
4782 2
4784 2
4787 2
4788 2
4789 1
4791 1
4792 1
4793 2
4794 2
4796 1
4797 1
4800 3
4802 1
4804 1
4805 1
4807 1
4808 3
4810 3
4813 1
4819 1
4820 1
4826 2
4828 2
4831 1
4836 2
4837 2
4838 1
4840 3
4842 2
4843 2
4845 1
4848 2
4849 2
4850 2
4852 1
4853 1
4855 1
4861 1
4862 1
4864 2
4865 2
4866 2
4868 1
4869 1
4870 1
4872 5
4876 7
4878 2
4881 2
4882 2
4884 2
4885 2
4888 3
4889 4
4892 2
4894 1
4895 2
4896 1
4900 2
4902 1
4903 1
4904 1
4907 1
4908 3
4910 1
4911 1
4912 2
4914 1
4916 2
4920 1
4922 1
4924 2
4925 1
4927 1
4928 3
4930 1
4931 2
4932 2
4933 2
4935 1
4936 1
4939 1
4941 1
4942 1
4944 2
4946 1
4948 6
4949 1
4951 1
4952 10
4956 5
4957 1
4958 1
4960 4
4961 2
4963 1
4964 4
4965 1
4966 1
4968 2
4972 1
4973 1
4975 2
4976 3
4977 1
4978 1
4979 2
4980 3
4982 1
4984 1
4985 1
4986 2
4988 2
4989 1
4992 2
4994 1
4996 3
4998 1
5000 1
5001 1
5003 1
5004 2
5005 1
5008 2
5011 1
5012 1
5016 2
5019 1
5020 2
5024 2
5030 2
5034 1
5036 3
5040 1
5045 3
5048 4
5049 1
5051 2
5053 1
5054 1
5055 1
5056 1
5057 1
5059 4
5063 2
5064 2
5068 3
5071 1
5072 3
5073 1
5075 2
5076 4
5080 2
5081 1
5084 5
5085 3
5087 1
5088 2
5091 3
5094 1
5095 2
5096 1
5100 2
5104 2
5105 1
5107 1
5108 1
5109 1
5111 1
5112 5
5113 1
5115 1
5116 1
5117 1
5118 1
5120 1
5122 2
5123 1
5127 2
5128 1
5130 1
5132 1
5134 1
5136 2
5139 1
5140 6
5144 2
5146 1
5148 2
5150 1
5152 1
5156 6
5157 1
5158 1
5160 1
5161 1
5163 1
5164 4
5165 3
5166 3
5167 1
5170 1
5172 4
5174 1
5175 20
5176 2
5178 1
5179 1
5180 2
5181 1
5184 2
5188 3
5189 1
5190 1
5192 1
5195 1
5196 3
5200 2
5201 1
5203 1
5208 1
5209 1
5211 3
5212 1
5219 4
5222 1
5223 1
5227 1
5228 2
5232 1
5234 2
5237 2
5238 1
5240 2
5243 1
5244 2
5248 1
5252 1
5254 2
5257 1
5260 2
5262 1
5264 2
5265 1
5267 1
5268 2
5269 3
5270 1
5272 1
5274 1
5276 3
5277 3
5278 1
5279 2
5280 1
5285 1
5288 3
5292 1
5294 2
5296 2
5297 1
5300 2
5303 1
5304 1
5307 1
5308 1
5310 1
5312 1
5314 1
5317 1
5319 3
5320 4
5321 2
5323 1
5324 1
5325 1
5327 1
5328 2
5329 1
5330 1
5332 2
5334 1
5336 2
5338 1
5340 1
5341 1
5343 2
5345 1
5346 1
5348 1
5349 1
5350 1
5356 1
5358 1
5359 1
5360 2
5361 1
5362 1
5363 1
5365 2
5366 1
5367 1
5368 2
5371 1
5372 5
5374 1
5376 1
5378 1
5380 3
5381 1
5382 1
5384 1
5385 1
5388 1
5392 1
5394 2
5395 1
5396 1
5400 2
5401 4
5403 1
5407 1
5408 2
5411 1
5412 1
5414 2
5416 1
5417 3
5420 1
5422 1
5424 2
5428 1
5430 1
5433 1
5434 1
5436 3
5440 1
5443 1
5444 1
5445 1
5448 1
5451 1
5452 4
5453 2
5455 1
5462 2
5465 2
5466 1
5468 2
5469 1
5472 3
5473 3
5476 2
5478 1
5480 2
5484 1
5485 4
5486 1
5488 3
5490 1
5491 1
5492 2
5493 1
5494 1
5495 1
5496 2
5497 2
5500 1
5504 1
5505 1
5507 1
5508 1
5515 1
5516 1
5520 2
5521 1
5522 1
5524 3
5525 1
5526 1
5528 3
5532 2
5533 1
5536 3
5540 2
5544 4
5546 1
5547 3
5550 1
5554 1
5558 1
5560 3
5564 1
5566 3
5568 7
5569 2
5570 1
5572 2
5574 1
5577 1
5579 1
5580 1
5583 1
5584 2
5588 2
5589 1
5592 1
5594 1
5596 3
5597 1
5599 1
5600 1
5604 2
5608 2
5616 3
5620 1
5623 2
5624 1
5628 2
5632 1
5639 1
5640 1
5641 1
5642 1
5643 1
5649 1
5651 1
5652 1
5656 2
5658 1
5659 1
5660 4
5662 2
5667 1
5668 3
5669 1
5672 2
5673 1
5674 1
5675 3
5676 1
5678 1
5680 1
5681 2
5684 2
5685 2
5687 4
5688 1
5689 1
5690 1
5692 2
5693 1
5695 1
5696 4
5699 1
5700 1
5704 3
5705 1
5706 1
5707 1
5709 2
5710 1
5714 1
5716 4
5719 1
5720 1
5721 2
5722 1
5724 2
5725 1
5726 1
5727 1
5728 3
5729 1
5731 1
5735 1
5736 4
5739 1
5742 1
5744 4
5747 3
5750 1
5752 1
5757 1
5758 2
5760 1
5761 1
5764 3
5766 2
5767 2
5772 2
5773 1
5780 1
5783 1
5784 1
5788 3
5790 1
5791 1
5792 2
5799 1
5800 4
5802 1
5804 2
5808 2
5812 1
5813 1
5814 1
5816 2
5818 1
5820 3
5821 1
5826 1
5827 1
5828 11
5830 1
5832 1
5834 1
5835 1
5841 1
5842 1
5846 3
5848 2
5849 1
5852 1
5857 1
5858 1
5861 2
5863 1
5864 4
5865 1
5868 2
5870 3
5876 2
5878 1
5879 1
5880 1
5883 1
5884 1
5885 1
5887 1
5888 3
5892 2
5893 1
5894 1
5899 1
5900 2
5902 1
5904 2
5907 1
5908 2
5909 1
5910 1
5912 5
5915 1
5918 14
5920 3
5924 2
5928 1
5930 1
5932 3
5938 1
5939 1
5942 1
5944 1
5955 1
5956 6
5958 1
5959 1
5960 2
5964 2
5966 2
5967 1
5968 2
5972 1
5976 3
5977 2
5979 1
5981 1
5983 1
5984 1
5987 1
5988 2
5989 1
5990 1
5992 1
5996 5
6000 3
6001 1
6003 1
6004 1
6006 1
6007 1
6008 2
6009 1
6011 2
6012 3
6013 1
6014 1
6016 2
6019 1
6020 2
6023 1
6025 1
6028 3
6029 1
6031 2
6032 1
6035 2
6036 3
6038 1
6039 1
6040 4
6044 3
6045 1
6048 2
6050 1
6051 1
6052 2
6055 1
6056 1
6057 1
6064 1
6065 1
6068 2
6072 1
6074 1
6076 3
6077 2
6080 3
6083 2
6084 3
6088 1
6093 1
6095 1
6096 4
6098 1
6100 1
6101 3
6103 1
6104 2
6108 3
6110 6
6112 1
6116 2
6118 2
6119 1
6120 3
6124 1
6126 1
6127 2
6128 3
6133 1
6136 1
6139 1
6142 1
6144 4
6145 1
6146 1
6147 2
6148 2
6150 1
6151 1
6152 1
6154 1
6155 1
6160 1
6161 1
6162 1
6168 2
6169 1
6172 2
6173 2
6176 1
6179 1
6180 1
6182 1
6184 4
6185 1
6188 1
6189 1
6196 1
6199 2
6200 1
6203 1
6204 1
6205 1
6206 1
6208 1
6216 1
6220 1
6223 1
6226 1
6227 1
6228 1
6230 1
6231 1
6232 1
6237 1
6241 1
6244 1
6245 1
6248 3
6251 1
6254 2
6257 2
6261 1
6264 2
6265 1
6266 1
6269 1
6272 2
6274 1
6280 3
6281 3
6282 1
6284 2
6289 1
6293 1
6295 1
6296 4
6298 1
6300 1
6304 1
6306 4
6310 1
6311 1
6312 2
6315 1
6316 2
6318 1
6319 1
6324 1
6326 1
6328 4
6332 1
6334 1
6336 3
6340 1
6343 1
6344 3
6350 1
6352 2
6356 1
6358 1
6360 1
6364 2
6365 1
6367 1
6368 2
6372 1
6373 2
6374 1
6376 2
6380 1
6381 1
6389 1
6392 2
6394 1
6396 2
6398 1
6399 1
6400 1
6403 1
6405 2
6407 1
6408 2
6412 1
6413 1
6415 1
6416 3
6418 2
6419 1
6421 1
6422 1
6424 1
6430 1
6432 4
6434 1
6436 1
6440 1
6442 1
6444 2
6454 1
6456 3
6458 1
6461 1
6464 3
6466 4
6468 3
6471 2
6472 2
6474 1
6476 4
6477 1
6479 1
6480 3
6483 1
6484 2
6487 1
6488 2
6491 1
6492 2
6496 1
6497 3
6502 1
6504 2
6510 2
6512 3
6516 1
6525 1
6528 3
6529 2
6532 2
6540 3
6541 1
6544 2
6545 1
6548 2
6549 1
6553 1
6556 1
6558 3
6560 1
6562 2
6564 1
6566 1
6567 2
6568 1
6569 2
6570 1
6571 3
6572 1
6576 2
6588 2
6592 1
6596 1
6599 1
6602 1
6604 1
6606 1
6608 3
6609 1
6612 1
6613 1
6615 1
6619 1
6621 1
6624 2
6627 1
6628 2
6630 1
6632 1
6634 2
6636 1
6637 2
6638 1
6640 2
6641 2
6644 2
6645 1
6648 1
6650 1
6654 1
6660 2
6665 1
6667 1
6668 3
6675 1
6678 1
6679 1
6681 1
6683 1
6684 3
6685 1
6687 1
6688 1
6690 1
6692 1
6694 1
6696 1
6700 2
6704 1
6706 1
6707 2
6708 1
6710 1
6712 2
6713 1
6714 1
6716 1
6718 1
6725 1
6732 2
6734 2
6736 4
6740 1
6743 3
6744 1
6746 2
6748 2
6751 2
6754 1
6756 1
6758 2
6760 1
6762 1
6766 2
6767 1
6768 2
6770 1
6771 1
6773 2
6774 1
6775 1
6777 1
6779 1
6780 1
6788 1
6792 1
6796 2
6799 1
6801 1
6803 1
6804 2
6806 1
6808 1
6812 2
6813 1
6814 1
6816 2
6819 1
6820 1
6821 1
6824 3
6825 1
6829 1
6832 1
6836 1
6838 1
6841 1
6856 1
6859 1
6864 2
6867 1
6868 3
6876 1
6880 2
6883 1
6884 1
6885 1
6888 2
6896 1
6897 3
6900 2
6901 1
6904 1
6907 1
6908 1
6916 1
6920 1
6924 1
6928 2
6932 1
6936 1
6938 1
6943 1
6947 2
6961 1
6962 1
6963 1
6964 1
6971 1
6973 1
6976 2
6978 1
6980 2
6984 1
6988 1
6990 3
6992 1
6993 1
6996 1
6998 1
6999 1
7000 1
7002 1
7007 1
7008 1
7013 2
7014 1
7019 1
7024 1
7029 1
7032 2
7041 1
7042 1
7045 1
7047 3
7048 3
7049 1
7052 1
7056 2
7058 1
7060 1
7064 1
7074 1
7076 1
7080 2
7084 1
7085 1
7087 1
7088 1
7100 5
7105 2
7108 2
7116 3
7117 1
7120 2
7124 5
7126 1
7128 3
7136 1
7137 1
7138 1
7139 1
7144 1
7149 2
7152 2
7156 1
7158 1
7160 1
7161 1
7163 1
7168 2
7169 1
7187 1
7188 1
7189 1
7192 1
7196 2
7200 1
7201 1
7204 1
7208 2
7209 1
7216 1
7232 1
7236 3
7240 2
7247 1
7251 1
7252 2
7254 1
7255 1
7256 1
7260 3
7264 2
7267 1
7268 3
7271 1
7272 1
7276 1
7281 1
7284 1
7285 1
7288 2
7292 1
7294 1
7296 1
7298 1
7300 2
7302 1
7306 2
7307 1
7312 1
7314 1
7316 1
7328 2
7333 1
7335 1
7336 3
7343 1
7344 1
7348 1
7352 2
7355 6
7358 1
7360 1
7361 1
7364 1
7365 5
7368 3
7370 1
7372 3
7375 1
7376 1
7378 1
7379 2
7384 1
7387 1
7392 1
7393 1
7395 1
7396 1
7397 1
7400 1
7401 1
7406 1
7407 1
7408 1
7411 1
7412 2
7413 1
7416 3
7417 1
7420 2
7424 3
7425 1
7429 1
7430 1
7432 3
7434 1
7435 1
7437 1
7438 1
7440 1
7445 1
7447 1
7448 1
7452 1
7459 1
7460 3
7464 2
7468 1
7469 1
7471 1
7472 1
7473 2
7474 1
7484 2
7488 1
7489 1
7492 3
7494 1
7495 1
7497 1
7500 1
7504 1
7516 1
7519 1
7520 3
7521 1
7525 1
7528 1
7529 2
7532 1
7533 1
7536 1
7544 1
7548 1
7552 1
7557 1
7571 1
7572 1
7573 1
7575 1
7576 1
7577 1
7578 3
7580 1
7584 1
7588 1
7591 2
7596 1
7597 1
7601 1
7602 3
7603 1
7604 1
7607 2
7612 2
7614 1
7619 1
7620 1
7623 1
7624 1
7625 1
7626 1
7628 2
7631 1
7637 1
7639 1
7640 2
7648 1
7657 1
7664 1
7675 1
7678 1
7680 2
7684 1
7685 1
7688 1
7689 1
7696 3
7699 1
7700 1
7708 3
7712 1
7714 1
7716 1
7720 1
7724 1
7726 4
7735 1
7737 1
7744 2
7748 4
7751 1
7752 1
7755 2
7759 1
7761 1
7764 1
7768 1
7776 1
7780 3
7784 1
7792 1
7794 2
7796 2
7801 1
7803 1
7804 1
7805 1
7809 1
7811 1
7815 1
7816 2
7817 1
7820 1
7821 1
7824 1
7828 1
7829 1
7830 1
7832 3
7839 1
7840 1
7842 1
7847 1
7848 3
7853 1
7854 1
7856 2
7857 1
7862 1
7868 1
7872 1
7876 1
7879 1
7883 1
7884 1
7887 1
7888 1
7889 1
7892 2
7896 1
7898 1
7900 4
7902 1
7904 4
7916 1
7929 1
7932 1
7938 1
7939 1
7942 1
7947 1
7948 3
7952 1
7954 1
7956 1
7959 1
7960 1
7962 1
7963 1
7964 3
7967 1
7970 1
7972 1
7973 1
7976 1
7980 3
7984 1
7985 1
7991 2
7993 2
7996 1
8000 1
8004 1
8005 1
8006 2
8008 2
8012 1
8018 1
8020 1
8026 2
8027 1
8028 1
8032 2
8036 3
8040 2
8042 1
8048 1
8052 1
8057 1
8064 1
8072 1
8088 1
8092 1
8093 1
8096 1
8097 1
8100 1
8104 1
8105 1
8112 3
8114 1
8116 1
8123 1
8124 1
8128 1
8141 1
8142 1
8144 1
8146 1
8148 2
8149 1
8152 2
8156 3
8157 1
8160 1
8162 1
8164 1
8172 1
8174 1
8180 1
8185 1
8192 3
8195 1
8198 1
8200 2
8204 1
8207 1
8210 4
8213 1
8224 2
8228 1
8229 1
8234 1
8236 1
8237 2
8241 1
8247 1
8250 1
8252 3
8253 1
8254 1
8264 1
8268 1
8276 2
8293 1
8296 1
8299 4
8304 2
8305 1
8306 1
8312 1
8317 2
8319 1
8324 1
8327 1
8330 1
8337 1
8344 2
8348 2
8356 1
8360 4
8363 1
8366 1
8368 1
8371 3
8372 2
8376 1
8379 1
8380 2
8381 1
8393 1
8396 2
8400 3
8404 1
8411 1
8412 1
8418 1
8419 1
8425 1
8427 1
8428 1
8434 1
8436 2
8440 1
8442 1
8444 1
8447 1
8448 1
8455 1
8456 1
8460 2
8463 1
8468 1
8472 1
8476 2
8479 1
8480 1
8488 1
8492 2
8500 1
8501 1
8503 1
8504 2
8505 1
8506 2
8510 1
8512 2
8513 1
8516 5
8520 4
8521 1
8527 1
8532 1
8533 1
8540 13
8544 1
8548 2
8549 2
8552 2
8563 1
8564 1
8565 1
8566 1
8568 1
8572 2
8574 1
8576 2
8577 1
8580 2
8584 1
8588 2
8590 1
8592 1
8599 1
8600 1
8616 2
8624 2
8627 1
8628 1
8629 1
8630 1
8631 2
8639 1
8640 1
8644 1
8645 1
8652 2
8655 1
8656 1
8657 1
8660 1
8665 1
8666 1
8668 1
8672 3
8673 1
8677 1
8678 1
8680 1
8684 1
8685 2
8689 1
8692 1
8693 1
8695 1
8696 2
8697 1
8708 3
8712 1
8714 1
8715 1
8716 1
8728 2
8730 1
8731 1
8737 1
8740 2
8742 1
8748 2
8750 1
8756 1
8768 1
8771 1
8772 2
8776 3
8779 1
8782 1
8784 3
8788 2
8791 2
8798 1
8799 1
8800 2
8804 1
8808 1
8812 1
8816 2
8817 2
8818 1
8822 2
8826 2
8828 1
8832 1
8836 2
8839 1
8840 2
8848 1
8853 1
8856 2
8860 1
8868 2
8874 1
8875 6
8881 1
8883 1
8884 4
8887 1
8888 2
8889 1
8892 1
8896 1
8899 1
8900 1
8904 1
8908 2
8912 1
8916 1
8920 2
8923 2
8926 1
8934 1
8936 1
8941 1
8944 2
8945 1
8951 1
8958 1
8964 1
8967 1
8968 1
8973 1
8977 1
8981 2
8982 1
8984 1
8988 3
8990 2
8992 3
8999 1
9004 1
9008 3
9027 1
9031 1
9040 1
9044 1
9048 1
9056 1
9062 1
9063 1
9065 1
9071 1
9076 1
9078 1
9080 1
9084 1
9088 2
9090 1
9092 3
9095 1
9102 1
9106 1
9113 1
9117 1
9125 3
9128 1
9132 3
9139 1
9140 1
9144 1
9148 1
9155 1
9156 1
9160 1
9164 1
9168 2
9172 4
9176 1
9184 1
9188 1
9192 1
9194 1
9196 3
9198 1
9204 2
9209 1
9216 1
9218 1
9220 3
9224 1
9225 8
9230 1
9234 1
9236 1
9244 1
9245 1
9248 2
9254 1
9258 1
9269 2
9283 1
9284 2
9288 1
9292 1
9300 1
9304 1
9306 1
9311 1
9313 1
9315 1
9316 1
9317 1
9320 1
9329 1
9334 1
9340 3
9345 2
9347 1
9361 1
9364 1
9368 2
9369 1
9372 1
9376 1
9379 2
9380 1
9385 1
9386 2
9388 1
9389 1
9392 3
9396 1
9400 1
9404 1
9407 2
9415 1
9417 1
9420 1
9426 2
9428 1
9434 2
9436 3
9439 1
9442 1
9444 1
9445 1
9447 1
9452 1
9462 1
9463 1
9467 1
9472 3
9474 2
9484 1
9485 1
9486 2
9494 2
9497 2
9502 1
9513 1
9515 1
9516 1
9517 2
9522 1
9524 1
9527 1
9528 1
9535 1
9536 3
9537 1
9538 2
9540 4
9548 2
9552 1
9556 1
9560 1
9572 2
9580 2
9581 1
9584 1
9592 1
9597 1
9600 1
9604 1
9612 1
9615 1
9616 1
9620 2
9624 2
9632 1
9634 1
9636 2
9648 1
9655 1
9656 1
9659 1
9660 1
9668 1
9671 1
9676 3
9678 1
9680 1
9684 1
9688 2
9689 2
9704 3
9707 1
9710 1
9712 1
9715 1
9716 1
9720 1
9724 1
9736 1
9743 2
9748 1
9752 1
9756 1
9760 1
9761 1
9765 1
9776 1
9778 1
9780 1
9786 1
9788 1
9792 1
9800 1
9806 1
9812 2
9832 2
9833 1
9834 1
9835 1
9836 1
9839 1
9841 1
9842 1
9846 1
9848 1
9852 1
9864 2
9865 1
9873 1
9884 1
9885 1
9887 2
9888 1
9892 3
9896 1
9898 1
9900 1
9901 1
9910 1
9915 1
9916 2
9919 1
9924 2
9926 1
9928 3
9940 1
9943 2
9944 2
9945 1
9948 1
9952 2
9959 1
9964 2
9966 1
9976 2
9980 1
9984 1
9986 1
9988 1
9992 1
9993 1
9997 1
10004 1
10006 1
10008 1
10009 1
10012 1
10014 1
10018 1
10020 1
10024 1
10027 1
10029 2
10032 1
10036 2
10037 2
10043 2
10047 1
10048 1
10052 1
10060 1
10069 1
10075 1
10076 1
10077 1
10080 1
10083 1
10084 3
10088 1
10100 1
10112 1
10116 1
10124 1
10128 3
10130 1
10133 1
10138 1
10140 1
10144 2
10145 1
10148 1
10160 1
10164 1
10168 3
10171 2
10177 1
10178 1
10183 1
10184 1
10186 1
10192 1
10200 1
10204 1
10208 2
10212 1
10214 1
10219 1
10220 3
10223 1
10224 5
10228 1
10230 1
10232 2
10238 1
10240 3
10241 1
10242 1
10243 1
10244 1
10245 1
10248 1
10249 1
10251 1
10252 2
10262 1
10264 2
10265 1
10266 1
10272 1
10276 1
10282 1
10283 1
10288 2
10291 1
10292 2
10299 1
10304 1
10305 1
10308 3
10310 1
10311 1
10313 1
10316 1
10320 3
10322 1
10327 1
10328 1
10332 1
10339 1
10340 1
10343 1
10345 1
10346 1
10360 1
10361 1
10364 1
10365 1
10372 1
10384 2
10392 1
10402 1
10404 1
10408 1
10412 3
10413 1
10416 2
10420 1
10424 1
10425 1
10435 1
10436 1
10438 1
10439 1
10440 1
10448 1
10452 1
10454 1
10459 1
10463 1
10466 1
10468 1
10475 1
10478 1
10480 1
10481 1
10484 1
10485 1
10492 2
10502 2
10504 2
10512 1
10516 3
10520 2
10532 1
10536 1
10537 1
10541 2
10545 1
10546 1
10551 1
10557 1
10560 3
10563 1
10564 4
10582 1
10584 1
10588 1
10589 1
10592 1
10594 1
10596 1
10597 1
10599 1
10600 3
10604 1
10605 1
10607 1
10616 1
10620 1
10624 1
10629 1
10635 1
10641 1
10647 1
10648 1
10652 1
10656 1
10660 1
10669 1
10675 2
10680 1
10688 2
10692 1
10717 1
10719 1
10735 1
10738 1
10741 1
10744 1
10747 1
10756 1
10760 1
10772 2
10776 1
10783 1
10792 1
10795 1
10797 1
10803 7
10806 2
10808 1
10809 1
10816 2
10818 1
10819 1
10820 2
10823 1
10824 1
10828 1
10844 1
10848 1
10856 3
10862 1
10872 1
10876 2
10882 1
10884 1
10888 1
10892 2
10896 2
10897 1
10901 1
10912 1
10914 1
10916 1
10917 1
10925 1
10928 2
10935 1
10936 1
10939 1
10941 1
10942 1
10944 1
10948 3
10952 1
10958 1
10964 1
10972 2
10976 1
10983 1
10985 1
10986 1
10992 1
10996 2
11004 2
11007 1
11008 2
11011 1
11013 1
11016 2
11024 1
11038 1
11040 1
11046 1
11048 3
11049 1
11057 1
11060 1
11068 2
11072 1
11076 2
11080 1
11087 1
11092 1
11095 1
11100 1
11104 1
11120 3
11128 1
11129 1
11130 1
11140 1
11143 1
11144 1
11148 1
11152 1
11155 1
11156 1
11167 1
11168 1
11172 2
11176 1
11180 2
11188 1
11200 2
11208 1
11212 2
11216 1
11217 2
11225 2
11228 1
11231 1
11236 1
11252 2
11255 1
11256 1
11264 3
11268 1
11272 1
11274 1
11284 2
11288 1
11295 1
11300 2
11304 1
11306 1
11309 2
11312 2
11314 1
11316 2
11317 1
11319 1
11324 1
11329 1
11335 1
11340 2
11349 1
11352 1
11360 3
11369 1
11372 3
11373 1
11380 2
11388 1
11391 1
11392 1
11395 1
11398 1
11404 1
11408 1
11416 1
11420 1
11425 1
11428 1
11430 1
11432 2
11433 1
11442 1
11444 1
11445 1
11448 1
11456 1
11460 2
11468 1
11483 1
11488 1
11489 1
11492 1
11496 1
11504 1
11508 2
11517 1
11524 1
11528 1
11540 2
11548 2
11552 1
11553 1
11556 1
11568 2
11580 2
11584 2
11588 4
11592 2
11600 1
11612 2
11616 1
11618 2
11620 1
11624 1
11630 1
11636 1
11640 1
11648 2
11650 2
11653 1
11654 1
11656 3
11660 1
11669 1
11670 1
11674 1
11676 1
11688 2
11693 1
11701 1
11703 1
11704 3
11708 5
11709 1
11716 1
11719 1
11724 3
11728 2
11732 2
11734 2
11740 2
11744 1
11745 1
11748 1
11750 1
11761 1
11763 1
11764 1
11766 2
11780 1
11784 4
11788 1
11792 1
11796 1
11800 1
11801 1
11806 1
11808 1
11817 1
11820 1
11833 1
11844 3
11850 1
11852 3
11856 1
11860 2
11864 1
11872 1
11876 2
11879 1
11881 1
11883 1
11884 1
11888 1
11889 1
11890 1
11900 1
11908 2
11916 2
11917 1
11918 1
11920 2
11923 2
11924 1
11926 1
11929 1
11931 1
11934 2
11940 2
11941 1
11944 1
11948 1
11952 1
11956 3
11970 2
11976 3
11980 3
11984 1
11988 1
11989 1
11990 1
11992 4
11996 1
11997 1
12002 1
12004 1
12010 1
12016 1
12020 1
12024 3
12032 1
12036 1
12038 1
12040 1
12044 1
12046 1
12048 1
12052 2
12054 1
12055 1
12058 1
12060 1
12064 1
12074 1
12076 1
12084 4
12092 1
12093 1
12096 1
12098 3
12100 2
12102 1
12116 1
12118 1
12132 1
12135 1
12139 1
12141 1
12144 1
12148 1
12150 1
12184 2
12188 1
12207 1
12210 1
12220 1
12224 2
12225 1
12230 1
12232 1
12246 1
12248 3
12251 1
12268 1
12272 2
12282 1
12288 1
12296 3
12305 1
12312 1
12320 1
12328 2
12332 1
12333 2
12336 3
12340 2
12342 1
12344 1
12346 1
12348 3
12352 1
12354 1
12356 1
12360 1
12368 4
12372 2
12380 1
12384 3
12388 1
12404 1
12413 1
12428 1
12432 1
12433 1
12444 2
12446 1
12447 1
12448 2
12452 1
12459 1
12474 1
12488 7
12490 1
12491 1
12492 1
12493 1
12496 1
12504 1
12512 1
12514 1
12522 1
12526 1
12528 3
12536 2
12539 1
12543 1
12544 1
12545 1
12546 1
12547 1
12548 1
12552 1
12556 1
12559 1
12562 1
12568 1
12584 1
12592 1
12608 2
12612 1
12617 1
12620 1
12621 1
12624 1
12632 1
12640 1
12648 1
12652 1
12665 1
12668 2
12672 1
12675 1
12676 1
12685 1
12686 2
12688 2
12689 1
12692 1
12712 2
12718 1
12720 2
12724 1
12733 1
12740 1
12744 1
12748 1
12753 1
12760 1
12764 1
12768 2
12772 1
12775 1
12784 1
12795 1
12803 1
12809 1
12813 1
12842 1
12843 1
12844 1
12852 2
12853 1
12856 2
12857 2
12880 2
12881 1
12886 1
12897 1
12900 1
12901 1
12903 1
12904 3
12913 1
12916 1
12920 1
12928 1
12929 1
12936 2
12944 2
12948 1
12950 1
12955 1
12960 1
12964 1
12968 1
12974 1
12976 2
12980 1
12984 1
12988 1
12991 1
13000 1
13001 1
13004 1
13013 1
13016 1
13020 1
13028 1
13040 1
13044 2
13048 2
13056 1
13060 1
13069 1
13072 1
13076 1
13080 2
13083 1
13087 1
13092 1
13100 1
13108 1
13112 1
13116 2
13120 1
13124 1
13128 1
13132 1
13135 1
13139 1
13143 1
13145 1
13152 1
13154 1
13160 1
13163 1
13164 1
13168 2
13188 2
13192 1
13200 2
13205 1
13208 1
13211 1
13212 1
13224 2
13252 2
13256 2
13260 1
13263 1
13268 1
13271 1
13272 1
13273 1
13282 1
13288 1
13300 1
13308 2
13315 1
13318 1
13319 1
13320 1
13322 1
13336 1
13340 3
13344 2
13360 1
13362 1
13364 1
13366 1
13370 1
13381 1
13411 1
13424 1
13428 1
13440 1
13445 1
13448 1
13455 1
13460 1
13471 1
13478 1
13489 1
13496 1
13497 1
13498 1
13504 1
13507 1
13509 1
13513 1
13514 1
13516 1
13532 1
13548 1
13552 1
13555 1
13561 1
13568 1
13576 1
13584 1
13592 2
13600 1
13602 1
13603 1
13605 1
13609 2
13616 3
13620 1
13624 1
13626 1
13636 1
13640 1
13641 1
13644 1
13649 1
13660 1
13680 1
13684 1
13691 1
13714 1
13723 1
13724 1
13726 1
13738 1
13740 1
13741 1
13744 1
13752 1
13760 2
13772 1
13791 1
13814 2
13817 1
13819 1
13824 1
13828 2
13836 1
13837 1
13840 1
13844 1
13845 1
13848 1
13852 1
13856 1
13859 1
13864 1
13870 1
13872 1
13876 1
13882 6
13886 1
13893 1
13894 2
13900 1
13902 1
13905 1
13906 1
13910 1
13912 1
13917 1
13920 2
13924 1
13933 1
13968 1
13971 1
13974 1
13977 1
13980 2
13993 1
13998 1
14000 1
14003 1
14012 1
14021 1
14064 2
14070 2
14076 1
14079 1
14080 2
14087 1
14108 1
14112 2
14120 1
14122 1
14124 1
14126 1
14140 1
14152 1
14172 1
14184 1
14188 2
14208 1
14212 1
14216 2
14218 1
14240 1
14241 1
14248 2
14249 1
14252 1
14254 1
14257 2
14275 1
14292 1
14304 1
14306 3
14312 1
14323 1
14325 1
14328 1
14332 1
14335 1
14344 1
14351 1
14352 1
14354 1
14356 1
14368 1
14372 1
14380 1
14384 1
14388 1
14392 1
14400 1
14402 1
14408 1
14412 1
14413 1
14423 1
14424 1
14444 1
14460 2
14472 1
14477 1
14492 1
14496 1
14507 1
14508 1
14509 1
14516 1
14528 1
14536 1
14543 1
14544 1
14553 1
14556 1
14560 1
14568 1
14573 1
14580 1
14584 1
14588 1
14592 1
14593 1
14613 1
14616 1
14620 1
14624 1
14636 1
14649 1
14650 2
14652 1
14660 2
14668 1
14676 2
14688 2
14692 1
14699 2
14700 1
14712 2
14716 2
14718 1
14723 1
14724 2
14725 1
14726 1
14730 1
14732 1
14735 1
14740 2
14748 2
14759 1
14763 1
14764 2
14772 1
14773 1
14780 1
14784 1
14796 1
14800 1
14803 1
14812 2
14815 1
14833 1
14836 2
14840 1
14851 1
14856 1
14857 1
14902 1
14907 1
14916 1
14928 1
14932 13
14936 1
14938 1
14948 1
14960 1
14968 1
14970 1
14976 1
14977 1
14996 1
15004 1
15015 1
15036 1
15040 2
15045 1
15056 1
15064 2
15065 1
15080 1
15084 2
15092 2
15096 1
15112 1
15127 1
15128 2
15129 1
15132 3
15133 2
15143 1
15146 1
15150 1
15156 2
15158 1
15162 1
15164 1
15168 3
15172 1
15175 1
15176 2
15187 1
15188 1
15194 1
15195 2
15200 3
15210 1
15217 1
15220 1
15224 1
15225 1
15226 1
15237 1
15245 1
15267 2
15268 1
15272 1
15276 1
15280 1
15285 2
15304 1
15313 1
15315 1
15319 1
15320 1
15322 1
15324 1
15325 1
15338 1
15340 1
15343 1
15344 1
15348 1
15349 2
15353 1
15358 1
15360 2
15388 1
15390 1
15404 1
15405 1
15408 1
15417 1
15427 1
15432 2
15434 1
15439 1
15441 1
15442 1
15448 2
15451 1
15452 2
15457 1
15459 1
15460 1
15468 1
15474 1
15475 1
15476 1
15485 1
15494 1
15496 1
15498 1
15500 1
15504 2
15508 1
15510 1
15512 1
15517 1
15518 1
15520 2
15532 1
15540 2
15548 3
15560 1
15564 1
15565 1
15568 1
15570 1
15576 1
15579 1
15591 1
15596 1
15598 1
15600 1
15608 2
15616 1
15617 1
15621 1
15624 1
15625 1
15636 2
15642 1
15644 2
15647 1
15648 2
15649 1
15652 1
15656 1
15660 1
15661 1
15664 2
15665 1
15676 1
15677 1
15678 1
15680 2
15684 1
15688 1
15696 2
15708 1
15711 1
15720 1
15724 2
15725 1
15729 1
15737 1
15740 2
15744 2
15748 2
15752 1
15765 1
15768 1
15776 2
15782 1
15784 1
15796 1
15804 1
15815 1
15816 1
15820 1
15832 1
15848 1
15852 1
15868 1
15872 1
15876 1
15890 1
15892 1
15910 1
15912 1
15920 1
15945 1
15960 1
15961 1
15968 1
15972 1
15977 2
15978 1
16002 1
16005 1
16011 1
16016 1
16040 1
16047 1
16056 1
16071 1
16104 1
16112 2
16118 1
16122 1
16137 1
16140 1
16161 2
16172 1
16174 1
16179 1
16180 2
16192 1
16224 1
16226 1
16228 1
16248 1
16252 1
16257 1
16260 1
16264 1
16272 1
16280 1
16281 2
16292 1
16308 1
16312 1
16316 1
16320 1
16322 1
16328 1
16335 1
16340 1
16342 1
16348 1
16357 1
16370 1
16373 1
16374 1
16376 1
16380 1
16382 1
16388 1
16392 1
16397 1
16399 1
16404 1
16408 1
16410 1
16412 1
16440 1
16457 1
16464 1
16472 1
16475 1
16487 1
16492 1
16504 1
16508 1
16518 1
16520 1
16522 1
16532 1
16536 1
16544 1
16559 1
16575 1
16584 2
16611 1
16628 1
16643 1
16644 1
16652 1
16653 1
16657 1
16658 1
16660 2
16664 1
16684 1
16691 2
16700 1
16706 1
16707 1
16718 1
16719 1
16720 1
16724 1
16728 2
16730 1
16740 1
16741 1
16760 1
16761 1
16764 1
16765 1
16768 1
16780 1
16792 1
16803 1
16806 1
16812 1
16813 1
16820 1
16831 1
16832 1
16834 1
16836 1
16844 1
16848 1
16858 1
16879 1
16882 1
16885 1
16896 1
16909 1
16916 1
16919 1
16924 2
16925 1
16931 1
16932 1
16936 1
16940 1
16956 2
16959 1
16960 1
16967 2
16979 1
16991 1
16992 1
16996 1
17002 1
17024 1
17060 1
17067 1
17068 1
17089 1
17092 1
17096 2
17113 1
17116 1
17119 2
17124 1
17128 1
17140 2
17162 1
17164 1
17177 1
17188 1
17196 1
17204 1
17254 1
17260 1
17264 1
17276 1
17280 1
17292 1
17294 1
17312 1
17313 1
17320 1
17332 1
17352 1
17356 1
17364 1
17365 1
17375 1
17380 1
17388 1
17394 1
17403 2
17408 1
17413 1
17414 1
17416 1
17424 1
17428 1
17431 1
17432 1
17438 2
17439 1
17442 1
17449 2
17452 1
17464 1
17480 1
17493 1
17504 1
17510 1
17513 1
17529 1
17530 1
17544 1
17562 1
17571 1
17572 1
17580 2
17594 1
17595 1
17596 1
17600 1
17616 1
17637 1
17648 1
17652 1
17664 1
17669 1
17676 1
17708 1
17715 1
17747 1
17752 1
17768 1
17770 1
17792 1
17796 1
17808 1
17843 1
17860 1
17881 1
17885 1
17922 1
17924 1
17936 1
17956 1
17958 1
17971 1
17976 2
17982 1
17984 1
17993 1
17996 1
18001 2
18004 1
18016 1
18019 1
18022 1
18024 1
18027 1
18037 1
18048 1
18063 1
18068 1
18072 2
18096 1
18100 1
18107 1
18108 1
18115 1
18120 1
18136 1
18144 1
18152 2
18161 1
18164 1
18168 1
18180 1
18184 1
18185 1
18204 1
18212 1
18220 2
18228 1
18236 1
18249 1
18252 1
18264 1
18268 1
18276 1
18304 1
18308 1
18328 1
18331 1
18332 1
18344 1
18348 1
18356 1
18357 1
18360 1
18362 1
18364 1
18374 1
18386 1
18396 1
18400 2
18412 1
18416 3
18420 1
18422 1
18444 1
18472 1
18475 1
18496 1
18500 3
18516 1
18540 1
18564 1
18571 1
18572 1
18575 1
18588 1
18594 1
18627 1
18632 1
18640 2
18678 1
18687 1
18692 1
18696 1
18698 1
18700 1
18704 2
18724 1
18728 1
18735 1
18777 2
18788 1
18796 1
18800 1
18804 1
18836 1
18840 1
18852 1
18856 1
18908 1
18912 1
18920 2
18925 1
18932 1
18937 1
18956 2
18963 1
18971 2
18972 1
18973 1
18978 1
19002 1
19012 1
19060 1
19068 1
19071 1
19076 1
19088 1
19096 1
19120 1
19132 1
19140 1
19171 1
19188 1
19190 1
19243 1
19244 1
19253 1
19267 1
19296 1
19322 1
19324 1
19326 1
19340 1
19351 1
19356 1
19359 1
19388 1
19405 1
19428 1
19447 1
19453 1
19498 1
19505 1
19506 1
19512 1
19526 1
19548 1
19553 1
19554 1
19557 1
19564 1
19572 1
19592 1
19593 1
19607 1
19616 1
19621 1
19627 2
19632 1
19639 1
19642 1
19649 1
19652 1
19654 1
19656 1
19663 1
19688 1
19725 1
19738 1
19740 1
19761 1
19764 1
19791 1
19795 1
19797 1
19822 1
19834 1
19863 1
19872 1
19896 1
19912 1
19920 1
19921 1
19924 1
19927 1
19948 1
19958 1
19975 1
20018 1
20052 2
20088 1
20097 1
20137 1
20142 1
20145 1
20188 1
20193 1
20204 1
20211 1
20220 1
20233 1
20268 1
20285 1
20298 1
20307 1
20333 2
20355 1
20356 1
20388 2
20396 1
20411 1
20412 1
20424 1
20428 1
20436 1
20481 1
20508 1
20520 1
20524 2
20525 1
20540 1
20547 1
20553 1
20554 1
20572 3
20577 2
20579 1
20596 1
20608 1
20617 1
20620 1
20640 1
20648 2
20656 1
20664 1
20692 1
20711 1
20734 1
20744 1
20758 1
20767 1
20772 1
20793 1
20796 1
20797 1
20799 1
20816 2
20868 1
20880 2
20900 1
20910 1
20916 1
20924 2
20992 2
20995 1
21004 1
21008 1
21028 1
21060 1
21080 1
21087 1
21089 1
21092 1
21099 1
21104 1
21116 1
21124 1
21129 1
21132 1
21138 1
21140 1
21152 1
21156 1
21157 1
21160 1
21163 1
21207 1
21223 1
21236 1
21251 1
21290 2
21296 1
21300 2
21304 1
21320 1
21330 1
21340 1
21344 1
21348 1
21355 1
21364 2
21376 1
21384 1
21396 1
21405 1
21428 1
21440 1
21472 1
21476 1
21486 1
21496 1
21500 1
21523 1
21529 1
21540 1
21544 1
21548 1
21560 1
21570 1
21584 1
21589 1
21604 1
21609 1
21612 1
21613 1
21626 1
21646 1
21652 1
21660 1
21688 1
21693 1
21694 1
21744 1
21748 2
21784 1
21794 1
21800 1
21877 1
21880 1
21892 2
21900 1
21904 1
21908 1
21909 1
21912 1
21920 1
21928 1
21933 1
21940 1
21964 1
21976 1
21982 1
21995 1
22032 1
22052 1
22060 1
22067 1
22099 1
22100 1
22118 1
22147 2
22148 1
22164 1
22183 1
22185 1
22200 1
22224 1
22232 1
22250 1
22252 1
22291 1
22317 1
22324 1
22336 1
22342 1
22380 1
22387 1
22394 1
22396 3
22441 1
22455 1
22467 1
22469 1
22475 2
22480 1
22501 1
22536 1
22556 2
22558 1
22563 1
22608 1
22612 1
22628 1
22643 1
22700 1
22724 1
22732 1
22749 1
22764 1
22784 1
22789 1
22800 1
22802 1
22840 1
22856 1
22866 1
22870 1
22876 1
22879 1
22882 1
22886 1
22909 1
22916 1
22923 2
22930 1
22936 1
22941 1
22944 1
22962 1
23001 1
23012 3
23028 1
23037 1
23064 1
23096 1
23116 1
23146 1
23156 1
23181 1
23182 1
23192 2
23210 1
23239 1
23244 1
23292 1
23324 1
23330 1
23332 1
23338 2
23377 1
23408 1
23434 1
23440 1
23452 1
23456 1
23468 1
23479 1
23496 1
23566 1
23586 1
23604 1
23608 2
23610 1
23622 1
23631 1
23635 1
23651 1
23653 1
23664 1
23691 1
23705 1
23708 1
23722 1
23730 1
23759 1
23771 1
23780 1
23788 1
23792 1
23806 1
23818 1
23829 1
23832 1
23904 1
23947 1
23948 1
23952 1
23962 2
23972 1
24036 1
24048 1
24052 1
24055 1
24084 1
24087 1
24088 2
24100 1
24110 1
24142 1
24148 1
24155 1
24162 1
24201 1
24224 1
24228 1
24285 1
24304 2
24318 1
24334 1
24435 1
24476 1
24529 2
24564 1
24576 7
24596 1
24675 1
24680 1
24696 1
24713 1
24744 1
24745 1
24756 2
24768 1
24780 1
24785 1
24803 1
24832 1
24846 1
24862 1
24898 1
25017 1
25037 1
25043 1
25044 1
25116 1
25117 1
25154 1
25177 1
25198 1
25215 1
25320 1
25362 1
25376 1
25392 1
25396 1
25402 1
25452 1
25468 1
25488 1
25499 1
25510 1
25520 1
25536 1
25553 1
25556 1
25592 1
25637 2
25651 1
25689 1
25700 1
25714 1
25742 1
25745 1
25753 1
25770 2
25778 1
25780 1
25806 1
25808 1
25829 1
25832 1
25845 1
25859 1
25872 2
25874 1
25962 1
25988 1
26000 1
26013 1
26074 1
26077 1
26088 1
26094 1
26099 1
26112 1
26122 1
26137 1
26143 1
26161 1
26164 1
26214 1
26237 1
26318 1
26396 1
26428 1
26433 1
26439 1
26447 1
26459 1
26486 1
26508 1
26516 1
26522 1
26532 1
26533 1
26552 1
26624 1
26670 1
26726 1
26740 1
26828 1
26848 1
26931 1
26975 1
26992 1
27030 1
27040 1
27066 1
27070 1
27071 2
27112 1
27124 1
27148 3
27155 1
27168 1
27222 1
27227 1
27243 2
27261 2
27264 1
27316 1
27412 1
27414 1
27496 1
27501 1
27512 1
27576 1
27628 2
27640 1
27648 1
27657 1
27659 1
27667 3
27681 2
27772 1
27780 1
27784 1
27797 1
27853 1
27892 1
27900 2
27909 1
27935 1
27959 1
27992 1
28079 1
28098 1
28121 1
28150 1
28156 1
28251 1
28265 1
28302 1
28303 1
28392 1
28454 1
28476 1
28498 1
28528 1
28530 1
28541 1
28553 1
28560 1
28581 1
28624 1
28636 1
28672 8
28682 1
28688 1
28733 2
28734 1
28780 1
28797 1
28804 1
28815 2
28817 1
29008 1
29012 1
29033 1
29049 1
29050 1
29121 1
29154 1
29155 2
29182 1
29184 1
29197 1
29210 1
29216 1
29413 1
29425 1
29433 1
29437 1
29476 1
29479 1
29506 1
29516 1
29544 1
29598 1
29612 1
29677 1
29696 1
29777 1
29835 2
29837 1
29892 1
29908 1
29960 1
30013 1
30053 1
30054 2
30085 1
30112 1
30162 1
30216 2
30238 1
30284 1
30295 1
30332 1
30357 1
30466 1
30516 1
30528 1
30529 1
30639 1
30650 1
30686 1
30779 1
30793 1
30800 2
30808 1
30824 1
30870 1
30891 1
30928 1
31004 1
31027 1
31035 1
31042 1
31068 1
31105 1
31140 1
31163 1
31202 1
31380 2
31400 1
31475 1
31483 1
31496 1
31573 1
31632 1
31766 1
31827 1
32025 1
32045 1
32085 1
32137 1
32163 1
32167 1
32255 1
32283 1
32339 1
32348 1
32409 1
32451 1
32505 1
32528 1
32628 1
32713 1
32715 1
32721 1
32768 10
32825 1
32855 1
32946 1
32973 1
32984 1
33020 1
33049 1
33061 1
33112 1
33365 1
33553 1
33555 1
33620 1
33672 1
33710 1
33734 1
33821 1
33823 1
33831 1
33839 1
33852 1
33867 1
33975 1
33996 2
34110 1
34192 1
34270 1
34421 1
34462 1
34488 1
34495 2
34536 1
34563 1
34584 1
34596 1
34633 1
34718 1
34728 1
34735 1
34828 1
34877 1
34910 1
35014 1
35034 1
35126 1
35145 3
35198 2
35370 2
35420 1
35491 1
35497 1
35529 1
35596 1
35624 1
35694 1
35840 1
35876 1
35879 1
35905 1
35922 1
36012 1
36048 1
36073 1
36103 2
36182 1
36194 1
36210 1
36213 1
36312 1
36365 1
36373 2
36396 1
36428 1
36435 1
36437 1
36485 1
36519 1
36564 1
36778 2
36831 1
36859 1
36864 15
36907 1
36998 1
37017 1
37028 1
37031 1
37055 1
37129 1
37136 1
37140 1
37404 1
37533 1
37657 1
37726 1
37727 1
37848 1
37909 1
37911 1
38001 1
38130 1
38140 1
38156 1
38279 1
38286 1
38311 1
38353 1
38395 1
38419 1
38445 1
38495 1
38496 1
38544 1
38546 1
38547 1
38648 1
38665 1
38689 1
38697 1
38733 1
38748 1
38827 1
38863 1
38898 1
39040 1
39192 1
39236 2
39489 1
39609 1
39614 1
39654 1
39676 2
39703 1
39792 2
39850 1
39872 1
40052 1
40243 1
40269 1
40292 1
40309 1
40332 1
40380 1
40384 1
40526 1
40550 1
40607 1
40632 1
40656 1
40676 1
40775 1
40783 1
40858 2
40893 1
40907 1
40960 4
41064 1
41177 1
41231 1
41258 1
41300 1
41391 1
41436 1
41442 1
41489 1
41503 1
41569 2
41640 1
41650 1
41654 1
41684 1
41765 1
41928 1
41959 1
41984 1
42049 1
42142 1
42166 1
42304 1
42318 1
42377 1
42404 1
42506 1
42611 1
42625 1
42671 1
42812 1
42854 1
42971 1
43157 1
43236 1
43248 1
43310 1
43542 1
43560 1
43571 1
43593 1
43599 1
43615 1
43798 2
43821 1
43831 1
43867 1
43876 1
43912 1
43978 1
43979 1
44001 1
44019 1
44052 1
44144 1
44221 1
44311 1
44383 2
44421 1
44432 1
44478 1
44536 1
44540 1
44749 1
44806 1
44837 1
44880 1
44910 1
45033 1
45040 2
45056 5
45123 1
45132 1
45146 1
45239 1
45264 1
45359 1
45364 1
45404 1
45590 1
45697 1
45718 1
45745 1
45990 1
46104 1
46174 1
46295 1
46315 1
46323 1
46333 1
46349 1
46412 1
46468 1
46534 1
46627 1
46711 1
46722 1
46728 1
46780 1
46935 1
46948 1
47002 1
47096 1
47106 1
47187 1
47264 1
47287 1
47295 1
47460 1
47555 1
47573 1
47786 2
47889 1
47927 2
48008 1
48019 1
48112 1
48155 1
48186 1
48241 1
48261 1
48318 1
48362 2
48435 1
48439 1
48448 1
48450 1
48474 1
48538 1
48608 1
48679 1
48681 1
48741 1
48747 1
48805 1
48835 1
48893 1
48894 1
48895 1
48908 1
48921 2
48927 1
48944 1
48966 1
48992 1
49011 1
49048 1
49097 1
49101 1
49128 1
49131 2
49136 1
49152 3
49174 1
49263 1
49274 1
49277 1
49355 1
49357 1
49381 1
49472 1
49510 1
49520 1
49529 1
49559 1
49560 1
49645 1
49660 1
49675 1
49684 1
49744 1
49774 1
49783 1
49807 1
49835 1
49874 1
49897 1
49900 1
49969 1
49979 1
49982 1
50068 1
50105 1
50112 1
50136 1
50162 1
50170 1
50207 1
50208 1
50219 1
50248 1
50250 1
50278 1
50294 1
50307 1
50311 1
50321 1
50324 1
50424 1
50444 1
50450 1
50485 1
50490 1
50491 1
50585 1
50607 1
50618 1
50629 1
50685 1
50695 1
50742 1
50744 1
50759 1
50785 1
50798 1
50845 1
50855 1
50874 1
50875 1
50884 1
50898 1
50901 1
50958 1
50978 1
50995 1
51019 1
51105 1
51108 1
51141 1
51189 1
51193 1
51236 1
51259 1
51302 1
51312 1
51347 1
51377 1
51387 1
51540 1
51571 1
51598 1
51615 1
51648 1
51697 1
51723 1
51767 1
51808 1
51859 1
51884 1
52000 1
52032 1
52076 1
52208 1
52289 1
52332 1
52531 1
52572 1
52640 1
53248 8
53306 1
53462 1
53489 1
53542 1
53619 1
53620 1
53628 1
53683 1
53849 1
53912 1
54006 1
54063 1
54185 1
54252 1
54444 1
54496 1
54555 1
54602 1
54636 1
54791 1
54824 1
54918 1
54984 1
55105 1
55167 1
55182 1
55596 1
55690 2
55697 1
56205 1
56206 1
56242 3
56492 1
56545 1
56932 1
56980 1
57000 1
57085 1
57121 1
57344 6
57368 1
57529 1
57540 1
57622 1
57920 1
58147 1
58225 1
58294 1
58297 1
58388 1
58416 1
58482 1
58499 1
58750 1
58877 1
58912 1
59192 1
59239 1
59280 1
59297 1
59411 1
59450 1
59460 1
59472 1
59496 1
59571 1
60002 1
60143 1
60376 1
60432 1
60444 1
60633 1
60668 1
60720 1
60792 1
60820 1
60932 2
61000 1
61065 1
61092 1
61214 1
61440 3
61593 1
62220 1
62362 1
62367 1
62576 1
62624 1
63057 1
63117 1
63168 1
63288 1
63408 1
63444 1
63473 1
63474 1
63677 1
63688 1
63756 1
63946 1
64041 1
64277 1
64365 1
64484 1
64563 1
64628 1
64780 2
64791 1
65031 1
65098 1
65282 1
65304 1
65395 1
65536 2
65964 1
66038 1
66330 1
66412 1
66547 1
66636 1
66652 1
66752 1
66780 1
66899 1
67154 1
67878 1
67879 1
68621 1
68776 2
69133 1
69224 1
69265 1
69338 1
69632 2
69868 1
69896 1
70048 1
70058 1
70160 1
70178 1
70304 1
70319 1
70413 1
70619 1
71002 1
71215 1
71612 1
71700 1
71850 1
71922 1
71940 1
72020 1
72152 1
72247 1
72300 1
72328 1
72564 1
72960 2
73170 1
73266 1
73417 1
73452 1
73469 1
73548 1
73558 1
73570 1
73686 1
73728 2
73772 1
73994 1
74266 1
74579 1
74762 1
74791 1
75139 1
75254 1
75268 1
75945 1
76395 1
76744 1
76752 1
76915 1
77012 1
77158 1
77401 1
77752 1
77812 1
77824 1
77854 1
78176 1
78180 1
78328 1
78393 1
78413 1
78519 1
78624 1
78972 1
79187 1
79412 1
79600 1
79727 1
80025 1
80292 1
80672 1
80722 1
80880 1
80885 1
81204 4
81920 1
82520 1
82792 1
82995 1
83042 1
83136 1
83580 1
83588 1
83726 1
83833 1
83960 2
84122 1
84801 1
85620 1
85628 1
85736 1
85867 1
85909 1
86114 1
86671 1
87026 1
87136 1
87138 1
87324 1
87436 1
87771 1
87993 1
88012 1
88056 1
88061 1
88208 2
88972 1
89037 1
89336 1
90112 3
90138 1
90566 1
91012 1
91268 1
91523 1
91628 1
91856 1
91892 1
93295 1
93771 1
94204 1
94208 1
94397 1
94400 1
94618 1
94824 1
94832 1
94944 1
94956 1
95110 1
95200 1
95717 1
95890 1
96987 1
97281 1
97426 1
97704 1
97832 1
97891 1
98097 1
98112 1
98304 2
98396 1
98436 1
98520 1
98640 1
98740 1
99426 1
100520 1
101003 1
101228 1
101411 1
101744 1
101775 1
102400 3
102816 1
103388 1
104037 1
105056 1
105396 1
106496 2
107116 1
107776 2
107784 2
108133 1
108204 1
108516 1
109164 1
109316 1
109592 1
110592 2
111651 1
111660 1
111812 1
112084 1
112327 1
112600 1
113008 1
113032 1
113587 1
113621 1
114288 1
114340 1
114484 1
114688 1
114857 1
115320 1
115552 1
116400 1
116436 1
116742 1
117456 1
117996 1
118200 1
118994 1
119024 1
119040 1
119415 1
119719 1
119818 1
120225 1
120652 1
121250 1
122239 1
122648 1
122880 4
123462 1
124156 1
125042 1
125140 1
126512 1
126976 2
127388 1
127723 1
128140 1
129024 1
129644 1
130192 1
131072 1
131472 1
132404 1
132790 1
132893 1
134256 1
135715 1
136197 1
138016 1
138124 2
138464 1
140256 1
141644 1
142028 1
142369 1
145592 2
145899 1
147069 1
147456 1
152920 1
153092 1
153220 1
153596 1
155184 1
155404 1
156348 1
156644 1
157500 1
158158 1
158588 1
158726 1
158740 1
158828 1
160163 1
160436 1
162908 1
163379 1
163576 2
163680 1
164556 1
165686 1
166640 1
166944 1
168128 1
168558 1
168829 1
168884 1
170608 1
171348 1
171444 1
175476 1
176036 1
176800 1
176943 1
181452 1
183654 1
184320 4
187724 2
187952 1
188416 2
189072 1
190348 1
191449 1
193904 1
194364 1
195864 1
196608 1
197184 1
199376 1
199675 1
200704 3
203024 1
203207 1
204394 1
204800 1
205518 1
205728 2
207729 1
208376 1
208896 1
209112 1
211248 1
211424 1
211745 1
212812 1
212992 1
213849 1
214544 1
215594 1
216800 1
217088 1
218317 1
219184 1
220024 1
221256 1
222216 1
222520 1
225556 1
225792 1
226668 1
229220 1
229376 1
229520 1
230021 1
232798 1
233472 1
233834 1
235492 1
235968 1
237092 1
237412 1
238707 2
239393 1
239892 1
239896 1
239984 1
240196 1
241540 1
241664 1
244352 1
245532 1
245760 1
245812 1
245928 1
245944 1
246032 1
246576 1
246584 2
246924 1
246984 1
247240 1
247372 1
249856 1
250012 1
251194 1
254380 1
254911 1
255004 1
255300 1
255352 1
257488 1
257820 1
257900 1
258048 3
259112 1
259228 1
262144 1
262224 1
263004 2
263220 1
263844 1
266240 2
266780 1
267232 1
269103 1
270336 1
274432 2
274516 1
277176 2
278276 1
278528 2
279484 1
280156 2
281796 1
282624 1
284212 1
285200 1
285720 1
286668 2
286720 2
287928 1
288989 1
289002 1
290602 1
290996 1
291116 1
291840 2
292168 1
292385 1
294912 1
295680 1
296688 1
299008 1
300480 1
302776 1
303884 2
304856 1
304928 1
306812 1
306824 2
308544 1
309504 1
309712 1
311520 1
311680 1
312379 1
313148 1
313428 1
315304 1
316040 1
316088 1
319436 1
319444 1
319480 1
319992 2
323584 1
328984 1
329084 1
332700 2
335150 1
336199 1
338585 1
342572 1
342648 2
343656 1
346972 1
347612 1
353521 1
354044 1
354325 1
355808 2
356092 1
356352 1
356360 1
360448 1
361828 1
369384 1
371064 1
373328 1
375092 1
376832 1
382604 1
385003 1
385008 1
385768 1
393216 1
397328 1
398399 1
400844 1
405968 1
409600 1
417792 1
418838 1
421888 1
427191 1
434176 1
435396 1
437624 1
450619 1
475748 1
483328 1
483932 1
484476 1
487424 1
490792 1
495616 1
502096 1
502850 1
502956 2
512666 1
524062 1
532211 1
532340 1
532600 10
542471 1
561152 1
573607 1
575270 1
578352 1
581632 1
584139 1
584271 1
586162 1
587580 1
590901 1
602780 1
622592 1
633813 1
642600 1
648064 1
651196 1
659456 1
667648 1
673460 1
684032 1
687380 1
692224 1
696320 1
700284 1
708608 1
724992 1
729088 2
733184 2
737280 2
741376 1
745344 1
745464 1
745472 1
749568 1
765528 1
769220 1
774144 1
775108 2
784988 1
785108 1
786432 1
790528 1
794624 1
799287 1
806912 2
819200 1
820732 1
820852 1
835584 2
856064 1
862664 1
864256 1
872448 2
882298 1
888832 1
897024 1
901120 1
901816 1
909312 1
913408 1
917504 1
933888 2
974848 1
999424 2
1010458 1
1024132 1
1028096 1
1038276 1
1105920 2
1155072 1
1211716 1
1216204 1
1294336 2
1298380 1
1318912 1
1321596 1
1372160 1
1384448 2
1392640 1
1404928 1
1421312 1
1436204 1
1482752 1
1486848 1
1506624 1
1525760 1
1593908 1
1624492 1
1624612 1
1642620 1
1753536 1
1773568 2
1787352 1
1821014 1
1864090 1
1871872 1
1892324 1
1937408 1
1946358 1
2051160 1
2095372 1
2827100 1
2919076 1
3696924 1
3761900 1
4078018 1
4691098 1
4727068 1
6075700 1
6239116 1
8567394 1
