0 3
1 1
3 2
4 1
6 3
7 1
11 1
14 80
15 44
16 25
17 59
18 5
19 9
20 6
21 2
23 1
24 6
25 1
27 7
29 2
30 1
31 1
32 3
33 1
34 3
35 4
36 4
38 1
39 1
40 1
41 1
42 3
44 1
46 1
47 1
48 10
49 19
50 34
51 49
52 69
53 70
54 112
55 114
56 140
57 90
58 106
59 73
60 82
61 55
62 49
63 37
64 36
65 29
66 22
67 27
68 21
69 17
70 11
71 13
72 6
73 6
74 4
75 3
76 2
77 5
78 2
79 6
80 3
81 1
82 2
83 2
86 1
87 1
88 1
90 2
91 3
93 2
95 1
97 1
98 1
99 2
100 1
102 1
104 1
105 1
111 1
112 1
113 2
115 1
119 1
120 1
121 1
122 1
124 1
128 2
132 1
135 2
137 2
139 1
140 3
141 2
142 2
144 1
149 2
150 2
152 1
153 1
156 2
158 1
159 1
160 1
161 1
162 1
163 2
164 3
165 1
172 1
176 1
180 1
181 1
182 1
194 1
196 1
198 1
200 3
205 1
209 1
210 1
215 2
217 1
220 1
221 1
222 1
223 2
224 1
226 1
232 2
235 1
236 3
238 2
240 1
241 1
244 1
248 2
250 1
251 1
252 1
254 1
256 56
257 1
264 1
265 1
268 1
269 1
272 1
274 1
275 3
276 1
278 1
279 1
280 2
285 1
286 1
293 3
294 1
296 4
297 1
299 1
302 1
303 1
306 3
308 3
309 1
310 1
316 1
317 1
328 3
333 1
334 1
337 1
340 1
345 1
347 1
348 1
350 2
351 1
354 1
359 1
363 2
364 3
368 1
370 1
374 1
375 1
376 1
377 1
379 1
380 2
381 1
385 2
386 2
387 3
392 2
399 1
401 2
402 1
403 1
404 1
405 1
410 1
412 1
413 1
418 1
420 1
426 1
427 1
429 1
434 1
437 1
441 2
446 1
447 1
448 1
450 1
451 2
456 1
457 1
459 1
463 1
464 1
466 1
468 1
472 1
473 1
475 1
476 1
481 1
482 1
483 1
486 1
488 2
489 1
490 1
492 1
493 1
494 1
497 1
499 1
501 1
503 2
507 2
508 1
512 298
513 1
514 2
515 1
516 1
519 1
520 1
521 1
524 1
525 1
530 1
534 1
539 1
540 3
544 3
547 1
550 2
552 1
553 1
555 1
556 2
559 1
560 1
562 2
563 1
564 1
566 1
567 1
568 2
571 4
572 3
574 1
576 2
579 1
580 4
583 1
584 1
587 1
588 2
589 1
590 6
592 1
596 2
599 1
600 1
601 1
604 1
608 2
610 1
612 1
615 2
617 2
623 1
629 1
630 1
631 1
637 1
641 1
643 2
644 1
645 2
648 4
649 2
650 1
651 2
653 1
654 1
655 1
656 1
659 2
660 1
668 1
671 3
672 1
675 1
677 1
678 3
679 2
680 1
681 1
683 3
684 3
685 2
686 2
687 1
688 3
690 2
691 1
692 1
694 2
695 1
696 7
697 3
698 1
699 1
700 2
701 1
702 4
703 1
704 2
705 1
706 3
707 2
709 1
710 2
712 1
713 1
714 4
716 3
717 4
718 2
719 1
720 3
721 3
722 1
724 2
726 3
727 10
728 3
729 1
730 3
731 3
732 3
733 3
734 1
735 1
736 2
737 2
739 1
740 3
741 4
742 1
743 4
744 8
745 2
746 13
747 4
748 7
749 4
750 1
752 2
753 6
754 2
755 2
757 3
758 2
759 5
760 3
761 3
763 3
764 1
765 2
766 3
767 2
768 2
769 3
770 6
771 2
772 1
773 1
774 1
775 1
776 4
777 3
778 1
779 2
781 3
782 1
783 1
784 1
785 3
786 3
787 3
788 3
789 1
791 3
792 1
793 1
794 4
795 4
796 6
797 4
798 2
799 3
800 3
801 4
802 6
803 5
804 4
805 4
806 2
807 1
808 4
809 1
811 2
812 4
813 4
814 2
815 3
816 4
817 4
818 4
819 1
820 1
821 1
822 2
823 3
824 1
825 5
826 5
827 1
828 4
829 2
830 2
831 5
833 4
834 3
835 1
836 6
837 4
838 2
839 1
840 1
841 3
842 4
843 3
845 1
846 1
847 1
848 1
849 4
851 2
852 2
853 5
854 2
855 1
856 6
857 2
858 1
859 1
860 2
861 5
862 2
863 2
864 2
865 2
866 1
867 4
868 3
869 4
870 1
871 4
872 5
873 1
874 2
876 2
877 2
878 1
879 1
880 2
881 1
882 1
883 3
884 4
886 1
887 1
888 2
889 2
890 3
892 4
894 1
895 2
896 2
899 1
900 5
901 1
902 1
903 2
904 3
905 2
906 2
907 6
910 1
911 5
913 3
914 2
915 1
916 2
917 2
918 2
919 1
920 5
922 3
923 5
924 1
926 2
927 2
928 2
929 4
930 1
931 3
932 3
934 2
935 4
936 4
937 1
938 1
939 3
940 1
941 3
942 1
943 1
944 6
946 1
947 2
948 2
949 2
950 3
951 2
952 3
953 1
954 1
955 2
956 1
960 6
961 1
962 1
963 2
964 1
965 4
966 1
967 2
968 3
969 2
971 2
972 1
973 6
974 1
975 2
976 2
977 1
978 1
979 2
980 1
981 1
983 1
984 7
985 1
986 1
987 3
989 1
990 2
991 2
992 2
993 1
995 2
997 1
998 2
1000 2
1001 3
1002 2
1003 1
1007 5
1008 2
1009 1
1010 2
1011 1
1013 2
1014 1
1016 1
1017 4
1018 2
1021 1
1022 2
1024 28
1025 3
1027 2
1028 2
1029 1
1030 3
1031 2
1034 2
1035 1
1037 3
1038 2
1039 1
1041 2
1043 1
1044 1
1045 1
1046 2
1047 2
1048 2
1049 1
1050 3
1051 1
1052 4
1053 2
1054 2
1055 1
1056 2
1059 3
1060 2
1061 1
1062 3
1063 3
1064 3
1065 3
1068 1
1071 1
1072 3
1073 2
1074 1
1077 2
1078 3
1079 3
1081 1
1082 2
1084 1
1086 1
1088 1
1089 3
1091 2
1092 1
1093 3
1095 2
1096 1
1097 2
1098 1
1099 2
1100 1
1102 1
1105 5
1107 1
1108 2
1109 1
1111 1
1112 2
1113 1
1114 2
1115 1
1116 1
1117 3
1120 2
1122 1
1123 1
1124 1
1129 2
1130 1
1132 3
1133 1
1137 1
1138 1
1141 1
1142 2
1144 1
1145 2
1147 2
1149 2
1151 3
1152 1
1153 1
1154 1
1160 1
1161 1
1163 2
1164 3
1166 2
1167 1
1168 1
1170 1
1171 1
1172 3
1175 1
1176 1
1177 1
1179 3
1180 5
1182 4
1183 1
1185 3
1186 3
1188 1
1190 1
1193 3
1195 2
1196 1
1197 1
1199 1
1200 1
1202 1
1203 1
1204 2
1205 1
1207 1
1208 2
1209 2
1210 1
1212 1
1213 1
1216 4
1217 2
1221 1
1222 1
1223 1
1224 2
1225 5
1227 2
1230 1
1236 1
1238 5
1239 1
1240 2
1241 2
1242 1
1243 1
1244 1
1245 2
1246 3
1248 4
1249 2
1251 1
1252 2
1253 2
1254 1
1256 1
1257 2
1258 2
1260 3
1261 3
1262 1
1263 2
1264 1
1265 1
1266 2
1268 1
1269 3
1270 1
1271 1
1274 2
1275 1
1276 1
1277 1
1278 2
1279 2
1280 1
1281 1
1282 1
1284 1
1285 2
1286 2
1288 2
1290 3
1293 1
1295 1
1299 4
1300 1
1303 2
1306 1
1307 1
1308 1
1310 1
1311 1
1313 1
1320 3
1321 1
1323 1
1324 3
1326 2
1327 2
1328 3
1329 1
1332 1
1335 1
1336 2
1337 1
1338 1
1339 1
1340 1
1342 1
1344 2
1346 1
1349 1
1350 1
1352 2
1353 1
1354 1
1355 1
1359 1
1360 2
1361 1
1364 2
1365 1
1366 2
1367 5
1368 1
1369 1
1370 1
1371 2
1372 1
1374 1
1376 2
1377 5
1378 7
1380 2
1386 2
1387 1
1389 1
1391 2
1397 1
1398 2
1400 1
1401 1
1402 2
1406 2
1407 2
1408 1
1411 1
1412 1
1413 1
1414 1
1415 1
1417 3
1419 1
1421 2
1422 2
1426 5
1427 1
1428 3
1429 1
1431 2
1435 1
1436 2
1437 1
1438 8
1441 1
1442 2
1443 1
1444 1
1445 2
1448 1
1449 2
1450 1
1451 1
1452 2
1455 5
1456 3
1458 2
1459 1
1460 4
1461 1
1462 1
1463 3
1464 1
1466 1
1467 2
1468 1
1469 1
1470 1
1472 2
1473 2
1474 1
1475 2
1479 1
1480 1
1481 2
1483 1
1485 5
1486 3
1490 2
1491 1
1492 1
1494 2
1495 5
1496 1
1497 1
1498 3
1499 1
1500 2
1501 2
1502 1
1503 1
1504 1
1505 1
1506 1
1507 5
1508 1
1509 2
1510 2
1511 3
1512 1
1515 1
1516 1
1517 2
1518 3
1521 2
1522 3
1524 2
1526 1
1527 1
1528 1
1531 2
1532 1
1534 7
1535 1
1536 7
1538 1
1540 1
1541 2
1543 2
1544 1
1545 2
1546 1
1549 1
1550 1
1551 2
1552 2
1553 1
1554 3
1555 4
1556 1
1557 1
1558 3
1559 2
1560 2
1561 1
1562 2
1564 2
1565 1
1566 1
1567 1
1568 2
1569 1
1572 1
1576 1
1578 1
1579 1
1580 3
1581 1
1584 2
1585 1
1587 1
1588 1
1589 1
1595 1
1598 1
1599 1
1601 1
1602 1
1603 1
1605 1
1610 1
1612 3
1613 3
1614 1
1616 6
1617 1
1618 2
1622 1
1623 1
1626 1
1627 1
1628 2
1630 1
1631 1
1632 5
1633 2
1634 2
1635 1
1636 2
1637 4
1640 1
1641 1
1643 1
1644 3
1645 1
1649 2
1650 1
1654 2
1655 1
1656 1
1657 1
1658 1
1663 2
1664 3
1665 2
1666 1
1668 1
1672 1
1675 1
1676 3
1678 1
1680 1
1682 1
1683 1
1684 1
1685 3
1686 1
1690 1
1691 1
1694 1
1696 1
1697 2
1699 2
1705 3
1706 1
1707 1
1708 1
1711 1
1714 1
1716 1
1720 1
1721 3
1724 2
1728 2
1732 2
1734 4
1735 2
1738 1
1740 2
1742 2
1744 1
1745 2
1747 1
1750 1
1751 1
1752 1
1753 1
1757 1
1760 3
1761 1
1762 1
1763 2
1764 1
1766 1
1768 1
1770 1
1771 1
1772 1
1773 1
1774 1
1777 1
1778 1
1779 1
1784 1
1786 1
1793 2
1794 3
1795 2
1796 1
1800 1
1801 1
1802 1
1805 1
1808 2
1810 1
1816 1
1818 1
1820 3
1824 2
1826 2
1830 1
1831 1
1832 1
1835 3
1837 1
1838 1
1839 5
1843 1
1844 3
1847 2
1851 1
1855 2
1857 3
1859 2
1862 1
1864 3
1866 1
1868 2
1872 4
1880 1
1881 1
1883 1
1884 1
1886 1
1891 1
1892 1
1894 1
1898 1
1899 1
1901 1
1903 1
1908 1
1916 1
1917 1
1922 1
1927 1
1928 1
1929 1
1933 7
1936 2
1939 1
1945 1
1948 2
1950 1
1952 2
1953 2
1955 1
1959 1
1961 1
1966 2
1967 1
1970 1
1971 1
1975 1
1976 1
1978 1
1979 2
1984 1
1985 1
1986 1
1989 1
1991 1
1992 1
1994 1
1997 2
2000 1
2002 3
2006 1
2010 1
2013 1
2015 1
2020 2
2024 3
2026 2
2028 2
2031 1
2032 3
2037 1
2043 1
2044 1
2045 1
2048 15
2051 1
2052 1
2053 2
2056 2
2057 2
2058 3
2060 2
2061 2
2062 1
2063 1
2064 2
2066 1
2070 1
2072 1
2075 1
2078 1
2079 1
2080 1
2088 2
2089 1
2090 1
2096 3
2097 1
2098 1
2099 1
2101 1
2104 1
2106 1
2107 1
2109 1
2112 4
2113 1
2114 1
2115 1
2116 1
2117 1
2119 1
2122 2
2123 1
2124 1
2126 1
2128 1
2129 1
2132 1
2134 1
2136 1
2137 1
2142 2
2144 2
2145 1
2149 1
2151 1
2153 2
2156 1
2157 1
2158 1
2159 3
2164 3
2168 1
2169 1
2170 1
2176 1
2178 1
2180 1
2182 1
2187 1
2190 1
2196 1
2198 1
2203 1
2208 2
2214 2
2215 1
2216 1
2220 3
2225 1
2227 1
2228 2
2230 1
2231 2
2232 1
2233 1
2234 1
2237 1
2239 2
2243 1
2246 1
2248 2
2252 2
2267 1
2272 2
2274 1
2276 1
2280 3
2281 2
2282 3
2283 1
2284 2
2286 1
2288 1
2291 1
2296 1
2308 1
2309 2
2310 1
2313 1
2320 1
2324 3
2328 2
2329 1
2330 1
2332 2
2340 1
2344 1
2347 1
2350 1
2352 6
2354 1
2356 1
2363 1
2364 2
2367 2
2369 2
2370 1
2371 1
2373 1
2374 2
2375 1
2376 3
2377 1
2380 1
2389 1
2391 1
2393 1
2401 1
2403 1
2406 1
2409 1
2411 2
2413 1
2419 1
2429 1
2432 1
2434 1
2435 1
2437 1
2446 1
2447 1
2452 2
2453 1
2456 5
2459 1
2466 1
2468 1
2469 1
2473 1
2475 1
2484 1
2487 1
2489 1
2490 1
2492 2
2494 1
2495 1
2496 2
2498 1
2507 1
2512 1
2513 1
2516 1
2518 1
2519 2
2520 2
2521 1
2525 1
2527 1
2528 2
2531 1
2532 1
2535 1
2540 1
2541 1
2542 1
2551 1
2554 2
2559 1
2560 6
2561 2
2565 1
2569 1
2571 1
2575 1
2576 1
2577 1
2580 1
2581 1
2584 1
2593 1
2595 1
2597 2
2598 1
2600 2
2604 1
2605 1
2607 1
2608 1
2609 1
2612 1
2615 1
2616 2
2618 1
2619 1
2622 2
2625 1
2628 1
2632 1
2634 1
2636 1
2637 1
2638 1
2640 1
2642 1
2643 1
2644 2
2649 1
2651 1
2652 1
2658 2
2662 1
2664 1
2668 1
2669 1
2670 1
2672 1
2673 1
2676 1
2683 1
2686 1
2687 1
2689 1
2690 1
2692 1
2695 2
2696 1
2697 1
2704 1
2705 1
2711 1
2712 1
2713 1
2719 1
2720 1
2725 1
2730 1
2731 1
2738 1
2742 1
2747 1
2750 2
2751 1
2752 1
2756 2
2762 1
2765 1
2766 1
2767 2
2768 1
2771 1
2786 1
2791 1
2796 1
2808 2
2813 1
2815 1
2816 1
2818 1
2821 1
2823 1
2825 1
2828 2
2829 1
2832 2
2833 1
2834 1
2839 1
2840 2
2842 1
2849 1
2852 1
2853 1
2856 1
2860 2
2864 1
2870 1
2871 2
2872 1
2874 1
2876 1
2877 1
2879 1
2880 1
2885 1
2888 2
2896 1
2897 2
2900 2
2905 1
2907 2
2908 2
2914 1
2915 1
2916 1
2918 2
2919 1
2920 1
2923 1
2927 1
2928 2
2929 1
2930 1
2932 2
2937 1
2939 1
2942 1
2943 1
2948 1
2953 1
2955 1
2956 2
2961 1
2973 2
2977 1
2978 1
2979 1
2982 2
2983 1
2985 1
2987 1
2991 1
2992 1
2993 1
2996 1
3000 1
3001 1
3002 1
3003 1
3005 1
3007 1
3008 1
3012 1
3013 1
3014 1
3016 2
3020 2
3024 1
3031 1
3033 1
3036 1
3039 2
3049 2
3054 2
3056 1
3067 1
3068 3
3071 1
3072 5
3073 2
3075 1
3082 1
3086 1
3089 1
3091 2
3092 2
3094 1
3100 1
3104 2
3106 1
3108 1
3109 2
3113 1
3116 2
3119 1
3121 1
3122 1
3128 1
3132 1
3137 2
3141 1
3143 1
3146 1
3148 1
3150 1
3151 1
3152 1
3153 1
3155 2
3161 2
3162 1
3167 1
3168 1
3174 1
3176 1
3177 1
3186 1
3196 1
3203 1
3204 1
3206 1
3208 1
3212 1
3214 1
3219 1
3223 1
3224 1
3231 1
3232 1
3240 3
3241 1
3245 1
3248 1
3249 1
3255 1
3260 1
3263 1
3269 2
3274 1
3277 2
3278 1
3280 1
3287 1
3290 1
3292 1
3296 1
3298 1
3300 1
3301 1
3317 2
3321 1
3322 1
3326 1
3328 1
3331 1
3340 1
3343 1
3348 1
3349 3
3350 1
3351 2
3354 1
3357 1
3366 1
3368 1
3371 1
3379 1
3383 2
3385 1
3386 1
3388 1
3392 1
3400 1
3408 1
3411 1
3415 1
3418 1
3421 1
3422 1
3426 1
3429 1
3433 1
3438 1
3440 2
3444 1
3447 1
3448 1
3450 1
3452 1
3464 1
3468 1
3469 1
3470 1
3477 2
3479 1
3485 1
3487 1
3488 3
3489 1
3492 1
3496 1
3497 1
3500 1
3506 1
3507 1
3508 1
3510 1
3512 3
3514 1
3520 1
3525 1
3529 1
3533 2
3535 1
3538 1
3541 1
3543 1
3544 1
3550 1
3551 1
3554 1
3557 1
3559 1
3564 1
3568 2
3575 1
3584 1
3589 1
3593 1
3595 1
3596 1
3600 1
3603 1
3609 1
3610 1
3611 1
3612 2
3615 1
3637 1
3641 1
3652 1
3653 3
3656 1
3657 1
3661 1
3664 1
3665 1
3668 1
3674 1
3676 1
3683 2
3684 1
3691 1
3696 1
3698 1
3701 1
3702 1
3706 1
3714 1
3720 2
3727 1
3730 1
3736 1
3737 1
3740 1
3741 1
3744 2
3752 1
3753 1
3756 2
3757 1
3761 1
3763 1
3764 1
3766 1
3768 1
3769 1
3772 1
3777 1
3781 1
3783 1
3785 1
3790 1
3793 1
3802 1
3804 1
3806 1
3811 1
3819 1
3822 1
3826 1
3832 1
3834 1
3836 1
3837 2
3840 2
3848 1
3852 1
3853 2
3856 1
3857 1
3866 1
3872 1
3873 1
3876 1
3886 1
3891 1
3892 1
3908 1
3910 1
3914 1
3916 1
3917 1
3920 2
3925 2
3928 1
3933 1
3936 1
3939 2
3942 2
3944 1
3949 1
3953 1
3957 1
3958 1
3964 2
3979 1
3983 1
3985 1
3995 1
3996 1
4001 1
4004 1
4007 1
4014 1
4022 1
4024 1
4027 1
4031 1
4040 2
4058 1
4064 1
4066 2
4083 1
4086 1
4088 1
4090 1
4092 1
4093 1
4099 1
4105 1
4110 1
4112 1
4118 1
4123 1
4136 2
4137 1
4149 1
4152 1
4157 1
4165 1
4173 1
4176 1
4179 1
4180 1
4182 1
4184 1
4188 2
4193 1
4197 1
4198 1
4200 1
4201 1
4204 1
4207 1
4218 1
4219 1
4228 1
4236 1
4241 1
4247 1
4254 1
4256 1
4268 1
4272 1
4273 1
4280 1
4288 1
4289 1
4292 1
4301 1
4302 1
4312 1
4314 1
4317 1
4324 1
4326 1
4327 2
4328 2
4330 1
4332 1
4334 1
4342 1
4348 1
4352 1
4354 1
4361 1
4364 1
4366 1
4378 1
4380 2
4381 1
4384 3
4385 1
4388 1
4396 2
4402 1
4406 1
4408 1
4409 2
4413 1
4417 1
4422 1
4427 2
4436 2
4439 1
4440 1
4445 1
4447 1
4454 1
4468 1
4471 1
4476 1
4481 1
4487 1
4488 1
4498 2
4503 1
4505 1
4508 1
4509 1
4525 1
4528 1
4529 2
4544 1
4545 1
4552 1
4558 1
4565 1
4567 1
4568 2
4571 1
4578 1
4591 1
4599 1
4608 1
4610 2
4616 1
4621 1
4624 1
4626 2
4632 1
4633 1
4635 1
4640 1
4648 2
4664 2
4670 1
4690 1
4692 1
4696 1
4708 2
4712 1
4714 1
4724 1
4737 1
4740 1
4741 1
4748 1
4751 1
4756 1
4758 1
4765 1
4768 1
4776 1
4784 1
4786 1
4787 1
4790 1
4802 1
4814 1
4815 1
4824 1
4832 1
4835 1
4840 1
4841 1
4842 1
4849 1
4852 1
4855 2
4864 1
4880 2
4881 2
4890 1
4900 3
4904 1
4905 1
4918 1
4922 1
4928 1
4929 3
4938 2
4946 1
4957 2
4964 1
4979 1
4981 1
4982 1
4985 2
4987 1
4990 1
4995 1
5001 1
5003 1
5013 1
5016 1
5020 1
5029 1
5030 1
5041 1
5042 1
5053 2
5056 1
5067 1
5069 1
5071 1
5072 4
5084 1
5088 1
5096 1
5104 1
5105 1
5112 1
5116 1
5120 1
5121 1
5129 2
5130 1
5138 1
5139 1
5153 1
5156 1
5164 1
5167 1
5184 2
5192 1
5200 1
5208 1
5215 1
5216 4
5219 1
5220 1
5223 1
5232 1
5247 1
5253 1
5265 1
5270 1
5296 1
5298 1
5315 1
5326 1
5343 1
5365 1
5366 1
5371 1
5380 1
5384 1
5386 1
5387 2
5391 1
5395 1
5400 1
5402 1
5408 1
5420 2
5426 1
5428 1
5430 1
5432 1
5433 1
5447 1
5455 1
5464 2
5470 1
5472 1
5487 1
5496 1
5504 1
5507 1
5508 1
5511 1
5534 1
5557 2
5560 2
5562 1
5564 1
5571 1
5595 2
5608 1
5612 1
5632 1
5634 1
5658 1
5670 1
5675 1
5677 1
5685 1
5692 1
5700 2
5711 1
5720 2
5727 1
5729 1
5738 1
5743 1
5756 1
5760 2
5762 1
5763 1
5767 1
5786 1
5799 1
5805 1
5820 1
5827 1
5830 1
5836 1
5837 1
5843 1
5844 2
5856 1
5864 1
5871 1
5872 3
5879 1
5881 2
5884 1
5889 1
5891 2
5896 1
5899 1
5906 1
5907 1
5911 2
5913 1
5916 2
5927 1
5942 1
5953 1
5956 1
5958 1
5964 1
5972 1
5994 1
6000 2
6011 1
6052 1
6055 1
6059 1
6072 1
6096 1
6104 1
6117 1
6120 1
6122 1
6140 1
6144 2
6148 2
6149 1
6152 1
6156 1
6165 1
6172 1
6183 1
6184 1
6187 2
6216 1
6217 1
6233 1
6234 1
6236 1
6238 1
6268 1
6269 1
6271 1
6280 1
6281 1
6286 1
6296 2
6298 1
6304 1
6312 1
6313 1
6325 1
6330 1
6331 1
6344 1
6357 1
6361 1
6366 1
6368 1
6388 1
6403 1
6412 1
6413 1
6416 1
6418 1
6424 1
6444 1
6450 1
6479 1
6488 1
6504 1
6505 1
6537 1
6540 1
6555 1
6559 1
6565 1
6566 1
6581 1
6600 2
6601 1
6604 1
6614 1
6632 1
6634 1
6646 1
6656 1
6658 1
6666 1
6678 1
6680 1
6708 1
6709 1
6729 1
6732 1
6740 1
6755 1
6759 5
6762 1
6763 1
6777 1
6784 1
6808 1
6824 1
6825 1
6839 1
6840 2
6851 1
6864 1
6868 1
6869 1
6873 2
6877 1
6882 1
6896 1
6906 1
6908 1
6918 1
6925 1
6928 1
6931 1
6936 1
6939 1
6950 1
6955 1
6960 1
6961 1
6968 1
6970 1
6992 1
7000 1
7001 1
7015 1
7039 2
7044 1
7063 1
7124 1
7129 1
7137 1
7139 1
7152 1
7159 1
7175 1
7184 1
7189 1
7197 1
7202 2
7208 1
7226 1
7227 1
7247 1
7249 1
7252 1
7254 1
7271 1
7277 1
7303 1
7304 1
7314 1
7324 1
7340 1
7346 1
7383 1
7451 1
7464 1
7472 2
7482 1
7485 1
7487 1
7488 1
7500 1
7513 1
7522 1
7526 1
7534 1
7535 1
7556 1
7579 1
7665 1
7673 1
7675 1
7685 1
7717 1
7735 1
7740 1
7744 1
7745 1
7768 1
7776 1
7800 1
7812 1
7821 1
7832 1
7848 1
7849 1
7872 1
7880 1
7881 1
7900 1
7902 1
7908 1
7920 1
7956 1
7981 1
7984 1
7996 3
8019 1
8020 1
8041 1
8055 1
8060 1
8094 1
8112 2
8120 1
8136 1
8143 1
8156 1
8178 1
8182 1
8192 1
8193 1
8196 1
8200 1
8218 1
8248 1
8262 2
8263 1
8280 1
8293 1
8302 1
8312 1
8326 1
8328 1
8334 1
8345 1
8362 1
8384 1
8388 1
8420 1
8497 1
8504 1
8520 1
8534 2
8560 1
8568 1
8575 1
8576 2
8580 1
8592 2
8605 1
8608 1
8610 1
8613 1
8625 1
8637 1
8666 1
8689 1
8712 3
8734 1
8741 1
8771 1
8824 1
8830 1
8833 1
8848 1
8873 1
8878 1
8880 1
8942 1
8961 1
8963 1
8965 1
8967 1
8986 1
8987 1
8996 1
8998 1
9003 1
9028 1
9032 1
9040 1
9068 1
9153 1
9178 1
9183 1
9196 1
9206 1
9232 1
9294 1
9312 1
9328 1
9335 1
9348 1
9368 1
9488 1
9495 1
9504 1
9522 1
9548 1
9569 1
9608 1
9652 1
9690 1
9698 1
9728 2
9750 1
9759 1
9821 2
9841 1
9870 1
9889 1
9938 1
9964 1
9966 1
9986 1
10033 1
10050 1
10131 1
10136 1
10197 1
10238 1
10256 1
10258 1
10270 1
10324 1
10341 1
10351 1
10360 1
10361 2
10384 1
10405 1
10439 1
10448 1
10469 1
10480 1
10505 1
10508 2
10513 1
10514 1
10529 1
10536 1
10614 1
10620 2
10644 1
10660 2
10703 1
10728 1
10744 1
10772 1
10828 1
10845 1
10859 1
10985 1
11001 1
11008 1
11058 1
11109 1
11136 1
11192 1
11248 1
11261 1
11264 2
11276 1
11340 1
11347 1
11429 1
11448 1
11505 1
11524 1
11536 1
11584 1
11622 1
11650 1
11653 1
11660 1
11674 1
11709 4
11710 1
11740 1
11790 1
11825 1
11847 1
11867 1
11873 1
11927 1
11976 1
11979 1
11991 1
12016 1
12032 1
12055 1
12060 1
12067 1
12072 2
12106 1
12159 1
12180 1
12212 1
12226 1
12228 1
12315 1
12324 1
12331 1
12357 1
12387 1
12466 1
12528 1
12556 1
12560 1
12576 1
12593 1
12633 1
12636 1
12655 1
12664 1
12683 1
12696 1
12722 1
12736 1
12773 1
12783 1
12796 1
12803 1
12825 1
12848 1
12874 1
12877 1
12920 1
12956 1
12972 1
12980 1
13081 1
13124 1
13144 1
13273 1
13352 1
13369 1
13372 1
13404 1
13405 1
13520 1
13555 1
13668 1
13672 1
13679 1
13686 1
13732 1
13745 1
13813 1
13828 1
13873 1
13900 1
13956 1
13998 1
14158 1
14173 1
14349 1
14553 1
14568 1
14612 1
14676 1
14679 1
14734 1
14744 1
14755 1
14868 1
14936 1
14961 1
15200 1
15262 1
15272 1
15332 1
15386 1
15426 1
15485 1
15489 1
15491 1
15541 1
15571 1
15687 1
15733 1
15751 1
15863 1
15881 1
16047 1
16080 2
16112 2
16141 1
16224 1
16290 1
16304 1
16342 1
16384 147
16423 1
16426 1
16427 2
16428 1
16446 1
16456 1
16458 1
16459 1
16488 1
16515 1
16516 2
16517 1
16524 1
16556 1
16640 1
16652 1
16714 1
16716 1
16760 1
16912 1
17122 1
17130 1
17168 1
17182 1
17291 1
17302 1
17488 1
17546 1
17720 1
17871 1
17984 1
18034 1
18044 2
18052 1
18062 1
18306 1
18340 1
18499 1
18717 1
18752 1
18892 1
18920 1
19056 1
19168 1
19201 1
19219 1
19495 1
19568 1
19670 1
19958 1
19990 1
20034 1
20092 1
20219 1
20244 1
20271 1
20334 1
20371 1
20459 1
20540 1
20773 1
20804 1
20810 1
20848 1
20930 1
21044 1
21116 1
21120 1
21160 1
21205 1
21288 2
21336 1
21374 1
21662 1
21896 1
21992 1
22121 1
22564 1
22725 1
23196 1
23216 1
23493 1
23632 1
23803 1
23920 1
23985 1
24156 1
24440 1
24552 1
24568 1
24576 78
24687 1
24808 1
24832 1
24957 1
25088 1
25324 1
25965 1
26032 1
26403 1
26644 1
26680 1
26716 1
27564 1
28378 1
28550 1
28832 1
28938 1
29006 1
29316 1
29952 1
30679 1
31082 1
31336 1
31708 1
32047 1
32164 1
32768 31
32802 1
33150 1
33736 2
33756 1
34641 1
35664 1
36608 1
36660 1
36975 1
37792 1
38632 1
39504 1
40016 1
40581 1
40960 13
41538 1
42048 1
42376 1
42441 1
42609 1
42816 1
45303 1
45474 1
46002 1
46686 1
47113 1
49152 13
49208 1
49780 1
50027 1
52416 1
52552 1
53428 1
56244 1
56284 1
57140 1
57344 6
57540 1
62676 1
63761 1
65536 7
67623 1
67671 1
68694 1
70317 1
72886 1
73084 1
73728 6
74216 1
76217 1
81920 7
83997 1
89519 1
90112 3
98304 2
100715 1
100795 1
106496 2
106558 1
110400 1
114688 2
115472 1
122880 1
122915 1
127066 1
131072 1
133439 1
139264 3
140361 1
147456 5
155648 1
156161 1
163840 3
172900 1
180224 1
188416 1
197007 1
204800 2
206672 1
208390 1
221215 1
247973 1
266904 1
335872 1
344586 1
345406 1
376832 1
385024 1
465586 1
480518 1
516096 1
524288 1
532480 1
549830 1
594165 1
600265 1
661320 1
690286 1
695706 1
766618 1
1062618 1
1212416 1
1261138 1
1308083 1
6291456 1
