0 13
4 8
9 1
15 2
20 1
24 1
27 2
29 1
36 3
38 1
39 2
40 1
42 1
43 2
46 1
52 2
54 3
55 1
57 2
59 1
61 1
63 2
65 1
67 1
69 1
70 1
73 1
75 2
79 1
82 1
88 1
90 1
91 1
93 1
94 2
96 1
99 1
100 2
108 1
112 1
113 1
116 2
120 2
122 1
123 1
125 2
126 2
127 1
135 3
136 3
137 9
138 1
141 1
147 1
149 3
151 1
152 2
155 1
156 2
161 1
163 2
164 1
165 7
167 2
170 2
171 1
175 1
176 2
180 4
185 2
186 1
189 2
190 2
193 2
194 1
205 2
206 2
209 1
211 1
212 1
214 3
217 1
220 1
230 1
241 2
244 1
251 3
253 1
254 1
257 2
258 2
259 1
261 1
262 2
269 1
270 2
273 3
274 1
275 1
277 1
278 2
282 1
285 1
288 1
290 4
291 13
292 34
293 54
294 53
295 47
296 59
297 62
298 36
299 13
300 9
301 10
302 4
303 1
304 1
324 7
329 2
335 4
336 13
337 37
338 94
339 134
340 97
341 45
342 49
343 55
344 25
345 7
346 8
347 5
348 1
349 2
350 1
351 1
368 1
375 1
377 1
383 8
384 13
385 24
386 27
387 26
388 17
389 16
390 8
392 3
393 4
394 3
395 4
397 2
398 1
401 3
402 2
403 3
404 5
406 2
407 3
410 1
412 6
415 6
419 3
421 7
423 8
425 3
428 2
429 2
430 3
431 2
432 2
434 1
437 1
438 1
440 1
444 2
447 1
451 1
452 1
454 1
455 1
456 1
458 1
461 1
464 1
467 2
483 1
492 1
494 1
498 1
499 1
500 2
506 1
512 243
513 1
518 1
519 1
520 1
521 1
522 3
523 1
524 2
533 1
539 2
543 1
547 1
549 1
550 1
551 2
553 2
557 1
558 1
560 1
561 1
564 1
566 1
567 1
568 2
585 1
590 1
591 3
604 2
606 1
607 1
608 1
615 1
617 1
622 1
626 1
628 2
630 6
631 9
632 14
633 2
634 1
635 7
636 12
637 3
638 2
640 1
641 13
642 24
643 2
645 1
646 1
647 1
648 1
650 1
651 1
652 1
654 1
655 1
658 21
659 42
660 18
661 18
662 18
663 19
664 12
667 1
674 1
676 3
678 1
681 1
692 2
698 2
699 1
709 1
718 2
725 1
727 2
729 2
731 2
733 1
734 1
735 1
736 2
744 2
753 1
763 1
764 1
770 2
773 1
779 1
793 1
808 4
816 1
819 1
823 1
831 2
833 1
837 2
844 9
870 2
876 3
877 2
880 1
881 1
887 1
888 1
891 1
899 1
909 1
914 1
921 1
941 1
944 1
960 282
961 1
962 2
970 2
984 2
992 7
998 1
1002 1
1005 3
1006 2
1008 1
1011 1
1013 1
1014 1
1016 2
1024 13
1048 3
1049 1
1056 15
1058 1
1064 4
1066 1
1069 1
1072 1
1073 3
1078 1
1079 1
1083 1
1096 2
1108 2
1120 4
1127 1
1134 1
1136 4
1143 1
1144 1
1146 1
1147 1
1150 1
1157 1
1160 2
1161 2
1163 2
1165 1
1168 3
1170 1
1171 1
1172 3
1174 2
1175 2
1176 7
1177 2
1179 1
1181 1
1183 1
1184 14
1191 1
1192 3
1197 1
1200 5
1205 1
1227 1
1232 1
1240 18
1244 1
1248 40
1256 5
1264 7
1265 1
1268 1
1270 1
1278 1
1279 1
1285 1
1295 1
1304 9
1312 23
1318 1
1320 2
1328 3
1332 1
1335 1
1336 1
1337 1
1339 1
1343 2
1346 2
1349 1
1362 1
1367 1
1368 4
1370 2
1374 1
1376 11
1392 2
1400 2
1405 1
1408 8
1410 1
1434 1
1440 9
1448 1
1454 2
1456 3
1460 1
1464 2
1465 1
1468 1
1472 1
1473 1
1478 1
1496 14
1503 1
1504 34
1505 1
1506 1
1507 1
1508 1
1510 1
1513 1
1516 1
1519 1
1520 2
1524 1
1528 1
1536 3
1538 1
1542 1
1546 2
1549 1
1551 1
1552 2
1558 1
1559 1
1560 7
1561 1
1566 1
1568 21
1573 1
1582 1
1584 2
1588 1
1592 1
1616 1
1621 1
1624 4
1632 18
1640 2
1653 1
1656 2
1659 1
1664 2
1667 1
1668 1
1669 1
1674 1
1675 1
1677 1
1682 2
1685 1
1688 1
1696 13
1703 1
1704 3
1717 1
1720 1
1727 2
1760 52
1761 1
1766 1
1767 1
1768 17
1772 1
1776 1
1778 1
1779 1
1786 1
1792 1
1793 1
1804 1
1813 1
1816 2
1823 1
1824 88
1826 1
1828 1
1832 23
1834 1
1837 1
1840 1
1848 3
1852 1
1864 8
1884 1
1888 107
1896 35
1898 1
1900 1
1905 1
1929 2
1930 1
1934 1
1938 1
1939 1
1940 1
1943 1
1946 1
1952 105
1960 31
1987 1
2001 1
2004 1
2016 85
2017 1
2022 1
2024 16
2048 4
2052 1
2072 4
2075 1
2080 73
2083 1
2088 28
2091 1
2104 4
2144 73
2147 1
2148 1
2152 29
2160 6
2179 2
2182 1
2184 1
2185 1
2189 1
2192 2
2198 1
2203 1
2208 51
2216 13
2228 1
2232 2
2235 1
2241 1
2250 1
2253 1
2256 1
2261 1
2263 1
2266 2
2272 53
2280 20
2292 1
2325 1
2336 64
2337 1
2344 17
2356 1
2360 2
2362 1
2370 1
2376 3
2377 1
2384 4
2385 1
2400 62
2405 1
2408 22
2413 1
2415 1
2417 3
2418 2
2419 1
2422 1
2424 3
2430 3
2452 1
2464 30
2472 10
2476 1
2479 1
2488 2
2516 1
2520 2
2527 1
2528 76
2536 24
2544 1
2557 1
2560 1
2562 1
2565 1
2566 1
2568 1
2572 1
2573 2
2575 1
2576 2
2577 1
2578 1
2582 1
2586 2
2591 1
2592 56
2593 2
2595 1
2600 15
2604 1
2632 1
2635 1
2640 1
2648 2
2652 1
2656 57
2664 17
2679 1
2680 1
2690 1
2696 6
2720 57
2724 2
2728 17
2741 1
2744 2
2760 2
2784 98
2787 1
2792 30
2800 8
2808 1
2813 1
2844 1
2848 79
2856 37
2862 1
2872 2
2880 1
2912 48
2920 17
2930 1
2963 1
2968 2
2976 108
2984 36
3000 1
3012 1
3019 1
3032 6
3036 1
3040 91
3042 2
3048 20
3058 1
3065 1
3072 1
3076 1
3082 1
3085 1
3086 1
3090 2
3092 1
3093 1
3095 1
3096 1
3098 2
3103 1
3104 91
3105 1
3112 35
3120 2
3128 3
3129 3
3160 1
3164 1
3168 73
3176 19
3192 2
3198 1
3215 1
3216 8
3232 41
3236 2
3240 12
3256 9
3264 1
3288 2
3296 72
3304 25
3312 4
3349 2
3360 67
3368 27
3384 2
3424 58
3432 18
3444 1
3448 3
3456 8
3488 60
3496 16
3507 1
3512 2
3532 1
3533 1
3546 1
3547 1
3552 58
3555 1
3560 28
3563 2
3567 1
3568 2
3576 3
3584 3
3606 1
3616 61
3624 16
3670 1
3680 61
3688 14
3704 2
3728 6
3736 2
3744 69
3752 16
3761 2
3800 2
3805 2
3808 64
3816 22
3820 1
3823 1
3834 1
3852 1
3860 1
3872 30
3880 12
3896 7
3913 1
3927 1
3936 47
3941 1
3944 15
3947 1
3960 1
3989 1
4000 36
4008 7
4024 1
4064 27
4072 10
4076 1
4086 1
4108 2
4128 20
4136 7
4151 1
4157 2
4184 1
4192 2
4200 1
4216 1
4246 1
4250 2
4256 4
4280 1
4290 1
4312 8
4319 1
4337 1
4344 3
4356 1
4384 4
4388 1
4409 1
4436 1
4456 1
4467 1
4472 2
4511 1
4526 2
4531 1
4536 1
4548 1
4554 1
4556 1
4560 6
4565 1
4566 1
4579 1
4605 1
4663 1
4664 1
4679 1
4684 1
4686 1
4691 1
4695 1
4700 1
4701 1
4709 1
4728 1
4730 1
4783 1
4792 1
4819 1
4888 6
4901 1
4965 1
4988 1
4990 1
4992 1
5028 1
5040 1
5074 1
5099 1
5118 1
5124 1
5162 1
5188 2
5208 1
5210 1
5211 1
5218 1
5251 1
5274 1
5299 1
5315 1
5323 1
5329 2
5338 1
5342 1
5346 1
5357 1
5391 1
5408 1
5413 1
5425 1
5431 1
5433 1
5435 1
5439 1
5440 1
5472 1
5492 2
5497 1
5505 1
5514 1
5515 1
5516 2
5527 1
5539 1
5544 2
5545 1
5550 1
5580 1
5610 1
5614 1
5616 1
5620 1
5621 1
5629 1
5635 1
5642 2
5644 1
5656 1
5681 1
5695 1
5713 1
5715 1
5719 1
5728 1
5729 1
5733 1
5748 2
5760 1
5771 1
5773 1
5774 1
5782 1
5792 8
5811 1
5813 1
5830 1
5843 1
5851 1
5874 1
5912 1
5914 1
5919 1
5961 1
6003 1
6006 1
6020 1
6023 1
6035 1
6041 1
6053 1
6066 1
6079 1
6082 1
6131 1
6144 1
6156 1
6165 1
6178 1
6184 1
6246 1
6287 1
6340 1
6364 2
6385 1
6407 1
6418 1
6472 1
6475 1
6501 1
6537 1
6545 1
6558 1
6564 1
6566 1
6568 1
6605 1
6612 1
6618 1
6628 1
6636 1
6676 1
6705 1
6714 1
6724 1
6744 1
6754 1
6812 1
6840 1
6844 1
6847 1
6922 1
6974 1
7024 1
7040 1
7053 1
7097 2
7212 1
7258 1
7275 1
7296 8
7327 1
7328 8
7334 1
7341 1
7400 1
7421 1
7438 1
7448 1
7449 1
7479 1
7569 1
7605 1
7622 1
7669 2
7707 1
7721 1
7725 1
7742 2
7750 1
7776 1
7789 1
7828 1
7834 1
7884 1
7891 1
7964 1
8022 1
8040 1
8108 2
8153 1
8156 1
8164 1
8185 1
8192 1
8360 1
8436 1
8565 1
8592 1
8616 1
8639 1
8649 1
8674 1
8721 1
8756 1
8772 1
8824 1
8832 1
8865 1
8881 1
8905 1
9078 1
9098 2
9108 1
9137 1
9168 1
9176 3
9201 1
9306 1
9320 1
9356 1
9393 1
9423 2
9424 1
9432 3
9451 1
9495 2
9569 1
9584 1
9592 3
9604 1
9609 2
9621 1
9630 1
9634 1
9636 1
9638 1
9647 1
9648 1
9656 3
9680 1
9704 2
9712 1
9720 6
9772 1
9808 1
9809 1
9816 3
9890 1
9892 1
9893 1
9936 1
9944 6
9968 1
9976 6
10000 1
10008 3
10027 1
10035 1
10058 1
10128 1
10136 6
10256 1
10299 1
10373 1
10456 1
10498 1
10593 1
10606 1
10616 1
10675 1
10692 1
10731 1
10736 1
10744 6
10746 1
10864 1
10872 6
10921 1
10928 1
10936 6
10951 1
10988 2
11149 1
11159 1
11160 1
11199 1
11248 1
11259 1
11272 6
11277 1
11279 1
11280 2
11291 1
11293 1
11294 1
11312 1
11330 2
11352 1
11362 1
11392 1
11408 1
11429 1
11501 1
11509 1
11558 1
11600 1
11608 6
11629 1
11671 1
11732 1
11772 1
11812 1
11818 1
11844 1
11848 1
11926 1
11951 1
12024 1
12032 1
12056 1
12072 2
12113 1
12144 1
12152 6
12212 1
12347 1
12350 1
12400 1
12464 1
12472 6
12528 1
12536 6
12567 1
12585 1
12659 1
12667 2
12779 1
12894 1
12899 2
13016 1
13036 1
13148 1
13168 1
13308 2
13316 1
13340 2
13368 1
13372 1
13381 1
13388 1
13408 1
13424 1
13468 1
13520 1
13528 6
13536 1
13568 1
13608 1
13616 1
13624 6
13628 1
13696 1
13712 1
13720 6
13744 1
13773 1
13840 1
13848 6
13987 1
14000 1
14008 6
14020 1
14038 1
14164 1
14212 1
14320 1
14328 6
14355 1
14440 2
14463 1
14486 1
14516 1
14520 1
14522 1
14544 1
14767 1
14776 1
14804 1
14864 1
14872 6
14952 1
14964 2
15064 3
15104 1
15120 1
15128 6
15152 1
15160 7
15176 1
15181 1
15286 1
15304 1
15408 1
15416 6
15428 1
15462 2
15508 1
15525 2
15557 2
15592 1
15643 1
15646 2
15688 1
15690 1
15712 1
15736 2
15810 1
15920 1
15928 1
15952 1
15960 6
15964 1
15982 1
15983 1
16004 1
16011 1
16012 1
16061 1
16078 1
16080 1
16090 1
16092 1
16148 1
16176 2
16284 1
16336 1
16344 6
16362 2
16384 2
16456 1
16484 2
16500 1
16521 2
16528 1
16560 1
16568 6
16609 1
16623 1
16653 1
16664 1
16679 2
16736 2
16828 1
16915 1
16920 1
16924 1
16938 2
16976 1
17060 1
17062 2
17068 1
17123 2
17130 1
17137 2
17207 1
17235 2
17248 1
17365 2
17414 1
17522 2
17536 1
17566 2
17596 2
17655 1
17668 1
17720 2
17721 2
17740 1
17742 1
17744 1
17768 1
17865 1
17897 1
17965 2
17976 1
18020 1
18045 2
18059 2
18077 1
18093 2
18101 1
18104 2
18107 1
18114 2
18131 2
18136 2
18191 2
18215 2
18218 1
18244 1
18257 2
18294 1
18305 1
18353 1
18364 1
18380 2
18390 2
18404 1
18412 1
18415 2
18525 2
18537 1
18551 3
18553 2
18598 2
18632 2
18633 1
18696 2
18735 2
18740 2
18784 1
18816 1
18833 2
18837 1
18864 2
18875 1
18898 1
18955 2
18999 1
19047 1
19052 2
19071 2
19074 2
19076 2
19101 2
19152 1
19230 2
19248 2
19255 1
19270 1
19288 2
19295 2
19296 1
19309 1
19320 1
19324 1
19328 2
19337 1
19349 2
19417 1
19452 2
19526 1
19533 2
19561 2
19582 2
19585 2
19598 2
19628 2
19648 1
19664 1
19683 2
19718 1
19780 2
19800 1
19802 2
19818 2
19850 1
19856 1
19878 1
19882 1
19894 1
19897 2
19904 1
19922 1
19925 1
19946 2
19988 2
20014 1
20046 1
20051 1
20070 2
20095 1
20098 1
20099 1
20102 2
20142 2
20154 2
20170 2
20194 2
20200 1
20221 2
20240 2
20260 1
20275 2
20304 1
20322 2
20428 1
20445 2
20523 4
20558 2
20562 2
20572 2
20648 2
20823 2
20904 1
20914 2
20928 6
20936 2
20948 1
20952 2
20985 2
21055 2
21072 1
21084 1
21101 2
21103 2
21139 2
21173 4
21178 1
21201 1
21218 1
21236 1
21244 1
21248 2
21265 1
21318 2
21426 2
21436 1
21480 1
21531 2
21560 1
21578 1
21626 2
21632 1
21646 1
21685 2
21765 1
21820 2
21822 2
21828 1
21860 1
21904 2
21958 1
21976 2
22018 2
22034 2
22094 2
22109 1
22140 2
22149 2
22181 1
22207 2
22251 2
22259 2
22263 2
22324 1
22368 1
22455 2
22497 2
22534 4
22560 1
22648 1
22672 1
22680 6
22720 1
22732 1
22917 2
22928 1
22936 6
23015 1
23050 4
23054 2
23127 2
23166 2
23199 2
23221 1
23266 2
23271 2
23281 2
23311 1
23344 2
23368 6
23376 2
23409 2
23437 2
23470 2
23491 2
23532 2
23533 2
23637 1
23647 2
23712 2
23714 1
23728 1
23764 1
23856 1
23862 2
23864 6
23901 2
24016 1
24025 1
24026 1
24043 2
24048 1
24056 6
24076 2
24172 2
24176 1
24184 6
24208 1
24216 6
24274 1
24341 1
24362 1
24471 2
24524 2
24564 2
24588 1
24592 1
24600 6
24608 2
24720 1
24728 6
24743 1
24893 2
24912 2
24953 2
24975 1
24996 2
25012 2
25040 1
25048 6
25152 3
25168 1
25175 2
25176 6
25196 1
25210 1
25276 1
25296 1
25300 1
25304 6
25318 2
25481 2
25488 2
25542 2
25560 2
25590 2
25680 1
25688 6
25758 2
25776 1
25784 6
25805 2
25815 1
25856 2
26031 1
26145 1
26209 1
26272 1
26339 1
26346 1
26368 1
26374 1
26386 2
26399 1
26407 1
26424 1
26426 1
26433 1
26445 1
26448 1
26456 6
26463 2
26512 1
26520 7
26619 2
26620 1
26642 1
26658 2
26730 1
26762 2
26827 1
26840 1
26942 1
26992 1
27000 6
27206 1
27209 1
27345 2
27399 2
27423 2
27560 2
27609 1
27727 1
27753 1
27911 1
28001 1
28172 2
28181 1
28184 1
28202 2
28222 2
28350 2
28355 2
28357 1
28365 2
28442 1
28472 2
28629 2
28674 2
28691 1
28732 2
28760 1
28796 2
28839 2
28905 2
28957 2
29000 1
29004 2
29088 1
29116 1
29190 2
29268 1
29297 2
29332 1
29335 1
29360 1
29368 6
29415 2
29495 1
29561 2
29568 2
29589 1
29692 1
29706 1
29777 2
29842 1
29865 1
30107 2
30155 2
30157 1
30213 2
30281 2
30282 1
30306 1
30335 2
30345 2
30455 2
30483 2
30517 2
30538 2
30564 2
30594 2
30812 1
30815 1
30990 1
31084 1
31097 1
31319 1
31322 1
31332 1
31396 1
31424 1
31559 1
31592 1
31890 2
31936 1
32114 1
32304 1
32504 1
32529 1
32615 1
32836 1
33170 1
33420 1
33785 1
33810 1
33813 1
33817 1
33904 1
33912 6
34367 1
34496 1
34667 1
35308 1
35407 1
35603 1
36326 1
36368 1
36376 6
36613 1
36714 1
36836 1
36941 1
37116 1
37208 1
37376 1
37660 1
37661 1
37874 1
38220 1
38232 1
38314 1
38381 1
38949 1
38985 1
38992 1
39000 6
39180 1
39590 1
39704 1
39790 1
39824 1
39832 6
40192 1
40291 1
40336 1
40344 6
40387 1
41136 1
41144 6
41296 1
41304 6
41360 1
41368 6
41517 1
41840 1
41848 6
42131 1
42141 1
42416 1
42424 6
43072 1
43104 1
43280 1
43288 6
43440 1
43448 6
44148 1
44458 1
44727 1
45200 1
45208 6
45264 1
45272 6
45360 1
45368 6
45613 1
45893 1
45936 1
45944 6
46608 1
46616 6
46719 1
46775 1
46820 2
47462 1
48376 1
48592 1
48600 6
48624 1
48632 6
48685 1
48876 1
48912 1
48920 6
49168 1
49176 6
49624 1
49648 6
49656 2
50512 1
50520 6
51952 1
51960 6
52240 1
52505 2
53340 1
53921 1
54292 1
55624 1
57197 1
57865 2
60039 1
60151 2
60496 1
61452 1
62688 1
62942 1
63926 1
64685 1
65152 1
65176 6
65184 2
65291 1
66347 1
66849 1
68803 2
69797 1
70414 1
70417 1
70460 1
70487 1
70512 1
71790 1
72271 1
72987 1
74514 1
74872 1
75626 1
76274 2
76618 1
76869 1
80124 1
80727 1
81386 1
83508 1
83938 1
87040 1
90942 1
91741 1
91765 1
91768 1
91829 1
91860 1
92629 2
94258 2
94270 1
96443 1
96898 1
97731 1
99105 1
103721 1
104720 1
105741 1
106101 1
106332 1
110037 1
117907 1
120096 1
122804 1
124928 3
125542 1
125614 1
129700 1
135167 1
135170 1
137796 1
143872 1
148344 1
149712 1
152407 1
153949 1
164189 1
170102 2
171323 1
171326 1
173304 1
199565 1
201408 1
204482 1
204649 1
206195 1
215079 2
215829 1
230453 1
232607 2
250215 2
253671 1
257164 1
261245 1
269342 1
270929 1
271216 1
274719 1
277597 1
279505 1
285373 1
286091 2
286278 1
286383 1
289848 1
290284 1
290452 1
294418 1
299692 1
302036 1
308203 1
325768 2
360286 1
372572 1
373592 1
381620 1
395447 1
446022 1
451874 1
465100 1
482808 1
483228 1
487240 1
487888 1
488372 1
504776 1
514537 1
529356 1
551200 1
587120 1
597458 1
628222 1
665426 1
689589 1
697580 1
716450 1
725268 1
728724 1
753188 1
771204 1
1018540 1
1078718 1
1163288 1
1181289 1
1248872 1
1271148 1
1271152 1
1271156 1
1417028 1
1448612 1
1769424 1
2078720 1
2252808 1
2362664 1
2748135 1
2861354 1
3548050 1
4433800 1
5963776 1
9735633 1
