0 52
2 4
5 3
6 1
8 1
9 3
10 2
11 1
14 2
15 2
17 2
18 1
20 4
21 3
25 3
29 1
30 2
31 6
35 2
38 2
40 1
41 2
42 2
44 7
45 4
48 3
52 1
55 3
56 1
58 3
60 1
61 1
63 2
64 1
65 2
68 4
69 4
71 1
72 4
74 3
76 2
77 4
79 3
81 6
82 2
84 2
85 4
86 3
87 6
89 9
91 5
92 1
93 1
94 4
96 1
98 1
100 3
101 3
102 1
103 4
104 6
107 4
108 3
110 1
111 2
112 1
113 2
114 2
115 4
118 1
119 1
120 1
121 3
123 1
124 1
125 1
126 5
128 3
132 3
135 3
137 5
138 1
139 3
140 1
141 3
142 1
143 3
144 3
146 1
149 2
151 1
152 2
155 2
158 1
161 1
162 2
166 2
167 1
170 1
171 2
180 1
181 1
185 2
187 4
188 7
191 6
193 2
195 3
196 1
198 1
203 2
205 2
207 2
208 1
209 2
210 1
213 1
216 3
218 1
219 3
220 3
222 2
223 1
224 1
225 1
228 1
230 1
231 1
234 3
238 1
239 2
241 1
242 1
246 2
247 1
251 1
252 3
255 1
259 1
260 2
269 3
270 2
274 1
276 1
277 1
278 1
279 1
280 3
285 1
286 1
287 1
288 1
289 3
290 2
292 1
293 2
295 2
296 1
297 2
300 2
301 1
305 1
307 5
312 1
314 6
315 1
316 2
318 4
320 3
321 1
322 2
325 1
326 2
329 2
333 2
335 1
336 1
340 1
341 2
343 2
344 2
349 1
351 2
352 2
353 1
355 1
357 6
358 5
359 1
360 2
361 1
362 1
363 1
365 1
366 1
369 2
370 1
371 5
372 4
376 1
377 1
378 1
379 5
380 1
382 1
383 1
386 1
387 2
390 1
393 1
394 4
401 2
402 1
403 2
406 1
407 1
408 1
410 2
412 1
413 1
414 1
415 5
416 2
419 1
420 2
422 1
423 2
425 1
426 1
427 2
429 1
430 1
431 2
433 1
435 1
436 1
437 1
438 1
440 2
441 2
443 1
444 1
445 1
449 1
450 1
452 2
453 1
455 1
456 1
457 1
458 1
459 4
461 1
463 1
466 1
467 4
468 1
470 1
473 1
475 1
476 1
477 1
478 1
479 3
480 3
482 1
483 1
485 1
486 1
488 2
491 2
496 1
497 2
499 1
500 1
501 1
503 3
504 2
506 1
508 1
511 2
512 604
513 1
515 1
516 1
519 2
520 1
521 1
522 2
523 1
524 1
525 3
528 1
530 1
532 1
534 1
537 2
538 1
540 1
541 2
543 1
545 1
547 1
550 1
553 2
555 1
557 1
559 2
560 1
562 2
566 1
567 1
573 2
574 1
575 2
577 1
578 3
579 2
580 1
583 1
584 1
585 1
588 1
593 1
594 1
595 1
596 2
598 1
602 1
603 5
604 1
606 1
608 1
609 1
613 1
614 1
615 1
618 1
619 3
622 5
624 1
626 1
627 1
630 1
633 1
634 1
637 1
638 1
640 1
644 1
645 1
653 1
654 1
656 3
657 1
659 1
660 1
661 1
663 1
664 1
665 1
673 1
676 2
677 5
679 1
680 1
681 3
684 1
687 1
688 1
694 1
695 1
696 2
697 1
701 1
703 1
705 2
712 3
717 2
720 6
723 2
724 2
725 1
726 1
727 1
729 3
732 1
735 1
737 1
744 2
745 1
746 1
747 1
748 2
752 2
753 1
754 1
755 1
757 2
758 3
759 1
760 3
762 1
763 2
764 2
766 1
767 1
768 1
769 2
771 2
774 2
775 1
778 3
782 2
783 1
784 1
789 1
790 1
792 1
794 2
795 1
797 1
799 2
801 1
802 1
804 1
806 1
807 1
808 4
809 2
810 1
813 2
815 1
816 2
817 1
819 1
820 1
821 2
822 1
823 1
825 1
827 1
831 2
835 1
839 3
841 1
845 1
846 2
848 2
850 1
851 1
852 1
853 1
854 3
855 2
856 2
858 1
859 1
860 1
862 1
863 1
865 2
869 1
870 1
872 1
874 2
875 1
876 4
877 2
880 2
888 1
892 2
893 1
894 1
896 25
901 3
904 1
905 3
906 1
907 4
909 2
914 1
915 2
919 1
920 2
924 1
928 1
929 1
930 1
932 2
933 1
935 2
937 1
939 2
942 1
945 2
947 1
949 1
951 1
953 1
954 2
955 2
956 1
957 1
958 3
959 2
961 1
963 1
964 1
965 1
966 1
967 1
971 1
975 4
977 1
978 1
980 3
982 1
983 2
984 1
985 2
988 2
990 1
991 2
993 1
994 1
997 1
1001 2
1006 1
1008 3
1017 1
1019 1
1021 5
1022 4
1024 55
1027 1
1029 1
1030 3
1033 1
1037 2
1039 1
1042 2
1044 2
1047 1
1048 1
1049 1
1053 1
1056 2
1057 1
1058 1
1059 1
1063 2
1064 2
1069 2
1071 1
1075 1
1077 1
1078 1
1080 2
1083 1
1084 1
1090 1
1091 3
1093 1
1097 2
1100 1
1103 1
1104 1
1105 2
1106 4
1108 2
1111 1
1117 2
1118 1
1119 1
1120 1
1122 1
1123 6
1124 1
1126 1
1129 2
1130 1
1139 1
1141 2
1142 2
1143 2
1144 1
1145 1
1146 2
1147 1
1148 2
1150 2
1153 2
1155 2
1156 1
1158 1
1159 2
1162 1
1165 1
1166 1
1167 1
1170 5
1171 1
1174 1
1175 1
1176 1
1180 2
1182 1
1183 1
1184 1
1185 1
1186 1
1187 1
1188 2
1190 1
1191 3
1192 1
1197 1
1199 1
1200 1
1201 1
1202 2
1203 2
1208 1
1209 2
1211 1
1212 2
1214 2
1217 3
1224 1
1225 1
1226 2
1228 1
1232 3
1237 1
1238 1
1239 1
1241 2
1242 1
1243 1
1244 1
1251 1
1255 1
1258 1
1262 1
1263 1
1264 2
1269 1
1270 1
1271 2
1272 2
1273 2
1274 1
1275 1
1276 1
1277 1
1279 1
1280 1
1281 1
1283 1
1286 1
1287 1
1288 2
1290 1
1291 3
1292 2
1293 1
1294 1
1296 2
1297 1
1298 4
1303 2
1307 1
1309 2
1310 1
1312 1
1315 3
1316 1
1317 1
1318 3
1319 1
1322 1
1323 1
1325 1
1326 3
1329 3
1330 2
1334 1
1335 2
1336 1
1338 2
1343 3
1344 2
1349 2
1351 1
1352 1
1353 1
1354 1
1357 2
1358 1
1362 3
1366 2
1367 1
1368 1
1369 1
1370 1
1372 1
1373 2
1374 2
1375 1
1377 1
1378 2
1385 1
1388 1
1389 1
1391 1
1392 1
1394 1
1396 1
1397 1
1399 2
1400 2
1401 1
1402 1
1403 1
1406 2
1412 1
1414 1
1415 1
1416 2
1419 2
1421 1
1424 1
1425 1
1426 2
1429 1
1430 3
1431 1
1435 1
1436 1
1438 1
1441 1
1442 1
1443 1
1444 3
1445 2
1446 2
1447 4
1448 3
1449 3
1450 4
1451 1
1452 1
1453 3
1454 1
1455 1
1457 1
1462 2
1463 1
1465 1
1466 1
1467 1
1472 2
1473 1
1478 1
1481 1
1482 3
1484 1
1485 1
1486 1
1488 1
1489 1
1491 2
1492 2
1493 1
1495 4
1496 1
1498 1
1499 2
1502 1
1505 2
1509 1
1510 2
1511 1
1513 1
1517 4
1519 2
1520 1
1521 3
1525 1
1526 1
1527 1
1529 1
1530 1
1533 2
1536 15
1538 1
1539 1
1540 1
1541 3
1542 1
1544 1
1546 1
1547 1
1548 2
1550 1
1558 2
1561 1
1562 1
1564 1
1569 1
1572 1
1574 2
1575 1
1576 1
1577 1
1578 1
1579 1
1580 2
1581 1
1582 1
1584 2
1585 1
1586 1
1587 1
1589 1
1590 2
1593 2
1594 1
1597 1
1598 1
1599 1
1600 1
1601 1
1603 2
1604 2
1605 1
1606 1
1610 3
1612 2
1613 1
1614 1
1615 2
1616 1
1618 1
1621 3
1622 2
1627 2
1629 1
1630 1
1631 2
1632 1
1634 1
1637 1
1638 2
1639 1
1640 1
1641 2
1642 3
1643 2
1646 1
1648 1
1649 1
1653 2
1654 1
1656 1
1657 1
1658 1
1660 1
1661 2
1663 4
1664 12
1673 2
1677 1
1679 1
1681 2
1683 1
1684 2
1688 1
1689 1
1691 2
1692 1
1693 1
1694 1
1695 1
1699 1
1700 1
1701 1
1702 1
1703 1
1706 1
1707 1
1709 1
1710 3
1712 1
1713 2
1716 1
1717 1
1718 2
1719 1
1720 1
1722 1
1726 1
1728 4
1729 2
1735 1
1740 1
1741 1
1744 1
1746 3
1749 1
1750 3
1754 5
1755 3
1758 1
1759 2
1761 2
1763 1
1764 1
1765 2
1767 1
1768 1
1769 2
1771 1
1775 2
1776 4
1777 1
1778 6
1779 3
1780 1
1781 2
1784 2
1785 2
1786 1
1787 1
1788 2
1789 1
1796 2
1797 1
1800 2
1804 2
1805 1
1807 1
1809 1
1810 1
1813 1
1814 2
1815 2
1817 2
1818 1
1820 1
1823 1
1824 1
1825 1
1827 2
1829 3
1830 1
1832 2
1834 2
1835 2
1837 1
1839 1
1841 2
1842 1
1843 1
1844 2
1845 1
1846 1
1848 2
1850 1
1851 1
1856 1
1857 1
1858 2
1859 2
1862 1
1863 1
1864 1
1865 2
1866 1
1867 1
1869 1
1870 1
1871 1
1873 1
1878 2
1879 1
1883 1
1884 1
1885 1
1887 1
1891 1
1894 3
1895 4
1897 1
1903 2
1905 1
1906 1
1910 2
1911 1
1913 1
1914 2
1920 10
1921 1
1922 3
1924 1
1926 1
1927 1
1928 2
1929 1
1930 1
1931 1
1932 1
1933 9
1934 1
1937 1
1942 1
1944 2
1945 1
1947 2
1948 2
1949 2
1950 1
1953 1
1958 1
1959 3
1961 2
1964 1
1968 1
1971 2
1974 1
1975 1
1979 1
1982 1
1983 1
1985 1
1986 1
1988 2
1991 2
1992 1
1996 1
1997 3
1999 1
2000 1
2001 1
2002 1
2003 1
2006 1
2008 1
2010 2
2011 1
2015 3
2017 3
2018 1
2019 3
2020 1
2026 1
2031 1
2035 1
2037 1
2038 1
2039 2
2040 3
2041 1
2045 3
2048 28
2050 2
2057 1
2059 1
2064 1
2065 1
2066 2
2067 1
2068 2
2073 2
2076 1
2086 1
2087 1
2089 2
2091 2
2094 1
2097 1
2098 2
2099 1
2104 1
2105 2
2107 1
2110 1
2111 1
2116 1
2118 2
2119 2
2121 1
2123 1
2126 2
2129 1
2131 3
2132 1
2134 1
2139 1
2141 3
2145 1
2147 1
2150 1
2152 1
2153 1
2154 1
2157 1
2160 2
2164 1
2168 3
2169 4
2171 1
2172 3
2175 2
2180 1
2182 1
2184 1
2186 1
2187 1
2190 4
2196 1
2202 1
2204 1
2207 1
2208 1
2213 2
2219 1
2222 1
2225 1
2228 4
2234 3
2235 1
2241 1
2242 1
2245 1
2246 1
2247 1
2249 1
2250 1
2252 1
2253 1
2255 1
2256 2
2262 3
2264 2
2266 1
2267 1
2271 2
2275 1
2279 1
2281 2
2284 1
2286 3
2287 2
2288 2
2290 4
2293 1
2296 1
2297 1
2299 1
2302 1
2303 1
2304 2
2307 1
2309 2
2312 1
2316 2
2319 1
2323 1
2326 1
2329 1
2330 1
2333 1
2342 1
2344 1
2352 1
2353 2
2354 1
2356 2
2362 1
2364 3
2365 1
2372 1
2379 1
2380 3
2381 1
2384 1
2386 1
2387 1
2389 1
2392 1
2394 2
2396 1
2398 1
2399 2
2400 1
2402 1
2407 1
2410 1
2413 1
2418 1
2419 1
2421 2
2422 3
2424 2
2425 1
2429 1
2432 1
2435 1
2436 1
2442 1
2448 2
2453 1
2457 1
2463 3
2467 1
2469 1
2471 1
2472 1
2473 1
2474 1
2480 1
2487 1
2491 1
2492 1
2493 1
2496 3
2497 1
2501 3
2503 1
2504 3
2509 1
2512 2
2513 2
2514 2
2516 1
2518 1
2521 1
2522 1
2523 1
2525 2
2531 1
2534 1
2535 1
2536 1
2538 2
2541 2
2544 1
2546 1
2547 1
2550 1
2552 2
2553 1
2555 1
2556 1
2570 1
2575 3
2576 2
2578 1
2582 2
2584 1
2586 1
2588 2
2589 3
2598 1
2599 1
2601 2
2602 1
2609 2
2612 1
2617 1
2621 1
2628 1
2634 1
2635 2
2637 2
2644 4
2645 1
2648 1
2653 1
2658 1
2663 1
2665 1
2666 2
2669 2
2670 1
2674 1
2677 1
2678 1
2681 1
2683 1
2686 2
2687 2
2689 1
2702 1
2703 2
2705 1
2709 1
2711 1
2721 1
2724 1
2726 1
2727 1
2730 1
2734 1
2735 1
2736 1
2742 1
2743 1
2744 1
2745 1
2750 2
2752 1
2756 1
2757 1
2759 1
2762 1
2764 1
2765 1
2766 1
2768 1
2769 2
2776 1
2781 1
2786 1
2794 2
2795 1
2796 1
2797 1
2798 1
2810 1
2811 1
2814 2
2819 1
2821 1
2823 2
2825 1
2827 1
2828 2
2832 2
2833 1
2836 2
2837 1
2838 1
2839 2
2843 1
2844 2
2855 1
2856 1
2857 1
2858 1
2859 1
2861 1
2862 1
2864 1
2870 1
2871 1
2874 1
2875 1
2876 1
2882 2
2886 1
2893 1
2894 2
2898 1
2902 1
2903 1
2911 1
2912 1
2915 2
2919 1
2920 1
2925 1
2926 1
2933 1
2935 1
2936 1
2944 1
2945 1
2947 1
2948 1
2951 1
2954 2
2956 3
2957 1
2959 2
2961 1
2962 1
2964 1
2965 1
2966 1
2968 1
2970 1
2973 1
2974 2
2983 1
2987 1
2988 1
2994 2
2995 1
2996 2
2997 1
3001 1
3007 2
3008 2
3019 1
3021 1
3024 1
3025 1
3026 1
3039 1
3041 1
3047 1
3053 1
3056 2
3069 1
3072 5
3074 1
3075 1
3076 2
3086 1
3087 1
3088 1
3091 1
3092 1
3093 1
3094 1
3096 1
3098 2
3102 1
3108 1
3109 2
3112 1
3124 1
3125 1
3126 1
3127 1
3129 1
3131 1
3132 2
3134 1
3137 1
3138 1
3142 1
3144 1
3148 1
3151 1
3153 1
3156 1
3159 2
3160 1
3162 1
3167 1
3174 1
3177 1
3188 1
3189 1
3199 1
3201 1
3203 1
3206 1
3216 2
3218 1
3220 1
3221 1
3222 1
3223 1
3225 1
3226 1
3228 1
3230 1
3233 1
3234 1
3235 1
3236 2
3238 1
3244 2
3246 2
3247 1
3251 2
3252 1
3257 1
3262 1
3265 1
3268 1
3273 2
3278 2
3284 1
3286 1
3291 1
3295 1
3296 1
3301 1
3302 2
3305 2
3310 1
3312 1
3314 3
3320 1
3323 1
3325 3
3328 1
3332 3
3338 1
3339 1
3343 1
3344 1
3349 1
3350 2
3353 1
3354 1
3355 1
3358 1
3359 2
3360 1
3366 1
3368 1
3370 1
3371 1
3373 2
3376 1
3379 1
3380 3
3381 3
3382 1
3386 1
3388 2
3392 3
3396 1
3404 1
3406 1
3408 1
3413 2
3414 2
3425 1
3428 1
3431 2
3433 1
3434 1
3439 2
3440 1
3444 2
3450 1
3452 1
3454 1
3455 2
3458 1
3461 1
3463 1
3468 1
3479 1
3481 1
3482 1
3491 2
3497 1
3499 1
3501 1
3505 1
3507 1
3510 1
3511 1
3512 3
3520 1
3538 1
3543 1
3553 1
3554 1
3559 2
3560 1
3565 2
3575 2
3576 1
3578 1
3584 3
3589 1
3594 1
3598 1
3603 1
3605 1
3606 1
3607 1
3608 1
3611 1
3612 1
3615 1
3619 3
3622 1
3630 1
3645 1
3648 1
3666 1
3679 1
3689 1
3693 1
3700 1
3704 1
3705 1
3707 1
3711 1
3723 2
3724 3
3726 1
3743 1
3744 1
3747 4
3748 1
3751 2
3761 1
3766 1
3780 2
3782 1
3788 2
3791 1
3792 1
3795 1
3802 1
3808 1
3819 2
3822 1
3823 1
3824 1
3825 1
3829 1
3832 1
3836 1
3839 2
3840 1
3842 1
3843 1
3852 1
3854 1
3856 1
3861 2
3862 1
3868 2
3872 1
3873 3
3877 1
3880 1
3882 2
3884 1
3889 1
3890 1
3898 1
3900 1
3907 1
3908 2
3915 1
3918 2
3922 1
3931 1
3933 1
3934 2
3938 1
3940 1
3941 1
3944 1
3948 1
3957 1
3962 1
3963 1
3971 1
3976 1
3977 1
3980 1
3982 1
3983 1
3987 1
3989 1
3992 1
3994 1
3997 1
3998 1
4000 1
4001 2
4005 2
4010 1
4016 1
4021 1
4022 1
4023 1
4029 1
4031 1
4034 1
4041 2
4047 1
4048 1
4051 1
4058 1
4059 1
4068 1
4080 2
4084 1
4091 2
4096 1
4097 1
4098 1
4110 1
4114 1
4115 1
4117 2
4125 1
4130 1
4131 1
4132 1
4144 1
4147 1
4155 1
4158 1
4169 1
4172 1
4173 1
4174 1
4175 1
4180 2
4187 1
4189 1
4190 1
4199 1
4203 1
4214 1
4215 1
4216 1
4225 1
4226 1
4230 2
4231 1
4240 1
4242 1
4246 1
4251 2
4256 1
4257 1
4260 1
4267 1
4281 1
4284 1
4287 1
4297 1
4298 1
4301 1
4303 1
4309 1
4312 1
4318 2
4322 1
4323 1
4326 1
4329 1
4330 1
4334 1
4336 1
4340 1
4342 1
4346 1
4347 1
4350 1
4357 1
4370 1
4380 2
4383 1
4384 1
4389 1
4392 1
4393 1
4394 1
4395 1
4398 1
4399 1
4400 1
4401 1
4414 1
4415 3
4416 2
4442 1
4445 1
4449 1
4455 1
4457 1
4460 1
4463 1
4467 1
4469 1
4470 1
4471 1
4472 1
4482 1
4491 1
4492 1
4493 1
4495 1
4501 1
4505 2
4509 2
4511 1
4513 1
4521 1
4531 1
4536 2
4539 1
4547 1
4549 1
4553 1
4557 1
4559 1
4561 2
4562 1
4563 1
4566 1
4569 1
4573 2
4579 1
4584 1
4585 1
4586 1
4590 1
4592 1
4596 2
4610 1
4612 1
4613 1
4614 1
4620 1
4623 3
4624 1
4626 1
4628 1
4631 2
4633 1
4635 1
4637 3
4638 1
4644 1
4646 1
4657 1
4658 1
4661 1
4663 1
4664 1
4667 1
4668 1
4670 1
4673 1
4674 2
4684 1
4688 1
4690 1
4696 1
4700 1
4708 1
4711 1
4712 2
4730 1
4735 1
4736 1
4740 1
4742 1
4747 1
4762 1
4764 1
4766 1
4769 3
4775 1
4780 1
4793 1
4803 1
4818 1
4822 1
4824 3
4827 1
4833 1
4836 1
4839 1
4840 1
4844 1
4850 1
4854 1
4855 1
4857 1
4867 1
4876 1
4878 1
4886 1
4893 1
4895 1
4901 1
4902 2
4906 2
4911 1
4912 1
4915 1
4925 2
4927 1
4930 1
4936 1
4939 1
4940 3
4944 1
4949 1
4956 1
4965 1
4966 2
4968 1
4970 1
4974 1
4980 1
4982 1
4983 1
4988 1
4994 1
4995 2
4997 1
5000 1
5002 1
5009 1
5018 1
5019 2
5025 1
5030 2
5031 1
5039 2
5044 1
5048 1
5050 1
5054 1
5060 1
5070 1
5073 1
5077 1
5088 1
5096 1
5097 2
5104 1
5110 1
5124 1
5126 1
5135 2
5139 1
5143 2
5147 1
5148 1
5153 1
5164 1
5166 1
5171 1
5183 1
5194 1
5195 2
5203 1
5207 1
5214 2
5217 1
5227 1
5230 1
5235 2
5241 1
5247 1
5254 1
5260 1
5268 1
5270 1
5273 1
5274 1
5289 1
5290 1
5293 1
5302 1
5319 1
5325 1
5326 1
5327 1
5328 1
5331 1
5332 2
5336 1
5339 1
5348 1
5351 1
5352 1
5359 1
5382 1
5402 1
5405 1
5410 1
5411 1
5413 1
5414 1
5415 1
5427 1
5430 1
5432 1
5447 1
5452 1
5461 1
5463 1
5469 1
5490 1
5491 2
5511 1
5512 1
5514 1
5515 1
5523 1
5532 1
5533 1
5543 2
5545 1
5546 1
5551 1
5558 2
5561 1
5585 1
5599 2
5600 1
5610 1
5613 1
5615 1
5616 5
5628 1
5629 1
5635 2
5636 1
5639 1
5647 2
5651 1
5658 2
5664 1
5672 1
5682 1
5683 1
5684 1
5688 1
5700 1
5706 1
5712 1
5715 1
5719 1
5724 2
5726 2
5727 1
5730 1
5735 1
5748 1
5749 1
5750 1
5761 2
5770 1
5771 1
5785 1
5788 1
5794 1
5796 1
5809 1
5817 1
5819 1
5822 1
5831 1
5833 1
5846 2
5847 1
5860 2
5864 1
5866 1
5867 1
5871 1
5876 1
5891 1
5897 1
5917 1
5923 1
5924 1
5925 1
5928 2
5934 1
5939 1
5944 1
5946 1
5947 1
5956 1
5961 1
5967 1
5969 1
5973 1
5976 1
5984 1
5990 2
5996 1
5997 1
6012 1
6014 1
6025 1
6031 1
6039 1
6045 1
6050 1
6055 1
6066 1
6068 1
6072 1
6077 1
6085 1
6086 1
6087 1
6090 2
6092 2
6103 2
6106 2
6111 1
6113 1
6114 2
6115 1
6121 1
6124 1
6126 1
6130 1
6131 1
6136 1
6140 1
6141 2
6144 1
6149 2
6151 2
6167 1
6173 1
6176 1
6185 2
6198 1
6199 1
6210 2
6212 1
6217 2
6227 1
6228 1
6239 1
6241 1
6246 1
6268 1
6273 1
6283 1
6290 1
6302 1
6307 1
6310 2
6319 1
6320 1
6329 1
6330 3
6346 1
6352 1
6365 1
6367 1
6368 1
6381 1
6388 3
6405 1
6410 1
6440 2
6459 1
6466 1
6468 1
6473 2
6475 1
6476 2
6488 1
6493 1
6494 1
6500 1
6513 2
6521 1
6522 1
6526 1
6528 1
6533 2
6537 1
6561 1
6572 1
6581 1
6588 1
6604 1
6613 1
6624 1
6628 2
6636 1
6644 1
6646 1
6648 1
6649 1
6659 1
6660 1
6669 1
6670 1
6673 1
6697 1
6698 1
6701 1
6721 2
6725 1
6726 1
6744 1
6746 1
6755 1
6761 3
6767 1
6771 1
6784 1
6801 2
6802 1
6809 1
6824 1
6840 1
6851 1
6853 1
6859 1
6865 1
6867 1
6876 1
6878 1
6879 1
6883 1
6887 1
6893 1
6894 2
6895 1
6903 1
6905 1
6907 1
6933 1
6934 1
6936 1
6944 1
6961 1
6967 1
6968 1
6970 1
6978 1
6991 1
6994 1
7009 1
7012 1
7015 1
7016 1
7017 1
7036 1
7053 1
7054 1
7058 1
7060 5
7066 1
7068 1
7071 1
7077 4
7085 1
7116 1
7123 1
7140 1
7158 1
7171 2
7177 1
7184 1
7186 1
7190 1
7198 1
7222 2
7237 1
7252 1
7270 1
7274 1
7283 1
7290 1
7293 1
7299 1
7329 1
7331 1
7336 1
7340 1
7341 1
7342 1
7348 1
7351 1
7372 1
7382 1
7412 1
7417 1
7426 1
7433 1
7436 1
7443 1
7445 1
7455 1
7465 2
7482 1
7488 2
7489 1
7494 1
7497 1
7501 1
7503 1
7515 1
7519 1
7520 1
7537 1
7545 2
7553 1
7572 1
7576 1
7580 3
7583 1
7584 1
7599 1
7605 2
7618 1
7626 1
7628 1
7630 1
7634 1
7644 1
7661 1
7663 1
7668 1
7673 5
7680 3
7685 1
7687 1
7706 1
7714 1
7728 1
7730 1
7742 1
7744 1
7749 1
7756 1
7766 1
7787 1
7791 1
7798 3
7806 2
7811 1
7819 1
7826 1
7841 1
7842 1
7847 1
7861 1
7866 2
7870 2
7875 2
7881 1
7896 1
7899 1
7916 1
7921 1
7926 1
7939 1
7941 1
7945 1
7952 1
7960 1
7961 1
7963 1
7970 2
7973 1
7984 1
7990 1
8006 1
8012 1
8014 1
8022 1
8026 1
8028 1
8031 1
8042 1
8043 1
8054 1
8062 1
8083 1
8084 2
8087 1
8093 1
8096 1
8105 1
8109 1
8110 1
8111 1
8126 2
8132 2
8136 1
8138 2
8139 1
8140 1
8146 1
8148 1
8157 1
8158 1
8172 1
8174 1
8178 1
8192 1
8201 1
8204 2
8213 2
8235 1
8240 1
8243 1
8246 10
8263 1
8281 1
8298 1
8316 1
8319 1
8320 1
8326 1
8327 1
8331 2
8346 1
8361 1
8372 1
8383 1
8384 2
8388 1
8401 1
8414 2
8422 1
8450 1
8452 1
8453 1
8464 1
8466 1
8479 1
8487 1
8507 1
8509 1
8510 1
8512 1
8537 2
8539 1
8544 1
8553 1
8556 1
8563 1
8571 1
8587 1
8596 1
8604 1
8623 1
8632 1
8646 1
8650 1
8653 1
8670 2
8679 1
8702 1
8703 1
8707 1
8723 1
8726 1
8735 1
8736 1
8737 1
8739 1
8755 1
8767 1
8775 1
8784 1
8786 1
8793 1
8819 1
8827 1
8828 1
8833 1
8853 1
8856 1
8862 1
8883 1
8888 1
8898 1
8899 1
8910 1
8912 1
8915 1
8918 1
8949 1
8966 1
8980 1
8990 1
8993 1
8999 1
9000 2
9001 2
9042 1
9044 1
9049 1
9050 1
9053 1
9058 1
9059 1
9062 1
9104 1
9110 1
9112 1
9113 1
9116 1
9140 1
9150 1
9157 1
9174 1
9196 1
9208 1
9213 1
9230 1
9231 1
9233 1
9263 4
9281 1
9283 1
9291 1
9298 1
9302 1
9308 1
9313 1
9321 1
9328 1
9332 1
9348 1
9364 1
9365 1
9370 1
9379 1
9380 1
9381 2
9391 1
9398 1
9402 2
9412 1
9445 1
9452 1
9462 1
9472 1
9481 1
9482 1
9487 1
9526 1
9557 1
9569 1
9571 1
9572 1
9583 1
9585 1
9590 1
9592 1
9601 1
9615 1
9616 1
9617 1
9626 1
9634 1
9636 1
9642 1
9643 1
9659 1
9667 1
9672 1
9673 1
9697 1
9698 1
9700 1
9705 2
9714 1
9719 1
9765 1
9775 1
9777 1
9781 1
9785 1
9787 1
9791 1
9798 1
9799 2
9803 1
9805 1
9819 1
9827 1
9836 1
9840 1
9845 1
9853 1
9859 1
9904 1
9906 1
9918 2
9920 1
9926 1
9929 1
9936 5
9939 1
9946 1
9949 1
9958 1
9959 1
9974 1
9982 1
10004 1
10008 1
10018 1
10032 1
10033 1
10034 1
10038 1
10039 1
10048 1
10049 1
10055 1
10058 1
10085 1
10088 2
10089 1
10125 1
10132 1
10157 1
10166 1
10173 2
10174 1
10194 1
10222 1
10235 1
10240 2
10246 1
10257 1
10290 1
10294 1
10303 1
10312 1
10338 1
10359 1
10361 2
10363 1
10377 3
10378 1
10380 1
10408 1
10420 1
10437 1
10447 1
10482 1
10489 2
10490 1
10501 1
10505 1
10509 1
10530 1
10531 1
10574 1
10592 1
10611 1
10615 1
10617 1
10627 1
10632 1
10633 1
10644 1
10646 5
10663 1
10687 1
10727 2
10743 1
10751 1
10752 1
10768 1
10782 1
10787 1
10800 1
10802 1
10815 1
10828 1
10831 1
10843 1
10848 1
10852 1
10858 1
10861 1
10886 2
10896 1
10931 1
10946 1
10960 1
10966 1
10975 1
11004 1
11015 1
11024 2
11032 2
11048 1
11060 1
11065 1
11075 1
11084 2
11088 1
11096 1
11105 1
11112 1
11118 1
11124 1
11129 1
11130 1
11151 1
11159 1
11169 2
11180 1
11188 1
11189 1
11208 2
11209 1
11214 2
11216 1
11224 1
11229 1
11244 2
11248 1
11249 1
11251 1
11264 5
11289 1
11292 1
11299 1
11301 1
11307 1
11344 1
11350 2
11358 1
11372 1
11378 1
11379 1
11415 1
11421 1
11424 1
11439 1
11441 1
11448 1
11453 1
11478 1
11479 1
11496 1
11503 1
11507 2
11509 1
11511 1
11519 1
11522 1
11537 1
11550 1
11563 1
11580 1
11591 1
11599 1
11605 1
11618 1
11640 1
11643 2
11652 1
11667 1
11672 2
11698 1
11704 1
11705 1
11706 1
11713 1
11720 1
11738 3
11759 1
11765 1
11776 1
11819 1
11822 1
11824 1
11829 1
11847 1
11856 1
11873 2
11874 1
11927 1
11948 1
11966 1
11967 1
11969 2
11979 2
11999 1
12005 1
12018 1
12040 1
12071 1
12082 1
12085 1
12109 1
12124 1
12135 1
12146 1
12158 1
12166 1
12167 1
12175 1
12205 1
12211 1
12213 1
12219 1
12246 1
12266 1
12270 1
12273 1
12274 1
12278 1
12300 1
12305 1
12315 1
12323 1
12329 1
12332 1
12392 1
12400 1
12431 1
12434 1
12446 1
12448 1
12470 2
12484 1
12512 1
12518 1
12538 1
12549 1
12550 1
12553 1
12561 1
12564 1
12565 1
12588 1
12602 1
12627 1
12630 1
12699 1
12710 1
12731 1
12757 1
12792 1
12800 4
12806 1
12824 1
12827 1
12830 1
12845 1
12884 1
12888 2
12897 1
12898 1
12905 1
12912 1
12981 1
13008 1
13036 1
13060 1
13100 1
13111 1
13119 1
13120 1
13123 2
13184 1
13203 1
13208 1
13225 1
13227 1
13229 1
13232 1
13259 1
13262 1
13264 1
13277 1
13312 1
13350 1
13355 1
13373 5
13386 1
13398 1
13437 1
13444 1
13475 1
13477 1
13498 1
13521 1
13524 1
13596 1
13647 2
13661 1
13667 1
13680 1
13714 1
13717 1
13745 1
13754 2
13758 2
13765 1
13779 1
13796 1
13800 1
13811 1
13820 1
13835 1
13845 1
13863 1
13893 1
13905 1
13924 1
13967 1
13981 2
14013 1
14019 1
14035 1
14055 2
14061 1
14072 1
14099 1
14101 1
14106 1
14111 1
14132 1
14151 2
14155 1
14172 1
14176 1
14197 4
14202 1
14208 1
14221 1
14223 1
14241 1
14247 1
14301 1
14307 1
14336 1
14383 1
14385 1
14392 1
14418 1
14427 1
14435 1
14462 1
14473 1
14492 1
14506 1
14509 1
14521 1
14526 1
14539 1
14586 1
14602 1
14665 1
14672 1
14679 1
14700 1
14709 1
14730 1
14755 1
14765 1
14775 1
14782 1
14784 1
14795 1
14821 1
14863 1
14890 1
14902 1
14912 1
14920 1
14935 1
14976 1
15024 1
15026 1
15058 1
15059 1
15068 1
15097 1
15122 1
15135 1
15206 1
15228 1
15232 1
15235 1
15236 1
15265 1
15284 1
15308 1
15317 1
15324 1
15360 1
15386 1
15406 1
15428 1
15433 1
15442 1
15449 1
15464 1
15467 1
15471 1
15510 1
15539 1
15574 1
15579 1
15595 1
15609 1
15628 2
15642 1
15645 2
15662 2
15668 1
15680 1
15697 1
15748 1
15768 1
15769 1
15777 1
15780 1
15801 1
15825 1
15846 1
15857 1
15859 2
15864 1
15868 1
15878 1
15895 1
15910 1
15912 1
15918 1
15972 1
16006 2
16023 1
16053 1
16063 1
16066 1
16100 1
16103 2
16111 1
16123 1
16141 1
16147 1
16148 1
16153 1
16157 1
16188 1
16196 1
16306 4
16316 1
16340 1
16343 1
16384 2
16386 3
16404 1
16408 1
16425 1
16426 1
16450 1
16451 1
16469 1
16547 1
16558 1
16600 1
16628 2
16668 1
16679 1
16753 1
16760 1
16772 1
16782 1
16785 1
16791 1
16796 1
16803 1
16845 2
16882 1
16897 2
16935 1
16970 1
17003 1
17054 1
17061 1
17080 1
17118 1
17152 1
17201 1
17219 2
17286 1
17288 2
17296 1
17300 1
17326 1
17342 2
17356 1
17368 1
17382 1
17408 1
17413 1
17417 1
17424 1
17426 1
17455 1
17458 1
17474 1
17480 1
17488 1
17505 1
17506 1
17511 1
17557 2
17614 1
17666 1
17705 1
17708 1
17710 1
17711 1
17736 1
17747 1
17806 1
17830 1
17840 1
17845 1
17879 1
17885 1
17906 1
17923 1
17927 1
17939 1
17941 2
17960 1
17998 1
18080 1
18183 1
18190 1
18221 1
18222 1
18235 1
18244 1
18263 1
18282 1
18301 1
18387 1
18395 1
18414 1
18432 1
18439 1
18470 1
18478 1
18545 1
18614 1
18628 1
18631 1
18634 1
18645 1
18656 1
18694 1
18721 1
18743 1
18790 2
18813 1
18847 1
18857 1
18879 1
18904 1
18967 1
18977 1
19001 1
19038 1
19042 1
19064 1
19070 1
19094 1
19096 1
19127 1
19256 1
19270 1
19280 1
19290 1
19323 1
19330 1
19378 1
19390 1
19403 1
19431 1
19493 1
19535 1
19614 1
19617 1
19763 1
19833 1
19855 1
19883 1
19909 1
19935 1
19946 1
19960 1
19993 1
20052 1
20060 1
20078 1
20151 1
20268 1
20270 1
20287 1
20291 1
20293 1
20338 1
20339 1
20369 1
20399 1
20441 2
20480 2
20503 1
20568 1
20710 1
20750 1
20755 1
20758 1
20764 1
20765 1
20780 1
20859 1
20884 1
20917 1
20954 1
20959 1
20967 1
20978 1
20984 1
21014 1
21053 1
21083 1
21124 1
21136 1
21180 1
21182 1
21276 1
21289 1
21424 3
21496 1
21504 1
21564 1
21667 1
21672 1
21684 1
21735 1
21740 1
21800 1
21830 1
21840 1
21992 1
22009 1
22014 1
22016 1
22019 2
22025 1
22026 1
22038 2
22065 1
22079 1
22109 1
22134 1
22197 1
22203 1
22209 2
22215 1
22224 1
22274 1
22373 1
22460 1
22464 1
22528 2
22538 4
22540 2
22591 1
22604 1
22618 1
22650 1
22673 1
22712 1
22746 1
22768 1
22863 2
22898 1
22922 1
22977 1
23024 1
23032 1
23056 1
23059 1
23076 1
23147 1
23195 1
23200 1
23233 1
23235 1
23243 1
23251 1
23264 1
23297 2
23354 1
23381 5
23452 1
23522 1
23554 1
23584 1
23623 1
23707 1
23726 1
23754 1
23780 1
23808 5
23957 1
24012 1
24019 1
24034 1
24060 1
24088 1
24108 1
24122 1
24134 1
24137 1
24141 1
24155 1
24180 1
24225 1
24230 1
24252 1
24258 1
24315 1
24333 1
24344 1
24365 1
24375 1
24436 1
24462 1
24519 1
24520 1
24529 1
24555 1
24569 1
24576 15
24656 1
24692 1
24803 1
24837 1
24850 1
24862 1
24961 1
24975 1
24995 1
24997 1
25017 2
25021 1
25097 1
25127 1
25184 1
25204 2
25215 1
25311 1
25356 1
25399 1
25400 1
25501 1
25524 2
25579 1
25600 1
25639 1
25708 1
25710 1
25746 1
25785 1
25807 1
25941 1
26068 1
26113 1
26145 1
26180 2
26210 1
26241 1
26268 1
26280 1
26308 1
26321 1
26385 1
26443 1
26458 1
26551 1
26600 1
26601 1
26602 1
26624 2
26684 1
26691 2
26741 1
26864 1
26896 1
27052 1
27089 1
27151 1
27153 1
27180 1
27225 1
27243 1
27263 1
27267 1
27293 1
27296 1
27347 1
27413 1
27447 1
27454 1
27500 2
27513 1
27525 1
27596 1
27721 1
27811 1
27825 1
27840 1
27896 1
27910 1
27923 1
27972 1
28018 1
28023 1
28040 1
28171 1
28216 1
28312 1
28391 1
28497 1
28508 1
28527 1
28592 1
28664 1
28672 1
28733 1
28739 1
28763 1
28836 1
28856 1
28925 1
28953 1
28971 1
29014 1
29083 1
29141 1
29172 1
29201 1
29296 1
29320 1
29335 1
29368 1
29415 1
29444 1
29578 1
29696 2
29738 1
29798 1
29846 2
29884 1
29989 1
30034 1
30080 1
30097 2
30131 1
30137 1
30197 1
30270 1
30283 1
30339 1
30380 1
30401 2
30413 1
30433 1
30514 1
30581 1
30600 1
30640 1
30720 2
30743 1
30745 1
30756 1
30834 1
30856 1
30889 1
30909 1
31093 2
31180 1
31297 1
31362 1
31493 1
31522 1
31574 1
31581 1
31907 1
31908 1
31929 1
32119 1
32125 1
32267 1
32302 1
32333 1
32467 1
32564 1
32570 1
32584 1
32595 1
32617 1
32623 1
32680 1
32697 1
32705 1
32768 14
32786 1
32829 2
32853 1
32905 1
32946 1
33026 1
33028 1
33039 1
33109 1
33140 1
33172 1
33184 1
33296 1
33306 1
33348 1
33365 1
33402 1
33522 1
33532 1
33567 1
33680 1
33703 1
33708 1
33727 1
33792 1
33802 1
33822 1
33888 1
33904 1
34025 1
34026 1
34046 2
34048 1
34075 2
34112 1
34130 1
34240 1
34285 1
34314 1
34326 1
34330 1
34398 1
34430 1
34464 1
34558 1
34719 1
34725 1
34816 2
35024 1
35085 1
35113 1
35190 1
35356 1
35495 1
35513 1
35524 1
35556 1
35597 1
35598 1
35676 1
35749 1
35775 1
35792 1
35797 5
35812 1
35840 1
35884 1
35944 1
36035 1
36099 1
36185 1
36252 3
36295 1
36319 1
36466 1
36493 1
36548 1
36812 1
36864 2
37012 1
37048 1
37192 1
37200 1
37201 1
37338 1
37385 1
37431 1
37456 1
37461 1
37464 1
37504 1
37606 1
37608 1
37667 1
37712 1
37985 1
38015 1
38103 1
38343 1
38360 1
38361 1
38602 1
38606 1
38650 1
38714 1
38765 1
38826 1
38838 2
38880 1
38884 1
38919 1
39002 1
39076 2
39120 1
39156 1
39400 1
39424 1
39511 1
39613 1
39781 1
39811 1
39864 1
39876 1
39908 1
39916 1
39936 2
39957 1
40044 1
40106 1
40127 1
40157 1
40160 1
40360 1
40397 1
40456 1
40478 1
40509 1
40555 1
40574 1
40879 1
40884 1
40899 1
40904 1
40931 1
40958 1
40960 9
41037 1
41120 1
41181 1
41231 1
41391 1
41452 1
41455 1
41600 4
41628 1
41697 1
41890 1
41908 1
41953 1
42076 1
42104 1
42110 1
42264 1
42435 1
42469 1
42496 1
42506 1
42513 1
42810 1
42863 1
42937 1
42969 1
42984 1
43020 1
43117 1
43239 1
43300 1
43385 1
43404 1
43566 1
43924 1
43947 1
43966 1
43976 1
43990 1
44078 1
44113 1
44122 1
44236 1
44293 1
44640 1
45056 2
45069 1
45306 1
45366 1
45488 1
45770 1
45776 1
45875 1
45952 1
46080 1
46196 1
46495 1
46508 1
46980 1
47053 1
47067 1
47104 1
47123 1
47153 1
47187 1
47199 1
47454 1
47679 1
47721 1
47756 1
47777 1
47976 1
48039 1
48087 1
48128 2
48150 1
48169 1
48415 1
48464 1
48469 1
48822 1
48982 1
49028 1
49117 1
49152 1
49219 1
49285 1
49304 1
49408 1
49518 1
49578 1
49600 5
49609 1
49639 1
49661 1
49801 1
49937 1
50176 3
50298 1
50320 1
50435 1
50570 1
50602 1
51053 1
51064 1
51080 1
51377 1
51499 1
51558 1
51618 1
51637 1
51656 1
51765 1
51879 1
52178 1
52224 1
52307 2
52373 1
52376 1
52508 1
52513 1
52574 1
52644 1
52653 1
52926 1
52935 1
52997 1
53239 1
53340 1
53495 1
53942 1
54105 1
54272 1
54275 1
54295 1
54349 1
54521 1
54695 1
54708 1
54724 1
54794 1
54923 1
55254 1
55640 1
55707 1
55879 1
55976 1
56038 1
56056 1
56320 2
56793 1
56836 1
56852 1
56933 1
57318 1
57344 4
57476 1
57623 2
57684 1
57778 1
57807 1
58033 1
58187 1
58302 1
58310 1
58880 1
59100 1
59105 1
59392 1
59428 1
59927 1
60068 1
61180 1
61407 1
61440 1
61465 1
61664 1
62072 1
62118 1
62249 1
62310 1
62341 1
62524 1
62597 1
62606 1
62647 10
62787 1
62816 1
63088 1
63109 1
63172 1
63173 1
63269 1
63532 1
63573 1
63738 1
63741 1
63817 1
64108 1
64442 1
64512 1
64527 1
64572 1
64583 1
64618 1
64822 1
65136 1
65381 2
65536 4
65937 1
66138 1
66318 1
66375 1
66560 1
66698 1
67047 1
67176 1
67194 1
67435 1
67508 1
67520 1
67578 1
67822 1
67828 1
67850 1
67914 1
68021 1
68124 1
68368 1
68631 1
68954 1
69010 1
69122 1
69293 1
69339 1
69648 1
69656 1
69739 1
69829 1
69909 1
70104 1
70493 1
70601 1
70656 1
71176 1
71232 1
71522 1
71535 1
71648 1
71680 3
72001 1
72239 4
72376 1
72704 1
72780 1
72857 1
72951 1
73066 1
73176 1
73296 1
73400 1
73658 1
73728 1
74509 1
74642 1
74783 1
74785 1
75000 1
75264 1
75363 1
75789 1
75878 1
75981 1
76005 1
76193 1
76277 1
76524 1
76603 2
76659 1
77480 1
77623 1
77854 1
78056 1
78224 1
78412 1
78848 1
78950 1
79289 1
79547 1
79921 1
79924 1
79997 1
79998 1
80458 1
80512 1
80601 1
81084 1
81129 1
81701 1
81801 1
81912 1
81920 4
82005 1
82081 1
82197 1
82226 5
82311 1
82335 1
82413 1
83493 1
83639 2
83736 1
83768 1
83998 1
84176 1
84242 1
84760 1
84815 1
84891 1
84979 1
85166 1
85198 1
85202 1
85331 1
85504 1
85920 1
86024 1
86200 1
86275 1
86292 1
86399 1
86692 1
86994 2
87230 1
87428 1
87468 1
87482 1
87592 1
87731 1
87922 1
87970 2
88064 2
88720 1
88806 1
88832 1
89093 1
89321 1
90112 7
90497 1
91021 1
91022 1
91219 1
91590 1
91645 1
92079 1
92419 1
92832 1
93141 1
93283 1
94025 1
94086 1
94177 1
94680 1
95436 1
95777 1
95938 1
96258 1
96276 1
97368 1
97829 1
98191 1
98304 3
98766 3
99366 1
99425 1
99825 1
99840 1
100067 1
100311 1
100327 1
100556 1
100638 2
100748 1
100902 1
100977 1
101113 1
101281 1
101390 1
101659 1
101859 1
101865 3
102400 1
103424 1
104624 1
104735 1
104821 1
104876 1
104896 1
104960 1
105248 1
105320 1
105418 1
105915 1
105941 1
106262 1
106299 1
106496 1
106512 5
106818 1
107581 1
107929 1
108141 1
108576 1
108771 1
109351 1
109420 1
109760 1
110068 1
110337 1
110392 1
110592 1
110611 1
110766 1
110827 1
111039 1
111115 2
111736 1
111789 1
111855 1
111963 1
112127 1
112165 2
112221 1
112864 1
112943 1
114415 1
114667 1
114688 2
115281 1
115312 4
115642 1
115864 1
116833 1
117140 1
117640 1
117664 1
117739 1
117950 1
118534 1
118571 1
118784 2
118900 1
119399 1
119808 2
120147 1
120322 1
120432 1
120522 1
121170 1
121239 1
121256 1
121310 1
122277 1
122545 1
123608 1
124474 1
124596 1
124956 1
126103 1
126464 1
127902 1
128000 1
130070 3
130443 1
131072 1
132019 1
132188 1
132432 1
132950 1
133120 1
133813 1
134700 1
134736 1
135533 1
135662 1
136209 1
136440 1
137216 1
138049 1
138126 1
138138 1
139181 1
139262 1
139522 2
140755 1
140844 1
142004 1
142158 1
142269 1
142429 1
143711 1
144160 1
144572 1
145319 1
145437 1
146299 1
146963 1
147391 1
148320 1
148636 1
148656 1
148797 1
149504 1
149880 1
150828 1
150959 1
151800 1
152369 1
152576 1
153101 1
153184 1
153600 1
153977 1
154045 1
155482 1
155648 1
158333 1
159391 1
159412 1
160069 1
160357 1
160780 1
161863 2
161866 1
163133 1
163840 3
166272 1
166717 2
167981 1
168332 1
168572 2
168696 1
172032 1
172371 1
172852 5
173105 1
173581 1
173958 1
174487 1
174592 1
174797 1
174997 1
175232 1
175775 1
175984 1
176023 1
176640 1
176989 1
177008 1
177144 1
177584 1
178316 1
178699 1
178842 1
179744 1
180133 1
180224 2
180827 1
181390 1
182038 1
184320 1
185012 1
186248 1
186864 1
187649 1
187750 1
188432 1
188803 1
189026 1
189987 1
191264 1
191795 1
193335 1
193796 1
193897 1
194436 1
194560 2
195416 1
195722 1
196271 1
196608 1
196826 1
197294 1
197930 1
198363 1
199856 1
199943 1
200507 1
200923 1
201614 1
201948 1
201963 1
202079 1
202083 1
203792 1
204275 1
206314 1
207247 1
207872 1
209820 1
210105 1
210457 1
210665 1
211768 1
212547 1
212829 1
212992 1
213052 1
213957 1
214016 1
215040 1
216130 1
216322 1
217231 1
217390 1
221028 1
221160 1
221927 1
222811 1
224153 1
224405 1
226235 3
226794 1
227580 1
229376 1
230406 1
230679 1
232546 1
234520 1
234991 1
235214 1
235519 1
235547 1
236205 1
236544 1
236751 1
238557 1
238973 1
239721 1
239807 1
240095 1
240297 1
240640 1
241643 1
243824 1
245460 1
245752 1
245760 2
247908 1
248794 1
249500 1
249856 1
250236 1
250705 1
250897 1
252250 1
253376 5
253471 1
253952 1
254158 1
254180 1
256000 1
256299 1
258876 1
259531 2
259584 1
261120 1
261187 1
261504 1
261704 1
265431 1
266240 1
267086 1
267473 1
268170 1
268923 1
269537 1
269546 1
269828 1
273732 1
275303 1
276644 1
277382 1
278528 2
278938 1
279335 1
279476 1
280344 1
281415 1
281530 1
281633 1
281988 1
282624 1
282770 1
283132 1
284448 1
284498 1
286272 1
286293 4
289148 1
290689 1
290733 1
291575 1
291827 1
292352 1
294912 2
297500 1
298039 1
298404 2
298604 1
299590 1
300538 1
301148 1
302359 1
302854 1
303545 1
304396 1
305439 1
305776 1
306210 1
306975 1
308736 1
311296 1
311750 1
311808 1
313185 1
314468 1
319886 1
320188 1
322856 1
323514 1
324994 1
325078 1
327680 1
328222 1
329502 1
330954 1
334960 1
339897 1
341434 1
341780 1
342282 1
348270 1
348782 1
349417 1
352374 1
353280 1
355998 1
356193 1
356311 1
364146 1
365709 1
367017 1
368640 1
369351 1
372224 1
372919 1
375036 1
376816 1
377959 1
382221 1
382865 1
385322 1
385536 1
386317 1
390041 1
391047 1
391287 1
393462 1
394035 1
395087 1
395264 1
400469 1
403708 1
406566 1
413472 1
414460 1
414578 1
414590 1
417540 1
419328 1
426793 1
427732 1
427880 1
431716 1
433467 1
438272 1
438411 1
454079 1
460599 1
461920 1
462420 1
463630 1
487732 1
489502 1
495147 1
497112 1
499564 1
499712 2
507313 1
524680 1
532480 1
532660 1
534311 1
539230 1
539696 1
545305 1
550875 2
550912 1
551682 1
555986 1
556595 1
557008 1
563959 1
564306 2
572097 1
572565 1
574256 1
579997 2
580892 1
594746 1
594761 1
596042 1
606208 2
624143 1
631237 1
634430 1
638976 2
640008 1
665914 1
669142 1
672989 1
676673 1
693428 1
697149 1
705327 1
712839 1
720896 2
729088 2
732159 1
737280 2
737352 1
740845 1
766112 1
768000 1
770048 2
777757 1
780688 1
789419 1
799841 1
801589 1
801952 1
804864 1
819200 1
823282 1
825394 1
843059 1
851968 2
872375 2
885678 1
895125 1
900212 1
917504 1
934912 1
937984 1
945240 1
963125 1
981568 1
998400 1
1024377 1
1038893 1
1042596 1
1048632 1
1054195 1
1070009 1
1082110 1
1086623 1
1128074 1
1135840 1
1169047 1
1187949 1
1198080 1
1218708 1
1225728 1
1247880 1
1273024 1
1325768 1
1327104 1
1413851 1
1438951 1
1458642 1
1504880 2
1547437 1
1580358 1
1703936 1
1711176 1
1731112 1
1744896 1
1749629 1
1777999 1
1818124 2
2104962 1
2127192 1
2139896 1
2206592 1
2236436 1
2392064 1
2414292 1
2424832 1
2436711 1
2544324 1
2646016 1
2753108 1
2893360 1
2949120 1
3031040 1
3047578 1
3049014 1
3053586 1
3172473 1
3230319 1
3406574 1
3605379 1
3767288 1
3864745 1
3865518 1
3869821 1
3905387 1
4333568 1
5240435 1
6328208 1
7503872 1
7547904 1
9322171 2
18109940 1
20720269 1
24952832 1
45154408 1
