0 6
1 1
8 2
15 1
19 1
20 1
25 1
42 1
50 12
51 18
52 22
53 15
54 7
57 4
58 8
59 4
60 1
62 10
63 12
64 8
65 5
66 7
67 8
68 2
73 1
113 1
118 1
121 1
134 1
140 1
157 1
158 1
160 2
167 1
172 1
176 5
185 1
188 1
189 1
194 3
200 1
201 1
202 1
203 2
204 1
205 2
207 1
208 5
212 1
213 2
232 1
251 1
258 1
261 1
268 11
269 1
274 1
288 1
289 1
305 1
312 1
314 1
320 1
339 1
362 1
366 1
376 1
383 1
392 1
399 1
402 1
406 1
414 1
422 1
436 1
455 1
456 1
459 1
462 1
492 1
512 153
520 1
525 1
529 1
534 1
548 1
552 1
553 1
556 2
564 1
569 1
577 1
578 2
584 1
588 1
600 1
601 1
603 1
604 2
605 2
606 1
618 1
622 2
623 1
635 1
644 1
656 1
672 2
679 1
682 1
686 1
687 1
689 1
690 2
691 2
694 1
701 2
702 1
724 2
730 1
739 1
748 1
749 1
771 1
784 1
796 1
802 2
820 1
822 1
824 1
842 1
864 1
872 1
876 2
882 1
904 5
923 1
956 1
959 1
980 3
981 2
983 1
984 1
1008 1
1010 1
1024 21
1028 1
1031 3
1055 1
1084 1
1086 1
1107 1
1124 1
1129 1
1194 1
1224 1
1236 1
1260 1
1296 1
1308 2
1352 1
1356 1
1357 1
1360 1
1376 1
1380 4
1389 2
1396 1
1433 1
1443 2
1446 2
1475 1
1493 2
1521 1
1527 1
1528 1
1536 2
1569 1
1606 1
1609 2
1634 2
1653 1
1676 1
1684 1
1700 1
1701 1
1712 1
1729 1
1745 1
1747 1
1748 1
1756 1
1785 1
1805 1
1806 1
1807 1
1811 1
1884 1
1898 1
1926 1
1939 1
1940 2
1944 1
1957 1
1969 2
1975 1
1989 2
2004 1
2038 2
2048 6
2136 2
2139 1
2146 1
2203 1
2223 1
2304 1
2454 1
2556 1
2560 1
2589 1
2613 1
2651 1
2666 1
2685 1
2805 1
2817 1
3023 1
3030 1
3072 1
3100 1
3105 1
3120 1
3178 2
3181 1
3196 1
3243 1
3256 1
3258 1
3282 1
3289 1
3294 2
3330 1
3333 1
3336 1
3346 1
3348 1
3357 1
3374 1
3383 1
3436 1
3437 1
3446 1
3471 1
3502 2
3562 1
3723 1
3788 1
3831 2
3911 1
3923 2
3943 2
3978 2
4054 1
4097 1
4102 1
4114 1
4118 1
4175 2
4177 1
4195 1
4273 1
4275 1
4308 1
4336 3
4343 1
4345 1
4374 2
4480 1
4489 1
4507 1
4511 2
4588 1
4599 2
4600 1
4608 1
4738 1
4744 1
4772 1
4840 1
4864 1
4872 1
5069 1
5120 1
5153 1
5160 1
5210 2
5282 1
5387 1
5435 1
5441 1
5506 1
5611 1
5644 1
5648 2
5701 1
5792 1
5881 2
5888 1
5930 1
5951 2
6050 1
6133 1
6144 1
6153 1
6160 1
6169 2
6340 2
6372 1
6373 1
6383 1
6384 1
6438 1
6608 1
6616 1
7092 1
7136 1
7168 1
7217 1
7246 1
7276 1
7405 1
7420 1
7534 1
7562 1
7629 1
7665 1
7680 1
7681 1
7714 1
7731 1
7778 1
7978 2
8120 1
8123 1
8125 1
8153 1
8178 1
8196 1
8241 1
8292 1
8304 1
8308 1
8316 1
8411 2
8493 1
8511 1
8513 1
8571 2
8603 1
8613 1
8716 1
8825 2
8842 1
8873 1
8921 1
8976 1
9069 1
9123 1
9161 1
9174 1
9265 1
9269 1
9280 2
9318 1
9387 1
9411 1
9428 1
9519 2
9612 1
9627 1
9724 1
9728 1
9735 2
9828 1
9840 1
9891 2
9908 1
9926 1
9937 1
9973 1
9992 1
10035 2
10040 1
10056 1
10112 1
10191 1
10294 1
10402 1
10408 1
10423 1
10434 1
10435 1
10497 2
10506 1
10509 1
10564 1
10588 2
10598 1
10628 1
10631 1
10646 2
10663 1
10708 2
10735 1
10752 1
10757 1
10789 1
10800 1
10812 1
10816 1
10836 1
10855 1
10874 1
10887 1
10940 1
11153 1
11201 1
11206 1
11227 1
11232 1
11295 1
11344 1
11390 1
11406 1
11415 1
11451 1
11522 1
11539 1
11546 1
11555 1
11572 1
11601 1
11613 1
11650 1
11660 1
11688 1
11717 1
11725 1
11798 1
11822 1
11830 1
11862 1
11877 2
11880 1
11902 1
11904 1
11915 1
11927 2
11960 1
12005 1
12019 1
12036 1
12049 1
12088 1
12101 1
12125 1
12194 1
12196 1
12243 1
12248 1
12255 1
12307 1
12340 1
12422 1
12467 1
12469 1
12557 1
12622 1
12670 1
12684 1
12716 1
12770 1
12800 1
12829 2
12861 1
12871 1
12912 1
12932 1
12988 1
13018 1
13075 2
13104 1
13118 1
13161 1
13169 1
13190 1
13198 1
13200 1
13216 1
13259 1
13272 1
13304 1
13305 1
13312 2
13319 2
13336 1
13357 1
13382 1
13386 1
13444 1
13457 1
13460 1
13461 1
13464 1
13500 1
13600 1
13633 1
13653 1
13699 1
13701 1
13725 1
13727 1
13763 1
13782 1
13790 1
13958 1
13960 1
13999 1
14066 1
14084 1
14088 1
14109 1
14157 1
14172 1
14188 1
14203 1
14260 1
14274 1
14355 1
14357 1
14378 1
14397 1
14422 1
14447 1
14467 1
14479 1
14503 1
14530 1
14572 1
14600 1
14655 1
14709 1
14752 1
14788 1
14796 1
14799 1
14823 1
14840 1
14843 1
14850 1
14861 1
14878 1
14913 1
14935 1
14941 1
14967 1
14995 1
14996 1
15019 1
15023 1
15046 1
15047 1
15057 1
15113 1
15115 1
15123 1
15145 1
15202 1
15238 1
15246 1
15258 1
15265 1
15269 1
15282 1
15343 1
15346 1
15356 1
15367 1
15372 1
15387 1
15392 1
15412 1
15418 1
15431 1
15436 1
15467 1
15474 1
15523 1
15539 1
15552 1
15558 1
15563 1
15576 1
15588 1
15590 1
15595 1
15602 1
15627 1
15631 1
15635 1
15637 1
15648 1
15658 1
15660 1
15682 1
15688 1
15739 1
15767 1
15769 1
15770 1
15772 1
15812 1
15818 1
15822 1
15824 1
15826 1
15836 1
15858 1
15869 1
15870 2
15874 1
15876 1
15881 1
15888 1
15892 1
15893 1
15899 1
15906 1
15910 1
15914 1
15933 2
15945 1
15976 1
15985 1
16004 1
16006 1
16014 1
16015 1
16016 1
16024 1
16041 1
16043 1
16047 2
16049 1
16055 1
16056 1
16067 1
16073 2
16081 1
16083 1
16085 1
16088 1
16106 1
16109 1
16110 1
16112 4
16122 1
16126 1
16131 1
16134 1
16144 1
16171 1
16174 1
16181 1
16187 1
16203 1
16205 1
16213 1
16224 1
16225 1
16242 1
16246 1
16258 1
16269 1
16282 1
16305 1
16314 2
16315 1
16318 1
16319 1
16324 1
16332 1
16340 1
16367 1
16368 1
16379 1
16385 1
16387 1
16390 1
16401 1
16421 2
16424 2
16436 1
16445 1
16451 1
16465 1
16477 1
16479 1
16484 1
16489 1
16492 1
16493 1
16519 1
16521 1
16524 1
16530 1
16536 1
16547 1
16549 1
16551 1
16552 1
16572 1
16574 1
16581 1
16600 1
16629 1
16645 1
16649 1
16651 2
16654 1
16660 1
16668 1
16680 1
16693 1
16697 1
16705 1
16713 1
16714 1
16716 1
16724 1
16745 1
16773 1
16775 1
16780 1
16800 1
16811 1
16823 1
16827 1
16846 1
16852 1
16867 1
16873 1
16880 1
16889 1
16891 1
16898 1
16941 1
16952 1
16954 1
16960 1
16976 1
16987 1
16993 1
16995 1
17019 1
17030 1
17051 1
17072 1
17077 1
17080 1
17099 1
17101 1
17102 1
17110 1
17121 1
17125 1
17128 1
17134 1
17144 1
17147 1
17153 2
17154 1
17162 1
17187 1
17189 1
17196 1
17199 1
17203 1
17230 1
17234 1
17251 1
17262 1
17265 1
17281 1
17282 1
17285 1
17290 1
17294 1
17309 1
17360 1
17361 1
17382 1
17383 1
17386 1
17388 1
17394 1
17430 1
17437 1
17455 1
17458 1
17476 2
17524 1
17542 1
17543 1
17551 1
17555 1
17563 1
17567 1
17568 1
17576 1
17589 1
17590 1
17601 1
17604 1
17608 1
17613 1
17615 1
17637 1
17642 1
17652 1
17657 1
17662 1
17664 1
17669 1
17677 1
17701 2
17711 1
17728 1
17731 1
17734 1
17737 1
17749 1
17760 1
17769 1
17773 1
17776 1
17781 1
17794 1
17813 1
17820 1
17821 1
17822 1
17839 1
17842 1
17895 1
17900 1
17904 1
17921 1
17924 1
17926 1
17960 1
17972 1
17975 1
17984 1
17991 1
17992 1
18017 1
18050 1
18056 1
18062 1
18064 1
18079 1
18083 1
18088 2
18095 1
18102 1
18149 1
18152 1
18160 1
18173 1
18203 1
18219 1
18224 1
18229 1
18231 1
18243 1
18246 1
18248 1
18264 1
18266 1
18289 1
18299 2
18300 1
18308 1
18309 1
18328 1
18337 1
18338 2
18356 1
18357 1
18363 1
18367 1
18384 1
18390 1
18430 1
18432 1
18436 1
18438 1
18439 1
18443 1
18451 1
18477 1
18495 1
18510 1
18516 1
18530 1
18550 1
18560 1
18565 1
18585 1
18597 1
18602 1
18603 1
18609 1
18624 1
18626 1
18639 1
18649 1
18683 1
18685 1
18689 1
18694 1
18704 1
18720 1
18760 1
18766 1
18770 1
18792 1
18797 1
18798 1
18800 1
18814 1
18839 1
18853 1
18864 1
18873 1
18879 1
18882 1
18884 2
18887 1
18915 1
18924 1
18930 1
18931 1
18932 1
18938 1
18939 1
18953 1
18955 1
18956 1
18968 1
18985 1
18991 1
19007 1
19023 2
19029 1
19076 2
19082 1
19090 1
19097 1
19108 1
19115 1
19123 1
19125 1
19126 1
19127 1
19137 1
19153 1
19154 1
19160 1
19162 1
19173 1
19174 1
19182 1
19206 1
19211 1
19214 1
19236 1
19240 1
19241 1
19258 1
19260 1
19263 1
19274 1
19282 1
19293 1
19301 1
19303 1
19310 1
19316 1
19317 1
19325 1
19343 1
19362 1
19367 1
19369 1
19378 1
19387 1
19390 1
19395 2
19409 1
19412 1
19427 1
19434 1
19446 1
19462 1
19465 1
19468 1
19491 1
19497 1
19512 1
19561 1
19566 1
19570 1
19576 1
19582 2
19604 1
19625 1
19639 1
19652 1
19672 1
19673 1
19691 1
19698 1
19715 1
19724 1
19731 1
19743 1
19748 1
19750 1
19767 1
19775 1
19814 1
19819 1
19825 1
19827 1
19855 1
19857 1
19866 1
19877 1
19879 1
19888 1
19891 1
19895 1
19906 1
19920 1
19925 1
19942 1
19949 1
19960 1
19965 1
19967 1
19996 1
20047 1
20068 1
20072 1
20086 1
20090 1
20091 1
20101 1
20107 1
20124 1
20148 1
20158 1
20181 1
20182 1
20194 1
20197 1
20200 1
20202 2
20238 1
20249 1
20278 1
20322 1
20327 1
20331 1
20341 1
20358 1
20359 1
20381 1
20386 1
20396 1
20408 1
20422 1
20423 1
20427 1
20437 1
20441 1
20451 1
20460 1
20464 1
20478 1
20482 1
20490 1
20511 1
20531 1
20567 1
20568 1
20594 2
20608 2
20638 1
20646 1
20648 1
20655 1
20673 1
20688 1
20700 1
20705 1
20712 1
20723 1
20742 1
20770 1
20780 1
20787 1
20794 1
20799 1
20802 1
20804 1
20816 1
20828 1
20856 1
20869 1
20870 1
20920 1
20931 1
20945 1
20946 1
20948 1
20964 1
20968 1
20976 1
20993 1
20998 1
21007 1
21028 1
21049 1
21051 1
21056 1
21077 1
21087 1
21091 1
21110 1
21117 1
21122 1
21127 1
21139 1
21151 1
21167 1
21195 1
21210 1
21217 1
21220 1
21225 1
21264 1
21266 1
21288 4
21298 1
21300 1
21329 1
21334 1
21344 1
21347 1
21348 2
21355 1
21369 1
21377 2
21390 1
21392 1
21394 1
21414 1
21429 1
21453 1
21468 2
21478 1
21483 1
21493 1
21495 1
21500 1
21504 1
21533 1
21544 1
21586 1
21588 1
21596 1
21639 1
21682 1
21685 1
21713 1
21725 1
21726 1
21780 1
21789 1
21799 1
21804 1
21812 1
21817 1
21819 2
21834 1
21841 1
21851 1
21883 1
21982 1
21997 1
22030 1
22047 1
22054 1
22073 1
22079 1
22091 1
22092 1
22120 2
22123 1
22133 1
22137 1
22155 1
22207 1
22233 2
22236 1
22263 2
22278 1
22370 1
22371 1
22409 1
22429 1
22464 1
22510 1
22523 1
22527 1
22528 1
22545 1
22575 1
22592 1
22640 1
22653 1
22660 1
22663 1
22676 1
22686 1
22723 1
22732 1
22739 1
22748 1
22773 1
22786 1
22820 1
22831 1
22857 1
22869 1
22870 1
22873 1
22889 1
22905 1
22911 1
22915 1
22948 1
22969 1
22995 1
23008 1
23023 1
23080 1
23124 1
23127 1
23157 1
23175 1
23194 2
23204 1
23208 1
23231 1
23246 1
23264 1
23302 1
23311 1
23368 1
23453 1
23456 1
23458 1
23479 1
23505 1
23541 1
23550 1
23572 2
23634 1
23635 1
23651 1
23652 1
23748 1
23755 1
23757 1
23767 1
23776 1
23814 1
23829 1
23846 1
23849 1
23867 1
23912 1
23920 2
23922 1
23950 1
23971 1
23973 1
24005 1
24056 1
24099 1
24125 1
24147 1
24171 1
24179 1
24195 1
24206 1
24208 1
24288 1
24309 1
24312 1
24322 1
24359 1
24378 1
24434 1
24435 1
24500 1
24525 1
24536 1
24575 1
24579 1
24637 1
24651 1
24660 1
24672 1
24703 1
24705 1
24710 1
24718 1
24744 1
24775 1
24804 1
24811 1
24832 1
24861 1
24915 1
24923 1
24937 1
24968 1
24990 2
24998 1
25009 1
25012 1
25013 1
25026 1
25027 1
25040 1
25049 1
25057 1
25098 1
25151 1
25167 1
25238 1
25276 1
25300 1
25346 1
25368 1
25410 1
25422 1
25448 1
25512 1
25515 1
25530 1
25568 1
25582 1
25605 1
25620 1
25621 1
25640 2
25671 1
25674 1
25681 1
25732 1
25742 1
25751 1
25758 2
25776 1
25782 1
25808 1
25823 1
25892 1
25916 1
25920 1
25936 1
25944 1
25955 1
25978 1
26070 1
26125 1
26128 1
26130 1
26161 1
26250 1
26256 1
26267 1
26311 1
26314 1
26334 1
26347 1
26385 1
26439 1
26443 1
26464 1
26515 1
26519 1
26523 1
26560 1
26564 1
26597 1
26600 1
26634 1
26665 1
26693 1
26737 1
26738 1
26774 1
26785 1
26786 1
26791 1
26797 1
26914 1
26919 1
26965 1
26979 1
27010 1
27067 1
27084 1
27108 1
27134 1
27153 1
27166 1
27170 1
27179 1
27188 1
27207 1
27208 2
27219 1
27237 1
27250 1
27268 1
27272 1
27275 1
27284 1
27304 1
27307 1
27321 1
27336 1
27380 1
27397 1
27458 1
27468 1
27583 1
27587 1
27640 1
27656 1
27668 1
27672 1
27680 1
27731 1
27766 1
27820 2
27828 1
27830 1
27855 1
27860 1
27884 1
27885 1
27920 2
27939 1
28018 1
28080 1
28111 1
28161 1
28188 1
28200 1
28219 1
28224 1
28231 1
28238 1
28239 1
28250 1
28252 1
28324 1
28329 1
28379 1
28405 1
28409 1
28416 1
28420 1
28483 1
28484 1
28494 1
28575 1
28639 1
28654 1
28656 1
28667 1
28715 1
28735 1
28757 1
28769 1
28775 1
28804 1
28832 2
28839 1
29048 1
29061 1
29092 1
29100 1
29119 1
29202 1
29280 1
29288 1
29388 1
29398 1
29399 1
29410 1
29439 1
29445 1
29450 1
29464 1
29507 1
29510 1
29516 1
29551 1
29567 1
29568 1
29602 1
29616 1
29641 1
29705 1
29785 1
29786 1
29789 1
29801 1
29806 1
29826 1
29911 1
29912 1
29935 1
29959 1
29990 1
30102 1
30164 1
30168 1
30184 1
30197 1
30211 1
30212 1
30228 1
30235 1
30309 1
30322 1
30363 1
30418 1
30443 1
30482 1
30636 1
30652 1
30753 1
30780 1
30824 1
30834 1
30887 1
30968 1
30969 1
31053 1
31146 1
31171 1
31251 1
31281 1
31291 1
31307 1
31332 1
31398 1
31404 1
31438 1
31455 1
31488 1
31512 1
31578 1
31592 1
31618 1
31627 1
31685 1
31706 1
31773 1
31806 1
31808 1
31811 1
31879 1
31881 1
31981 1
32028 1
32123 1
32224 1
32233 1
32272 1
32280 1
32414 1
32438 1
32482 1
32486 1
32504 1
32525 1
32582 1
32599 1
32604 1
32621 1
32729 2
32768 2
32771 1
32784 1
32802 1
32872 1
32879 1
32896 1
32897 1
32962 1
32969 1
33013 1
33017 1
33036 1
33039 1
33081 1
33102 1
33131 1
33173 1
33179 1
33259 1
33266 1
33307 1
33308 1
33332 1
33378 1
33403 1
33427 1
33443 1
33559 1
33581 1
33597 1
33689 1
33725 1
33733 1
33736 4
33770 1
33779 1
33785 1
33931 1
34075 1
34124 1
34135 1
34153 1
34304 1
34307 1
34398 1
34403 1
34404 1
34436 1
34461 1
34560 1
34625 1
34648 1
34705 1
34717 1
34756 1
34764 1
34766 1
34795 1
34816 1
34895 1
34964 1
34977 1
35017 1
35031 1
35074 1
35104 1
35114 1
35240 1
35250 1
35256 1
35321 1
35375 1
35480 1
35580 1
35584 1
35604 1
35614 1
35646 1
35720 1
35744 1
35777 1
35799 1
35835 2
35905 1
36099 1
36104 1
36116 1
36162 1
36218 1
36230 1
36300 1
36365 1
36458 1
36460 1
36488 1
36515 1
36573 1
36628 1
36734 1
36905 1
36911 1
36970 1
36992 1
37010 1
37208 1
37354 1
37370 1
37372 1
37535 1
37574 1
37586 1
37639 1
37644 1
37760 1
37766 1
37854 1
37863 1
37932 1
38042 2
38046 1
38076 1
38254 1
38423 1
38573 1
38632 2
38691 1
38737 1
38810 1
38835 1
38946 1
39033 1
39092 1
39168 1
39234 1
39240 1
39275 1
39347 1
39520 1
39692 1
39836 1
39919 1
40031 1
40050 1
40159 1
40183 1
40311 1
40403 1
40419 1
40485 1
40587 1
40696 1
40787 1
40960 3
40981 1
41067 1
41094 2
41176 1
41216 1
41369 1
41422 1
41441 1
41448 1
41501 1
41515 1
41640 1
41735 1
41788 1
41940 1
42043 1
42105 1
42140 1
42240 1
42258 1
42300 1
42547 1
42630 1
42744 1
42763 1
42770 2
42771 1
42774 1
42778 1
42784 1
42786 1
42787 1
42790 1
42812 2
42878 1
43051 1
43192 1
43198 1
43349 1
43388 1
43420 4
43448 1
43487 1
43571 1
43577 1
43687 1
43880 1
43929 1
44101 1
44141 1
44411 1
44499 1
44554 1
44609 1
44706 1
44922 1
44990 1
45067 1
45162 1
45188 1
45294 1
45374 1
45400 1
45412 1
45445 1
45561 1
45648 1
45656 1
45957 1
46073 1
46080 1
46085 1
46095 1
46131 1
46243 1
46352 1
46528 1
46550 1
46690 1
46704 1
47052 1
47203 1
47424 1
47589 1
47728 1
47740 1
47894 1
47898 1
47969 1
47990 1
48129 1
48257 1
48323 1
48559 1
48561 1
48628 1
48647 1
48748 1
48935 1
48937 1
49008 1
49249 1
49439 1
49560 1
49649 1
49745 1
49912 1
49921 1
49940 1
50257 1
50740 1
50838 1
50846 1
51108 1
51505 1
51960 1
51988 1
52082 1
52601 1
52840 1
52864 1
53076 1
53146 1
53168 1
53266 1
53567 1
53673 1
53682 1
53716 1
53740 1
53834 1
53971 1
54003 1
54205 1
54338 1
54662 1
54798 1
55044 2
55166 1
55193 1
55341 1
55346 1
55649 1
56113 1
56160 1
56272 1
56651 1
57020 1
57274 1
57289 1
57327 1
57344 1
57543 1
57584 1
57643 1
57704 2
57929 1
58154 1
58246 1
58288 1
58403 1
58537 1
58559 1
58628 1
58717 1
58808 1
59385 1
59456 1
59579 1
60182 1
60460 1
60473 1
60559 1
60653 1
60748 1
60924 1
60972 1
61752 1
61776 1
62076 2
62340 2
62358 1
62374 1
62530 1
62946 1
63896 1
64224 1
64242 1
64292 2
64813 1
64855 1
65036 1
65080 1
65433 1
65537 1
65564 2
65622 1
65626 1
65733 1
66100 1
66136 1
66161 1
66596 2
66751 1
67036 2
67348 1
67374 1
68100 1
68161 1
68443 1
68669 1
68846 1
68848 1
68954 1
69528 1
69730 1
69788 1
70364 1
70848 1
70857 1
71066 1
71463 1
71657 1
72041 1
72099 1
72300 1
72391 1
72706 1
72847 1
73960 1
74623 1
74690 1
74788 1
75322 1
75725 1
75938 1
76450 1
76752 2
76975 1
77158 1
77366 1
78229 1
78840 1
78928 1
79021 1
79140 1
79893 1
79915 1
80513 1
80572 2
80616 1
81183 1
81920 1
82300 1
82331 1
82354 1
82465 1
82709 1
83920 1
84088 1
84155 1
85124 1
85672 1
85827 1
86934 1
87120 1
88424 2
89168 1
89348 1
89548 1
89600 2
91694 1
92672 2
93456 2
94075 1
94782 1
95076 1
95719 2
95754 1
96366 1
96720 1
97112 1
98492 2
99557 1
100155 1
100514 1
100646 1
102800 1
103523 1
108086 1
109685 1
110206 1
110780 1
111308 1
112206 1
112838 1
113649 1
114332 1
114620 1
115584 2
116528 1
116556 1
116706 1
116824 1
117127 1
117649 1
118280 1
119964 1
120263 1
120300 1
121566 1
122572 1
124325 1
126212 1
128494 1
128817 1
129343 1
130072 1
130806 1
130978 1
131766 1
131968 1
133728 1
135156 1
135476 1
136128 1
136610 1
136731 1
138240 1
138296 1
140150 1
142059 1
143142 1
143622 1
143969 1
144172 1
144914 1
147214 1
147500 1
151075 1
151148 1
152056 1
153223 1
153513 1
153845 1
155038 1
155498 1
155648 1
157769 1
158530 1
158596 1
159966 1
160215 1
162094 1
162156 1
162233 1
163072 1
165764 1
167090 1
167354 1
168904 1
170083 1
170730 1
171264 1
171304 1
171349 1
172826 1
174670 1
174998 1
176692 1
177456 1
177569 1
178457 1
180008 1
180028 1
180662 1
181476 1
181704 1
182676 1
184559 1
185129 1
188808 1
190952 1
192163 1
192208 1
192276 1
193966 1
194449 1
194864 1
196029 1
197991 1
198466 1
200027 1
200419 1
202282 1
203779 1
207208 1
209664 1
210367 1
215543 1
216504 1
217217 1
217646 1
221184 1
231265 1
233958 1
236146 1
239179 1
242601 1
243581 1
244476 1
245525 1
247541 1
248048 1
255557 1
256643 1
263454 1
264740 1
265088 1
274982 1
282228 2
286720 1
305244 1
311641 1
314959 1
316754 1
318360 2
318449 1
331292 1
345270 1
345672 1
355377 1
362917 1
364602 1
367393 1
369392 2
370442 1
377700 1
379450 1
389877 1
394247 1
395310 2
404232 1
404820 2
416039 1
422966 1
439341 1
441210 1
443760 1
450284 1
450560 1
451454 1
457762 1
464788 1
468374 1
471819 1
471992 2
473207 2
487000 1
497432 1
500257 1
524238 1
530094 1
542844 1
549835 1
560214 1
561983 1
565248 1
567494 1
579557 1
581570 1
598139 1
605440 1
616744 1
617953 1
619520 1
644929 1
717895 1
732978 1
739196 1
749644 1
767677 2
769130 1
784788 2
786734 1
892500 1
893722 1
913780 1
935408 1
950270 1
951470 1
1031825 1
1101361 1
1177288 2
1257138 1
1262248 2
1334555 1
1352244 1
1385538 1
1411604 1
1417532 1
1451390 1
1798130 1
2748952 1
3008695 1
3156628 1
4165361 1
4214187 1
