0 9
4 2
5 1
8 2
9 1
10 1
12 1
14 1
16 3
17 1
20 1
23 1
26 1
45 3
46 1
47 1
48 1
51 1
55 1
56 1
61 1
62 3
74 1
75 1
82 1
84 1
95 1
97 1
99 1
103 1
118 6
120 8
122 2
123 1
124 4
126 1
128 1
130 1
133 1
134 1
144 1
146 3
153 4
177 1
198 1
202 1
203 1
209 1
222 2
235 1
236 1
243 1
248 2
274 2
275 1
278 1
285 1
293 2
294 1
299 1
305 1
318 1
323 1
330 1
339 1
348 1
353 1
364 1
372 1
377 2
383 1
398 1
410 1
412 1
447 1
462 1
472 2
480 1
487 1
496 1
498 1
499 1
511 1
512 113
514 1
516 1
523 1
526 1
527 2
531 1
532 1
543 1
545 1
565 1
569 1
571 1
601 1
603 1
604 2
605 2
643 1
646 2
678 1
681 1
686 1
687 1
689 1
690 2
691 2
697 1
705 1
732 1
741 1
801 1
825 1
833 1
865 1
869 1
883 2
889 1
904 1
910 2
956 1
966 1
969 1
1024 7
1074 1
1101 1
1133 1
1178 1
1199 1
1221 1
1232 1
1292 1
1294 1
1315 1
1343 1
1369 1
1380 1
1408 1
1413 1
1445 1
1490 2
1536 1
1579 1
1697 1
1708 1
1710 1
1764 1
1832 1
1882 1
1912 1
1922 1
1968 1
2131 1
2136 1
2154 1
2184 1
2193 1
2240 1
2295 1
2298 1
2392 1
2463 2
2468 1
2496 1
2528 1
2538 1
2560 1
2668 1
2681 1
2799 1
2868 1
2905 1
2992 1
3002 1
3067 1
3072 1
3364 1
3451 1
3516 1
3528 1
3535 1
3580 1
3608 1
3729 1
4080 1
4108 1
4221 1
4224 1
4236 1
4420 1
4507 1
4528 1
4602 1
4608 1
4634 1
4776 1
4880 1
4932 1
4964 1
5120 1
5156 1
5440 1
5472 1
5540 1
5744 1
5832 1
5969 1
6020 1
6200 1
6488 1
6524 1
6624 1
7177 1
7264 1
7268 1
7348 1
7620 1
7780 1
8132 1
8588 1
8776 1
8785 2
8868 1
9764 1
9872 1
10124 1
10288 1
10784 1
10836 1
10940 1
11444 1
11560 1
11660 1
11954 1
12000 1
12408 1
12565 1
12752 1
12924 1
13132 1
13620 1
14127 1
14452 1
14556 1
14560 1
15912 1
16772 1
16784 1
18076 1
18228 1
18412 1
18532 1
19460 1
19580 1
20488 1
21076 1
21916 1
22412 1
23488 1
25360 1
25704 1
27992 1
29684 1
29688 1
31236 1
31392 1
33264 1
33620 1
37528 1
41332 1
45008 1
45748 1
47184 1
47844 1
48528 1
56920 1
61884 1
63264 1
69508 1
74476 1
98428 1
103508 1
105688 1
108812 1
110812 1
113716 1
119076 1
125808 1
129320 1
130980 1
157376 1
164324 1
166412 1
167480 1
175492 1
178656 1
239736 1
248344 1
282104 1
339664 1
422960 1
451648 1
497380 1
500300 1
996656 1
