0 1458
1 6
3 3
4 2
6 4
8 4
9 1
12 5
14 2
15 1
16 3
20 3
22 2
23 2
24 2
26 1
27 1
28 3
29 3
30 3
31 14
32 4
33 1
34 3
35 5
36 4
38 7
39 3
40 4
41 1
42 7
43 2
44 5
45 1
46 1
47 2
48 1
49 2
50 13
51 11
52 12
53 9
54 5
56 1
57 2
58 5
59 6
60 5
61 3
62 7
63 7
64 8
65 3
66 7
67 5
68 4
69 2
71 1
72 2
73 2
74 2
76 1
77 1
78 3
79 2
80 1
81 9
82 10
83 3
85 8
86 2
87 1
89 1
90 1
91 1
92 1
93 2
94 1
95 2
96 2
97 2
98 2
99 3
100 2
102 2
103 1
105 1
106 5
107 1
108 2
109 1
111 2
113 1
116 1
117 1
121 4
123 3
124 5
125 5
126 3
127 3
128 4
129 2
130 5
131 1
132 1
133 2
134 1
135 6
136 3
137 4
138 1
140 4
141 3
142 2
144 1
145 1
146 2
147 3
149 2
150 1
152 3
153 2
154 2
155 6
156 1
157 3
158 3
159 2
160 3
161 3
162 3
163 1
164 2
165 3
166 1
167 1
168 3
169 2
170 1
171 2
172 3
173 4
174 3
176 3
177 4
178 2
179 3
180 3
181 1
182 1
183 1
184 3
185 4
186 4
187 6
188 4
189 1
190 4
192 4
193 3
194 3
197 3
198 2
199 1
200 2
201 4
202 4
203 5
204 2
205 2
208 2
209 1
210 2
213 2
214 2
215 2
216 3
217 1
218 3
219 7
220 3
222 1
223 1
224 3
225 2
226 6
227 1
229 4
231 2
232 1
234 1
235 1
236 1
238 5
239 1
240 4
243 2
244 4
245 1
246 2
247 1
248 1
249 2
250 2
251 2
252 4
253 6
254 1
255 4
256 4
257 1
258 2
259 1
260 1
261 1
262 2
263 4
264 4
265 1
266 2
267 1
268 3
269 2
271 3
272 3
274 1
275 4
276 7
277 1
279 4
282 2
283 2
284 2
286 2
288 3
292 3
293 1
297 3
299 6
300 2
301 1
302 1
303 1
304 1
305 1
307 2
308 1
309 1
310 2
311 3
312 3
313 2
314 4
315 3
316 1
317 5
318 1
319 1
320 3
321 2
322 3
324 2
325 3
326 1
327 1
328 3
330 1
332 1
333 4
337 4
338 1
339 4
340 2
341 1
343 1
345 1
348 2
349 2
350 1
351 4
352 3
353 3
355 1
357 1
359 2
360 4
361 1
362 1
363 4
364 1
365 4
368 3
369 3
371 8
372 1
373 1
374 2
375 2
376 1
377 1
379 1
380 2
383 5
385 1
386 2
387 1
388 4
389 4
390 6
391 1
392 2
393 1
394 6
395 1
396 2
397 3
398 2
399 2
400 1
401 1
403 1
404 3
405 2
406 1
408 5
409 1
410 2
411 3
412 3
415 2
416 6
417 1
418 1
419 8
420 2
421 2
422 1
423 2
424 4
425 1
426 1
427 4
428 3
430 2
432 1
433 2
434 1
435 3
436 2
437 1
439 6
440 1
441 2
442 3
443 1
444 2
445 2
446 1
448 2
449 1
450 2
452 1
453 2
454 2
455 2
457 1
458 1
459 1
460 3
461 1
462 1
463 4
464 3
465 3
468 1
470 2
471 5
472 2
473 1
474 2
475 3
476 2
477 1
479 2
480 3
481 1
482 1
483 1
484 5
485 2
486 1
487 1
488 2
489 1
490 4
492 1
493 5
495 4
496 4
499 3
500 3
501 2
502 7
503 2
504 8
505 2
506 3
507 2
508 3
509 3
510 2
512 633
513 8
514 3
515 2
516 1
517 1
518 4
519 3
520 3
521 1
522 3
523 2
524 1
525 6
527 3
528 3
530 1
531 6
532 1
537 1
539 6
540 1
541 9
542 1
543 2
544 3
545 2
548 4
549 2
550 1
551 1
552 1
553 2
555 1
556 1
558 2
559 1
560 3
561 3
562 1
564 3
565 1
566 4
568 4
569 3
570 2
571 4
572 3
573 1
574 1
575 1
576 4
578 2
579 3
580 7
581 1
583 8
584 1
585 3
586 2
587 1
588 3
589 5
590 4
591 3
592 1
593 3
594 4
595 1
596 4
598 1
599 1
600 2
601 5
602 1
603 1
604 2
605 7
607 1
608 3
610 1
611 3
613 2
614 2
616 1
619 2
622 16
623 1
624 2
625 1
628 3
629 4
630 12
632 2
633 1
634 3
635 1
637 1
638 2
639 2
640 1
641 2
643 2
644 1
645 2
646 2
647 11
648 1
649 4
650 4
651 2
653 1
654 1
655 4
656 6
657 5
658 3
659 1
660 2
661 2
663 1
664 2
665 3
666 1
667 5
668 6
669 1
670 2
671 1
672 3
673 4
674 4
675 3
676 2
678 1
679 2
680 2
682 3
684 1
685 3
686 6
687 2
688 4
689 3
690 4
691 3
692 6
694 3
695 2
696 4
697 5
699 1
700 1
701 2
702 3
703 2
705 3
706 2
707 2
708 4
711 1
713 3
714 2
715 1
716 2
717 1
719 1
721 2
723 2
724 3
725 1
726 5
727 1
728 1
729 6
730 2
731 2
732 2
733 2
734 2
736 4
737 1
738 19
740 1
741 3
744 2
745 1
746 2
747 3
748 1
749 2
750 2
751 1
752 2
754 2
755 3
756 3
758 1
759 9
760 2
761 2
762 2
763 1
764 1
766 4
768 2
771 4
773 2
774 1
776 2
777 1
778 2
781 1
783 4
784 1
785 3
786 1
787 2
788 1
789 2
790 2
792 1
793 2
794 1
795 1
798 3
799 2
801 2
803 3
804 1
808 3
809 3
810 2
812 1
814 2
815 2
816 1
817 3
818 3
819 1
820 3
821 1
822 1
824 1
825 1
827 1
828 2
829 2
830 1
831 1
832 1
833 3
836 3
838 1
840 2
841 2
842 1
843 1
844 1
845 6
846 1
847 1
848 1
851 1
853 2
854 2
855 4
856 2
857 1
858 1
859 1
860 1
861 4
862 2
863 2
864 3
865 4
866 2
868 1
870 1
871 1
873 1
874 1
875 1
876 2
878 10
879 1
881 1
884 2
886 2
887 3
888 1
890 2
893 1
896 6
898 3
899 8
901 2
902 2
903 3
904 6
905 2
907 5
908 1
909 1
910 2
911 3
913 1
914 4
915 1
918 2
919 2
920 4
921 3
922 1
924 3
927 3
928 2
929 2
930 2
931 1
932 1
933 1
935 2
936 4
938 1
939 2
940 1
942 1
944 1
945 1
946 5
947 3
949 2
950 1
952 2
953 1
954 1
955 2
956 2
960 1
961 2
963 4
964 1
965 2
967 6
969 2
970 1
971 1
972 1
976 1
979 1
980 8
981 2
982 1
983 2
985 1
986 1
988 3
989 5
991 2
992 1
993 8
995 3
996 4
998 3
999 4
1000 3
1001 5
1002 1
1003 1
1004 2
1005 3
1006 7
1007 3
1008 2
1009 3
1010 7
1011 1
1012 3
1013 4
1015 2
1016 6
1017 2
1019 2
1022 2
1023 1
1024 53
1026 2
1027 5
1030 1
1031 2
1037 2
1039 5
1040 2
1041 3
1042 1
1043 1
1044 2
1046 2
1047 3
1048 7
1049 1
1052 1
1054 1
1055 1
1056 1
1057 1
1059 2
1061 1
1063 1
1064 5
1065 1
1066 2
1073 1
1074 3
1075 1
1076 3
1080 2
1081 1
1083 1
1084 2
1085 1
1086 4
1087 1
1088 1
1089 1
1090 1
1091 3
1092 1
1098 2
1099 1
1101 1
1102 1
1109 1
1110 4
1113 1
1114 1
1115 1
1117 2
1118 1
1119 2
1121 1
1124 1
1126 1
1127 3
1129 2
1130 7
1134 1
1136 2
1140 1
1142 1
1143 1
1144 3
1146 1
1148 3
1150 2
1155 1
1158 1
1162 2
1163 1
1168 1
1169 2
1175 1
1176 1
1177 2
1180 1
1182 2
1183 1
1184 2
1185 2
1186 2
1187 1
1189 1
1190 2
1191 2
1194 1
1196 3
1202 2
1204 2
1208 2
1209 1
1211 2
1212 1
1215 1
1216 1
1219 1
1221 1
1224 1
1226 1
1231 1
1232 1
1233 1
1236 1
1237 1
1238 1
1239 3
1240 1
1241 1
1244 3
1248 1
1249 1
1251 1
1252 1
1255 3
1256 1
1257 3
1258 2
1261 2
1263 2
1266 1
1267 1
1268 1
1270 1
1271 1
1272 1
1276 1
1277 1
1282 1
1283 5
1286 2
1287 1
1288 2
1292 2
1295 2
1298 2
1301 2
1302 1
1306 1
1307 1
1308 2
1309 1
1310 1
1312 1
1314 1
1315 1
1316 1
1318 3
1320 1
1322 1
1324 1
1326 2
1327 1
1328 1
1330 1
1331 1
1332 1
1333 1
1334 4
1335 1
1338 2
1340 1
1342 1
1345 2
1349 2
1351 1
1354 1
1355 1
1356 1
1357 2
1362 2
1364 1
1368 1
1372 1
1373 1
1379 1
1380 2
1384 2
1387 1
1390 1
1391 1
1396 2
1399 1
1400 1
1407 1
1408 2
1410 1
1411 1
1414 1
1415 1
1416 1
1418 1
1420 1
1422 1
1426 2
1427 2
1429 2
1430 1
1433 1
1435 1
1437 1
1440 1
1444 1
1446 1
1447 2
1452 3
1454 3
1455 1
1459 3
1462 1
1463 1
1464 1
1466 1
1468 2
1469 1
1471 1
1477 1
1485 1
1492 1
1496 1
1497 1
1499 1
1500 1
1501 1
1503 1
1508 1
1509 1
1514 4
1516 1
1519 1
1521 2
1524 1
1525 1
1527 1
1528 2
1530 1
1536 19
1537 1
1538 3
1539 1
1540 3
1543 2
1550 1
1553 1
1556 2
1557 1
1558 3
1559 1
1564 1
1566 3
1567 3
1568 2
1571 1
1573 1
1582 1
1584 1
1589 1
1590 2
1594 1
1598 2
1600 1
1601 2
1602 1
1608 1
1609 3
1610 1
1613 1
1614 1
1615 2
1616 1
1620 1
1623 1
1624 1
1625 1
1626 2
1630 1
1631 1
1634 1
1635 1
1639 1
1640 2
1642 1
1643 1
1644 1
1648 6
1649 1
1651 1
1652 2
1653 1
1655 1
1657 1
1663 1
1664 2
1665 1
1671 1
1674 2
1676 2
1677 1
1679 1
1680 1
1684 2
1685 2
1687 1
1696 3
1697 3
1699 1
1700 1
1704 1
1707 1
1709 1
1712 1
1715 1
1717 1
1719 1
1721 1
1725 1
1728 1
1729 2
1730 3
1731 1
1732 1
1736 1
1741 2
1745 1
1746 1
1750 2
1754 1
1755 1
1756 1
1767 1
1770 1
1771 1
1777 2
1779 1
1780 1
1781 4
1782 6
1783 12
1784 12
1785 13
1786 11
1787 2
1788 3
1793 1
1794 1
1799 1
1800 1
1805 3
1806 2
1807 2
1809 2
1811 2
1812 5
1813 1
1820 2
1821 1
1825 1
1827 1
1832 3
1833 1
1836 1
1841 1
1848 1
1850 1
1864 1
1866 1
1869 1
1871 1
1878 3
1880 3
1883 1
1886 1
1889 1
1897 1
1899 2
1904 3
1906 1
1908 2
1910 1
1911 1
1928 4
1930 1
1933 2
1936 2
1939 2
1943 1
1944 1
1945 3
1951 1
1954 1
1956 1
1961 2
1965 1
1969 2
1970 2
1971 1
1973 1
1974 1
1975 2
1976 2
1978 1
1980 3
1982 1
1991 1
1995 1
1997 1
1999 1
2003 1
2005 1
2007 1
2011 1
2012 1
2024 1
2025 1
2027 1
2036 1
2038 3
2040 1
2042 2
2043 2
2044 2
2048 24
2051 1
2052 1
2053 1
2064 1
2067 1
2072 1
2075 1
2076 1
2077 1
2080 1
2086 1
2089 1
2094 2
2096 1
2097 2
2098 1
2099 1
2107 2
2109 1
2112 1
2113 4
2114 1
2121 1
2125 2
2128 1
2129 1
2131 1
2132 1
2133 1
2134 1
2135 1
2136 2
2139 1
2140 1
2141 1
2146 1
2151 1
2153 1
2163 11
2168 1
2169 1
2173 1
2178 1
2184 1
2188 1
2189 3
2190 6
2192 1
2194 1
2204 1
2206 1
2207 2
2209 3
2210 2
2216 1
2222 1
2228 1
2231 1
2233 1
2234 1
2235 1
2236 1
2237 1
2245 1
2252 1
2255 1
2256 1
2261 3
2262 1
2264 1
2271 1
2273 1
2276 2
2281 1
2284 1
2286 1
2288 5
2290 2
2294 1
2300 1
2304 1
2305 1
2308 1
2311 1
2315 1
2318 2
2319 3
2322 1
2330 1
2342 1
2344 1
2352 1
2353 1
2363 1
2365 1
2366 1
2368 1
2372 1
2382 1
2383 1
2384 1
2386 2
2387 1
2389 1
2405 1
2407 4
2410 1
2414 1
2417 1
2422 2
2430 1
2431 1
2436 1
2443 2
2444 1
2447 1
2449 1
2453 2
2455 1
2456 2
2465 1
2471 1
2472 1
2473 1
2474 1
2475 1
2476 1
2480 1
2481 1
2492 1
2498 1
2514 1
2524 1
2535 2
2537 1
2538 1
2540 1
2542 1
2548 3
2555 1
2556 1
2560 6
2576 2
2580 1
2585 1
2599 1
2603 1
2608 1
2611 1
2612 1
2617 2
2624 8
2628 2
2632 1
2633 2
2635 1
2636 1
2639 2
2641 1
2644 1
2646 1
2649 1
2657 1
2660 1
2666 1
2667 3
2668 1
2672 1
2678 1
2681 1
2683 1
2685 1
2691 2
2692 2
2693 1
2698 1
2701 3
2702 1
2704 1
2710 2
2713 1
2717 1
2718 1
2720 1
2725 1
2726 1
2738 1
2742 2
2748 1
2765 1
2769 1
2770 1
2780 1
2781 1
2788 1
2792 2
2794 1
2807 1
2816 1
2817 2
2821 1
2826 1
2831 1
2833 1
2839 1
2840 1
2856 1
2858 3
2859 1
2868 1
2870 2
2874 1
2878 1
2879 1
2880 2
2892 2
2893 1
2906 1
2908 1
2926 1
2934 1
2940 2
2948 3
2961 2
2966 1
2968 1
2974 1
2984 1
2987 2
2993 3
2997 1
2998 1
3007 1
3011 1
3023 1
3030 1
3046 1
3050 1
3051 1
3053 2
3064 1
3065 1
3066 1
3070 1
3072 5
3076 1
3085 1
3087 1
3094 1
3098 4
3100 1
3104 1
3107 2
3110 1
3126 1
3132 1
3135 1
3140 1
3143 1
3155 1
3156 2
3163 1
3173 1
3178 2
3184 1
3185 1
3188 2
3208 1
3219 1
3222 1
3225 1
3228 1
3232 1
3233 1
3235 1
3241 1
3243 1
3249 1
3251 3
3255 1
3257 1
3260 1
3272 2
3280 1
3286 2
3287 1
3289 1
3294 1
3296 2
3299 2
3303 1
3311 1
3314 1
3331 1
3333 1
3346 1
3352 1
3353 1
3356 1
3357 1
3358 4
3360 1
3368 1
3374 1
3375 2
3376 1
3385 1
3388 1
3392 2
3395 1
3408 1
3409 1
3414 2
3420 1
3428 2
3435 1
3436 3
3444 1
3447 1
3465 1
3466 1
3475 1
3482 1
3483 1
3488 1
3491 2
3496 1
3497 1
3502 1
3508 1
3510 1
3513 1
3515 1
3516 1
3520 1
3529 1
3531 1
3533 2
3539 1
3540 1
3546 1
3556 1
3560 1
3566 1
3568 1
3570 1
3572 1
3578 3
3579 2
3584 3
3586 1
3597 4
3598 1
3600 1
3602 2
3603 2
3604 1
3608 1
3609 2
3611 1
3624 1
3634 1
3641 2
3649 1
3655 1
3659 1
3677 2
3678 1
3691 1
3692 1
3700 1
3705 1
3712 3
3714 1
3715 1
3728 1
3734 1
3735 1
3739 1
3744 1
3746 1
3747 1
3756 1
3757 1
3760 1
3762 1
3764 1
3779 2
3781 1
3788 2
3790 1
3791 1
3792 1
3808 1
3820 1
3829 1
3839 1
3845 2
3848 1
3850 1
3856 1
3860 1
3868 2
3879 1
3886 1
3889 1
3904 1
3905 1
3908 1
3918 1
3919 1
3923 1
3934 1
3935 1
3936 1
3943 1
3949 2
3964 2
3967 1
3971 1
3976 1
3977 1
3978 1
3985 1
3994 1
4002 1
4005 1
4018 1
4023 1
4029 1
4030 1
4039 1
4040 2
4044 1
4046 1
4058 1
4068 1
4077 1
4096 1
4098 1
4102 1
4107 1
4109 1
4111 1
4112 1
4113 1
4114 1
4117 1
4118 4
4120 1
4130 1
4136 2
4137 1
4140 1
4142 1
4147 1
4149 1
4154 1
4163 1
4165 1
4171 1
4175 1
4180 1
4184 2
4192 1
4196 1
4199 1
4207 2
4211 1
4214 1
4216 1
4218 1
4219 1
4242 1
4244 1
4264 1
4268 1
4272 2
4273 1
4278 1
4299 2
4300 2
4304 1
4311 1
4313 1
4316 2
4323 2
4325 1
4336 1
4339 1
4340 1
4343 1
4345 1
4347 1
4358 1
4362 1
4365 1
4399 1
4405 2
4406 1
4408 1
4415 1
4426 1
4427 1
4437 1
4454 1
4465 1
4470 1
4477 1
4480 1
4481 1
4489 1
4507 2
4509 1
4511 1
4519 2
4521 1
4524 1
4535 1
4550 1
4557 1
4560 1
4561 1
4573 1
4577 1
4578 1
4582 1
4583 1
4585 1
4588 1
4589 1
4599 1
4603 1
4604 1
4608 1
4609 1
4618 1
4619 1
4633 3
4635 1
4646 1
4691 1
4692 1
4713 1
4714 1
4727 1
4728 1
4738 1
4741 1
4745 1
4753 1
4759 2
4782 1
4787 1
4796 1
4797 1
4798 1
4800 1
4805 1
4812 2
4815 1
4821 1
4827 1
4828 1
4837 1
4854 2
4855 1
4856 1
4886 1
4898 1
4912 1
4935 1
4956 2
4966 2
4967 1
4970 1
4979 1
4988 1
4994 1
4995 1
5012 2
5018 1
5021 2
5022 1
5027 1
5031 1
5048 1
5060 1
5073 1
5075 1
5078 1
5085 1
5087 1
5088 1
5093 1
5104 1
5108 1
5110 1
5112 1
5120 1
5128 1
5132 1
5152 1
5153 1
5159 1
5164 1
5168 1
5170 1
5180 1
5194 1
5196 1
5197 1
5207 1
5210 2
5214 1
5216 2
5228 1
5232 1
5233 1
5236 2
5247 1
5251 1
5259 1
5270 1
5285 1
5289 1
5291 1
5295 1
5299 1
5302 2
5306 1
5310 2
5312 1
5328 1
5336 1
5340 1
5341 2
5342 1
5349 1
5354 1
5359 1
5360 1
5367 1
5377 1
5381 1
5392 2
5399 1
5405 1
5431 1
5438 3
5441 1
5442 1
5448 1
5454 1
5460 1
5467 1
5484 1
5487 1
5488 1
5492 1
5496 1
5504 1
5505 1
5508 1
5514 2
5543 1
5546 1
5548 1
5554 3
5558 1
5564 1
5567 1
5572 1
5574 1
5588 1
5589 1
5608 1
5610 1
5624 1
5632 2
5635 1
5642 1
5643 1
5644 1
5648 2
5655 1
5658 1
5662 1
5665 1
5671 1
5676 1
5678 1
5681 1
5693 1
5695 1
5699 1
5702 1
5733 1
5735 1
5738 1
5744 1
5745 1
5747 1
5750 1
5752 2
5756 1
5760 2
5763 1
5766 1
5778 1
5779 1
5787 1
5790 1
5798 1
5803 1
5810 1
5811 1
5813 1
5815 1
5824 1
5831 2
5836 1
5840 1
5842 1
5846 1
5855 1
5861 1
5868 1
5881 1
5889 1
5900 1
5902 1
5911 1
5914 1
5921 1
5924 1
5936 2
5937 1
5947 1
5949 1
5951 1
5952 1
5967 1
6010 1
6048 5
6053 2
6058 1
6071 1
6077 1
6081 1
6094 1
6124 3
6128 1
6134 1
6140 1
6144 2
6155 1
6160 2
6161 1
6169 1
6200 2
6223 2
6230 1
6231 1
6242 1
6245 1
6248 1
6252 1
6254 1
6256 1
6266 1
6271 1
6275 1
6276 1
6286 1
6310 2
6334 3
6335 1
6336 1
6340 1
6351 1
6357 1
6362 1
6363 2
6372 2
6373 1
6384 1
6387 1
6388 1
6390 1
6397 1
6400 4
6404 1
6412 1
6416 1
6429 1
6457 1
6464 1
6478 1
6489 1
6506 1
6520 1
6527 1
6554 1
6590 1
6596 1
6598 1
6624 1
6635 1
6641 1
6642 1
6645 1
6659 1
6680 1
6696 1
6711 3
6713 1
6734 1
6766 1
6772 1
6785 2
6818 1
6825 1
6831 1
6845 2
6854 1
6884 1
6895 1
6898 1
6900 1
6901 1
6902 1
6904 1
6910 1
6915 1
6917 1
6926 1
6930 1
6970 1
6980 1
6991 1
7007 1
7011 1
7015 1
7016 1
7020 1
7022 1
7032 1
7035 1
7042 1
7060 2
7067 1
7069 1
7087 3
7102 1
7111 1
7119 1
7120 1
7160 1
7166 1
7180 1
7190 2
7206 1
7217 1
7221 1
7259 1
7270 1
7316 1
7365 1
7367 1
7370 1
7410 1
7421 1
7423 1
7427 1
7435 1
7441 1
7459 1
7464 1
7469 1
7474 1
7480 1
7485 1
7504 2
7512 2
7513 1
7536 1
7540 1
7555 1
7559 1
7560 1
7569 1
7585 1
7588 1
7589 1
7599 1
7610 1
7620 1
7625 1
7635 1
7652 2
7653 2
7663 1
7664 1
7680 3
7681 1
7690 1
7698 1
7703 1
7716 1
7731 1
7738 1
7746 1
7752 1
7766 1
7774 1
7776 1
7778 1
7795 1
7798 2
7808 1
7812 2
7843 1
7853 1
7865 1
7880 1
7892 1
7932 5
7933 1
7942 1
7944 1
7949 2
7951 1
7952 1
7954 1
7974 1
7978 1
7991 1
7997 1
7999 1
8000 1
8016 1
8017 1
8024 1
8025 2
8032 2
8039 3
8041 1
8050 3
8103 1
8120 1
8124 1
8125 1
8138 2
8155 2
8192 2
8203 1
8235 1
8246 1
8248 2
8251 1
8252 1
8255 1
8256 1
8273 1
8276 1
8282 2
8293 1
8297 1
8316 1
8323 1
8349 1
8359 1
8367 1
8368 1
8373 1
8379 1
8394 1
8395 3
8398 1
8410 2
8411 1
8414 1
8426 1
8428 1
8439 5
8440 1
8445 1
8475 1
8479 1
8491 1
8492 1
8505 1
8510 1
8512 1
8516 1
8517 1
8525 1
8540 1
8553 1
8571 4
8572 1
8577 1
8579 1
8583 1
8585 3
8587 1
8588 1
8592 1
8601 1
8602 1
8612 1
8629 1
8631 1
8650 1
8652 1
8653 1
8676 2
8678 1
8684 1
8698 1
8702 1
8704 2
8716 1
8726 1
8734 1
8742 1
8748 1
8757 1
8761 1
8769 1
8780 2
8800 1
8824 1
8825 1
8851 1
8856 2
8863 1
8886 1
8892 1
8901 1
8908 3
8926 1
8931 3
8942 1
8951 1
8952 1
8961 5
8964 1
8968 1
8971 1
8983 1
8990 1
8999 1
9000 2
9008 1
9017 1
9021 1
9038 1
9056 1
9068 1
9076 1
9077 1
9088 1
9093 1
9107 2
9117 1
9122 1
9128 1
9136 2
9140 1
9153 1
9161 1
9174 1
9214 1
9231 1
9242 1
9250 1
9254 1
9262 1
9265 1
9269 1
9280 1
9295 1
9315 1
9324 1
9325 1
9326 1
9329 1
9339 1
9353 1
9363 1
9364 1
9373 1
9386 1
9393 1
9398 1
9409 1
9411 1
9445 1
9447 1
9462 1
9469 2
9480 1
9485 1
9526 1
9545 1
9548 1
9559 1
9590 1
9592 1
9651 1
9700 1
9709 1
9723 1
9726 1
9730 1
9734 1
9735 1
9743 1
9771 1
9789 1
9805 1
9812 1
9813 1
9826 1
9881 1
9894 1
9909 1
9919 1
9936 1
9937 1
9938 1
9946 1
9960 1
9962 1
9971 2
9973 1
10018 1
10027 1
10028 1
10033 1
10035 1
10038 1
10040 1
10053 1
10056 1
10068 1
10097 1
10106 1
10108 1
10111 1
10112 2
10137 1
10140 1
10147 1
10156 1
10181 1
10184 1
10196 1
10208 1
10240 2
10269 1
10275 1
10280 1
10292 1
10294 1
10312 1
10321 1
10346 1
10358 1
10375 1
10386 1
10399 1
10402 1
10414 1
10424 1
10434 1
10442 1
10446 1
10447 1
10474 1
10475 2
10486 1
10497 1
10505 1
10506 1
10509 1
10531 1
10535 1
10564 1
10588 1
10595 1
10598 1
10600 1
10628 1
10631 1
10646 3
10652 3
10659 1
10663 2
10676 1
10681 1
10690 1
10693 1
10704 1
10708 1
10712 2
10713 1
10717 1
10735 1
10752 1
10755 1
10756 1
10757 1
10774 1
10789 1
10797 1
10812 1
10854 1
10855 1
10874 1
10887 1
10888 1
10917 1
10940 1
10942 2
10964 1
10975 1
10990 1
10995 1
11010 1
11014 1
11016 2
11029 1
11037 1
11043 1
11055 1
11056 2
11070 1
11096 1
11101 2
11102 1
11153 2
11189 1
11191 1
11206 1
11208 1
11209 1
11213 1
11223 1
11227 1
11232 1
11239 1
11263 1
11281 1
11307 1
11308 1
11314 1
11343 1
11350 1
11382 1
11384 1
11386 1
11387 1
11390 2
11393 1
11401 1
11406 1
11422 1
11451 1
11455 1
11456 1
11469 1
11483 1
11487 1
11497 1
11499 1
11514 1
11522 1
11536 1
11539 1
11555 1
11561 1
11572 1
11598 1
11609 1
11613 1
11620 1
11626 1
11649 1
11650 1
11652 1
11658 2
11663 1
11667 1
11674 1
11677 1
11682 1
11687 1
11688 1
11689 1
11691 1
11708 1
11713 1
11725 1
11734 1
11782 2
11787 1
11792 1
11807 3
11818 1
11822 1
11824 1
11830 1
11843 1
11846 1
11858 1
11861 1
11862 1
11863 1
11877 2
11880 1
11883 1
11902 1
11903 2
11904 1
11910 1
11911 1
11915 1
11927 1
11934 1
11953 1
11960 1
11966 1
11975 1
11979 1
11981 1
12005 1
12020 1
12036 1
12043 1
12049 1
12088 1
12101 2
12123 1
12125 1
12194 1
12196 1
12205 1
12216 1
12223 1
12243 1
12248 2
12255 1
12270 1
12275 1
12281 1
12288 18
12307 1
12318 1
12326 1
12338 1
12339 1
12340 1
12412 1
12462 1
12467 1
12480 1
12494 4
12512 1
12538 1
12545 1
12548 1
12549 1
12557 1
12568 1
12574 1
12615 1
12622 4
12637 1
12663 1
12684 1
12696 1
12698 1
12700 1
12707 1
12715 1
12716 1
12717 1
12734 1
12750 1
12754 1
12774 1
12800 2
12809 1
12828 1
12829 1
12861 1
12865 1
12871 1
12874 4
12882 1
12892 1
12902 1
12912 2
12920 4
12932 1
12950 1
12955 1
12988 1
12989 1
13005 2
13018 1
13060 1
13071 1
13075 2
13095 1
13104 1
13109 1
13120 1
13129 2
13161 1
13168 1
13169 5
13174 1
13190 1
13198 1
13200 1
13207 1
13210 1
13244 1
13259 1
13261 2
13273 1
13304 1
13305 1
13312 6
13319 2
13326 1
13334 1
13336 1
13341 2
13357 2
13366 1
13369 1
13382 1
13386 1
13392 1
13397 1
13415 1
13444 1
13452 1
13455 1
13457 1
13460 1
13461 1
13464 1
13500 1
13518 1
13554 1
13563 1
13576 1
13586 1
13588 1
13595 1
13600 2
13619 1
13633 1
13649 1
13667 1
13672 1
13680 1
13692 1
13711 1
13718 1
13722 1
13725 1
13727 2
13737 1
13753 1
13760 1
13781 1
13790 1
13800 2
13803 1
13807 2
13824 1
13840 1
13865 1
13870 1
13883 1
13885 2
13894 1
13905 2
13930 4
13933 1
13937 1
13948 1
13955 3
13960 2
13977 1
13983 1
14005 1
14024 2
14061 1
14091 1
14123 1
14136 1
14141 1
14168 1
14172 1
14188 1
14189 1
14194 1
14203 1
14204 1
14208 1
14210 1
14246 1
14258 1
14260 1
14264 1
14274 1
14308 1
14328 1
14334 1
14336 1
14342 2
14344 1
14357 1
14365 1
14368 1
14373 1
14397 1
14422 1
14429 1
14450 1
14464 2
14467 2
14470 1
14479 1
14493 1
14496 1
14503 1
14511 1
14521 1
14528 1
14539 1
14554 1
14571 1
14579 1
14588 1
14600 1
14605 1
14666 1
14672 1
14677 1
14752 1
14753 5
14788 1
14796 1
14808 1
14814 1
14815 1
14817 1
14846 1
14848 1
14896 1
14909 1
14913 1
14916 1
14928 1
14932 1
14935 1
14941 1
14944 1
14948 1
14967 1
14976 1
14995 1
15013 1
15019 1
15024 1
15046 1
15050 1
15054 1
15063 2
15064 1
15081 1
15092 1
15117 1
15118 1
15127 1
15133 1
15138 1
15146 1
15156 1
15158 1
15168 1
15171 1
15172 1
15175 1
15187 1
15194 1
15195 1
15200 1
15210 1
15225 1
15226 1
15237 1
15245 1
15250 1
15266 1
15267 1
15272 1
15281 1
15296 1
15315 1
15325 1
15343 1
15358 1
15360 3
15367 1
15372 1
15386 1
15405 1
15417 1
15418 1
15432 1
15436 1
15439 1
15442 1
15448 2
15451 1
15457 1
15459 1
15460 1
15464 1
15472 1
15474 2
15475 1
15485 1
15488 1
15494 1
15498 1
15510 1
15517 1
15518 1
15548 2
15564 1
15567 1
15570 1
15574 1
15579 1
15583 2
15588 1
15589 1
15591 1
15595 1
15598 1
15602 1
15619 1
15627 2
15632 1
15642 1
15649 1
15651 1
15680 1
15688 1
15694 1
15711 1
15716 1
15724 1
15731 1
15771 1
15812 1
15822 1
15860 1
15861 1
15870 1
15872 1
15881 1
15893 1
15909 1
15930 1
15947 1
16000 1
16006 1
16035 1
16043 1
16061 1
16077 1
16080 2
16081 1
16104 1
16112 4
16160 1
16161 1
16182 1
16203 1
16224 1
16241 1
16254 1
16272 1
16274 1
16279 1
16282 1
16288 1
16303 1
16309 1
16319 1
16330 1
16346 1
16368 1
16373 1
16375 1
16384 7
16401 1
16416 1
16421 3
16424 1
16451 1
16467 1
16474 1
16484 1
16514 1
16521 1
16525 1
16533 2
16536 1
16540 1
16549 1
16552 1
16558 1
16600 1
16608 1
16634 1
16651 2
16654 1
16659 1
16661 1
16692 1
16716 1
16736 2
16738 1
16748 1
16766 1
16770 1
16775 1
16780 1
16796 1
16809 1
16813 1
16823 1
16852 1
16859 1
16867 1
16875 1
16880 1
16886 1
16896 1
16899 2
16906 1
16978 1
16985 1
16990 1
16999 1
17047 1
17048 1
17086 1
17102 2
17119 1
17152 1
17244 2
17260 1
17266 1
17282 1
17286 1
17288 1
17309 1
17368 1
17408 5
17430 1
17479 1
17488 1
17524 1
17536 2
17577 1
17592 4
17603 1
17613 1
17630 1
17686 1
17692 1
17701 1
17702 1
17756 1
17772 1
17775 1
17776 1
17868 1
17877 1
17932 1
17934 1
17968 1
17991 1
18013 1
18019 1
18056 1
18071 1
18076 1
18122 1
18129 1
18192 1
18200 1
18243 1
18244 1
18248 1
18272 1
18275 1
18276 1
18308 1
18317 1
18327 1
18363 1
18377 1
18423 1
18426 1
18432 3
18510 1
18512 2
18531 1
18593 1
18602 1
18614 1
18626 1
18640 1
18649 1
18657 1
18694 1
18724 1
18727 1
18789 1
18831 1
18854 2
18885 1
18896 1
18911 1
18930 1
18932 1
18942 1
18943 1
18948 3
18966 1
18988 1
19004 1
19023 1
19027 1
19028 1
19070 1
19148 1
19160 1
19168 1
19173 1
19224 1
19226 1
19236 1
19260 1
19277 1
19309 1
19325 1
19344 1
19355 1
19362 1
19364 1
19395 1
19411 1
19435 1
19456 4
19487 2
19523 1
19568 1
19576 1
19604 1
19731 1
19746 1
19757 1
19793 1
19863 1
19864 1
19892 1
19904 1
19915 1
19918 1
19938 1
19960 1
19966 1
19978 1
19993 2
19996 1
20020 1
20029 1
20058 1
20091 1
20101 1
20165 1
20166 1
20178 1
20184 1
20202 2
20217 1
20240 1
20274 1
20311 1
20317 1
20358 1
20363 1
20388 1
20451 1
20460 1
20466 1
20480 6
20490 1
20511 1
20513 1
20544 1
20582 1
20588 3
20594 1
20600 1
20604 2
20636 1
20643 1
20656 1
20704 1
20717 1
20760 5
20780 1
20802 1
20804 1
20892 1
20922 1
20932 2
20976 1
20992 1
21019 1
21024 1
21060 2
21072 1
21087 1
21130 1
21133 1
21148 1
21156 1
21164 1
21192 1
21225 1
21233 1
21250 1
21288 2
21296 1
21298 1
21309 1
21349 1
21387 1
21406 1
21412 1
21423 1
21425 1
21435 1
21477 1
21484 1
21495 1
21504 4
21599 1
21613 1
21632 2
21645 1
21652 1
21665 1
21685 1
21688 1
21702 1
21706 1
21718 1
21745 5
21780 1
21943 1
21969 1
21982 1
21992 1
22006 1
22009 1
22016 1
22028 2
22035 2
22054 1
22079 1
22095 1
22097 1
22155 1
22233 4
22277 1
22293 1
22301 1
22304 1
22311 2
22364 1
22409 1
22419 1
22424 1
22432 1
22460 1
22480 1
22510 1
22523 1
22527 1
22528 4
22531 1
22587 1
22626 1
22681 1
22736 1
22750 1
22752 1
22774 1
22870 1
22873 1
23008 1
23043 1
23120 1
23124 1
23131 1
23149 2
23180 1
23221 1
23227 1
23264 1
23270 1
23322 1
23324 2
23357 2
23376 1
23387 1
23408 2
23461 1
23531 1
23538 1
23539 1
23544 1
23552 8
23587 1
23629 1
23651 1
23667 1
23668 1
23681 1
23705 1
23738 1
23757 1
23773 1
23805 1
23828 1
23832 1
23883 2
23893 1
23916 1
23920 1
23980 1
23984 1
24028 1
24032 2
24064 1
24114 1
24125 2
24145 1
24174 1
24263 1
24268 3
24270 1
24312 1
24394 1
24451 1
24536 1
24544 1
24547 1
24570 1
24576 51
24579 1
24595 1
24608 1
24612 1
24624 1
24637 1
24638 1
24652 1
24660 1
24667 1
24672 1
24768 1
24803 1
24808 1
24810 1
24837 1
24881 1
24953 1
24957 1
24990 2
24995 1
25012 1
25027 1
25040 1
25044 1
25057 1
25151 1
25154 1
25170 1
25308 1
25355 1
25386 1
25455 1
25457 1
25467 1
25528 1
25532 1
25548 1
25567 1
25584 1
25600 1
25640 1
25644 1
25709 1
25723 1
25751 1
25814 1
25817 1
25826 1
25842 1
25868 1
25892 1
25916 1
25920 1
25945 1
26032 1
26066 1
26082 1
26087 1
26160 1
26260 1
26268 1
26269 1
26311 1
26320 1
26383 1
26461 1
26488 2
26508 1
26519 1
26531 1
26540 1
26560 1
26634 1
26668 1
26680 2
26690 1
26705 1
26737 1
26748 1
26781 1
26801 1
26816 1
26834 1
26840 1
26960 1
27010 1
27047 1
27090 1
27114 1
27134 1
27153 1
27188 1
27230 1
27252 1
27253 1
27304 1
27307 1
27309 1
27346 2
27360 1
27408 1
27422 2
27434 2
27484 1
27630 2
27646 1
27648 1
27661 1
27675 1
27681 1
27686 1
27750 1
27773 1
27776 1
27850 1
27855 1
27896 1
27903 1
27981 1
28032 2
28033 1
28096 1
28123 1
28160 1
28178 1
28188 1
28234 1
28281 1
28407 1
28412 1
28419 1
28425 1
28430 1
28461 1
28462 1
28464 1
28480 1
28508 2
28531 1
28548 1
28556 1
28617 1
28672 2
28827 1
28832 1
28887 1
29040 1
29113 1
29149 1
29164 1
29167 1
29216 1
29264 1
29280 1
29288 1
29326 1
29363 1
29398 1
29411 1
29584 1
29673 1
29705 1
29713 1
29721 1
29826 1
29846 2
29868 2
29907 1
29933 1
29938 1
29956 1
29960 1
29990 2
29995 1
30030 2
30045 1
30049 1
30061 1
30129 1
30167 1
30250 1
30290 1
30309 1
30328 1
30361 1
30381 1
30392 2
30394 1
30423 1
30425 1
30438 1
30443 1
30450 1
30496 1
30532 1
30570 1
30720 1
30748 1
30887 1
30908 1
30911 1
30920 1
30966 1
30976 1
30980 1
30988 1
30990 1
31010 1
31012 1
31123 1
31125 1
31128 1
31153 1
31170 1
31183 1
31209 1
31222 1
31227 1
31251 4
31296 1
31328 1
31348 1
31374 1
31388 1
31404 2
31468 1
31480 1
31484 1
31618 1
31624 1
31626 1
31627 1
31643 1
31648 2
31668 1
31767 1
31786 2
31794 1
31806 1
31808 2
31914 1
31972 1
31993 1
32027 1
32032 8
32072 2
32128 1
32259 1
32267 1
32336 1
32402 1
32407 1
32485 1
32512 2
32528 1
32541 1
32553 1
32556 1
32592 1
32621 1
32707 1
32729 1
32733 1
32736 1
32764 1
32768 11
32769 1
32771 1
32818 1
32821 1
32837 1
32868 1
32872 1
32886 1
32951 1
32960 1
33148 1
33195 1
33209 1
33259 1
33266 1
33270 1
33308 1
33369 1
33403 1
33443 1
33470 1
33474 1
33530 1
33581 1
33600 1
33736 2
33779 1
33820 1
33887 1
33888 1
33926 1
33952 1
34000 2
34075 1
34113 1
34128 1
34144 1
34226 1
34261 1
34263 1
34298 1
34400 2
34404 1
34428 1
34465 1
34467 1
34475 1
34677 1
34847 1
34885 1
34940 1
34944 1
35267 1
35283 1
35328 1
35345 1
35360 1
35428 1
35447 1
35501 1
35503 1
35538 1
35580 1
35600 1
35744 1
35758 1
35775 1
35785 1
35807 1
35813 1
35824 1
35840 1
36062 1
36082 1
36202 1
36237 1
36264 1
36279 1
36374 1
36400 1
36412 1
36443 1
36480 1
36555 2
36590 1
36656 1
36660 1
36671 1
36672 1
36706 1
36719 1
36757 1
36828 1
36864 4
36925 1
36931 1
36971 1
36976 1
36992 1
37071 1
37132 1
37145 1
37181 1
37200 1
37215 1
37456 1
37472 2
37535 2
37635 1
37785 1
37792 1
37856 1
37877 1
37984 1
38042 2
38085 1
38115 1
38120 1
38211 1
38214 1
38240 1
38252 1
38280 1
38294 1
38323 1
38375 1
38399 1
38420 1
38447 1
38518 1
38552 1
38570 1
38580 1
38600 1
38632 1
38706 1
38756 1
38791 1
39019 2
39050 1
39110 1
39152 1
39159 5
39195 1
39217 1
39248 1
39261 1
39280 1
39297 1
39316 1
39324 1
39692 1
39720 1
39744 1
39764 1
39768 1
39811 1
39877 1
39920 1
39936 2
40007 1
40127 1
40188 1
40197 1
40269 1
40304 1
40384 1
40569 1
40766 1
40816 1
40817 1
40844 1
40857 1
40940 1
40960 2
40992 1
41085 1
41136 1
41232 1
41235 1
41277 1
41315 1
41357 1
41384 1
41422 1
41456 1
41563 2
41568 1
41600 1
41645 1
41696 1
41697 1
41744 1
41777 1
41820 1
41980 1
41984 1
42026 1
42068 4
42185 1
42277 1
42296 1
42418 1
42460 1
42496 1
42535 1
42567 1
42584 1
42604 1
42688 1
42744 1
42976 1
43072 1
43136 1
43193 1
43448 1
43496 1
43545 1
43552 2
43577 1
43793 1
43864 1
44032 1
44064 1
44141 1
44182 4
44240 1
44266 1
44293 1
44387 1
44443 1
44501 1
44544 1
44546 1
44633 1
44640 2
44789 1
44800 1
44875 1
44928 1
45056 1
45123 1
45192 2
45266 1
45348 1
45438 1
45508 1
45615 1
45652 1
45664 1
45765 1
45922 1
45952 1
45962 1
46080 1
46120 1
46123 1
46171 1
46180 1
46207 1
46352 1
46463 1
46464 1
46570 1
46720 1
46824 1
46912 1
46965 1
46992 1
47104 1
47261 1
47325 1
47392 1
47474 1
47525 1
47700 1
47808 1
47830 1
47902 1
47924 1
48072 4
48128 1
48157 1
48220 1
48432 1
48603 1
48693 1
48705 1
48736 1
48806 1
48860 1
48937 1
48982 1
49021 1
49023 1
49072 1
49152 2
49191 1
49259 1
49372 1
49470 1
49498 1
49638 1
49667 1
49672 1
49871 1
49952 1
49972 1
49991 1
50004 1
50008 1
50022 1
50038 1
50053 1
50208 1
50304 1
50312 1
50360 1
50435 1
50610 1
50633 1
50772 1
50788 1
50800 43
50851 1
50956 1
50985 1
50994 1
51083 1
51131 1
51178 1
51200 1
51252 1
51305 1
51337 1
51342 1
51377 1
51385 1
51462 1
51712 1
51847 1
51867 1
51872 23
51932 1
51988 1
52049 1
52068 1
52202 1
52224 2
52255 1
52330 1
52543 1
52674 5
52684 1
52744 1
52791 1
52918 2
52926 1
53060 1
53130 1
53168 1
53244 1
53248 1
53280 1
53303 1
53420 1
53503 1
53604 1
53625 1
53632 1
53760 1
53972 1
53983 1
54046 1
54056 1
54180 1
54236 1
54272 1
54400 1
54410 1
54660 1
54701 1
54784 1
54908 1
55044 1
55064 1
55104 1
55168 2
55296 1
55428 1
55472 1
55559 1
55560 1
55620 1
55732 1
56020 1
56272 1
56336 1
56352 1
56461 1
56472 1
56931 2
57200 1
57296 1
57336 1
57344 3
57356 1
57367 1
57475 1
57632 1
57718 1
57835 1
57936 1
58033 1
58059 1
58114 1
58215 1
58288 1
58314 1
58368 2
58432 1
58473 1
58496 1
58612 1
58880 1
59102 1
59250 1
59376 1
59416 2
59420 4
59424 1
59468 1
59585 1
59673 1
59712 1
59727 1
59751 1
59767 1
59824 1
59952 1
60105 1
60163 1
60416 1
60633 1
60771 1
60928 1
61159 1
61194 1
61209 1
61248 1
61337 1
61423 1
61424 1
61648 1
61656 1
61725 1
61880 1
61952 2
61983 1
62138 1
62249 1
62441 2
62464 1
62624 1
62689 1
62808 1
62831 1
62967 1
62996 1
63015 1
63017 1
63066 1
63072 2
63266 1
63372 1
63568 2
63572 1
63730 1
63765 1
64022 1
64092 1
64274 1
64285 1
64306 1
64426 1
64444 1
64512 2
64516 1
64523 1
64544 1
64704 1
64856 1
65024 1
65182 1
65397 2
65440 1
65536 9
65692 1
65716 1
65969 1
65975 1
66080 1
66294 1
66318 1
66479 1
66560 1
66574 1
66596 1
66598 1
66600 1
66905 1
66926 1
66941 1
67036 2
67348 1
67374 1
67501 1
67616 1
67693 1
67737 1
67840 1
68098 1
68161 1
68232 1
68480 1
68512 1
68696 1
68719 2
68751 1
68773 1
68935 1
68954 1
68989 1
69035 1
69165 1
69193 1
69205 1
69362 1
69462 1
69648 1
69649 1
69783 1
69825 1
70013 2
70016 1
70112 1
70136 1
70168 2
70240 1
70395 1
70550 1
70681 1
70806 1
70848 1
71052 1
71119 1
71155 1
71168 1
71216 1
71552 1
71568 1
71648 1
71664 1
71769 1
71815 1
71880 1
71892 1
71945 1
71983 1
72032 6
72300 1
72356 1
72368 1
72480 1
72826 1
73125 1
73232 1
73296 1
73541 1
73555 1
73569 1
73660 1
73708 2
73712 1
73728 2
73744 1
73963 1
73971 1
73984 1
74018 1
74098 1
74155 1
74165 1
74166 1
74211 1
74233 1
74277 1
74280 3
74311 1
74321 1
74336 1
74352 1
74399 1
74429 1
74440 1
74470 1
74482 1
74528 1
74529 1
74556 1
74577 1
74591 1
74634 1
74636 1
74647 1
74678 1
74681 1
74710 1
74729 1
74752 2
74783 1
74947 1
75004 2
75082 1
75129 1
75141 1
75168 1
75270 1
75295 1
75409 1
75760 1
75785 1
75812 1
75827 1
76080 1
76407 1
76452 1
76480 1
76661 1
76752 2
76800 2
76855 1
76882 1
77496 1
77526 1
77705 1
77792 1
77800 1
77824 1
78172 1
78224 1
78231 1
78352 1
78376 1
78411 1
78412 1
78469 1
78564 1
78592 1
78610 1
78645 1
78756 1
78764 1
78840 1
78848 1
79140 1
79417 1
79487 1
79572 1
79640 1
79669 1
79804 1
79921 1
79923 1
80513 1
80560 1
80572 2
80588 1
80680 1
80700 1
80719 1
80735 1
81060 1
81291 1
81382 1
81544 1
81572 1
81580 1
81701 1
81920 6
82300 1
82331 1
82448 2
82516 1
82532 1
82640 1
82721 1
82770 1
82822 1
82832 1
82956 2
82976 2
83260 1
83283 1
83333 1
83456 1
83624 1
83728 1
83811 1
84032 1
84101 1
84382 1
84436 1
84562 1
84632 1
84879 1
85019 1
85057 1
85152 1
85227 1
85293 1
85382 1
85424 1
85448 1
85654 1
85715 1
85756 1
85920 1
86016 4
86124 1
86144 1
86219 1
86272 1
86300 1
86406 1
86467 1
86478 1
86504 1
86688 1
86752 1
87055 1
87424 1
87432 1
87648 1
87849 1
88241 1
88320 1
88333 1
88510 1
88553 1
88683 1
88840 1
88887 1
89088 2
89124 1
89148 1
89168 1
89248 1
89504 1
89600 2
89632 1
89740 1
89780 1
89961 1
90012 1
90112 2
90350 1
90465 1
90583 1
90719 1
90720 1
90740 1
90759 1
90827 1
91052 1
91422 1
91772 1
91893 1
91974 1
92035 1
92185 1
92192 1
92286 1
92336 1
92374 1
92525 1
92672 2
92730 1
92896 1
93184 3
93282 1
93348 1
93456 2
93699 1
93824 2
94208 1
94232 1
94719 1
94824 1
95264 1
95280 1
95321 2
95332 1
95449 1
95477 1
95719 3
95756 2
95957 1
95992 1
96192 1
96562 1
96720 1
96933 1
97017 1
97076 1
97077 1
97154 1
97232 1
97499 1
97664 1
97859 1
98110 1
98288 1
98304 5
98325 1
98528 1
98944 1
99012 1
99020 1
99145 2
99616 1
99854 1
99887 1
100014 1
100070 2
100104 1
100352 1
100590 1
100688 1
101177 1
101927 1
102208 1
102272 2
102359 1
102369 2
102400 1
102416 1
102608 1
102632 1
102680 1
102723 1
102912 1
102944 1
102958 1
103008 1
103072 1
103200 1
103237 1
103280 1
103424 1
103456 7
103620 1
103712 7
103834 1
104064 1
104112 1
104177 1
104448 1
104864 1
104960 1
105088 1
105098 1
105109 2
105248 1
105256 1
105440 1
105456 1
105462 1
105529 1
105619 1
105727 1
106496 1
106529 1
106854 1
107243 1
107312 1
107569 1
108576 1
108867 1
109140 1
109760 1
109803 1
109823 1
109832 1
110092 1
110125 1
110196 1
110235 1
110383 1
110392 1
110570 1
110624 1
110775 1
110780 1
110781 1
110811 1
111200 2
111369 1
111516 1
111636 1
112010 2
112013 1
112144 1
112844 1
112864 1
112881 1
113252 1
113447 1
113472 1
113552 1
113703 2
114059 1
114336 1
114352 1
114688 1
114872 1
115312 1
115330 1
115418 1
115454 2
115584 2
115712 1
115840 1
115894 2
115936 1
116260 1
116528 1
116624 1
116736 1
116889 1
117032 1
117285 1
117429 1
117632 1
117664 1
117699 1
118133 1
118268 1
118335 1
118480 1
118554 1
118829 1
118864 1
118959 1
118988 1
119040 1
119264 1
119582 1
119669 1
119696 1
119712 1
119715 1
119873 1
120033 1
120192 1
120560 1
120592 1
120632 1
121044 1
121166 1
121267 1
121369 1
121664 1
121672 1
121987 1
122240 1
122368 1
122427 1
122572 1
122742 2
122752 2
122798 2
122839 1
122880 1
124246 1
124285 1
124416 1
125175 1
125188 1
125276 1
125568 1
125696 1
125703 1
125873 1
126206 1
126435 1
126464 1
126752 1
126976 1
127646 1
127775 1
127832 1
127872 1
127974 1
128032 2
128192 129
128250 1
128562 1
128640 1
128884 1
128992 1
129144 1
129169 1
129498 1
129512 1
129632 16
130245 1
130266 1
130352 1
130699 1
130736 1
130886 1
130969 1
131040 1
131072 4
132169 1
133769 1
134016 1
135024 1
135259 1
135474 1
135623 1
135938 1
136042 1
136192 1
136352 1
136576 1
136695 2
136885 1
136976 1
137245 1
137392 1
138165 1
138391 1
138848 1
138912 1
139185 1
139264 2
139680 1
140384 1
140416 1
141420 1
141506 1
141662 1
141974 2
142214 1
142652 1
142670 1
142782 1
143152 1
143312 1
143344 1
143634 1
143792 1
143802 1
143836 1
144296 1
144452 1
145136 1
145244 1
145426 2
145540 2
145602 2
145839 2
146422 1
146432 2
146456 2
146468 1
146864 1
146989 1
147074 1
147453 1
147456 5
147461 1
147712 1
147808 1
148160 2
148539 1
148560 1
148911 1
149386 1
149458 2
149470 1
149504 1
149600 2
149816 1
150208 1
150596 1
151157 1
151168 1
151536 1
151644 1
151800 1
151844 1
152072 1
152212 1
152330 1
152576 1
152607 1
152700 1
152844 1
153184 1
153486 1
153646 1
154321 1
154651 2
154888 1
154946 1
155021 1
155264 1
155538 1
155648 1
157040 1
157058 1
157104 1
157376 1
157618 1
158226 1
158928 1
158964 1
159152 1
159846 2
160108 1
160136 1
160464 1
160962 1
161232 1
161246 1
162493 1
163072 1
163378 1
163760 1
163840 1
164514 1
165251 1
167429 1
167736 1
168321 1
168517 2
168956 2
168960 1
168968 1
169042 1
169692 1
169800 1
169937 1
170549 2
170730 1
171185 1
171213 1
171370 1
171373 1
171692 1
171776 1
172032 3
172400 1
172517 1
173056 1
174208 1
174468 1
174592 1
175034 1
175232 1
175923 1
175984 1
176336 1
176426 1
176640 1
176839 1
177579 1
177595 1
177600 1
178583 1
178645 2
179527 1
180334 1
180424 1
180688 1
181238 1
181408 1
181877 1
182618 1
182680 1
182910 1
183376 1
183457 1
184007 1
184276 1
184351 1
185344 1
186020 2
186050 2
186560 1
186576 1
186607 1
186741 1
186765 1
187084 1
187297 1
187392 1
187519 1
188400 1
188564 1
188965 1
189331 1
189350 1
189689 1
190206 1
190208 1
190224 1
191264 1
191334 1
191815 1
191849 1
192208 1
192519 1
192912 1
193529 1
194560 2
194601 2
194864 1
195072 2
195468 1
195584 1
196608 1
196680 1
196818 1
196896 1
197552 1
197593 1
198446 1
199733 1
199856 1
201202 1
202030 1
202512 1
202799 1
203523 1
203776 1
203792 1
205809 1
205824 1
206593 1
207185 1
207351 1
208192 1
209096 1
209300 1
209920 1
209998 2
210220 1
210464 1
210534 1
210558 1
211917 1
212264 1
212408 1
212634 1
212984 1
214242 2
214690 1
215040 1
215279 1
215619 1
216492 1
216668 1
216704 1
217016 1
217232 1
217593 1
217612 1
218297 1
219147 2
219280 1
219600 1
220139 1
220384 1
220638 1
220863 1
221184 1
221674 1
221934 1
221935 1
222362 6
223209 1
223797 3
224433 2
224475 1
224543 1
225209 1
225280 1
225963 1
226264 1
226598 1
226972 1
227138 1
227682 1
228471 1
229720 1
230770 1
231152 1
231381 1
231424 2
232173 1
233249 1
234440 1
235037 1
235226 1
235767 1
235801 1
237451 1
237568 1
238492 1
239349 1
239892 2
240692 1
240925 1
241530 1
241952 1
242815 1
242896 1
243319 1
243343 1
243854 1
244376 1
244976 1
245901 1
247351 1
249095 1
249424 1
250740 1
250955 1
250958 1
251137 1
251835 1
252291 1
253164 1
253351 2
253381 1
253479 1
253513 1
253952 1
254090 1
256032 1
256192 1
257316 1
257919 1
258560 2
259380 1
259584 1
261120 1
262227 1
262372 1
263277 1
263435 1
263933 1
264448 1
265304 1
267473 1
268032 2
268276 1
268629 1
268903 1
269546 1
269939 1
270336 2
271760 1
271898 1
273257 2
273432 1
274511 1
275420 1
276258 1
276451 1
277285 1
279347 1
279352 1
279370 1
280092 1
280948 1
281433 1
282544 1
282987 1
284476 1
285696 1
286720 1
287352 1
287572 1
287840 1
287891 1
288611 1
289594 1
292112 1
292367 1
292900 2
294558 1
295060 1
296268 1
296292 1
296960 1
297500 1
297648 1
298039 1
299089 1
299108 1
299708 1
300687 1
303079 1
304964 3
306804 1
306972 1
309376 1
310219 1
311296 2
311757 1
311808 1
312297 1
312848 1
313747 1
315806 1
316129 1
316645 1
317109 1
317734 1
318391 1
318582 1
318721 1
318847 1
319292 1
319947 1
320072 1
321770 1
322620 2
322856 1
323484 1
323888 2
327092 1
327680 2
328470 1
328632 1
330123 1
331088 1
331236 2
332125 1
334512 1
334782 1
335629 1
335872 2
336011 1
338761 1
340696 1
343593 1
345672 1
348284 1
349100 1
353468 1
355328 1
356206 1
357562 1
357937 1
359004 1
360841 1
362684 1
363361 1
366611 1
366733 1
368400 1
369167 1
369392 2
371008 1
372560 1
372754 1
373467 1
373874 2
376816 1
376988 1
380910 1
381067 1
382076 1
383549 1
385536 1
385550 1
389703 1
391408 1
392734 2
394035 1
397560 1
398406 1
400924 1
401428 1
408896 1
409600 2
410850 1
411779 1
412175 1
418500 1
418828 1
419144 1
419477 1
422996 1
423385 1
423392 1
424670 2
425002 1
425984 2
427157 1
428032 1
434176 1
434225 1
437308 1
437787 1
438148 1
442368 1
443760 1
450560 1
451288 2
452318 1
453896 1
453986 1
455223 1
458342 1
460292 1
464018 1
467896 1
470407 1
472214 1
472530 1
477170 1
477528 2
478700 1
482744 1
483328 1
485485 1
486360 1
487000 1
487462 2
493946 1
495054 1
495147 1
497432 1
498126 1
503029 1
504426 1
505850 1
506675 1
511082 1
513323 1
514459 1
516096 1
518289 1
523550 1
524288 1
528800 1
529912 1
530419 1
532480 1
536999 1
537828 1
540741 1
541696 1
543308 1
544473 1
546827 1
550912 2
552652 1
554274 1
556622 1
558926 1
559616 1
561228 1
561232 1
561504 1
563749 1
563959 1
565370 1
569289 1
569344 1
572185 1
573440 2
574256 1
574466 1
574626 1
575387 1
581084 1
582666 1
592334 1
594310 1
597283 1
598016 1
598175 1
608651 1
613563 1
615556 1
619300 1
623712 1
624074 1
625980 1
628465 1
631499 1
633830 1
635342 1
636913 1
640224 1
648662 1
656544 2
657413 1
658490 1
675138 1
675396 1
683333 1
687378 1
693540 1
693727 1
695254 1
697308 1
697353 1
697469 1
698103 1
700206 1
701846 1
701968 1
702654 1
706511 1
707951 1
711194 1
712630 1
716298 1
725596 1
732159 1
736618 1
737280 1
743356 1
746346 1
749644 1
751050 1
752288 1
757190 1
764097 1
767677 1
768462 3
769904 1
770205 1
780618 1
780688 1
788728 1
788946 1
798642 1
805438 1
811537 1
815006 1
825291 1
835584 1
841017 1
843059 1
852326 1
856124 1
857559 1
865742 1
870362 1
889743 1
892486 1
892500 1
893722 1
894233 1
898513 1
908334 1
909312 1
909950 1
912283 1
913780 1
923212 1
926834 1
933478 1
946097 1
946782 1
947420 1
949297 1
950270 1
951470 1
957521 1
958298 1
962854 1
963530 1
967310 1
979129 1
979881 1
983475 1
990896 1
996065 1
996444 1
999017 1
999668 1
1002691 1
1008187 1
1008577 1
1010646 1
1019256 1
1037426 1
1040384 1
1041733 1
1044674 1
1048576 1
1056768 1
1064960 2
1081344 2
1084398 1
1089536 1
1099122 1
1101650 1
1155072 1
1169047 1
1171456 1
1187949 1
1216102 1
1247668 1
1265664 1
1269760 1
1270683 1
1273024 1
1277434 1
1285442 1
1289479 1
1296200 1
1323822 1
1325489 1
1335370 1
1345536 3
1358166 1
1424360 1
1440768 1
1474560 2
1482752 1
1502202 1
1531904 1
1540366 1
1584694 1
1623378 1
1630208 1
1661728 1
1691768 1
1744896 1
1745258 1
1761311 1
1777999 1
1820122 1
1863092 1
1871642 1
1874432 3
1883826 1
1925861 1
1956301 1
1993216 1
1995862 1
2012052 1
2027554 1
2072774 1
2111622 1
2150318 1
2182112 1
2235198 1
2292265 1
2296079 1
2331648 1
2343702 1
2455787 1
2559154 1
2580480 1
2607303 1
2740736 1
2748952 1
2918528 1
2994464 1
3064320 1
3113454 1
3137551 1
3156628 1
3419631 1
3440640 1
3592781 1
4116441 1
4147232 1
4239532 1
4261866 1
4378882 1
4616935 1
4777531 2
4777610 1
4833396 1
5373952 1
5416960 1
5737623 1
5999648 1
6454098 1
6512079 1
6572106 1
6859686 1
6996368 1
8218640 1
8897024 1
10072064 1
10075615 1
13804747 1
13885757 1
14713017 1
18394976 1
20430848 1
20897792 1
20971520 1
46603551 1
64038702 1
