0 7
3 1
5 1
11 1
14 7
20 1
21 1
24 1
26 1
29 2
34 4
39 2
40 2
41 2
43 1
50 1
56 3
61 2
67 1
75 2
76 4
80 2
89 1
90 1
92 1
101 1
106 2
112 1
117 1
118 2
119 1
124 1
125 1
129 3
130 1
131 1
135 2
136 1
140 1
142 2
146 2
148 1
150 1
153 1
158 1
161 2
162 2
167 4
169 1
172 1
173 1
174 2
177 2
184 2
186 1
188 1
189 2
194 4
198 1
205 1
217 1
219 1
221 3
222 3
224 2
230 1
231 1
232 3
235 3
238 1
243 1
244 1
245 1
248 1
249 1
251 1
253 1
256 1
257 1
262 1
263 1
265 1
266 8
268 2
269 10
270 1
272 5
273 1
275 1
276 3
278 1
279 2
281 1
282 1
283 1
284 2
285 2
287 3
290 3
291 1
293 1
295 2
300 1
308 1
311 4
314 2
317 2
320 1
322 1
323 5
325 1
326 2
330 2
340 3
341 1
348 2
355 2
356 2
358 1
367 3
371 1
375 1
379 1
381 1
384 1
385 1
388 1
391 1
398 2
407 1
408 1
415 1
416 1
424 1
429 1
438 1
439 2
447 1
449 1
450 1
451 1
452 1
453 1
455 2
456 3
457 2
458 4
460 1
476 6
477 1
479 1
484 1
485 1
486 5
488 1
497 3
499 1
500 1
510 1
512 934
517 1
519 1
520 2
521 1
526 1
528 1
532 2
538 1
544 1
548 2
562 1
573 1
574 1
575 2
576 2
585 1
589 1
591 1
598 1
604 1
606 1
608 2
622 7
624 1
634 1
638 1
642 1
643 1
644 1
648 1
652 4
653 1
658 1
666 2
669 1
671 1
672 2
677 1
678 1
679 1
681 2
683 1
684 2
685 1
686 1
689 1
692 2
693 5
695 1
696 4
698 1
702 1
703 2
704 2
705 1
707 1
709 1
711 1
712 1
713 1
717 2
720 1
722 1
723 1
725 1
727 1
729 1
732 1
734 1
739 3
742 1
747 4
748 1
750 1
751 1
753 1
754 1
755 1
757 1
759 2
760 1
763 1
764 1
766 1
767 1
768 2
769 1
770 3
771 4
775 2
780 3
784 2
787 2
793 1
796 1
797 1
800 5
801 1
802 1
803 1
804 8
805 2
807 1
808 1
810 1
813 1
814 1
815 3
816 2
819 1
821 1
823 1
827 1
829 1
838 2
840 1
842 1
844 2
845 1
847 1
848 3
849 1
851 1
852 1
854 1
855 1
856 2
858 1
860 1
865 2
866 1
868 2
870 2
872 1
873 1
876 1
880 1
881 1
885 1
889 2
891 2
894 1
901 1
902 1
903 1
904 1
909 1
910 1
913 1
917 1
925 2
928 2
945 1
949 2
950 2
951 1
952 1
955 1
956 2
960 5
965 1
984 1
985 2
988 3
992 3
993 2
994 1
996 2
997 1
1001 1
1002 1
1003 2
1004 2
1005 1
1011 1
1012 1
1015 1
1018 2
1024 20
1026 1
1027 2
1030 1
1033 1
1034 2
1035 1
1039 1
1043 1
1044 1
1046 1
1048 2
1051 2
1052 2
1054 1
1058 1
1062 2
1064 1
1068 3
1070 1
1072 2
1074 1
1076 1
1079 1
1082 1
1085 1
1086 1
1087 1
1088 1
1089 1
1090 1
1099 1
1100 2
1101 1
1102 1
1103 1
1104 1
1106 1
1111 1
1115 3
1121 1
1123 1
1124 1
1130 2
1132 3
1134 2
1141 1
1142 3
1143 1
1144 2
1147 1
1153 1
1154 6
1155 1
1161 1
1164 1
1166 1
1167 1
1168 1
1170 2
1172 1
1176 2
1178 1
1179 1
1180 1
1181 1
1185 1
1186 2
1189 1
1195 1
1196 1
1198 2
1207 1
1209 2
1212 1
1218 1
1224 3
1226 1
1239 1
1241 2
1242 1
1247 1
1250 1
1253 2
1255 1
1256 1
1259 1
1261 1
1264 3
1267 2
1280 3
1281 1
1282 2
1286 1
1287 1
1288 1
1292 1
1293 1
1301 1
1302 1
1304 3
1307 1
1309 1
1310 1
1311 1
1312 1
1315 1
1318 1
1323 1
1324 2
1326 1
1327 2
1329 2
1332 1
1334 1
1337 2
1339 1
1340 1
1343 1
1344 1
1345 1
1346 1
1347 1
1349 1
1355 1
1359 1
1363 1
1364 2
1365 1
1367 2
1373 1
1374 1
1378 1
1384 2
1393 1
1394 1
1396 1
1404 2
1406 1
1407 5
1408 1
1411 2
1413 1
1416 1
1418 1
1419 1
1423 1
1424 1
1427 2
1431 2
1433 2
1436 1
1447 3
1448 2
1453 1
1454 1
1455 1
1456 1
1457 1
1460 1
1462 1
1476 1
1477 2
1480 1
1481 2
1485 1
1491 1
1492 1
1494 1
1495 1
1499 1
1500 1
1502 1
1504 2
1505 1
1507 2
1508 2
1510 1
1514 1
1529 1
1535 1
1536 14
1544 1
1548 2
1549 1
1550 1
1552 2
1553 1
1555 2
1563 1
1568 1
1569 1
1571 1
1574 1
1576 1
1579 2
1580 1
1582 1
1584 1
1585 1
1586 2
1587 1
1596 1
1597 1
1601 2
1602 1
1611 1
1613 1
1615 1
1620 1
1621 1
1625 2
1626 1
1627 1
1636 1
1641 16
1643 2
1644 1
1645 1
1646 1
1651 1
1655 2
1656 1
1657 1
1658 1
1661 2
1668 1
1671 3
1673 1
1682 1
1683 1
1688 1
1690 1
1691 2
1693 1
1695 1
1704 1
1705 1
1707 1
1711 2
1716 1
1725 1
1733 1
1738 1
1739 1
1743 1
1748 2
1751 1
1752 2
1754 1
1763 2
1765 2
1770 3
1775 1
1777 1
1785 2
1786 1
1792 2
1799 1
1806 1
1807 1
1808 1
1809 1
1812 1
1813 1
1814 1
1817 1
1820 1
1821 1
1823 1
1824 1
1826 1
1827 1
1829 1
1830 1
1831 1
1832 2
1833 1
1835 1
1848 1
1850 1
1854 1
1857 2
1860 2
1861 1
1863 1
1865 1
1869 2
1871 2
1872 3
1879 1
1880 1
1882 1
1884 1
1891 1
1893 2
1901 2
1903 1
1910 2
1918 1
1923 1
1924 1
1925 1
1927 3
1931 1
1932 3
1933 2
1935 1
1941 1
1947 1
1948 2
1952 1
1956 1
1959 4
1960 2
1961 1
1969 1
1971 1
1975 1
1976 1
1977 1
1980 2
1988 1
1992 1
1993 1
1996 2
1997 3
2000 1
2002 1
2027 1
2028 1
2033 1
2035 2
2036 2
2038 1
2044 1
2048 3
2064 1
2066 1
2070 1
2074 1
2075 1
2077 1
2081 1
2087 2
2091 2
2092 1
2098 1
2104 1
2112 1
2113 2
2119 1
2120 1
2121 1
2130 1
2135 1
2137 1
2139 1
2142 1
2143 1
2151 4
2158 1
2160 1
2162 1
2165 1
2169 1
2188 1
2190 15
2191 1
2197 1
2205 6
2206 1
2214 2
2215 2
2216 2
2219 1
2226 1
2227 1
2243 1
2244 1
2245 1
2251 1
2252 2
2256 2
2263 2
2265 1
2266 2
2268 1
2271 2
2272 1
2277 1
2283 1
2284 3
2286 2
2295 1
2297 1
2298 2
2300 1
2301 3
2304 4
2305 1
2310 1
2311 1
2322 1
2325 1
2326 1
2328 1
2335 2
2336 1
2338 1
2346 1
2351 2
2361 1
2362 1
2364 3
2366 1
2367 1
2371 1
2380 2
2387 1
2391 1
2392 3
2394 1
2396 1
2403 2
2405 1
2408 2
2410 2
2412 1
2413 1
2414 1
2418 1
2419 1
2436 2
2437 1
2443 2
2449 2
2452 1
2457 1
2464 1
2468 1
2473 1
2475 3
2478 1
2486 1
2498 1
2500 1
2503 1
2506 1
2510 2
2515 8
2517 1
2520 1
2523 1
2525 2
2528 1
2531 1
2534 1
2537 1
2542 1
2543 1
2544 3
2546 1
2550 1
2556 2
2560 3
2564 2
2570 1
2576 1
2577 1
2578 1
2582 4
2586 1
2589 1
2591 1
2594 1
2597 2
2601 2
2602 1
2604 2
2605 1
2614 1
2626 1
2633 1
2635 2
2638 1
2639 1
2642 1
2644 2
2645 1
2646 1
2647 1
2660 1
2666 3
2672 1
2675 6
2676 1
2681 1
2682 3
2686 1
2698 1
2705 1
2715 1
2716 1
2729 1
2734 2
2749 1
2750 1
2756 2
2757 2
2760 1
2761 2
2765 1
2767 1
2770 1
2776 2
2778 1
2780 2
2783 1
2793 1
2795 2
2801 2
2804 1
2808 3
2815 1
2818 1
2820 1
2821 2
2829 1
2847 1
2848 2
2851 1
2852 1
2853 1
2855 1
2865 1
2867 1
2869 1
2884 1
2887 1
2894 1
2896 2
2903 2
2906 1
2913 1
2916 1
2923 1
2924 2
2926 1
2927 2
2928 1
2931 1
2934 3
2936 1
2937 1
2938 2
2941 1
2942 2
2958 1
2962 1
2966 2
2968 1
2972 2
2973 1
2976 2
2980 2
2987 1
2989 1
2990 1
2992 1
2995 1
3001 2
3009 1
3011 1
3017 1
3020 1
3022 1
3023 4
3024 1
3030 2
3031 1
3035 2
3036 14
3043 1
3044 1
3050 1
3066 1
3069 1
3071 1
3072 8
3073 2
3074 1
3076 10
3077 3
3081 2
3082 1
3083 1
3093 1
3099 2
3104 1
3112 1
3117 1
3126 1
3131 1
3138 1
3144 1
3145 1
3150 1
3154 1
3164 1
3165 1
3167 1
3171 1
3183 1
3191 1
3197 1
3200 1
3225 1
3229 1
3231 2
3236 1
3239 1
3241 1
3250 1
3253 1
3256 1
3258 1
3265 1
3267 1
3268 5
3272 1
3275 1
3278 1
3280 1
3283 1
3284 1
3288 1
3303 1
3311 1
3313 1
3324 1
3330 1
3336 1
3342 1
3345 1
3366 1
3367 1
3368 1
3371 1
3389 1
3397 1
3401 1
3407 1
3419 4
3428 1
3433 1
3442 1
3445 1
3454 1
3462 1
3463 1
3472 3
3489 1
3492 1
3499 2
3507 1
3508 1
3510 1
3513 1
3518 1
3530 1
3539 2
3540 1
3555 1
3557 1
3572 1
3579 1
3584 1
3585 1
3592 1
3598 1
3600 1
3602 1
3604 1
3606 1
3607 1
3612 2
3641 1
3659 2
3660 2
3666 1
3689 1
3693 1
3699 1
3709 1
3712 1
3713 1
3726 2
3735 2
3744 1
3752 1
3756 1
3761 2
3768 1
3769 1
3781 1
3790 1
3841 8
3851 1
3852 10
3859 1
3860 5
3872 1
3879 1
3882 1
3885 2
3886 1
3888 1
3890 2
3892 3
3894 2
3895 1
3896 2
3899 3
3908 2
3912 1
3913 1
3916 1
3920 1
3943 1
3944 1
3945 1
3948 1
3952 1
3992 1
4002 4
4015 1
4036 1
4040 1
4043 7
4050 1
4053 1
4064 6
4066 1
4069 1
4098 1
4105 1
4109 1
4113 1
4114 6
4116 1
4118 1
4124 2
4126 1
4127 1
4133 1
4136 1
4139 2
4140 1
4143 1
4147 1
4151 1
4154 2
4176 1
4186 1
4192 6
4193 1
4195 1
4199 1
4201 1
4202 2
4228 2
4244 1
4252 5
4254 1
4269 1
4282 1
4288 1
4292 1
4303 1
4329 1
4331 2
4347 2
4354 1
4366 1
4376 1
4379 1
4384 2
4386 1
4387 1
4396 1
4417 1
4428 4
4442 1
4451 2
4452 1
4454 1
4456 1
4459 1
4460 2
4470 2
4475 1
4479 4
4481 1
4487 1
4488 1
4492 1
4494 1
4507 1
4519 1
4524 1
4545 1
4549 8
4551 1
4561 1
4567 1
4576 1
4580 2
4582 1
4590 4
4594 1
4604 1
4623 1
4631 2
4652 1
4659 1
4660 1
4691 1
4692 1
4693 1
4696 3
4698 3
4703 1
4722 1
4741 1
4756 1
4765 1
4766 1
4777 1
4778 1
4789 1
4792 1
4795 1
4800 1
4804 6
4812 1
4824 1
4836 1
4839 1
4841 3
4850 1
4860 1
4868 1
4876 1
4880 1
4882 1
4884 2
4886 1
4887 1
4891 1
4896 1
4900 2
4906 1
4910 1
4911 1
4917 1
4928 1
4933 1
4935 1
4968 1
4982 5
4991 1
4995 2
5003 1
5006 1
5042 1
5050 1
5077 1
5089 1
5096 12
5099 1
5118 1
5121 2
5128 1
5130 4
5138 1
5184 1
5202 1
5203 1
5206 1
5217 1
5238 1
5243 2
5254 2
5263 1
5265 3
5266 1
5268 4
5271 5
5291 1
5294 1
5295 1
5298 2
5299 1
5306 1
5308 1
5330 1
5331 1
5342 1
5344 1
5348 1
5354 1
5362 2
5381 1
5384 1
5400 1
5401 1
5402 1
5416 1
5423 6
5429 1
5436 1
5442 1
5459 1
5465 1
5469 1
5476 2
5485 2
5492 1
5495 1
5499 1
5508 1
5509 1
5520 1
5524 1
5534 1
5555 1
5556 1
5562 1
5588 1
5594 1
5604 1
5624 1
5627 1
5657 1
5665 1
5679 1
5689 2
5695 1
5696 1
5712 1
5716 1
5721 1
5723 2
5727 1
5732 1
5735 1
5747 1
5750 1
5760 12
5764 2
5765 1
5768 1
5778 1
5783 1
5804 1
5811 1
5816 2
5830 2
5836 2
5844 1
5847 1
5854 1
5863 1
5864 2
5867 1
5874 2
5883 3
5884 1
5888 1
5892 1
5906 1
5907 1
5912 2
5917 1
5919 1
5926 2
5931 2
5933 1
5934 1
5936 1
5940 1
5948 1
5957 1
5975 2
5981 1
5988 1
5999 1
6010 1
6015 1
6016 6
6017 1
6026 1
6029 1
6041 1
6042 1
6059 1
6066 5
6071 1
6081 1
6082 1
6094 1
6095 1
6106 2
6109 1
6113 1
6117 1
6124 1
6125 1
6134 1
6143 1
6144 2
6161 1
6164 1
6171 1
6179 1
6188 1
6191 1
6192 1
6200 1
6202 1
6203 1
6220 1
6232 1
6242 1
6247 1
6263 1
6268 1
6269 1
6285 1
6290 1
6312 3
6313 1
6320 1
6335 1
6342 1
6349 1
6355 1
6359 2
6360 1
6378 2
6379 1
6380 1
6388 1
6416 1
6430 1
6439 1
6445 1
6492 1
6503 1
6504 4
6520 2
6530 2
6536 1
6546 1
6555 1
6556 1
6566 1
6595 1
6616 1
6617 1
6660 1
6662 2
6665 1
6669 1
6680 1
6682 1
6684 1
6686 1
6695 1
6728 1
6737 6
6749 4
6750 1
6758 1
6781 1
6788 1
6796 1
6798 1
6801 2
6820 1
6825 1
6827 1
6841 1
6845 1
6860 1
6863 1
6864 1
6889 1
6900 21
6902 1
6926 1
6928 1
6959 1
6988 1
7006 1
7016 1
7020 1
7029 2
7056 3
7083 1
7085 2
7091 1
7099 1
7101 1
7110 1
7116 1
7124 1
7136 1
7145 1
7160 2
7166 2
7185 1
7191 1
7193 1
7220 1
7224 1
7226 1
7233 1
7246 1
7253 1
7263 1
7279 1
7288 1
7292 3
7299 1
7301 1
7309 1
7338 1
7341 1
7360 1
7368 8
7372 1
7385 1
7386 1
7389 1
7392 1
7413 1
7435 1
7448 1
7459 1
7461 2
7466 2
7469 1
7480 1
7486 1
7496 1
7547 2
7548 2
7560 2
7564 1
7585 1
7590 1
7596 1
7610 1
7613 1
7629 1
7635 1
7637 1
7643 1
7651 1
7654 1
7680 3
7688 1
7689 1
7691 1
7692 1
7693 1
7703 1
7712 1
7735 1
7738 1
7739 1
7748 1
7749 1
7756 1
7757 2
7762 1
7767 1
7774 1
7784 1
7805 1
7806 1
7807 1
7816 1
7820 1
7830 1
7837 1
7853 1
7856 1
7896 1
7907 1
7910 2
7917 1
7920 3
7935 1
7952 1
7956 2
7970 1
7976 1
7982 1
7995 1
7996 4
8002 1
8020 1
8025 1
8032 2
8034 3
8042 1
8056 1
8068 1
8073 1
8097 1
8100 1
8102 1
8103 1
8108 3
8112 12
8121 1
8156 2
8182 1
8184 1
8192 1
8196 2
8207 1
8220 2
8235 1
8238 1
8266 1
8283 1
8284 1
8285 2
8286 1
8292 2
8302 1
8314 1
8315 1
8316 3
8360 1
8368 4
8390 2
8408 1
8410 1
8414 1
8421 1
8425 2
8428 1
8431 2
8448 2
8452 1
8459 1
8469 1
8481 1
8517 1
8550 1
8555 1
8558 1
8568 2
8570 1
8572 1
8594 1
8618 1
8644 1
8658 1
8663 1
8668 1
8682 2
8691 1
8705 2
8719 1
8742 1
8756 1
8757 1
8764 1
8773 1
8774 1
8782 1
8784 2
8790 1
8796 1
8798 1
8800 1
8833 1
8845 1
8855 1
8859 1
8862 1
8864 1
8892 1
8894 1
8907 1
8944 1
8946 2
8983 2
8988 1
9021 1
9030 1
9032 1
9041 1
9042 1
9054 1
9059 1
9068 1
9082 1
9083 1
9086 1
9094 4
9109 1
9122 1
9132 1
9138 1
9159 1
9165 1
9180 1
9209 1
9216 3
9227 1
9232 1
9258 1
9280 1
9282 1
9284 1
9296 1
9299 1
9300 11
9302 1
9312 2
9315 1
9324 1
9325 1
9367 1
9417 2
9439 2
9469 1
9472 2
9480 1
9488 1
9493 1
9505 1
9519 1
9535 1
9543 2
9568 1
9571 1
9575 2
9589 1
9591 1
9632 1
9643 1
9659 1
9662 1
9681 1
9686 1
9691 1
9752 1
9755 1
9765 1
9768 1
9769 1
9780 1
9783 1
9798 1
9799 1
9827 1
9830 1
9847 1
9853 1
9858 1
9889 1
9909 1
9915 1
9916 1
9919 1
9924 1
9943 1
9969 1
9970 1
9979 1
9991 1
10027 2
10031 1
10033 1
10048 1
10051 1
10067 1
10095 1
10106 2
10107 1
10118 1
10122 1
10123 2
10137 2
10149 1
10150 1
10183 1
10204 1
10217 1
10240 2
10247 2
10255 1
10287 1
10304 4
10313 1
10314 1
10322 1
10332 1
10347 1
10354 1
10379 1
10381 1
10402 2
10416 1
10417 1
10421 1
10449 2
10475 1
10482 1
10485 1
10501 1
10512 1
10542 3
10543 1
10544 1
10553 3
10559 1
10560 5
10563 1
10571 2
10607 1
10610 1
10612 2
10620 1
10623 1
10636 1
10659 1
10688 1
10704 1
10738 1
10744 1
10752 2
10772 2
10775 2
10778 1
10784 2
10788 1
10795 2
10796 1
10835 1
10860 2
10906 4
10913 1
10914 2
10919 1
10963 1
10973 1
10999 1
11000 1
11007 1
11012 1
11014 1
11028 2
11034 1
11036 2
11068 2
11069 1
11072 1
11076 2
11098 1
11103 1
11108 1
11109 14
11123 1
11124 3
11125 1
11128 1
11172 1
11191 2
11196 4
11212 1
11239 2
11249 1
11264 3
11272 1
11284 1
11286 1
11317 1
11324 8
11329 6
11340 6
11355 1
11361 1
11363 1
11367 1
11376 1
11381 1
11384 1
11393 1
11400 1
11406 1
11416 2
11428 6
11433 1
11447 1
11450 1
11455 1
11458 2
11469 1
11487 1
11509 2
11517 1
11534 4
11547 1
11550 1
11614 1
11678 1
11687 1
11708 3
11710 2
11713 1
11727 1
11734 2
11735 1
11737 1
11762 1
11766 1
11782 1
11807 1
11821 1
11828 8
11834 1
11841 1
11842 1
11851 1
11853 4
11858 1
11860 3
11883 1
11887 2
11894 1
11903 1
11916 2
11966 2
11976 1
11988 1
11992 1
12020 1
12032 2
12037 1
12043 2
12131 1
12146 4
12151 3
12154 4
12163 1
12165 1
12174 4
12180 1
12216 1
12226 1
12237 1
12242 2
12255 1
12258 1
12269 1
12281 1
12314 1
12318 1
12319 2
12324 2
12335 1
12338 1
12340 1
12341 1
12385 1
12412 1
12415 2
12435 1
12444 1
12448 4
12453 1
12479 1
12480 1
12524 4
12540 1
12543 1
12548 1
12551 1
12553 1
12554 1
12584 1
12591 1
12623 1
12648 4
12663 1
12696 1
12709 1
12737 1
12744 1
12752 1
12763 2
12806 1
12925 5
12938 1
12945 1
12949 1
12952 1
13020 1
13028 1
13084 1
13086 1
13104 2
13112 2
13143 1
13148 1
13168 1
13170 1
13177 1
13212 1
13216 1
13241 2
13284 2
13308 1
13324 3
13360 1
13366 1
13410 1
13444 1
13447 1
13554 1
13560 1
13565 1
13578 1
13586 1
13608 1
13618 4
13624 1
13648 1
13687 1
13688 2
13713 1
13718 1
13727 1
13732 2
13733 1
13842 1
13893 1
13900 1
13934 1
13955 1
13991 4
14005 1
14017 2
14037 1
14062 1
14110 1
14139 2
14159 1
14168 1
14196 1
14204 1
14213 1
14246 1
14264 2
14312 1
14336 3
14391 1
14395 1
14422 1
14429 1
14465 2
14496 2
14535 1
14555 1
14571 1
14573 1
14579 2
14612 12
14699 1
14739 1
14774 1
14795 1
14814 1
14859 1
14868 1
14891 1
14902 2
14933 1
14993 1
14995 1
15004 2
15054 1
15063 1
15068 1
15081 2
15083 1
15179 1
15181 1
15194 1
15202 1
15235 1
15241 1
15246 2
15249 1
15311 1
15374 1
15385 2
15393 6
15418 1
15439 2
15452 1
15455 2
15481 1
15560 1
15568 5
15650 1
15660 4
15680 3
15716 1
15754 1
15812 1
15852 2
15863 3
15872 2
15967 1
15989 1
16013 1
16025 1
16093 1
16096 1
16114 1
16146 2
16154 1
16197 1
16254 1
16258 1
16272 2
16277 1
16298 1
16330 1
16362 1
16372 1
16384 2
16440 2
16488 1
16493 1
16539 1
16540 4
16546 4
16551 2
16556 5
16590 3
16624 1
16634 1
16661 1
16692 1
16697 1
16715 1
16722 2
16728 1
16736 2
16747 1
16763 1
16766 1
16771 1
16822 1
16861 1
16880 1
16889 1
17038 1
17047 1
17105 2
17117 1
17154 2
17235 2
17266 1
17284 1
17300 2
17324 1
17446 1
17479 1
17522 1
17549 1
17637 1
17673 1
17821 1
17829 1
18005 1
18029 1
18115 1
18117 1
18169 1
18178 3
18192 1
18271 2
18308 2
18416 2
18423 1
18428 2
18432 1
18452 1
18469 1
18513 1
18528 4
18541 1
18662 1
18664 1
18673 1
18717 2
18730 1
18853 1
18900 8
18917 1
18948 1
18983 1
18985 1
18991 1
19027 1
19048 1
19062 1
19070 1
19072 1
19090 1
19094 1
19139 1
19198 1
19211 1
19231 1
19240 1
19277 1
19282 1
19301 1
19334 2
19365 1
19368 1
19456 1
19460 1
19478 1
19479 2
19520 1
19530 1
19595 2
19606 1
19608 1
19612 2
19625 2
19644 2
19723 1
19796 1
19807 4
19830 1
19908 1
19937 1
19946 1
19958 1
20058 1
20071 1
20222 1
20242 2
20272 1
20298 1
20363 1
20469 2
20547 1
20571 1
20672 2
20715 1
20786 1
20797 1
20854 2
20877 1
20892 1
20900 1
20922 1
20925 1
20946 2
20963 1
20972 1
21027 1
21060 1
21200 1
21356 1
21374 2
21392 1
21495 1
21504 1
21506 1
21652 1
21734 1
21754 1
21813 1
21850 1
21906 1
21915 1
21937 1
21943 1
21964 1
21988 1
22052 2
22112 1
22128 1
22167 1
22172 1
22201 1
22217 3
22245 2
22260 1
22331 2
22424 1
22458 1
22468 1
22488 1
22496 1
22506 1
22516 1
22528 2
22614 1
22620 1
22626 1
22756 1
22860 1
23019 1
23070 2
23077 2
23165 1
23178 1
23286 1
23310 1
23357 1
23364 2
23395 1
23404 1
23405 1
23424 1
23480 2
23531 1
23544 3
23552 2
23587 1
23588 2
23645 1
23648 1
23669 1
23680 2
23738 1
23742 1
23832 1
23836 1
23852 1
23918 1
23980 1
24032 1
24049 1
24055 1
24087 1
24160 1
24261 1
24296 1
24350 8
24372 1
24387 1
24408 1
24426 1
24443 1
24492 1
24502 1
24512 1
24530 1
24536 1
24547 1
24576 26
24590 1
24649 1
24665 1
24768 2
24880 1
24908 1
24939 1
25012 1
25027 1
25080 1
25120 1
25246 1
25274 1
25346 1
25360 2
25386 1
25429 1
25532 1
25551 1
25571 1
25600 3
25641 1
25665 1
25674 1
25881 2
25884 1
25892 1
25902 2
25944 1
25965 3
25998 1
26008 1
26087 1
26126 1
26133 1
26276 1
26363 1
26383 1
26388 1
26403 3
26408 1
26419 2
26472 1
26624 1
26658 1
26719 1
26834 1
26880 2
27003 2
27053 1
27071 1
27080 1
27254 1
27424 1
27475 1
27575 1
27592 1
27630 1
27707 1
27734 1
27854 1
27912 1
27948 1
27960 1
27992 1
28004 1
28012 1
28028 1
28032 2
28035 1
28036 1
28044 1
28052 2
28060 2
28148 1
28423 1
28437 1
28505 1
28737 1
28762 1
28775 1
28831 1
28928 2
28951 1
29148 1
29179 1
29213 1
29219 1
29309 1
29338 1
29432 14
29523 1
29531 1
29737 1
29773 2
29824 1
29843 1
29851 1
29859 1
29868 1
29882 2
29907 1
30049 1
30053 5
30152 1
30158 1
30167 1
30185 1
30220 1
30241 3
30250 1
30297 2
30319 1
30328 1
30398 1
30522 1
30556 1
30580 2
30588 2
30625 1
30720 1
30752 2
30769 1
30850 1
30856 1
30902 1
30940 1
30980 1
31125 1
31170 1
31172 1
31174 1
31183 1
31222 1
31341 1
31374 1
31392 1
31468 1
31480 1
31516 1
31551 1
31557 1
31595 1
31609 1
31618 1
31626 1
31681 1
31728 1
31887 1
31918 1
31923 1
31924 1
31956 2
31993 1
31999 1
32016 2
32032 12
32041 1
32108 1
32142 1
32164 1
32310 1
32312 2
32315 1
32325 1
32369 1
32402 1
32454 1
32553 1
32560 1
32564 3
32768 71
32868 1
32960 1
33016 1
33058 1
33123 1
33323 1
33335 1
33429 1
33497 1
33659 1
33720 1
33728 1
33749 1
33792 1
33882 1
33895 1
33906 1
33926 1
33988 1
34186 1
34226 1
34279 1
34285 1
34313 1
34352 1
34362 2
34393 1
34403 1
34467 1
34645 2
34658 1
34677 1
34812 1
34827 1
34873 1
34916 2
35021 1
35203 2
35210 1
35221 1
35302 1
35304 1
35312 1
35358 1
35560 1
35748 2
35763 1
35765 1
35862 1
35930 1
35947 1
36036 1
36062 1
36153 1
36169 1
36555 1
36656 1
36672 1
36733 1
36743 1
36821 1
36920 1
36987 1
37031 1
37038 1
37308 1
37381 1
37384 1
37545 1
37983 1
37984 1
38068 1
38072 14
38114 13
38214 1
38280 1
38403 1
38451 1
38524 2
38600 1
38706 1
38709 1
38835 1
38912 1
38932 1
39052 2
39132 1
39215 1
39217 1
39276 1
39289 1
39405 1
39445 1
39449 1
39485 1
39509 1
39630 1
39650 1
39756 2
39836 1
39877 1
40308 1
40340 1
40396 1
40528 1
40559 1
40560 1
40719 2
40736 1
40804 1
40833 1
40960 9
41082 1
41104 2
41134 1
41140 1
41384 1
41566 5
41598 3
41696 1
41789 1
41805 1
41820 1
41843 1
41959 1
41984 1
42045 1
42055 1
42099 3
42127 1
42181 1
42268 1
42321 1
42361 2
42451 1
42490 1
42520 1
42566 1
43008 4
43146 2
43182 1
43246 1
43326 2
43441 1
43882 1
44043 1
44066 1
44072 1
44102 1
44555 1
44609 1
44624 1
44633 1
44725 1
44746 1
44875 1
45020 2
45056 1
45138 1
45192 1
45250 1
45351 1
45352 1
45438 1
45754 1
45780 1
45890 1
45962 1
46080 1
46122 2
46123 1
46187 1
46553 1
46666 3
46741 1
46822 1
46890 1
47246 2
47275 1
47325 1
47712 1
47743 1
47838 1
47862 1
48129 1
48131 1
48398 1
48525 1
48530 1
48628 1
48789 1
49032 2
49146 1
49152 17
49236 1
49290 1
49376 1
49473 1
49498 1
49676 1
49725 1
49824 1
50004 1
50053 1
50073 1
50772 1
50851 1
50985 1
51038 1
51131 1
51290 1
51342 1
51367 1
51385 1
51756 1
51867 1
51872 1
52224 1
52421 1
52432 1
52641 1
52791 1
52832 1
52860 1
52862 1
52882 1
52894 1
53063 1
53069 1
53143 1
53183 1
53232 1
53248 1
53364 1
53459 3
53503 2
53545 1
53856 1
54003 1
54236 1
54272 1
54290 1
54541 1
54640 1
54779 1
54893 1
54964 3
55132 2
55172 1
55296 1
55437 1
55539 1
55559 1
55666 1
56217 1
56320 1
57344 2
57395 2
57601 1
57632 1
57699 1
58094 1
58215 1
58605 1
59319 1
59604 1
59706 1
60321 1
60448 1
61051 1
61098 1
61211 1
61256 1
61337 1
61423 1
61440 1
61472 1
61702 1
61713 1
61788 1
62033 1
62275 1
62563 1
63017 1
63266 1
63310 1
63416 1
63455 1
63572 1
63691 2
63730 1
63765 1
64128 1
64224 2
64285 1
64426 1
64512 1
64594 1
64656 2
64740 1
64755 1
64770 1
64788 1
64800 14
64817 1
64832 1
65171 1
65182 2
65520 1
65536 19
65805 1
65969 1
65990 1
66479 1
66560 1
66574 1
66698 1
66978 1
67135 1
68507 1
68740 2
69016 1
69166 1
69593 4
69632 1
69794 1
70144 1
70149 1
70895 1
71568 1
71983 1
72032 10
72376 2
72591 1
72883 1
72971 1
73163 1
73232 1
73728 8
73913 1
74100 1
74470 1
74752 1
74788 1
74859 1
74947 1
75112 1
75295 1
75682 1
75785 1
75827 1
76006 1
77016 1
77163 1
77339 2
77419 1
77547 1
77558 1
77792 1
77824 1
78031 1
78314 1
78398 1
78787 1
78929 1
79045 1
79572 1
79640 1
79890 2
79921 1
79944 1
80361 1
80560 1
80619 1
80680 1
80714 1
80842 3
81307 1
81572 1
81892 1
81920 7
82005 1
82098 2
82350 2
82394 2
82894 1
82944 1
82976 2
83331 1
83713 1
84096 1
84133 1
84382 1
84562 1
84632 1
84992 2
85007 1
85152 1
85654 1
86016 1
86039 1
86066 1
86086 1
86124 1
86142 1
86144 1
86233 1
86272 1
86781 2
87162 1
87486 2
87563 2
87891 2
88293 1
88510 1
88994 1
89203 1
89287 1
89632 1
90112 6
90317 1
91073 1
91232 1
92192 1
92293 1
92336 1
92682 1
92730 1
93348 1
94976 2
95231 1
95232 1
95488 1
95590 1
96609 1
96633 1
96801 2
97076 1
97232 1
97288 1
97577 1
97664 1
98304 11
98383 1
98528 1
98726 1
99012 1
99020 1
99616 1
100070 1
100688 1
101408 1
101860 1
102205 1
102400 1
102416 1
102432 1
102632 3
103280 1
103430 3
103456 4
103712 8
104081 2
104177 1
104719 1
104864 1
105440 1
105598 1
106496 7
106575 1
109832 1
110624 1
110922 1
111120 1
111200 1
111517 1
111616 2
112144 1
112171 1
113252 1
113891 1
114074 1
114130 1
114312 1
114336 1
114558 1
114688 4
115249 1
115418 2
115421 2
116113 1
117006 1
117928 1
118268 1
118988 1
119176 1
119264 1
119610 1
119696 1
120299 1
120304 1
120632 1
122880 1
122905 1
123689 1
124062 1
124448 1
126752 1
126976 1
127675 1
127775 1
127832 1
128800 2
128955 1
129144 1
129169 1
129291 1
129512 1
129616 1
129632 42
129894 1
131072 7
132500 1
133092 1
134214 1
135096 1
135410 1
136085 1
136674 1
136824 1
136999 1
137639 1
137743 2
137793 1
138912 1
139264 4
139762 1
141037 1
141093 1
141312 1
142670 1
143360 1
144384 1
145408 1
145993 1
146127 1
147074 1
147456 11
150272 2
150324 1
151068 1
151080 1
151140 1
153365 1
153600 1
153923 1
154082 1
155648 3
156360 1
156514 1
158623 1
158720 1
160458 1
160796 1
160800 1
160867 1
161540 2
161718 1
162398 1
162872 1
163406 1
163840 6
164292 2
164834 1
165952 1
166368 1
169692 1
170476 1
171008 1
172032 2
173286 2
174080 1
175163 1
175431 1
176895 1
176912 1
179458 1
180104 1
180224 1
181248 2
182365 1
182429 1
183296 1
183682 1
185555 1
186375 1
186846 1
187306 1
188416 3
191648 1
191921 1
192694 1
192800 1
195084 2
196608 2
198524 1
199430 1
200507 1
201828 1
204362 1
204800 3
205600 2
206476 1
206638 1
206699 1
206848 1
207426 1
208896 1
210417 1
210944 1
211154 1
212677 1
212992 4
213768 1
214015 1
215040 2
219083 1
219136 1
220160 1
220779 1
221184 14
223232 2
224026 1
226304 1
226848 1
227350 1
227421 1
227840 2
227999 1
228361 1
229063 1
229376 4
230400 1
232024 1
233675 1
235520 1
235599 1
236764 1
238560 1
239700 1
240493 1
243844 1
244736 1
245760 28
246482 1
246744 1
248070 2
249424 1
249488 1
250705 1
250897 1
253448 1
253952 1
254330 1
254536 1
256032 2
256278 1
256761 1
257853 1
257889 1
258048 1
258171 1
260096 1
262544 1
262581 2
263719 1
264080 1
264577 1
268032 1
268288 1
268938 1
269506 1
270138 1
270336 2
272003 1
272378 1
276031 1
278268 1
279552 1
280781 1
281460 1
281756 1
286300 1
286524 1
286720 4
287487 1
287695 1
289413 1
290112 1
290816 1
290966 2
291840 1
292718 1
293407 1
294912 2
295298 1
295533 1
295581 1
296160 1
296368 3
296932 1
296960 1
297621 1
298958 1
299264 2
300679 1
301056 1
305152 2
307883 1
307985 1
308000 2
308265 1
310272 1
310928 1
313344 1
314944 1
315815 1
317440 1
318464 1
320442 1
322451 1
323584 1
326355 1
327680 1
331121 1
331437 1
335872 3
335923 1
336522 1
336896 1
337061 1
337796 1
338076 1
339756 1
339888 1
341807 1
341937 1
342379 1
343482 1
344064 2
345444 1
346716 1
347880 1
348942 1
348960 1
349313 1
356376 1
358753 1
359188 1
367270 1
367616 1
368640 1
369664 1
371235 1
373333 1
375364 1
376753 1
376832 1
379740 1
379886 1
382299 1
384791 1
385024 2
385985 1
386575 1
387225 1
387371 1
389015 1
389713 1
390144 1
390509 1
399409 1
401669 1
402214 1
403837 1
405502 2
410189 1
410283 1
414590 1
414697 1
417792 1
418466 2
418816 1
419840 1
423170 1
428197 1
428496 1
428889 1
430284 1
433229 1
436224 1
436319 1
439793 1
441804 1
442368 1
446404 1
446464 1
448032 1
448378 1
461639 1
461693 1
461983 1
465441 1
474112 1
475039 1
478700 1
480752 1
482406 1
482490 1
483328 4
490501 1
496193 1
499921 1
516096 7
518903 1
524280 2
537463 1
543362 1
547840 1
553635 1
563366 1
566568 1
567200 1
570898 1
571530 1
586773 1
593773 1
608330 1
615625 1
620030 1
621538 1
628310 1
629040 1
633164 1
633790 1
638460 1
648593 1
657396 1
657508 1
658458 1
660720 1
662494 1
662614 1
663552 1
665065 1
665285 1
665818 1
668743 1
673108 1
673306 1
675970 1
677898 1
678388 1
684376 1
687160 1
688312 1
689836 1
692596 1
693772 1
694046 1
696714 1
737280 1
739213 2
745081 1
745335 1
749298 1
749855 1
751983 1
758006 1
761442 1
762548 1
765878 1
766900 1
771336 1
773293 1
774613 1
779788 1
785224 1
787413 1
790276 1
796550 1
802816 1
806001 1
808436 1
809577 1
814080 1
827392 1
834344 1
835388 1
847162 1
857088 1
865346 1
880152 1
883712 1
885760 1
903168 1
909312 1
914432 1
916426 1
916480 1
918528 1
926720 1
928768 1
933031 1
952320 1
954368 1
970421 1
983040 1
984064 1
987039 1
1002292 1
1002800 1
1016134 1
1032192 2
1032193 1
1037114 1
1037216 1
1037312 1
1037546 1
1037600 4
1042805 1
1043456 1
1046934 1
1066885 1
1088512 1
1092195 1
1098402 1
1104786 1
1122304 1
1138688 2
1143902 1
1165953 1
1173011 1
1199261 1
1216291 1
1230813 1
1260259 1
1281563 1
1282048 1
1300480 1
1316174 1
1318961 1
1327144 1
1364622 1
1430986 1
1465438 1
1523712 3
1531904 1
1700313 1
1736704 3
1765738 1
1785856 1
1788211 1
1913625 1
2014719 1
2044513 1
2126513 1
2170880 1
2281801 1
2483165 1
2736095 1
2907533 1
3162112 1
3194880 1
3307520 1
3481600 1
3705105 1
3761215 1
4041163 1
4063739 1
4312045 1
4357199 1
4359683 1
4524765 1
4841472 1
5519360 1
6006711 1
6696712 1
7966767 1
8582926 1
10141815 1
13604634 1
15950052 1
27302661 1
