0 52
3 1
17 1
27 1
29 2
35 1
45 4
50 2
51 2
57 1
67 2
90 1
154 2
170 1
180 2
182 1
186 6
190 1
193 1
214 2
218 4
223 2
226 2
229 2
230 6
231 1
245 2
261 1
267 1
271 2
277 1
288 1
293 1
300 2
301 2
306 2
307 4
308 1
329 1
331 1
333 1
339 1
341 1
345 1
347 1
349 1
355 8
356 2
357 2
358 1
359 1
360 3
365 1
366 4
369 2
379 2
381 1
386 1
389 1
390 1
396 1
399 1
404 2
405 1
412 1
417 1
422 1
426 2
428 1
430 2
432 2
437 4
445 1
458 1
481 1
486 1
490 1
500 1
506 1
508 1
510 1
512 436
516 3
519 2
520 5
522 2
523 1
525 2
530 1
532 2
533 1
534 2
535 2
536 5
537 2
539 3
541 2
544 1
545 1
546 2
547 3
548 4
549 2
550 4
551 4
552 1
554 3
556 4
558 1
559 1
561 1
563 1
564 2
565 2
566 1
567 2
569 1
570 1
571 1
574 1
575 1
576 2
577 2
578 2
579 1
580 2
582 3
586 1
589 2
595 1
599 4
602 1
611 1
613 1
614 1
616 1
624 1
633 1
641 1
642 1
645 1
648 1
653 1
662 1
667 1
670 1
676 1
716 1
723 1
726 1
729 3
734 5
735 6
739 1
743 1
749 1
754 2
755 2
786 1
804 1
825 1
832 1
842 30
852 1
855 2
859 1
861 1
864 1
876 1
877 1
878 1
886 4
890 1
898 1
920 1
931 1
953 1
954 1
965 1
974 1
1021 1
1041 1
1063 1
1069 3
1085 4
1099 1
1108 1
1126 2
1131 1
1190 1
1241 1
1308 1
1312 1
1362 1
1386 1
1479 1
1552 1
1602 1
1652 1
1657 1
1687 1
1735 1
1743 1
1773 1
1801 1
1952 1
2012 1
2048 1
2075 1
2094 1
2103 1
2106 1
2138 1
2157 1
2190 1
2208 1
2258 1
2280 1
2524 1
2556 1
2569 1
2576 88
2581 2
2606 1
2615 1
2624 5
2651 1
2677 1
2735 1
2752 9
2781 1
2817 1
2818 1
2887 1
2968 1
2976 1
2989 1
3081 1
3148 1
3232 2
3249 1
3291 1
3747 1
3769 1
3811 1
3844 1
4316 1
4356 1
4559 1
5120 1
5299 1
5504 4
5739 1
5984 2
6072 1
6245 2
6247 5
6269 1
6464 1
6481 1
6601 1
6816 1
7248 1
7699 1
7906 1
8256 1
8684 1
8736 2
8799 1
8974 1
9020 1
9036 1
10198 1
10354 1
10558 1
10636 1
10864 1
11046 1
11330 1
11546 1
11570 1
12756 1
12928 1
13537 1
13688 1
13760 1
13780 1
13907 1
13916 1
14151 1
14845 1
15268 1
15432 1
15796 1
15947 1
15951 1
17093 1
17370 2
18826 1
19023 1
20920 1
21081 1
21477 1
21828 1
22016 1
22328 1
27392 1
27760 1
28419 1
43847 1
45647 1
48963 1
49438 1
55317 1
57929 1
60792 1
61040 1
73172 1
85976 1
87890 1
126020 1
129296 1
129320 1
130855 1
133161 1
173620 1
225241 1
339288 1
339664 1
546860 1
992304 1
994032 1
995748 1
1025612 1
1043512 1
1100344 1
1276834 1
5080449 1
10271664 1
