0 390
1 17
2 13
3 4
4 4
5 8
6 10
7 2
8 45
9 16
10 14
11 12
12 8
13 11
14 13
15 4
16 11
17 6
18 7
19 8
20 12
21 25
22 15
23 10
24 12
25 15
26 12
27 12
28 14
29 33
30 24
31 20
32 23
33 23
34 2
35 117
36 10
37 9
38 13
39 11
40 15
41 17
42 13
43 12
44 6
45 12
46 20
47 12
48 24
49 19
50 11
51 17
52 17
53 17
54 19
55 20
56 18
57 9
58 21
59 12
60 16
61 18
62 16
63 8
64 13
65 15
66 11
67 17
68 11
69 15
70 15
71 16
72 12
73 12
74 8
75 13
76 12
77 13
78 23
79 5
80 6
81 8
82 7
83 17
84 26
85 7
86 9
87 6
88 9
89 4
90 8
91 7
92 8
93 8
94 9
95 7
96 7
97 13
98 11
99 12
100 5
101 10
102 7
103 7
104 5
105 11
106 5
107 7
108 19
109 9
110 14
111 5
112 13
113 7
114 9
115 8
116 3
117 7
118 15
119 8
120 7
121 4
122 11
123 14
124 8
125 20
126 12
127 12
128 12
129 8
130 8
131 11
132 9
133 7
134 5
135 10
136 6
137 6
138 10
139 4
140 11
141 14
142 9
143 13
144 5
145 10
146 6
147 9
148 9
149 8
150 8
151 6
152 13
153 5
154 13
155 9
156 7
157 12
158 16
159 14
160 10
161 12
162 11
163 17
164 21
165 17
166 16
167 16
168 13
169 6
170 11
171 8
172 10
173 11
174 7
175 7
176 10
177 6
178 15
179 4
180 13
181 9
182 19
183 15
184 12
185 11
186 16
187 8
188 8
189 11
190 15
191 7
192 6
193 10
194 16
195 5
196 3
197 7
198 2
199 18
200 16
201 10
202 8
203 5
204 6
205 6
206 10
207 2
208 4
209 10
210 5
211 22
212 15
213 4
214 4
215 10
216 8
217 3
218 3
219 6
220 4
221 5
222 12
223 6
224 9
225 9
226 8
227 10
228 13
229 4
230 9
231 8
232 2
233 3
234 10
235 9
236 7
237 6
238 12
239 4
240 4
241 6
242 3
243 4
244 1
245 7
246 9
247 5
248 4
249 7
250 9
251 9
252 9
253 11
254 8
255 5
256 13
257 8
258 17
259 3
260 36
261 26
262 5
263 7
264 5
265 4
266 5
267 4
268 6
269 5
270 4
271 8
272 5
273 11
274 6
275 2
276 21
277 3
278 1
279 9
280 4
281 7
282 4
284 2
285 4
286 4
287 9
288 6
289 5
290 7
291 1
292 5
293 5
294 6
295 8
296 21
297 11
298 6
299 5
300 5
301 5
302 4
303 5
304 17
305 12
306 19
307 4
308 11
309 10
310 3
311 10
312 6
313 51
314 8
315 7
316 7
317 6
318 19
319 2
320 33
321 11
322 9
323 6
324 11
325 6
326 6
327 6
328 6
329 7
330 15
331 7
332 6
333 9
334 6
335 6
336 4
337 2
338 2
339 8
340 3
341 2
342 5
343 2
344 3
345 5
346 3
347 6
348 5
349 14
350 32
351 17
352 6
353 7
354 10
355 3
356 9
357 10
358 4
359 19
360 4
361 17
362 6
363 4
364 5
365 18
366 3
367 6
369 9
370 7
371 5
372 3
373 3
374 2
375 5
376 9
377 7
378 1
379 3
380 9
381 2
382 17
383 3
384 7
385 6
386 20
387 18
388 7
389 5
390 6
391 6
392 4
393 3
394 13
395 4
396 19
397 15
398 3
399 4
400 1
402 6
403 15
404 5
405 11
406 4
407 6
408 20
409 4
410 7
411 2
412 6
413 5
414 8
415 12
416 3
417 2
418 23
419 4
420 18
421 28
422 14
423 28
424 28
425 16
426 20
427 12
428 8
429 7
430 10
431 6
432 6
433 6
434 7
435 10
436 4
437 8
438 5
439 15
440 9
441 3
442 3
443 18
444 6
445 6
446 7
447 4
448 6
449 10
450 6
451 1
452 2
453 3
454 4
455 8
456 13
457 4
458 9
459 4
460 3
461 1
462 5
463 6
464 5
465 9
466 7
467 5
468 14
469 49
470 3
471 19
472 4
473 2
474 10
475 5
476 4
477 6
478 5
479 8
480 8
481 4
482 4
483 9
484 4
485 6
486 7
487 4
488 1
489 23
490 4
491 38
492 4
493 25
494 4
495 9
496 1
497 10
498 6
499 21
500 30
501 6
502 9
503 6
504 8
505 9
506 4
507 13
508 6
509 13
510 2
511 17
512 2797
513 1
514 3
515 5
516 7
517 4
518 10
519 15
520 6
521 7
522 7
523 15
524 5
525 7
526 3
527 9
528 2
529 3
530 14
531 5
532 3
533 5
534 2
535 11
536 12
537 6
538 6
539 7
540 4
541 6
542 20
543 6
544 8
545 7
546 5
547 17
548 5
549 13
550 6
551 2
552 2
553 11
554 4
555 5
556 7
557 18
558 18
559 8
560 29
561 6
562 7
563 6
564 6
565 6
566 6
567 2
568 3
569 3
570 3
571 16
572 11
573 6
574 3
575 5
576 10
577 4
578 3
579 6
580 6
581 10
582 8
583 5
584 5
585 2
586 4
587 4
588 4
589 5
590 7
591 4
592 7
593 16
594 5
595 1
596 20
597 14
598 14
599 8
600 5
601 3
602 1
603 16
604 4
605 4
606 8
607 2
608 9
609 5
610 16
611 6
612 3
613 5
614 10
615 2
616 1
617 11
618 18
619 3
620 5
621 10
622 9
623 5
624 8
625 9
626 6
627 6
628 4
629 3
630 3
631 5
632 6
633 4
634 3
635 7
636 4
637 7
638 2
639 6
640 3
641 4
642 4
643 8
644 8
645 3
646 4
647 3
648 11
649 5
650 5
651 6
652 2
653 12
654 8
655 6
656 7
657 2
658 7
659 8
660 10
661 8
662 4
663 20
664 35
665 5
666 10
667 8
668 17
669 16
670 9
671 2
672 6
673 4
674 6
675 7
676 12
677 19
678 6
679 6
680 6
681 4
682 8
683 5
684 4
685 6
686 19
687 3
688 6
689 9
690 9
691 12
692 3
693 9
694 6
695 4
696 11
697 10
698 10
699 7
700 6
701 8
702 4
703 3
704 3
705 6
706 5
707 4
708 3
709 5
710 7
711 9
712 5
713 6
714 9
715 4
716 1
717 4
718 7
719 8
720 7
721 8
722 8
723 3
724 4
725 7
726 3
727 11
728 14
729 9
730 6
731 7
732 9
733 23
734 9
735 1
736 3
737 7
738 5
739 6
740 4
741 13
742 1
743 10
744 3
745 2
746 4
747 7
748 8
749 7
750 5
751 6
752 4
753 5
754 5
755 4
756 4
757 1
758 2
759 4
760 17
761 7
762 5
763 5
764 10
765 9
766 1
767 5
768 2
769 4
770 6
771 6
772 11
773 8
774 4
775 6
776 7
777 6
778 7
779 5
780 6
781 4
782 4
783 7
784 8
785 3
786 3
787 4
788 3
789 6
790 11
791 6
792 7
793 16
794 4
795 3
796 6
797 3
798 6
799 5
800 14
801 9
802 6
803 6
804 10
806 8
807 17
808 10
809 13
810 2
811 7
812 7
813 8
814 26
815 9
816 5
817 7
818 6
819 11
820 3
821 11
822 16
823 11
824 7
825 6
826 11
827 7
828 7
829 10
830 4
831 4
832 4
833 5
834 4
835 5
836 2
837 20
838 1
839 7
840 5
841 5
842 2
843 3
844 6
845 5
846 5
847 2
848 13
849 5
850 5
851 4
853 6
854 12
855 4
856 7
857 5
858 8
859 2
860 8
861 10
862 6
863 5
864 9
865 10
866 14
867 3
868 7
869 4
870 10
871 5
872 8
873 10
874 8
875 2
876 5
877 9
878 29
879 6
880 1
881 33
882 9
883 10
884 16
885 4
886 18
887 22
888 3
889 4
890 6
891 9
892 28
893 33
894 9
895 11
896 42
897 7
898 7
899 17
900 11
901 2
902 18
903 5
904 6
905 11
906 4
907 5
908 8
909 11
910 3
911 12
912 12
913 6
914 13
915 1
916 5
917 4
918 4
919 7
920 5
921 4
922 8
923 6
924 5
925 9
926 6
927 6
928 4
929 7
930 5
931 11
932 5
933 7
934 16
935 4
936 16
937 1
938 9
939 4
940 6
941 4
942 18
943 6
944 7
945 2
946 10
947 4
948 7
949 7
950 4
951 4
953 2
954 6
955 3
956 8
957 2
958 6
960 6
961 7
962 8
963 7
964 5
965 4
966 6
967 1
968 5
969 3
970 5
971 8
972 4
973 8
974 4
975 5
976 7
977 5
978 8
979 6
980 6
981 9
982 8
983 7
984 3
985 7
986 4
987 8
988 4
989 4
990 5
991 3
992 1
993 8
994 2
995 3
996 9
997 5
998 5
999 5
1000 6
1001 6
1002 5
1003 1
1004 8
1005 5
1006 2
1007 3
1008 3
1009 9
1010 4
1011 3
1012 4
1013 5
1014 5
1015 11
1016 8
1017 2
1018 3
1019 7
1020 7
1021 9
1022 10
1023 5
1024 207
1025 11
1026 5
1027 1
1028 4
1029 4
1030 5
1031 3
1032 5
1033 2
1034 3
1035 7
1036 10
1037 4
1038 5
1039 5
1040 7
1041 2
1042 8
1043 5
1044 2
1045 7
1046 5
1047 6
1048 6
1049 2
1050 8
1051 4
1052 3
1053 3
1054 2
1055 6
1057 3
1058 3
1059 6
1060 6
1061 5
1062 4
1063 10
1064 2
1065 2
1066 4
1067 1
1068 4
1069 3
1070 4
1071 6
1072 2
1073 8
1074 6
1075 4
1076 4
1077 4
1078 8
1079 4
1080 4
1081 4
1082 8
1083 3
1084 11
1085 1
1086 1
1087 1
1088 4
1089 3
1090 3
1091 10
1092 8
1093 7
1094 5
1095 3
1096 5
1097 9
1098 10
1099 4
1100 6
1101 7
1102 4
1103 5
1104 9
1105 8
1106 7
1107 4
1108 9
1109 4
1110 4
1111 7
1112 8
1113 5
1114 3
1115 4
1116 5
1117 10
1118 2
1119 3
1120 5
1121 2
1122 9
1123 4
1124 2
1125 6
1126 2
1127 2
1128 9
1129 8
1130 9
1131 8
1132 7
1133 2
1134 6
1135 2
1136 5
1137 5
1138 3
1139 6
1140 5
1141 21
1142 5
1143 15
1144 2
1145 6
1146 7
1147 21
1148 6
1149 3
1150 5
1151 4
1152 7
1153 5
1154 8
1155 12
1156 8
1157 8
1158 4
1159 4
1160 6
1161 7
1162 4
1163 5
1164 2
1165 6
1166 3
1167 4
1168 5
1169 7
1170 7
1171 2
1172 2
1173 5
1174 7
1175 4
1176 8
1177 4
1178 6
1179 2
1180 4
1181 8
1182 1
1183 6
1184 3
1185 3
1186 4
1187 5
1188 10
1189 5
1190 5
1191 4
1192 2
1193 7
1194 4
1195 6
1196 5
1197 6
1198 7
1199 4
1200 9
1201 4
1202 5
1203 9
1204 9
1205 3
1206 3
1207 1
1208 6
1209 2
1210 3
1211 7
1212 5
1213 1
1214 5
1215 4
1216 7
1217 2
1218 8
1219 11
1220 10
1221 4
1222 3
1223 3
1224 13
1225 6
1226 6
1227 3
1228 4
1229 9
1230 3
1231 2
1232 2
1233 5
1234 2
1235 2
1236 1
1237 7
1238 7
1239 8
1240 7
1241 4
1242 10
1243 3
1244 7
1245 4
1246 6
1247 1
1248 3
1249 6
1250 4
1251 6
1252 9
1253 4
1254 3
1255 4
1256 4
1257 4
1259 2
1260 2
1261 4
1262 5
1263 3
1264 4
1265 7
1266 3
1267 2
1268 2
1269 7
1270 6
1271 8
1272 4
1273 3
1274 1
1275 5
1276 6
1277 5
1278 11
1279 3
1280 4
1281 5
1282 5
1283 5
1284 7
1285 11
1286 4
1287 3
1288 5
1289 6
1290 6
1291 2
1292 11
1293 6
1294 5
1295 10
1296 5
1297 3
1298 2
1299 4
1300 6
1301 16
1302 6
1303 7
1304 3
1305 6
1306 4
1307 7
1308 3
1309 6
1310 3
1311 10
1312 6
1313 5
1314 8
1315 3
1316 8
1317 5
1318 2
1319 6
1320 6
1321 6
1323 11
1324 5
1325 4
1326 7
1327 5
1328 5
1329 4
1330 6
1332 8
1333 6
1334 9
1335 5
1336 10
1337 9
1338 8
1339 7
1341 5
1342 1
1343 4
1344 2
1345 10
1346 7
1347 4
1348 2
1349 5
1350 4
1351 10
1352 7
1353 1
1354 7
1355 8
1356 3
1357 5
1358 9
1359 2
1360 3
1361 1
1362 4
1363 4
1364 5
1365 3
1366 6
1367 1
1368 7
1369 5
1370 3
1371 9
1372 3
1373 6
1374 5
1375 4
1376 5
1377 6
1378 9
1379 2
1380 5
1381 4
1382 9
1383 3
1384 2
1385 5
1386 9
1387 6
1388 8
1389 3
1390 3
1391 5
1392 1
1393 2
1394 7
1395 2
1396 3
1397 1
1398 3
1399 7
1400 10
1401 3
1402 1
1403 6
1404 3
1405 4
1406 2
1407 2
1408 5
1409 3
1410 7
1411 2
1412 4
1413 1
1414 3
1415 3
1416 4
1417 3
1418 5
1419 3
1420 7
1421 8
1422 2
1423 8
1424 2
1425 16
1426 4
1427 4
1428 4
1429 4
1430 2
1431 4
1432 3
1433 7
1434 3
1435 2
1436 8
1437 2
1438 10
1439 5
1440 3
1441 7
1442 2
1443 4
1444 3
1445 2
1446 3
1447 3
1448 5
1450 4
1451 2
1452 2
1453 3
1454 8
1455 1
1456 4
1457 5
1458 1
1459 5
1460 6
1461 4
1462 5
1463 2
1464 2
1465 6
1466 4
1467 5
1469 2
1470 1
1471 2
1472 5
1473 3
1474 7
1475 3
1476 5
1477 2
1478 6
1479 4
1480 5
1481 6
1482 8
1483 4
1484 5
1485 1
1486 1
1487 8
1488 6
1489 1
1490 2
1491 3
1492 3
1493 2
1494 4
1495 10
1496 3
1497 4
1498 6
1500 1
1501 2
1502 3
1503 5
1504 4
1505 3
1506 11
1507 7
1508 1
1509 4
1510 2
1512 5
1513 5
1514 1
1515 2
1516 3
1517 7
1518 5
1519 5
1520 6
1522 6
1523 3
1524 3
1525 4
1526 2
1527 2
1528 5
1529 3
1530 7
1531 6
1532 8
1533 2
1534 2
1535 7
1536 79
1537 6
1538 6
1539 3
1540 5
1541 3
1542 1
1543 2
1544 4
1545 6
1546 1
1547 4
1548 3
1549 2
1550 1
1551 1
1552 7
1553 5
1554 2
1555 1
1556 6
1557 4
1558 3
1559 2
1560 3
1561 4
1562 2
1563 9
1564 5
1565 6
1566 8
1567 3
1568 1
1569 6
1570 11
1571 3
1573 2
1574 7
1575 2
1576 2
1578 3
1579 6
1580 3
1581 6
1582 1
1583 1
1584 1
1585 4
1586 1
1587 1
1588 7
1589 5
1590 3
1591 3
1592 1
1593 7
1594 4
1595 6
1596 6
1597 4
1598 3
1599 6
1600 3
1601 4
1602 2
1603 3
1604 7
1606 4
1607 4
1608 6
1609 9
1610 4
1611 5
1612 4
1613 1
1614 2
1615 2
1616 3
1617 2
1618 5
1619 1
1620 4
1621 9
1622 2
1623 3
1624 1
1625 7
1626 7
1627 2
1628 4
1629 1
1630 1
1631 4
1632 2
1633 6
1634 5
1635 2
1636 2
1637 5
1638 4
1639 3
1640 8
1641 3
1642 4
1643 2
1644 6
1645 3
1646 2
1647 7
1648 10
1649 8
1650 6
1651 1
1652 11
1653 2
1654 2
1655 1
1656 10
1657 5
1658 5
1659 3
1660 2
1661 8
1663 4
1664 7
1665 3
1666 6
1667 4
1668 8
1669 4
1670 4
1671 4
1672 2
1673 3
1674 6
1675 3
1676 4
1677 2
1678 5
1679 2
1680 2
1681 3
1682 4
1683 3
1684 1
1685 5
1686 3
1687 4
1688 3
1689 1
1690 5
1691 1
1692 6
1693 4
1694 4
1695 2
1696 3
1697 5
1698 3
1699 7
1700 14
1701 7
1702 3
1703 3
1705 4
1706 3
1707 7
1708 6
1709 6
1710 7
1711 3
1712 5
1713 3
1714 3
1716 2
1717 1
1718 3
1719 1
1720 1
1721 2
1722 2
1723 4
1724 3
1725 2
1726 6
1727 8
1728 4
1729 1
1730 8
1731 8
1732 15
1733 1
1734 2
1735 5
1736 4
1737 4
1738 5
1739 7
1741 3
1742 5
1743 8
1744 1
1745 3
1746 5
1747 4
1748 4
1750 3
1751 7
1752 7
1753 5
1754 3
1755 3
1756 4
1757 5
1758 6
1759 1
1760 4
1761 4
1762 4
1763 4
1764 4
1766 4
1767 2
1768 3
1769 6
1770 2
1771 2
1772 8
1773 6
1774 5
1775 1
1776 1
1777 4
1778 3
1779 2
1780 5
1781 1
1782 3
1783 5
1784 5
1785 2
1786 3
1787 3
1788 3
1789 2
1790 5
1791 2
1792 5
1793 5
1794 2
1795 2
1796 1
1797 3
1798 6
1799 6
1800 4
1801 5
1802 4
1803 5
1804 3
1805 2
1807 2
1808 4
1809 3
1810 4
1811 9
1812 3
1813 4
1814 3
1815 2
1817 2
1818 3
1819 3
1820 4
1821 4
1822 1
1823 1
1824 5
1825 2
1826 5
1827 1
1828 2
1829 3
1830 3
1831 5
1832 9
1834 3
1835 3
1836 5
1837 4
1838 4
1840 26
1841 2
1842 3
1843 3
1844 3
1845 2
1846 2
1847 1
1848 2
1849 2
1850 3
1852 2
1853 2
1854 3
1855 4
1856 3
1857 3
1858 3
1859 5
1860 2
1861 2
1862 19
1863 1
1864 3
1865 2
1866 7
1867 3
1868 1
1869 5
1870 3
1872 2
1873 3
1874 5
1875 3
1876 7
1877 3
1879 2
1880 4
1881 1
1882 2
1883 4
1884 5
1885 2
1886 2
1887 4
1888 2
1889 5
1890 2
1891 1
1893 2
1894 1
1895 5
1896 5
1897 3
1898 1
1899 2
1900 2
1901 2
1902 7
1903 1
1904 3
1905 3
1906 2
1907 3
1908 4
1909 4
1910 1
1911 2
1912 1
1913 4
1914 3
1915 3
1916 4
1917 3
1918 3
1919 6
1920 6
1921 7
1922 6
1923 2
1925 2
1926 2
1927 2
1928 3
1929 2
1931 2
1932 1
1933 3
1934 2
1935 1
1936 1
1937 3
1938 3
1939 1
1940 1
1941 2
1942 2
1943 2
1944 4
1945 2
1946 2
1947 2
1948 6
1949 1
1950 2
1951 3
1952 6
1953 5
1954 5
1955 3
1957 4
1958 3
1959 2
1960 4
1961 7
1962 2
1964 5
1965 4
1966 3
1967 1
1968 7
1969 1
1971 1
1972 2
1973 4
1974 2
1975 3
1976 3
1977 4
1978 11
1979 5
1980 1
1981 3
1982 3
1983 1
1984 4
1985 2
1986 2
1987 1
1988 2
1989 3
1990 6
1991 3
1992 3
1993 2
1994 5
1996 4
1998 3
1999 1
2000 2
2001 7
2004 7
2005 3
2006 4
2007 3
2008 3
2009 3
2010 2
2011 1
2012 5
2013 1
2014 1
2015 1
2016 2
2017 3
2018 1
2019 1
2020 1
2021 2
2022 1
2023 5
2024 2
2025 2
2026 2
2027 5
2028 3
2029 6
2030 2
2031 8
2032 6
2033 4
2034 7
2035 3
2036 3
2037 5
2038 4
2039 3
2040 4
2041 3
2042 9
2043 4
2045 5
2046 2
2047 1
2048 37
2049 5
2050 1
2051 2
2052 2
2053 3
2054 2
2055 2
2056 3
2057 3
2058 4
2059 2
2060 6
2061 4
2062 3
2063 2
2064 7
2065 4
2066 3
2067 3
2068 2
2069 2
2070 1
2071 4
2072 1
2073 2
2074 4
2076 3
2077 6
2078 2
2079 1
2080 4
2081 3
2082 5
2083 3
2084 3
2085 4
2086 3
2087 2
2088 3
2089 1
2090 5
2091 2
2092 1
2093 3
2094 3
2095 1
2096 1
2097 3
2098 3
2099 3
2100 4
2101 1
2102 4
2103 1
2104 1
2106 2
2107 7
2108 3
2109 5
2110 1
2111 12
2112 1
2113 2
2114 1
2115 2
2116 6
2117 3
2118 1
2119 3
2120 3
2121 3
2122 5
2124 3
2125 5
2126 1
2127 4
2128 1
2129 5
2130 3
2131 3
2132 4
2133 4
2134 3
2135 1
2136 1
2137 2
2138 3
2139 1
2140 7
2141 1
2142 9
2143 3
2144 5
2145 1
2146 2
2147 3
2148 4
2149 1
2150 4
2151 1
2152 2
2153 1
2154 2
2155 2
2156 2
2158 5
2160 1
2161 3
2162 1
2163 9
2164 1
2166 2
2167 2
2168 2
2170 4
2171 3
2173 5
2174 2
2175 3
2176 4
2177 2
2179 3
2180 5
2182 1
2183 3
2184 5
2185 4
2186 2
2187 3
2188 6
2189 1
2190 7
2191 2
2192 1
2193 3
2194 1
2195 1
2196 2
2197 6
2198 2
2200 4
2201 2
2202 1
2203 2
2204 4
2205 4
2206 2
2207 4
2208 9
2209 3
2210 2
2211 2
2212 1
2214 5
2215 6
2216 4
2217 5
2218 2
2219 3
2220 2
2221 1
2222 3
2223 3
2224 2
2225 6
2227 2
2228 1
2229 1
2230 2
2231 4
2232 2
2234 1
2235 2
2236 3
2238 3
2239 6
2240 3
2242 2
2244 1
2245 3
2247 2
2248 2
2249 3
2250 5
2251 5
2252 3
2253 5
2255 1
2257 4
2258 1
2259 1
2261 1
2262 2
2263 3
2264 3
2265 4
2266 1
2268 1
2269 2
2270 3
2271 1
2273 5
2274 3
2275 7
2276 2
2277 3
2278 2
2279 1
2280 2
2281 2
2283 1
2285 5
2286 2
2287 4
2288 1
2289 6
2290 3
2291 2
2293 3
2295 1
2296 5
2297 3
2298 2
2299 1
2300 1
2301 1
2302 3
2305 2
2307 6
2308 3
2310 2
2311 4
2312 1
2314 3
2315 2
2316 3
2317 2
2318 4
2320 1
2322 4
2323 7
2324 3
2325 2
2326 6
2327 2
2328 3
2329 2
2330 4
2331 2
2332 3
2333 1
2334 2
2335 1
2336 8
2338 1
2339 2
2340 4
2341 3
2343 7
2344 1
2345 2
2346 4
2347 3
2348 1
2349 1
2350 1
2351 2
2352 1
2354 1
2355 4
2356 2
2357 1
2358 4
2359 2
2360 5
2361 4
2362 3
2363 3
2364 2
2365 4
2366 1
2367 5
2368 3
2370 1
2371 1
2372 4
2373 2
2374 3
2375 2
2376 2
2377 2
2378 2
2379 1
2380 3
2381 1
2382 1
2383 1
2384 5
2385 2
2386 2
2387 1
2388 4
2389 2
2390 3
2391 2
2392 9
2393 3
2395 2
2396 3
2397 7
2398 1
2399 5
2400 2
2402 1
2403 5
2404 2
2405 7
2406 7
2407 4
2408 2
2413 4
2414 2
2415 1
2416 1
2417 3
2418 3
2419 6
2420 2
2421 3
2422 4
2425 2
2426 1
2428 1
2429 1
2430 4
2431 7
2432 2
2433 3
2435 2
2436 3
2438 1
2439 2
2440 4
2441 1
2442 1
2443 3
2444 5
2445 4
2446 1
2447 1
2448 1
2449 1
2451 3
2453 2
2456 1
2457 3
2458 4
2459 3
2460 5
2461 1
2462 4
2464 2
2465 2
2466 3
2469 6
2470 7
2471 3
2472 3
2473 2
2474 5
2475 2
2476 4
2477 2
2478 1
2479 2
2481 2
2483 2
2485 2
2486 2
2487 2
2488 3
2489 1
2490 6
2491 1
2492 6
2493 2
2494 3
2498 1
2499 4
2500 2
2501 1
2502 1
2503 3
2504 4
2505 1
2507 1
2508 2
2510 2
2512 2
2513 1
2514 3
2515 1
2516 2
2517 2
2518 1
2519 3
2520 2
2522 2
2523 2
2524 2
2525 2
2527 3
2528 1
2529 5
2530 2
2532 1
2534 2
2535 4
2536 5
2537 5
2538 1
2539 9
2541 3
2542 3
2543 1
2544 1
2545 2
2546 2
2547 6
2548 5
2549 3
2551 2
2552 4
2553 4
2554 4
2555 2
2557 1
2558 4
2559 2
2560 15
2561 3
2562 1
2563 2
2564 3
2565 4
2567 2
2569 1
2570 3
2572 1
2573 1
2574 1
2575 2
2576 5
2577 2
2579 2
2580 3
2581 2
2582 1
2583 6
2584 2
2585 2
2586 4
2587 1
2588 5
2589 1
2590 2
2592 1
2593 2
2594 2
2595 2
2596 4
2598 1
2599 4
2600 2
2601 1
2603 6
2605 1
2606 2
2607 2
2608 4
2609 3
2610 2
2611 3
2612 5
2614 1
2616 3
2617 1
2618 2
2619 2
2620 1
2622 4
2623 1
2625 1
2626 3
2627 1
2630 3
2631 1
2632 5
2633 3
2635 2
2636 2
2638 3
2639 1
2640 2
2642 2
2644 2
2645 1
2646 3
2648 6
2649 4
2650 3
2651 1
2652 2
2654 4
2657 6
2658 1
2659 2
2660 4
2662 6
2663 6
2664 1
2665 4
2666 1
2667 1
2668 1
2669 4
2670 2
2673 1
2675 3
2676 2
2677 1
2678 1
2679 2
2680 1
2681 1
2682 2
2683 2
2684 2
2685 1
2686 2
2687 5
2688 1
2689 2
2690 3
2691 1
2692 1
2693 3
2694 2
2696 6
2697 2
2699 1
2700 3
2701 1
2702 2
2703 4
2704 4
2705 1
2708 1
2710 3
2711 2
2712 1
2714 2
2715 3
2716 1
2717 2
2718 2
2719 2
2720 3
2721 7
2722 1
2723 2
2724 3
2725 2
2727 1
2728 3
2732 4
2734 3
2736 2
2737 2
2738 2
2739 1
2740 1
2741 2
2742 4
2743 3
2744 4
2745 1
2746 2
2747 2
2749 1
2750 3
2751 1
2752 3
2753 1
2756 4
2757 13
2758 1
2759 3
2760 7
2761 2
2762 2
2763 3
2764 4
2765 1
2766 3
2767 4
2768 3
2769 1
2770 3
2771 2
2772 1
2775 2
2776 1
2780 1
2781 3
2784 1
2785 1
2786 1
2787 4
2788 1
2789 4
2790 3
2791 2
2792 2
2793 3
2794 1
2795 1
2796 2
2798 2
2799 1
2800 2
2801 2
2802 2
2803 2
2804 3
2805 3
2806 2
2807 2
2808 1
2809 1
2810 2
2811 3
2813 2
2814 1
2816 2
2817 1
2819 1
2821 1
2822 1
2823 1
2824 4
2825 3
2826 4
2827 3
2828 2
2829 2
2830 1
2831 2
2833 2
2834 2
2835 3
2836 1
2839 1
2840 5
2842 1
2843 1
2844 2
2845 1
2846 1
2848 2
2849 4
2850 2
2851 1
2852 2
2853 4
2854 2
2855 1
2856 1
2857 1
2858 1
2860 3
2863 1
2864 1
2865 2
2866 1
2867 1
2868 2
2869 1
2870 4
2872 2
2876 2
2877 1
2878 1
2879 1
2882 2
2883 3
2884 1
2885 4
2887 4
2888 2
2889 4
2890 1
2891 1
2892 1
2893 1
2894 1
2895 1
2896 4
2897 1
2898 1
2899 2
2900 1
2901 1
2902 5
2903 1
2904 1
2906 2
2907 4
2908 3
2909 1
2910 4
2911 1
2912 4
2913 3
2914 2
2916 2
2917 1
2919 2
2920 1
2921 2
2922 1
2923 1
2925 5
2926 1
2927 6
2928 1
2930 1
2931 1
2932 1
2934 1
2936 1
2937 3
2938 2
2939 1
2940 1
2941 1
2942 2
2943 1
2944 2
2945 1
2946 1
2947 4
2948 3
2952 2
2953 1
2955 4
2956 4
2958 1
2959 2
2961 1
2962 4
2963 4
2966 1
2967 1
2968 3
2969 7
2972 3
2975 6
2976 5
2977 3
2978 2
2980 1
2981 2
2982 2
2983 1
2984 2
2985 4
2986 1
2987 8
2988 2
2989 2
2992 1
2994 8
2995 3
2996 2
2997 1
2998 1
2999 5
3000 1
3001 3
3002 2
3003 1
3004 2
3005 2
3006 1
3007 3
3009 1
3010 1
3011 3
3012 3
3015 4
3016 3
3017 1
3019 1
3020 1
3022 1
3023 2
3024 1
3025 4
3026 1
3028 3
3029 2
3030 3
3031 1
3033 1
3034 3
3035 1
3036 2
3037 1
3039 4
3040 4
3041 2
3043 1
3044 3
3045 2
3046 3
3047 3
3048 1
3049 4
3052 1
3053 1
3054 1
3055 1
3056 1
3057 1
3058 1
3059 1
3060 4
3061 3
3062 3
3064 2
3065 1
3068 1
3069 2
3070 1
3071 3
3072 7
3074 1
3076 2
3077 2
3078 2
3079 1
3080 1
3081 5
3082 4
3083 1
3084 4
3086 1
3087 3
3091 1
3092 1
3093 4
3094 1
3095 1
3096 2
3097 2
3099 3
3100 1
3101 3
3102 3
3106 1
3107 1
3108 2
3109 2
3110 2
3111 2
3112 1
3114 2
3115 1
3116 1
3117 1
3120 1
3121 2
3122 1
3124 1
3125 1
3126 3
3127 1
3128 2
3129 4
3130 2
3131 2
3132 2
3134 4
3137 2
3139 2
3140 1
3142 1
3144 4
3145 1
3147 3
3148 1
3149 2
3150 1
3152 2
3154 1
3156 3
3160 3
3162 1
3163 3
3164 2
3165 1
3166 1
3168 1
3169 1
3170 4
3171 4
3173 1
3174 2
3175 1
3176 3
3177 1
3180 2
3181 3
3183 2
3184 1
3185 1
3187 1
3189 2
3190 1
3191 1
3193 1
3194 6
3196 1
3197 5
3198 2
3199 2
3200 1
3202 2
3203 1
3205 1
3206 3
3208 1
3209 4
3210 2
3211 1
3212 1
3213 5
3214 1
3216 1
3217 3
3218 1
3219 2
3220 1
3221 4
3222 2
3223 2
3224 1
3225 1
3227 2
3228 1
3229 5
3230 1
3231 2
3232 1
3233 2
3235 2
3236 4
3238 2
3239 5
3240 1
3241 2
3242 1
3243 1
3244 2
3245 4
3246 1
3247 2
3248 3
3250 2
3251 4
3252 2
3253 2
3254 4
3257 1
3259 1
3260 2
3262 2
3265 4
3266 4
3267 1
3268 1
3269 1
3270 1
3271 2
3272 1
3273 2
3275 1
3276 2
3277 2
3278 1
3279 1
3280 3
3282 1
3283 1
3284 4
3285 1
3286 2
3288 3
3289 2
3290 1
3291 4
3292 1
3293 4
3294 1
3296 2
3298 3
3299 3
3302 1
3303 2
3304 1
3305 2
3306 1
3308 4
3310 1
3311 5
3312 6
3313 1
3314 1
3315 3
3316 1
3318 1
3320 3
3321 1
3322 1
3323 3
3324 2
3325 1
3326 2
3328 6
3329 1
3330 2
3331 2
3332 5
3334 2
3335 8
3338 4
3339 2
3340 1
3341 1
3343 1
3346 3
3347 2
3351 4
3352 2
3356 4
3359 2
3360 1
3361 1
3364 1
3365 1
3366 1
3367 3
3369 2
3372 4
3373 10
3374 1
3375 2
3376 3
3378 1
3379 3
3380 3
3381 2
3382 2
3383 3
3385 3
3386 1
3388 1
3389 2
3390 1
3391 3
3392 2
3393 3
3394 2
3395 2
3396 2
3397 1
3398 3
3400 2
3401 2
3402 1
3404 1
3406 1
3408 3
3410 3
3411 1
3412 2
3415 1
3417 2
3419 3
3421 2
3422 2
3424 1
3427 1
3429 1
3430 2
3431 1
3432 1
3433 2
3434 1
3435 1
3436 1
3437 1
3438 2
3439 3
3440 3
3441 3
3442 2
3444 1
3445 2
3446 1
3447 1
3450 3
3451 2
3452 4
3455 3
3458 1
3459 1
3460 3
3461 6
3464 1
3467 2
3468 2
3469 1
3470 1
3471 1
3473 1
3474 4
3475 2
3476 3
3478 4
3479 2
3480 2
3481 6
3482 1
3485 3
3487 2
3489 3
3490 2
3491 2
3492 1
3493 1
3494 2
3495 5
3496 1
3498 1
3499 1
3500 1
3501 1
3503 2
3504 1
3505 1
3506 2
3508 2
3509 4
3510 2
3511 6
3512 1
3514 5
3516 2
3517 1
3518 7
3519 1
3520 1
3521 2
3522 1
3524 1
3525 3
3526 2
3528 2
3530 6
3531 2
3532 3
3533 2
3534 2
3535 2
3537 1
3539 1
3540 4
3541 2
3543 1
3544 1
3545 2
3546 1
3547 2
3548 5
3549 4
3551 1
3552 1
3554 2
3555 1
3556 1
3558 4
3559 5
3560 1
3561 1
3562 3
3563 2
3564 1
3565 1
3566 1
3567 2
3569 1
3574 1
3575 1
3578 2
3579 1
3580 2
3582 1
3583 2
3584 8
3585 2
3586 1
3587 3
3588 1
3589 1
3590 5
3591 5
3594 1
3595 4
3598 1
3601 1
3602 2
3603 1
3604 1
3608 3
3609 3
3610 2
3611 2
3613 1
3614 2
3615 1
3616 1
3617 1
3618 2
3621 2
3622 1
3624 2
3625 1
3626 1
3627 1
3629 7
3630 1
3631 1
3632 3
3634 1
3635 4
3636 1
3637 1
3639 1
3640 1
3642 1
3644 1
3645 1
3649 2
3650 4
3652 1
3653 3
3655 1
3657 2
3658 1
3659 2
3660 2
3661 1
3662 2
3663 5
3664 3
3665 1
3667 2
3668 1
3669 2
3670 5
3671 1
3673 1
3674 1
3675 2
3676 2
3677 1
3678 1
3679 1
3680 1
3681 1
3682 1
3683 1
3684 2
3685 14
3686 1
3687 2
3688 3
3689 2
3691 2
3692 1
3693 1
3697 3
3700 2
3701 3
3704 2
3705 1
3707 4
3708 4
3710 2
3711 3
3712 1
3714 1
3715 6
3716 3
3717 3
3718 2
3719 1
3720 1
3722 3
3723 1
3726 2
3728 2
3729 6
3730 1
3731 1
3732 4
3734 2
3735 2
3738 2
3739 2
3740 2
3741 3
3742 5
3743 1
3747 1
3748 5
3750 3
3751 6
3753 3
3754 2
3755 1
3756 1
3757 2
3758 1
3759 1
3760 2
3761 1
3764 1
3765 5
3767 5
3768 5
3773 3
3776 2
3777 1
3778 1
3779 1
3782 11
3784 2
3787 3
3788 2
3789 2
3790 2
3791 2
3792 3
3793 2
3794 2
3795 2
3796 4
3797 2
3798 2
3799 1
3801 2
3802 2
3804 4
3805 1
3807 1
3808 3
3811 3
3812 3
3813 1
3815 1
3816 1
3818 1
3821 2
3822 2
3823 3
3824 2
3825 2
3826 3
3828 1
3831 1
3832 2
3833 2
3835 1
3836 1
3837 4
3839 1
3840 2
3841 1
3842 2
3843 2
3844 4
3845 2
3846 1
3847 1
3848 2
3849 1
3850 3
3851 3
3854 3
3855 2
3856 3
3857 2
3858 1
3860 3
3861 1
3864 4
3865 1
3866 1
3867 2
3868 3
3869 3
3870 1
3871 2
3872 1
3876 3
3877 1
3878 1
3879 2
3880 2
3881 3
3882 1
3883 5
3884 5
3885 5
3886 2
3887 5
3888 3
3889 3
3890 2
3891 1
3892 2
3893 1
3894 1
3895 1
3896 2
3899 1
3900 1
3901 2
3903 2
3905 1
3906 1
3907 1
3908 1
3911 1
3912 3
3913 1
3915 2
3916 4
3917 1
3918 1
3919 1
3920 1
3923 2
3924 2
3925 1
3928 2
3929 2
3932 1
3933 2
3934 1
3935 1
3936 2
3937 1
3939 5
3941 1
3942 1
3943 1
3947 1
3948 1
3949 1
3950 1
3951 3
3952 1
3953 1
3954 2
3958 3
3959 1
3960 1
3961 3
3962 2
3963 1
3964 1
3965 3
3967 1
3968 2
3969 3
3973 1
3974 2
3975 1
3976 3
3977 1
3978 2
3980 1
3982 1
3984 1
3985 1
3986 1
3987 4
3990 2
3991 1
3992 2
3993 1
3994 2
3996 1
3997 1
3998 2
4000 1
4002 2
4003 2
4004 2
4005 1
4006 2
4007 3
4010 1
4012 3
4014 1
4015 2
4016 1
4018 2
4020 1
4021 2
4022 1
4024 4
4027 2
4028 3
4029 1
4030 3
4032 1
4034 2
4035 1
4036 3
4037 1
4039 1
4040 1
4041 1
4043 1
4044 1
4045 6
4048 3
4050 1
4051 1
4052 3
4053 1
4054 1
4055 1
4057 2
4058 2
4059 1
4061 4
4062 1
4066 2
4067 2
4069 1
4071 1
4072 1
4073 1
4074 2
4076 3
4077 1
4078 1
4080 3
4084 1
4085 1
4086 1
4091 3
4093 1
4094 1
4096 7
4099 1
4101 1
4102 1
4103 1
4106 1
4109 4
4110 2
4111 1
4112 1
4114 4
4115 3
4116 1
4117 5
4118 1
4119 3
4120 1
4121 1
4123 1
4124 2
4125 2
4126 1
4127 1
4128 1
4129 1
4130 4
4132 3
4133 4
4135 1
4136 1
4137 1
4138 2
4140 1
4143 4
4145 1
4146 3
4148 1
4149 2
4150 1
4151 1
4152 1
4155 1
4156 1
4157 1
4158 3
4159 2
4161 2
4162 2
4163 1
4165 1
4166 3
4168 1
4169 1
4170 1
4171 1
4173 3
4174 3
4177 2
4178 1
4179 1
4180 1
4181 2
4182 1
4183 3
4187 1
4188 1
4189 4
4190 1
4191 1
4193 1
4196 5
4197 1
4198 2
4199 1
4200 2
4201 1
4203 3
4206 2
4207 1
4208 2
4209 2
4210 1
4211 1
4213 2
4214 1
4215 2
4216 3
4218 1
4219 1
4220 1
4225 3
4230 2
4232 1
4235 1
4236 2
4237 1
4238 2
4241 1
4242 1
4244 2
4246 1
4247 1
4249 1
4250 1
4255 1
4256 1
4259 1
4261 1
4262 1
4263 1
4264 3
4265 2
4266 2
4268 1
4269 1
4271 1
4272 1
4273 2
4274 2
4275 1
4276 2
4277 1
4278 2
4279 1
4281 3
4282 1
4284 1
4287 3
4288 2
4289 2
4291 2
4292 2
4294 1
4297 4
4300 2
4302 1
4303 1
4304 1
4306 1
4308 1
4309 1
4314 1
4317 1
4319 1
4320 2
4321 1
4323 1
4325 3
4328 1
4330 1
4331 1
4332 2
4335 1
4336 1
4337 2
4339 1
4340 1
4342 1
4344 6
4345 3
4347 1
4349 2
4351 2
4352 1
4354 1
4357 2
4358 2
4360 1
4361 5
4362 2
4363 3
4366 4
4368 3
4372 3
4374 1
4375 1
4376 1
4378 3
4383 1
4385 1
4391 1
4392 1
4394 2
4398 1
4400 1
4401 15
4402 2
4403 1
4406 2
4408 2
4409 1
4412 1
4413 1
4416 3
4417 1
4419 1
4420 1
4422 1
4426 2
4427 3
4428 2
4430 1
4433 2
4437 1
4438 1
4439 2
4440 1
4444 3
4445 1
4447 2
4448 1
4449 2
4450 1
4453 1
4456 1
4459 3
4463 2
4466 2
4470 1
4473 3
4475 1
4479 7
4480 1
4481 1
4483 1
4485 1
4487 1
4488 1
4489 1
4491 1
4493 1
4494 2
4495 2
4498 2
4499 1
4501 1
4504 1
4505 1
4508 1
4509 1
4510 2
4512 1
4513 3
4515 1
4517 2
4520 2
4522 2
4526 1
4528 2
4530 3
4531 2
4532 3
4533 3
4536 2
4537 4
4538 2
4540 2
4542 1
4543 1
4544 2
4545 2
4547 1
4548 2
4549 1
4551 1
4552 1
4555 1
4557 3
4560 3
4561 1
4562 1
4563 1
4564 6
4565 3
4566 1
4567 1
4568 2
4569 2
4570 2
4577 1
4578 2
4579 2
4580 1
4581 1
4582 4
4583 1
4584 2
4586 1
4587 1
4591 4
4592 2
4593 3
4597 2
4598 2
4600 1
4601 5
4602 3
4607 1
4608 2
4610 1
4611 1
4612 1
4616 1
4617 4
4618 1
4620 2
4621 2
4627 1
4628 2
4630 1
4631 2
4632 4
4633 1
4635 2
4636 1
4637 7
4639 1
4641 2
4642 3
4643 1
4644 1
4645 3
4647 2
4648 2
4649 1
4650 1
4652 1
4653 1
4655 1
4657 1
4658 1
4659 1
4660 1
4663 1
4664 5
4665 1
4666 1
4667 3
4668 1
4669 1
4670 2
4676 2
4679 2
4680 1
4686 1
4687 2
4688 2
4692 4
4695 1
4697 1
4700 1
4702 1
4704 1
4705 5
4706 1
4707 2
4709 1
4710 2
4712 1
4713 1
4714 2
4716 2
4720 1
4722 1
4723 2
4724 1
4727 1
4729 1
4732 2
4735 3
4739 4
4740 2
4746 1
4747 2
4748 1
4750 1
4751 2
4752 2
4753 1
4754 1
4755 4
4758 1
4759 1
4763 1
4764 1
4766 1
4767 2
4768 2
4772 3
4773 1
4774 1
4775 1
4776 1
4779 1
4782 1
4789 2
4791 1
4793 1
4798 3
4799 1
4800 2
4801 2
4809 3
4810 1
4811 2
4812 2
4813 1
4816 1
4818 2
4820 1
4821 1
4822 3
4825 1
4826 2
4828 2
4830 1
4836 1
4838 3
4839 1
4840 1
4841 1
4843 1
4844 1
4845 1
4846 1
4847 1
4849 1
4850 2
4853 1
4854 1
4855 2
4858 1
4860 1
4862 3
4864 1
4865 1
4866 2
4867 1
4868 1
4869 2
4873 1
4875 2
4876 3
4877 3
4878 4
4880 2
4881 1
4889 1
4890 1
4891 1
4892 1
4900 2
4902 1
4904 5
4905 3
4907 1
4908 1
4910 1
4911 1
4912 1
4913 2
4917 2
4918 3
4920 1
4921 4
4923 1
4924 2
4926 2
4929 1
4931 1
4932 3
4933 2
4935 1
4939 3
4947 1
4950 1
4952 1
4954 1
4955 1
4956 2
4957 2
4958 1
4959 1
4960 1
4961 1
4963 1
4964 2
4965 1
4968 2
4971 2
4976 1
4977 1
4978 1
4980 1
4981 1
4984 2
4986 1
4987 1
4992 1
4994 1
4997 1
4998 1
5000 2
5003 1
5004 1
5006 1
5007 1
5008 1
5009 1
5011 1
5013 2
5014 1
5015 1
5017 1
5018 1
5021 2
5023 1
5026 1
5027 2
5028 1
5029 2
5030 1
5032 1
5033 1
5034 1
5037 2
5040 1
5041 1
5044 3
5046 1
5047 2
5048 1
5049 2
5052 1
5055 1
5057 2
5058 1
5060 4
5065 1
5066 1
5067 1
5069 2
5070 1
5071 1
5073 1
5076 1
5078 1
5079 1
5080 1
5082 1
5084 1
5085 2
5086 2
5089 2
5090 2
5091 3
5092 2
5093 3
5095 1
5097 1
5098 1
5099 2
5100 1
5106 1
5109 1
5110 3
5112 3
5114 2
5115 2
5116 3
5117 3
5118 4
5119 2
5120 2
5121 2
5122 1
5123 1
5124 3
5125 2
5127 2
5130 2
5131 2
5132 2
5134 2
5139 2
5140 1
5141 1
5145 1
5146 3
5149 1
5152 3
5161 1
5162 1
5163 1
5164 1
5166 4
5170 1
5173 1
5174 1
5177 2
5178 1
5180 1
5181 2
5182 1
5185 2
5188 1
5189 2
5191 1
5192 2
5194 2
5196 1
5199 1
5200 1
5202 2
5203 1
5206 1
5208 1
5214 3
5216 1
5217 2
5220 1
5221 2
5223 1
5224 1
5230 2
5233 1
5234 1
5235 2
5236 1
5239 1
5241 1
5244 1
5245 1
5246 3
5247 1
5248 1
5249 2
5251 1
5252 1
5254 1
5255 3
5257 4
5258 1
5259 1
5262 1
5264 3
5266 3
5267 1
5268 1
5270 2
5272 1
5274 3
5279 4
5283 1
5285 1
5288 2
5290 1
5291 2
5292 2
5293 1
5294 1
5298 1
5300 3
5302 2
5306 1
5307 1
5309 1
5312 1
5314 1
5315 1
5316 1
5318 1
5319 1
5320 1
5323 1
5328 3
5329 1
5331 2
5335 1
5336 1
5339 3
5343 1
5344 1
5345 2
5352 1
5354 2
5357 1
5359 1
5360 1
5362 3
5363 2
5365 2
5367 1
5368 1
5372 1
5373 2
5375 1
5377 1
5380 5
5382 2
5383 1
5387 1
5388 1
5389 1
5391 1
5393 1
5397 1
5398 1
5403 4
5405 1
5406 2
5407 1
5409 1
5412 1
5413 2
5419 1
5420 2
5422 1
5424 1
5429 3
5430 1
5432 1
5433 2
5436 1
5437 1
5438 2
5441 1
5444 4
5445 12
5448 2
5450 2
5451 3
5452 1
5455 1
5456 1
5457 1
5458 1
5459 1
5462 3
5463 1
5464 1
5465 1
5466 3
5468 3
5471 2
5472 1
5474 2
5475 1
5476 1
5477 1
5479 2
5484 2
5485 1
5487 8
5488 1
5494 1
5495 1
5500 1
5504 1
5506 1
5507 1
5508 1
5509 1
5510 1
5512 1
5513 1
5514 1
5516 1
5517 1
5518 3
5519 3
5521 1
5522 4
5524 1
5526 1
5527 1
5528 2
5529 4
5531 1
5533 1
5537 1
5539 1
5540 2
5541 3
5542 1
5543 1
5544 4
5545 1
5547 2
5548 1
5551 1
5552 2
5553 1
5554 2
5555 3
5556 3
5557 1
5558 1
5562 3
5564 5
5567 1
5571 1
5575 1
5577 2
5578 1
5581 1
5582 2
5585 1
5593 2
5594 2
5596 2
5599 1
5601 1
5603 1
5604 1
5605 1
5609 1
5613 2
5614 3
5616 3
5617 1
5618 1
5619 1
5620 1
5622 2
5624 1
5626 2
5627 1
5629 1
5630 1
5633 2
5636 1
5637 2
5638 2
5639 1
5640 3
5643 1
5644 1
5646 2
5648 1
5653 1
5654 1
5658 1
5660 1
5661 2
5662 3
5664 1
5665 1
5667 2
5669 4
5670 1
5671 1
5675 1
5676 2
5679 4
5681 1
5683 1
5686 2
5687 1
5688 2
5689 3
5692 2
5694 1
5698 1
5699 1
5702 1
5704 2
5705 1
5706 2
5707 1
5708 6
5709 1
5710 1
5713 1
5715 1
5717 3
5718 1
5719 1
5720 2
5721 1
5722 1
5723 2
5724 1
5725 1
5727 1
5729 1
5730 1
5731 2
5733 1
5737 1
5739 1
5740 1
5744 2
5746 1
5751 1
5753 2
5759 1
5760 1
5761 1
5764 2
5765 2
5767 1
5768 3
5769 2
5770 1
5771 2
5772 2
5774 1
5776 1
5783 1
5784 1
5787 3
5788 2
5790 1
5792 1
5794 3
5795 2
5799 1
5800 2
5801 1
5804 1
5808 1
5809 1
5810 2
5814 1
5815 1
5816 3
5817 1
5819 2
5820 1
5824 1
5826 2
5830 1
5832 1
5834 3
5835 1
5837 1
5838 1
5840 1
5841 1
5842 2
5844 3
5850 1
5853 1
5854 3
5855 2
5860 1
5863 1
5865 1
5867 1
5869 2
5872 3
5877 1
5880 2
5884 1
5885 2
5886 1
5887 1
5889 2
5890 1
5891 2
5892 1
5893 3
5895 1
5897 1
5901 2
5903 2
5904 4
5907 1
5908 1
5909 4
5912 1
5913 1
5915 2
5917 2
5919 1
5921 1
5925 2
5927 2
5928 2
5929 1
5930 1
5931 1
5934 1
5935 1
5936 1
5938 1
5942 1
5943 1
5945 1
5948 2
5952 1
5953 1
5959 2
5960 1
5961 1
5962 2
5968 1
5969 1
5970 2
5972 1
5974 6
5977 1
5982 1
5984 1
5988 1
5990 1
5991 1
5996 1
5997 1
5998 2
5999 3
6003 1
6004 2
6007 3
6008 1
6009 1
6011 1
6012 1
6014 1
6016 2
6019 1
6021 1
6026 1
6028 3
6029 3
6030 1
6031 1
6033 1
6037 1
6039 1
6041 2
6043 2
6044 2
6046 1
6047 1
6048 1
6049 1
6050 1
6051 1
6055 2
6056 1
6058 1
6064 4
6068 2
6069 3
6070 1
6073 1
6077 2
6079 1
6081 1
6082 1
6083 2
6085 1
6087 2
6088 1
6089 1
6090 1
6092 1
6093 2
6095 1
6098 1
6099 1
6100 2
6102 1
6104 3
6105 2
6108 1
6110 1
6114 2
6119 1
6123 1
6125 3
6132 1
6133 2
6134 2
6135 1
6136 1
6138 1
6140 1
6142 1
6144 4
6151 1
6152 2
6155 1
6156 3
6158 1
6159 2
6163 1
6164 1
6169 2
6170 2
6172 1
6177 1
6178 1
6179 1
6183 1
6185 1
6187 1
6191 1
6194 1
6196 2
6197 3
6198 2
6199 1
6204 2
6211 1
6213 1
6214 1
6217 1
6218 1
6220 1
6227 1
6229 3
6230 1
6232 2
6233 1
6237 1
6242 1
6243 1
6244 1
6246 1
6249 1
6251 1
6253 3
6254 2
6255 2
6257 1
6258 1
6259 1
6260 1
6261 2
6262 1
6263 1
6266 3
6268 1
6269 2
6272 2
6273 1
6280 1
6282 1
6290 2
6292 2
6293 1
6296 1
6298 2
6299 1
6301 2
6303 2
6304 1
6307 1
6308 1
6309 1
6312 1
6313 2
6315 1
6322 1
6325 1
6326 2
6328 1
6332 1
6336 1
6337 2
6339 1
6345 1
6348 3
6350 1
6353 1
6355 1
6357 1
6358 1
6359 2
6360 1
6362 1
6364 3
6365 1
6366 1
6368 1
6372 2
6375 1
6376 1
6378 1
6380 1
6382 1
6384 1
6385 5
6386 1
6392 1
6396 2
6397 1
6400 1
6401 1
6405 1
6406 2
6407 3
6409 1
6410 2
6414 1
6417 2
6418 8
6423 2
6426 3
6427 1
6430 1
6432 1
6434 1
6436 2
6439 1
6441 1
6446 1
6450 1
6452 2
6455 1
6456 1
6458 1
6459 1
6460 1
6463 4
6464 1
6465 2
6466 2
6471 1
6472 1
6475 2
6476 1
6477 2
6482 3
6483 1
6485 1
6486 1
6489 2
6491 1
6492 1
6496 1
6497 2
6498 1
6499 1
6500 2
6502 2
6505 1
6506 1
6507 2
6510 1
6513 2
6520 1
6522 1
6523 1
6532 2
6533 1
6535 2
6537 1
6538 1
6543 1
6550 1
6551 1
6553 1
6555 1
6560 1
6561 2
6563 2
6565 1
6566 1
6569 1
6572 1
6575 1
6577 1
6580 2
6581 1
6588 1
6589 1
6592 1
6596 1
6600 1
6604 1
6605 3
6609 1
6611 1
6612 1
6618 2
6619 1
6622 1
6627 1
6632 1
6636 1
6640 2
6642 1
6644 1
6650 1
6659 1
6662 1
6663 1
6664 1
6665 2
6667 2
6668 2
6671 1
6672 1
6674 1
6685 2
6686 1
6690 1
6693 1
6695 1
6698 1
6702 1
6703 2
6705 1
6706 1
6708 1
6712 2
6715 1
6716 1
6718 1
6720 1
6722 1
6726 1
6730 1
6736 3
6738 1
6739 1
6741 1
6743 2
6747 1
6750 3
6754 1
6755 1
6757 2
6761 1
6765 3
6768 1
6770 1
6773 1
6774 2
6776 1
6777 3
6778 1
6786 1
6792 1
6793 1
6794 1
6796 1
6800 1
6802 2
6803 2
6804 1
6805 1
6808 1
6810 1
6813 3
6822 1
6829 2
6830 1
6832 1
6833 1
6836 2
6838 1
6839 2
6840 1
6844 1
6848 3
6850 1
6858 1
6860 2
6863 2
6868 1
6869 1
6872 2
6873 1
6879 1
6880 1
6881 1
6885 1
6890 2
6892 1
6895 2
6896 1
6898 2
6901 1
6904 2
6905 1
6908 2
6914 1
6915 1
6918 1
6922 2
6925 1
6931 1
6934 2
6935 1
6938 2
6939 1
6940 1
6943 1
6945 1
6948 1
6951 1
6954 1
6956 2
6957 2
6963 1
6964 1
6974 1
6979 2
6980 1
6981 3
6984 6
6989 3
6990 1
6992 3
6994 2
6995 1
6997 1
7000 1
7002 1
7003 1
7004 1
7005 1
7010 1
7012 1
7014 2
7017 1
7019 1
7020 1
7026 1
7030 1
7032 1
7033 1
7035 1
7044 2
7048 1
7049 1
7052 1
7056 1
7067 1
7070 1
7073 1
7077 1
7080 1
7081 1
7084 3
7085 1
7087 2
7089 1
7093 1
7094 3
7100 1
7101 1
7106 1
7107 2
7110 1
7111 2
7113 2
7114 1
7116 1
7117 2
7120 1
7123 1
7129 1
7130 1
7131 1
7132 1
7134 2
7135 1
7140 1
7141 1
7144 1
7151 1
7152 1
7155 1
7156 1
7159 1
7160 1
7161 2
7168 2
7170 1
7171 1
7172 1
7173 2
7175 1
7176 1
7177 1
7178 1
7179 1
7183 1
7191 1
7198 1
7202 2
7205 2
7210 1
7217 1
7219 1
7221 1
7222 2
7223 1
7224 1
7226 2
7230 1
7232 1
7233 1
7234 1
7235 1
7241 1
7243 1
7245 2
7247 1
7248 2
7250 1
7255 1
7257 1
7258 1
7259 1
7266 1
7268 1
7271 1
7273 1
7274 1
7275 1
7276 1
7283 1
7284 2
7286 2
7287 1
7288 2
7292 1
7293 2
7301 2
7302 1
7303 1
7304 1
7305 2
7311 1
7312 1
7318 1
7321 1
7323 2
7326 1
7327 1
7331 1
7332 1
7338 1
7345 2
7349 1
7350 3
7353 1
7354 1
7355 1
7356 1
7360 1
7362 1
7363 1
7372 1
7373 3
7379 2
7382 2
7384 2
7385 1
7386 2
7390 1
7393 2
7394 1
7398 1
7405 1
7406 1
7409 1
7411 1
7412 1
7413 4
7414 1
7417 1
7419 1
7422 1
7428 1
7432 1
7434 1
7436 2
7439 1
7440 1
7444 1
7451 1
7454 1
7462 3
7463 1
7464 1
7465 1
7467 1
7470 1
7471 1
7478 1
7481 2
7482 1
7484 1
7486 2
7493 1
7495 2
7502 1
7505 2
7509 2
7512 2
7513 1
7517 2
7518 1
7519 1
7521 3
7522 2
7527 3
7530 1
7531 2
7534 1
7536 1
7537 1
7539 1
7540 1
7541 1
7544 1
7545 1
7546 2
7548 1
7553 1
7555 1
7557 1
7559 1
7560 1
7563 1
7565 1
7571 1
7574 1
7575 1
7577 1
7578 1
7587 1
7589 1
7590 1
7591 1
7592 1
7593 1
7595 4
7597 3
7598 1
7599 1
7606 1
7612 1
7615 1
7623 1
7624 1
7626 1
7628 1
7630 1
7633 4
7634 2
7636 1
7642 2
7646 1
7655 2
7657 1
7659 1
7662 1
7664 2
7669 1
7676 1
7679 1
7680 2
7686 1
7692 1
7694 1
7696 1
7701 3
7704 1
7711 1
7712 1
7715 2
7716 1
7718 1
7719 1
7724 1
7726 1
7727 1
7732 1
7747 1
7749 1
7751 2
7757 2
7760 1
7761 1
7763 1
7764 3
7766 1
7767 2
7769 2
7770 2
7775 1
7776 1
7777 1
7784 1
7785 1
7799 1
7800 3
7806 2
7811 1
7812 2
7814 1
7818 1
7820 2
7826 1
7827 1
7829 1
7832 4
7833 2
7837 1
7838 1
7851 1
7852 2
7853 20
7857 2
7863 1
7867 1
7869 1
7874 1
7884 1
7889 1
7890 1
7895 2
7902 1
7903 1
7906 1
7907 1
7908 2
7910 1
7914 1
7915 2
7916 1
7919 1
7920 1
7921 1
7923 1
7925 1
7929 1
7931 2
7933 1
7934 1
7937 4
7939 1
7940 1
7946 1
7947 3
7949 1
7951 3
7955 1
7957 1
7958 1
7960 1
7961 1
7966 2
7967 1
7974 1
7975 1
7981 1
7983 1
7990 1
7991 1
7994 1
7995 2
7996 1
8001 1
8012 1
8015 1
8029 1
8030 3
8032 1
8035 1
8039 3
8041 1
8045 1
8049 2
8059 2
8062 1
8063 1
8065 2
8072 1
8073 1
8074 1
8075 1
8085 2
8086 1
8087 1
8089 1
8090 1
8092 1
8096 1
8098 2
8102 1
8105 1
8106 1
8108 1
8109 1
8110 1
8115 2
8122 1
8125 1
8126 1
8128 3
8129 1
8135 1
8136 1
8137 1
8139 1
8142 1
8144 1
8147 1
8151 1
8156 1
8160 2
8168 1
8169 1
8175 1
8176 1
8181 2
8182 1
8183 1
8185 1
8186 1
8192 4
8206 1
8210 1
8211 1
8220 1
8221 2
8222 1
8226 1
8227 1
8236 1
8237 2
8243 3
8244 2
8247 2
8249 1
8252 1
8256 1
8257 1
8258 2
8259 1
8266 1
8268 1
8275 1
8280 1
8285 1
8286 1
8287 1
8288 1
8290 1
8293 1
8294 1
8297 1
8301 1
8307 1
8312 1
8313 1
8321 1
8326 1
8329 1
8331 1
8333 1
8334 1
8342 3
8351 1
8358 2
8360 1
8361 1
8362 1
8371 2
8379 1
8383 1
8384 1
8386 2
8389 1
8396 2
8400 1
8402 1
8404 3
8411 1
8412 2
8414 1
8417 1
8422 1
8439 1
8440 4
8445 1
8448 1
8450 2
8457 1
8461 1
8468 2
8469 1
8471 2
8472 1
8473 1
8474 1
8475 2
8477 1
8481 1
8485 1
8490 1
8491 3
8494 1
8497 1
8500 13
8502 1
8507 1
8509 3
8512 1
8519 1
8520 1
8521 1
8523 1
8524 1
8526 1
8528 1
8536 1
8543 1
8544 1
8551 1
8560 1
8564 1
8565 1
8566 1
8570 1
8581 3
8589 1
8591 1
8597 1
8600 2
8602 1
8603 2
8607 1
8612 2
8619 1
8621 1
8626 1
8628 1
8632 3
8634 3
8635 1
8636 1
8641 1
8642 1
8643 1
8645 1
8649 1
8654 1
8655 1
8658 1
8659 1
8660 1
8664 1
8665 2
8666 1
8674 1
8676 1
8682 2
8688 3
8695 1
8696 1
8697 2
8699 1
8704 2
8705 1
8709 1
8710 1
8715 1
8717 1
8720 2
8721 1
8723 1
8725 2
8735 2
8736 1
8737 1
8739 1
8740 1
8744 1
8749 2
8750 1
8754 1
8758 1
8761 1
8769 2
8772 1
8773 2
8774 1
8775 1
8776 1
8781 2
8783 1
8786 1
8788 1
8790 2
8800 1
8802 1
8804 1
8810 1
8819 1
8824 1
8828 1
8829 2
8831 1
8832 1
8835 2
8839 1
8840 1
8852 1
8859 1
8863 1
8867 2
8870 2
8874 2
8876 1
8880 1
8881 1
8883 1
8884 2
8888 2
8889 1
8897 1
8899 2
8902 2
8904 2
8909 1
8914 4
8919 1
8920 1
8921 1
8922 1
8924 1
8931 1
8932 2
8934 1
8939 1
8941 2
8943 1
8945 1
8946 1
8950 2
8952 1
8954 3
8960 1
8962 2
8964 1
8965 1
8966 1
8967 3
8968 1
8976 1
8981 1
8984 1
8989 2
8991 1
8992 1
8995 1
8996 2
9000 1
9003 1
9004 1
9007 1
9012 1
9013 1
9015 1
9017 1
9020 1
9021 1
9025 1
9028 1
9031 1
9039 1
9044 1
9046 1
9049 1
9057 1
9060 2
9063 1
9065 3
9070 1
9072 1
9075 1
9076 1
9078 1
9080 1
9081 1
9083 1
9090 4
9099 2
9101 1
9104 1
9107 1
9108 1
9110 2
9112 1
9117 1
9119 1
9122 1
9126 2
9128 1
9129 1
9134 1
9136 1
9140 1
9144 1
9145 5
9147 1
9153 1
9156 1
9163 1
9168 1
9173 1
9176 3
9189 1
9197 1
9200 1
9202 1
9203 2
9207 1
9212 1
9216 1
9221 2
9226 1
9227 1
9228 1
9231 1
9236 1
9239 1
9246 1
9248 1
9254 1
9256 1
9257 1
9258 2
9260 2
9263 1
9268 1
9269 1
9273 1
9275 1
9284 1
9297 1
9299 1
9302 2
9303 4
9304 1
9306 2
9307 1
9310 1
9312 1
9313 1
9314 2
9315 1
9317 1
9324 1
9325 2
9326 1
9335 1
9342 1
9344 1
9345 2
9347 1
9350 1
9356 1
9358 2
9360 1
9361 4
9368 1
9372 1
9373 2
9378 1
9380 2
9382 1
9387 1
9394 1
9396 2
9404 1
9410 1
9412 1
9413 1
9415 14
9418 2
9424 1
9429 1
9432 1
9444 1
9446 1
9450 1
9455 2
9460 2
9463 1
9467 1
9476 1
9482 2
9487 1
9489 2
9490 1
9491 2
9497 1
9503 2
9506 1
9507 1
9509 1
9519 1
9520 1
9524 1
9533 1
9535 2
9537 1
9541 1
9548 2
9549 1
9551 2
9553 1
9557 1
9560 1
9563 1
9566 1
9568 3
9569 2
9582 1
9584 1
9587 1
9588 1
9590 2
9601 1
9602 2
9604 1
9615 2
9616 2
9617 1
9619 1
9630 1
9632 1
9633 1
9641 1
9655 1
9657 1
9661 1
9664 1
9672 1
9674 2
9676 1
9678 2
9695 2
9697 1
9700 1
9705 1
9712 1
9714 1
9715 2
9716 2
9717 1
9722 1
9737 1
9739 1
9740 3
9742 2
9744 1
9749 1
9764 1
9767 2
9769 2
9770 1
9772 1
9773 1
9774 2
9781 1
9783 1
9784 1
9785 1
9786 4
9788 1
9789 1
9790 1
9791 1
9793 1
9796 1
9799 1
9800 1
9803 1
9808 1
9815 2
9820 2
9826 1
9828 4
9829 1
9837 1
9838 1
9842 1
9844 1
9845 1
9852 1
9853 1
9875 1
9878 1
9882 1
9883 1
9891 1
9893 1
9900 1
9911 1
9918 1
9935 1
9936 1
9943 1
9945 1
9949 2
9955 1
9963 2
9968 1
9974 1
9977 1
9978 1
9979 1
9997 2
10000 1
10004 1
10008 1
10010 1
10016 1
10024 1
10026 1
10030 1
10031 2
10032 1
10035 1
10037 1
10038 1
10042 1
10043 1
10045 1
10049 1
10055 1
10058 2
10060 2
10064 1
10069 1
10075 1
10079 2
10086 1
10089 1
10090 1
10100 1
10105 1
10108 1
10112 1
10114 1
10115 1
10120 1
10122 1
10135 2
10139 1
10147 1
10148 2
10157 1
10160 1
10167 1
10169 2
10172 2
10175 1
10186 1
10194 1
10199 1
10206 2
10208 2
10211 2
10214 1
10215 1
10218 1
10234 2
10236 1
10240 1
10243 1
10244 1
10250 1
10253 1
10270 1
10271 2
10273 1
10276 1
10279 1
10284 1
10286 1
10291 1
10292 1
10294 2
10296 1
10299 1
10304 1
10312 1
10316 1
10326 1
10328 1
10351 1
10352 1
10354 1
10359 1
10365 1
10369 1
10376 1
10377 1
10379 1
10382 1
10384 1
10387 1
10390 1
10398 1
10400 2
10415 1
10416 1
10419 1
10423 1
10428 1
10436 1
10437 1
10439 1
10440 2
10444 1
10445 1
10449 2
10454 1
10458 1
10460 1
10461 4
10467 1
10472 1
10479 1
10484 2
10488 2
10490 1
10491 1
10495 1
10500 1
10501 1
10506 1
10509 1
10513 1
10514 2
10518 2
10520 2
10521 2
10527 2
10533 1
10545 1
10549 1
10551 1
10552 1
10563 1
10565 1
10576 1
10586 1
10595 1
10600 2
10605 1
10610 1
10614 1
10619 2
10632 1
10637 1
10640 1
10643 1
10647 1
10656 1
10658 1
10665 1
10666 1
10671 1
10672 1
10673 1
10677 1
10678 1
10692 1
10693 3
10697 1
10711 2
10721 2
10725 1
10732 1
10737 2
10738 1
10744 2
10746 1
10751 1
10752 2
10753 1
10754 1
10757 1
10759 1
10765 1
10766 2
10768 1
10769 1
10773 1
10775 1
10776 1
10777 1
10778 1
10779 1
10781 1
10790 1
10795 1
10796 1
10797 1
10799 1
10802 2
10813 1
10815 1
10816 2
10817 1
10824 1
10825 1
10828 1
10830 1
10839 1
10840 2
10842 1
10844 2
10848 1
10849 1
10854 1
10856 1
10860 2
10864 1
10865 1
10875 1
10876 1
10878 1
10879 1
10882 1
10885 1
10886 1
10891 1
10896 1
10901 1
10907 1
10933 1
10935 1
10937 1
10941 3
10945 1
10948 2
10954 1
10959 1
10963 1
10974 1
10981 1
10982 1
10983 1
10986 1
10988 2
10993 1
10994 1
10996 1
11003 1
11004 1
11006 1
11008 3
11026 1
11030 1
11032 2
11038 1
11050 1
11052 2
11053 1
11058 1
11060 1
11063 1
11065 1
11068 1
11079 1
11083 1
11085 1
11088 1
11096 1
11098 1
11099 1
11103 1
11104 1
11108 1
11115 1
11117 1
11122 3
11143 2
11148 1
11160 1
11165 1
11168 1
11172 1
11173 1
11175 1
11179 1
11197 1
11205 1
11207 1
11209 1
11210 1
11214 1
11216 1
11219 1
11220 1
11226 1
11235 1
11245 1
11247 1
11248 1
11254 2
11256 1
11257 1
11261 1
11263 1
11265 1
11270 1
11275 1
11276 1
11278 2
11280 3
11281 1
11283 2
11289 1
11291 1
11292 1
11294 2
11296 3
11297 3
11300 1
11304 1
11307 1
11311 1
11319 1
11322 1
11323 1
11324 1
11325 1
11328 1
11331 1
11343 1
11348 1
11349 1
11354 1
11358 1
11366 1
11370 1
11376 1
11380 1
11382 1
11385 1
11388 1
11410 2
11414 1
11418 2
11419 1
11420 1
11429 1
11432 1
11438 2
11441 1
11442 2
11443 1
11444 3
11453 1
11457 1
11460 1
11465 1
11467 1
11480 2
11483 2
11487 1
11490 2
11497 1
11499 1
11502 1
11506 1
11521 1
11530 1
11541 1
11544 1
11549 1
11551 3
11562 1
11565 2
11572 1
11575 1
11584 1
11589 1
11590 2
11592 1
11594 1
11595 1
11599 1
11601 2
11605 1
11606 1
11608 2
11614 1
11617 2
11626 1
11633 1
11635 1
11636 1
11648 1
11650 1
11651 1
11655 1
11657 2
11659 1
11662 2
11668 1
11675 1
11677 2
11687 1
11692 1
11698 1
11707 1
11710 1
11711 2
11714 2
11715 1
11720 2
11725 1
11726 2
11732 1
11738 1
11754 1
11765 1
11773 1
11776 3
11781 1
11785 4
11802 1
11809 2
11816 2
11817 1
11828 1
11835 1
11836 2
11837 1
11850 1
11852 1
11853 1
11854 1
11874 1
11881 1
11887 1
11894 1
11896 1
11897 1
11899 1
11908 1
11922 1
11923 2
11924 1
11928 2
11930 1
11938 1
11953 1
11956 3
11958 1
11960 2
11962 1
11964 1
11990 1
11996 1
11998 1
12004 1
12017 2
12021 1
12022 2
12039 1
12050 1
12055 1
12056 1
12059 1
12063 1
12068 1
12074 1
12082 1
12089 1
12092 2
12105 1
12110 1
12113 1
12118 1
12130 3
12132 1
12133 1
12134 1
12136 1
12142 1
12148 1
12152 2
12153 1
12155 2
12156 1
12158 1
12162 1
12163 3
12165 1
12169 1
12174 1
12179 2
12181 1
12183 1
12184 1
12186 2
12190 1
12204 2
12208 2
12213 1
12214 1
12216 1
12219 1
12224 1
12228 1
12230 1
12241 1
12243 1
12246 1
12248 1
12260 1
12262 1
12268 1
12269 3
12276 1
12282 2
12289 2
12290 2
12292 1
12316 1
12328 2
12331 1
12332 1
12344 1
12346 1
12351 1
12366 2
12368 1
12371 1
12380 2
12391 1
12392 2
12397 1
12398 2
12399 1
12400 1
12402 1
12403 1
12408 2
12422 3
12423 1
12424 1
12425 1
12426 1
12427 1
12428 1
12430 1
12433 3
12439 1
12440 1
12441 1
12445 1
12446 1
12447 1
12448 1
12449 4
12453 2
12456 2
12470 1
12475 2
12476 1
12477 1
12479 1
12488 3
12489 2
12490 1
12491 1
12494 1
12512 3
12513 1
12517 1
12518 1
12533 1
12536 1
12549 2
12551 1
12568 1
12569 2
12572 1
12573 2
12581 2
12582 1
12585 1
12586 1
12587 1
12611 1
12614 3
12629 1
12632 1
12634 2
12639 1
12642 1
12652 1
12656 1
12670 1
12671 1
12675 2
12676 1
12682 1
12688 1
12693 1
12694 1
12695 2
12696 4
12698 1
12702 1
12704 1
12709 1
12717 1
12719 1
12720 1
12722 1
12729 1
12734 1
12737 2
12738 1
12740 1
12742 1
12754 1
12761 2
12764 1
12768 1
12769 2
12775 1
12777 1
12781 1
12792 1
12795 1
12796 2
12801 2
12802 1
12807 1
12812 1
12820 1
12823 1
12824 1
12828 2
12841 1
12846 1
12848 2
12850 1
12852 1
12854 2
12859 1
12883 1
12885 1
12888 1
12895 1
12898 1
12901 2
12902 1
12913 1
12917 1
12928 1
12931 1
12933 2
12934 1
12935 1
12936 1
12948 1
12958 1
12960 1
12970 1
12985 1
12994 1
12996 1
12998 1
13000 1
13012 1
13017 1
13024 2
13027 2
13028 2
13037 1
13040 1
13059 1
13064 1
13068 1
13071 1
13073 1
13076 1
13079 1
13081 1
13097 1
13102 2
13108 1
13109 1
13110 1
13112 1
13138 2
13142 1
13146 1
13147 1
13155 1
13158 1
13159 1
13160 1
13163 1
13170 2
13175 2
13180 1
13186 1
13188 1
13190 1
13195 1
13196 1
13197 1
13202 1
13203 1
13215 1
13216 1
13218 1
13240 1
13244 1
13248 1
13255 1
13263 1
13265 1
13267 1
13272 1
13280 1
13283 1
13286 1
13288 1
13296 2
13303 1
13311 2
13318 1
13323 1
13329 1
13330 4
13334 1
13361 1
13362 1
13366 1
13368 1
13369 1
13370 1
13373 1
13374 1
13376 1
13409 2
13439 2
13442 2
13444 1
13447 1
13458 1
13466 1
13470 3
13474 1
13480 1
13482 1
13483 1
13493 1
13494 1
13501 1
13525 1
13527 1
13535 1
13540 1
13542 1
13546 1
13555 2
13562 1
13566 1
13574 1
13583 1
13589 1
13596 1
13597 1
13605 1
13616 2
13618 1
13621 1
13632 2
13634 1
13636 1
13645 1
13647 1
13652 1
13658 1
13665 1
13677 1
13679 1
13683 1
13684 1
13686 1
13692 3
13693 1
13696 1
13724 1
13732 2
13738 2
13742 1
13743 1
13748 1
13757 1
13764 5
13766 1
13771 1
13776 1
13779 1
13782 1
13796 1
13807 1
13820 2
13829 1
13836 1
13849 1
13868 1
13874 1
13875 1
13881 1
13882 1
13887 1
13925 1
13931 1
13933 1
13941 1
13944 1
13945 1
13948 1
13949 1
13954 1
13964 1
13965 1
13968 1
13976 2
13989 1
13991 1
13997 1
13998 1
14002 1
14005 1
14008 1
14010 1
14015 1
14017 1
14021 1
14022 1
14035 1
14036 1
14054 1
14068 2
14070 1
14071 1
14086 1
14096 1
14100 1
14112 1
14114 1
14122 1
14124 1
14131 1
14132 1
14138 1
14144 1
14160 1
14161 1
14162 1
14165 1
14166 1
14177 1
14182 2
14189 1
14192 1
14200 1
14202 1
14208 1
14211 1
14212 1
14233 1
14236 1
14239 1
14241 1
14245 1
14246 1
14252 1
14255 1
14260 1
14266 1
14283 2
14286 1
14290 1
14301 2
14306 3
14309 1
14316 1
14320 1
14323 1
14326 1
14330 1
14339 1
14340 1
14343 1
14354 1
14355 1
14360 2
14362 1
14364 1
14367 1
14372 1
14373 1
14376 1
14378 1
14380 2
14384 2
14404 2
14412 1
14421 2
14424 1
14426 1
14427 1
14429 1
14430 2
14436 2
14445 1
14448 1
14453 1
14460 1
14465 1
14471 1
14498 1
14505 1
14506 1
14513 1
14522 1
14523 4
14527 1
14536 1
14542 2
14545 1
14546 2
14548 1
14549 1
14553 1
14566 1
14569 1
14571 1
14578 1
14583 1
14596 1
14608 1
14611 1
14613 4
14619 1
14621 1
14627 1
14639 1
14649 1
14652 1
14656 1
14662 1
14677 1
14692 1
14695 1
14702 1
14712 1
14716 1
14720 1
14724 1
14725 1
14729 1
14734 1
14740 1
14747 1
14750 1
14758 1
14759 1
14762 1
14770 1
14772 1
14775 1
14776 1
14782 1
14788 1
14794 1
14814 1
14815 1
14824 1
14827 1
14842 1
14849 1
14861 1
14868 1
14888 1
14891 1
14895 2
14903 1
14910 2
14912 1
14916 2
14972 1
14974 1
14977 2
14983 1
15003 1
15004 1
15014 1
15023 1
15026 1
15032 1
15046 1
15054 1
15066 1
15068 1
15075 2
15084 1
15090 1
15098 3
15111 1
15127 1
15135 1
15139 1
15150 1
15158 1
15169 1
15172 1
15180 1
15182 1
15199 2
15204 1
15211 2
15213 1
15232 1
15233 1
15245 1
15249 1
15252 1
15253 2
15255 1
15268 1
15272 1
15285 1
15296 2
15304 1
15309 1
15317 1
15324 4
15331 1
15341 1
15344 1
15345 1
15356 1
15369 1
15376 1
15384 4
15397 1
15404 1
15409 1
15414 1
15429 2
15443 1
15453 1
15461 1
15465 1
15466 1
15467 1
15473 1
15477 2
15488 1
15496 1
15499 1
15518 1
15522 2
15530 1
15531 1
15543 2
15560 1
15562 1
15567 1
15568 1
15571 2
15577 1
15580 1
15584 1
15588 1
15598 1
15622 1
15623 1
15625 1
15626 1
15628 1
15640 1
15641 1
15685 1
15698 1
15701 1
15724 1
15744 1
15747 1
15748 1
15759 1
15767 2
15781 1
15790 1
15792 2
15794 1
15795 1
15796 1
15798 1
15822 1
15824 1
15832 1
15859 1
15861 1
15893 1
15900 2
15901 2
15904 1
15905 1
15931 1
15932 1
15938 1
15940 1
15943 1
15948 1
15949 1
15951 1
15954 1
15968 1
15978 1
15982 1
15983 1
16000 1
16004 1
16006 1
16007 1
16012 1
16013 1
16018 2
16021 1
16022 1
16025 1
16051 2
16055 1
16058 1
16067 1
16072 1
16073 1
16077 1
16078 1
16081 1
16083 1
16090 1
16098 1
16102 1
16104 2
16114 1
16122 1
16128 1
16138 1
16154 1
16156 1
16169 1
16181 1
16192 1
16221 1
16224 1
16227 1
16255 1
16256 1
16260 1
16274 1
16285 1
16288 1
16289 1
16317 4
16323 1
16324 1
16326 1
16329 1
16331 1
16335 1
16339 1
16343 1
16349 1
16354 1
16362 1
16387 1
16388 1
16396 2
16407 1
16413 2
16414 2
16436 1
16442 1
16445 1
16449 1
16450 1
16453 1
16467 1
16472 1
16486 1
16489 1
16502 2
16505 1
16510 1
16519 1
16553 1
16559 1
16565 1
16568 1
16570 1
16578 1
16588 1
16589 2
16611 1
16621 1
16625 2
16665 1
16666 1
16667 1
16675 1
16676 1
16693 1
16698 1
16715 1
16716 1
16718 1
16720 1
16733 1
16740 1
16743 1
16755 1
16763 1
16770 1
16775 1
16802 1
16805 1
16807 1
16829 1
16832 1
16834 3
16836 1
16839 3
16845 1
16856 1
16879 1
16893 2
16896 1
16899 1
16901 1
16909 1
16931 1
16932 1
16934 1
16935 1
16948 2
16950 1
16976 1
16978 1
16981 1
16991 1
16992 2
17016 1
17018 1
17024 1
17050 1
17054 1
17072 1
17082 1
17098 1
17112 1
17114 1
17121 1
17133 1
17144 1
17150 1
17171 1
17199 1
17202 1
17207 2
17209 1
17210 1
17219 1
17227 1
17257 1
17258 1
17260 1
17312 1
17314 1
17316 1
17323 1
17324 1
17332 1
17338 1
17341 2
17345 1
17363 1
17368 1
17372 1
17374 1
17388 1
17397 1
17404 1
17414 1
17420 1
17426 1
17432 1
17437 1
17448 1
17452 1
17456 1
17471 1
17474 1
17505 1
17516 1
17538 1
17552 1
17556 1
17565 1
17568 1
17573 1
17591 1
17603 1
17628 1
17631 1
17636 1
17637 1
17641 1
17647 1
17648 2
17650 1
17651 1
17653 1
17667 1
17677 1
17687 1
17688 1
17734 1
17739 1
17743 2
17750 1
17765 1
17772 1
17784 1
17796 1
17797 1
17798 3
17801 1
17807 1
17810 1
17823 2
17849 1
17901 1
17902 1
17917 1
17941 1
17951 1
17960 1
17970 1
17972 2
17982 1
17997 1
18016 1
18024 1
18032 1
18038 1
18039 1
18072 1
18084 1
18092 1
18103 1
18107 1
18109 1
18117 1
18146 1
18154 1
18156 1
18161 1
18171 1
18177 1
18179 1
18181 1
18186 1
18205 1
18236 2
18263 1
18266 1
18273 1
18274 1
18282 1
18284 1
18289 1
18320 1
18328 1
18330 1
18349 1
18353 1
18375 1
18432 1
18436 2
18438 1
18453 1
18455 1
18460 1
18472 1
18488 1
18489 1
18506 1
18512 1
18520 2
18521 2
18523 1
18538 1
18551 1
18553 1
18555 1
18558 1
18567 1
18569 1
18598 2
18602 1
18606 1
18622 1
18626 1
18635 1
18637 1
18647 1
18659 1
18665 1
18672 1
18690 1
18700 1
18706 1
18721 1
18730 1
18739 1
18744 2
18757 1
18763 1
18779 1
18791 1
18813 1
18818 2
18821 1
18833 1
18836 1
18849 1
18850 1
18851 1
18878 1
18889 1
18890 1
18915 1
18916 1
18917 1
18919 1
18924 13
18925 1
18935 1
18940 1
18945 1
18978 1
19004 1
19029 1
19036 1
19060 1
19070 1
19086 1
19088 1
19089 1
19107 1
19137 1
19165 2
19183 1
19184 1
19195 1
19205 2
19223 2
19236 1
19238 1
19241 1
19250 1
19254 1
19272 1
19276 1
19290 12
19291 1
19300 2
19336 1
19345 1
19347 1
19353 1
19356 2
19364 2
19367 1
19369 1
19389 1
19393 1
19406 1
19411 2
19413 1
19420 2
19432 1
19433 1
19459 1
19461 1
19471 1
19480 1
19501 1
19502 1
19511 1
19517 2
19544 1
19556 1
19557 1
19600 1
19616 1
19617 1
19633 2
19669 1
19680 1
19685 1
19690 1
19701 1
19709 2
19711 1
19713 1
19739 2
19741 1
19753 1
19773 1
19775 1
19784 1
19796 1
19807 1
19858 1
19861 1
19862 1
19884 1
19896 1
19897 1
19906 1
19920 1
19926 1
19927 1
19935 1
19941 1
19948 1
19955 1
19972 1
19993 2
20023 1
20049 1
20055 2
20056 1
20058 1
20059 1
20070 1
20074 1
20099 1
20108 1
20118 1
20188 1
20190 2
20194 1
20206 2
20216 1
20225 1
20240 1
20263 1
20301 1
20315 1
20346 1
20356 1
20391 1
20404 1
20418 1
20446 1
20451 1
20464 1
20520 1
20521 1
20523 1
20560 1
20571 1
20574 1
20576 1
20596 1
20610 1
20611 1
20620 1
20658 1
20660 1
20664 1
20670 1
20722 1
20723 1
20747 2
20759 1
20764 1
20767 1
20768 1
20787 1
20799 1
20807 1
20808 2
20810 1
20844 1
20848 1
20853 1
20880 1
20883 1
20894 1
20919 1
20933 1
20956 1
20957 2
20986 1
20988 1
21000 1
21010 1
21011 1
21030 1
21038 1
21057 1
21070 1
21097 1
21106 2
21108 1
21141 1
21153 1
21176 1
21178 1
21184 1
21195 1
21198 1
21199 1
21208 1
21225 1
21257 1
21260 1
21262 1
21269 1
21284 1
21311 1
21324 1
21335 1
21339 1
21368 1
21374 1
21378 1
21387 1
21390 1
21394 1
21396 1
21402 1
21410 1
21417 1
21418 1
21421 1
21430 2
21433 1
21438 1
21446 1
21467 1
21468 1
21470 2
21482 1
21504 1
21506 1
21509 2
21510 2
21515 2
21554 2
21575 1
21602 2
21632 1
21645 1
21646 1
21661 2
21701 1
21712 1
21717 1
21728 2
21736 1
21746 1
21758 1
21769 1
21794 1
21799 1
21804 1
21813 1
21825 1
21840 1
21850 1
21879 1
21896 1
21901 1
21917 2
21930 1
21932 1
22000 1
22002 1
22012 1
22022 1
22024 1
22028 1
22046 1
22050 1
22064 2
22084 1
22118 1
22128 4
22130 1
22140 1
22157 4
22185 2
22187 2
22203 1
22204 1
22210 1
22215 1
22228 1
22229 1
22242 1
22295 1
22296 1
22302 1
22322 1
22323 1
22328 2
22330 1
22342 1
22347 1
22371 1
22386 1
22389 1
22446 1
22451 2
22455 2
22461 1
22479 1
22487 1
22497 1
22528 2
22552 1
22557 1
22590 1
22642 1
22643 2
22660 1
22662 1
22670 2
22686 1
22688 1
22689 1
22692 1
22716 1
22740 1
22783 1
22789 1
22790 1
22795 1
22807 1
22814 1
22867 1
22877 1
22896 1
22916 1
22942 1
22958 1
22960 1
22979 1
22983 1
23026 1
23062 1
23084 1
23144 1
23163 1
23174 1
23184 1
23186 1
23190 1
23196 1
23197 1
23202 1
23220 1
23232 1
23256 2
23288 1
23290 1
23300 1
23308 1
23324 1
23334 1
23345 1
23350 1
23358 1
23375 1
23415 1
23426 1
23435 1
23437 2
23438 1
23469 2
23483 1
23490 1
23491 1
23493 1
23498 1
23519 1
23522 1
23536 1
23547 1
23555 1
23579 1
23594 1
23596 1
23600 1
23602 1
23629 1
23630 1
23631 1
23643 1
23672 1
23700 1
23720 1
23745 1
23754 1
23761 1
23801 1
23831 1
23855 1
23856 1
23876 2
23937 1
23952 1
23968 1
24019 1
24024 1
24032 1
24047 2
24064 1
24080 1
24111 1
24123 1
24124 1
24129 1
24150 1
24151 1
24191 1
24211 1
24215 1
24232 1
24240 1
24273 1
24280 1
24282 1
24314 3
24332 1
24340 1
24366 1
24368 1
24377 1
24378 1
24396 1
24403 1
24407 1
24411 2
24417 1
24433 1
24441 1
24451 1
24456 1
24480 1
24558 1
24576 2
24580 1
24618 1
24622 1
24654 1
24669 1
24673 1
24696 1
24703 2
24728 1
24732 1
24739 1
24740 1
24743 1
24756 1
24782 1
24818 1
24828 1
24836 3
24855 2
24917 1
24923 1
24935 2
24938 1
24950 1
24953 1
24956 1
24967 1
24975 1
24976 1
24990 2
25010 1
25018 1
25027 2
25051 1
25057 1
25069 1
25072 1
25073 1
25087 1
25103 1
25126 1
25134 1
25164 1
25169 1
25195 1
25215 1
25227 1
25228 1
25236 1
25254 1
25265 1
25269 1
25292 1
25295 1
25344 2
25357 1
25361 1
25384 1
25396 1
25419 1
25426 1
25432 1
25434 1
25446 1
25449 1
25455 1
25457 1
25475 1
25482 1
25489 1
25490 1
25493 1
25499 1
25505 1
25528 1
25559 1
25615 1
25617 1
25675 1
25692 1
25708 1
25709 1
25730 1
25735 1
25766 1
25786 1
25792 4
25796 1
25815 1
25821 1
25846 1
25847 1
25848 1
25864 1
25872 1
25904 1
25961 1
25964 1
25977 1
25984 1
26006 1
26032 1
26041 1
26070 1
26096 1
26139 1
26188 2
26237 1
26239 1
26255 1
26270 2
26277 1
26291 1
26295 1
26299 1
26320 1
26328 1
26375 1
26422 1
26447 1
26455 1
26483 1
26551 1
26552 2
26558 1
26563 1
26607 2
26616 2
26622 1
26624 1
26628 1
26651 1
26704 1
26706 1
26708 1
26722 2
26725 1
26729 1
26799 1
26802 1
26819 1
26888 1
26903 1
26919 1
26920 2
26944 1
26959 1
26994 1
27006 1
27009 1
27014 1
27043 1
27066 1
27067 1
27090 1
27136 1
27142 1
27150 1
27175 1
27182 1
27188 1
27191 1
27192 1
27212 1
27230 1
27231 2
27241 1
27350 1
27397 1
27401 1
27442 1
27449 1
27489 1
27490 1
27528 2
27538 1
27592 1
27613 1
27648 1
27666 1
27802 2
27804 1
27812 1
27829 1
27859 1
27876 1
27877 1
27924 1
27962 1
28000 1
28044 1
28071 1
28091 2
28171 1
28176 1
28216 1
28237 1
28246 1
28252 1
28264 1
28288 1
28303 1
28318 1
28322 1
28329 1
28354 1
28412 1
28414 1
28420 1
28459 1
28463 1
28470 1
28521 1
28570 1
28572 1
28620 1
28624 1
28633 1
28640 1
28664 2
28672 3
28693 1
28697 1
28700 1
28703 1
28711 1
28715 1
28716 1
28755 1
28772 1
28811 1
28829 1
28890 1
28910 1
28913 1
28916 1
28918 1
28922 1
28947 1
28970 1
28973 1
28995 1
29062 1
29063 1
29128 1
29143 1
29183 1
29201 1
29216 1
29247 2
29252 1
29274 1
29280 1
29284 1
29286 2
29310 1
29315 1
29327 1
29355 1
29364 1
29382 1
29439 1
29444 1
29474 1
29513 1
29533 1
29570 1
29607 1
29610 1
29614 1
29620 2
29623 1
29629 1
29693 1
29699 1
29721 1
29734 1
29769 1
29771 1
29797 1
29799 1
29802 1
29854 1
29885 1
29917 1
29921 2
29924 1
29936 1
29945 1
29949 1
29951 1
29966 1
29983 1
29988 1
30027 1
30052 1
30082 1
30085 1
30089 1
30124 1
30125 1
30127 1
30144 1
30191 1
30194 1
30219 1
30240 1
30246 1
30259 1
30276 1
30325 1
30392 1
30407 2
30409 1
30418 1
30426 1
30434 1
30435 1
30455 1
30512 1
30523 1
30637 1
30685 1
30735 1
30749 1
30758 1
30770 1
30798 1
30824 1
30889 1
30956 1
30980 1
30991 1
30996 1
31004 1
31009 1
31017 1
31042 1
31060 1
31104 1
31130 1
31148 1
31149 1
31190 1
31200 1
31206 1
31226 1
31241 1
31261 1
31270 1
31348 1
31392 1
31397 2
31445 1
31449 1
31459 1
31495 1
31504 1
31520 1
31571 1
31617 1
31631 1
31673 2
31702 1
31747 1
31748 1
31763 3
31796 1
31808 1
31831 1
31832 1
31837 1
31861 1
31879 1
31906 1
31908 1
31911 1
31934 1
31948 1
31957 1
31982 1
32002 1
32018 1
32081 1
32104 2
32155 1
32158 1
32175 1
32188 1
32199 1
32209 1
32215 1
32261 1
32274 1
32318 1
32326 1
32329 1
32334 1
32349 1
32366 1
32384 1
32396 1
32414 2
32418 1
32421 1
32427 1
32449 3
32460 1
32462 1
32464 1
32480 1
32525 1
32556 1
32562 1
32564 1
32588 1
32593 1
32600 1
32614 1
32634 1
32642 1
32749 1
32767 2
32768 2
32852 1
32857 1
32865 1
32883 1
32887 1
32917 1
32945 1
32956 1
33000 1
33082 1
33089 1
33090 1
33113 1
33119 1
33133 1
33134 1
33160 1
33201 1
33217 1
33236 1
33275 1
33310 1
33326 1
33327 1
33328 1
33387 1
33415 1
33438 1
33442 1
33488 1
33509 1
33522 1
33544 1
33592 1
33620 1
33640 1
33644 1
33647 1
33659 1
33675 1
33727 1
33924 1
33975 2
33997 1
34076 1
34100 1
34106 1
34128 1
34138 1
34159 1
34169 1
34194 1
34218 1
34219 2
34225 1
34227 1
34232 1
34236 1
34247 2
34259 1
34264 1
34283 2
34316 1
34318 1
34325 1
34342 1
34439 1
34468 1
34498 1
34517 1
34566 1
34615 1
34632 1
34648 1
34649 1
34654 1
34695 1
34713 1
34799 2
34807 1
34816 3
34841 1
34862 1
34895 1
34932 1
34940 3
34948 1
35063 1
35094 1
35095 1
35171 1
35221 1
35236 1
35262 1
35280 1
35328 1
35342 1
35373 5
35384 1
35404 1
35485 1
35506 1
35547 1
35588 1
35608 1
35636 1
35704 1
35720 1
35797 1
35816 1
35825 1
35840 1
35904 1
35912 1
35917 2
35993 1
36003 2
36034 1
36113 1
36128 1
36132 1
36250 1
36341 2
36349 1
36491 1
36526 1
36534 1
36570 2
36713 1
36732 1
36737 1
36767 1
36777 1
36804 2
36831 1
36838 1
36843 1
36864 3
36869 1
36872 1
36883 1
36884 1
36890 1
36892 1
36922 1
36925 2
36947 2
37000 1
37062 1
37074 1
37100 1
37108 1
37134 1
37153 1
37157 1
37293 1
37317 1
37339 1
37342 1
37363 1
37391 1
37450 1
37473 1
37480 1
37496 1
37498 1
37517 1
37537 1
37543 1
37545 1
37616 1
37690 1
37733 1
37812 1
37838 1
37845 1
37850 1
37925 1
37937 1
37988 1
38003 1
38079 1
38089 1
38097 1
38121 1
38126 1
38130 1
38220 1
38226 1
38252 1
38268 1
38286 1
38317 1
38376 4
38394 1
38413 1
38415 2
38431 1
38435 1
38458 1
38531 1
38537 1
38561 1
38592 1
38608 1
38626 1
38642 1
38650 1
38804 2
38806 1
38822 1
38826 1
38834 1
38847 1
39003 2
39004 1
39028 1
39050 1
39123 1
39159 1
39174 1
39192 1
39222 1
39264 1
39269 1
39362 1
39400 1
39458 1
39462 1
39468 1
39531 1
39581 1
39607 2
39618 1
39817 1
39842 1
39867 1
39954 1
39957 1
39968 1
40104 1
40112 1
40142 1
40171 1
40195 1
40239 1
40244 1
40252 2
40257 1
40272 1
40320 1
40356 1
40472 1
40495 1
40526 1
40563 1
40637 1
40740 1
40749 1
40763 2
40816 2
40820 1
40852 1
40880 1
40905 1
40959 1
40960 6
40975 2
40993 1
41041 1
41054 1
41078 1
41098 1
41111 1
41123 1
41132 1
41147 1
41211 1
41212 1
41216 1
41230 1
41247 1
41312 1
41318 1
41332 1
41335 1
41342 1
41350 1
41372 1
41448 1
41472 1
41484 1
41512 1
41521 1
41525 1
41640 1
41717 1
41732 1
41738 1
41792 1
41812 1
41814 1
41831 1
41832 1
41893 1
41912 1
41950 1
41975 1
42003 1
42152 1
42156 1
42168 1
42337 2
42340 1
42362 1
42436 1
42442 1
42484 1
42531 1
42584 1
42639 1
42640 1
42763 1
42765 1
42822 1
42828 1
42833 1
42855 1
42857 2
42871 1
42977 2
42987 1
43061 1
43062 1
43076 1
43194 1
43226 1
43268 1
43431 1
43432 1
43509 2
43538 2
43554 1
43556 1
43578 1
43593 1
43652 1
43747 1
43757 1
43760 1
43846 1
43864 1
43900 1
43942 1
43957 1
43993 1
44032 1
44033 1
44044 1
44075 2
44090 1
44092 1
44125 1
44138 1
44160 1
44185 1
44187 1
44189 1
44195 1
44233 1
44253 1
44301 1
44327 2
44419 2
44423 1
44433 1
44475 1
44534 1
44565 1
44621 1
44624 1
44647 1
44653 1
44656 1
44696 1
44700 1
44801 1
44809 1
44814 1
44815 1
44841 1
44861 1
44957 1
44966 1
44998 1
45008 1
45056 1
45103 1
45124 1
45157 1
45215 1
45258 1
45369 1
45432 2
45434 1
45436 1
45445 1
45539 1
45554 1
45597 1
45599 1
45860 1
45870 1
45902 1
45969 1
45987 1
46030 1
46129 1
46161 1
46178 1
46184 1
46200 1
46222 1
46253 1
46292 1
46308 1
46312 1
46462 1
46515 1
46524 1
46585 1
46642 1
46648 1
46651 2
46652 1
46709 1
46759 1
46770 2
46911 1
46965 1
46999 1
47048 1
47129 1
47162 1
47171 2
47218 1
47344 1
47384 1
47508 1
47568 1
47584 1
47607 1
47612 1
47621 1
47678 1
47686 2
47720 1
47780 1
47834 1
47873 1
47884 1
47990 1
48028 1
48043 4
48113 1
48153 1
48204 1
48211 1
48222 1
48242 1
48304 1
48348 1
48430 1
48572 1
48608 1
48624 1
48632 1
48651 1
48657 1
48688 1
48727 2
48732 1
48733 2
48737 1
48803 1
48832 1
48872 1
48926 2
48941 1
49013 1
49016 1
49108 1
49109 1
49136 2
49152 2
49161 1
49167 1
49170 1
49239 1
49314 1
49334 1
49383 1
49411 1
49428 1
49596 1
49628 1
49646 1
49716 1
49774 2
49821 1
49838 1
49856 1
49913 1
49962 1
50057 1
50060 1
50089 1
50100 1
50132 1
50268 1
50380 1
50445 1
50498 1
50506 1
50553 1
50608 1
50667 1
50772 1
50896 1
50920 1
50927 1
50975 1
50987 1
51104 1
51153 1
51160 1
51199 1
51200 2
51233 10
51269 2
51279 1
51318 1
51352 2
51353 1
51384 1
51405 1
51416 1
51448 1
51505 1
51515 1
51584 1
51688 1
51701 1
51704 1
51734 1
51762 1
51773 2
51828 1
51885 1
51932 1
52016 1
52056 1
52068 1
52070 1
52102 1
52131 1
52171 1
52176 1
52204 1
52222 1
52312 1
52316 2
52330 1
52338 1
52375 1
52464 1
52472 1
52540 1
52548 1
52668 1
52717 1
52810 1
52838 2
52839 2
52929 1
52944 2
53016 1
53063 1
53064 1
53114 1
53192 1
53208 1
53236 1
53248 7
53437 1
53558 1
53576 1
53609 2
53612 1
53640 1
53667 1
53752 2
53790 1
53839 1
53874 1
53902 1
53920 2
54090 1
54097 1
54116 1
54234 1
54359 1
54367 1
54417 1
54489 1
54532 1
54540 1
54624 1
54667 1
54692 1
54754 1
54788 1
54803 1
54863 1
55013 1
55028 1
55075 1
55164 1
55188 1
55196 1
55212 1
55238 1
55352 1
55400 1
55432 1
55529 1
55547 1
55614 1
55679 1
55703 1
55715 1
55809 1
55820 1
55844 1
55918 1
55932 1
56024 1
56132 1
56234 1
56320 1
56327 1
56341 1
56342 1
56468 1
56495 1
56604 1
56607 1
56624 1
56641 1
56642 1
56652 1
56660 1
56668 1
56673 1
56744 1
56758 1
56814 1
56860 1
56876 1
56888 1
56895 2
57062 4
57176 1
57199 1
57219 1
57300 1
57312 1
57344 12
57476 1
57484 1
57577 1
57604 1
57630 1
57652 1
57666 1
57676 1
57719 1
57726 1
57753 1
57775 1
57784 1
57802 1
57836 1
57887 1
57936 1
57944 1
58031 1
58049 1
58087 1
58164 1
58169 1
58181 1
58198 1
58208 1
58228 1
58231 1
58235 1
58241 1
58271 1
58327 1
58338 1
58390 1
58458 1
58460 1
58574 1
58579 1
58586 1
58608 1
58702 1
58707 1
58786 1
58795 1
58877 1
59009 1
59016 1
59086 1
59123 1
59144 2
59194 1
59348 1
59372 1
59402 1
59429 1
59437 1
59448 1
59492 1
59517 1
59531 1
59561 1
59590 1
59597 1
59703 1
59785 1
59836 1
59870 1
59942 1
59957 1
60120 1
60136 1
60146 1
60196 1
60266 2
60284 3
60363 1
60589 1
60742 1
60763 1
60765 1
60812 1
61080 1
61158 1
61169 1
61185 1
61286 1
61384 1
61440 1
61446 1
61522 1
61545 1
61607 1
61677 1
61758 1
61839 2
61859 1
61929 1
62072 1
62079 1
62101 1
62104 1
62118 1
62133 1
62148 1
62200 1
62211 1
62231 1
62232 2
62269 1
62292 1
62464 1
62498 1
62549 1
62553 1
62617 1
62713 1
62776 1
62816 1
62848 1
62889 1
63058 1
63102 1
63122 1
63138 1
63150 1
63213 1
63269 1
63295 1
63346 1
63474 1
63736 1
63798 1
63841 1
63998 1
64014 2
64156 1
64168 1
64456 1
64464 1
64507 1
64668 1
64731 1
64929 1
64953 1
65079 1
65134 1
65140 1
65156 1
65190 1
65206 1
65353 1
65369 1
65414 1
65536 5
65537 1
65548 6
65647 1
65986 1
66088 1
66103 1
66104 1
66108 1
66210 1
66441 1
66452 1
66535 1
66536 2
66560 1
66648 1
66678 1
66760 1
66816 1
66897 1
66903 1
67058 1
67177 1
67192 1
67231 1
67473 1
67547 1
67624 1
67636 1
67640 1
67693 1
67700 1
67716 1
67749 1
67755 1
67773 1
67816 1
67824 1
67876 1
67904 2
67965 1
68064 1
68176 1
68231 1
68420 1
68509 1
68839 1
68865 1
68907 1
68958 1
69023 1
69042 1
69111 1
69164 1
69360 1
69532 1
69598 1
69632 1
69735 2
69759 1
69760 1
69800 1
69948 1
69976 1
69984 1
70021 1
70108 1
70144 2
70342 1
70441 1
70571 1
70956 1
71029 1
71200 1
71352 1
71438 1
71496 1
71575 1
71628 1
71713 1
71808 1
71929 1
72024 1
72136 1
72143 1
72250 1
72355 1
72381 1
72463 1
72532 1
72557 1
72601 2
72646 4
72677 1
72968 1
73050 1
73140 1
73233 1
73264 1
73326 1
73372 1
73419 1
73461 1
73540 1
73700 1
73728 4
73740 1
73752 1
73804 1
73901 1
73910 1
74126 2
74203 1
74529 1
74610 1
74615 1
74680 1
74729 1
74948 1
75196 1
75420 1
75537 1
75565 1
75824 3
75846 1
75961 1
76029 1
76181 1
76230 1
76260 1
76372 1
76420 1
76437 1
76488 1
76766 1
76772 2
76826 1
76915 1
76932 1
76996 1
77139 1
77452 1
77803 1
77816 1
77824 1
77907 1
77910 1
77924 1
78532 1
78647 1
78697 1
78843 1
79167 1
79589 1
79591 1
79608 1
79664 1
79766 1
79791 1
80011 1
80152 1
80263 1
80309 1
80636 1
80820 1
80932 1
80995 1
81147 1
81337 1
81367 1
81474 1
81507 1
81877 1
82141 1
82401 1
82448 1
82465 2
82560 1
82562 1
82580 1
82686 1
82736 1
82816 1
82898 1
82944 2
82959 1
83353 1
83722 1
83833 1
83979 1
84015 1
84062 1
84082 1
84354 1
84512 1
84789 1
84839 1
84959 1
85064 2
85107 1
85124 1
85143 1
85203 1
85208 1
85308 1
85315 2
85318 1
85481 1
85547 1
85668 1
86024 1
86175 1
86201 1
86243 1
86324 1
86611 1
86635 1
86740 1
86749 1
86759 2
86924 1
87371 1
87419 1
87445 1
87484 1
87537 1
87543 1
87606 1
87617 1
87761 2
87866 1
88033 1
88288 1
88395 1
88443 1
88647 1
88808 2
88928 1
88932 1
89071 1
89143 1
89152 1
89187 1
89298 1
89423 1
89448 1
89473 1
89486 1
89487 1
89529 1
89600 1
89621 1
89860 2
89979 1
90106 1
90231 1
90273 1
90473 1
90669 1
90714 1
90779 1
90856 1
90967 1
90971 1
91328 1
91351 1
91396 2
91536 1
91616 1
91690 1
92010 1
92031 1
92084 1
92160 1
92591 1
93080 2
93469 1
93580 2
93647 1
93664 1
94095 1
94208 2
94332 1
94382 1
94406 1
94690 1
94855 1
94886 1
94892 1
95397 1
95441 1
95553 1
96059 1
96807 1
96844 1
97017 1
97074 1
97425 1
97476 1
97616 1
97858 1
98007 1
98058 1
98304 2
98512 2
98572 1
98759 1
98876 1
98921 1
98952 1
99266 1
99304 1
99687 1
99740 1
99798 1
100395 1
100796 1
100808 2
100848 1
100914 1
100984 2
101168 6
101200 1
101305 2
101307 1
101504 1
101635 1
101698 1
101930 1
101982 1
102317 1
102400 1
102535 1
102588 1
103133 1
103260 1
103344 1
103389 2
103424 1
103553 1
103572 1
104894 2
105000 1
105088 1
105139 1
105214 1
106123 4
106245 1
106262 1
106288 1
106386 1
106580 1
107376 1
107556 2
107895 2
107959 2
108710 1
108717 1
108879 1
109037 1
109288 1
109433 1
109590 2
110111 1
110279 1
110973 2
111169 2
111369 1
111632 1
111737 1
111801 1
112640 1
112751 1
112768 1
112899 1
113460 1
113800 4
113841 1
114101 1
114298 1
114630 1
114688 3
114952 1
115198 1
115284 1
115446 1
115555 1
115874 1
115887 1
116582 1
116919 1
117435 1
118160 1
118225 1
119155 1
119365 1
119604 1
119664 1
119680 1
119948 1
120051 1
120547 1
120589 1
120615 1
120650 1
121169 1
121254 1
121461 1
121544 1
121664 1
121905 1
121957 1
122345 1
122403 1
122432 1
123315 1
123539 1
123678 1
123754 1
123868 1
124077 1
124223 1
124735 1
124949 1
125140 1
125230 1
125232 1
125328 1
125873 1
125930 1
126594 1
126694 1
126992 1
126996 1
127308 1
127352 1
127436 1
128355 1
128482 1
129595 1
129620 1
130177 1
131006 1
131072 1
131784 1
131910 1
132104 1
132346 1
132546 2
132608 1
132657 1
132682 1
132784 1
132814 1
133021 1
133057 2
133118 1
133161 1
134375 1
134388 1
134568 1
135168 1
135571 1
135808 1
136011 1
136077 1
137097 1
138243 1
138698 1
138699 1
138840 2
138930 2
139407 1
139826 2
140330 1
140361 1
141437 1
142429 2
143454 1
143562 1
143738 1
143999 1
145093 1
145700 1
146164 1
146584 1
147800 1
147893 1
148030 1
148227 1
148250 2
149190 2
149343 1
149559 1
149662 1
149924 1
150757 1
150808 1
151037 1
151726 1
151828 1
152484 1
152576 1
153017 1
153075 1
153394 1
153636 1
154055 1
154882 1
155359 1
156357 1
156487 1
156714 1
157267 1
158532 1
158653 1
159006 1
159251 1
159716 1
159791 1
159793 1
159908 2
160079 1
160668 1
160910 1
161170 1
161250 1
161629 1
163199 1
163456 1
163840 1
164776 1
164812 1
165236 1
165614 1
166031 1
166092 1
166698 1
166932 1
167865 1
169676 1
169756 1
169759 1
169792 1
170351 1
171532 1
171782 1
172468 1
172900 1
173044 1
173229 1
173992 2
174080 1
174203 1
174437 1
175446 1
176660 1
176672 1
176849 1
177525 1
179917 1
180430 1
180580 1
181184 1
182231 1
182456 1
182660 1
182860 1
185729 1
186027 1
186337 1
186452 1
186560 1
186591 1
186907 1
187161 1
187497 1
188538 1
189311 1
189371 1
191502 1
191527 1
192212 1
193024 1
193426 1
194774 1
195761 1
197237 1
197772 1
197928 1
198216 1
198519 1
198584 1
198854 1
201808 1
202131 1
202429 1
202737 1
202923 1
203026 1
205527 1
207492 1
207935 1
207955 1
208199 1
209328 1
209370 1
211045 1
212670 1
212741 1
213156 1
213695 1
214932 1
215015 1
216272 1
216281 1
218207 1
219721 1
220000 1
220092 1
220936 1
221473 1
221651 1
222200 1
222368 1
222517 1
222683 1
224000 1
225113 1
225478 1
225861 1
225881 1
227754 1
228672 1
229376 1
229535 1
231677 1
232193 1
234054 1
234681 1
235013 1
235117 1
235678 1
235809 1
236000 1
238131 1
239057 1
239393 1
241056 1
241293 1
241983 1
245335 1
247788 1
247910 1
248624 1
248823 1
248977 1
248983 1
249916 1
249979 1
250574 1
250596 1
253011 1
253423 1
254912 1
256272 1
257096 1
257254 1
259665 1
259986 1
260144 1
260152 1
260200 1
261092 1
262144 20
264704 1
265159 1
266527 1
267106 1
268240 1
268640 1
270336 2
271181 1
271791 1
274600 1
276184 1
276860 1
278545 1
280228 1
282142 1
282415 1
282624 1
282919 1
283056 1
283778 1
284238 1
286720 1
289262 1
290256 1
290816 1
292985 1
294530 1
296480 1
298724 1
299193 1
300144 1
300218 2
303849 1
305417 1
305708 1
306378 1
307383 1
308684 1
310039 2
314444 1
319299 1
319488 1
323301 1
324195 1
326602 1
327215 1
327573 1
330408 1
331694 1
333361 1
333496 1
334752 1
335872 1
338106 1
343103 1
343351 1
344463 1
345520 1
345620 1
345626 1
345712 1
347287 1
348431 1
348700 1
352547 1
354740 1
358464 1
360998 1
361638 1
362788 1
366528 2
367928 1
370417 1
372352 1
372840 1
375357 1
375828 1
377073 1
379494 1
379513 1
380865 1
382373 1
384567 1
385024 1
386628 1
389120 1
390166 1
396416 1
398677 1
400439 1
401408 2
402690 1
404470 1
404953 1
405504 1
406194 1
408181 1
409600 1
410212 1
411464 1
412510 1
412827 1
414972 1
418512 1
419511 1
422114 1
422427 1
424375 1
425984 1
429120 1
441571 1
445669 1
446861 1
448181 1
449870 8
449871 4
451384 1
452856 1
453141 1
453699 1
454816 1
456841 1
464422 1
466484 1
470548 1
473249 1
474316 1
475095 1
480520 1
480819 1
494925 1
496020 1
503810 1
505159 1
513892 1
513994 1
513996 1
514575 1
528404 1
528589 1
530191 1
531707 1
532480 1
535905 1
536395 1
541360 1
551527 1
553312 1
564152 1
571607 1
575107 1
579032 1
609441 1
610870 1
633743 1
634880 1
640164 1
649581 1
652920 1
664659 1
680933 1
683455 1
684333 1
701868 1
703290 1
708275 1
710080 1
719865 1
723021 1
723751 1
727115 1
731596 1
757760 1
765952 1
776723 1
776762 1
784750 1
785413 1
789611 3
802816 1
805799 1
820672 1
856237 1
881062 1
886032 1
933888 3
957225 1
966656 1
993631 1
999014 1
1003520 1
1024732 1
1029084 1
1033814 1
1052672 1
1074695 1
1084620 1
1114904 1
1134592 1
1147230 2
1187029 1
1189942 1
1197336 1
1243140 1
1257472 1
1299517 1
1336670 1
1382117 1
1386578 1
1389698 1
1413505 1
1432440 1
1441608 1
1445888 1
1495077 1
1541111 1
1551891 1
1752600 1
1925120 1
2211840 1
2371584 1
2430031 1
2456039 1
2665160 1
3405179 1
3986565 1
5193151 1
