0 141
1 2
2 2
4 1
5 1
6 8
7 3
8 13
10 13
11 7
12 6
13 3
14 6
15 2
16 4
17 1
19 1
20 6
21 1
22 4
23 1
24 2
25 1
26 16
27 9
28 1
29 4
30 64
31 2
32 15
33 13
34 8
35 2
36 2
37 2
38 4
39 4
40 7
41 10
42 2
43 9
44 14
45 7
46 1
47 9
48 4
49 6
50 4
51 1
52 2
53 3
55 3
57 5
59 2
60 2
61 3
62 5
63 6
64 7
65 16
66 24
67 8
68 167
69 2
70 5
71 7
72 17
73 13
74 8
75 21
76 4
77 8
78 16
79 15
80 34
81 12
82 8
83 1
84 9
85 10
86 32
87 15
88 4
89 10
90 11
91 11
92 36
93 22
94 36
95 16
96 11
97 12
98 2
99 7
100 10
101 5
102 6
103 1
104 7
105 7
106 6
107 6
108 9
109 6
110 3
111 18
112 2
113 7
116 1
117 6
119 1
120 2
121 3
122 7
123 2
124 1
125 2
126 2
127 2
128 3
129 2
130 4
131 1
132 1
133 3
134 8
135 3
136 1
137 4
138 6
139 7
140 4
141 5
142 2
143 2
144 2
145 2
146 1
147 1
148 1
149 17
150 6
151 7
152 7
153 1
154 2
155 8
156 1
157 1
158 9
160 40
161 4
162 6
163 8
164 4
165 2
166 2
167 1
170 1
171 4
172 3
174 1
175 1
176 8
178 3
179 5
180 3
182 1
183 2
184 1
185 2
186 3
187 4
188 3
189 1
190 11
191 2
192 3
193 5
194 3
195 4
196 5
197 2
198 4
199 3
200 1
201 6
202 2
203 7
204 2
205 2
206 3
207 1
208 2
209 7
210 3
213 6
214 4
215 4
216 4
217 4
218 1
219 3
220 2
221 5
222 7
223 2
224 3
225 4
227 9
228 2
229 3
230 1
231 10
233 1
234 4
235 6
236 2
237 1
238 3
239 3
240 6
241 1
242 2
243 1
244 3
245 2
246 3
247 2
248 3
250 1
251 2
252 2
253 7
254 6
255 7
256 7
257 1
258 4
259 2
260 1
261 1
262 1
263 1
264 1
265 4
266 5
267 3
268 5
270 3
271 1
272 3
274 9
275 13
276 5
277 6
278 11
279 1
280 3
281 2
282 2
283 3
284 3
285 2
286 4
287 3
288 6
289 2
290 3
291 1
292 2
293 3
294 6
295 8
296 9
297 1
298 3
299 2
300 3
301 4
302 2
303 2
304 1
305 2
306 1
307 1
308 2
309 2
310 5
311 1
312 2
313 2
314 5
315 9
316 1
318 1
319 5
321 5
322 8
323 8
324 7
325 2
327 4
328 2
329 2
330 5
331 3
332 3
333 2
335 6
336 2
337 6
338 1
340 6
341 3
342 2
344 3
345 1
346 5
347 4
349 6
350 2
351 5
352 1
353 1
354 6
355 4
356 4
357 3
358 1
359 8
360 7
361 2
362 5
363 14
364 6
365 2
366 5
367 5
368 3
369 2
370 61
371 3
372 2
373 4
374 6
375 1
376 7
377 2
378 2
379 2
380 2
382 7
383 1
384 2
385 5
386 7
387 5
388 2
389 10
390 4
391 1
392 3
394 2
395 5
396 1
397 2
398 1
399 2
400 1
401 3
402 1
403 1
404 3
405 4
406 1
408 2
409 4
410 2
411 1
412 1
413 5
414 2
415 4
416 1
417 1
419 2
420 5
421 4
422 1
424 3
425 5
426 2
427 2
428 5
430 3
431 2
432 5
433 5
434 4
435 5
436 4
437 5
438 3
440 6
442 2
443 2
444 3
445 2
446 2
448 2
450 1
451 2
452 1
453 6
454 9
455 4
456 3
457 5
458 8
459 15
460 15
461 6
462 10
463 1
465 13
466 11
467 35
468 2
469 6
470 2
471 11
472 15
473 29
474 6
475 6
476 4
477 4
478 10
479 32
480 11
481 20
482 10
483 8
484 4
485 1
486 6
487 6
488 3
489 6
490 4
491 3
492 4
494 3
495 2
496 3
497 11
498 2
499 1
500 1
501 1
502 6
504 3
505 3
506 5
508 2
509 4
510 3
511 2
512 1566
513 1
514 3
516 12
517 4
518 31
519 8
520 1
521 2
522 10
523 2
524 7
526 2
527 2
528 4
529 8
530 14
531 7
532 5
533 2
535 3
536 1
537 5
538 1
539 9
540 8
541 8
542 11
543 6
544 8
545 3
546 6
547 8
548 3
549 1
550 2
551 4
552 2
555 4
556 2
557 6
558 5
559 1
560 13
562 2
563 5
564 2
565 7
566 1
567 1
569 4
572 1
573 4
574 2
575 7
576 5
577 2
578 5
579 4
580 2
581 1
582 7
584 1
585 1
586 1
587 2
588 2
589 6
591 2
594 3
595 5
596 5
597 4
598 6
599 1
600 4
601 5
602 7
603 1
604 5
605 4
606 7
607 1
608 4
609 7
611 2
612 4
613 6
614 5
615 1
616 2
617 4
618 3
619 2
620 1
621 3
622 7
623 4
624 1
625 2
626 1
628 4
629 1
630 3
631 4
632 1
633 3
634 3
635 1
636 9
637 3
638 1
639 3
640 6
641 4
642 6
643 1
644 1
645 4
646 2
647 1
648 8
649 5
650 4
651 7
652 4
653 4
654 1
655 2
656 3
658 1
659 1
660 4
661 1
663 3
664 3
665 3
666 2
668 1
669 3
670 2
672 8
673 1
674 1
675 2
676 5
679 3
680 3
681 1
682 2
683 4
684 5
686 2
687 2
688 4
689 1
690 4
691 4
692 3
694 2
695 3
696 4
697 2
698 1
699 1
700 12
701 7
702 2
703 1
704 2
706 4
707 2
708 2
709 1
710 7
712 2
713 8
714 3
715 2
716 4
717 1
718 7
719 2
720 4
721 2
722 2
723 4
724 2
725 2
726 1
727 1
728 2
729 2
730 6
731 6
732 2
733 2
734 6
736 5
737 3
740 4
741 3
742 12
743 3
744 1
745 2
746 3
747 2
750 2
751 3
752 8
753 1
754 1
757 4
758 6
759 2
760 2
761 5
762 3
763 3
764 2
766 5
767 2
768 4
769 2
770 2
771 5
772 6
773 2
774 3
775 1
776 3
777 2
778 2
779 4
780 2
781 3
782 1
783 8
784 6
785 1
786 3
787 5
788 1
789 1
790 3
792 6
794 2
795 2
796 6
797 6
798 1
799 6
800 1
801 4
802 3
804 4
805 5
806 9
807 10
808 3
809 7
810 2
811 1
812 2
813 1
814 1
815 1
816 1
817 1
818 6
819 2
820 7
821 1
822 5
823 3
824 4
825 2
826 3
827 3
828 1
829 1
830 2
831 8
832 1
833 2
834 7
835 9
836 6
837 3
838 7
839 2
840 5
841 5
842 1
843 9
844 6
845 3
847 6
848 4
849 2
850 5
851 3
852 3
853 3
854 2
855 3
856 1
857 3
858 5
859 5
860 5
861 3
863 4
865 6
866 2
867 2
868 2
869 2
870 2
871 5
872 2
873 8
874 2
875 3
876 4
877 2
878 1
879 7
880 1
881 4
882 2
883 1
884 3
887 6
888 3
889 10
890 2
893 7
894 2
895 1
896 3
897 3
898 2
899 1
900 2
901 3
902 5
903 1
905 7
906 3
907 8
908 7
910 2
912 6
913 3
914 3
915 2
916 2
917 6
918 3
920 8
921 1
923 6
924 1
925 1
928 5
929 1
930 3
931 2
933 4
935 7
936 3
937 2
938 4
939 1
940 5
941 2
942 6
943 2
944 3
945 1
946 3
947 1
948 8
949 1
950 3
951 1
952 2
953 2
954 1
955 4
957 2
958 4
959 3
960 7
961 5
962 6
963 3
964 1
965 8
966 1
967 1
968 5
970 8
971 3
972 4
973 1
974 1
975 4
976 1
977 3
978 2
980 2
981 1
982 3
983 3
984 2
985 1
986 4
987 2
988 4
989 6
990 2
992 1
993 1
994 2
995 9
996 4
997 6
998 7
999 3
1000 1
1001 9
1002 2
1003 1
1004 5
1005 3
1006 2
1007 4
1008 2
1009 3
1010 3
1011 2
1012 2
1013 3
1014 4
1015 4
1016 4
1017 2
1018 2
1019 2
1021 1
1022 2
1023 1
1024 152
1025 5
1026 6
1027 2
1028 8
1029 2
1030 1
1031 3
1032 2
1033 12
1034 2
1035 3
1036 1
1038 7
1039 1
1040 2
1041 1
1042 2
1043 9
1044 7
1045 4
1046 4
1047 2
1048 1
1049 1
1051 4
1052 1
1053 4
1054 4
1055 11
1056 7
1057 2
1058 2
1059 1
1061 2
1062 3
1063 4
1064 2
1068 4
1069 2
1070 3
1071 3
1072 2
1073 2
1074 2
1075 1
1076 1
1077 2
1078 3
1079 5
1080 3
1081 7
1082 1
1083 4
1084 3
1085 2
1086 3
1087 1
1088 6
1089 6
1090 7
1091 1
1093 1
1094 1
1095 2
1096 3
1097 7
1098 2
1099 5
1101 1
1102 8
1104 1
1105 3
1106 5
1108 6
1109 6
1110 5
1111 3
1112 5
1113 4
1114 7
1115 2
1116 1
1117 3
1118 9
1119 4
1120 1
1121 2
1122 2
1123 1
1124 1
1125 4
1126 3
1127 2
1128 5
1129 3
1130 1
1131 1
1132 9
1133 2
1135 2
1136 1
1137 1
1139 3
1141 5
1142 3
1143 3
1145 2
1148 4
1149 1
1150 1
1151 1
1152 4
1153 8
1154 1
1155 5
1156 4
1158 6
1159 1
1160 4
1161 3
1162 1
1163 6
1164 1
1165 1
1166 3
1167 8
1169 1
1170 4
1172 1
1173 1
1174 3
1175 4
1176 2
1177 4
1178 5
1180 5
1181 1
1182 7
1183 9
1184 3
1185 3
1186 2
1187 1
1188 4
1189 1
1190 2
1191 2
1192 1
1193 2
1194 5
1195 3
1196 8
1197 3
1198 2
1199 7
1200 4
1201 2
1202 5
1203 6
1205 4
1206 1
1208 5
1209 1
1210 3
1211 1
1212 2
1214 1
1215 2
1216 1
1217 1
1219 1
1220 1
1221 1
1223 7
1224 4
1226 3
1229 2
1230 5
1231 2
1232 9
1233 1
1235 4
1236 3
1237 3
1238 2
1239 5
1242 3
1244 5
1246 1
1247 8
1249 5
1250 2
1252 4
1253 1
1254 1
1256 9
1257 2
1258 1
1259 2
1260 2
1261 8
1262 2
1263 4
1264 7
1265 2
1266 6
1268 6
1269 3
1270 1
1271 3
1272 4
1273 3
1274 4
1275 8
1276 1
1277 4
1278 5
1279 1
1282 3
1283 2
1284 1
1285 7
1286 1
1287 4
1288 3
1290 5
1292 2
1293 2
1294 1
1295 2
1296 2
1297 5
1298 4
1299 2
1301 6
1302 6
1303 3
1305 6
1306 5
1308 7
1309 1
1310 2
1311 1
1312 2
1313 1
1314 1
1315 1
1316 1
1317 11
1318 7
1319 2
1320 7
1322 8
1324 10
1325 1
1326 4
1327 1
1328 3
1329 5
1330 1
1331 1
1332 1
1333 1
1334 2
1335 4
1338 5
1339 1
1340 2
1341 4
1342 1
1344 1
1345 2
1347 1
1348 3
1349 4
1350 2
1351 3
1352 2
1353 1
1355 5
1356 4
1357 3
1358 1
1359 3
1361 2
1362 1
1363 4
1365 5
1366 2
1367 1
1368 6
1370 3
1372 2
1373 2
1374 1
1375 3
1376 1
1377 5
1378 3
1379 4
1380 3
1381 5
1382 2
1383 2
1384 1
1385 6
1386 5
1387 1
1388 7
1389 7
1390 2
1391 3
1392 7
1394 5
1395 1
1396 6
1397 1
1398 1
1399 1
1401 1
1402 3
1403 1
1404 2
1405 1
1406 2
1407 1
1408 3
1410 2
1411 3
1412 1
1413 1
1414 4
1415 1
1416 13
1417 1
1418 3
1419 1
1420 3
1421 3
1422 1
1424 3
1425 5
1426 4
1427 3
1428 4
1429 3
1430 1
1431 4
1432 4
1434 2
1435 2
1436 1
1437 2
1438 2
1441 3
1442 2
1444 2
1445 1
1446 1
1448 3
1449 4
1450 2
1451 3
1452 4
1454 2
1455 1
1456 4
1457 4
1459 3
1460 4
1462 1
1463 1
1465 1
1466 1
1467 1
1468 8
1469 5
1471 2
1472 4
1475 1
1476 6
1477 6
1479 1
1480 5
1481 2
1482 1
1483 3
1484 3
1485 4
1487 3
1488 2
1489 4
1491 1
1492 2
1493 1
1494 2
1495 1
1496 12
1497 1
1499 1
1500 3
1502 3
1503 1
1504 2
1505 6
1506 6
1507 1
1508 1
1509 1
1510 1
1511 1
1512 1
1513 5
1514 1
1515 1
1516 1
1517 3
1518 7
1519 7
1520 2
1521 3
1522 2
1523 2
1524 2
1526 1
1528 2
1530 4
1531 3
1532 1
1533 3
1535 2
1536 50
1538 2
1539 8
1540 1
1541 4
1542 4
1543 1
1544 3
1545 1
1546 1
1547 3
1548 2
1549 3
1550 2
1551 4
1552 1
1553 5
1554 4
1555 7
1556 3
1557 4
1558 6
1560 2
1561 1
1562 4
1564 4
1565 5
1567 3
1569 7
1570 1
1571 6
1572 3
1573 3
1575 3
1576 3
1578 1
1580 3
1581 5
1582 3
1583 2
1584 1
1586 4
1587 3
1588 1
1589 5
1590 6
1591 3
1592 2
1593 3
1595 5
1596 7
1597 4
1598 1
1600 2
1601 1
1602 4
1603 14
1604 7
1605 1
1606 7
1607 4
1608 5
1610 3
1611 1
1613 5
1614 2
1615 6
1616 2
1617 2
1620 3
1621 9
1623 3
1624 5
1625 5
1626 5
1627 3
1630 6
1631 11
1632 3
1633 4
1634 3
1635 1
1636 3
1637 1
1638 5
1639 1
1640 3
1642 2
1643 9
1644 2
1645 3
1646 4
1647 3
1648 1
1649 3
1650 2
1651 1
1652 5
1653 3
1655 5
1657 3
1658 6
1659 2
1660 4
1661 1
1662 9
1663 5
1664 1
1665 7
1666 3
1667 3
1668 6
1671 2
1672 1
1673 1
1674 3
1676 3
1677 8
1678 4
1679 1
1680 5
1681 5
1682 4
1683 7
1684 9
1685 2
1686 2
1687 1
1688 3
1689 5
1690 3
1691 5
1694 3
1697 3
1698 1
1699 4
1701 5
1702 6
1703 4
1704 1
1705 3
1706 2
1707 1
1709 3
1711 4
1712 1
1713 7
1714 3
1716 3
1718 1
1719 5
1720 2
1721 2
1722 2
1723 4
1724 3
1725 3
1728 2
1729 5
1730 2
1733 4
1734 2
1735 4
1736 2
1738 3
1739 2
1740 3
1741 1
1742 2
1744 9
1745 1
1748 1
1749 1
1751 1
1752 1
1753 3
1755 6
1756 2
1757 5
1759 3
1760 1
1761 1
1762 5
1764 3
1765 6
1766 2
1767 2
1768 1
1769 1
1771 1
1772 5
1773 9
1774 1
1775 1
1776 1
1777 4
1778 7
1779 8
1780 9
1781 12
1782 2
1783 3
1784 1
1785 1
1786 7
1787 4
1789 3
1790 8
1791 3
1792 1
1793 3
1794 1
1795 2
1796 3
1797 1
1798 2
1799 3
1800 1
1802 2
1803 3
1804 5
1805 4
1806 2
1807 8
1808 3
1809 2
1810 7
1811 2
1812 7
1813 4
1814 4
1815 1
1817 2
1818 3
1819 3
1820 3
1821 1
1822 5
1823 5
1824 2
1825 3
1826 3
1827 1
1828 3
1829 2
1830 2
1831 2
1833 2
1834 6
1835 3
1836 1
1838 2
1839 1
1840 2
1842 2
1843 2
1844 4
1845 2
1846 1
1847 1
1848 2
1849 7
1850 3
1852 4
1853 5
1854 1
1855 3
1856 3
1859 3
1860 3
1862 4
1863 3
1864 1
1865 4
1866 1
1867 1
1868 2
1869 2
1870 2
1871 1
1872 2
1873 1
1874 2
1876 1
1877 1
1878 4
1879 5
1880 3
1881 1
1882 2
1885 2
1886 3
1887 5
1888 1
1889 2
1891 2
1892 1
1893 1
1894 1
1896 1
1897 4
1898 1
1900 2
1901 5
1902 1
1903 3
1904 2
1905 3
1906 1
1908 1
1909 1
1910 6
1912 2
1913 2
1915 1
1916 1
1917 1
1918 9
1919 1
1921 4
1922 7
1923 4
1924 8
1925 4
1927 3
1928 3
1929 2
1930 4
1931 1
1932 1
1933 2
1935 1
1936 8
1937 1
1938 3
1939 5
1940 2
1941 2
1943 2
1944 12
1945 3
1946 6
1947 2
1948 6
1949 1
1950 7
1951 1
1952 1
1953 3
1954 2
1955 7
1956 1
1957 3
1958 3
1959 2
1960 1
1961 3
1963 2
1965 2
1966 1
1967 4
1968 2
1971 1
1972 6
1973 1
1974 4
1975 2
1976 6
1977 3
1978 2
1979 3
1980 3
1981 4
1982 3
1983 11
1985 2
1986 3
1987 3
1989 1
1990 1
1991 2
1992 1
1995 3
1997 3
1998 3
1999 2
2000 1
2001 2
2002 1
2003 5
2004 3
2005 3
2007 1
2008 1
2009 5
2011 1
2012 8
2013 2
2014 4
2015 1
2016 5
2017 2
2019 3
2020 1
2021 5
2022 1
2024 3
2025 4
2026 2
2027 1
2029 2
2030 1
2031 2
2033 5
2034 2
2036 1
2037 1
2038 2
2039 1
2040 6
2041 3
2042 2
2043 3
2044 2
2046 2
2048 24
2050 4
2051 5
2052 3
2053 1
2060 6
2062 6
2065 1
2067 3
2068 1
2069 1
2070 4
2071 1
2072 6
2075 6
2076 3
2077 1
2079 5
2081 2
2083 2
2084 3
2085 2
2086 7
2087 4
2088 2
2089 3
2090 2
2091 2
2092 3
2093 6
2095 3
2096 3
2097 6
2098 2
2100 1
2101 2
2102 6
2104 2
2105 1
2106 4
2107 1
2108 2
2110 2
2112 1
2113 3
2114 4
2117 3
2118 2
2120 2
2122 5
2123 2
2124 20
2126 3
2128 5
2129 3
2131 1
2132 3
2133 1
2134 1
2136 1
2137 3
2138 4
2139 1
2140 4
2141 7
2142 5
2143 3
2144 3
2145 1
2146 1
2147 1
2149 1
2150 1
2152 1
2154 1
2155 4
2156 2
2157 4
2158 4
2159 2
2160 1
2162 4
2163 11
2164 3
2165 1
2167 3
2168 1
2169 3
2170 3
2171 3
2172 3
2173 2
2174 2
2175 1
2176 2
2178 1
2180 1
2181 3
2182 3
2184 1
2185 1
2188 3
2189 3
2190 3
2191 2
2192 1
2194 1
2195 1
2196 1
2197 3
2198 1
2199 3
2200 1
2201 2
2204 2
2205 2
2206 4
2207 2
2208 4
2209 1
2212 7
2213 4
2214 1
2215 3
2216 7
2217 3
2218 2
2219 2
2220 3
2221 1
2222 1
2223 3
2224 4
2225 1
2226 1
2227 1
2228 7
2230 6
2231 3
2232 5
2233 1
2234 3
2235 1
2236 1
2238 1
2239 3
2240 2
2241 1
2242 2
2243 1
2244 1
2246 1
2247 2
2248 2
2249 1
2251 2
2253 1
2254 1
2255 7
2256 7
2257 1
2258 3
2260 2
2261 1
2262 4
2263 6
2265 4
2266 1
2267 6
2268 2
2269 2
2271 1
2272 1
2273 2
2277 1
2278 3
2279 1
2280 1
2282 1
2284 7
2287 1
2288 2
2290 7
2291 4
2293 3
2294 1
2295 2
2296 10
2298 5
2299 4
2300 3
2301 2
2302 2
2303 1
2304 4
2305 2
2306 1
2307 2
2308 2
2309 1
2310 4
2311 3
2312 1
2313 2
2314 4
2315 3
2316 2
2318 4
2320 3
2321 3
2324 1
2325 3
2326 6
2327 1
2330 1
2333 2
2334 5
2335 1
2336 3
2338 1
2340 3
2341 3
2342 8
2343 1
2344 3
2347 2
2348 1
2350 1
2351 2
2352 5
2353 1
2354 4
2355 4
2356 4
2357 3
2358 6
2360 1
2361 2
2362 4
2364 3
2365 3
2367 2
2368 1
2369 1
2370 2
2371 5
2372 6
2373 2
2374 1
2375 6
2378 2
2380 1
2381 2
2383 4
2384 1
2386 3
2387 2
2388 2
2389 2
2390 1
2391 1
2393 2
2394 16
2396 6
2397 3
2399 7
2400 5
2401 2
2402 2
2403 1
2404 4
2405 3
2406 1
2407 3
2408 1
2410 2
2411 5
2412 2
2413 3
2414 1
2415 5
2416 4
2420 1
2421 2
2422 2
2423 4
2424 1
2426 1
2427 4
2428 3
2429 4
2430 3
2431 1
2432 1
2433 1
2434 2
2435 1
2436 2
2437 2
2438 1
2439 1
2440 2
2441 3
2442 2
2444 2
2446 1
2448 3
2450 1
2451 1
2452 2
2453 1
2454 2
2455 2
2456 4
2457 2
2458 2
2459 3
2460 2
2461 3
2462 4
2463 2
2466 1
2467 1
2468 5
2469 1
2470 1
2472 4
2473 1
2474 4
2475 4
2476 1
2477 3
2479 1
2480 2
2483 2
2484 3
2486 1
2487 1
2488 2
2489 1
2491 3
2492 7
2494 2
2495 4
2496 2
2497 1
2499 5
2501 1
2502 2
2503 1
2504 1
2506 2
2507 2
2508 2
2509 6
2510 1
2512 4
2515 4
2517 1
2518 4
2520 5
2521 2
2522 8
2523 15
2524 3
2525 5
2526 1
2528 1
2530 2
2533 1
2536 3
2537 2
2538 4
2539 4
2540 5
2542 4
2544 5
2545 1
2548 2
2549 3
2553 1
2554 1
2556 1
2557 1
2558 1
2560 15
2562 8
2564 4
2565 2
2567 1
2568 2
2569 2
2570 3
2572 1
2573 1
2576 6
2577 3
2580 2
2581 1
2582 2
2583 6
2584 4
2585 1
2586 6
2587 4
2588 8
2589 2
2590 2
2592 2
2596 6
2598 1
2599 1
2600 5
2601 1
2602 3
2603 1
2604 4
2608 2
2609 6
2610 1
2611 1
2612 2
2613 2
2614 1
2615 1
2616 1
2617 3
2618 2
2619 3
2620 1
2621 1
2622 1
2624 6
2626 2
2629 1
2630 2
2633 2
2634 5
2635 1
2636 1
2637 1
2639 3
2641 2
2642 1
2643 3
2644 2
2645 1
2647 2
2648 2
2650 1
2651 1
2652 1
2655 1
2656 2
2657 3
2658 2
2659 1
2660 2
2661 3
2662 3
2663 1
2664 1
2666 2
2669 3
2670 5
2671 1
2675 2
2676 2
2678 1
2683 1
2684 2
2686 2
2687 2
2688 5
2689 1
2691 7
2692 2
2693 1
2695 1
2697 2
2698 1
2699 2
2700 4
2701 1
2702 1
2703 1
2707 4
2708 1
2711 3
2712 3
2713 1
2714 2
2716 1
2718 2
2719 1
2720 3
2721 1
2723 3
2724 1
2725 1
2726 1
2727 3
2728 1
2731 1
2732 3
2734 3
2735 1
2736 1
2737 1
2739 2
2740 2
2741 1
2743 3
2744 1
2746 2
2748 4
2749 3
2750 1
2751 1
2752 5
2753 1
2755 1
2756 1
2759 1
2760 4
2761 6
2764 3
2765 1
2766 2
2767 1
2770 1
2771 2
2772 2
2775 3
2776 2
2777 3
2778 1
2780 5
2781 3
2782 5
2785 2
2786 1
2787 6
2788 2
2789 2
2790 1
2791 2
2792 4
2794 2
2795 6
2796 1
2797 1
2798 1
2802 2
2804 4
2806 2
2807 1
2808 2
2809 6
2811 2
2812 6
2814 2
2815 1
2816 3
2817 2
2818 1
2819 1
2820 2
2821 1
2822 3
2823 1
2824 2
2825 1
2826 1
2828 2
2829 1
2830 2
2832 9
2833 4
2834 1
2835 3
2836 6
2837 1
2839 1
2840 4
2842 1
2843 3
2844 2
2845 2
2846 1
2851 3
2852 1
2853 4
2855 5
2856 3
2857 3
2858 4
2859 3
2860 1
2861 4
2863 2
2864 1
2865 1
2866 2
2868 2
2869 4
2870 10
2871 2
2872 1
2873 5
2875 2
2876 4
2877 5
2878 5
2880 1
2881 1
2882 3
2883 2
2884 2
2887 4
2889 5
2890 2
2892 3
2893 6
2894 1
2895 1
2896 1
2899 1
2900 3
2901 5
2902 1
2905 2
2906 5
2908 1
2909 2
2910 1
2911 2
2912 4
2913 2
2915 2
2916 1
2917 2
2918 2
2919 6
2920 5
2921 1
2923 1
2924 3
2925 1
2926 2
2927 3
2928 3
2931 2
2932 4
2934 2
2935 1
2936 2
2937 3
2938 1
2939 3
2940 2
2942 1
2944 1
2946 1
2948 1
2949 4
2950 3
2951 7
2952 2
2954 3
2956 2
2957 3
2960 3
2963 1
2964 4
2965 7
2966 4
2967 1
2969 1
2972 1
2975 1
2976 4
2977 1
2979 1
2980 3
2981 1
2982 1
2983 4
2984 3
2988 2
2989 2
2991 1
2992 1
2995 1
2996 2
2997 1
3000 3
3001 3
3004 3
3005 1
3006 1
3007 4
3009 1
3010 5
3011 1
3012 6
3013 2
3014 2
3015 2
3016 1
3018 1
3019 1
3020 1
3023 3
3024 3
3025 2
3026 3
3029 2
3030 1
3031 2
3032 6
3033 7
3034 1
3036 2
3037 2
3038 1
3039 4
3040 5
3041 1
3043 1
3044 2
3045 2
3048 6
3051 2
3052 4
3053 3
3055 2
3056 3
3060 2
3061 1
3062 4
3064 2
3065 1
3066 3
3067 1
3068 6
3069 8
3070 1
3071 1
3072 6
3074 2
3075 4
3077 2
3078 2
3081 5
3082 1
3083 2
3084 2
3085 1
3088 3
3090 1
3091 6
3092 5
3093 1
3094 2
3095 1
3096 3
3097 1
3098 1
3099 2
3100 2
3101 2
3103 3
3104 4
3107 2
3108 2
3110 3
3111 2
3112 6
3113 1
3115 1
3116 1
3117 2
3118 1
3121 2
3123 1
3124 3
3126 4
3127 2
3130 1
3132 1
3133 6
3134 2
3136 3
3137 2
3140 2
3141 6
3142 1
3144 2
3146 2
3147 3
3148 3
3149 2
3150 2
3151 2
3152 2
3154 5
3155 3
3157 2
3158 1
3159 2
3161 1
3165 1
3166 3
3167 3
3168 3
3169 1
3172 4
3173 1
3174 1
3175 3
3176 2
3177 3
3178 2
3179 5
3180 1
3181 3
3182 1
3183 1
3184 2
3186 1
3187 2
3188 2
3189 2
3190 2
3192 3
3193 3
3199 1
3200 1
3201 2
3202 3
3203 1
3204 3
3207 3
3208 5
3211 1
3212 2
3213 3
3215 4
3216 1
3217 1
3218 4
3219 2
3220 1
3221 1
3224 1
3226 3
3227 1
3228 2
3229 3
3231 1
3233 2
3235 3
3236 2
3238 1
3239 1
3241 5
3243 1
3244 2
3246 2
3247 1
3248 1
3251 1
3252 3
3253 3
3254 3
3255 1
3257 1
3258 1
3259 5
3260 3
3261 2
3264 1
3266 1
3267 2
3268 2
3270 1
3272 1
3273 4
3276 4
3277 1
3278 5
3279 2
3280 2
3284 3
3285 1
3286 1
3287 1
3288 2
3289 1
3290 1
3291 1
3292 8
3293 1
3296 1
3297 2
3299 5
3300 2
3301 1
3302 3
3304 4
3305 3
3306 1
3308 3
3309 5
3311 2
3312 1
3313 3
3314 2
3315 1
3316 4
3317 1
3318 3
3321 1
3324 3
3325 1
3327 1
3329 1
3330 1
3331 3
3332 6
3333 2
3334 4
3336 1
3338 2
3339 2
3340 3
3342 4
3344 1
3345 3
3348 3
3349 2
3350 3
3352 3
3353 2
3354 1
3356 3
3357 2
3358 1
3359 1
3362 2
3363 3
3365 3
3367 3
3369 3
3370 1
3372 1
3374 3
3375 1
3378 3
3379 2
3380 3
3384 2
3386 1
3388 2
3390 4
3391 1
3392 2
3393 1
3395 2
3396 1
3398 2
3400 6
3401 3
3402 4
3404 3
3407 2
3408 1
3409 1
3410 1
3411 3
3412 3
3413 1
3414 1
3416 2
3417 1
3419 1
3421 1
3423 4
3425 2
3426 2
3428 6
3429 2
3430 1
3432 1
3433 1
3434 8
3436 4
3437 1
3439 2
3440 4
3443 1
3444 5
3446 1
3447 7
3448 3
3451 2
3452 2
3453 2
3454 3
3456 6
3457 1
3459 2
3460 3
3462 1
3464 4
3465 1
3466 2
3467 1
3468 3
3474 1
3475 2
3476 5
3477 1
3478 3
3480 2
3481 1
3482 4
3488 2
3489 1
3490 2
3491 4
3492 4
3494 1
3495 7
3496 3
3497 1
3498 4
3499 1
3500 5
3501 3
3503 5
3504 2
3506 3
3508 5
3511 2
3512 2
3513 2
3514 3
3515 2
3517 3
3518 2
3520 2
3522 1
3523 1
3524 2
3527 1
3528 3
3532 3
3533 1
3534 5
3535 5
3536 2
3538 1
3539 3
3542 1
3543 5
3544 2
3546 3
3548 1
3549 2
3551 3
3553 1
3555 2
3556 2
3557 4
3558 3
3559 2
3560 2
3561 2
3563 4
3564 5
3566 1
3567 1
3568 2
3569 1
3570 4
3572 1
3573 2
3576 3
3577 2
3580 2
3581 1
3584 7
3585 2
3587 3
3588 2
3590 2
3591 1
3592 3
3593 1
3594 1
3596 3
3598 1
3600 5
3601 1
3603 1
3604 1
3606 2
3608 1
3609 3
3610 3
3612 4
3616 6
3617 4
3620 1
3622 1
3623 2
3625 1
3626 1
3627 2
3628 2
3629 3
3631 2
3633 5
3634 1
3636 2
3639 1
3640 5
3642 1
3643 1
3644 1
3646 1
3651 3
3652 1
3653 2
3654 2
3655 1
3656 1
3657 2
3659 8
3660 1
3662 1
3663 5
3664 2
3665 1
3667 3
3668 1
3669 1
3671 3
3673 4
3676 1
3678 3
3680 3
3682 2
3683 1
3684 1
3691 2
3692 1
3693 4
3695 3
3696 2
3700 3
3702 1
3703 1
3704 4
3705 2
3707 3
3708 1
3709 1
3711 2
3712 2
3713 3
3716 4
3720 5
3724 2
3727 1
3728 5
3729 2
3730 2
3731 1
3732 7
3733 1
3734 1
3736 1
3737 1
3739 1
3740 1
3742 1
3743 2
3744 1
3746 2
3747 1
3748 2
3750 2
3752 2
3755 2
3756 2
3758 1
3759 3
3760 1
3761 6
3762 2
3763 2
3764 4
3767 2
3769 1
3770 1
3772 1
3773 1
3774 1
3775 1
3776 3
3777 4
3780 2
3781 1
3783 2
3784 2
3786 2
3787 1
3788 3
3790 3
3791 3
3795 1
3796 1
3798 1
3800 2
3801 1
3803 3
3804 1
3805 2
3806 1
3809 1
3811 1
3813 3
3815 1
3816 2
3820 2
3823 5
3824 2
3825 1
3827 3
3828 2
3830 3
3831 1
3832 2
3833 1
3834 2
3835 3
3836 1
3838 1
3840 1
3844 2
3846 3
3849 2
3850 2
3851 1
3852 4
3853 2
3855 1
3856 1
3858 1
3859 1
3862 1
3863 1
3864 1
3866 3
3869 4
3870 2
3871 1
3872 1
3875 3
3876 1
3877 1
3878 1
3880 3
3881 1
3882 7
3884 3
3886 1
3888 2
3890 1
3891 1
3892 2
3894 4
3895 1
3896 2
3897 2
3898 1
3900 7
3901 2
3903 1
3904 2
3905 2
3906 1
3908 3
3909 1
3910 1
3911 1
3912 1
3915 1
3916 1
3917 2
3919 3
3920 1
3924 1
3925 4
3926 1
3928 5
3929 1
3931 1
3932 2
3935 5
3936 4
3937 1
3938 3
3941 2
3944 5
3945 2
3946 1
3948 1
3952 3
3954 1
3955 1
3956 5
3957 3
3959 1
3961 3
3962 2
3963 1
3964 1
3965 2
3967 1
3968 2
3970 1
3972 1
3973 3
3976 1
3979 1
3980 1
3981 1
3982 1
3983 3
3984 4
3987 1
3991 1
3994 3
3995 1
3997 2
4000 1
4001 5
4002 1
4003 1
4004 1
4005 1
4006 1
4007 1
4008 2
4009 3
4010 1
4011 5
4012 1
4013 1
4014 1
4015 4
4016 4
4018 3
4019 1
4020 3
4021 1
4022 1
4023 3
4024 1
4027 1
4028 3
4031 2
4032 3
4036 2
4038 4
4040 2
4041 1
4042 1
4045 2
4046 1
4047 1
4048 3
4049 2
4050 5
4052 2
4053 5
4056 2
4057 2
4058 1
4060 1
4062 1
4063 3
4065 3
4066 2
4068 1
4071 1
4072 3
4073 2
4074 3
4075 2
4076 6
4077 4
4081 1
4082 2
4083 1
4084 4
4086 3
4087 1
4088 2
4090 2
4091 2
4092 1
4093 4
4095 2
4096 12
4098 2
4099 1
4100 4
4104 1
4106 1
4107 1
4108 3
4111 1
4113 3
4115 1
4116 2
4117 1
4118 1
4119 1
4120 1
4123 2
4124 4
4126 2
4127 1
4128 4
4132 3
4133 2
4134 2
4135 1
4136 2
4138 5
4140 2
4141 2
4142 1
4143 1
4144 5
4146 2
4147 1
4148 3
4149 1
4153 2
4154 1
4155 1
4156 2
4157 1
4160 1
4162 1
4164 1
4165 1
4167 1
4168 1
4171 1
4172 1
4173 2
4176 3
4179 1
4180 4
4184 5
4185 1
4187 1
4188 1
4189 4
4192 3
4193 1
4195 5
4196 2
4200 1
4201 3
4202 4
4203 2
4205 1
4208 4
4209 2
4210 1
4213 2
4215 3
4216 2
4218 1
4220 1
4221 3
4225 1
4227 2
4230 1
4232 1
4234 4
4235 1
4236 1
4239 1
4240 3
4243 1
4244 8
4245 1
4246 1
4247 2
4248 2
4251 4
4252 1
4253 1
4254 1
4256 1
4257 1
4258 6
4259 1
4260 2
4264 3
4265 2
4267 2
4268 3
4270 2
4271 2
4276 1
4277 5
4279 2
4280 2
4281 2
4282 2
4284 5
4287 1
4288 1
4289 2
4292 2
4293 1
4295 4
4296 1
4297 1
4298 2
4300 4
4301 4
4303 2
4304 1
4308 1
4309 6
4312 4
4314 3
4316 2
4318 10
4319 1
4320 6
4323 1
4324 1
4325 1
4326 1
4328 3
4330 1
4332 1
4333 1
4334 1
4335 3
4336 3
4339 1
4340 1
4341 3
4342 1
4343 3
4344 4
4345 2
4348 1
4349 2
4351 4
4352 4
4354 2
4355 1
4356 3
4357 2
4359 2
4360 2
4362 2
4366 1
4368 2
4369 4
4370 1
4372 2
4374 1
4376 1
4379 3
4380 1
4383 2
4384 3
4389 1
4390 5
4394 2
4396 1
4400 2
4401 1
4402 1
4406 3
4408 2
4412 1
4413 1
4415 1
4416 1
4417 1
4420 5
4421 2
4424 3
4425 1
4426 1
4428 3
4429 2
4430 1
4432 1
4436 2
4439 4
4440 3
4441 2
4443 3
4445 1
4448 1
4449 4
4450 3
4451 2
4452 1
4453 1
4455 1
4456 1
4458 1
4460 4
4461 3
4465 1
4467 1
4468 2
4469 2
4472 4
4476 6
4478 1
4479 2
4482 1
4483 1
4484 2
4485 1
4487 2
4488 2
4489 1
4496 3
4497 6
4499 4
4500 1
4501 1
4502 1
4504 2
4506 2
4507 1
4508 1
4509 1
4512 2
4513 2
4514 4
4515 1
4516 3
4517 4
4520 6
4523 1
4524 2
4525 1
4526 2
4527 1
4528 1
4531 1
4533 1
4534 2
4535 2
4537 4
4539 2
4540 3
4547 6
4548 3
4550 1
4551 1
4552 2
4553 2
4556 2
4557 1
4558 1
4561 1
4562 3
4564 4
4565 1
4566 2
4568 5
4569 1
4571 2
4572 1
4573 1
4576 2
4577 1
4579 1
4580 2
4582 1
4584 2
4585 1
4588 1
4592 6
4593 1
4594 4
4596 2
4598 2
4599 1
4600 3
4601 4
4605 2
4606 1
4608 5
4612 3
4616 4
4617 4
4618 1
4619 1
4620 3
4621 1
4623 1
4624 6
4625 1
4626 2
4628 2
4629 3
4630 2
4631 2
4632 2
4633 2
4634 1
4635 1
4640 4
4641 1
4642 2
4643 1
4645 1
4646 1
4647 1
4648 1
4652 2
4653 2
4654 1
4656 2
4657 1
4658 2
4659 2
4660 2
4662 2
4663 1
4664 1
4665 3
4666 3
4668 2
4669 2
4671 1
4672 2
4676 3
4677 1
4678 3
4680 7
4681 2
4682 1
4683 1
4684 4
4685 2
4686 1
4687 3
4688 2
4689 2
4692 2
4693 3
4695 1
4696 1
4697 1
4700 3
4702 1
4704 2
4707 1
4708 2
4710 1
4712 2
4713 1
4714 3
4715 1
4716 3
4720 3
4722 2
4724 2
4725 1
4729 3
4731 1
4732 3
4735 3
4736 2
4738 2
4739 1
4740 2
4744 1
4746 3
4747 3
4748 1
4749 5
4750 1
4754 2
4755 1
4756 2
4758 2
4760 1
4762 3
4763 1
4764 1
4765 4
4766 2
4768 4
4771 3
4772 5
4773 2
4774 2
4775 3
4776 2
4779 3
4780 2
4783 3
4784 3
4785 1
4786 2
4787 1
4788 3
4789 1
4792 1
4793 1
4795 1
4796 2
4797 1
4798 2
4799 2
4800 5
4801 2
4804 4
4806 2
4808 5
4812 4
4814 1
4816 1
4817 1
4818 1
4820 1
4824 1
4827 2
4828 8
4831 3
4832 1
4835 1
4836 2
4837 2
4840 1
4841 2
4844 2
4845 1
4847 1
4848 1
4851 2
4852 2
4853 2
4855 2
4856 3
4858 1
4859 3
4860 1
4861 9
4863 1
4864 1
4865 2
4866 1
4867 2
4868 1
4870 3
4874 2
4875 1
4876 4
4877 1
4878 1
4880 2
4881 1
4882 4
4883 1
4884 2
4885 3
4888 2
4889 4
4891 5
4892 2
4893 1
4895 2
4896 3
4897 3
4898 1
4900 3
4904 2
4908 1
4909 1
4910 1
4912 7
4913 1
4914 1
4916 2
4922 3
4923 1
4924 7
4925 1
4926 3
4928 3
4930 1
4931 3
4932 1
4935 1
4936 4
4939 1
4940 7
4944 8
4945 1
4947 2
4948 1
4949 1
4950 1
4951 1
4952 3
4955 1
4956 2
4957 2
4958 1
4959 4
4960 1
4961 1
4965 1
4968 6
4969 2
4970 2
4972 3
4973 1
4975 2
4976 1
4978 5
4980 5
4981 3
4982 1
4984 6
4985 1
4986 1
4988 3
4989 2
4990 1
4991 1
4992 2
4993 1
4996 3
4997 1
4998 5
4999 2
5000 12
5001 1
5002 1
5003 3
5004 1
5005 2
5007 3
5008 1
5012 1
5016 1
5017 2
5019 2
5020 3
5021 1
5022 2
5024 3
5030 1
5031 3
5032 2
5033 2
5034 1
5041 1
5043 1
5044 2
5045 1
5046 3
5047 1
5048 1
5050 1
5052 4
5054 2
5055 2
5057 2
5059 1
5060 4
5061 2
5063 1
5064 1
5066 1
5068 2
5069 4
5070 2
5072 3
5073 2
5079 1
5080 6
5083 1
5087 1
5088 5
5089 1
5092 1
5095 3
5096 2
5100 1
5101 1
5103 1
5104 1
5107 1
5108 9
5111 1
5112 1
5113 1
5114 2
5116 1
5118 1
5120 3
5121 2
5123 1
5124 3
5127 1
5128 2
5129 1
5131 2
5132 2
5136 3
5137 1
5138 1
5139 1
5141 3
5142 1
5144 2
5146 1
5148 3
5150 1
5151 1
5152 2
5153 2
5155 1
5156 2
5157 1
5158 3
5159 1
5160 2
5161 1
5162 1
5164 1
5166 1
5167 1
5168 2
5172 2
5173 2
5176 2
5180 1
5181 3
5183 3
5184 2
5185 1
5188 1
5190 3
5192 2
5193 1
5196 2
5198 1
5200 4
5201 1
5204 2
5205 3
5207 2
5208 1
5210 3
5212 1
5213 2
5214 1
5217 2
5219 2
5220 7
5223 2
5224 2
5225 2
5226 2
5228 3
5229 2
5230 1
5231 3
5233 2
5236 2
5239 3
5240 3
5242 1
5245 2
5248 4
5252 4
5253 2
5255 2
5256 5
5257 2
5261 1
5262 3
5263 3
5264 3
5266 1
5268 4
5270 2
5272 1
5280 2
5283 2
5284 1
5285 1
5286 1
5288 1
5289 6
5290 3
5292 3
5295 1
5296 4
5297 1
5299 3
5300 3
5301 1
5304 5
5307 4
5308 2
5309 3
5310 7
5312 1
5316 1
5319 1
5320 1
5323 2
5324 1
5328 2
5330 2
5331 1
5332 2
5333 1
5334 1
5337 1
5338 3
5339 1
5340 1
5341 1
5342 1
5344 1
5345 2
5347 1
5348 1
5349 2
5350 2
5351 1
5352 3
5356 3
5359 6
5360 1
5361 3
5364 2
5366 1
5367 1
5368 2
5369 1
5371 1
5372 2
5374 1
5375 1
5376 3
5377 3
5378 1
5379 2
5380 5
5381 3
5383 1
5384 3
5386 1
5388 4
5389 3
5390 2
5391 5
5392 1
5395 2
5396 4
5398 5
5402 1
5404 1
5405 2
5406 1
5407 1
5408 1
5409 7
5410 5
5411 2
5412 2
5413 1
5414 1
5417 1
5419 8
5421 2
5424 3
5426 1
5427 1
5428 2
5432 3
5434 2
5436 4
5437 2
5438 3
5440 7
5441 2
5443 1
5445 6
5448 2
5451 4
5452 2
5454 4
5456 3
5457 1
5459 2
5460 2
5461 2
5462 5
5464 2
5465 1
5466 1
5467 2
5468 2
5471 1
5472 7
5478 1
5480 1
5481 1
5484 2
5487 2
5488 3
5490 4
5491 1
5492 7
5493 4
5494 2
5495 3
5496 4
5497 2
5498 1
5499 1
5500 2
5502 1
5505 1
5506 1
5507 1
5508 1
5511 3
5512 1
5514 1
5516 3
5517 1
5518 2
5520 1
5521 1
5524 2
5525 1
5528 1
5529 1
5531 3
5532 2
5533 1
5535 1
5536 1
5539 1
5540 1
5542 1
5543 1
5544 1
5546 1
5547 1
5548 4
5549 1
5552 3
5554 2
5557 1
5559 3
5560 3
5563 1
5565 4
5567 1
5569 5
5571 1
5572 1
5575 2
5576 1
5578 2
5580 2
5584 1
5585 3
5586 1
5588 4
5590 2
5593 1
5594 2
5595 1
5596 1
5598 2
5600 4
5602 1
5604 1
5608 6
5609 1
5614 1
5616 4
5618 2
5620 2
5621 1
5622 2
5624 4
5627 1
5628 4
5629 3
5631 1
5632 4
5633 2
5634 1
5635 1
5636 6
5637 2
5640 2
5641 2
5644 3
5646 1
5647 1
5648 3
5649 1
5652 1
5656 4
5657 3
5660 1
5661 1
5664 2
5666 1
5668 2
5671 2
5672 4
5673 2
5675 1
5676 2
5677 2
5678 3
5680 4
5682 1
5684 4
5693 3
5696 5
5697 1
5698 1
5699 2
5700 1
5701 2
5704 3
5710 2
5712 1
5716 1
5718 2
5719 1
5720 1
5721 1
5724 2
5725 3
5728 2
5730 2
5732 3
5736 2
5737 3
5739 1
5740 1
5741 1
5742 2
5743 2
5744 4
5745 1
5746 2
5749 2
5750 3
5752 2
5755 1
5756 1
5758 2
5759 1
5760 1
5762 3
5763 2
5764 1
5767 2
5768 2
5770 1
5771 2
5775 2
5776 3
5780 4
5781 2
5782 1
5783 2
5784 1
5785 2
5787 7
5788 6
5790 1
5791 2
5792 1
5795 1
5796 1
5797 5
5798 1
5800 6
5801 1
5804 2
5806 1
5808 4
5809 2
5812 3
5813 1
5816 4
5819 2
5820 4
5823 2
5824 4
5825 2
5827 1
5828 1
5830 1
5832 1
5833 1
5834 2
5836 2
5840 2
5841 1
5845 2
5849 2
5854 3
5855 2
5856 2
5857 1
5858 1
5860 1
5863 1
5864 5
5866 2
5868 3
5869 1
5871 3
5872 4
5874 1
5875 1
5876 1
5880 1
5883 2
5884 2
5885 1
5886 1
5887 1
5888 2
5894 1
5895 1
5896 6
5898 3
5899 1
5900 3
5901 3
5907 2
5908 4
5912 3
5913 1
5914 1
5918 3
5919 1
5922 1
5923 2
5929 1
5932 2
5936 3
5940 4
5944 2
5945 2
5948 3
5951 1
5952 1
5957 1
5958 1
5960 1
5961 4
5964 1
5966 2
5967 1
5968 1
5971 2
5975 3
5979 1
5980 1
5981 1
5984 2
5985 1
5987 1
5988 2
5991 3
5992 3
5995 2
5996 4
5997 2
5998 4
6002 2
6007 2
6008 1
6012 1
6016 3
6017 1
6020 2
6021 1
6022 1
6023 3
6024 2
6025 1
6027 1
6028 1
6029 1
6030 2
6031 2
6033 2
6036 1
6039 3
6042 1
6043 2
6044 2
6047 1
6048 3
6050 2
6052 1
6056 3
6057 1
6058 2
6059 1
6060 5
6062 2
6064 1
6065 1
6068 3
6069 2
6070 1
6071 1
6073 2
6074 2
6076 2
6079 2
6080 3
6081 1
6083 1
6087 3
6088 3
6090 1
6095 2
6096 2
6099 3
6100 1
6102 1
6103 1
6104 3
6106 1
6107 1
6108 1
6109 2
6111 3
6112 1
6113 1
6119 1
6120 1
6122 1
6125 1
6126 1
6127 1
6128 1
6132 1
6133 1
6134 3
6136 3
6137 1
6139 1
6141 1
6143 1
6144 36
6145 1
6146 2
6148 2
6149 2
6151 1
6152 2
6155 2
6156 2
6157 3
6158 1
6159 1
6160 1
6161 8
6162 4
6164 3
6168 1
6171 2
6172 1
6174 1
6175 3
6180 1
6181 3
6182 1
6184 2
6185 1
6187 1
6188 2
6190 1
6192 1
6193 1
6196 4
6197 1
6198 1
6200 3
6203 2
6204 1
6205 1
6209 1
6210 2
6211 1
6214 1
6216 5
6217 3
6219 1
6220 2
6223 1
6224 1
6225 3
6226 2
6228 1
6229 2
6232 1
6234 3
6235 1
6237 1
6239 1
6240 3
6242 1
6243 1
6244 1
6249 1
6250 1
6251 1
6252 3
6254 4
6255 1
6256 3
6258 1
6259 1
6260 4
6262 2
6264 1
6265 1
6266 2
6267 1
6268 1
6269 4
6270 2
6271 6
6272 2
6278 1
6282 1
6286 2
6288 1
6289 2
6291 5
6292 2
6294 1
6295 3
6296 2
6297 4
6298 5
6299 2
6300 1
6302 5
6303 2
6306 1
6307 2
6308 1
6310 2
6312 2
6314 2
6316 1
6317 4
6319 5
6320 2
6321 3
6323 2
6324 1
6328 1
6330 5
6331 1
6332 1
6334 6
6336 1
6337 2
6340 4
6341 2
6344 1
6345 1
6346 1
6348 2
6349 3
6351 1
6352 1
6353 1
6354 2
6355 3
6356 2
6358 3
6359 3
6360 1
6361 1
6363 3
6364 2
6367 4
6369 2
6372 7
6373 1
6374 2
6375 1
6376 2
6378 5
6379 1
6384 1
6385 2
6386 2
6387 1
6389 1
6390 2
6394 1
6396 4
6398 2
6399 3
6401 1
6403 1
6407 1
6408 1
6412 2
6413 4
6414 1
6415 2
6416 1
6419 1
6425 1
6426 1
6428 3
6432 3
6433 2
6434 3
6436 1
6445 1
6446 1
6449 3
6450 9
6451 2
6452 4
6457 2
6459 3
6460 1
6462 1
6465 4
6466 1
6468 3
6472 4
6473 3
6476 2
6480 1
6482 3
6484 5
6485 2
6487 2
6488 1
6489 3
6490 1
6492 3
6494 1
6498 1
6500 1
6502 1
6503 3
6505 2
6507 3
6508 1
6511 3
6512 2
6513 1
6515 4
6516 2
6520 1
6521 1
6524 1
6526 3
6528 1
6530 1
6532 2
6534 1
6536 3
6538 1
6539 1
6541 2
6547 2
6548 1
6549 1
6550 1
6551 1
6553 3
6554 1
6560 1
6562 2
6563 1
6564 1
6566 1
6567 2
6568 1
6570 1
6572 3
6575 1
6577 1
6578 1
6581 1
6583 3
6584 1
6588 1
6592 1
6593 2
6596 3
6597 1
6598 1
6604 1
6608 1
6610 2
6612 2
6613 2
6615 3
6616 2
6617 2
6619 1
6621 1
6622 3
6624 2
6629 1
6630 2
6633 2
6636 1
6638 1
6639 2
6644 1
6648 2
6649 1
6650 1
6656 2
6657 1
6658 2
6660 2
6664 5
6666 1
6668 1
6669 2
6670 1
6672 1
6676 2
6677 1
6678 3
6684 1
6687 2
6688 1
6693 1
6694 2
6695 2
6696 2
6700 3
6701 1
6703 1
6704 1
6705 1
6706 2
6708 1
6709 2
6712 1
6715 1
6716 3
6717 1
6719 1
6720 3
6722 2
6728 1
6731 1
6732 1
6734 1
6737 2
6738 3
6740 2
6741 1
6742 2
6746 3
6747 1
6749 1
6750 1
6752 2
6755 3
6760 2
6768 2
6770 1
6773 1
6776 1
6777 1
6780 1
6781 1
6783 1
6787 1
6788 2
6792 1
6793 1
6794 3
6796 2
6797 1
6798 1
6799 1
6800 1
6801 2
6803 1
6808 1
6809 1
6815 1
6820 2
6821 1
6823 1
6824 3
6825 7
6827 4
6828 2
6831 2
6834 3
6836 1
6837 2
6838 5
6840 1
6841 1
6842 2
6844 1
6845 2
6846 1
6850 2
6852 1
6856 1
6858 1
6859 1
6862 1
6863 3
6864 2
6865 2
6867 1
6868 1
6871 2
6872 2
6874 1
6877 1
6883 2
6884 1
6888 1
6889 1
6890 1
6892 3
6894 1
6895 1
6896 1
6899 2
6900 2
6902 2
6905 1
6907 1
6909 1
6910 3
6911 1
6912 1
6917 2
6918 1
6920 2
6922 3
6924 3
6926 1
6928 4
6935 1
6936 2
6939 4
6943 1
6945 2
6952 1
6956 2
6959 1
6960 1
6962 2
6967 1
6971 1
6974 2
6976 2
6977 1
6978 1
6980 1
6983 2
6988 1
6990 1
6993 2
6994 3
6996 2
6997 1
7000 1
7002 1
7003 1
7007 1
7008 1
7009 4
7011 3
7015 2
7016 1
7020 3
7023 2
7025 2
7026 1
7028 1
7029 2
7031 1
7032 1
7034 1
7035 3
7040 1
7043 3
7044 1
7047 2
7050 3
7051 1
7052 2
7053 1
7055 1
7057 1
7060 2
7061 5
7072 1
7076 2
7080 2
7081 1
7084 2
7086 1
7088 1
7097 2
7102 3
7104 2
7105 2
7108 4
7111 1
7112 2
7116 1
7117 3
7120 1
7123 1
7124 1
7125 1
7130 1
7131 4
7132 1
7133 1
7136 2
7137 5
7138 2
7139 2
7140 3
7142 1
7146 1
7147 2
7148 1
7150 1
7151 1
7152 2
7153 2
7154 2
7163 1
7166 2
7168 8
7172 2
7175 1
7176 1
7180 2
7184 2
7185 1
7187 1
7188 2
7190 1
7191 2
7192 1
7196 1
7199 2
7201 1
7202 1
7203 1
7208 1
7212 1
7215 6
7220 1
7221 1
7223 1
7225 1
7228 1
7232 2
7235 1
7239 2
7240 4
7243 3
7244 2
7247 1
7248 1
7251 1
7252 1
7256 2
7259 2
7260 1
7264 2
7265 1
7267 1
7269 2
7272 2
7275 6
7279 3
7280 3
7281 1
7284 2
7287 2
7288 1
7291 1
7292 2
7293 2
7296 2
7300 5
7304 1
7306 2
7307 1
7308 3
7309 1
7310 1
7312 3
7313 1
7316 2
7318 1
7319 1
7320 1
7322 2
7324 1
7325 1
7326 1
7327 2
7331 2
7332 1
7333 1
7335 1
7336 1
7340 3
7341 1
7344 2
7346 1
7348 4
7355 2
7356 1
7357 1
7358 1
7359 1
7360 1
7371 1
7372 1
7374 1
7375 2
7380 1
7381 1
7384 1
7391 1
7392 1
7394 1
7397 2
7398 2
7399 4
7400 1
7402 1
7407 3
7410 1
7417 1
7421 5
7424 1
7430 1
7431 1
7432 3
7442 1
7444 1
7448 5
7449 4
7452 1
7453 1
7456 1
7458 1
7464 3
7468 1
7471 1
7474 3
7476 1
7484 3
7486 2
7488 3
7489 1
7492 2
7495 1
7496 1
7497 5
7498 1
7500 1
7504 3
7505 3
7506 1
7508 1
7510 2
7513 1
7515 1
7516 1
7518 2
7520 1
7524 4
7525 3
7531 1
7532 2
7533 1
7535 2
7540 3
7542 1
7544 1
7545 1
7546 1
7548 2
7551 1
7552 3
7555 2
7556 1
7557 1
7559 1
7563 2
7567 1
7568 1
7570 1
7572 1
7576 2
7577 1
7580 1
7585 1
7587 1
7595 4
7596 1
7598 2
7600 4
7602 1
7606 1
7610 1
7615 2
7619 1
7620 3
7624 3
7626 1
7627 4
7633 1
7634 5
7636 1
7638 4
7640 1
7646 1
7647 1
7651 2
7655 2
7656 1
7657 4
7658 1
7662 1
7664 3
7668 1
7669 1
7672 1
7679 1
7680 4
7681 2
7683 1
7684 5
7689 1
7690 2
7692 3
7698 1
7700 1
7702 1
7704 1
7706 3
7707 2
7708 1
7710 1
7712 1
7713 1
7716 4
7719 2
7720 2
7725 1
7726 1
7727 1
7733 3
7734 1
7738 1
7739 1
7740 2
7741 5
7742 1
7743 1
7744 2
7748 1
7749 2
7753 2
7754 1
7756 4
7759 1
7764 2
7767 5
7769 2
7774 1
7776 1
7777 1
7778 1
7780 2
7784 1
7785 1
7787 1
7788 3
7791 1
7796 2
7799 1
7800 3
7802 4
7805 5
7807 2
7808 4
7811 3
7812 2
7820 1
7824 1
7825 2
7827 5
7828 5
7832 3
7834 3
7835 1
7836 1
7840 3
7844 1
7847 2
7849 1
7850 1
7851 1
7852 2
7855 1
7858 1
7861 2
7864 1
7867 1
7869 1
7871 2
7872 3
7875 3
7877 1
7878 1
7879 1
7880 1
7883 1
7884 3
7890 2
7892 3
7893 1
7895 1
7900 1
7901 1
7902 2
7904 1
7906 1
7912 1
7916 1
7919 2
7920 1
7923 1
7928 1
7932 1
7933 1
7934 1
7935 4
7936 1
7938 1
7940 1
7941 5
7945 2
7947 1
7951 2
7952 2
7954 1
7955 4
7956 1
7959 1
7963 1
7965 3
7971 1
7972 2
7973 1
7974 1
7975 1
7976 1
7980 3
7981 3
7984 2
7987 1
7991 3
7996 1
7998 1
8003 1
8004 1
8007 1
8008 2
8011 1
8014 1
8016 1
8017 2
8024 1
8025 2
8028 1
8032 1
8033 1
8034 2
8035 1
8036 1
8042 3
8044 1
8045 1
8047 3
8048 1
8049 6
8050 2
8052 1
8055 3
8056 1
8058 1
8060 4
8062 1
8064 1
8066 3
8067 2
8068 1
8069 1
8070 2
8072 1
8078 6
8080 2
8081 1
8084 2
8087 1
8090 1
8091 3
8092 1
8096 2
8097 2
8099 1
8100 2
8103 1
8104 2
8109 2
8112 1
8113 1
8115 1
8120 3
8127 1
8129 3
8132 2
8137 1
8140 3
8143 1
8144 1
8148 1
8151 2
8154 2
8156 1
8158 4
8164 2
8167 1
8168 1
8172 1
8174 1
8176 1
8177 2
8179 1
8180 1
8181 1
8184 3
8190 6
8192 14
8193 1
8196 1
8199 1
8200 1
8203 1
8208 1
8212 2
8213 1
8214 1
8220 1
8222 2
8225 1
8228 1
8229 2
8230 2
8234 1
8235 8
8236 1
8239 1
8241 3
8242 1
8244 2
8246 3
8248 1
8252 2
8255 1
8256 1
8257 4
8260 5
8263 1
8265 7
8269 1
8270 1
8272 2
8275 1
8280 1
8284 1
8290 1
8293 2
8295 1
8296 1
8307 1
8310 1
8311 1
8313 2
8316 1
8319 1
8321 1
8323 1
8324 2
8328 2
8330 4
8332 2
8333 2
8334 1
8335 1
8336 2
8337 2
8340 3
8342 2
8343 1
8347 1
8348 1
8349 1
8350 1
8351 3
8354 1
8357 1
8365 1
8368 1
8371 1
8372 1
8375 2
8376 2
8379 2
8380 2
8384 1
8388 1
8390 3
8391 1
8392 3
8396 1
8397 1
8398 4
8401 2
8402 3
8403 2
8404 1
8406 2
8407 1
8409 1
8410 1
8412 3
8416 3
8420 1
8422 1
8424 1
8429 2
8439 1
8441 2
8445 1
8447 2
8448 2
8450 1
8451 2
8460 1
8463 2
8467 3
8470 1
8472 3
8477 1
8480 1
8484 1
8485 1
8486 2
8495 1
8496 1
8503 2
8509 1
8510 1
8512 2
8517 1
8522 1
8525 2
8527 2
8528 1
8531 1
8535 2
8541 2
8542 2
8543 2
8545 1
8547 1
8548 1
8552 1
8554 1
8556 2
8557 2
8560 3
8562 1
8563 1
8566 2
8567 1
8569 2
8571 4
8572 1
8577 2
8583 1
8585 2
8587 1
8588 1
8589 2
8594 1
8597 1
8598 1
8600 1
8601 1
8615 1
8617 1
8619 1
8620 2
8625 1
8628 1
8639 3
8641 2
8642 1
8646 1
8655 2
8656 3
8660 1
8664 1
8667 2
8668 1
8672 1
8674 3
8679 1
8680 1
8684 1
8687 1
8688 1
8692 2
8700 1
8702 1
8703 1
8704 4
8705 1
8708 1
8709 2
8710 3
8711 2
8712 1
8713 1
8715 1
8716 2
8719 1
8720 1
8724 1
8727 4
8728 1
8732 1
8734 1
8735 1
8736 1
8740 2
8748 2
8749 3
8750 6
8751 1
8758 1
8759 1
8764 1
8765 1
8766 1
8768 1
8769 1
8772 1
8780 1
8785 1
8788 1
8794 2
8797 1
8798 1
8800 1
8801 1
8804 1
8805 1
8806 2
8808 3
8817 1
8825 1
8826 2
8828 1
8840 1
8843 1
8844 2
8847 1
8849 1
8851 5
8856 2
8857 1
8859 1
8868 1
8872 2
8880 2
8884 3
8886 2
8890 3
8892 1
8896 1
8900 2
8903 2
8904 2
8908 1
8909 1
8912 2
8915 1
8917 1
8920 1
8928 1
8929 6
8933 2
8935 2
8940 1
8946 1
8953 1
8956 1
8962 1
8963 1
8969 1
8972 1
8976 1
8977 1
8979 1
8981 2
8983 1
8984 2
8985 1
8992 1
8996 1
9000 1
9008 1
9010 1
9011 1
9014 4
9017 1
9020 1
9024 2
9028 1
9029 2
9030 1
9035 1
9040 1
9044 4
9047 2
9053 1
9054 2
9056 1
9059 6
9060 1
9062 1
9063 1
9064 6
9067 1
9070 1
9071 6
9072 1
9075 1
9076 1
9078 1
9079 1
9082 1
9084 1
9091 3
9092 1
9102 1
9104 2
9116 1
9118 1
9123 1
9133 1
9135 2
9136 1
9138 2
9146 1
9147 3
9148 4
9151 1
9155 1
9156 6
9157 3
9160 2
9161 1
9163 3
9166 4
9167 1
9168 1
9169 1
9172 1
9174 1
9176 5
9180 5
9181 1
9182 1
9187 1
9189 2
9190 1
9196 1
9200 1
9203 1
9208 1
9210 1
9216 6
9222 2
9229 1
9232 2
9235 1
9236 2
9237 1
9238 1
9240 4
9244 2
9245 1
9252 2
9263 3
9264 1
9265 1
9267 3
9269 1
9272 1
9275 1
9276 2
9277 1
9279 2
9280 1
9282 1
9284 1
9290 1
9295 1
9297 1
9299 3
9303 1
9304 1
9306 1
9308 1
9310 1
9311 1
9313 3
9314 1
9315 2
9316 1
9317 2
9319 1
9323 1
9324 2
9327 1
9328 3
9332 1
9335 1
9336 4
9339 1
9340 1
9344 1
9348 2
9351 1
9352 8
9353 2
9356 3
9357 1
9361 1
9362 1
9364 1
9368 5
9370 1
9372 2
9381 1
9382 1
9383 3
9384 2
9385 2
9392 2
9396 1
9402 1
9405 1
9408 3
9409 1
9411 3
9414 2
9415 1
9416 1
9417 1
9421 3
9428 1
9433 2
9434 1
9435 1
9438 1
9440 1
9441 2
9446 3
9452 1
9458 2
9460 1
9461 1
9468 1
9474 2
9476 2
9477 1
9479 1
9481 1
9482 3
9485 2
9486 2
9490 1
9493 2
9495 1
9496 2
9498 8
9503 2
9504 3
9506 3
9509 1
9510 3
9512 1
9513 1
9519 2
9522 1
9523 1
9531 1
9532 1
9536 2
9540 1
9546 1
9547 1
9553 1
9554 1
9555 1
9556 1
9562 1
9565 1
9566 1
9568 1
9574 1
9581 3
9586 1
9593 3
9594 1
9596 1
9598 1
9599 1
9600 1
9604 3
9607 2
9608 1
9621 1
9624 2
9625 1
9626 1
9627 2
9628 1
9632 2
9636 1
9637 3
9641 1
9650 1
9651 1
9653 1
9654 1
9666 1
9669 2
9671 1
9680 4
9681 1
9685 2
9687 1
9688 1
9691 4
9693 2
9694 1
9698 1
9700 1
9703 1
9704 1
9709 2
9711 1
9712 1
9717 1
9720 4
9726 2
9729 2
9734 1
9740 1
9742 1
9743 4
9744 2
9746 3
9747 2
9748 2
9752 2
9758 2
9761 1
9764 1
9775 1
9776 1
9778 2
9781 3
9782 1
9784 1
9786 2
9788 1
9789 2
9790 1
9791 2
9792 1
9795 1
9797 1
9800 2
9802 3
9803 1
9804 3
9806 1
9808 3
9809 1
9810 2
9812 1
9813 1
9814 1
9820 1
9827 2
9832 2
9833 1
9839 1
9840 3
9844 1
9846 1
9850 1
9853 1
9855 6
9856 3
9858 1
9860 3
9861 1
9864 1
9870 1
9872 1
9879 1
9889 3
9890 1
9894 2
9895 3
9897 1
9901 1
9904 3
9913 1
9914 1
9915 1
9917 1
9918 1
9920 1
9924 1
9925 1
9926 1
9929 3
9931 2
9932 1
9933 1
9934 2
9936 5
9937 1
9941 2
9948 2
9957 2
9962 5
9963 1
9967 2
9968 1
9973 2
9976 1
9979 3
9984 1
9986 1
9988 1
9990 1
9991 1
9992 2
9994 1
9995 1
10004 1
10006 3
10008 1
10014 1
10016 2
10017 2
10020 1
10022 1
10027 1
10028 1
10029 2
10032 1
10035 1
10036 2
10039 2
10040 1
10043 1
10044 1
10048 1
10055 2
10056 1
10060 2
10063 3
10064 4
10065 2
10068 1
10072 1
10076 1
10079 1
10080 1
10084 2
10089 1
10092 1
10096 2
10103 1
10104 1
10106 1
10107 1
10108 1
10115 1
10116 1
10119 3
10120 3
10126 1
10127 2
10129 1
10132 1
10143 1
10144 1
10152 1
10160 1
10161 1
10168 1
10171 1
10172 1
10180 1
10182 2
10184 1
10196 1
10197 4
10200 1
10205 1
10208 1
10213 2
10216 3
10218 2
10220 1
10223 1
10224 3
10227 3
10228 1
10230 3
10240 10
10243 2
10245 1
10248 2
10250 2
10268 1
10270 2
10279 1
10284 1
10285 1
10288 1
10289 1
10292 2
10294 1
10295 1
10300 1
10304 3
10306 2
10309 1
10312 2
10316 1
10321 1
10322 1
10332 1
10333 3
10335 1
10336 1
10338 1
10340 1
10342 1
10347 1
10353 1
10354 1
10358 2
10362 2
10364 1
10368 2
10369 1
10371 1
10372 3
10375 1
10376 1
10378 1
10380 1
10384 1
10389 1
10396 1
10402 3
10414 1
10418 4
10420 1
10424 1
10434 1
10436 1
10441 1
10443 1
10444 1
10445 1
10446 1
10448 1
10450 1
10456 1
10468 1
10472 1
10476 1
10478 2
10479 1
10482 2
10484 5
10487 1
10488 1
10490 1
10491 3
10492 2
10494 1
10496 1
10499 1
10500 1
10503 1
10506 1
10508 1
10509 3
10512 2
10514 3
10516 2
10519 1
10520 2
10528 2
10531 3
10533 2
10536 2
10540 1
10546 2
10547 1
10548 1
10549 1
10550 5
10551 2
10552 1
10555 2
10556 1
10557 1
10564 1
10567 1
10568 2
10572 2
10578 1
10580 3
10589 1
10592 1
10593 2
10596 1
10597 1
10598 1
10600 2
10601 3
10602 1
10604 1
10609 1
10612 1
10616 2
10620 3
10624 1
10625 1
10626 1
10628 1
10629 1
10631 1
10632 2
10634 2
10635 1
10636 1
10637 1
10638 3
10642 2
10643 1
10644 2
10646 3
10655 1
10656 1
10658 1
10660 3
10663 1
10668 2
10669 1
10670 1
10679 1
10689 2
10690 1
10693 1
10695 1
10698 1
10705 1
10708 1
10712 1
10714 1
10719 1
10723 1
10724 2
10726 1
10727 1
10728 1
10730 1
10735 3
10738 1
10752 1
10753 3
10757 1
10758 1
10760 2
10763 3
10768 3
10784 1
10789 1
10791 1
10792 2
10796 1
10798 2
10799 1
10800 2
10804 1
10812 1
10816 1
10820 1
10827 1
10828 3
10833 1
10835 1
10836 1
10840 1
10844 1
10853 1
10859 1
10864 1
10868 1
10872 1
10873 3
10874 1
10879 1
10880 1
10883 1
10887 1
10890 1
10892 2
10897 1
10899 1
10901 1
10902 1
10903 2
10905 2
10912 1
10918 1
10920 1
10922 1
10928 1
10932 1
10940 1
10942 1
10944 1
10953 2
10958 1
10959 3
10962 1
10970 1
10973 1
10975 3
10980 2
10982 2
10984 2
10990 1
10991 1
10992 1
10998 1
11000 1
11001 1
11004 1
11005 1
11007 1
11008 1
11016 1
11023 1
11029 1
11030 2
11032 2
11042 2
11043 2
11044 2
11046 1
11047 1
11052 1
11059 1
11068 4
11069 2
11070 1
11071 2
11078 1
11079 1
11080 1
11081 1
11082 1
11084 1
11085 3
11090 1
11091 1
11092 3
11096 2
11100 3
11104 1
11106 1
11108 2
11114 1
11117 1
11121 1
11123 1
11125 1
11128 1
11129 1
11135 1
11136 1
11139 1
11145 1
11148 1
11153 1
11156 1
11158 6
11159 1
11160 2
11162 1
11163 1
11167 3
11168 1
11176 1
11184 3
11188 1
11191 3
11196 2
11200 1
11206 1
11208 1
11210 2
11211 2
11216 3
11220 2
11224 1
11232 1
11234 2
11240 1
11244 1
11248 2
11250 1
11252 1
11253 1
11258 1
11260 1
11264 5
11268 1
11270 3
11272 1
11282 1
11283 1
11284 1
11285 1
11288 1
11292 1
11299 2
11309 1
11311 2
11318 2
11325 1
11329 3
11331 1
11335 1
11343 1
11345 1
11350 2
11351 1
11356 2
11358 3
11362 1
11369 1
11372 1
11373 1
11374 2
11376 1
11381 2
11385 1
11390 2
11393 1
11396 1
11397 1
11400 1
11404 1
11406 1
11412 1
11415 1
11424 1
11427 4
11428 1
11432 4
11438 1
11446 3
11448 1
11451 1
11461 1
11470 2
11473 1
11474 1
11476 1
11477 2
11479 4
11480 8
11483 1
11485 1
11486 1
11489 1
11490 1
11500 1
11516 3
11521 1
11522 1
11525 1
11526 1
11531 2
11533 1
11536 1
11539 1
11540 1
11546 1
11547 1
11548 1
11552 1
11556 2
11560 1
11562 2
11563 2
11567 1
11572 2
11573 1
11581 1
11584 1
11587 2
11590 1
11591 1
11592 2
11595 1
11596 3
11606 1
11607 1
11612 1
11613 1
11614 2
11626 1
11631 1
11634 2
11637 1
11639 2
11640 1
11646 3
11650 1
11653 1
11656 1
11660 2
11662 1
11664 2
11670 2
11672 1
11675 1
11676 1
11683 1
11688 2
11689 1
11696 1
11697 3
11699 1
11705 1
11710 2
11711 1
11713 1
11715 2
11716 3
11722 1
11726 1
11728 1
11729 1
11732 1
11741 1
11744 2
11752 1
11753 1
11755 3
11759 3
11760 1
11768 1
11776 1
11795 1
11796 1
11799 1
11809 1
11814 1
11821 1
11822 1
11823 1
11824 2
11828 2
11830 2
11832 1
11839 1
11843 1
11844 1
11852 1
11855 1
11856 2
11857 1
11858 1
11862 1
11864 2
11866 1
11875 1
11877 2
11880 2
11881 1
11884 1
11892 1
11900 1
11901 1
11902 1
11904 3
11905 1
11906 2
11908 1
11915 1
11916 2
11919 1
11920 1
11922 3
11927 1
11928 3
11939 1
11945 1
11948 2
11959 1
11965 2
11971 1
11977 1
11980 1
11982 1
11992 2
11999 1
12001 1
12004 1
12005 1
12007 2
12008 1
12009 1
12011 2
12012 2
12018 2
12020 1
12024 1
12030 6
12031 2
12032 1
12036 1
12038 1
12039 2
12040 1
12044 1
12046 1
12049 3
12052 1
12055 1
12060 1
12076 2
12084 2
12093 1
12095 2
12099 2
12101 1
12104 1
12108 1
12113 1
12114 4
12116 1
12120 1
12121 1
12124 1
12125 1
12126 1
12131 1
12140 1
12144 3
12151 1
12166 4
12168 3
12172 1
12175 2
12177 3
12182 3
12183 2
12189 3
12193 1
12194 1
12196 1
12203 1
12206 1
12216 1
12219 1
12220 2
12232 1
12239 1
12243 1
12245 1
12248 1
12249 1
12255 1
12256 1
12262 1
12267 1
12270 1
12275 1
12278 1
12284 1
12285 1
12288 8
12292 1
12299 4
12304 1
12307 1
12311 1
12312 1
12315 1
12320 3
12324 1
12329 1
12332 1
12341 1
12345 1
12348 1
12354 1
12357 2
12360 2
12362 2
12387 1
12407 2
12408 1
12410 1
12411 1
12412 1
12413 1
12424 1
12432 3
12433 2
12442 1
12445 2
12456 1
12458 1
12460 2
12464 2
12467 1
12481 1
12482 2
12485 2
12486 1
12488 4
12490 1
12492 1
12496 1
12512 1
12513 2
12524 2
12528 1
12530 1
12533 1
12538 1
12544 2
12545 1
12546 1
12548 1
12556 1
12557 1
12576 1
12582 1
12585 2
12590 1
12592 3
12593 1
12594 2
12597 4
12600 2
12605 1
12607 2
12613 3
12615 1
12618 1
12630 1
12633 1
12636 1
12638 1
12640 2
12644 1
12645 4
12646 1
12652 1
12653 1
12658 1
12668 1
12672 1
12679 2
12680 1
12681 2
12684 2
12693 2
12700 2
12703 1
12704 1
12707 2
12710 6
12716 1
12720 2
12723 1
12726 1
12748 1
12758 1
12761 1
12768 1
12776 1
12778 3
12779 2
12788 1
12791 2
12796 3
12800 2
12818 1
12820 2
12828 1
12829 1
12833 1
12836 1
12843 1
12846 1
12848 1
12851 1
12852 1
12858 3
12861 1
12871 1
12888 2
12902 1
12904 1
12915 1
12924 1
12927 1
12928 3
12930 3
12932 3
12934 1
12940 2
12943 2
12946 3
12948 2
12960 1
12961 1
12962 1
12963 3
12969 1
12971 1
12972 3
12996 1
12997 1
12999 3
13006 1
13014 1
13020 2
13029 1
13031 1
13032 2
13033 2
13040 1
13042 1
13048 2
13050 1
13052 1
13055 1
13059 1
13072 1
13074 1
13080 2
13092 1
13096 4
13097 1
13098 1
13100 1
13104 1
13119 1
13122 2
13124 1
13125 2
13126 1
13129 1
13140 1
13141 2
13149 1
13158 2
13159 2
13160 1
13164 2
13165 1
13166 1
13169 1
13184 1
13190 2
13196 1
13198 2
13200 1
13203 1
13206 1
13211 1
13214 1
13216 1
13221 4
13224 1
13231 1
13232 2
13233 1
13238 2
13240 1
13246 1
13250 1
13259 1
13260 1
13262 2
13266 1
13277 1
13279 2
13286 1
13289 2
13290 1
13292 2
13299 2
13302 1
13304 2
13305 1
13308 2
13312 9
13315 1
13319 2
13325 1
13326 2
13327 1
13328 1
13330 2
13336 1
13344 2
13346 1
13347 1
13348 2
13361 1
13369 1
13371 1
13373 1
13377 1
13382 1
13383 1
13386 1
13387 2
13388 2
13392 1
13394 1
13397 1
13398 3
13402 1
13406 2
13410 2
13413 1
13426 1
13427 1
13431 1
13437 1
13444 1
13445 2
13451 1
13452 3
13455 1
13461 2
13464 1
13468 1
13476 1
13484 1
13490 1
13494 2
13510 1
13516 1
13517 1
13520 1
13531 1
13543 1
13544 1
13547 1
13556 1
13580 3
13592 1
13594 1
13596 1
13600 3
13602 3
13604 3
13606 1
13618 2
13619 1
13622 1
13623 3
13628 1
13633 1
13634 2
13648 1
13653 1
13657 1
13676 1
13678 1
13688 1
13690 1
13699 1
13705 2
13712 1
13721 2
13724 1
13725 1
13727 1
13728 1
13744 1
13745 1
13747 1
13757 2
13760 1
13772 1
13773 1
13776 2
13782 1
13787 2
13789 1
13797 1
13809 1
13811 1
13821 2
13832 2
13840 1
13849 1
13852 3
13856 1
13860 1
13868 1
13870 1
13874 1
13876 2
13878 1
13884 1
13895 1
13899 1
13904 1
13910 2
13911 1
13924 1
13931 1
13932 1
13936 2
13948 2
13949 2
13950 1
13955 1
13959 3
13960 4
13963 1
13964 1
13966 1
13969 1
13980 1
13988 1
13989 1
13990 1
13992 1
13994 2
13995 1
14000 2
14004 1
14005 2
14010 1
14012 1
14016 3
14020 1
14022 1
14024 2
14042 1
14046 1
14048 4
14050 3
14052 2
14056 2
14061 2
14065 1
14070 1
14073 1
14076 1
14078 2
14080 1
14081 1
14086 1
14094 1
14095 1
14096 1
14097 2
14100 2
14104 2
14113 1
14118 1
14120 1
14123 1
14124 1
14127 1
14128 1
14132 1
14144 2
14146 1
14152 1
14165 1
14169 1
14184 2
14191 2
14203 1
14216 1
14224 2
14225 1
14228 1
14235 1
14239 1
14242 1
14255 2
14259 1
14260 1
14266 1
14272 1
14273 1
14274 2
14278 1
14279 2
14283 1
14294 1
14300 1
14307 2
14318 2
14320 3
14325 1
14326 1
14329 1
14330 1
14334 1
14336 13
14341 1
14342 2
14345 2
14348 1
14350 2
14357 1
14360 1
14364 1
14372 1
14375 1
14378 2
14387 1
14388 1
14393 1
14397 1
14399 1
14406 1
14408 1
14410 1
14420 2
14432 1
14433 1
14434 3
14435 3
14437 1
14443 2
14444 1
14449 2
14450 1
14463 1
14464 1
14467 1
14468 1
14474 1
14476 1
14479 1
14483 1
14496 1
14498 2
14503 1
14504 4
14506 1
14511 1
14512 3
14517 2
14526 3
14533 1
14534 2
14540 2
14543 1
14548 2
14556 2
14562 2
14564 2
14567 2
14573 1
14576 1
14586 1
14596 1
14601 1
14616 2
14624 1
14641 1
14643 1
14644 1
14645 2
14646 1
14657 1
14663 1
14674 2
14677 1
14684 1
14688 1
14690 1
14703 4
14704 1
14716 1
14719 1
14720 1
14722 1
14730 1
14764 1
14773 1
14778 2
14780 1
14785 1
14788 2
14792 1
14797 1
14803 1
14811 1
14812 1
14815 3
14816 1
14818 2
14820 3
14826 2
14834 2
14845 2
14857 1
14860 1
14862 1
14865 1
14867 2
14869 1
14875 1
14884 1
14888 2
14892 1
14899 1
14919 3
14923 3
14940 1
14941 1
14943 2
14967 1
14971 1
14979 1
14996 1
14997 1
15000 1
15010 1
15014 3
15016 1
15036 1
15046 1
15048 1
15053 1
15056 1
15059 1
15070 2
15076 1
15085 1
15086 3
15104 1
15112 2
15113 1
15122 2
15124 1
15132 1
15145 1
15156 1
15158 3
15164 3
15173 1
15184 1
15186 1
15200 1
15211 2
15218 1
15219 1
15232 2
15233 1
15235 3
15242 1
15245 1
15251 2
15255 1
15257 1
15265 1
15270 2
15277 3
15280 1
15282 1
15283 1
15287 1
15291 2
15298 1
15300 1
15302 1
15308 1
15314 1
15315 1
15338 1
15339 1
15343 1
15344 1
15347 1
15349 1
15356 1
15360 4
15367 1
15368 2
15369 1
15372 1
15376 1
15388 1
15390 1
15393 1
15420 2
15424 1
15431 2
15436 1
15443 1
15445 1
15452 2
15454 1
15459 1
15468 1
15474 1
15482 1
15484 1
15487 1
15492 1
15497 1
15518 1
15520 1
15521 3
15523 1
15532 1
15543 1
15554 1
15556 2
15571 1
15584 1
15588 1
15595 2
15602 1
15608 2
15613 1
15623 1
15627 1
15632 1
15634 2
15650 1
15654 1
15661 1
15667 1
15669 3
15670 1
15676 1
15680 1
15684 1
15688 1
15690 1
15692 2
15694 1
15714 2
15718 1
15722 1
15729 1
15747 1
15774 2
15797 1
15819 1
15822 1
15830 1
15831 1
15832 3
15837 1
15840 1
15844 1
15848 1
15851 1
15854 1
15862 2
15870 2
15871 1
15872 1
15881 1
15883 2
15893 1
15901 1
15907 1
15909 2
15917 1
15935 1
15939 2
15944 1
15950 1
15953 1
15956 1
15959 1
15966 1
15975 1
15976 1
15988 1
15992 1
15993 1
16000 1
16006 1
16009 1
16018 1
16021 1
16027 1
16035 1
16037 1
16040 1
16043 1
16059 1
16076 1
16082 1
16083 2
16088 1
16092 1
16095 1
16101 2
16103 1
16112 3
16123 1
16125 2
16129 2
16143 1
16145 1
16151 1
16152 1
16158 3
16173 1
16193 2
16199 1
16201 1
16204 1
16224 1
16229 1
16230 1
16237 1
16249 2
16250 2
16252 1
16257 1
16264 1
16266 1
16268 1
16271 1
16281 1
16282 1
16297 1
16316 1
16319 1
16320 1
16327 1
16336 1
16341 1
16349 1
16351 3
16356 1
16366 2
16368 1
16372 1
16384 6
16393 2
16401 1
16404 1
16411 1
16421 2
16424 1
16426 2
16440 3
16441 2
16449 1
16450 3
16451 1
16467 3
16480 1
16484 1
16497 1
16500 1
16501 3
16519 1
16521 1
16529 2
16535 3
16536 1
16541 1
16544 1
16548 1
16549 1
16568 1
16584 1
16589 1
16594 1
16598 1
16608 1
16609 2
16612 1
16618 1
16623 1
16624 1
16625 2
16630 1
16632 2
16651 2
16652 1
16654 1
16665 3
16677 3
16680 1
16687 1
16691 1
16696 1
16715 1
16716 1
16719 1
16724 1
16728 1
16741 1
16742 1
16760 1
16771 2
16775 1
16792 1
16795 1
16796 1
16800 1
16807 1
16808 1
16809 1
16813 1
16815 1
16823 1
16826 1
16832 1
16855 1
16867 1
16871 1
16873 1
16880 1
16896 3
16900 1
16905 1
16909 1
16910 1
16936 1
16960 1
16963 1
16964 1
16983 2
16985 3
16987 1
16995 2
16999 1
17004 2
17009 6
17010 2
17011 1
17016 1
17022 1
17026 1
17033 2
17037 1
17042 3
17044 2
17056 1
17060 1
17075 1
17084 1
17086 1
17099 1
17102 1
17107 1
17112 1
17122 3
17126 2
17137 1
17148 1
17168 1
17180 1
17187 2
17191 1
17196 1
17204 2
17206 1
17212 1
17214 1
17232 1
17237 1
17248 1
17249 1
17256 1
17260 1
17268 1
17270 1
17280 1
17281 1
17296 1
17309 2
17310 1
17316 1
17322 1
17324 1
17327 1
17342 1
17343 1
17344 1
17348 2
17354 1
17381 1
17396 1
17408 1
17412 1
17413 1
17423 2
17424 1
17428 2
17430 1
17438 1
17452 1
17469 4
17471 1
17476 1
17480 1
17496 1
17503 1
17507 1
17509 1
17514 2
17522 1
17524 1
17541 1
17546 1
17548 1
17549 1
17555 1
17574 1
17584 1
17585 1
17592 2
17599 1
17605 1
17613 1
17616 1
17624 2
17650 1
17669 2
17679 1
17681 2
17682 1
17701 1
17708 1
17711 1
17719 1
17723 1
17729 1
17743 1
17755 2
17771 1
17775 1
17776 1
17783 2
17787 1
17790 1
17798 2
17802 1
17805 1
17807 1
17822 1
17846 3
17848 1
17850 2
17863 3
17876 1
17883 2
17901 3
17919 2
17924 1
17938 1
17960 1
17968 1
17975 3
17982 1
17989 1
17996 1
17997 1
18012 3
18020 1
18029 2
18052 1
18056 3
18057 1
18063 2
18066 1
18069 1
18082 1
18083 1
18087 1
18092 1
18094 1
18100 1
18116 1
18124 1
18135 1
18143 1
18151 3
18173 2
18179 1
18186 1
18195 1
18196 1
18204 2
18205 1
18215 1
18230 1
18231 1
18233 1
18243 1
18244 1
18248 1
18260 1
18280 3
18287 1
18303 3
18334 1
18337 1
18342 1
18363 1
18366 1
18377 1
18379 1
18384 1
18388 1
18396 1
18412 1
18420 1
18432 3
18436 1
18453 1
18460 1
18463 1
18484 1
18489 1
18492 3
18516 1
18518 1
18523 1
18534 2
18547 1
18549 1
18552 1
18553 1
18572 1
18586 1
18592 1
18594 2
18602 1
18621 1
18623 2
18628 1
18632 1
18649 2
18653 1
18656 1
18659 1
18664 3
18691 1
18692 1
18694 3
18701 1
18709 1
18718 1
18720 1
18728 1
18734 1
18746 1
18750 3
18755 1
18756 1
18763 1
18776 1
18777 1
18784 3
18804 1
18811 2
18812 3
18820 1
18840 1
18854 1
18864 1
18870 1
18872 1
18877 1
18887 1
18888 1
18891 1
18896 1
18899 2
18904 2
18911 1
18920 1
18929 1
18930 1
18932 1
18940 1
18946 1
18950 1
18957 5
18972 1
18986 1
18992 1
18997 1
19000 1
19003 2
19023 1
19026 1
19036 3
19040 1
19060 1
19092 1
19097 1
19106 1
19107 1
19109 1
19116 1
19125 1
19140 1
19155 2
19158 1
19160 1
19180 1
19184 1
19212 1
19224 1
19236 1
19239 1
19267 1
19311 1
19313 1
19321 1
19334 1
19345 1
19355 2
19361 2
19362 1
19364 2
19375 1
19377 1
19391 1
19400 2
19408 2
19421 1
19440 1
19462 1
19502 1
19509 1
19512 1
19516 2
19524 1
19528 1
19543 1
19553 1
19567 1
19571 1
19574 1
19576 1
19587 2
19596 2
19604 1
19615 1
19620 2
19622 1
19626 1
19640 2
19641 1
19655 3
19660 1
19665 1
19678 2
19690 2
19699 1
19708 1
19718 2
19721 1
19726 1
19729 1
19731 1
19739 1
19741 1
19744 2
19750 1
19761 1
19780 1
19789 1
19793 1
19812 3
19815 1
19816 1
19847 3
19851 1
19864 1
19883 3
19889 1
19892 1
19905 1
19906 1
19914 1
19936 2
19944 2
19949 1
19950 3
19974 1
19978 1
19982 2
19988 1
19993 1
19996 1
19999 1
20000 3
20004 1
20027 1
20035 1
20036 1
20049 1
20051 1
20055 1
20059 1
20061 3
20067 1
20084 2
20089 3
20104 3
20108 1
20112 1
20144 1
20156 1
20174 3
20177 1
20182 4
20188 3
20210 1
20218 1
20224 1
20240 1
20252 1
20258 2
20267 1
20276 1
20277 1
20286 2
20287 1
20288 1
20297 1
20316 1
20334 3
20339 3
20346 3
20358 1
20360 1
20364 1
20371 3
20386 2
20392 1
20393 3
20424 1
20441 1
20451 1
20458 1
20460 1
20466 1
20480 2
20490 2
20500 2
20504 1
20505 1
20510 1
20511 1
20512 1
20516 1
20523 1
20524 3
20525 1
20531 1
20549 1
20552 1
20557 1
20569 1
20580 2
20600 1
20608 1
20613 1
20620 1
20624 1
20625 1
20630 2
20635 1
20647 2
20686 1
20689 2
20703 1
20708 4
20709 2
20712 2
20728 1
20733 1
20738 2
20756 1
20769 1
20780 1
20783 1
20786 1
20802 1
20804 1
20810 1
20811 2
20828 2
20829 2
20832 1
20843 1
20846 2
20860 1
20888 1
20893 2
20899 1
20905 1
20928 2
20940 2
20976 1
20980 4
20982 1
20984 2
20992 1
20993 1
20996 1
21002 1
21009 1
21015 3
21025 1
21028 1
21030 2
21063 2
21068 1
21070 1
21078 2
21087 1
21102 1
21115 1
21119 1
21120 1
21151 1
21152 1
21159 1
21162 1
21169 1
21174 1
21182 1
21184 1
21189 2
21192 3
21197 1
21201 2
21206 1
21225 2
21226 1
21228 6
21233 1
21239 1
21248 2
21298 1
21309 1
21312 1
21320 1
21327 1
21359 1
21362 2
21376 1
21377 1
21384 1
21387 2
21388 1
21403 1
21406 2
21412 1
21420 1
21424 1
21432 1
21435 1
21456 2
21460 1
21462 1
21473 2
21482 3
21521 1
21545 2
21554 1
21560 2
21561 1
21592 3
21600 1
21604 2
21620 1
21630 1
21641 1
21654 3
21685 1
21690 1
21702 1
21707 1
21732 1
21740 1
21745 3
21748 3
21753 2
21765 1
21768 1
21771 1
21772 1
21780 1
21787 1
21800 1
21802 2
21816 2
21820 1
21835 2
21837 2
21841 5
21849 1
21872 1
21884 1
21891 1
21892 1
21906 1
21909 1
21914 1
21920 1
21925 2
21932 1
21944 1
21951 1
21964 1
21982 1
21990 2
21993 1
22008 1
22009 2
22024 2
22037 1
22052 2
22054 1
22059 1
22062 1
22072 1
22079 1
22127 1
22133 1
22140 1
22144 1
22150 3
22152 1
22155 1
22163 3
22166 1
22188 1
22190 1
22198 3
22207 1
22209 1
22219 1
22233 4
22242 2
22268 1
22269 1
22276 1
22285 1
22288 1
22292 1
22295 2
22308 1
22366 2
22369 1
22388 3
22396 1
22419 1
22430 1
22452 1
22470 2
22491 2
22496 1
22499 1
22510 1
22512 1
22523 1
22527 1
22528 10
22539 1
22540 2
22555 1
22588 1
22603 1
22608 3
22638 1
22640 2
22672 2
22694 1
22704 1
22708 1
22711 1
22719 1
22720 2
22728 1
22750 1
22752 1
22785 1
22795 1
22801 1
22802 1
22804 1
22839 1
22840 2
22856 1
22865 1
22870 1
22888 1
22897 1
22952 2
22953 1
22954 1
22960 1
22964 1
22976 1
22980 1
22986 2
22987 2
22992 1
22999 2
23004 1
23007 1
23008 1
23061 1
23092 1
23127 1
23130 1
23136 1
23137 1
23173 2
23174 1
23184 2
23221 1
23224 1
23235 2
23273 1
23297 1
23302 2
23304 1
23311 1
23316 1
23332 2
23338 1
23340 1
23383 1
23392 1
23401 1
23408 1
23428 2
23437 1
23441 1
23451 1
23464 1
23487 1
23488 1
23498 1
23515 2
23521 1
23522 1
23544 1
23552 5
23600 1
23601 1
23604 1
23608 1
23616 1
23641 1
23647 1
23654 3
23667 1
23678 1
23684 2
23697 1
23704 1
23716 1
23726 1
23728 3
23739 1
23744 1
23752 1
23753 1
23756 1
23757 1
23768 2
23773 1
23780 1
23794 1
23795 1
23796 1
23802 2
23804 1
23807 2
23808 1
23819 1
23826 1
23832 2
23843 1
23852 1
23853 3
23856 1
23860 1
23862 1
23887 1
23890 2
23892 3
23894 1
23909 1
23916 1
23918 2
23921 1
23938 1
23940 1
23979 1
23981 1
23990 1
23992 2
24000 1
24012 1
24020 1
24027 2
24030 1
24052 1
24064 2
24069 2
24090 1
24091 2
24092 2
24100 1
24112 1
24113 1
24121 1
24130 2
24132 2
24146 1
24147 2
24180 1
24198 1
24200 1
24201 1
24206 1
24216 2
24224 1
24246 1
24258 1
24276 1
24284 2
24296 2
24312 1
24323 2
24331 2
24340 2
24351 1
24355 1
24364 1
24388 1
24393 1
24399 2
24404 1
24420 1
24428 1
24464 1
24472 2
24479 1
24480 1
24491 2
24494 1
24512 1
24528 1
24531 1
24544 1
24548 1
24571 1
24576 18
24579 1
24580 1
24586 1
24589 1
24608 1
24610 1
24614 1
24628 1
24660 1
24672 1
24697 1
24716 1
24718 1
24720 1
24721 1
24768 1
24772 1
24774 1
24777 1
24780 1
24788 1
24812 1
24815 2
24824 1
24830 1
24864 2
24888 1
24898 1
24912 2
24941 1
24947 1
24957 1
24990 2
24994 1
25003 1
25018 3
25037 2
25050 2
25051 1
25053 1
25057 1
25061 3
25075 1
25097 2
25116 1
25124 2
25144 1
25190 1
25192 1
25204 1
25212 1
25220 1
25254 1
25258 1
25306 1
25310 1
25313 1
25327 1
25344 1
25348 1
25361 1
25411 1
25434 1
25449 2
25468 2
25474 1
25483 1
25532 2
25566 1
25579 3
25596 1
25608 1
25640 1
25663 1
25680 1
25694 2
25695 2
25713 1
25732 1
25739 1
25741 1
25772 1
25789 2
25794 2
25795 1
25796 2
25798 1
25802 1
25822 1
25836 1
25848 1
25850 1
25860 1
25874 1
25880 1
25890 1
25893 1
25916 1
25924 1
25945 1
25959 2
25965 1
25968 1
25984 1
25986 2
25992 1
25999 1
26005 1
26039 1
26042 1
26089 1
26120 2
26131 1
26159 1
26171 1
26179 1
26209 2
26217 1
26224 2
26227 3
26228 1
26256 1
26268 1
26292 1
26307 1
26308 2
26312 3
26322 1
26336 1
26437 1
26474 1
26477 2
26500 1
26506 1
26519 1
26555 1
26557 1
26579 1
26583 1
26588 1
26597 1
26634 1
26672 1
26716 1
26720 1
26725 1
26728 1
26737 1
26763 1
26768 1
26794 1
26796 1
26803 1
26844 1
26938 1
26948 1
27002 1
27010 1
27022 1
27044 3
27050 1
27076 1
27088 1
27134 1
27148 1
27153 1
27165 2
27168 1
27179 1
27184 1
27202 2
27205 1
27248 1
27272 2
27273 2
27274 1
27294 2
27304 1
27328 1
27348 2
27359 3
27366 1
27368 2
27373 1
27376 1
27385 1
27399 1
27414 1
27432 1
27459 1
27462 1
27474 1
27480 1
27492 3
27494 1
27526 1
27600 2
27608 1
27637 1
27648 1
27649 1
27662 3
27678 1
27680 1
27701 2
27711 1
27717 1
27718 1
27728 1
27744 1
27749 1
27761 1
27780 1
27792 1
27800 1
27822 2
27831 1
27834 1
27844 1
27856 1
27857 1
27863 1
27883 2
27888 3
27892 1
27904 1
27936 1
27957 1
27960 1
27968 3
27982 1
27993 2
28008 1
28023 3
28034 3
28035 2
28041 1
28055 1
28074 1
28085 2
28088 1
28093 1
28104 1
28124 1
28188 1
28190 1
28201 1
28210 1
28247 1
28281 1
28292 3
28296 1
28319 1
28368 2
28408 2
28442 1
28464 1
28480 1
28483 1
28499 1
28505 1
28515 1
28526 2
28539 1
28544 2
28596 1
28597 1
28600 1
28661 3
28669 1
28672 5
28718 1
28722 1
28751 1
28763 2
28769 1
28771 1
28799 1
28807 1
28816 1
28820 1
28828 1
28832 1
28841 1
28844 1
28852 1
28886 1
28904 1
28923 2
28974 1
28976 1
28981 1
28989 2
29044 1
29055 1
29073 1
29083 1
29100 1
29113 1
29170 1
29175 1
29188 1
29196 2
29200 1
29204 1
29212 1
29271 1
29274 1
29282 2
29296 3
29306 1
29312 1
29319 1
29368 1
29372 1
29375 1
29398 1
29449 1
29456 1
29465 1
29490 1
29500 1
29528 3
29553 1
29596 1
29598 1
29600 1
29607 1
29613 1
29640 1
29652 1
29696 6
29700 1
29714 1
29723 2
29729 2
29730 1
29763 1
29780 1
29787 1
29788 1
29798 2
29800 4
29826 1
29834 1
29844 1
29995 1
30004 3
30008 1
30070 1
30086 1
30106 2
30123 1
30141 1
30150 1
30158 1
30174 1
30180 1
30200 1
30208 1
30218 1
30229 1
30231 1
30275 1
30290 1
30302 1
30305 1
30309 1
30311 1
30318 1
30320 2
30365 1
30374 1
30380 1
30400 1
30419 2
30434 3
30443 1
30468 1
30476 1
30527 1
30540 4
30552 3
30566 2
30588 1
30636 1
30678 1
30788 1
30828 1
30850 1
30863 1
30865 1
30868 3
30884 1
30950 1
30982 1
30991 1
30992 1
30996 1
31012 1
31031 1
31037 1
31047 1
31068 1
31086 1
31120 1
31151 1
31152 1
31205 1
31208 1
31240 1
31249 1
31277 1
31282 1
31363 1
31458 1
31472 1
31504 1
31532 1
31541 1
31555 2
31609 1
31613 1
31620 1
31648 1
31683 2
31709 1
31728 1
31748 1
31773 1
31774 1
31808 1
31810 1
31811 1
31836 2
31846 1
31876 1
31923 2
31950 1
31971 2
31983 2
32003 1
32024 1
32065 1
32096 2
32097 1
32144 1
32185 1
32187 1
32208 2
32232 1
32255 1
32297 1
32312 1
32371 3
32407 1
32424 1
32428 1
32434 1
32461 2
32464 1
32501 1
32512 2
32525 1
32528 1
32548 1
32575 2
32579 1
32589 1
32595 1
32621 1
32672 2
32673 3
32700 1
32715 1
32750 1
32768 11
32771 1
32772 1
32808 1
32868 1
32872 1
32884 1
32932 1
32948 1
33015 1
33043 1
33045 1
33048 1
33064 1
33111 1
33116 1
33119 1
33121 1
33130 1
33145 1
33180 2
33181 1
33198 1
33210 1
33243 1
33299 2
33304 3
33334 1
33343 1
33352 1
33356 2
33383 3
33399 1
33403 1
33408 1
33443 1
33448 2
33452 3
33507 2
33552 3
33553 1
33560 1
33581 1
33587 2
33616 1
33618 1
33679 1
33730 1
33764 1
33779 1
33792 3
33808 1
33810 4
33820 1
33897 1
33909 1
33964 1
34010 1
34019 1
34025 1
34034 1
34065 1
34185 1
34216 1
34219 1
34228 1
34240 1
34284 1
34291 1
34307 1
34336 1
34341 3
34400 1
34404 1
34430 1
34449 1
34463 1
34470 2
34475 1
34524 1
34526 2
34554 1
34628 1
34676 2
34680 1
34683 2
34728 1
34734 1
34816 1
34858 1
34882 1
34912 1
34957 1
34970 1
34976 1
35038 1
35044 1
35048 1
35109 1
35120 1
35122 3
35123 1
35136 1
35208 1
35264 1
35271 1
35352 1
35356 1
35358 1
35360 1
35420 1
35502 1
35538 2
35556 1
35559 1
35580 1
35600 1
35671 1
35704 1
35716 1
35746 1
35756 1
35781 1
35792 1
35813 1
35856 1
35890 1
35905 1
35948 1
35953 1
35955 1
35960 1
35984 3
35986 1
36023 3
36040 1
36049 1
36060 2
36071 1
36089 1
36102 1
36104 2
36116 1
36147 2
36160 1
36169 1
36188 1
36213 1
36232 1
36237 1
36251 1
36252 1
36331 1
36370 1
36375 1
36386 1
36409 1
36432 1
36433 1
36497 2
36512 1
36524 1
36540 4
36542 1
36578 1
36587 1
36648 1
36656 1
36680 1
36687 1
36715 1
36716 1
36717 1
36727 1
36775 1
36805 1
36809 1
36814 1
36819 2
36828 1
36832 1
36837 1
36848 1
36849 1
36856 1
36864 2
36977 1
37080 2
37119 2
37188 1
37202 2
37246 1
37247 1
37303 1
37323 1
37346 1
37396 2
37428 1
37474 3
37485 1
37520 1
37573 1
37612 2
37625 1
37638 2
37733 2
37776 1
37819 1
37833 2
37841 1
37852 1
37857 3
37880 1
37893 1
37934 2
37984 1
38032 1
38042 2
38093 1
38128 1
38195 1
38325 1
38328 2
38344 1
38345 1
38351 1
38399 1
38472 1
38492 1
38496 1
38498 1
38533 1
38534 1
38549 2
38563 1
38612 1
38700 1
38732 1
38740 2
38756 1
38763 1
38791 1
38808 1
38832 2
38848 1
38850 1
38866 1
38875 1
38892 1
38912 1
38921 1
38971 1
38972 1
38973 1
39080 1
39082 1
39116 1
39125 1
39132 2
39163 1
39188 1
39207 1
39208 1
39216 1
39240 1
39255 1
39289 1
39297 1
39367 1
39371 1
39382 1
39384 3
39423 1
39448 1
39466 1
39511 1
39516 1
39537 1
39552 1
39564 2
39581 1
39601 1
39623 1
39626 2
39680 1
39683 1
39691 1
39692 1
39696 1
39736 1
39745 1
39760 1
39796 1
39850 1
39881 1
39936 4
39964 1
39969 1
39985 1
40016 1
40036 1
40069 2
40203 2
40253 1
40256 1
40258 1
40288 1
40337 1
40379 1
40385 1
40407 2
40420 1
40424 1
40437 1
40504 1
40513 2
40533 1
40620 1
40701 3
40710 2
40712 1
40737 1
40752 1
40781 4
40791 2
40814 1
40872 1
40904 2
40923 1
40947 1
40956 1
40960 5
40964 1
40995 2
41039 1
41062 1
41102 1
41108 1
41123 1
41182 1
41204 1
41374 1
41376 1
41391 3
41400 1
41404 2
41440 1
41529 1
41543 1
41549 2
41600 2
41655 1
41685 2
41720 2
41728 2
41732 2
41735 1
41744 4
41764 1
41780 2
41783 1
41788 2
41791 1
41804 2
41824 2
41847 1
41855 2
41866 1
41896 2
41915 1
41919 1
41923 1
41926 3
41939 1
41988 1
42012 1
42015 1
42018 1
42032 2
42061 1
42066 2
42095 2
42104 2
42128 4
42136 2
42152 1
42164 1
42176 1
42184 2
42188 1
42200 1
42224 1
42228 2
42248 4
42268 2
42300 2
42316 3
42332 1
42336 1
42348 1
42352 2
42361 2
42368 1
42416 1
42420 1
42432 2
42440 1
42487 2
42500 2
42504 2
42509 1
42580 2
42592 2
42600 1
42612 2
42624 2
42708 1
42709 1
42731 1
42736 2
42740 4
42741 1
42752 2
42756 4
42764 1
42776 1
42788 2
42820 2
42840 4
42843 1
42848 2
42856 1
42860 2
42862 1
42872 2
42908 1
42924 1
42928 3
42944 2
42963 1
43000 3
43019 1
43024 2
43032 4
43040 2
43060 1
43073 1
43074 1
43078 1
43084 3
43088 1
43108 2
43144 2
43146 1
43160 2
43172 2
43176 3
43220 2
43232 2
43248 2
43260 2
43276 2
43288 1
43304 2
43308 2
43312 1
43316 1
43324 2
43340 2
43344 1
43356 2
43360 2
43375 1
43400 2
43428 2
43444 2
43448 1
43452 4
43456 2
43476 1
43504 1
43512 1
43529 1
43537 1
43540 2
43552 2
43556 2
43564 1
43576 2
43580 2
43586 1
43596 2
43602 1
43648 2
43676 2
43688 2
43700 1
43708 2
43740 1
43795 1
43798 1
43804 3
43814 2
43844 2
43856 1
43860 2
43868 2
43878 1
43884 2
43886 1
43912 2
43940 1
43972 2
43996 4
44008 2
44012 2
44024 1
44032 1
44052 2
44060 1
44064 1
44072 1
44077 2
44092 2
44100 2
44111 1
44132 2
44141 1
44156 2
44160 2
44174 3
44184 2
44196 1
44202 1
44216 2
44276 2
44308 2
44316 1
44324 2
44380 2
44384 2
44392 1
44396 1
44427 1
44432 1
44448 1
44458 1
44460 1
44516 2
44520 1
44532 1
44547 1
44549 1
44604 2
44616 1
44640 2
44700 2
44704 2
44726 1
44732 4
44744 2
44760 5
44761 1
44956 1
44972 2
44995 2
45024 2
45054 1
45111 1
45148 2
45156 2
45160 1
45208 2
45212 1
45248 2
45272 1
45348 2
45354 3
45372 2
45424 2
45436 2
45447 1
45475 1
45584 1
45616 1
45632 1
45654 1
45660 2
45677 1
45685 1
45693 1
45694 1
45696 1
45721 1
45723 3
45732 1
45752 2
45765 1
45780 1
45812 1
45836 1
45840 1
45896 1
45904 1
45912 1
45944 3
45952 1
46044 2
46080 2
46100 1
46108 2
46146 1
46176 2
46180 1
46228 2
46246 1
46280 2
46352 2
46393 1
46420 1
46500 1
46516 1
46547 1
46577 2
46588 2
46708 2
46756 1
46878 1
46879 1
46889 1
46912 1
47000 2
47005 2
47012 1
47050 1
47068 3
47104 3
47160 1
47172 1
47192 1
47218 1
47244 1
47480 1
47500 2
47592 1
47624 1
47796 2
47800 2
47840 1
47872 1
47874 1
47876 1
47880 1
47904 1
47924 2
47956 1
47982 1
48012 1
48032 2
48104 2
48161 1
48208 1
48232 1
48234 1
48239 1
48272 2
48320 1
48328 2
48345 1
48348 2
48360 2
48423 1
48432 1
48511 1
48530 2
48550 1
48552 2
48560 1
48610 1
48680 2
48700 1
48705 1
48725 1
48748 1
48797 1
48803 1
48883 1
48892 1
48937 1
48954 1
48962 1
48980 1
49023 1
49096 1
49104 2
49112 1
49128 1
49152 4
49194 1
49219 2
49232 2
49247 2
49259 1
49288 1
49299 2
49310 1
49340 2
49392 2
49419 1
49436 2
49462 1
49486 1
49518 2
49550 2
49555 1
49564 1
49608 1
49627 2
49646 1
49648 1
49660 1
49672 1
49680 2
49693 2
49700 1
49712 1
49816 1
49828 1
49849 1
49872 2
49874 1
49888 1
49920 1
49924 3
49945 1
49950 2
49975 1
49976 1
49982 1
50006 1
50024 1
50170 1
50176 3
50188 2
50301 1
50324 2
50337 1
50364 1
50368 1
50383 1
50432 1
50440 1
50472 2
50496 1
50560 1
50568 1
50585 2
50612 1
50668 2
50829 1
50830 1
50844 1
50845 1
50858 1
50860 2
50913 1
51018 2
51048 1
51049 1
51132 1
51142 1
51156 1
51337 1
51500 2
51504 1
51510 1
51534 1
51550 1
51694 1
51712 1
51741 1
51774 1
51809 1
51884 2
51896 1
51907 1
51916 1
51933 1
51976 1
52048 1
52060 2
52119 1
52140 1
52145 1
52189 1
52205 2
52212 1
52224 1
52263 1
52296 1
52297 1
52398 1
52421 1
52436 2
52448 1
52496 1
52556 1
52632 1
52636 1
52716 1
52752 1
52756 1
52780 1
52864 1
52931 1
52953 1
52988 1
53004 2
53016 1
53036 1
53068 1
53073 1
53116 1
53144 1
53261 1
53304 1
53330 1
53356 1
53368 1
53381 1
53391 2
53456 1
53496 2
53536 2
53605 1
53636 1
53727 1
53752 1
53760 1
53788 1
53864 1
53878 1
53900 1
53902 2
53917 1
53968 1
54044 2
54060 1
54092 1
54120 1
54124 1
54156 2
54158 2
54211 3
54212 1
54248 1
54259 3
54268 1
54272 1
54282 1
54320 2
54360 1
54432 1
54548 1
54552 4
54568 1
54640 3
54652 1
54671 1
54672 2
54704 1
54721 1
54728 2
54766 1
54784 2
54808 1
54812 1
54820 1
54827 1
54858 1
54881 1
54929 1
54973 1
54996 1
55032 4
55076 1
55128 2
55144 1
55152 1
55296 2
55335 1
55336 1
55360 1
55385 1
55402 2
55416 1
55424 1
55440 1
55478 1
55488 2
55610 1
55648 2
55656 1
55696 1
55708 1
55712 1
55720 1
55728 1
55738 1
55792 1
55934 1
55968 1
55985 1
55996 1
56016 1
56068 1
56094 1
56131 1
56132 1
56180 1
56188 1
56221 1
56224 1
56280 1
56290 1
56293 1
56336 1
56355 1
56449 1
56468 2
56480 2
56496 1
56500 1
56536 1
56563 1
56564 1
56572 1
56600 1
56624 1
56632 1
56656 1
56684 1
56709 1
56772 1
56800 1
56821 1
56828 1
56844 1
56852 1
56879 1
56884 1
56906 1
56964 1
56972 1
57041 2
57120 1
57125 1
57200 1
57284 1
57296 1
57320 2
57344 8
57352 2
57355 2
57367 1
57401 1
57415 1
57422 1
57452 2
57475 2
57524 1
57528 2
57540 1
57572 1
57692 1
57712 1
57728 1
57756 1
57791 1
57830 2
57840 1
57864 2
57880 1
57936 1
57949 1
57960 1
57964 1
58052 1
58060 1
58068 1
58136 2
58252 1
58285 1
58360 1
58368 4
58388 2
58455 1
58456 1
58468 1
58479 1
58484 1
58541 1
58548 1
58607 1
58626 1
58632 2
58666 1
58756 1
58796 1
58872 1
58876 1
58884 3
58892 1
58952 1
58964 2
59060 1
59096 1
59108 1
59114 1
59168 1
59183 3
59284 2
59360 1
59536 1
59548 2
59621 1
59680 2
59704 2
59708 1
59712 1
59731 1
59742 1
59751 1
59752 1
59808 1
59812 2
59911 1
59928 1
60000 1
60041 1
60050 1
60052 1
60070 1
60108 2
60140 1
60188 2
60197 1
60218 2
60239 1
60264 2
60278 1
60280 2
60338 1
60370 1
60384 1
60400 1
60416 1
60432 1
60464 1
60476 1
60512 1
60580 1
60623 1
60625 1
60648 3
60688 1
60732 1
60818 1
60984 1
60992 1
61008 1
61028 2
61058 1
61167 1
61284 1
61332 1
61464 1
61504 1
61600 1
61615 1
61656 1
61672 1
61712 1
61792 1
61796 2
61812 2
61823 1
61896 1
61936 1
61952 1
61960 1
62092 1
62100 1
62108 1
62127 1
62132 1
62138 1
62148 2
62150 2
62169 1
62175 1
62208 1
62360 1
62464 5
62470 1
62651 2
62840 1
62888 1
62908 1
62932 2
62976 1
63082 2
63096 1
63131 1
63157 1
63196 1
63432 1
63488 1
63520 1
63600 1
63660 1
63700 1
63804 1
63840 1
63844 1
63900 1
63932 3
64010 1
64015 2
64230 1
64240 1
64274 1
64313 1
64352 1
64356 1
64456 1
64492 1
64516 1
64544 1
64655 1
64688 1
64823 1
64828 1
64838 1
64848 2
64955 1
64968 1
64992 1
65052 1
65064 1
65156 1
65300 2
65372 1
65407 2
65472 1
65528 2
65536 2
65546 1
65556 1
65568 1
65612 1
65692 1
65696 1
65715 1
65936 1
65964 2
65968 1
66038 1
66080 1
66144 2
66148 1
66167 1
66169 2
66192 2
66310 1
66401 1
66423 1
66467 2
66468 1
66503 1
66544 1
66553 1
66596 1
66603 2
66645 1
66696 2
66700 1
66704 1
66849 1
66860 1
67065 1
67068 1
67072 1
67089 1
67113 1
67467 1
67532 1
67538 1
67671 2
67812 2
67813 1
67848 1
67856 1
67857 1
67884 1
67974 1
68008 1
68032 1
68048 1
68080 1
68108 1
68216 1
68292 1
68304 1
68460 1
68464 1
68586 2
68605 1
68608 2
68676 1
68732 1
68748 3
68808 2
68820 1
68880 1
68895 1
68944 1
68954 1
69080 1
69101 2
69104 1
69204 1
69372 1
69434 1
69474 2
69521 1
69649 1
69684 2
69732 1
69780 2
69784 1
69804 1
69812 1
69876 1
70052 1
70164 1
70195 1
70196 1
70296 2
70533 1
70620 1
70624 1
70750 1
70854 1
71052 1
71067 1
71109 1
71189 2
71300 1
71754 2
71880 1
71892 1
71984 1
71992 1
72026 1
72086 1
72109 1
72356 1
72376 1
72512 1
72532 1
72628 1
72637 1
72852 1
72876 1
72918 1
73212 1
73310 1
73352 2
73376 1
73448 1
73462 2
73728 2
73872 1
73988 1
74064 1
74080 1
74128 2
74149 1
74292 3
74371 1
74400 1
74404 1
74405 1
74508 1
74623 1
74628 1
74741 1
74792 1
74824 1
74951 1
75084 2
75208 1
75270 1
75316 2
75559 1
75617 1
75744 2
75752 2
75780 1
75996 1
76000 1
76156 2
76316 1
76328 1
76448 1
76452 1
76571 1
76661 1
76676 1
76752 3
76781 1
76888 1
76905 1
76988 1
77165 2
77208 1
77324 1
77524 2
77680 1
77728 1
77988 2
78172 1
78179 1
78180 1
78204 1
78205 1
78224 1
78416 2
78564 1
78681 2
78687 1
79404 1
79432 1
79447 1
79468 1
79624 2
79767 1
79804 1
79888 2
79904 2
80056 1
80154 1
80268 1
80272 1
80513 1
80561 1
80588 1
80598 1
80628 1
80868 1
80952 1
80992 2
81148 1
81156 1
81172 1
81424 2
81432 1
81576 1
81616 1
81688 1
81768 1
81916 2
81920 1
81956 1
82208 1
82240 1
82278 1
82300 1
82328 1
82331 1
82470 1
82512 1
82524 1
82583 1
82808 1
82816 1
82930 2
83024 1
83184 1
83236 2
83260 2
83267 1
83302 1
83344 1
83456 2
83551 1
83556 1
83680 1
83744 1
83836 1
83872 1
83948 1
84020 1
84048 1
84056 1
84094 1
84098 1
84436 1
84524 1
84688 1
84713 2
84868 1
84928 1
84948 1
84988 1
84996 2
85057 1
85116 1
85150 1
85164 1
85360 2
85480 1
85484 1
85528 1
85536 1
85552 1
85824 1
85848 2
85888 1
86024 2
86050 1
86128 2
86148 1
86316 1
86320 1
86478 1
86504 1
86548 1
86568 1
86580 1
86638 1
86688 1
86806 1
86813 1
87032 2
87040 1
87084 1
87110 2
87216 2
87352 1
87356 1
87554 1
87604 1
87608 1
87816 1
87828 1
87834 1
87844 1
87968 1
88140 1
88184 1
88236 1
88264 1
88317 2
88320 1
88340 1
88400 1
88407 1
88499 1
88525 1
88558 1
88576 1
88598 1
88648 1
88723 2
88752 1
88763 2
88824 1
88840 1
88936 1
88955 1
89000 1
89132 1
89152 1
89160 1
89168 1
89248 2
89362 1
89398 1
89742 1
89868 1
89884 1
90112 3
90330 1
90435 1
90460 1
90552 1
90576 1
90610 1
90752 1
90759 1
90856 1
90892 1
90921 1
90957 1
90980 1
91044 1
91256 1
91272 1
91280 1
91288 1
91292 1
91320 1
91444 1
91459 1
91460 2
91488 1
91504 2
91560 1
91616 1
91656 1
91716 1
91721 1
91880 1
92072 1
92092 1
92111 1
92136 1
92148 1
92164 2
92196 2
92200 1
92216 2
92248 2
92264 1
92286 1
92356 1
92398 1
92520 1
92528 1
92544 1
92568 2
92580 1
92628 1
92672 3
92675 1
92700 1
92763 3
92772 1
92778 1
92928 1
92940 1
92944 1
92948 1
92984 1
93008 1
93036 1
93044 1
93052 1
93072 1
93083 1
93108 1
93160 1
93232 1
93252 1
93344 2
93416 1
93504 2
93548 1
93572 1
93576 1
93632 1
93641 1
93648 1
93660 1
93696 1
93888 2
93967 1
93987 1
94096 1
94116 1
94152 1
94155 1
94264 1
94420 1
94424 1
94536 1
94553 1
94580 2
94672 1
94677 2
94772 1
94860 1
94920 1
94932 1
94951 2
95008 1
95100 1
95104 1
95151 2
95168 1
95180 1
95228 1
95232 3
95280 1
95288 1
95312 1
95328 1
95337 1
95552 1
95698 1
95719 3
95832 1
95942 1
95957 1
96168 1
96256 4
96260 1
96268 1
96332 1
96360 1
96396 1
96520 1
96688 1
96718 2
96720 1
96728 1
96788 1
96801 1
96860 1
96891 1
97160 1
97276 2
97280 2
97322 1
97324 1
97364 1
97452 1
97464 1
97496 1
97500 1
97520 1
97552 1
97716 1
97728 1
97764 1
98008 1
98304 2
98456 1
98700 1
98756 1
98780 1
98788 1
98824 1
98836 1
99016 1
99104 1
99132 1
99268 1
99300 1
99316 1
99352 1
99364 1
99368 1
99460 1
99465 1
99616 1
99644 1
99776 1
99864 1
99892 2
99956 3
100022 1
100072 2
100080 1
100096 1
100196 3
100308 1
100312 1
100340 1
100352 1
100476 1
100684 1
100800 1
100816 1
100936 1
101000 1
101040 1
101112 2
101176 2
101508 1
101520 1
101592 1
101628 1
101644 1
101684 1
101751 1
101756 2
101764 1
101863 1
101868 1
101900 1
101912 1
101984 1
101996 1
102004 1
102012 1
102092 1
102128 1
102140 1
102144 2
102180 1
102192 1
102428 1
102456 1
102488 1
102500 1
102652 1
102688 1
102692 1
102712 1
102832 1
102848 1
102860 1
102872 1
102880 1
102892 1
102896 1
102952 2
102956 2
102996 1
103016 1
103044 1
103088 1
103196 1
103208 1
103272 1
103284 1
103300 1
103324 1
103488 1
103764 1
103944 1
103976 1
104104 1
104156 1
104210 1
104275 1
104296 1
104300 1
104316 1
104348 2
104392 1
104400 2
104592 1
104600 1
104696 1
104764 1
104766 2
104816 1
104820 1
104840 1
104844 1
104879 2
104944 1
104948 1
105040 1
105306 1
105604 2
105702 3
105856 1
105924 1
105947 2
106160 1
106340 2
106372 1
106404 1
106496 3
106512 1
106648 1
106699 1
106756 1
106782 1
106908 1
107252 1
107440 1
107480 1
107496 1
107596 1
107612 1
107636 1
107688 1
107704 1
107824 2
107836 1
107844 1
107927 1
107932 1
108036 1
108044 1
108080 1
108200 1
108216 1
108260 1
108320 1
108404 1
108500 1
108676 1
108701 1
108724 1
108736 1
108744 1
108764 1
108860 1
108880 1
108908 1
109160 1
109224 1
109344 1
109452 1
109520 1
109624 1
109632 1
109668 1
109732 1
109784 1
109803 1
109836 1
109840 1
109852 1
109876 1
109888 1
109936 1
110008 1
110036 2
110088 1
110232 1
110350 1
110372 1
110472 1
110584 1
110596 1
110616 1
110692 1
111126 1
111156 2
111196 1
111332 1
111420 1
111540 1
111783 1
111876 2
111952 1
112036 1
112185 1
112260 1
112270 1
112304 1
112332 1
112450 1
112526 1
112564 2
112740 1
112752 1
112776 2
112796 1
112828 2
113012 1
113048 1
113096 1
113288 1
113452 1
113476 1
113640 1
114432 1
114440 2
114688 2
114704 1
114766 6
114856 1
115252 1
115291 1
115328 1
115356 1
115490 1
115584 2
115728 1
115752 1
115772 1
115796 1
115856 1
115936 1
115964 1
115996 1
116006 1
116244 1
116246 1
116400 1
116412 1
116448 1
116484 1
116498 1
116535 1
116568 1
116624 1
116656 1
116684 1
116692 1
116784 1
116932 2
116996 1
117178 1
117429 1
117592 1
118636 1
118664 1
118700 1
118900 3
118954 2
119312 1
119448 1
119466 2
119832 1
119912 1
120076 1
120114 4
120263 1
120468 1
120536 1
120544 1
120600 2
120712 1
120740 1
120949 1
121044 1
121369 1
121452 1
122125 1
122351 1
122368 1
122880 1
122996 1
123164 2
123184 1
123194 1
123220 1
123424 1
123800 1
124177 1
124324 1
124437 1
124452 1
124660 1
124744 1
124808 1
124811 1
125064 1
125404 1
125548 1
125740 2
126062 1
126176 2
126284 1
126324 1
126548 1
126677 2
126777 1
126920 2
127024 1
127094 1
127140 1
127268 1
127340 1
127468 1
127488 1
127573 1
127592 1
127736 1
127793 1
127974 1
128108 1
128111 1
128176 2
128644 1
128652 1
128720 1
129012 1
129067 1
129104 1
129171 1
129188 1
129445 2
129463 1
129710 1
129946 2
130253 1
130348 1
130584 2
130621 1
130736 1
131072 4
131232 1
131317 1
131586 1
131761 1
131912 1
132260 1
132280 1
132416 1
132580 1
132769 1
133083 1
133143 1
133317 1
133495 1
133502 1
133692 2
133780 1
133892 1
133996 1
134008 1
134148 2
134151 1
134207 1
134316 1
134464 1
134508 1
135284 2
135656 1
135663 1
136968 3
137144 1
138036 1
138256 1
139197 1
139264 2
139604 1
139684 1
139768 1
139897 1
139972 1
140104 1
140600 2
140936 2
141408 1
141433 1
141896 1
142008 1
142136 1
142568 1
143110 1
143428 1
143608 1
143612 1
143699 1
143887 1
144035 1
144140 1
144652 1
145004 1
145616 1
146128 1
146240 1
146593 1
146640 1
147048 1
147392 1
147456 1
147573 1
147612 1
147892 1
148008 1
148196 1
148248 1
148560 1
148804 2
148935 1
149008 1
149048 1
149072 1
149256 1
149516 1
149648 2
149708 1
149974 1
150020 1
150054 1
150368 1
150780 1
150972 1
151084 1
151968 2
152034 1
152132 1
152612 1
152854 1
152972 1
153204 1
153295 1
153296 1
153335 1
153611 1
154188 1
154256 1
154432 1
154434 1
154616 1
154856 1
155060 1
155104 1
155160 1
155247 1
155312 1
155556 1
155672 1
155724 1
155856 1
155868 1
155872 2
155891 1
156149 1
156192 1
156304 1
156428 1
156832 1
157336 1
157810 2
158122 1
158184 1
158226 1
158468 1
158568 1
158572 1
158992 1
159152 1
159166 1
159298 1
159320 1
159452 1
160407 1
160652 1
160655 1
160668 1
160768 1
161208 1
161275 1
162176 1
162423 2
163360 1
163382 1
163408 1
163454 1
163840 3
163881 2
164224 1
164507 1
164748 1
164980 2
165104 1
165320 1
165536 1
165680 1
165798 2
166032 1
166068 1
166113 1
166336 1
166526 1
166658 1
166672 1
167126 2
167440 1
167472 1
167912 1
168248 1
168372 1
168612 1
169336 1
169408 1
169572 1
169575 1
169788 1
169880 1
170056 1
170156 1
170464 1
170469 1
170656 1
170996 2
171064 1
171150 1
171474 1
171664 1
171744 1
172032 2
172516 1
172592 1
172704 1
173096 1
173152 2
173228 1
173264 1
173896 1
173904 1
174080 1
174332 1
174552 1
174988 1
175164 1
175248 1
175616 1
175620 1
175932 1
177160 1
177706 1
177980 1
178064 1
178176 3
178536 1
178568 1
178579 2
179112 1
179260 1
179544 2
179592 1
179900 1
179936 1
179967 1
180416 1
180456 1
180520 1
180675 1
180788 2
180808 2
180862 1
180867 1
180916 1
181191 1
181200 1
181892 1
181940 1
182864 1
182908 2
182928 2
183136 1
183152 1
183457 1
184277 1
184304 1
184793 1
185116 1
185276 1
185984 1
186088 1
187016 1
187056 1
187788 1
188416 3
188432 1
188840 1
188952 2
188998 1
189168 1
190036 1
190145 1
190616 1
190800 1
191416 1
191524 2
191576 1
191912 1
192063 1
192137 1
192276 1
192536 1
194204 1
194348 1
195072 1
195472 1
196608 1
196640 9
197896 1
198301 1
198315 1
199650 1
199704 1
199928 1
200276 1
200892 1
201431 1
201458 1
201808 1
201988 1
202015 1
202040 1
202112 1
202280 1
203004 1
205268 1
205304 1
205528 1
205920 1
205983 1
206412 1
207143 1
207849 1
209156 1
210352 1
211395 1
211972 1
212272 1
212992 3
213136 1
214968 1
215808 2
215836 3
215892 2
217392 1
217524 1
219141 1
219766 1
220794 1
220844 1
221184 1
221350 1
221457 2
221492 1
224584 1
225392 1
225426 1
225644 1
226176 1
226624 10
227138 1
228864 1
228924 1
228961 1
229364 1
229376 1
229948 1
230400 1
230536 1
231476 1
231528 1
231740 1
232428 1
233632 1
233748 1
234132 1
234487 1
234893 1
235308 1
235767 1
237020 1
237568 2
237684 2
237712 1
238880 1
238944 1
239000 1
239088 1
239128 1
239868 1
240036 1
240264 1
241525 1
241532 1
241981 2
242028 1
242056 1
242479 1
243856 1
246148 1
246357 1
247220 1
249304 1
249849 1
249853 1
250132 1
250912 1
251152 1
252772 1
252801 1
254896 1
255480 1
255604 3
257390 1
257456 1
257726 1
257771 1
258384 1
258895 1
259055 1
259190 1
259604 1
259928 1
260352 1
261052 1
261290 2
261756 2
262008 1
262748 1
262823 1
262832 1
263360 1
263640 1
264536 1
264956 1
265783 1
265976 1
266869 1
266981 1
267056 2
269312 2
270434 1
271247 1
271360 2
272304 1
274152 1
275628 1
275760 1
275968 1
277394 1
277808 1
278184 1
278528 1
279188 1
279284 1
279289 2
279396 1
279473 1
279672 1
280132 2
280824 1
281332 1
283408 1
283564 1
283665 2
284074 1
284128 1
284565 2
285500 1
288168 1
288768 3
289000 1
290284 1
292703 1
296548 1
298801 1
299120 1
299249 1
300017 1
302386 1
303104 1
303910 1
304200 1
305897 1
310272 1
314055 1
315766 1
315767 1
316577 1
317234 1
317778 3
321963 1
322858 1
323217 1
323248 1
324658 1
326819 1
327792 1
331088 1
335313 1
335386 1
344592 1
346112 1
346970 1
346981 1
349203 1
352256 1
352776 1
353356 1
353544 1
355886 1
358794 1
359239 1
359536 1
360448 2
361228 2
362496 1
367255 1
368400 1
368640 1
369520 1
372157 1
372185 1
372732 1
372856 1
373152 2
374205 1
374804 1
378140 1
378726 1
378727 1
381861 1
382312 2
382477 1
384429 1
385024 2
385783 1
388626 1
407039 1
409600 1
412672 3
414480 1
415648 1
416311 2
420586 1
423682 1
424095 1
425984 1
428372 1
432408 1
434176 1
439615 1
440242 1
440832 1
446475 1
452136 2
453439 1
453986 1
454816 2
462313 1
465796 1
469757 1
471324 1
471651 2
471797 1
475136 1
478610 1
482448 2
495390 1
498170 1
499712 1
501952 2
509996 1
510164 1
517060 1
519204 1
521743 1
524364 2
530036 1
530327 1
532480 1
535384 1
539588 1
542976 1
546536 1
550016 1
552900 1
553707 1
553888 1
554146 2
555228 1
560562 1
566290 1
570500 1
571604 1
573440 1
577952 1
586032 1
587104 1
588930 1
589824 3
604473 1
609176 2
609958 1
610688 1
613432 1
622252 1
629119 1
630784 1
636624 2
638384 1
638960 1
639024 1
639072 1
647997 1
648555 1
656410 1
658160 1
669748 1
676479 1
680608 1
704600 1
706333 1
709648 2
733144 1
738080 1
740384 1
763796 1
768871 1
771052 1
774874 1
779660 2
786464 3
798048 1
811008 2
818536 2
820931 1
824929 1
827392 2
830243 1
845312 1
868932 1
872420 2
889160 2
894233 1
896329 1
905284 1
908734 1
914496 1
924194 1
950487 1
958992 1
961645 1
983449 2
986618 1
999424 2
1005266 1
1006753 1
1008143 1
1029107 1
1047892 1
1058296 1
1092143 1
1094246 1
1125102 1
1126541 1
1140275 1
1163264 1
1179680 1
1187840 1
1228896 1
1230846 1
1292838 1
1305664 1
1353908 1
1374577 1
1377894 1
1385756 1
1391680 1
1424360 1
1429156 2
1435336 2
1441792 1
1443753 1
1473258 1
1476296 1
1482328 1
1482752 1
1493136 1
1499136 1
1507328 1
1573664 1
1574800 1
1605551 1
1621634 1
1653632 1
1676759 1
1687552 1
1707716 1
1946422 1
1957709 1
2041799 1
2079680 1
2146304 1
2164253 1
2170880 1
2177115 1
2248083 1
2372024 2
2487140 1
2740736 1
2792345 1
3253864 1
3262960 1
3325434 1
3562042 1
3686496 1
3768498 1
4126503 1
4170920 1
4370947 1
4432911 1
4474190 1
4973055 1
5505024 1
5571467 1
5603328 1
6670249 1
8715499 1
8988768 2
14745696 1
25639617 1
27176027 1
