0 1
2 6
7 3
8 2
9 1
10 1
11 1
12 2
13 5
14 2
15 3
16 7
17 5
18 5
19 17
20 28
21 75
22 29
23 41
24 37
25 31
26 73
27 32
28 25
29 17
30 40
31 26
32 17
33 7
34 21
35 11
36 5
37 9
38 5
40 1
42 1
43 1
44 2
45 1
48 2
49 3
50 3
51 3
53 2
54 14
56 3
57 2
58 3
59 26
60 2
62 2
63 2
64 4
65 3
66 3
67 5
68 1
69 1
72 2
73 1
74 4
75 2
76 2
77 1
79 1
80 2
82 1
83 1
84 3
86 2
87 2
88 1
89 1
90 1
92 2
93 1
95 1
96 3
98 1
99 4
100 1
101 2
103 2
104 1
105 3
106 3
108 1
110 1
111 4
113 1
114 3
116 2
117 1
118 1
119 3
120 2
121 1
122 1
123 2
124 4
125 1
126 2
127 2
128 1
129 1
131 5
133 3
134 1
135 3
136 1
137 12
138 3
139 2
141 4
142 3
143 2
144 1
146 1
149 4
150 3
151 1
156 1
157 1
159 2
160 1
161 1
162 1
163 1
164 2
166 1
170 1
172 1
173 1
177 1
179 2
184 4
186 2
187 1
193 73
194 3
195 1
196 1
197 1
201 1
204 2
207 17
208 1
209 1
210 1
212 2
214 1
215 1
221 36
222 9
228 2
229 1
230 3
231 1
233 1
239 2
240 1
241 1
242 1
243 1
245 2
248 1
249 2
253 1
256 1
258 2
263 3
264 2
268 1
270 1
272 4
278 2
279 1
280 2
281 5
282 1
284 1
285 1
287 2
288 1
290 4
293 3
296 1
298 1
299 1
301 1
302 2
304 2
305 5
308 1
312 1
314 1
320 2
321 2
324 1
325 1
326 1
331 1
333 2
334 2
335 3
337 1
340 3
341 1
342 1
346 3
347 1
350 1
351 1
352 2
360 1
361 1
367 1
368 2
370 1
375 1
376 1
377 1
378 1
381 1
384 4
386 1
388 1
389 2
390 1
394 2
395 2
396 1
397 4
398 1
412 1
414 1
416 2
418 1
419 1
420 1
423 2
424 1
425 2
426 2
427 2
428 1
429 4
435 2
439 1
444 3
454 1
465 1
473 9
475 1
477 2
483 3
488 2
489 3
495 1
498 1
501 1
507 1
512 281
514 2
518 2
519 1
520 1
521 1
522 1
523 1
524 1
528 1
530 1
531 1
532 1
534 1
536 2
539 1
540 1
541 1
544 1
545 21
546 2
547 1
548 1
550 2
556 1
560 1
561 1
562 3
564 2
565 1
567 1
569 6
571 1
574 3
576 1
577 1
580 1
581 1
583 1
584 1
588 5
589 164
591 1
592 1
593 1
595 1
596 3
597 2
598 1
600 1
603 1
604 2
605 1
609 1
610 1
611 3
612 1
617 2
618 1
620 1
621 38
622 44
623 1
624 1
626 1
628 1
633 1
635 1
637 1
638 1
641 1
644 1
647 1
650 1
654 3
655 1
656 2
657 1
659 3
660 1
667 1
670 1
671 1
672 1
673 1
674 1
676 1
677 3
679 3
682 2
688 1
689 1
693 4
699 1
700 1
701 3
703 1
704 2
706 2
708 2
709 1
710 1
713 1
717 1
719 2
720 3
721 2
724 2
725 8
728 3
730 2
731 1
732 4
733 1
734 3
735 1
736 1
738 3
739 3
740 1
741 3
743 1
744 5
745 2
746 1
747 2
749 2
751 1
752 1
753 1
754 13
756 1
758 1
759 6
765 1
766 2
768 4
772 1
775 1
779 1
780 1
782 2
783 1
787 1
791 1
793 1
794 2
800 2
801 2
804 1
805 1
809 1
810 1
814 2
820 1
822 1
824 1
826 1
827 1
828 3
829 2
830 1
831 1
834 2
836 7
837 1
843 1
846 1
849 1
852 1
862 1
865 2
866 1
869 1
871 1
876 1
878 1
880 1
886 1
889 48
890 1
893 5
894 1
895 1
896 5
897 1
899 2
900 1
901 1
904 1
905 3
907 1
909 2
911 2
912 3
913 2
914 3
916 3
917 1
920 1
921 1
922 2
923 1
924 4
925 4
926 1
928 4
929 3
930 3
932 2
934 4
935 1
937 2
938 1
942 1
945 6
946 4
948 2
949 1
952 8
954 3
955 3
957 1
958 3
959 6
960 2
961 1
962 1
963 1
965 1
967 1
968 1
969 8
970 3
971 1
972 6
973 3
974 1
975 2
976 8
977 5
978 1
980 3
981 3
982 4
983 1
985 2
986 2
987 5
988 4
989 3
990 1
991 1
992 6
993 5
994 2
995 3
996 3
997 2
998 5
999 2
1001 2
1002 2
1003 1
1004 4
1005 2
1006 2
1007 3
1009 2
1010 2
1012 2
1013 4
1014 2
1015 4
1016 3
1017 1
1019 3
1021 2
1022 7
1023 3
1024 36
1025 2
1026 2
1027 3
1028 2
1029 5
1030 7
1031 2
1032 6
1033 2
1034 1
1036 3
1037 1
1038 4
1039 3
1040 1
1041 1
1042 2
1043 8
1044 3
1045 1
1046 2
1047 1
1048 6
1049 1
1050 2
1051 2
1052 1
1053 4
1054 4
1055 1
1056 2
1057 3
1058 2
1059 3
1060 1
1061 1
1062 3
1063 2
1064 2
1065 4
1066 2
1067 1
1068 2
1069 2
1070 3
1071 2
1075 1
1076 1
1077 2
1079 2
1080 1
1081 2
1082 2
1084 4
1085 1
1086 3
1088 2
1089 2
1090 2
1091 1
1093 2
1094 1
1095 3
1096 4
1097 3
1098 1
1099 2
1101 2
1103 3
1104 1
1105 8
1106 1
1107 3
1108 5
1109 2
1110 3
1111 2
1112 6
1113 2
1114 3
1115 3
1117 4
1120 4
1122 2
1123 2
1124 3
1125 1
1127 2
1128 3
1129 2
1130 2
1131 1
1132 2
1133 2
1134 3
1135 7
1136 1
1138 3
1139 5
1141 1
1142 2
1143 2
1144 4
1145 2
1146 2
1147 3
1148 4
1149 1
1150 3
1151 2
1152 1
1153 1
1154 2
1155 4
1156 2
1157 2
1158 2
1159 2
1160 1
1162 2
1163 7
1164 4
1165 3
1166 2
1168 1
1169 2
1170 4
1171 1
1172 4
1173 2
1174 3
1175 4
1176 2
1178 1
1179 2
1180 1
1182 2
1184 4
1185 1
1186 3
1187 3
1190 1
1191 2
1192 1
1193 3
1197 4
1198 1
1199 1
1200 1
1201 12
1202 2
1203 1
1204 2
1205 1
1206 3
1207 2
1208 2
1210 2
1212 1
1213 3
1215 1
1216 3
1218 3
1219 2
1220 3
1221 1
1222 2
1224 3
1225 1
1228 2
1229 2
1232 1
1233 2
1234 1
1235 2
1237 1
1239 2
1242 1
1245 2
1246 1
1247 2
1249 1
1250 1
1251 1
1254 1
1255 1
1257 1
1258 4
1259 1
1260 2
1261 1
1264 2
1265 1
1266 2
1267 2
1270 2
1271 3
1274 1
1276 1
1279 1
1280 3
1281 1
1283 3
1284 1
1287 2
1288 3
1290 2
1291 2
1292 1
1294 4
1295 1
1296 2
1297 1
1298 3
1299 3
1300 2
1301 1
1303 2
1304 1
1305 2
1306 5
1307 1
1312 2
1313 3
1314 1
1315 1
1316 2
1317 3
1319 2
1320 3
1321 2
1322 1
1323 2
1324 2
1326 3
1327 3
1328 1
1329 1
1330 2
1331 2
1332 1
1335 1
1336 2
1337 1
1340 2
1341 2
1342 1
1343 3
1344 1
1345 1
1346 1
1347 2
1348 3
1349 2
1350 1
1352 1
1353 2
1355 1
1358 2
1359 1
1365 1
1369 1
1371 1
1372 4
1373 2
1375 1
1376 1
1377 1
1378 1
1381 2
1383 3
1384 1
1386 1
1387 3
1388 1
1392 2
1394 1
1397 3
1398 1
1399 1
1400 1
1401 1
1406 2
1408 3
1409 3
1410 2
1411 1
1412 1
1413 5
1414 3
1415 1
1416 2
1417 1
1419 3
1420 2
1421 2
1422 2
1423 1
1424 1
1425 1
1426 2
1427 4
1428 1
1429 2
1430 2
1431 1
1432 2
1434 1
1435 1
1436 1
1437 1
1440 1
1441 1
1444 1
1446 1
1448 1
1449 1
1450 2
1451 4
1452 1
1453 4
1455 1
1458 1
1461 1
1462 4
1464 1
1465 1
1466 2
1467 3
1468 1
1469 1
1472 4
1473 2
1474 3
1476 1
1477 5
1478 2
1479 1
1481 2
1482 1
1485 2
1489 4
1493 1
1495 3
1496 3
1497 2
1498 1
1500 4
1501 1
1502 1
1503 1
1505 2
1506 1
1508 1
1512 1
1513 1
1518 3
1521 2
1522 1
1524 1
1526 2
1527 1
1528 1
1530 2
1531 1
1532 3
1534 3
1535 1
1536 11
1537 7
1538 2
1543 1
1544 1
1547 1
1551 1
1552 1
1554 1
1555 1
1556 1
1558 1
1559 1
1560 1
1561 1
1563 1
1564 2
1565 2
1566 1
1567 3
1568 1
1569 3
1570 3
1573 1
1574 1
1575 1
1576 2
1578 1
1579 2
1583 2
1585 2
1586 1
1587 1
1589 2
1590 1
1592 2
1594 1
1595 5
1598 1
1599 1
1601 1
1602 1
1603 1
1605 2
1606 6
1607 1
1611 1
1615 1
1618 1
1625 1
1626 3
1628 1
1629 1
1630 1
1632 2
1633 1
1634 3
1635 1
1636 1
1637 1
1638 1
1639 2
1640 2
1641 1
1642 2
1643 1
1644 5
1648 3
1649 2
1651 1
1652 1
1654 5
1656 2
1657 1
1659 1
1660 1
1666 5
1667 1
1669 2
1670 1
1671 1
1672 1
1673 1
1674 1
1675 1
1676 2
1677 1
1680 3
1681 1
1683 2
1684 1
1685 3
1686 2
1687 1
1688 1
1689 1
1691 4
1692 1
1693 3
1694 1
1695 1
1698 2
1699 2
1700 1
1701 3
1702 1
1703 3
1705 1
1708 3
1709 3
1710 1
1711 1
1713 4
1714 2
1718 2
1721 2
1722 1
1723 2
1724 1
1725 2
1726 1
1728 1
1729 1
1731 3
1732 1
1734 2
1735 5
1736 1
1737 2
1742 1
1744 1
1745 1
1749 1
1750 1
1754 2
1756 1
1759 3
1760 1
1761 3
1763 1
1764 4
1765 2
1767 1
1770 1
1772 3
1774 1
1775 1
1778 1
1780 1
1783 2
1784 2
1785 4
1786 3
1788 1
1790 1
1792 1
1794 1
1796 1
1797 2
1799 2
1800 1
1802 1
1807 1
1808 1
1809 2
1810 2
1811 1
1812 1
1813 2
1815 1
1817 1
1820 1
1821 1
1824 1
1826 1
1827 1
1828 6
1830 1
1832 1
1833 1
1835 1
1836 2
1838 3
1841 1
1842 2
1845 1
1846 1
1848 1
1849 1
1853 2
1855 1
1856 1
1857 1
1860 3
1861 2
1862 1
1865 1
1867 1
1868 2
1873 2
1875 1
1876 2
1878 1
1883 1
1886 1
1888 2
1889 3
1892 3
1893 2
1895 4
1896 2
1897 3
1898 3
1899 2
1900 1
1902 2
1903 1
1904 3
1906 1
1907 2
1908 1
1910 2
1911 4
1912 3
1913 1
1914 1
1915 1
1916 1
1923 2
1925 3
1926 1
1928 1
1930 1
1931 1
1933 38
1935 1
1936 2
1938 1
1939 1
1940 2
1943 1
1944 1
1945 4
1946 1
1947 1
1948 1
1953 4
1954 1
1956 1
1957 2
1959 1
1960 1
1961 6
1962 1
1963 1
1966 2
1971 4
1973 1
1974 2
1976 2
1977 1
1978 3
1983 1
1986 5
1989 1
1991 1
1994 1
1995 1
1996 5
1997 54
1998 1
1999 1
2000 1
2002 1
2003 3
2004 1
2005 1
2007 1
2010 3
2012 1
2014 2
2015 1
2016 1
2018 4
2021 1
2024 4
2025 1
2026 2
2028 2
2029 1
2030 1
2032 1
2033 1
2034 1
2035 2
2036 1
2038 1
2040 1
2041 1
2042 2
2043 2
2044 1
2045 1
2046 1
2048 10
2049 3
2050 1
2051 1
2052 1
2053 3
2054 2
2057 1
2060 3
2061 2
2063 1
2064 1
2068 3
2071 3
2072 1
2073 1
2076 1
2082 1
2083 1
2084 1
2086 1
2088 1
2089 1
2091 5
2092 1
2093 1
2096 1
2098 1
2100 2
2101 1
2104 3
2106 1
2107 4
2108 3
2114 1
2115 1
2116 1
2117 1
2124 1
2125 1
2126 1
2131 2
2132 2
2133 1
2134 1
2138 1
2140 1
2142 1
2143 1
2144 1
2145 1
2146 1
2147 2
2149 1
2151 1
2154 2
2155 1
2156 1
2157 6
2159 1
2160 1
2163 1
2165 2
2168 4
2169 1
2170 1
2173 1
2174 1
2175 3
2181 2
2184 1
2185 1
2186 1
2188 1
2189 3
2190 30
2194 1
2198 1
2199 3
2201 15
2203 1
2204 2
2205 2
2207 1
2208 1
2212 1
2213 1
2214 1
2215 1
2221 2
2222 1
2224 1
2227 4
2228 1
2230 2
2231 3
2234 2
2236 1
2238 1
2239 2
2240 1
2241 1
2242 4
2243 4
2244 1
2245 3
2251 2
2254 1
2256 1
2257 2
2259 1
2261 4
2262 1
2263 2
2266 1
2268 1
2269 1
2270 1
2275 1
2277 1
2278 1
2282 3
2285 1
2286 1
2287 1
2291 1
2292 2
2296 2
2297 2
2298 1
2299 2
2302 1
2304 1
2314 1
2316 2
2319 1
2322 1
2327 1
2328 1
2329 1
2330 1
2332 1
2333 1
2336 1
2344 2
2345 1
2348 1
2352 3
2354 2
2355 2
2360 1
2363 1
2364 1
2366 1
2367 2
2368 2
2369 1
2372 1
2373 1
2374 1
2375 2
2376 1
2380 1
2381 1
2383 2
2390 1
2391 1
2392 1
2394 1
2395 1
2398 1
2400 2
2405 1
2406 1
2407 2
2409 1
2413 1
2416 1
2418 1
2419 1
2422 1
2426 1
2428 1
2437 1
2440 2
2441 1
2442 1
2443 1
2445 2
2447 1
2448 2
2449 1
2456 1
2457 1
2459 1
2460 1
2463 1
2465 2
2468 1
2469 1
2471 3
2474 1
2476 1
2479 1
2481 2
2482 1
2484 1
2490 1
2492 2
2493 1
2494 1
2495 3
2498 2
2499 1
2500 1
2506 1
2507 2
2515 1
2517 2
2518 1
2522 1
2523 1
2531 1
2533 2
2535 1
2544 2
2551 1
2552 2
2553 2
2556 1
2558 1
2559 1
2560 4
2568 1
2572 1
2576 1
2577 2
2578 1
2587 1
2588 2
2589 1
2590 1
2592 1
2593 1
2594 1
2596 1
2599 1
2600 2
2601 2
2602 1
2606 1
2610 2
2614 1
2618 2
2619 1
2620 1
2622 1
2624 1
2629 1
2630 1
2631 1
2633 1
2639 1
2642 1
2643 1
2644 1
2647 1
2648 1
2653 1
2655 1
2661 1
2665 1
2673 1
2677 1
2678 1
2679 1
2680 1
2681 1
2684 1
2686 1
2688 1
2690 2
2691 1
2692 1
2714 1
2716 1
2717 1
2721 1
2722 1
2723 1
2724 1
2737 1
2751 1
2752 1
2764 1
2769 1
2770 1
2773 1
2777 1
2778 2
2780 1
2783 2
2784 1
2785 1
2787 1
2794 1
2795 2
2796 1
2797 1
2799 1
2801 1
2806 1
2809 1
2810 1
2811 2
2816 2
2818 1
2819 2
2822 2
2828 1
2830 1
2831 1
2833 1
2834 1
2836 1
2837 1
2839 2
2843 1
2849 1
2851 3
2852 1
2856 1
2862 1
2865 1
2866 1
2867 3
2872 1
2884 1
2887 1
2888 2
2890 1
2891 1
2892 1
2894 1
2897 1
2908 1
2914 2
2916 2
2917 1
2920 1
2924 1
2929 1
2934 1
2937 1
2945 1
2947 1
2948 1
2949 1
2952 1
2954 1
2958 2
2959 1
2962 1
2963 1
2966 1
2967 1
2972 1
2979 1
2986 2
2988 1
2989 1
2990 2
2992 1
2993 1
2996 1
2998 1
3000 1
3004 1
3005 1
3008 2
3011 1
3015 1
3017 1
3020 1
3021 1
3023 1
3028 2
3029 1
3032 3
3035 1
3038 1
3042 1
3043 1
3046 1
3047 1
3049 1
3052 1
3056 1
3061 1
3064 1
3068 1
3070 1
3072 7
3073 1
3074 1
3077 2
3082 1
3083 1
3084 1
3086 1
3087 3
3089 1
3092 1
3096 1
3097 1
3100 2
3101 2
3104 1
3106 2
3109 1
3110 1
3112 3
3113 1
3115 1
3116 1
3121 1
3123 1
3127 1
3128 1
3129 1
3130 1
3132 1
3136 1
3137 1
3138 1
3140 1
3148 1
3151 1
3152 1
3154 1
3158 1
3164 1
3166 1
3167 1
3169 1
3173 1
3177 1
3179 2
3180 1
3182 2
3184 1
3185 1
3191 1
3193 4
3194 1
3196 1
3198 1
3200 2
3203 1
3204 1
3206 1
3218 1
3219 1
3220 1
3228 1
3233 2
3238 2
3242 1
3243 1
3246 2
3249 1
3252 1
3253 1
3256 2
3260 1
3263 1
3268 1
3270 1
3272 1
3275 1
3280 1
3282 1
3283 2
3284 2
3288 2
3289 1
3290 1
3293 2
3295 1
3296 2
3302 1
3305 2
3308 2
3310 1
3311 2
3314 1
3316 1
3322 1
3324 2
3326 2
3327 1
3329 2
3331 1
3334 3
3335 1
3336 1
3342 1
3344 2
3348 1
3352 2
3356 1
3358 1
3359 1
3361 1
3362 1
3367 1
3370 2
3376 1
3377 1
3381 1
3383 1
3385 2
3386 2
3389 2
3391 1
3395 1
3397 1
3399 1
3412 1
3415 1
3420 1
3422 1
3423 1
3424 1
3429 1
3430 1
3432 2
3439 2
3440 1
3446 2
3453 1
3457 1
3460 1
3467 1
3468 1
3471 1
3472 1
3484 1
3489 1
3494 1
3495 1
3499 1
3500 1
3504 3
3505 1
3507 3
3508 2
3514 1
3515 1
3516 1
3519 1
3522 2
3524 1
3533 1
3535 2
3536 1
3538 1
3545 1
3554 1
3555 1
3561 2
3562 1
3569 1
3580 1
3582 1
3584 2
3591 1
3593 1
3594 1
3596 1
3598 1
3605 1
3607 1
3610 1
3616 1
3620 1
3621 1
3624 1
3625 1
3640 1
3650 1
3655 2
3656 1
3662 1
3663 1
3666 2
3669 1
3675 2
3682 1
3688 1
3693 2
3694 2
3697 1
3703 1
3704 1
3710 1
3712 1
3715 1
3716 1
3717 1
3725 1
3731 1
3732 1
3735 1
3737 1
3738 1
3740 1
3747 1
3749 1
3752 1
3754 2
3761 1
3765 1
3772 2
3774 1
3777 1
3780 1
3784 1
3786 1
3787 1
3788 1
3790 2
3796 1
3798 2
3806 1
3808 1
3810 1
3815 1
3820 1
3825 1
3828 1
3832 1
3833 2
3834 1
3840 2
3844 1
3850 1
3851 1
3854 2
3860 1
3864 1
3865 1
3867 1
3871 1
3877 1
3878 2
3880 1
3882 1
3884 1
3892 1
3896 1
3900 1
3901 1
3905 1
3906 1
3907 1
3908 2
3909 1
3913 2
3921 1
3930 1
3934 2
3936 1
3938 1
3944 1
3952 1
3955 1
3956 1
3964 1
3965 1
3967 1
3970 1
3972 1
3977 1
3980 1
3981 1
3984 3
3988 1
3989 1
3990 1
3991 1
3995 1
3999 1
4000 1
4001 1
4002 1
4007 1
4010 1
4013 1
4014 1
4016 1
4019 2
4028 1
4030 1
4034 1
4040 1
4042 1
4049 2
4053 1
4060 1
4067 1
4070 1
4074 1
4076 2
4078 1
4084 1
4088 1
4090 3
4092 1
4093 1
4095 2
4096 3
4099 1
4100 3
4104 1
4108 1
4111 1
4112 1
4115 6
4116 1
4118 4
4119 2
4120 3
4124 2
4125 8
4128 4
4134 1
4135 2
4136 2
4139 1
4140 5
4143 5
4145 1
4147 1
4148 2
4149 1
4150 6
4152 1
4153 4
4158 1
4160 2
4162 1
4172 1
4174 1
4176 1
4178 1
4182 1
4184 2
4192 1
4193 1
4195 1
4200 1
4203 1
4207 3
4212 1
4215 1
4218 1
4220 1
4221 1
4222 1
4224 1
4235 1
4236 1
4249 1
4257 1
4261 1
4262 1
4270 1
4274 1
4279 1
4281 1
4284 1
4289 2
4290 1
4294 1
4301 2
4310 1
4311 1
4319 1
4329 1
4331 2
4332 1
4333 1
4334 1
4338 1
4356 1
4357 1
4359 2
4364 2
4371 1
4376 1
4380 1
4383 1
4388 1
4389 1
4391 1
4396 1
4397 1
4398 1
4401 1
4402 1
4412 2
4417 1
4426 1
4427 1
4428 1
4430 1
4435 1
4437 1
4446 1
4448 1
4452 1
4455 1
4456 1
4458 1
4463 1
4466 1
4472 1
4473 1
4477 1
4483 1
4484 1
4487 1
4488 1
4492 1
4496 1
4498 1
4499 1
4500 1
4508 1
4512 1
4516 3
4517 1
4522 1
4523 1
4526 1
4527 1
4528 2
4540 1
4544 1
4547 7
4550 1
4552 2
4555 1
4556 2
4559 1
4563 1
4564 1
4565 9
4567 1
4575 3
4576 1
4577 2
4580 2
4588 2
4589 2
4594 1
4597 1
4600 1
4603 1
4608 1
4609 1
4610 1
4612 1
4613 1
4619 1
4620 1
4628 1
4632 1
4636 1
4640 1
4646 1
4648 1
4649 1
4653 1
4658 1
4663 1
4664 1
4671 1
4673 1
4675 1
4685 1
4687 1
4691 2
4693 1
4695 1
4697 1
4700 1
4711 2
4715 1
4721 1
4724 2
4727 2
4729 1
4736 1
4738 1
4739 1
4742 1
4744 1
4747 1
4748 1
4750 2
4752 1
4754 1
4756 1
4759 1
4761 1
4772 1
4778 1
4780 1
4787 2
4788 1
4789 1
4790 1
4791 1
4792 1
4793 2
4795 1
4796 1
4800 2
4802 1
4804 1
4808 1
4811 1
4820 3
4822 1
4824 2
4825 1
4826 1
4828 1
4831 1
4832 1
4836 1
4837 1
4843 1
4844 1
4845 1
4846 2
4848 1
4849 2
4852 2
4853 3
4855 2
4856 1
4858 2
4859 1
4860 1
4861 1
4862 2
4864 1
4866 1
4868 2
4870 2
4871 1
4873 2
4874 3
4880 1
4881 1
4883 1
4885 1
4886 1
4888 1
4889 1
4892 1
4894 1
4895 2
4896 1
4897 2
4900 1
4902 1
4904 2
4905 1
4907 1
4909 1
4910 1
4911 1
4913 1
4916 4
4918 1
4919 1
4920 1
4921 2
4922 1
4924 1
4928 1
4930 2
4931 1
4937 1
4939 1
4941 1
4944 1
4946 1
4947 1
4948 1
4951 2
4957 1
4960 1
4961 2
4966 2
4969 1
4972 1
4975 1
4976 1
4979 1
4980 1
4981 3
4985 3
4988 1
4989 1
4990 1
4991 3
4992 1
4994 1
4996 1
4997 1
4998 1
5002 2
5005 1
5006 2
5008 2
5011 1
5012 3
5013 1
5017 1
5021 1
5022 1
5024 1
5026 1
5027 1
5029 1
5035 2
5038 1
5039 1
5044 1
5048 1
5050 1
5051 1
5052 2
5053 1
5059 1
5063 1
5065 1
5068 1
5072 1
5075 2
5076 1
5080 1
5089 1
5091 1
5092 1
5095 2
5096 1
5099 1
5100 1
5104 1
5108 1
5116 3
5117 1
5120 4
5121 1
5123 2
5124 1
5125 2
5126 3
5127 1
5129 1
5131 1
5132 1
5135 1
5138 1
5140 2
5143 1
5146 1
5148 1
5149 1
5150 1
5153 1
5158 1
5164 1
5173 2
5174 1
5176 1
5180 1
5181 1
5183 1
5189 1
5192 2
5194 1
5195 1
5197 1
5198 1
5199 1
5204 2
5208 1
5209 1
5210 1
5211 1
5213 2
5214 1
5216 1
5220 1
5222 1
5224 1
5225 1
5226 2
5227 2
5228 2
5231 2
5232 2
5233 2
5234 1
5239 2
5240 1
5243 1
5245 5
5246 1
5248 3
5251 1
5252 1
5260 2
5270 1
5279 2
5280 2
5281 4
5282 3
5286 1
5290 1
5291 1
5296 2
5299 1
5303 1
5305 1
5308 2
5310 1
5311 1
5312 2
5314 1
5315 2
5316 1
5317 2
5318 1
5319 1
5320 2
5321 1
5324 1
5325 1
5327 1
5328 1
5332 1
5334 1
5335 1
5336 2
5338 2
5340 1
5342 1
5344 4
5346 1
5348 1
5350 1
5351 1
5352 2
5353 1
5354 1
5356 1
5357 1
5359 1
5365 1
5366 1
5368 2
5371 1
5372 1
5373 1
5374 1
5380 1
5381 1
5383 2
5385 1
5388 1
5392 4
5395 1
5396 6
5398 1
5399 1
5404 1
5407 2
5411 1
5413 1
5416 2
5427 1
5433 2
5434 1
5436 1
5444 2
5450 2
5451 1
5452 1
5460 2
5462 1
5465 2
5466 1
5468 1
5472 2
5473 1
5474 1
5475 1
5478 1
5480 2
5484 1
5486 1
5488 1
5493 1
5497 1
5500 2
5503 1
5510 2
5513 2
5515 1
5526 1
5531 1
5533 1
5538 1
5540 3
5541 2
5544 1
5545 1
5546 2
5548 2
5553 1
5556 1
5559 2
5561 1
5563 2
5569 1
5570 1
5572 2
5574 1
5576 1
5577 2
5578 1
5579 1
5581 1
5584 1
5586 1
5589 1
5590 1
5593 1
5598 1
5599 1
5603 1
5604 2
5612 1
5621 1
5624 1
5628 1
5631 2
5632 3
5637 1
5639 1
5643 1
5645 1
5646 1
5654 3
5655 1
5657 1
5658 1
5663 1
5665 1
5675 1
5677 1
5680 1
5684 1
5689 1
5691 1
5692 1
5693 2
5696 1
5697 1
5700 1
5705 1
5707 1
5715 1
5717 1
5722 1
5723 1
5725 2
5732 1
5733 1
5735 1
5736 1
5740 1
5744 1
5745 1
5749 1
5750 1
5752 1
5753 1
5758 1
5759 1
5760 2
5765 1
5768 1
5769 1
5772 2
5775 1
5779 1
5788 2
5791 1
5792 1
5793 1
5803 2
5810 1
5811 1
5812 1
5813 2
5814 1
5821 2
5824 2
5827 1
5834 1
5836 1
5840 1
5842 1
5851 1
5853 1
5855 2
5859 1
5860 2
5863 1
5865 1
5866 1
5868 1
5870 1
5871 2
5872 1
5876 1
5878 1
5886 1
5891 1
5892 1
5895 1
5897 1
5898 1
5903 1
5904 1
5907 2
5909 2
5914 2
5918 1
5920 1
5923 2
5924 2
5927 1
5928 2
5932 1
5933 3
5935 1
5938 2
5940 1
5946 1
5948 1
5953 1
5962 1
5964 2
5966 1
5969 1
5972 1
5973 1
5980 2
5982 1
5983 2
5988 1
5990 1
5992 1
5993 1
6000 1
6005 1
6009 3
6011 2
6012 1
6013 2
6014 1
6016 2
6018 1
6019 1
6020 1
6022 2
6023 3
6026 2
6028 1
6035 1
6036 1
6045 1
6048 1
6050 2
6056 1
6057 1
6058 2
6061 1
6062 1
6065 2
6066 1
6067 1
6070 1
6072 1
6078 1
6081 2
6084 1
6086 1
6087 1
6088 1
6093 1
6096 1
6100 1
6107 1
6112 1
6120 1
6123 1
6124 2
6127 1
6132 1
6141 1
6144 2
6150 1
6162 1
6165 1
6168 1
6169 1
6172 2
6174 1
6175 1
6176 3
6178 2
6180 1
6183 1
6185 1
6188 1
6190 2
6193 1
6194 1
6196 1
6200 1
6203 2
6206 3
6208 1
6213 1
6217 2
6220 1
6222 1
6224 1
6229 1
6232 1
6237 1
6244 2
6247 1
6252 1
6254 1
6258 1
6260 1
6263 1
6264 2
6266 1
6271 1
6275 1
6276 3
6277 1
6279 2
6284 2
6287 1
6289 1
6291 2
6304 1
6305 1
6308 2
6310 2
6312 2
6316 1
6319 1
6321 1
6323 2
6329 1
6331 2
6333 1
6334 2
6336 2
6339 1
6340 1
6341 1
6344 3
6346 1
6349 1
6351 1
6356 1
6359 1
6360 1
6364 1
6392 1
6393 1
6395 1
6396 1
6400 2
6401 1
6405 1
6406 1
6408 1
6411 1
6412 1
6413 1
6414 1
6419 2
6425 1
6432 1
6434 1
6435 1
6436 1
6442 2
6444 3
6452 1
6453 1
6455 2
6456 1
6458 1
6460 1
6463 1
6474 1
6477 1
6480 1
6481 1
6484 1
6490 2
6491 1
6494 1
6496 1
6500 1
6502 3
6503 2
6513 1
6515 1
6516 1
6520 1
6523 1
6524 1
6528 1
6534 1
6538 1
6545 1
6546 1
6548 1
6551 2
6555 1
6564 1
6568 1
6572 1
6580 1
6584 1
6585 1
6593 1
6594 1
6596 1
6598 1
6601 1
6612 1
6617 1
6618 1
6619 1
6621 1
6624 2
6628 1
6629 1
6633 2
6634 1
6635 1
6640 2
6643 2
6644 2
6652 2
6654 1
6656 1
6661 1
6664 2
6669 1
6672 1
6677 1
6681 1
6682 2
6685 1
6690 1
6700 1
6703 1
6707 2
6715 1
6716 3
6718 2
6728 2
6734 1
6736 1
6740 1
6746 1
6756 1
6763 1
6766 1
6767 1
6771 1
6772 1
6773 3
6776 1
6777 1
6780 1
6781 1
6783 2
6785 1
6788 1
6789 1
6794 1
6799 1
6804 3
6813 1
6816 1
6820 1
6824 1
6827 1
6828 1
6830 3
6832 1
6836 1
6845 1
6850 1
6852 1
6859 1
6863 1
6864 1
6874 1
6876 4
6877 1
6880 2
6884 3
6885 1
6890 1
6892 2
6897 1
6899 1
6900 1
6904 1
6905 3
6919 1
6921 1
6924 2
6925 1
6929 1
6932 1
6937 1
6945 1
6947 2
6952 1
6960 1
6961 1
6972 1
6976 1
6986 1
6991 1
7010 1
7012 1
7013 1
7015 1
7017 1
7019 1
7022 1
7029 1
7036 2
7043 2
7048 1
7052 1
7057 1
7060 1
7062 1
7064 1
7068 1
7069 1
7074 1
7075 1
7080 1
7086 1
7092 1
7106 1
7112 1
7120 1
7121 1
7123 1
7124 1
7126 1
7131 1
7132 1
7140 1
7142 1
7149 1
7154 1
7158 1
7164 1
7168 2
7171 1
7172 2
7173 2
7176 1
7178 1
7181 1
7183 1
7193 1
7201 1
7208 1
7212 2
7217 1
7218 1
7223 1
7227 2
7228 1
7231 2
7236 1
7251 1
7257 1
7260 1
7262 1
7292 1
7298 3
7300 3
7305 1
7312 1
7316 1
7326 1
7332 2
7334 1
7337 1
7340 1
7348 1
7366 1
7367 1
7370 1
7373 1
7384 1
7388 2
7397 1
7404 1
7421 1
7431 1
7438 1
7445 1
7446 1
7448 1
7450 1
7451 1
7452 1
7459 1
7460 2
7461 2
7463 1
7464 1
7467 1
7472 1
7474 2
7483 1
7484 2
7487 1
7500 1
7503 1
7504 1
7506 1
7509 1
7516 1
7520 1
7521 1
7529 1
7535 1
7540 2
7561 1
7575 1
7576 1
7578 1
7580 1
7581 1
7582 1
7584 1
7588 2
7591 1
7600 1
7602 1
7612 1
7619 1
7623 1
7624 1
7627 1
7636 2
7639 1
7645 1
7662 1
7668 2
7673 1
7676 1
7678 1
7684 1
7688 1
7689 1
7692 2
7693 1
7696 2
7700 3
7710 1
7716 1
7720 1
7722 1
7729 1
7732 1
7737 1
7740 1
7748 1
7750 1
7751 1
7754 1
7755 1
7766 1
7772 1
7776 1
7778 1
7780 1
7794 1
7795 1
7796 3
7807 1
7816 1
7817 1
7842 1
7851 1
7860 1
7863 2
7868 1
7869 1
7872 1
7879 3
7881 1
7885 2
7887 1
7900 2
7901 1
7904 1
7905 1
7907 1
7914 1
7917 1
7924 1
7927 1
7928 1
7929 1
7932 1
7944 1
7946 1
7948 1
7951 1
7964 1
7971 1
7980 1
7981 1
7984 1
7989 1
7990 1
7993 1
7997 2
7998 1
8000 1
8003 1
8004 1
8015 1
8044 1
8047 1
8056 1
8059 1
8062 1
8076 1
8085 2
8088 1
8089 1
8091 1
8097 1
8098 2
8102 1
8106 1
8108 3
8112 1
8126 1
8150 1
8151 1
8172 2
8177 1
8178 1
8180 1
8184 1
8185 2
8192 1
8212 1
8220 2
8221 1
8225 1
8226 1
8236 1
8237 1
8248 1
8249 1
8258 1
8260 1
8276 1
8284 1
8291 1
8302 1
8324 1
8328 1
8332 2
8335 1
8337 1
8340 1
8348 2
8369 1
8370 1
8374 1
8381 1
8384 1
8392 2
8399 1
8400 1
8417 1
8420 1
8436 2
8439 1
8445 1
8450 1
8455 1
8456 1
8463 1
8465 1
8479 1
8481 1
8496 1
8497 1
8500 1
8510 1
8516 1
8521 1
8524 1
8548 1
8553 1
8563 1
8564 1
8569 1
8580 1
8594 1
8596 1
8615 1
8619 1
8630 1
8631 1
8636 1
8642 1
8648 1
8652 1
8655 1
8658 1
8660 1
8665 1
8668 1
8671 1
8676 1
8684 2
8685 1
8686 1
8687 2
8701 1
8704 1
8713 1
8715 1
8724 1
8730 1
8735 1
8752 1
8757 1
8767 1
8779 1
8783 1
8784 1
8791 1
8792 1
8796 2
8828 2
8836 1
8843 1
8854 1
8874 1
8887 1
8892 1
8894 1
8902 1
8906 1
8936 1
8940 1
8943 1
8954 1
8956 1
8959 1
8961 1
8976 1
8977 1
8985 1
8988 1
8993 1
9004 1
9012 1
9022 1
9024 1
9043 1
9044 3
9048 1
9051 1
9056 2
9060 1
9061 1
9081 1
9100 1
9101 1
9110 1
9118 1
9119 1
9120 1
9132 1
9134 1
9140 1
9144 1
9148 1
9152 1
9160 1
9162 2
9167 1
9168 1
9172 1
9176 2
9179 1
9188 1
9195 1
9196 1
9198 1
9205 1
9216 1
9220 1
9228 1
9236 3
9252 1
9258 1
9264 2
9268 1
9269 2
9271 1
9277 2
9280 1
9283 1
9284 2
9300 1
9304 1
9321 1
9324 1
9328 1
9332 1
9347 1
9348 1
9352 1
9353 1
9355 1
9373 1
9376 1
9390 1
9392 1
9393 1
9412 1
9425 1
9427 1
9430 1
9433 1
9434 1
9437 1
9439 1
9453 1
9460 2
9464 1
9467 1
9470 1
9484 1
9492 2
9507 1
9508 1
9510 1
9527 1
9532 2
9540 1
9542 1
9554 1
9561 1
9569 1
9576 1
9587 1
9609 1
9612 1
9614 1
9620 2
9625 1
9627 1
9633 1
9635 1
9642 1
9644 1
9650 1
9651 1
9655 1
9666 1
9668 2
9670 1
9674 1
9676 1
9682 1
9700 1
9701 1
9706 1
9707 1
9708 1
9710 1
9724 1
9731 1
9757 1
9762 1
9768 2
9769 1
9771 1
9781 1
9787 1
9827 1
9840 1
9856 1
9867 1
9876 1
9877 2
9884 1
9892 1
9894 1
9910 1
9918 1
9929 2
9934 1
9948 1
9954 1
9961 3
9968 1
9970 1
9971 1
9978 1
9980 1
9981 1
9989 1
10000 3
10006 1
10007 1
10012 1
10029 1
10037 1
10041 1
10044 1
10052 2
10056 1
10060 1
10063 1
10068 1
10100 1
10101 1
10104 1
10108 1
10119 1
10122 1
10124 1
10126 1
10132 1
10136 1
10140 2
10148 1
10168 1
10171 1
10175 1
10188 1
10196 1
10199 1
10214 1
10215 1
10230 2
10252 1
10257 1
10263 1
10283 1
10284 1
10291 1
10292 1
10304 1
10315 1
10316 1
10348 1
10351 1
10356 1
10374 1
10385 1
10390 2
10410 1
10427 1
10428 1
10438 1
10463 1
10468 1
10477 1
10492 1
10496 1
10524 1
10537 1
10546 2
10554 1
10561 1
10563 1
10581 1
10597 1
10600 3
10602 1
10612 1
10628 1
10629 1
10640 1
10676 2
10684 1
10692 2
10708 1
10709 1
10728 1
10732 1
10751 1
10776 1
10804 1
10815 1
10820 2
10824 1
10846 1
10847 1
10848 1
10876 1
10880 2
10881 1
10886 1
10901 1
10904 1
10920 1
10940 1
10942 1
10992 4
10996 1
11016 1
11027 1
11038 1
11055 1
11099 1
11108 1
11132 1
11164 1
11167 1
11192 1
11196 1
11229 1
11234 1
11236 1
11250 1
11253 1
11279 1
11281 1
11307 1
11308 1
11309 1
11312 2
11314 1
11380 1
11381 1
11385 1
11390 1
11403 1
11416 1
11434 1
11456 2
11471 1
11492 1
11496 1
11498 1
11512 1
11516 1
11518 1
11636 2
11650 1
11655 1
11660 1
11676 1
11678 1
11748 1
11764 1
11807 1
11808 2
11850 3
11884 2
11902 1
11920 1
11928 1
11954 1
11955 2
11972 1
11991 1
12012 1
12017 1
12052 1
12092 1
12116 1
12129 1
12132 1
12142 1
12148 1
12172 1
12188 1
12202 1
12204 1
12242 1
12244 1
12250 1
12252 1
12256 2
12276 1
12284 1
12311 1
12312 1
12340 1
12351 1
12372 1
12384 1
12433 1
12448 1
12460 1
12468 1
12494 2
12524 1
12552 1
12568 1
12598 1
12619 1
12622 1
12644 1
12650 1
12692 1
12707 1
12736 1
12743 1
12759 1
12764 2
12770 1
12780 1
12785 1
12786 1
12790 1
12796 2
12814 1
12820 1
12853 1
12874 1
12875 1
12880 1
12920 2
12942 1
12945 1
12948 1
12963 1
12968 1
13005 1
13018 1
13036 1
13056 2
13065 1
13075 1
13084 1
13086 2
13100 2
13133 1
13154 1
13159 1
13168 1
13169 1
13170 1
13196 1
13280 1
13283 1
13291 1
13300 1
13348 2
13444 1
13452 2
13479 1
13484 1
13504 1
13529 1
13563 1
13596 1
13663 1
13684 1
13753 1
13756 1
13788 1
13832 1
13844 1
13876 1
13880 1
13912 1
13930 1
13932 1
13960 1
13988 1
13996 1
14001 1
14036 1
14068 1
14099 1
14132 1
14196 1
14203 1
14232 1
14244 1
14259 1
14308 1
14309 1
14314 1
14323 1
14332 1
14337 1
14340 1
14428 1
14436 1
14452 1
14492 1
14500 1
14509 1
14548 1
14564 1
14569 1
14585 1
14632 1
14648 1
14660 1
14678 1
14700 1
14712 1
14724 1
14727 1
14740 2
14753 2
14848 1
14896 1
14913 1
14925 1
14937 1
14944 1
14967 1
14972 1
15064 1
15080 1
15108 1
15109 1
15117 1
15164 1
15222 1
15232 1
15237 1
15244 1
15264 1
15267 1
15276 1
15304 1
15311 1
15316 1
15321 1
15324 1
15332 1
15336 1
15339 1
15344 1
15352 1
15357 1
15366 1
15368 1
15385 1
15396 1
15403 1
15413 1
15418 1
15422 1
15440 1
15443 1
15452 1
15464 1
15465 1
15492 1
15500 1
15512 1
15531 1
15557 1
15580 2
15581 1
15585 1
15588 1
15593 1
15614 1
15635 1
15637 1
15643 1
15652 2
15695 1
15700 1
15723 1
15740 1
15742 1
15748 1
15780 1
15800 1
15807 1
15812 1
15890 1
15897 1
15900 1
15932 2
15972 1
15980 1
15996 1
15999 1
16086 1
16088 1
16104 1
16144 1
16193 1
16224 1
16303 1
16304 1
16309 1
16316 1
16372 1
16397 1
16401 1
16410 1
16412 1
16460 1
16464 1
16509 1
16516 1
16521 1
16553 1
16564 2
16722 3
16733 1
16744 1
16758 1
16801 1
16812 1
16822 1
16840 1
16885 1
16894 1
16907 1
16916 1
16932 1
16958 1
16964 1
16968 1
16976 1
16978 1
16992 1
16994 1
17000 1
17021 1
17046 1
17087 1
17155 1
17156 1
17160 1
17188 1
17196 1
17220 1
17230 1
17231 1
17286 1
17328 1
17339 1
17380 1
17428 1
17431 1
17452 1
17517 1
17524 1
17569 1
17580 1
17581 1
17591 1
17592 1
17632 1
17637 1
17644 1
17664 1
17676 1
17711 1
17724 1
17756 1
17768 1
17781 1
17782 1
17832 1
17839 1
17840 2
17878 1
17919 1
17920 1
17932 1
17940 1
17942 1
17943 1
17983 1
17984 1
18042 1
18052 1
18068 1
18069 1
18070 1
18071 1
18188 1
18248 1
18249 1
18288 1
18292 1
18308 1
18347 1
18372 1
18380 1
18395 1
18404 1
18508 1
18632 1
18736 1
18740 1
18842 1
18888 1
19116 1
19124 1
19168 1
19176 2
19196 1
19201 1
19219 1
19245 1
19260 1
19280 1
19300 1
19324 1
19495 1
19510 2
19604 1
19652 1
19669 1
19752 1
19812 1
19824 1
19840 2
19844 1
19916 1
19996 1
20070 2
20084 1
20150 1
20156 1
20268 1
20308 1
20444 1
20554 1
20592 2
20621 1
20660 1
20665 1
20668 1
20692 1
20726 1
20760 2
20780 1
20800 1
20988 1
21004 1
21084 1
21124 1
21129 1
21172 1
21212 1
21228 1
21240 1
21250 1
21260 1
21294 1
21316 1
21340 1
21345 1
21452 1
21476 1
21504 1
21572 3
21620 1
21636 1
21717 1
21745 1
21756 2
21764 1
21808 1
21832 1
21854 2
22002 1
22028 2
22038 2
22044 1
22076 1
22084 1
22164 1
22196 1
22252 1
22276 1
22316 1
22340 1
22364 1
22419 1
22432 1
22508 2
22557 1
22660 1
22676 1
22820 1
22844 1
22867 1
22928 1
22962 2
23030 1
23058 1
23064 1
23084 1
23180 1
23184 1
23261 1
23332 1
23396 1
23412 1
23420 1
23448 1
23584 1
23596 1
23668 1
23864 1
23928 1
24036 1
24126 1
24180 1
24196 1
24241 1
24292 1
24388 1
24428 1
24468 1
24576 4
24776 1
24797 1
24825 1
24848 1
24924 1
24948 1
24972 1
24996 1
25080 1
25083 1
25268 1
25524 1
25584 1
25596 2
25615 1
25684 1
25708 1
25748 1
25836 1
25862 2
25889 1
25892 1
25902 2
25908 1
25940 1
26007 1
26109 1
26136 1
26164 1
26252 1
26364 1
26384 1
26564 1
26572 1
26604 1
26666 1
26684 1
26706 2
26790 1
26820 1
26852 1
26932 1
26978 1
27077 1
27085 1
27124 3
27156 1
27188 1
27192 1
27200 1
27203 1
27428 1
27517 1
27624 1
27708 1
27716 1
27780 1
27848 1
27892 1
28056 1
28060 1
28068 1
28372 1
28692 1
28741 1
28828 1
28832 1
28908 1
28940 2
28964 1
29460 1
29548 1
29628 1
29644 1
29649 1
29696 1
29732 2
29940 1
30180 1
30335 1
30394 1
30404 1
30508 1
30547 1
30916 1
31226 1
31251 1
31396 1
31412 1
31445 1
31515 1
31760 1
31794 1
31852 1
31860 1
31912 2
32068 1
32100 1
32588 1
32768 3
33044 1
33052 1
33156 1
33470 1
33618 1
33684 1
33764 1
33817 1
34120 3
34152 1
34270 1
34799 1
34828 1
34928 1
35384 1
35680 1
35695 1
35940 1
36033 2
36300 1
36480 1
36664 1
36706 1
37508 1
37588 1
37828 1
37924 1
37937 1
38564 1
39159 1
39364 1
39402 1
39452 1
39628 1
39748 1
39844 1
39932 1
40419 1
40668 1
40716 1
40757 1
40960 2
41100 1
41356 1
41761 1
41768 1
41774 1
41820 1
41864 1
41956 4
42068 1
42224 1
42404 1
42541 1
42852 1
43132 1
43580 1
43796 1
43852 1
43860 1
43936 2
44164 1
44182 1
44266 1
44416 1
44572 1
45272 1
45345 1
45636 1
45640 2
45740 1
45892 1
45988 1
46463 1
46718 1
46792 1
47019 1
47036 1
47068 1
47360 1
47756 1
47844 1
48000 1
48072 2
48107 1
48140 1
48150 1
48191 1
48318 1
49092 1
49152 1
49374 1
49436 1
49520 1
49676 1
50484 1
50512 1
50633 1
51188 1
51628 1
51695 1
51708 1
52039 1
52049 1
52160 1
52254 1
52555 1
52674 1
52756 1
53156 1
53209 1
53216 1
53740 1
53770 2
53844 1
53872 1
54047 1
54116 1
54256 1
54971 1
55044 1
55182 1
55432 1
55552 1
55704 1
55868 1
55878 1
56788 1
56796 1
56874 1
57344 1
57596 2
57784 1
57796 1
58004 1
58388 1
58415 1
58476 1
58647 1
58828 2
58848 1
59244 2
59460 1
59466 2
59472 1
59668 1
59700 1
60390 2
61052 1
61065 1
61214 1
61813 1
62347 1
62788 1
63088 1
63890 1
64158 1
64212 1
64292 1
64521 1
64620 1
64756 1
65326 2
65404 1
65507 1
65536 1
65780 1
65925 1
66317 1
66564 1
66572 1
67404 1
67588 1
68088 1
68154 2
68384 1
68564 1
69017 1
69092 1
69844 1
69940 1
70212 1
70476 1
70550 1
71228 1
71372 1
71628 1
72354 1
72780 1
72834 1
72944 1
73570 1
73686 1
73728 1
73852 1
73900 1
73994 1
74266 1
74372 1
74882 1
74892 1
75363 1
75458 1
75694 1
75716 1
75960 1
76518 1
77336 1
77352 1
77812 2
78788 1
78812 1
79032 1
79616 1
80884 1
81416 2
81920 2
83060 1
83452 1
84550 1
85612 1
85636 1
85708 1
85924 1
85960 1
86068 1
86519 1
86740 1
86895 1
87107 1
87716 1
87936 1
88000 1
88328 1
89351 1
89607 1
89900 1
90112 1
90312 1
90484 1
91041 1
91676 1
91812 1
91928 2
91932 1
92619 1
92841 1
93191 1
93316 1
93522 1
93680 1
93947 1
94309 1
94464 2
94768 1
94864 1
94881 1
94893 1
95062 1
95674 2
96272 1
96386 2
96744 1
97084 1
97122 1
97132 1
97256 1
97816 1
98070 1
98304 1
98313 1
98579 1
98736 1
98781 1
98802 1
100034 1
100768 1
100920 1
101043 1
101568 1
101775 1
101836 1
101932 1
102397 1
102524 1
103530 1
103612 2
103912 2
104036 1
104128 1
104130 1
104958 1
104972 1
105057 1
105876 1
106284 1
106496 1
106524 1
106854 1
107364 2
107720 1
107806 1
107892 1
108236 2
108658 1
109067 1
109343 1
109714 1
109777 1
111106 1
111210 1
111698 1
113050 1
113132 1
113186 1
113198 1
114420 1
114949 1
115308 1
115482 1
115668 1
116211 1
116500 1
116602 1
116618 1
117216 2
117661 1
118224 1
118448 1
118669 1
118676 1
118980 1
119040 1
119688 1
122721 1
122904 1
122928 1
123132 1
124298 1
124450 1
124523 1
124646 1
125346 1
128016 1
128588 1
128780 1
128944 1
129105 1
130860 1
131796 1
132208 1
132212 1
132629 1
133337 1
133548 1
135290 1
136232 1
137336 1
137438 1
137948 1
138032 1
138353 1
139320 1
139864 1
141649 1
144446 1
145528 1
147372 1
147832 1
150340 1
150800 1
152072 1
152395 1
152859 1
155212 1
156172 1
156372 1
157836 1
159440 2
160360 1
162056 1
162232 1
162904 1
162932 1
164324 1
164460 1
165569 1
165856 1
166516 1
167832 1
168528 1
170791 1
170844 1
171732 1
174684 1
174720 2
178174 1
178496 1
179043 1
182472 2
184556 1
184734 2
185214 1
186300 1
188436 1
189000 1
190192 1
193154 1
195629 1
196022 1
204800 1
206662 1
209744 2
211640 2
212833 1
212992 1
221184 1
224044 1
226632 1
226844 1
227324 1
230000 1
230502 2
234136 1
236380 1
236897 1
239728 1
242172 1
243196 1
247664 1
250052 1
250564 1
251956 1
252460 1
267820 1
268824 1
268968 1
270336 1
270696 1
271332 1
271896 1
281909 1
282780 1
300748 1
323168 2
323888 1
341428 1
350676 1
357660 1
357764 1
362428 1
374372 1
395124 1
418724 1
434176 1
440632 1
448507 1
459692 1
465052 1
465084 1
465088 1
465120 1
465749 1
466164 1
474888 1
481612 1
492508 1
499072 1
510664 1
521152 1
530080 1
536248 1
539100 1
540548 1
550352 1
554836 1
563012 1
570268 1
602905 1
697596 1
698840 1
698978 2
748428 1
749128 1
819324 1
868352 1
942888 2
1025810 1
1067974 2
1081344 1
1086222 1
1089646 2
1127704 1
1153152 1
1172646 2
1505996 1
1646592 1
1858004 1
1984730 1
2261810 1
2359152 1
2558400 1
3189468 1
3579630 1
