10 1
12 1
17 1
22 1
26 2
27 1
30 5
31 3
32 10
36 10
50 1
59 1
62 2
63 1
64 3
65 5
66 1
67 1
70 2
71 2
72 6
73 3
74 1
75 5
76 1
78 5
79 4
80 17
81 3
82 1
83 1
84 4
85 3
86 14
87 6
88 2
89 2
90 2
91 4
92 16
93 5
94 10
95 4
96 1
97 3
99 1
100 2
102 1
104 1
105 1
110 1
113 1
127 1
144 1
145 1
147 1
148 1
152 1
160 1
162 1
163 1
171 3
172 1
173 1
190 1
214 1
228 1
238 1
274 1
301 1
315 1
324 1
328 2
338 1
349 1
360 1
364 1
374 1
377 11
378 1
379 4
380 4
381 1
382 3
385 3
386 2
387 11
389 2
390 1
391 2
392 2
393 9
394 3
395 1
397 1
398 3
399 9
400 2
401 6
402 4
403 1
404 1
407 1
409 1
411 1
414 1
418 1
421 1
425 1
433 1
435 1
449 2
451 1
453 1
454 1
457 1
459 1
460 1
461 2
462 2
463 1
464 1
466 1
475 1
479 1
481 1
490 1
495 1
497 1
506 1
508 1
509 1
510 1
512 228
516 4
522 1
524 1
526 1
532 1
546 1
548 1
551 1
557 1
560 3
569 1
573 1
580 2
581 1
582 1
586 1
609 1
612 1
624 1
628 1
641 2
642 1
648 1
653 2
656 1
660 1
672 1
686 1
711 2
720 1
721 1
739 1
741 2
751 1
752 1
757 1
758 1
774 1
792 1
796 1
805 1
807 1
812 1
813 1
821 1
824 1
827 1
834 1
836 1
838 3
843 1
845 1
847 3
859 2
865 1
868 2
869 1
873 1
878 1
882 1
886 1
888 1
889 3
894 2
895 2
902 1
905 1
906 1
908 1
913 1
915 1
923 2
933 2
936 1
948 1
952 1
960 2
961 1
968 1
970 1
988 1
989 1
993 1
995 1
1001 3
1016 1
1017 1
1024 10
1026 1
1033 1
1034 1
1044 1
1048 1
1051 1
1053 1
1054 1
1055 2
1056 1
1061 1
1062 1
1068 1
1075 1
1091 1
1096 1
1106 2
1113 2
1128 1
1129 1
1137 1
1155 2
1163 1
1164 1
1166 2
1167 2
1176 1
1182 3
1183 1
1188 2
1195 1
1196 2
1199 3
1207 1
1211 1
1214 1
1219 1
1223 1
1224 3
1226 1
1231 1
1233 2
1235 1
1236 2
1239 1
1240 1
1241 2
1244 1
1247 1
1249 1
1250 1
1256 1
1261 1
1264 1
1266 3
1268 2
1272 1
1274 1
1277 1
1283 1
1285 2
1286 1
1287 1
1297 1
1304 1
1305 2
1306 2
1318 2
1320 1
1329 1
1338 1
1341 1
1351 1
1356 1
1357 1
1362 1
1363 2
1365 1
1372 2
1379 1
1385 3
1387 2
1388 1
1391 1
1392 1
1405 1
1408 1
1417 1
1425 2
1426 1
1429 2
1432 2
1433 2
1441 2
1445 1
1455 2
1459 1
1460 1
1461 2
1468 1
1469 1
1472 1
1477 2
1480 1
1485 2
1505 1
1506 2
1507 1
1508 1
1511 1
1513 2
1515 1
1517 1
1518 1
1521 1
1530 2
1532 2
1536 8
1537 1
1554 1
1557 1
1560 1
1568 2
1583 1
1586 1
1588 1
1590 1
1594 1
1615 1
1631 2
1648 1
1660 1
1665 1
1668 3
1677 1
1678 1
1683 1
1684 1
1686 1
1689 1
1695 1
1697 1
1700 1
1710 1
1714 1
1715 1
1718 1
1722 2
1723 1
1726 1
1729 1
1732 1
1741 1
1744 1
1746 1
1753 1
1759 2
1762 2
1772 1
1773 1
1775 2
1776 1
1780 1
1786 2
1787 1
1790 1
1791 1
1797 1
1799 1
1810 1
1812 1
1817 1
1823 1
1825 2
1830 1
1834 1
1835 2
1839 1
1842 1
1845 2
1851 1
1853 1
1855 1
1862 1
1871 1
1872 1
1876 2
1878 1
1879 1
1880 1
1881 1
1897 2
1900 1
1905 2
1906 2
1908 1
1915 1
1944 5
1950 1
1965 1
1968 1
1970 1
1971 2
1972 2
1976 2
1981 1
1982 2
1983 1
1984 1
1990 1
2007 1
2008 2
2009 2
2012 1
2013 1
2016 2
2032 1
2048 3
2054 1
2063 2
2068 1
2072 1
2074 1
2075 1
2079 1
2087 2
2093 1
2101 1
2102 1
2116 1
2117 1
2122 1
2128 3
2129 2
2133 1
2135 2
2145 1
2146 1
2147 2
2158 2
2160 1
2162 1
2164 1
2168 2
2170 3
2178 1
2180 2
2181 1
2182 1
2183 1
2196 1
2199 2
2212 3
2213 1
2214 2
2217 1
2230 1
2231 1
2233 1
2235 1
2237 1
2245 1
2271 1
2274 3
2280 1
2281 2
2305 1
2311 1
2319 1
2322 2
2326 1
2330 1
2331 4
2334 2
2350 1
2362 1
2372 2
2375 1
2381 2
2388 1
2390 1
2402 2
2411 1
2423 1
2442 1
2450 1
2451 1
2452 1
2461 1
2468 1
2470 1
2472 1
2477 1
2491 3
2503 1
2504 1
2520 1
2523 1
2527 1
2539 2
2540 2
2549 2
2551 2
2555 1
2560 2
2565 1
2567 2
2570 1
2583 1
2586 1
2600 1
2606 1
2610 2
2622 1
2631 1
2654 2
2656 1
2657 1
2662 1
2672 1
2681 2
2684 1
2690 2
2691 1
2702 1
2709 1
2711 1
2718 1
2721 2
2723 2
2729 1
2744 1
2746 1
2754 1
2775 1
2777 1
2778 1
2781 4
2788 1
2795 1
2798 1
2808 1
2811 2
2824 1
2828 1
2842 1
2845 1
2853 1
2866 1
2870 1
2871 1
2873 2
2887 1
2893 1
2897 1
2900 1
2906 1
2908 3
2918 1
2930 2
2932 1
2949 1
2962 1
2968 1
2977 3
2983 1
2989 1
2999 1
3008 1
3016 1
3054 1
3056 1
3058 1
3081 1
3084 1
3091 1
3098 1
3103 1
3112 3
3127 1
3131 1
3133 1
3136 1
3141 1
3143 1
3146 2
3148 1
3150 1
3154 1
3155 1
3157 1
3159 1
3163 1
3176 1
3179 2
3181 1
3189 1
3193 1
3196 1
3215 1
3218 1
3223 1
3226 1
3228 1
3248 1
3258 2
3282 2
3285 1
3302 1
3304 1
3306 1
3308 1
3309 1
3312 1
3318 1
3325 1
3328 1
3330 1
3331 1
3332 1
3334 1
3343 1
3359 1
3362 2
3364 2
3374 1
3403 1
3415 1
3418 1
3434 2
3437 2
3454 1
3457 1
3458 2
3470 1
3478 1
3482 1
3498 1
3503 1
3546 2
3559 1
3583 1
3584 2
3587 1
3617 1
3619 1
3623 1
3628 2
3634 1
3639 1
3640 1
3643 1
3646 1
3647 1
3653 2
3659 3
3663 1
3665 2
3667 1
3675 1
3684 1
3692 2
3695 1
3700 1
3713 1
3733 1
3748 1
3756 1
3759 1
3761 1
3764 1
3765 2
3771 1
3776 1
3778 1
3782 1
3793 1
3798 1
3803 1
3813 1
3819 1
3823 1
3824 1
3835 1
3837 1
3854 1
3856 1
3864 1
3869 2
3878 1
3882 1
3894 2
3900 1
3915 1
3917 2
3929 1
3932 1
3936 1
3952 1
3959 2
3960 1
3961 1
4001 2
4002 1
4012 1
4022 1
4023 1
4039 1
4048 1
4051 1
4064 1
4065 1
4091 1
4093 1
4096 1
4101 2
4110 1
4114 1
4139 2
4140 1
4147 1
4154 1
4161 1
4164 1
4180 1
4187 2
4195 2
4210 1
4213 1
4220 1
4236 1
4240 1
4243 2
4244 2
4251 1
4258 1
4267 1
4301 1
4314 1
4325 1
4329 1
4335 2
4349 1
4351 1
4353 1
4354 1
4390 1
4400 1
4431 1
4441 1
4450 1
4452 1
4460 1
4485 1
4491 1
4521 1
4523 1
4524 1
4526 1
4538 1
4576 1
4592 1
4593 1
4605 1
4617 1
4629 1
4632 1
4635 1
4638 1
4646 1
4649 1
4663 1
4665 1
4666 1
4679 1
4681 1
4684 1
4700 1
4721 1
4747 1
4750 1
4752 1
4759 1
4763 1
4765 1
4769 1
4771 1
4782 1
4790 1
4814 1
4828 1
4853 2
4856 1
4862 1
4867 1
4870 1
4873 2
4885 1
4900 1
4904 1
4920 1
4928 1
4959 2
4978 1
4979 1
4982 1
5003 1
5004 1
5025 1
5034 1
5058 1
5068 1
5080 1
5083 1
5087 1
5088 1
5114 1
5143 1
5179 1
5185 1
5189 1
5199 1
5200 1
5201 1
5223 1
5227 1
5239 1
5240 1
5243 1
5290 1
5295 1
5300 1
5303 1
5306 1
5309 1
5312 1
5314 1
5326 1
5338 1
5360 1
5361 1
5368 1
5374 1
5388 1
5398 1
5420 1
5439 1
5442 1
5448 1
5450 1
5451 1
5459 1
5489 1
5505 1
5506 1
5535 1
5547 1
5549 1
5568 2
5590 1
5609 1
5616 1
5618 1
5627 1
5644 1
5661 1
5678 1
5685 1
5691 1
5699 2
5718 1
5723 1
5752 1
5754 2
5763 1
5767 1
5785 1
5793 1
5797 1
5800 1
5807 1
5808 1
5816 1
5832 1
5835 1
5853 1
5893 1
5907 1
5916 1
5919 1
5922 1
5957 1
5961 2
5970 1
5978 1
5991 1
5992 1
6005 1
6024 1
6035 1
6052 2
6058 1
6060 1
6061 1
6087 1
6097 1
6112 1
6134 1
6144 1
6147 1
6162 1
6199 1
6216 1
6254 1
6265 1
6297 1
6302 1
6304 1
6326 1
6327 1
6344 1
6374 1
6377 1
6389 1
6399 1
6406 1
6410 1
6415 1
6442 1
6457 1
6482 1
6487 1
6533 1
6573 1
6581 1
6591 1
6596 1
6641 1
6649 1
6656 2
6666 1
6678 1
6684 1
6696 1
6697 1
6701 1
6738 1
6765 1
6830 1
6851 1
6853 1
6868 1
6897 1
6927 1
6944 1
6958 1
7035 2
7117 1
7118 1
7131 1
7138 1
7196 1
7199 1
7253 1
7265 1
7279 1
7291 1
7295 1
7302 1
7310 1
7333 1
7348 1
7351 1
7352 1
7394 1
7397 1
7407 1
7421 1
7438 1
7451 1
7484 1
7491 1
7495 1
7514 1
7520 1
7522 1
7543 1
7546 1
7555 1
7567 1
7576 1
7588 1
7677 1
7708 1
7741 2
7743 1
7756 1
7764 1
7777 1
7788 1
7828 1
7834 1
7839 1
7853 1
7885 1
7903 1
7926 1
7941 2
7955 1
7973 1
7975 1
7980 1
7981 1
8011 1
8020 1
8039 1
8042 1
8045 1
8060 1
8081 1
8087 1
8104 1
8129 1
8134 1
8165 1
8180 1
8192 2
8246 1
8300 1
8306 1
8319 1
8361 1
8467 1
8475 1
8479 1
8480 1
8563 1
8572 1
8625 1
8637 1
8639 1
8646 1
8679 1
8693 1
8697 1
8703 1
8704 1
8729 1
8747 1
8749 1
8756 1
8789 1
8797 1
8854 1
8890 1
8899 1
9016 1
9019 1
9023 1
9069 1
9095 2
9105 1
9119 1
9127 1
9153 1
9156 1
9167 1
9169 1
9180 1
9187 1
9273 1
9299 1
9328 1
9372 1
9420 1
9422 1
9432 2
9438 1
9443 1
9510 1
9513 1
9515 1
9522 1
9523 1
9528 1
9531 1
9536 1
9626 1
9627 1
9628 1
9639 1
9659 1
9671 1
9733 1
9797 1
9804 1
9806 1
9814 1
9829 1
9836 1
9851 1
9869 1
9913 1
9917 1
9925 1
9986 1
10006 1
10043 2
10084 1
10089 1
10103 1
10110 1
10119 1
10126 1
10217 1
10230 1
10245 1
10279 1
10302 1
10316 1
10327 1
10332 2
10333 1
10353 1
10360 1
10372 1
10396 1
10408 1
10483 1
10492 1
10545 1
10551 1
10552 1
10609 1
10652 1
10723 1
10747 1
10753 1
10775 1
10845 1
10879 1
10912 1
10921 1
10924 1
11097 1
11144 1
11176 1
11177 1
11184 1
11191 1
11205 1
11224 1
11258 1
11269 1
11292 1
11335 1
11359 1
11360 1
11396 1
11479 1
11492 1
11538 1
11569 1
11570 1
11653 1
11660 1
11664 1
11674 1
11688 1
11729 1
11769 1
11844 1
11858 1
11887 1
11918 1
11924 1
11932 1
11934 1
11944 1
11973 1
11984 1
11992 1
12002 1
12008 1
12036 1
12046 1
12112 1
12149 1
12151 1
12203 1
12224 1
12233 1
12320 1
12340 1
12372 1
12433 1
12491 1
12504 1
12523 1
12536 1
12544 1
12548 1
12552 1
12592 1
12613 1
12623 1
12638 1
12663 1
12675 1
12791 1
12796 1
12814 1
12827 1
12841 1
12843 1
12858 1
12913 1
12922 1
12924 1
12928 1
12932 1
12936 1
12961 1
12962 1
12999 1
13032 1
13044 1
13053 1
13076 1
13094 1
13100 1
13116 1
13127 1
13128 1
13143 1
13155 1
13170 1
13262 1
13283 1
13314 2
13320 1
13366 1
13369 1
13388 1
13532 1
13548 1
13550 1
13568 1
13576 1
13592 2
13594 1
13619 1
13620 1
13623 1
13649 1
13678 1
13721 1
13776 1
13794 1
13802 1
13911 1
13929 1
13987 1
13988 1
14068 1
14112 1
14132 1
14213 1
14245 1
14312 1
14341 1
14342 1
14344 1
14352 1
14354 1
14372 1
14379 1
14380 1
14384 1
14392 1
14424 1
14444 1
14459 1
14460 1
14472 1
14508 1
14557 1
14568 1
14716 1
14750 1
14796 1
14807 1
14823 1
14904 1
14905 1
14908 1
14912 1
14923 1
15048 1
15100 1
15158 1
15226 1
15340 1
15344 1
15378 1
15443 1
15573 1
15616 1
15623 1
15636 1
15648 1
15656 1
15663 2
15676 1
15684 1
15696 1
15748 2
15804 1
15816 2
15876 1
15913 1
15990 1
16009 1
16188 1
16193 1
16199 1
16251 1
16258 1
16316 1
16392 1
16450 1
16467 1
16488 1
16520 1
16535 1
16548 1
16550 1
16616 1
16634 1
16652 1
16672 1
16677 1
16723 1
16787 1
16936 1
16967 1
17035 1
17042 1
17113 1
17280 1
17281 1
17320 1
17514 1
17528 1
17537 1
17554 1
17580 1
17621 1
17686 1
17711 1
17739 1
17769 1
17844 1
17846 1
17858 1
17901 1
17937 1
18011 1
18016 1
18024 1
18072 1
18080 1
18084 1
18108 1
18131 1
18152 1
18231 1
18356 1
18397 1
18500 1
18586 1
18597 1
18632 1
18722 1
18728 1
18752 1
18800 1
18904 1
18914 1
19096 1
19136 1
19198 1
19281 1
19346 1
19356 1
19390 1
19400 1
19402 1
19511 1
19596 1
19622 1
19630 1
19639 1
19640 1
19655 1
19685 1
19716 1
19847 1
19856 1
19873 1
19925 1
19937 1
19989 1
20061 1
20084 1
20085 1
20089 1
20120 1
20204 1
20210 1
20231 1
20291 1
20326 1
20380 1
20510 1
20529 1
20580 1
20620 1
20824 1
20868 1
20908 1
20913 1
20980 1
20996 1
21020 1
21085 1
21102 1
21151 1
21228 1
21277 1
21377 1
21456 1
21475 1
21531 1
21715 1
21741 1
21744 1
21810 1
21816 1
21841 1
21900 1
21904 1
21932 1
21940 1
21964 1
22150 1
22198 1
22240 1
22246 1
22360 1
22388 1
22421 1
22794 1
22801 1
22936 1
23157 1
23181 1
23311 1
23338 1
23428 1
23604 1
23623 1
23630 1
23639 1
23681 1
23697 1
23780 1
23891 1
23893 1
24384 1
24442 1
24472 1
24548 1
24614 1
24721 1
24859 1
24956 1
25116 1
25124 1
25266 2
25489 1
25754 1
25796 1
26042 1
26128 1
26493 1
26559 1
26644 1
26771 1
26829 1
26947 1
26985 1
27001 1
27066 1
27130 1
27232 1
27377 1
27440 2
27539 1
27936 1
28123 1
28210 1
28242 1
28335 1
28368 1
28378 1
28389 1
28848 1
29010 1
29096 1
29188 1
29204 1
29468 1
29636 1
29767 1
29844 1
29944 1
29945 1
30004 1
30035 1
30167 1
30346 1
30348 1
30468 1
30628 1
31363 1
31727 1
31752 1
31852 1
31915 1
32208 1
32281 1
32310 1
32506 1
32678 1
32695 1
33117 1
33304 1
33875 1
34168 1
34849 1
34858 1
35000 1
35238 1
35297 1
35504 1
35659 1
35872 1
35884 1
36079 1
36164 1
36540 2
37080 1
37084 1
37204 1
37612 1
37762 1
37777 1
37857 1
37938 1
37976 1
38574 1
38613 1
38716 1
38740 1
39029 1
39228 1
39235 1
40136 1
40701 1
40781 1
40990 1
41056 1
41266 1
41545 1
41598 1
41758 1
41759 1
42177 1
42406 1
42660 1
43972 1
44119 1
44357 1
45354 1
45429 1
45499 1
45747 1
46659 1
46900 1
47717 1
48149 1
48360 1
48375 1
48472 1
48905 1
48983 1
49112 1
49128 1
49584 1
49685 1
49924 1
50206 1
50499 1
50623 1
50838 1
51049 1
51476 1
51596 1
51600 1
51650 1
51877 1
52436 1
53500 1
54211 1
54259 1
54568 1
54728 1
55258 1
55333 1
59899 1
59937 1
60398 1
60529 1
61772 1
64848 1
66086 1
66192 1
66575 1
67317 1
67635 1
69844 1
69896 1
70000 1
70469 1
70938 1
71480 1
71781 1
73101 1
74128 1
75316 1
75668 1
75744 1
75752 1
76490 1
77988 1
78416 1
78971 1
79134 1
79763 1
79829 1
79888 1
80389 1
80820 1
82485 1
84169 1
85888 1
86562 1
87834 1
88319 1
94768 1
94834 1
97520 2
99961 1
100196 1
100500 1
104083 1
105604 1
107887 1
108534 1
109448 1
112564 1
117109 1
119279 1
119458 1
120159 1
122325 1
123164 1
124083 1
124330 1
125679 1
125732 1
126773 1
126888 1
128137 1
128176 1
128203 1
134544 1
140936 1
149648 1
154460 1
157482 1
170988 1
179544 1
180788 1
180808 1
181752 1
181880 1
191220 1
208218 1
213974 1
215836 1
215892 1
216182 1
216287 1
230400 1
237684 1
240498 1
246988 1
251720 1
260639 1
261756 1
264546 1
267056 1
284074 1
288680 1
311089 1
316751 1
317778 1
324092 1
339687 1
344657 1
361180 1
365949 1
368886 1
370244 1
374877 1
392989 1
418766 1
426704 1
442740 1
451987 1
452080 1
456716 1
465565 1
465601 1
475953 1
489801 1
494594 1
500932 1
501856 1
503907 1
509995 1
519532 1
519846 1
520640 1
523896 1
524316 1
536519 1
538151 1
541109 1
543628 1
550909 1
553379 1
609176 1
709648 1
750654 1
786432 1
797928 1
832728 1
889160 1
1419000 1
1789640 1
1802240 1
2273499 1
2276168 1
2350212 1
2439009 1
3296672 1
4102116 1
4247168 1
5936332 1
6222912 1
6479268 1
6924811 1
10058111 1
10688946 1
11954512 1
18862217 1
22142528 1
46602516 1
54697129 1
54941212 1
55555612 1
56796000 1
60574349 1
62543644 1
86847880 1
87375872 1
108791744 1
112108224 1
