20 1
93 1
113 1
121 1
139 1
188 1
233 1
239 1
244 1
263 1
284 1
293 1
314 1
318 1
327 1
342 1
343 1
356 1
367 1
375 1
383 1
391 1
404 1
409 1
420 1
433 1
442 1
444 1
449 2
457 1
460 1
461 1
464 1
465 1
467 1
471 1
472 1
484 1
493 1
505 1
509 1
512 104
515 1
524 2
542 1
553 1
564 1
574 1
590 1
593 1
601 1
603 1
604 2
605 2
642 1
658 1
664 1
672 1
677 1
679 1
682 1
686 1
687 1
689 1
690 2
691 2
702 1
708 1
723 1
738 1
748 1
780 1
813 1
815 1
839 1
884 1
893 1
901 1
902 1
923 1
929 1
941 1
944 1
982 1
985 1
993 1
995 1
997 1
1019 1
1023 1
1024 4
1032 1
1075 1
1111 1
1119 1
1127 1
1132 1
1142 1
1175 1
1202 1
1220 1
1234 1
1239 1
1255 1
1272 1
1275 1
1277 1
1284 1
1296 1
1308 2
1314 1
1316 1
1323 1
1327 1
1331 1
1332 1
1336 2
1339 1
1341 1
1369 2
1372 1
1376 1
1386 1
1395 1
1445 1
1452 1
1456 1
1462 2
1470 1
1476 1
1521 1
1528 1
1531 1
1547 1
1548 1
1579 1
1597 1
1601 1
1602 1
1619 2
1625 2
1631 1
1641 2
1676 1
1684 1
1727 1
1738 1
1765 1
1766 1
1787 1
1791 1
1805 1
1806 1
1807 1
1811 1
1817 1
1877 1
1886 1
1929 1
1939 1
1944 1
1976 1
1991 1
2012 1
2015 1
2023 1
2025 1
2057 1
2067 1
2076 1
2081 1
2105 2
2113 1
2128 6
2146 1
2149 1
2174 1
2189 1
2250 1
2268 1
2269 1
2294 1
2303 2
2325 1
2332 1
2380 1
2396 1
2416 1
2424 1
2446 1
2493 1
2497 1
2505 1
2526 1
2530 1
2544 1
2558 1
2560 1
2613 1
2666 1
2682 1
2696 1
2711 1
2722 1
2731 1
2782 1
2807 1
2812 1
2841 1
2952 1
2956 1
2960 1
2980 1
3033 1
3053 1
3067 1
3086 2
3100 1
3148 1
3180 1
3233 1
3352 1
3370 1
3388 1
3437 1
3561 1
3585 1
3640 1
3693 1
3708 1
3724 1
3825 1
3856 1
3867 1
3896 1
3951 1
3957 1
3963 1
4043 1
4205 1
4215 1
4225 1
4233 1
4254 1
4388 1
4462 1
4476 1
4797 1
4817 1
5001 1
5014 1
5033 1
5072 1
5103 1
5120 1
5135 1
5152 1
5241 1
5471 1
5567 1
5569 1
5648 2
5680 1
5715 1
5846 1
5868 1
5893 1
5955 1
6034 1
6052 1
6063 1
6088 1
6187 1
6217 1
6221 1
6224 2
6248 1
6338 1
6342 1
6374 1
6378 1
6453 1
6529 1
6660 1
6720 1
6744 1
6766 1
6852 1
6878 1
6991 1
7100 1
7222 1
7310 1
7346 1
7373 1
7381 1
7565 1
7749 1
7778 1
7951 1
8048 1
8192 3
8241 1
8280 1
8401 1
8513 1
8523 1
8571 2
8623 1
8665 1
8676 2
8745 1
8784 1
8856 1
8917 1
8948 1
8976 1
9127 1
9161 1
9174 1
9265 1
9408 1
9413 1
9466 1
9536 1
9601 1
9808 1
9937 1
9973 1
10035 1
10180 1
10185 1
10294 1
10308 1
10402 1
10434 1
10487 1
10506 1
10509 1
10564 1
10598 1
10628 1
10631 1
10634 1
10646 2
10663 1
10708 1
10735 1
10757 1
10789 1
10858 1
10874 1
10887 1
10923 1
10925 1
10935 2
10940 1
10991 1
11070 1
11153 1
11176 1
11206 1
11232 1
11390 1
11406 1
11451 1
11522 1
11539 1
11572 1
11613 1
11650 1
11688 1
11822 1
11830 1
11862 1
11877 2
11884 1
11902 1
11904 2
11915 1
12005 1
12012 2
12036 1
12049 1
12083 1
12101 1
12125 1
12194 1
12196 1
12243 1
12248 1
12255 1
12288 2
12307 1
12348 1
12432 1
12467 1
12557 1
12622 1
12684 1
12800 1
12829 1
12833 1
12861 1
12871 1
12877 1
12932 1
13020 2
13104 1
13169 1
13190 1
13198 1
13259 1
13304 1
13305 1
13319 2
13382 1
13386 1
13444 1
13455 1
13461 1
13464 1
13600 1
13615 1
13632 2
13633 1
13712 1
13725 1
13727 1
13777 1
13920 1
13960 1
14058 1
14152 1
14176 1
14203 1
14260 1
14274 1
14357 1
14397 1
14467 1
14479 1
14503 1
14544 2
14556 1
14788 1
14916 1
14941 1
14967 1
14978 1
14996 1
15046 1
15260 1
15343 1
15367 1
15372 1
15436 1
15474 1
15492 1
15588 1
15595 1
15602 1
15627 1
15688 1
15822 1
15831 1
15870 1
15881 1
15893 1
16006 1
16043 1
16112 2
16224 1
16282 2
16284 1
16319 1
16368 1
16372 1
16384 1
16401 1
16421 2
16424 1
16451 1
16484 1
16521 1
16536 1
16549 1
16651 2
16654 1
16716 1
16751 1
16775 1
16823 1
16880 1
17026 1
17102 1
17414 1
17415 1
17430 1
17524 1
17613 1
17701 1
17752 1
17776 1
17904 1
18056 1
18243 1
18248 1
18363 1
18602 1
18649 1
18694 1
18932 1
19023 1
19160 1
19236 1
19292 1
19362 1
19576 1
19604 1
19692 1
19731 1
20451 1
20460 1
20480 3
20490 1
20511 1
20608 1
20620 1
20780 1
20802 1
20804 1
20976 1
21087 1
21225 1
21228 1
21288 2
21298 1
21424 1
21685 1
21728 1
21780 1
21982 1
22054 1
22079 1
22155 1
22233 2
22510 1
22523 1
22527 1
22720 1
22870 1
22880 1
23456 1
23488 1
23557 1
23757 1
23920 1
24096 1
24312 1
24531 1
24540 1
24576 2
24579 1
24608 1
24660 1
24672 1
24777 1
24990 2
25057 1
25136 1
25640 1
25916 1
26036 1
26300 1
26519 1
26634 1
26719 1
26737 1
26960 1
27010 1
27134 1
27153 1
27304 1
27426 1
27769 1
27852 1
28672 1
28832 1
28920 1
29104 1
29398 1
29465 1
29826 1
30208 1
30309 1
30443 1
30884 1
31613 1
31808 1
31846 1
32144 1
32480 1
32621 1
32771 1
32872 1
32992 1
33403 1
33408 1
33443 1
33581 1
33668 1
33736 2
33779 1
34404 1
34904 1
35417 1
35580 1
35962 1
36099 1
36379 1
38042 2
38068 1
38632 1
39692 1
39812 1
40464 1
41592 1
42812 1
43420 2
43448 1
43511 1
44141 1
44712 1
45648 1
46872 1
47948 1
48453 1
48528 1
48832 2
48937 1
50292 1
51292 1
51760 1
52004 1
52009 1
52704 1
53996 1
55044 1
58240 1
59072 1
60197 1
61440 1
62076 1
62684 1
63980 1
64292 1
65564 1
66544 1
68032 1
68954 1
74036 1
76084 1
76332 1
76752 2
77240 1
78364 1
79904 2
80392 1
80513 1
82300 1
82331 1
84104 1
88424 1
89168 1
90967 1
92672 2
93544 1
94951 2
95448 1
95719 2
96588 1
96720 1
97418 1
98492 1
100080 1
100548 1
110104 1
115584 2
121536 1
121674 1
124600 1
126984 1
127592 1
133144 1
136030 1
148464 1
164796 1
172480 1
172500 1
173248 1
178579 2
182920 1
196052 1
213652 1
218899 1
276545 1
284108 1
331044 1
373152 2
385604 1
424684 1
432316 1
432408 1
452412 1
478692 1
515540 1
595844 1
611384 1
730936 1
861004 2
1173412 1
1188744 1
2576508 1
2581020 1
2892952 1
3262960 1
