0 1208
1 9
2 6
3 6
4 7
5 2
6 18
7 9
8 21
9 26
10 15
11 18
12 41
13 35
14 45
15 34
16 34
17 19
18 38
19 12
20 31
21 8
22 40
23 20
24 21
25 11
26 12
27 6
28 22
29 15
30 29
31 78
32 5
33 5
34 6
35 10
36 12
37 5
38 7
39 15
40 8
41 8
42 3
43 4
44 23
45 15
46 6
47 2
48 14
49 9
50 16
51 25
52 41
53 10
54 18
55 12
56 6
57 9
58 22
59 4
60 8
61 1
62 98
63 28
64 59
65 9
66 13
67 7
68 9
69 6
70 7
71 4
72 73
73 5
74 1
75 4
76 6
77 8
78 8
79 13
80 5
81 2
82 2
83 2
84 8
85 31
86 5
87 5
88 5
89 19
90 14
91 33
92 2
93 4
94 6
95 4
96 10
97 8
98 3
99 13
100 7
101 17
102 14
103 2
104 9
105 15
106 4
107 1
108 9
109 5
110 9
111 9
112 8
113 3
114 2
115 1
116 1
117 10
118 3
119 1
120 7
121 8
122 5
123 1
124 3
125 3
126 15
127 1
128 4
129 2
130 1
131 6
132 5
133 9
134 2
135 13
136 3
137 2
138 1
139 2
140 2
141 3
142 6
143 1
144 14
145 3
146 4
147 1
148 2
149 6
150 8
151 3
152 3
153 9
154 6
155 2
156 31
157 1
158 2
159 3
160 12
161 1
162 8
163 1
164 5
165 1
166 13
167 3
168 4
169 6
170 5
171 15
172 8
173 3
174 12
175 10
176 12
177 5
178 6
179 5
180 7
181 3
182 9
183 6
184 5
185 10
187 3
188 5
189 2
190 5
191 5
192 5
193 2
194 1
195 4
196 3
197 4
198 5
199 4
200 4
201 5
202 2
203 1
205 2
206 3
207 6
208 7
209 9
210 3
212 5
213 1
214 2
215 1
216 6
217 2
218 1
219 2
221 5
222 1
223 5
224 3
225 2
226 3
227 4
228 2
229 4
230 5
231 4
232 4
234 9
235 3
236 2
238 3
240 8
241 9
242 2
243 1
244 4
245 4
246 3
247 3
248 3
249 3
251 4
252 3
253 1
255 3
257 3
258 1
259 2
260 2
261 12
262 3
264 2
265 2
266 2
267 4
268 1
269 1
270 11
271 2
272 3
273 2
274 1
275 2
276 6
277 1
278 4
279 2
280 2
282 3
283 1
284 3
285 2
286 1
287 1
289 2
290 6
291 4
292 3
293 2
294 3
295 1
297 10
298 1
301 14
302 4
305 2
306 1
307 5
309 1
310 2
312 3
313 3
314 1
315 2
316 1
317 1
318 4
319 1
321 1
322 2
324 1
325 3
326 1
327 3
328 1
329 1
330 2
332 1
334 1
335 1
336 3
337 2
338 1
339 2
340 2
341 2
342 2
343 1
344 2
345 2
346 2
347 2
348 6
350 1
351 4
352 3
353 1
356 1
357 1
359 9
360 5
361 3
362 1
363 1
364 3
366 3
368 1
369 4
370 1
372 16
373 1
375 5
376 2
377 5
378 3
379 3
380 8
381 2
382 4
383 1
384 6
385 4
386 1
387 4
389 4
390 7
391 3
392 1
393 1
395 2
396 4
397 3
399 4
400 2
402 3
403 1
404 2
405 5
406 5
407 4
408 3
409 6
410 2
411 3
412 1
413 1
415 2
416 4
419 3
420 9
422 3
423 1
424 3
426 2
427 10
428 3
429 3
430 1
431 3
432 5
433 2
434 3
435 5
436 3
437 1
438 2
439 6
440 2
442 1
443 2
444 3
446 1
448 4
449 2
450 2
451 1
453 7
454 3
455 3
456 1
458 1
459 3
460 3
462 2
463 3
464 9
465 1
466 2
467 2
468 4
469 6
470 2
471 3
473 4
474 2
475 4
476 3
477 4
478 5
479 3
480 1
482 3
484 5
485 2
487 1
488 3
489 3
490 2
491 3
492 1
493 6
494 3
495 2
496 7
497 4
499 2
500 3
501 3
502 4
503 2
504 2
505 1
506 5
507 2
508 3
509 68
510 7
511 2
512 1066
513 2
514 1
515 3
516 2
517 1
518 1
519 2
520 2
521 2
523 1
524 3
525 7
526 3
527 1
528 2
529 1
530 2
531 1
532 3
533 3
534 8
536 10
537 1
538 2
539 6
540 1
541 3
543 1
544 3
545 6
546 3
547 7
548 6
549 12
550 4
551 7
552 9
553 6
554 1
555 8
556 3
557 4
558 5
559 2
560 1
561 4
562 3
563 9
564 2
565 1
566 3
567 1
568 3
569 4
570 1
571 6
572 4
573 7
574 2
575 1
576 3
577 7
578 6
579 2
580 6
581 6
582 2
583 4
584 3
585 9
586 3
587 1
588 5
589 26
590 3
591 2
592 7
593 1
595 2
596 3
597 1
598 1
599 2
600 7
601 3
602 2
603 2
604 3
605 4
606 1
607 7
608 2
609 3
610 2
611 2
612 1
613 3
614 5
615 2
616 4
617 5
618 4
619 6
620 4
621 7
623 3
624 4
625 6
626 3
627 2
628 3
629 1
630 2
631 6
632 2
633 9
634 4
635 3
636 4
637 7
638 4
639 4
640 1
641 3
642 1
643 3
645 9
646 2
647 5
648 3
649 4
650 4
651 4
652 2
653 4
654 3
655 3
656 8
657 4
658 2
659 1
660 2
661 11
662 2
663 6
664 2
666 1
667 2
668 2
669 9
670 1
671 5
672 6
673 10
674 1
675 2
676 1
677 4
678 5
679 1
680 2
681 3
682 2
683 2
684 2
685 4
686 2
688 2
690 1
691 1
692 5
693 3
696 3
697 1
700 2
701 2
702 2
703 2
704 2
705 4
706 4
707 3
708 6
709 15
710 18
711 25
712 15
713 11
714 17
715 21
716 38
717 17
718 13
719 20
720 13
721 2
722 8
723 9
724 7
725 13
726 11
727 15
728 12
729 3
730 3
731 3
732 6
733 3
734 4
735 8
736 7
738 5
739 3
740 2
741 1
742 22
743 50
744 40
745 42
746 30
747 33
748 87
749 77
750 201
751 173
752 127
753 115
754 141
755 132
756 77
757 28
758 51
759 68
760 27
761 12
762 4
763 7
764 7
765 6
766 5
767 3
768 7
769 3
770 4
771 3
772 1
773 5
774 4
775 3
776 2
777 1
778 2
779 1
780 2
781 2
782 3
783 3
784 4
785 2
786 1
787 1
788 4
789 4
790 4
791 4
792 1
793 3
795 5
796 2
797 2
798 5
799 5
800 2
801 7
802 3
803 2
804 2
805 2
806 10
807 1
808 3
810 1
811 1
812 1
813 1
814 2
815 2
816 5
817 1
818 4
819 1
820 4
821 3
823 5
824 18
825 7
826 4
827 5
828 19
829 3
830 1
831 1
832 1
833 4
834 1
835 2
836 2
837 4
838 7
841 1
842 2
844 1
845 3
847 3
848 2
850 4
853 1
854 4
855 2
857 4
858 6
859 5
862 1
863 2
864 5
865 2
866 4
867 1
868 2
869 2
870 2
872 1
873 1
874 3
875 5
876 1
877 3
879 1
880 1
882 1
883 3
885 2
886 2
887 2
888 3
889 119
890 4
891 2
892 4
893 2
894 2
895 1
896 2
897 5
898 3
899 3
900 2
902 3
903 1
904 1
906 5
907 1
908 1
909 1
910 6
911 1
912 4
913 2
914 2
915 2
916 2
917 1
918 1
919 2
920 1
921 2
922 1
923 2
924 2
925 1
927 3
928 3
929 3
930 2
931 6
932 4
933 8
934 2
935 3
936 11
937 6
938 6
939 7
940 7
941 3
942 3
944 4
945 3
946 3
947 5
948 1
949 7
950 4
951 2
952 6
953 4
954 1
955 5
956 4
957 10
959 11
960 1
962 4
963 7
964 2
965 6
967 3
968 5
970 4
972 6
973 1
974 4
975 1
976 2
977 4
979 2
980 3
981 3
982 1
984 2
985 2
987 3
988 1
989 5
990 3
991 1
992 2
993 6
995 3
996 3
997 1
998 3
999 2
1000 1
1001 4
1002 1
1003 3
1006 3
1007 2
1008 3
1009 2
1010 3
1011 1
1013 5
1014 5
1015 3
1016 2
1017 4
1018 1
1019 3
1020 2
1021 2
1023 1
1024 169
1025 2
1026 1
1027 3
1028 3
1029 3
1030 1
1033 2
1034 1
1035 4
1036 2
1037 5
1038 2
1039 2
1040 1
1041 2
1042 1
1043 3
1046 2
1047 3
1048 4
1049 7
1050 3
1051 119
1052 3
1054 9
1055 1
1056 4
1057 2
1058 2
1060 3
1061 10
1063 1
1064 6
1065 2
1066 1
1067 2
1068 1
1070 5
1071 2
1072 3
1073 5
1074 2
1076 7
1077 4
1078 5
1079 3
1080 5
1081 1
1082 2
1083 7
1084 4
1085 2
1086 4
1087 9
1088 5
1089 3
1090 3
1091 1
1092 1
1093 2
1094 2
1095 7
1096 2
1097 1
1098 5
1099 3
1100 3
1102 2
1103 3
1105 2
1107 4
1108 2
1109 1
1111 2
1112 3
1113 2
1114 1
1115 2
1116 2
1117 4
1118 1
1119 3
1122 1
1123 2
1125 2
1126 7
1127 3
1128 2
1129 5
1132 6
1135 2
1136 2
1138 3
1141 2
1142 2
1143 3
1144 1
1145 3
1146 4
1147 1
1148 3
1154 4
1155 2
1156 3
1157 1
1158 2
1159 3
1160 1
1161 3
1163 1
1164 2
1165 1
1167 2
1169 1
1170 2
1172 1
1173 1
1174 1
1175 3
1176 3
1177 1
1178 2
1180 2
1181 1
1182 1
1183 1
1185 2
1188 4
1189 1
1190 2
1191 1
1192 1
1193 2
1194 3
1195 2
1198 1
1200 1
1201 1
1204 1
1207 3
1208 2
1209 4
1210 2
1211 5
1212 5
1213 2
1214 1
1216 3
1217 3
1218 3
1219 1
1220 6
1223 3
1224 4
1227 3
1228 3
1229 1
1230 5
1231 1
1234 4
1235 2
1236 2
1237 2
1238 1
1239 2
1240 1
1242 3
1243 1
1244 1
1246 4
1247 1
1249 4
1250 2
1251 1
1252 3
1254 2
1256 1
1257 3
1259 2
1260 1
1261 1
1262 4
1263 4
1264 1
1265 4
1266 1
1268 1
1271 2
1272 2
1273 2
1275 2
1276 2
1277 3
1278 1
1279 3
1282 1
1283 3
1286 2
1287 1
1292 4
1293 1
1296 1
1298 3
1299 1
1300 3
1301 2
1302 1
1303 1
1304 3
1305 1
1307 2
1309 1
1310 2
1311 1
1312 2
1313 3
1314 6
1315 1
1316 5
1317 1
1318 1
1319 1
1320 2
1321 1
1322 2
1323 6
1324 3
1326 4
1327 3
1328 3
1329 3
1330 3
1331 1
1332 3
1335 1
1336 4
1337 3
1338 1
1340 3
1341 3
1342 3
1343 3
1344 2
1345 1
1346 1
1347 17
1349 2
1350 3
1351 3
1352 2
1353 1
1354 1
1355 1
1356 3
1358 2
1359 2
1360 1
1362 1
1363 2
1364 2
1366 2
1367 4
1368 3
1369 3
1371 2
1373 2
1374 1
1375 1
1376 4
1377 4
1378 2
1379 3
1380 2
1381 3
1382 1
1383 2
1384 4
1386 1
1388 3
1389 4
1390 5
1393 1
1394 1
1395 1
1396 2
1398 3
1399 1
1401 4
1402 1
1403 6
1404 1
1405 7
1406 1
1407 1
1408 1
1409 1
1410 1
1411 1
1412 5
1413 3
1414 2
1415 1
1417 4
1419 2
1420 1
1422 1
1423 2
1424 1
1429 1
1430 1
1431 2
1432 1
1433 3
1434 1
1435 2
1436 1
1437 1
1438 1
1439 3
1440 3
1442 1
1443 2
1445 3
1446 1
1448 3
1450 2
1451 1
1453 1
1454 3
1455 2
1458 1
1460 1
1461 1
1462 3
1465 2
1468 2
1469 1
1470 2
1471 2
1472 2
1473 2
1474 1
1476 1
1477 4
1479 4
1481 2
1482 1
1483 1
1484 3
1485 1
1486 2
1487 1
1488 2
1489 2
1490 3
1491 1
1492 1
1493 2
1495 2
1496 3
1497 2
1499 2
1501 1
1505 2
1506 2
1508 3
1509 5
1510 3
1511 1
1512 4
1515 2
1516 2
1517 6
1518 2
1520 2
1521 2
1523 4
1524 1
1526 1
1527 2
1528 1
1529 4
1530 2
1531 2
1532 3
1533 2
1534 3
1535 2
1536 57
1537 1
1539 1
1540 4
1541 2
1542 2
1543 1
1544 1
1545 4
1547 3
1548 2
1550 4
1551 1
1552 1
1553 1
1554 3
1555 1
1556 2
1557 6
1558 1
1559 3
1560 1
1561 1
1562 2
1564 2
1565 1
1566 2
1567 1
1568 1
1570 2
1571 1
1572 1
1574 2
1576 1
1578 2
1579 2
1582 4
1584 5
1585 2
1586 3
1587 2
1588 1
1591 1
1593 4
1594 1
1595 3
1597 2
1599 1
1600 1
1602 2
1604 1
1605 3
1606 5
1607 1
1609 1
1610 1
1611 1
1612 2
1613 1
1614 3
1617 5
1618 6
1619 4
1620 2
1621 4
1624 3
1625 1
1627 1
1628 2
1629 2
1631 2
1634 1
1635 2
1637 3
1638 1
1639 1
1641 3
1642 1
1643 3
1644 1
1645 2
1646 2
1647 3
1648 4
1649 2
1650 2
1653 2
1655 1
1657 4
1658 1
1660 4
1661 2
1662 1
1663 1
1664 2
1666 1
1667 1
1668 1
1669 1
1670 2
1671 1
1672 1
1673 1
1674 1
1676 1
1677 1
1678 2
1680 4
1681 1
1682 2
1683 4
1685 1
1686 5
1688 3
1689 3
1690 4
1692 1
1695 1
1696 1
1697 3
1698 2
1699 1
1700 2
1701 4
1702 2
1703 2
1704 2
1705 2
1706 3
1707 2
1708 5
1709 2
1710 1
1711 5
1712 3
1713 1
1715 2
1716 3
1717 1
1718 3
1719 1
1721 3
1722 3
1724 2
1725 1
1726 3
1729 1
1730 2
1731 2
1732 3
1734 2
1736 2
1737 2
1738 1
1741 1
1745 2
1746 5
1747 1
1748 1
1750 1
1751 1
1752 1
1753 1
1754 4
1757 1
1758 1
1759 1
1760 2
1761 1
1763 1
1764 2
1765 1
1766 1
1767 1
1769 9
1770 2
1771 4
1775 1
1777 1
1778 1
1779 2
1780 3
1781 6
1782 5
1783 4
1784 2
1787 1
1788 1
1789 4
1791 2
1792 1
1793 1
1794 1
1798 6
1799 1
1800 1
1802 5
1803 3
1804 1
1806 2
1807 3
1808 2
1809 2
1810 1
1812 4
1813 1
1814 1
1820 2
1821 1
1822 2
1823 2
1824 2
1825 4
1826 3
1827 3
1829 1
1830 1
1832 1
1833 1
1834 2
1835 1
1836 2
1837 3
1838 1
1839 1
1840 3
1841 2
1844 1
1848 7
1849 2
1852 1
1854 2
1856 2
1857 4
1858 1
1859 1
1860 2
1861 1
1862 3
1863 3
1864 2
1865 1
1866 2
1867 1
1868 3
1869 1
1870 3
1871 1
1872 1
1873 1
1875 3
1877 1
1878 1
1880 3
1881 2
1882 2
1883 1
1886 2
1887 2
1890 1
1891 1
1892 1
1893 2
1894 3
1895 1
1899 3
1900 1
1902 2
1903 3
1904 1
1906 4
1907 4
1908 2
1909 1
1911 3
1912 1
1913 2
1914 2
1915 1
1916 1
1917 1
1919 1
1923 1
1924 3
1925 2
1928 1
1929 2
1932 2
1933 13
1934 1
1935 2
1936 1
1938 2
1940 1
1942 1
1947 1
1948 1
1949 1
1950 3
1951 3
1952 2
1953 5
1955 1
1957 1
1960 1
1962 2
1964 2
1965 2
1967 1
1969 4
1970 4
1971 3
1973 2
1978 2
1980 1
1982 2
1987 3
1988 3
1989 1
1991 1
1994 2
1997 14
1998 2
2000 2
2001 1
2002 2
2003 2
2004 3
2005 1
2007 3
2008 2
2010 1
2012 1
2015 1
2017 1
2018 1
2019 1
2020 2
2021 1
2026 2
2027 3
2028 1
2029 3
2030 3
2031 4
2033 2
2035 3
2038 2
2039 1
2040 5
2044 1
2046 2
2048 76
2050 1
2052 1
2053 2
2054 2
2058 1
2059 1
2060 5
2063 1
2065 1
2066 1
2069 3
2070 1
2071 1
2072 2
2074 1
2075 1
2078 1
2080 2
2081 2
2086 2
2087 2
2088 1
2089 2
2091 3
2092 1
2094 1
2096 3
2097 2
2100 2
2104 2
2105 1
2106 3
2109 2
2111 3
2112 2
2114 2
2116 2
2117 4
2119 1
2120 1
2122 2
2125 2
2126 3
2127 2
2128 1
2129 2
2130 1
2131 1
2132 1
2133 2
2134 2
2135 3
2136 1
2137 1
2138 1
2140 1
2141 1
2144 1
2146 1
2148 2
2149 1
2151 1
2152 2
2153 2
2156 3
2157 1
2158 2
2161 1
2163 2
2164 1
2165 5
2167 1
2168 2
2170 3
2171 2
2172 3
2174 2
2175 2
2177 2
2178 2
2181 2
2184 1
2185 1
2188 3
2191 1
2192 1
2195 3
2196 2
2197 1
2198 2
2200 1
2201 1
2202 2
2204 1
2205 1
2207 1
2209 2
2212 2
2213 3
2214 1
2216 5
2218 1
2221 1
2222 2
2223 1
2224 1
2226 1
2227 2
2230 1
2233 1
2234 1
2235 1
2237 1
2238 2
2239 1
2240 3
2243 1
2246 1
2248 3
2250 2
2251 1
2256 4
2257 1
2259 3
2260 3
2261 1
2262 1
2263 1
2264 1
2265 1
2267 3
2268 2
2269 2
2270 2
2272 1
2273 1
2274 1
2275 1
2277 2
2278 4
2279 2
2280 1
2282 1
2283 1
2284 2
2285 1
2287 2
2288 1
2289 2
2290 1
2291 2
2292 1
2295 2
2296 1
2297 1
2298 1
2299 3
2300 3
2301 2
2302 1
2303 5
2306 2
2315 2
2316 2
2319 1
2322 2
2323 1
2326 1
2331 3
2333 2
2334 3
2337 1
2339 2
2340 1
2343 2
2344 1
2346 2
2347 1
2348 2
2352 1
2353 6
2356 6
2357 1
2359 1
2361 2
2363 3
2366 1
2369 2
2371 1
2373 2
2374 1
2375 1
2376 1
2378 2
2379 3
2380 1
2381 1
2382 3
2385 3
2386 1
2387 2
2388 1
2389 1
2390 2
2392 2
2395 1
2396 5
2397 1
2399 2
2402 1
2403 1
2404 2
2405 1
2406 2
2407 3
2408 1
2409 1
2412 2
2413 1
2414 3
2415 1
2418 1
2423 2
2425 1
2426 1
2429 1
2432 2
2433 1
2434 2
2435 1
2437 2
2438 2
2442 2
2443 1
2445 4
2446 5
2451 2
2453 3
2454 1
2455 1
2457 1
2459 1
2460 3
2461 2
2462 1
2463 4
2464 1
2466 2
2470 4
2471 1
2472 2
2473 2
2474 3
2478 1
2482 1
2484 1
2485 1
2487 1
2488 2
2489 1
2492 1
2493 1
2494 1
2495 1
2496 3
2499 1
2500 1
2502 1
2503 1
2505 1
2506 1
2510 1
2513 2
2514 2
2516 2
2517 3
2519 1
2520 4
2521 1
2526 1
2527 1
2528 3
2529 2
2530 2
2535 5
2539 1
2541 1
2542 1
2543 5
2544 2
2545 3
2549 1
2550 1
2551 1
2552 2
2554 1
2555 1
2556 1
2559 2
2560 15
2561 4
2562 1
2563 1
2566 1
2567 1
2570 2
2571 1
2572 1
2573 2
2578 1
2579 1
2582 1
2583 3
2586 3
2590 4
2594 2
2595 1
2596 1
2597 1
2602 1
2606 1
2610 1
2611 1
2612 2
2613 1
2614 1
2615 1
2616 3
2617 1
2618 1
2620 1
2622 2
2623 1
2624 2
2625 1
2626 2
2627 2
2628 2
2629 1
2635 2
2637 1
2638 2
2640 4
2641 2
2642 1
2643 1
2644 2
2645 2
2647 2
2648 3
2649 2
2650 2
2651 2
2653 2
2654 1
2655 2
2656 2
2657 1
2660 3
2661 1
2662 2
2664 5
2665 4
2666 1
2667 1
2668 1
2670 2
2672 2
2673 1
2675 1
2678 4
2681 1
2682 1
2683 5
2685 1
2688 2
2689 2
2690 1
2691 1
2692 3
2694 1
2695 1
2700 2
2703 1
2705 1
2706 1
2709 1
2710 1
2711 3
2712 1
2713 2
2714 1
2716 1
2717 4
2718 4
2719 1
2722 1
2723 1
2725 1
2726 2
2727 1
2729 1
2730 3
2731 1
2732 1
2734 1
2736 1
2737 1
2738 3
2739 2
2741 4
2742 2
2744 1
2745 1
2746 1
2747 2
2750 2
2754 1
2755 1
2756 2
2758 1
2759 2
2760 1
2762 1
2763 1
2765 1
2766 2
2769 1
2770 1
2771 1
2772 1
2773 1
2774 1
2782 1
2784 2
2785 2
2786 2
2789 1
2790 1
2791 2
2793 2
2794 2
2795 1
2796 2
2799 2
2801 2
2802 3
2807 2
2808 1
2810 1
2812 3
2813 1
2814 1
2816 3
2817 1
2819 2
2821 2
2822 1
2832 1
2833 4
2834 4
2836 1
2837 1
2838 1
2839 2
2840 1
2845 2
2846 1
2849 1
2850 2
2852 2
2853 2
2854 3
2855 1
2856 2
2857 1
2858 4
2860 1
2862 1
2865 1
2867 1
2868 2
2871 4
2872 2
2874 1
2876 1
2877 1
2878 2
2880 1
2883 1
2884 4
2886 2
2888 2
2891 3
2893 1
2895 2
2898 1
2902 1
2904 1
2906 2
2907 2
2909 1
2912 1
2913 2
2914 1
2915 2
2916 2
2917 1
2918 1
2921 1
2928 1
2929 1
2930 1
2931 1
2932 2
2935 2
2939 2
2940 3
2941 1
2942 1
2943 1
2944 1
2945 1
2946 1
2947 1
2948 2
2951 1
2953 1
2955 1
2956 1
2957 1
2959 5
2961 1
2963 1
2964 2
2965 1
2966 1
2967 1
2969 2
2971 1
2972 2
2973 1
2974 4
2977 1
2978 1
2980 1
2982 1
2984 2
2987 1
2988 1
2990 2
2991 2
2992 2
2993 3
2994 3
2995 3
2996 1
2998 2
2999 1
3000 3
3001 1
3002 1
3003 1
3005 4
3008 1
3010 1
3016 1
3017 3
3020 1
3027 3
3028 1
3031 3
3032 1
3033 1
3034 1
3035 1
3036 1
3039 1
3046 1
3048 1
3053 1
3054 1
3055 1
3056 2
3057 1
3058 1
3059 2
3064 1
3065 3
3067 1
3070 1
3071 2
3072 30
3075 2
3077 1
3078 2
3081 3
3082 2
3083 6
3085 1
3088 1
3089 1
3090 3
3091 1
3094 1
3095 1
3096 1
3099 1
3100 1
3101 1
3103 1
3109 1
3110 2
3113 1
3114 1
3115 1
3116 2
3117 1
3118 1
3119 2
3120 1
3121 1
3123 1
3124 1
3125 1
3132 1
3133 1
3135 1
3139 1
3140 2
3142 1
3145 3
3147 1
3148 2
3149 4
3151 2
3153 2
3155 1
3156 2
3157 1
3159 2
3160 2
3161 2
3162 1
3164 1
3165 1
3166 1
3169 1
3170 2
3176 1
3177 1
3181 1
3182 1
3183 1
3184 4
3187 3
3188 1
3189 1
3191 1
3195 2
3197 1
3198 1
3199 3
3200 2
3203 3
3204 1
3207 1
3208 1
3209 6
3210 1
3214 2
3215 2
3217 2
3219 4
3220 1
3221 1
3223 1
3224 1
3225 3
3226 1
3228 1
3238 3
3241 1
3243 1
3244 4
3245 2
3246 1
3248 1
3249 1
3252 1
3256 1
3257 1
3258 1
3259 1
3260 1
3261 5
3263 1
3264 4
3265 1
3266 3
3268 1
3270 1
3271 2
3272 1
3275 2
3276 1
3278 1
3279 1
3281 1
3282 2
3283 1
3284 4
3286 2
3287 1
3289 2
3292 1
3293 2
3294 2
3295 2
3297 1
3298 1
3300 1
3305 2
3309 1
3310 1
3314 1
3321 1
3325 1
3331 2
3332 2
3333 2
3335 2
3336 1
3337 1
3343 1
3346 1
3347 2
3348 2
3349 1
3354 1
3355 2
3356 1
3357 3
3359 1
3360 3
3361 1
3363 1
3365 1
3366 2
3367 1
3370 1
3371 1
3376 1
3377 1
3378 1
3379 1
3382 1
3383 1
3385 3
3389 2
3391 1
3393 1
3395 2
3396 1
3397 1
3400 1
3401 1
3402 1
3403 2
3405 1
3406 2
3408 2
3409 1
3410 2
3412 3
3415 3
3416 2
3417 1
3418 1
3419 1
3420 2
3428 1
3429 1
3430 2
3432 3
3434 1
3440 1
3443 2
3444 1
3450 1
3452 1
3453 7
3454 1
3456 1
3457 2
3458 1
3461 1
3462 1
3464 1
3472 1
3474 1
3475 1
3478 1
3481 1
3483 3
3484 1
3487 1
3489 4
3491 1
3492 2
3496 1
3498 2
3505 3
3506 2
3507 1
3508 1
3509 1
3510 1
3511 1
3515 2
3516 2
3517 1
3518 1
3521 1
3526 1
3528 1
3529 1
3531 1
3532 3
3533 1
3534 1
3535 3
3540 1
3541 2
3542 1
3544 2
3547 4
3548 2
3550 1
3552 2
3555 1
3557 2
3559 1
3564 2
3565 2
3566 1
3567 2
3569 1
3570 1
3571 1
3572 1
3573 1
3574 1
3576 2
3577 1
3578 3
3581 1
3583 1
3584 7
3585 2
3588 2
3589 2
3592 3
3593 1
3595 1
3598 1
3601 3
3602 3
3606 3
3607 3
3611 1
3613 1
3616 2
3617 1
3618 1
3619 1
3620 2
3621 1
3622 3
3623 1
3626 2
3629 1
3630 3
3631 3
3633 2
3637 1
3642 1
3643 1
3644 3
3646 3
3647 1
3651 2
3652 1
3656 3
3657 2
3659 1
3662 1
3666 1
3668 4
3671 2
3672 1
3674 2
3675 2
3676 1
3678 1
3679 1
3680 1
3681 1
3683 1
3684 1
3685 1
3686 1
3687 1
3688 1
3692 3
3693 2
3694 1
3698 2
3700 3
3702 1
3705 1
3707 1
3708 1
3709 2
3710 1
3711 1
3713 1
3715 2
3718 2
3719 2
3720 2
3722 2
3723 1
3724 1
3726 1
3727 1
3728 3
3730 1
3735 4
3739 1
3740 2
3741 1
3744 2
3745 1
3746 1
3747 2
3748 3
3749 1
3752 1
3755 1
3756 2
3760 1
3761 1
3765 1
3766 1
3769 2
3770 2
3771 1
3773 2
3776 1
3777 1
3778 1
3779 2
3783 1
3787 1
3789 1
3791 2
3793 1
3794 2
3795 2
3796 1
3799 1
3800 3
3801 1
3802 1
3803 1
3804 3
3808 7
3809 1
3812 10
3813 2
3816 5
3818 1
3820 8
3822 2
3823 2
3824 11
3826 3
3827 1
3828 6
3830 3
3832 3
3833 1
3834 2
3835 3
3836 2
3838 1
3839 1
3840 2
3841 1
3842 4
3843 1
3844 2
3849 1
3855 1
3856 1
3857 1
3863 3
3864 1
3867 1
3873 2
3877 1
3879 1
3883 2
3887 1
3890 2
3893 1
3894 1
3895 1
3896 1
3898 1
3899 1
3901 2
3904 1
3905 1
3906 2
3909 1
3912 3
3916 1
3917 3
3920 2
3926 1
3930 1
3932 1
3936 1
3937 1
3938 1
3941 2
3942 2
3943 2
3944 1
3945 1
3948 1
3949 2
3951 1
3952 1
3955 2
3956 1
3958 1
3961 2
3964 1
3970 2
3971 1
3972 2
3973 1
3974 1
3979 1
3980 1
3983 3
3987 1
3995 2
3998 1
3999 2
4000 2
4006 2
4013 1
4014 1
4016 1
4017 1
4023 2
4024 1
4025 1
4027 1
4030 4
4032 1
4035 1
4036 1
4037 1
4040 1
4044 2
4049 2
4050 1
4052 4
4053 4
4058 1
4059 1
4060 2
4063 1
4064 1
4067 1
4068 1
4070 1
4072 1
4074 1
4080 2
4081 1
4082 3
4083 2
4084 2
4085 1
4087 1
4089 2
4090 1
4091 5
4092 1
4095 1
4096 9
4098 2
4099 1
4106 1
4109 1
4111 2
4112 1
4115 1
4117 1
4119 1
4120 1
4124 2
4125 1
4126 6
4127 1
4128 2
4129 1
4130 1
4135 1
4136 2
4137 1
4139 2
4141 1
4148 1
4152 2
4154 1
4155 2
4156 1
4158 1
4161 1
4164 2
4166 1
4168 2
4171 1
4172 1
4173 2
4174 1
4176 1
4177 1
4179 2
4185 2
4188 1
4189 1
4192 1
4194 1
4195 2
4196 1
4197 2
4202 1
4203 1
4204 4
4205 1
4206 2
4209 1
4210 1
4212 1
4213 1
4220 2
4222 1
4227 1
4229 1
4232 1
4234 2
4240 1
4253 1
4255 1
4257 1
4259 1
4260 2
4262 1
4265 1
4267 1
4268 1
4270 1
4271 1
4272 1
4273 1
4274 1
4275 4
4281 1
4282 1
4284 2
4285 1
4288 2
4290 1
4291 1
4293 1
4296 1
4297 2
4298 1
4299 1
4300 1
4301 5
4303 1
4304 1
4308 3
4311 1
4312 2
4314 3
4320 2
4325 1
4326 2
4327 2
4329 2
4330 1
4331 2
4332 1
4333 1
4334 1
4337 1
4340 1
4341 5
4342 2
4343 1
4345 1
4346 1
4347 1
4348 2
4349 1
4351 1
4356 2
4358 1
4364 2
4365 1
4367 1
4369 3
4370 1
4374 1
4377 1
4380 2
4382 1
4388 1
4389 1
4390 1
4393 1
4394 1
4399 1
4402 1
4405 2
4407 1
4409 1
4410 3
4413 2
4416 2
4418 5
4420 2
4421 3
4423 2
4424 1
4425 1
4429 2
4431 3
4433 1
4440 3
4443 1
4445 1
4446 1
4448 2
4453 1
4457 1
4460 1
4464 2
4468 1
4471 1
4472 1
4474 1
4476 1
4477 1
4478 1
4479 2
4480 2
4481 1
4483 2
4486 1
4487 1
4488 2
4489 1
4490 1
4491 1
4493 2
4495 1
4496 2
4497 2
4498 1
4500 2
4501 1
4502 1
4504 2
4505 2
4506 2
4509 1
4510 1
4513 1
4516 1
4517 1
4520 1
4524 1
4525 1
4532 2
4533 1
4535 1
4536 1
4540 2
4541 1
4542 1
4544 1
4545 1
4548 2
4550 1
4551 1
4552 1
4555 2
4556 2
4559 2
4563 1
4564 1
4565 1
4569 1
4576 2
4579 1
4581 1
4584 9
4585 1
4589 1
4592 1
4593 2
4596 2
4597 1
4600 3
4603 1
4606 1
4608 8
4609 1
4614 1
4616 1
4618 1
4619 1
4633 1
4635 1
4637 1
4638 1
4639 1
4640 1
4646 3
4650 1
4652 1
4656 1
4657 1
4659 1
4663 1
4664 1
4666 1
4669 2
4673 1
4681 1
4684 1
4686 1
4687 1
4692 2
4693 2
4694 1
4696 1
4701 1
4703 2
4709 1
4710 3
4711 1
4712 1
4714 2
4715 2
4716 2
4718 1
4721 1
4722 1
4724 1
4727 1
4728 2
4729 1
4730 1
4731 1
4734 2
4735 2
4736 2
4737 2
4738 3
4739 1
4740 1
4741 1
4742 3
4743 1
4745 1
4746 1
4747 2
4749 2
4750 1
4752 8
4754 1
4755 1
4757 2
4759 1
4761 1
4763 2
4764 1
4765 2
4767 1
4769 2
4771 1
4772 1
4779 2
4781 1
4784 1
4786 2
4790 3
4791 1
4793 2
4795 1
4796 5
4801 1
4802 1
4816 1
4821 2
4839 1
4841 1
4842 2
4843 1
4846 2
4847 3
4848 1
4851 1
4854 1
4855 2
4856 1
4860 1
4861 1
4864 1
4865 3
4869 1
4871 2
4875 1
4879 1
4883 2
4886 2
4894 1
4895 1
4898 1
4899 1
4905 1
4910 1
4912 1
4914 1
4916 1
4918 2
4920 1
4922 1
4923 1
4924 1
4925 1
4931 1
4933 1
4936 1
4937 3
4938 1
4939 1
4940 2
4943 1
4946 1
4948 2
4952 1
4953 1
4956 2
4957 1
4960 4
4962 2
4970 1
4971 1
4972 1
4973 1
4974 1
4975 1
4976 3
4978 1
4980 1
4981 2
4983 1
4986 1
4987 1
4989 3
4992 1
4995 1
4996 1
5000 3
5001 1
5006 1
5009 1
5014 1
5018 1
5026 2
5027 1
5028 1
5029 1
5030 4
5031 1
5032 2
5033 1
5034 1
5038 1
5043 2
5045 1
5046 3
5047 3
5048 1
5050 1
5054 2
5056 2
5057 2
5059 2
5063 1
5065 1
5067 2
5068 1
5071 1
5072 2
5077 1
5078 2
5079 1
5082 1
5083 1
5084 1
5087 1
5089 1
5091 2
5093 3
5096 1
5099 1
5101 1
5102 1
5108 1
5112 2
5116 2
5117 1
5120 4
5121 1
5126 1
5127 1
5128 1
5135 2
5137 1
5142 1
5143 2
5144 3
5146 2
5147 2
5148 1
5149 2
5154 1
5155 1
5156 1
5158 1
5159 1
5165 2
5168 2
5170 1
5173 1
5177 2
5179 1
5180 1
5181 1
5182 1
5183 1
5184 1
5189 1
5194 1
5195 1
5198 2
5200 5
5201 1
5202 1
5203 2
5206 2
5210 1
5216 1
5218 1
5219 1
5220 1
5222 2
5223 2
5224 1
5229 2
5231 2
5234 1
5235 4
5238 1
5239 1
5241 1
5244 3
5246 1
5249 1
5251 1
5253 1
5255 1
5257 2
5260 2
5262 1
5265 1
5266 2
5269 1
5272 1
5275 2
5277 1
5280 2
5283 1
5284 1
5288 1
5294 1
5298 1
5300 1
5302 1
5303 1
5304 2
5305 2
5306 1
5308 1
5314 1
5315 1
5316 1
5317 1
5320 1
5322 1
5324 2
5325 2
5327 1
5329 3
5330 1
5331 1
5332 1
5333 1
5342 1
5344 1
5347 1
5350 2
5353 1
5354 1
5356 1
5362 1
5364 1
5369 2
5370 1
5376 2
5377 1
5378 1
5379 3
5386 2
5390 2
5391 1
5393 1
5397 2
5398 1
5399 1
5402 1
5403 1
5406 1
5408 1
5412 2
5413 1
5424 1
5432 2
5434 1
5437 2
5440 1
5443 1
5447 2
5448 1
5451 1
5452 2
5453 1
5455 1
5457 1
5458 2
5459 1
5461 2
5462 2
5464 3
5468 1
5473 1
5474 1
5476 2
5479 1
5484 4
5485 1
5486 1
5490 1
5492 1
5493 2
5494 1
5495 1
5496 1
5500 1
5505 1
5506 1
5508 1
5511 1
5513 1
5514 1
5516 1
5517 1
5519 2
5521 1
5526 1
5529 1
5530 1
5538 1
5541 1
5542 2
5544 2
5547 1
5549 1
5550 1
5559 1
5562 1
5567 1
5568 1
5572 1
5578 1
5580 1
5581 1
5584 5
5585 1
5586 1
5590 1
5591 2
5592 1
5594 3
5595 1
5596 2
5598 2
5602 3
5603 2
5606 2
5607 1
5609 1
5610 1
5611 1
5616 3
5617 1
5619 1
5620 1
5622 3
5623 2
5627 1
5628 1
5630 1
5631 1
5632 3
5636 2
5637 3
5644 1
5646 1
5647 1
5649 1
5655 2
5659 1
5661 1
5667 1
5668 1
5671 3
5673 1
5674 2
5675 1
5676 1
5677 1
5678 2
5679 1
5680 1
5689 1
5690 1
5692 1
5693 2
5695 1
5696 3
5697 1
5699 1
5704 3
5707 2
5708 1
5714 1
5716 1
5718 3
5723 1
5724 1
5727 1
5736 1
5741 1
5742 1
5747 1
5751 2
5757 1
5761 1
5762 1
5764 1
5766 1
5768 2
5771 1
5774 1
5775 1
5778 1
5779 1
5781 1
5784 1
5785 1
5787 1
5788 1
5790 1
5792 1
5794 2
5797 1
5799 1
5808 1
5814 2
5815 1
5818 2
5821 1
5823 1
5824 1
5831 1
5833 1
5835 1
5837 1
5838 1
5840 1
5842 1
5844 1
5850 1
5851 2
5855 1
5856 1
5858 1
5860 1
5865 1
5866 1
5868 1
5869 2
5870 2
5876 2
5878 1
5879 1
5883 1
5886 3
5889 1
5890 1
5898 1
5904 1
5905 1
5906 2
5907 2
5909 2
5917 1
5919 1
5926 2
5927 1
5930 1
5935 3
5936 2
5937 1
5938 1
5941 1
5942 1
5944 1
5945 1
5949 1
5950 1
5952 1
5953 2
5954 1
5956 1
5962 2
5967 1
5975 1
5977 2
5980 1
5981 2
5982 1
5990 1
5992 1
5994 1
5996 1
5997 1
5999 1
6004 1
6013 1
6014 1
6019 1
6021 1
6022 2
6024 1
6025 2
6027 1
6028 1
6030 1
6033 1
6034 2
6035 2
6049 1
6050 1
6052 1
6054 3
6055 2
6056 1
6061 1
6068 1
6069 1
6077 1
6082 2
6090 1
6092 1
6094 1
6095 1
6100 1
6101 1
6111 2
6112 2
6113 2
6115 1
6116 2
6120 1
6122 1
6123 2
6125 1
6127 1
6136 1
6138 1
6141 1
6142 1
6143 1
6144 5
6145 1
6146 4
6155 1
6156 1
6164 1
6166 1
6167 1
6171 1
6175 1
6181 1
6184 2
6188 1
6193 2
6195 1
6201 2
6204 1
6210 1
6218 1
6222 1
6226 1
6227 1
6235 1
6239 1
6240 2
6241 2
6242 2
6243 1
6245 1
6246 2
6247 1
6249 1
6255 1
6256 1
6258 1
6261 1
6262 1
6264 3
6265 2
6267 1
6268 2
6272 3
6273 2
6274 1
6275 1
6278 3
6282 1
6285 1
6292 1
6294 1
6299 1
6300 3
6304 2
6311 2
6312 1
6313 1
6318 1
6325 2
6327 1
6328 1
6330 1
6331 1
6336 2
6339 1
6340 1
6341 1
6343 3
6345 1
6346 1
6347 2
6348 1
6354 1
6356 2
6358 1
6361 1
6362 2
6371 1
6373 1
6375 3
6377 1
6378 1
6380 2
6382 1
6384 1
6390 1
6400 2
6402 1
6409 1
6412 1
6415 2
6417 2
6420 1
6424 1
6430 1
6432 2
6437 1
6438 4
6439 3
6440 2
6443 1
6446 1
6449 1
6450 1
6451 1
6453 2
6454 1
6456 2
6458 1
6462 1
6463 1
6466 1
6470 1
6475 1
6478 1
6485 2
6488 1
6494 1
6495 1
6504 3
6508 1
6510 1
6515 2
6516 2
6520 1
6524 1
6526 1
6536 1
6537 1
6556 1
6557 1
6558 1
6560 1
6564 1
6567 1
6568 1
6575 2
6577 1
6582 1
6583 4
6592 2
6594 2
6595 1
6598 1
6603 1
6604 1
6605 4
6610 3
6611 1
6613 1
6618 1
6620 1
6621 1
6624 2
6627 1
6628 4
6630 2
6632 2
6636 3
6637 1
6638 1
6639 1
6640 4
6644 6
6645 1
6648 3
6649 1
6650 2
6652 7
6654 2
6656 4
6659 1
6660 4
6664 4
6666 1
6668 4
6670 1
6672 4
6673 1
6676 7
6681 1
6682 2
6684 1
6689 1
6691 2
6692 1
6695 2
6697 1
6698 1
6699 2
6700 1
6702 1
6707 2
6708 2
6717 2
6720 1
6732 1
6735 1
6737 1
6738 1
6744 1
6758 1
6760 1
6762 1
6763 2
6765 2
6769 1
6773 3
6774 2
6775 1
6781 1
6784 2
6786 2
6787 1
6789 1
6792 1
6794 2
6796 2
6801 1
6803 1
6809 2
6815 1
6817 1
6820 1
6825 1
6829 1
6831 1
6832 1
6833 1
6834 2
6836 1
6837 1
6838 1
6841 1
6850 1
6852 1
6858 1
6861 2
6865 2
6866 1
6868 1
6870 4
6871 1
6874 1
6876 1
6880 1
6884 1
6890 1
6893 2
6894 1
6899 1
6903 3
6905 1
6907 1
6908 1
6909 1
6910 1
6917 1
6918 2
6924 1
6926 1
6927 1
6931 1
6932 1
6936 1
6953 1
6960 2
6964 1
6967 2
6968 3
6970 2
6972 1
6982 2
7004 1
7005 1
7009 1
7010 1
7011 1
7012 1
7017 1
7018 1
7020 1
7021 5
7023 1
7024 1
7025 1
7030 1
7034 1
7044 3
7047 1
7048 1
7051 1
7055 1
7058 1
7066 1
7068 2
7071 2
7073 1
7079 1
7083 5
7089 1
7090 1
7091 1
7093 1
7094 2
7095 1
7103 1
7115 1
7117 2
7123 3
7127 1
7129 1
7130 2
7133 3
7135 1
7137 1
7139 1
7141 1
7144 1
7145 1
7146 1
7149 1
7150 2
7155 2
7156 1
7157 1
7161 1
7165 1
7167 1
7168 2
7172 1
7177 2
7179 1
7185 2
7187 1
7188 1
7189 3
7194 1
7195 1
7197 1
7198 1
7217 1
7222 1
7227 1
7232 2
7234 1
7236 1
7253 1
7255 1
7259 1
7260 1
7264 3
7272 2
7273 1
7277 1
7278 2
7283 1
7284 1
7285 2
7288 1
7290 1
7291 1
7292 1
7296 1
7299 1
7305 1
7312 2
7316 1
7317 2
7325 1
7331 1
7332 1
7334 1
7337 4
7338 2
7342 1
7344 1
7345 1
7348 1
7349 1
7351 1
7352 1
7359 1
7363 1
7364 1
7366 1
7370 1
7376 3
7380 1
7381 2
7390 1
7391 6
7396 1
7397 1
7400 1
7406 1
7408 2
7409 2
7421 2
7424 1
7430 1
7433 1
7436 4
7437 2
7440 1
7445 1
7446 2
7449 1
7456 2
7459 1
7468 1
7471 1
7473 2
7476 1
7488 1
7493 1
7495 1
7497 1
7498 1
7501 1
7502 1
7504 1
7509 1
7515 1
7517 1
7523 2
7524 1
7527 3
7532 1
7538 2
7539 1
7542 1
7543 2
7544 3
7546 2
7547 2
7549 1
7551 1
7555 1
7557 1
7558 1
7559 2
7560 1
7561 1
7576 1
7578 2
7579 1
7580 1
7585 1
7588 1
7590 1
7597 1
7609 1
7610 1
7611 2
7614 1
7616 2
7618 1
7625 1
7643 8
7644 3
7649 1
7653 1
7657 2
7662 1
7663 1
7668 1
7669 1
7670 2
7673 1
7676 1
7680 7
7684 1
7685 2
7689 2
7693 1
7701 1
7704 1
7706 1
7710 2
7711 1
7713 2
7720 1
7721 1
7722 1
7724 1
7728 1
7735 1
7744 1
7746 1
7750 1
7755 1
7768 1
7775 1
7778 1
7779 1
7793 2
7799 1
7800 1
7802 1
7811 1
7813 1
7815 1
7819 1
7822 1
7824 1
7825 1
7826 1
7836 2
7842 1
7846 3
7856 1
7858 1
7864 1
7866 1
7867 2
7872 1
7873 1
7874 1
7878 1
7881 2
7886 2
7890 1
7891 1
7892 1
7900 1
7905 1
7916 1
7929 1
7932 4
7936 2
7950 1
7951 2
7952 1
7953 1
7956 1
7957 1
7958 1
7960 3
7961 1
7970 2
7979 1
7980 1
7981 1
7982 1
7984 2
7986 1
7989 3
7999 1
8003 2
8004 1
8016 1
8025 2
8027 1
8030 1
8048 1
8049 3
8053 1
8056 1
8057 1
8059 1
8062 1
8063 1
8065 1
8068 2
8070 1
8071 1
8076 1
8078 1
8079 1
8080 1
8082 1
8093 1
8094 1
8096 2
8103 1
8105 1
8106 1
8109 2
8110 3
8111 1
8112 3
8115 3
8117 1
8123 2
8132 1
8133 1
8134 1
8140 1
8141 1
8146 1
8151 1
8153 1
8154 1
8157 1
8160 2
8168 1
8170 2
8174 1
8180 1
8184 1
8189 1
8192 9
8214 1
8221 1
8240 1
8266 1
8269 1
8282 1
8285 1
8290 1
8293 2
8301 2
8312 1
8321 2
8326 1
8329 1
8333 1
8336 1
8343 1
8345 5
8346 1
8349 1
8354 1
8358 1
8365 2
8368 1
8373 2
8375 2
8382 2
8387 1
8390 1
8393 1
8395 1
8397 1
8402 2
8403 1
8408 2
8413 1
8416 3
8426 1
8427 1
8431 2
8439 3
8442 1
8445 1
8448 2
8449 1
8450 1
8454 1
8458 1
8460 1
8462 1
8464 1
8473 1
8474 3
8480 1
8483 2
8487 1
8490 1
8491 1
8494 1
8501 1
8502 1
8506 3
8508 1
8510 1
8514 1
8520 1
8522 1
8524 1
8533 1
8537 2
8538 2
8540 1
8548 1
8549 1
8550 1
8564 1
8566 1
8568 1
8571 1
8593 2
8594 1
8601 1
8603 1
8605 1
8611 1
8613 2
8616 1
8622 1
8623 1
8630 1
8635 1
8640 1
8646 1
8647 1
8656 1
8661 1
8668 1
8680 1
8681 1
8688 1
8689 1
8699 1
8701 1
8702 2
8704 3
8705 1
8709 1
8715 1
8716 1
8718 1
8725 1
8735 1
8737 3
8749 1
8750 2
8753 2
8770 1
8779 1
8792 1
8795 1
8798 1
8800 1
8807 1
8808 1
8821 1
8823 2
8826 1
8835 1
8836 1
8839 1
8844 1
8846 1
8849 7
8852 2
8857 1
8867 1
8868 1
8871 1
8879 1
8880 4
8885 1
8894 1
8899 1
8902 1
8912 2
8915 1
8916 1
8918 1
8922 1
8924 2
8926 1
8930 1
8937 1
8949 1
8956 1
8960 2
8961 2
8965 1
8979 1
8989 1
8991 1
8994 1
8995 1
9000 1
9003 1
9009 2
9041 1
9056 1
9063 4
9069 1
9072 2
9075 1
9081 2
9082 1
9084 2
9087 3
9088 1
9090 2
9093 4
9095 1
9096 1
9099 1
9102 2
9104 2
9105 1
9106 2
9107 1
9109 2
9112 2
9113 1
9115 1
9116 1
9122 2
9137 1
9138 1
9140 1
9153 1
9167 1
9169 1
9172 2
9194 1
9199 1
9203 1
9207 2
9215 1
9216 4
9218 1
9238 1
9239 2
9240 2
9245 1
9248 1
9251 1
9266 1
9284 1
9289 2
9290 1
9297 1
9299 1
9303 1
9314 1
9329 1
9344 1
9351 1
9353 1
9359 1
9360 1
9363 1
9364 1
9374 1
9375 1
9380 1
9386 1
9397 1
9404 2
9414 1
9419 1
9420 1
9424 1
9433 2
9442 1
9447 1
9450 1
9451 1
9462 1
9467 1
9470 1
9492 1
9494 1
9497 1
9498 1
9501 1
9502 1
9503 1
9506 1
9507 2
9508 1
9518 1
9523 1
9528 1
9531 1
9540 1
9543 1
9545 1
9552 1
9554 1
9559 1
9568 1
9571 1
9584 1
9586 1
9607 1
9617 1
9625 1
9633 1
9634 1
9636 1
9639 1
9643 1
9648 1
9654 1
9655 1
9670 1
9671 2
9676 1
9692 1
9699 1
9703 1
9711 1
9717 1
9724 1
9727 1
9728 6
9729 1
9733 1
9735 2
9739 1
9746 1
9747 1
9749 1
9754 1
9768 2
9776 1
9779 1
9792 1
9801 1
9806 1
9817 1
9827 2
9829 2
9832 1
9836 1
9840 1
9851 1
9856 1
9863 1
9874 1
9886 3
9889 11
9892 2
9895 2
9898 4
9900 2
9901 2
9904 2
9907 2
9908 2
9910 1
9915 1
9919 1
9939 1
9941 2
9943 1
9956 1
9963 1
9964 1
9973 1
9975 2
9983 1
9984 1
9989 1
9990 1
10003 1
10008 1
10015 2
10017 1
10018 1
10036 1
10042 1
10044 1
10047 1
10054 1
10070 1
10072 1
10081 2
10083 1
10091 2
10093 1
10095 2
10099 1
10103 1
10112 1
10130 1
10135 1
10142 1
10151 2
10156 1
10163 1
10165 1
10173 1
10175 1
10184 1
10186 2
10187 1
10188 1
10194 1
10195 1
10201 1
10211 3
10214 1
10218 1
10223 2
10224 1
10228 1
10232 1
10236 1
10237 1
10240 23
10242 1
10246 1
10252 1
10267 2
10281 1
10288 1
10292 2
10294 3
10295 1
10302 1
10304 1
10305 1
10306 1
10315 1
10318 1
10341 4
10353 1
10361 1
10367 2
10372 1
10373 2
10377 1
10378 1
10384 1
10387 2
10410 1
10418 1
10419 2
10426 1
10431 1
10437 1
10445 2
10466 1
10469 1
10484 1
10486 1
10493 1
10498 1
10505 1
10513 1
10530 1
10534 2
10540 1
10546 1
10551 1
10556 1
10559 1
10572 1
10582 1
10588 2
10610 2
10614 1
10625 1
10640 1
10643 1
10644 1
10653 1
10656 1
10666 1
10670 1
10671 1
10686 1
10710 1
10719 1
10723 1
10733 1
10736 1
10743 2
10746 1
10752 2
10756 1
10764 1
10765 1
10766 1
10768 2
10769 1
10779 1
10794 1
10804 1
10805 1
10810 1
10819 1
10820 1
10827 1
10833 1
10835 1
10836 1
10847 2
10850 1
10864 1
10890 1
10893 1
10900 1
10921 1
10924 2
10926 1
10930 3
10931 4
10932 1
10933 4
10934 1
10935 1
10936 3
10937 3
10938 4
10939 4
10940 8
10941 6
10942 16
10943 10
10944 2
10947 1
10949 1
10951 1
10953 3
10954 1
10963 1
10966 2
10967 2
10973 1
10979 2
10991 1
10992 1
10993 2
10996 1
11009 1
11020 1
11024 1
11048 1
11049 1
11061 2
11062 1
11070 1
11096 1
11100 2
11102 1
11103 1
11105 2
11106 1
11109 1
11123 1
11127 1
11136 1
11142 3
11145 2
11146 1
11149 2
11152 1
11153 1
11156 1
11160 1
11161 1
11168 1
11169 1
11170 1
11193 1
11209 1
11220 1
11228 1
11241 1
11249 1
11256 2
11264 3
11267 1
11269 1
11303 1
11307 1
11341 1
11346 1
11353 1
11390 1
11394 1
11405 1
11408 1
11419 2
11420 1
11421 1
11447 3
11448 1
11457 1
11460 1
11475 1
11476 1
11483 2
11502 1
11505 2
11508 2
11520 1
11541 1
11553 1
11559 1
11563 1
11571 1
11580 1
11592 1
11601 1
11611 2
11618 1
11624 2
11625 1
11643 1
11659 1
11668 1
11674 1
11677 1
11679 1
11681 1
11688 1
11691 1
11692 1
11706 1
11720 2
11729 1
11732 1
11736 4
11741 1
11749 1
11771 1
11803 1
11806 3
11826 1
11827 1
11829 2
11852 1
11858 1
11867 1
11882 1
11905 1
11913 1
11922 1
11924 2
11925 1
11927 1
11933 1
11950 1
11957 1
11964 1
11967 1
11968 1
11988 1
12012 1
12013 1
12064 1
12072 1
12089 1
12097 1
12105 1
12110 1
12111 3
12127 1
12145 1
12147 1
12149 1
12166 1
12185 2
12189 1
12195 1
12196 2
12205 1
12214 1
12217 1
12232 1
12234 1
12248 2
12261 1
12288 1
12293 1
12296 1
12301 1
12310 1
12311 1
12314 1
12317 1
12324 1
12327 1
12328 1
12334 1
12360 1
12365 3
12377 1
12381 1
12382 3
12408 1
12413 1
12416 1
12424 2
12430 1
12443 1
12453 1
12460 1
12462 1
12467 1
12485 1
12487 1
12488 1
12494 2
12495 4
12512 1
12522 2
12525 1
12528 2
12547 1
12548 1
12563 1
12582 1
12589 1
12597 1
12608 1
12612 1
12619 1
12622 2
12635 1
12639 1
12641 1
12644 1
12667 1
12677 1
12689 1
12699 1
12701 4
12705 2
12715 2
12719 1
12720 1
12744 1
12750 1
12758 1
12761 1
12785 1
12786 2
12790 1
12793 2
12798 1
12821 1
12840 2
12847 1
12852 1
12862 2
12866 1
12867 1
12874 2
12878 1
12920 2
12935 1
12941 1
12949 1
12975 1
12981 1
12983 1
12990 1
13006 1
13013 1
13021 1
13023 1
13048 1
13065 1
13100 1
13120 1
13123 1
13127 1
13138 1
13140 1
13166 1
13169 2
13192 1
13195 1
13208 1
13245 2
13255 1
13261 1
13284 1
13298 1
13312 11
13329 1
13339 1
13352 1
13356 1
13359 1
13360 1
13373 1
13391 1
13400 1
13403 1
13410 1
13434 1
13460 1
13462 1
13492 1
13538 1
13541 1
13554 1
13556 1
13557 1
13569 1
13576 1
13577 2
13589 1
13618 1
13659 1
13685 3
13689 1
13695 1
13759 1
13762 1
13765 1
13795 1
13800 1
13804 2
13812 1
13826 1
13863 1
13865 1
13878 1
13898 2
13906 2
13909 1
13912 1
13930 2
13943 1
13946 2
13949 1
13966 1
14009 1
14011 1
14035 1
14082 1
14102 2
14105 1
14111 1
14117 2
14131 1
14136 1
14148 1
14166 1
14168 1
14190 1
14194 1
14212 1
14226 1
14231 1
14242 2
14250 1
14264 1
14266 1
14271 4
14272 3
14286 1
14297 1
14313 2
14314 1
14336 9
14341 1
14364 1
14378 1
14395 2
14425 1
14439 1
14446 1
14455 1
14460 1
14529 1
14541 1
14551 1
14556 1
14598 1
14600 1
14608 1
14629 1
14648 1
14653 1
14674 1
14678 1
14681 1
14708 4
14720 1
14736 1
14753 2
14787 2
14801 1
14813 3
14823 5
14843 2
14848 1
14872 2
14873 1
14880 1
14886 1
14944 2
14951 1
14972 2
14979 1
15001 1
15051 1
15077 1
15114 1
15152 1
15212 1
15232 1
15261 1
15264 1
15267 1
15277 1
15278 1
15300 1
15308 2
15311 2
15316 1
15333 1
15336 1
15353 2
15360 3
15366 1
15371 1
15403 1
15413 1
15416 1
15441 2
15469 1
15481 1
15492 1
15523 1
15531 1
15581 1
15612 1
15614 1
15622 1
15624 1
15635 1
15643 1
15652 2
15658 1
15677 1
15679 1
15699 1
15714 1
15723 1
15737 1
15742 1
15746 1
15748 1
15751 1
15759 1
15780 1
15787 1
15789 2
15800 1
15808 1
15811 1
15814 2
15817 1
15824 1
15839 1
15840 1
15842 1
15851 1
15856 1
15901 1
15920 3
15944 1
15955 1
16006 1
16021 1
16031 1
16033 1
16069 1
16089 1
16113 1
16149 2
16168 1
16189 2
16201 1
16202 2
16215 1
16222 2
16252 2
16254 1
16259 1
16294 1
16298 1
16301 3
16303 1
16309 1
16316 1
16319 2
16326 1
16370 1
16377 1
16384 59
16385 1
16386 1
16392 1
16397 1
16401 1
16470 1
16486 1
16496 1
16534 1
16544 1
16545 7
16576 1
16581 1
16582 1
16587 1
16601 1
16635 1
16648 1
16650 2
16662 1
16663 1
16666 1
16709 1
16715 1
16729 6
16732 1
16737 6
16747 1
16763 10
16798 1
16822 1
16829 1
16830 1
16832 1
16840 1
16856 1
16885 1
16887 1
16903 1
16907 2
16910 1
16923 1
16924 1
16960 1
16966 1
16992 1
17002 1
17010 2
17041 1
17046 1
17087 1
17102 1
17114 1
17149 1
17156 1
17162 1
17184 1
17185 1
17188 2
17196 1
17210 1
17231 1
17256 1
17260 1
17271 1
17276 1
17286 1
17301 1
17310 1
17315 1
17340 1
17349 1
17362 1
17378 1
17401 1
17408 2
17410 1
17424 2
17427 1
17430 2
17431 1
17434 2
17469 1
17497 2
17503 1
17506 2
17507 1
17509 1
17516 2
17518 4
17521 1
17530 2
17537 1
17545 2
17548 1
17549 1
17550 1
17552 1
17555 1
17559 1
17561 2
17570 2
17572 1
17579 2
17580 1
17588 2
17592 2
17610 2
17618 1
17626 1
17638 1
17645 1
17659 1
17663 1
17667 1
17677 2
17684 2
17689 1
17692 1
17693 1
17697 1
17700 2
17703 1
17711 1
17712 2
17713 1
17717 1
17722 2
17723 3
17728 2
17733 1
17735 5
17737 2
17738 2
17740 3
17741 1
17745 2
17746 1
17747 2
17749 1
17751 6
17759 2
17762 2
17763 3
17766 1
17768 3
17774 2
17775 2
17777 2
17778 1
17779 1
17782 1
17784 1
17787 1
17788 1
17790 4
17791 3
17796 2
17799 1
17800 1
17802 3
17805 5
17806 2
17808 1
17811 3
17812 1
17813 2
17817 2
17819 2
17820 8
17822 2
17826 2
17829 2
17832 1
17835 1
17838 2
17840 3
17847 1
17851 1
17865 1
17878 1
17881 1
17908 1
17909 1
17915 2
17919 1
17920 1
17921 2
17928 9
17929 1
17933 3
17937 1
17940 2
17943 1
17948 1
17962 1
17971 2
17977 1
17978 1
17981 3
17982 9
17983 3
17984 2
17986 2
17987 7
17994 3
17998 1
18004 4
18010 1
18013 1
18014 2
18020 2
18022 4
18025 1
18027 4
18031 4
18033 1
18038 1
18040 2
18041 2
18045 1
18046 2
18047 2
18049 2
18050 1
18052 2
18058 2
18060 1
18061 1
18063 2
18064 1
18066 4
18067 4
18068 4
18069 1
18071 5
18075 2
18076 4
18079 1
18080 2
18081 4
18082 5
18085 1
18090 2
18091 1
18094 3
18095 4
18096 1
18097 2
18098 2
18099 4
18103 2
18105 2
18106 3
18107 3
18108 6
18109 4
18111 1
18112 5
18115 2
18116 1
18118 2
18119 2
18125 2
18126 1
18127 1
18128 1
18131 2
18132 2
18137 2
18138 3
18139 1
18141 6
18142 2
18143 2
18144 2
18146 4
18147 2
18150 4
18151 2
18154 1
18160 4
18163 2
18164 1
18165 1
18166 2
18168 3
18169 1
18171 2
18172 3
18173 1
18177 2
18178 1
18180 1
18182 1
18183 1
18184 1
18185 2
18188 1
18192 2
18193 2
18198 1
18199 1
18202 1
18206 1
18207 2
18208 2
18209 13
18210 6
18214 8
18217 4
18219 20
18221 6
18224 6
18226 2
18227 1
18228 6
18232 6
18234 7
18235 6
18242 6
18245 2
18250 1
18253 3
18258 2
18261 1
18263 2
18264 2
18265 1
18268 1
18270 2
18272 2
18273 1
18279 1
18280 1
18281 2
18286 1
18289 1
18291 1
18294 1
18296 1
18299 2
18300 2
18302 2
18303 2
18305 2
18306 1
18309 1
18313 1
18317 3
18320 2
18321 2
18325 6
18333 2
18334 2
18335 2
18339 1
18353 2
18357 2
18363 1
18371 2
18378 2
18381 6
18385 1
18387 2
18390 2
18392 2
18394 2
18396 2
18400 1
18401 1
18402 4
18404 1
18405 2
18406 1
18409 3
18414 1
18418 3
18421 2
18423 1
18428 1
18429 2
18434 2
18443 2
18453 2
18454 4
18460 1
18463 5
18464 2
18467 1
18473 1
18476 3
18477 2
18481 1
18482 2
18483 6
18485 9
18486 1
18493 1
18494 2
18503 2
18504 2
18507 1
18510 2
18511 1
18512 4
18522 1
18523 2
18524 2
18527 1
18528 1
18532 1
18534 4
18540 2
18541 2
18543 1
18546 2
18547 1
18548 1
18552 2
18554 2
18557 2
18562 2
18564 1
18567 2
18568 1
18569 4
18571 8
18573 2
18578 2
18580 1
18581 7
18584 2
18598 12
18600 6
18603 1
18608 2
18609 10
18610 6
18613 1
18618 7
18620 1
18622 2
18624 6
18625 2
18627 1
18633 1
18636 12
18638 1
18643 1
18645 5
18649 1
18652 1
18654 2
18656 2
18660 1
18662 1
18663 2
18670 1
18679 1
18684 1
18686 1
18689 3
18690 1
18692 2
18695 5
18698 3
18701 2
18706 1
18709 2
18712 2
18713 1
18714 1
18730 3
18739 3
18741 2
18746 1
18747 1
18750 2
18752 1
18753 2
18754 2
18755 1
18762 1
18763 2
18771 2
18776 2
18778 1
18781 2
18783 2
18794 1
18799 2
18801 1
18811 2
18820 1
18839 2
18842 1
18848 1
18851 2
18852 1
18864 1
18871 2
18873 1
18879 1
18888 1
18896 1
18897 3
18906 2
18911 1
18917 3
18920 1
18923 2
18925 2
18928 4
18929 2
18932 2
18941 2
18950 2
18956 1
18957 2
18964 1
18967 2
18971 3
18972 2
18975 1
18976 1
18980 1
18991 1
19007 2
19011 2
19029 1
19030 1
19035 2
19036 2
19058 1
19070 1
19085 1
19090 1
19093 2
19097 1
19102 1
19124 1
19125 1
19143 1
19163 1
19171 2
19189 1
19195 2
19197 3
19210 1
19224 1
19229 1
19232 1
19248 1
19281 1
19292 2
19318 1
19326 1
19333 1
19337 1
19347 2
19356 1
19364 1
19365 1
19386 1
19394 1
19409 1
19424 1
19428 2
19441 1
19456 1
19466 2
19480 1
19491 1
19517 1
19529 1
19534 1
19567 1
19574 1
19589 1
19590 1
19600 1
19610 2
19627 2
19648 1
19701 1
19705 1
19711 2
19715 1
19719 2
19728 1
19741 2
19797 1
19813 1
19848 1
19851 2
19854 1
20022 1
20029 2
20035 1
20039 1
20040 1
20054 1
20066 1
20072 1
20074 1
20083 1
20097 1
20146 1
20148 1
20149 1
20169 1
20205 1
20227 1
20286 1
20310 1
20311 1
20414 1
20415 1
20427 1
20453 1
20464 2
20473 1
20480 1
20556 2
20586 1
20602 1
20621 1
20750 1
20760 2
20776 1
20780 1
20806 1
20823 1
20897 1
20903 2
20929 2
20942 1
20957 1
20980 2
20983 1
20992 1
21006 1
21063 1
21103 1
21146 1
21212 1
21317 1
21344 1
21359 1
21395 1
21403 1
21454 1
21504 2
21556 1
21571 2
21585 1
21638 1
21654 1
21662 1
21681 1
21705 1
21716 1
21720 1
21745 2
21760 1
21801 1
21827 1
21838 1
21842 1
21909 1
21926 1
21939 1
21957 1
21977 1
21987 1
22009 1
22016 1
22019 1
22022 1
22023 1
22025 1
22029 2
22033 1
22049 2
22079 2
22091 1
22096 1
22101 2
22109 1
22113 2
22119 1
22128 1
22132 2
22137 4
22158 2
22160 1
22164 2
22166 2
22173 2
22177 1
22178 2
22179 2
22180 2
22181 3
22185 3
22186 2
22188 2
22191 1
22192 1
22195 1
22200 3
22203 6
22205 3
22230 1
22240 1
22279 1
22301 1
22318 1
22354 1
22370 1
22390 1
22408 2
22418 1
22423 1
22428 1
22432 2
22436 1
22437 2
22441 1
22444 1
22448 2
22454 3
22456 2
22462 3
22468 2
22469 2
22478 4
22479 1
22490 3
22491 1
22493 4
22497 2
22499 1
22500 2
22501 1
22508 1
22511 2
22513 2
22514 1
22517 2
22522 3
22528 2
22544 2
22547 1
22556 2
22560 2
22564 1
22568 1
22569 2
22580 2
22581 1
22582 1
22588 2
22599 3
22600 1
22603 1
22607 3
22609 2
22614 2
22625 2
22626 1
22627 1
22630 2
22631 1
22633 2
22634 4
22636 2
22637 2
22640 2
22641 1
22642 1
22648 1
22652 2
22657 1
22659 1
22662 1
22664 2
22665 3
22674 1
22684 1
22693 1
22696 1
22697 1
22701 1
22702 1
22707 1
22709 1
22720 3
22733 1
22742 1
22758 1
22766 1
22768 2
22789 2
22796 1
22816 1
22818 1
22830 1
22834 3
22838 1
22846 1
22849 2
22854 1
22856 1
22869 1
22870 3
22876 2
22878 2
22885 1
22887 2
22891 2
22895 2
22904 1
22911 2
22914 1
22918 1
22923 1
22926 1
22927 2
22928 1
22929 1
22940 2
22955 2
22957 1
22974 1
22978 2
22983 2
22985 2
22987 1
23010 1
23016 1
23021 1
23023 2
23028 1
23033 2
23040 2
23042 1
23046 1
23057 1
23060 2
23063 3
23070 1
23072 1
23076 3
23082 2
23088 2
23090 2
23094 1
23103 1
23106 2
23109 1
23112 1
23113 3
23121 1
23124 1
23128 1
23130 2
23131 1
23134 1
23152 1
23154 2
23156 1
23157 4
23159 1
23162 1
23167 1
23184 1
23185 2
23192 2
23194 1
23199 2
23200 1
23207 2
23212 1
23222 1
23230 1
23239 1
23265 2
23280 1
23283 2
23284 1
23291 2
23303 2
23305 2
23306 2
23309 1
23316 2
23319 2
23328 1
23329 1
23340 1
23343 1
23353 2
23384 1
23392 1
23407 1
23408 1
23441 1
23454 1
23465 1
23467 1
23486 1
23502 1
23506 1
23509 3
23511 1
23517 1
23518 1
23524 1
23527 2
23536 2
23537 1
23544 1
23545 2
23547 2
23552 1
23554 1
23560 2
23571 1
23581 1
23584 1
23585 2
23615 1
23617 1
23618 2
23619 3
23624 2
23629 1
23630 2
23631 1
23662 1
23665 1
23682 1
23699 2
23700 2
23713 1
23720 2
23752 1
23763 2
23786 1
23791 1
23817 1
23829 2
23837 2
23844 1
23849 1
23855 1
23886 1
23922 1
23926 1
23970 1
23973 1
23984 1
23988 2
23997 2
23999 1
24010 1
24020 2
24022 2
24027 1
24035 2
24036 1
24045 1
24047 2
24057 1
24060 2
24065 1
24082 2
24101 1
24168 1
24197 1
24242 1
24250 1
24271 1
24302 1
24309 1
24315 1
24321 1
24325 2
24376 1
24388 1
24403 1
24405 1
24407 1
24409 1
24419 1
24422 1
24440 1
24456 1
24473 1
24480 1
24501 1
24515 1
24543 2
24554 1
24576 94
24591 1
24592 2
24600 1
24621 1
24668 1
24678 1
24686 1
24766 1
24802 1
24803 1
24840 1
24849 1
24854 1
24889 1
24905 1
24910 1
24915 1
24920 1
24923 1
24931 1
24949 3
25000 1
25036 1
25084 1
25094 2
25128 1
25144 1
25149 1
25172 1
25202 1
25321 3
25356 1
25370 2
25372 1
25378 1
25379 3
25389 2
25399 2
25401 1
25405 1
25406 2
25429 1
25435 1
25446 2
25452 2
25453 1
25457 2
25460 1
25471 2
25472 2
25478 1
25479 4
25482 2
25485 1
25493 2
25498 1
25499 2
25506 1
25507 1
25513 3
25515 2
25526 1
25528 1
25529 1
25550 1
25574 2
25580 2
25588 2
25604 2
25606 1
25636 1
25651 1
25666 2
25670 2
25674 1
25681 1
25682 1
25690 2
25695 1
25704 1
25705 1
25708 1
25713 1
25714 1
25738 2
25745 2
25764 2
25821 1
25834 1
25875 2
25880 2
25886 2
25897 1
25915 1
25917 2
25918 1
25920 1
25922 2
25923 1
25924 1
25928 1
25930 3
25932 1
25934 2
25939 2
25949 2
25956 1
25959 2
25961 1
25964 1
25965 1
25966 2
25971 1
25972 1
25979 2
25981 1
25982 1
25984 2
25993 3
25997 1
26004 3
26015 2
26040 2
26045 1
26058 1
26067 1
26097 1
26104 2
26112 4
26133 1
26141 1
26149 1
26153 1
26209 1
26225 3
26226 1
26227 1
26240 1
26260 1
26264 1
26291 1
26316 1
26319 1
26328 1
26341 1
26347 2
26352 1
26355 1
26380 2
26383 2
26385 1
26393 1
26406 1
26412 1
26419 1
26423 4
26432 1
26461 2
26478 2
26506 1
26509 1
26511 1
26526 1
26531 1
26541 1
26547 2
26563 1
26585 2
26588 1
26597 1
26618 1
26624 2
26631 1
26706 1
26740 1
26744 1
26770 1
26771 2
26773 7
26786 1
26807 2
26811 1
26812 1
26818 1
26820 1
26846 1
26849 2
26871 2
26872 2
26873 1
26905 2
26918 1
26931 1
26932 1
26934 2
27030 1
27043 1
27051 1
27069 1
27082 1
27312 1
27347 2
27384 1
27466 2
27469 2
27473 1
27476 2
27498 1
27525 1
27539 1
27546 1
27569 1
27586 1
27627 1
27708 1
27713 2
27738 1
27819 1
27826 2
27881 1
27897 1
27900 2
27914 1
27924 2
27940 1
27956 4
27976 1
27977 1
27995 1
28027 1
28031 1
28064 2
28077 2
28082 2
28087 1
28093 1
28097 2
28112 4
28113 1
28155 4
28164 1
28210 1
28230 1
28252 1
28258 6
28260 24
28307 1
28325 6
28337 1
28355 1
28359 1
28382 2
28400 6
28407 1
28412 1
28421 7
28427 3
28454 1
28458 2
28473 1
28492 1
28505 1
28544 2
28566 1
28591 7
28594 1
28596 2
28604 1
28609 1
28617 1
28618 5
28628 9
28641 1
28658 1
28661 1
28668 6
28671 1
28672 15
28675 6
28676 2
28701 1
28710 2
28711 1
28714 2
28733 1
28735 1
28737 1
28742 2
28756 1
28802 9
28840 2
28945 2
28965 1
29025 1
29038 1
29044 1
29127 9
29136 2
29152 1
29174 1
29183 1
29203 2
29205 1
29208 1
29213 1
29214 1
29218 1
29259 1
29283 3
29345 3
29401 1
29412 1
29414 1
29421 1
29426 1
29437 4
29455 1
29487 1
29513 1
29527 1
29544 1
29585 3
29587 6
29645 1
29677 1
29696 1
29715 1
29735 1
29736 1
29756 1
29778 1
29788 1
29897 1
29927 1
29930 6
29940 1
29948 1
29949 1
29950 1
29952 1
29972 2
30010 1
30012 1
30089 1
30104 1
30150 1
30163 1
30165 1
30234 1
30249 1
30315 1
30356 1
30486 1
30608 1
30627 1
30636 1
30676 1
30696 1
30720 3
30722 1
30841 1
30855 1
30877 2
30916 1
30958 1
30972 1
31004 1
31018 1
31082 1
31104 2
31115 1
31153 1
31164 6
31171 12
31195 6
31237 1
31251 2
31309 1
31347 1
31350 1
31449 1
31469 1
31474 3
31477 1
31500 1
31586 1
31605 1
31613 1
31628 1
31635 1
31648 1
31652 1
31653 1
31674 1
31685 1
31688 1
31690 1
31731 1
31744 6
31757 1
31786 1
31801 1
31853 1
31855 1
31933 1
31992 1
31993 1
32034 1
32050 1
32128 2
32146 1
32164 1
32177 3
32212 1
32297 1
32299 2
32314 1
32326 1
32328 1
32360 1
32361 1
32433 1
32437 1
32441 1
32459 1
32464 1
32467 1
32577 1
32597 1
32608 1
32626 1
32634 1
32768 37
32882 1
32900 1
32918 1
32926 1
32929 1
33027 1
33036 1
33048 1
33067 2
33072 1
33172 1
33180 1
33203 1
33240 1
33260 1
33267 1
33294 1
33336 1
33549 1
33696 1
33718 1
33758 1
33792 14
33875 1
33889 1
33915 1
33983 1
33985 1
34058 1
34142 1
34204 1
34218 1
34255 3
34287 1
34308 1
34311 1
34364 1
34371 1
34414 2
34537 1
34584 1
34618 1
34722 2
34731 1
34816 5
34843 1
34844 1
34998 2
35054 1
35183 1
35331 1
35335 1
35348 1
35386 1
35429 1
35435 1
35541 1
35644 2
35744 1
35756 1
35801 1
35840 3
35873 1
35887 1
35937 2
36064 1
36121 1
36240 1
36330 1
36503 1
36544 1
36583 2
36640 1
36740 2
36754 1
36789 1
36801 1
36813 1
36864 1
37007 1
37016 1
37148 1
37158 1
37197 1
37199 1
37264 1
37274 1
37460 1
37473 1
37519 1
37547 1
37548 1
37685 1
37713 1
37757 2
37793 1
37881 1
37888 1
37902 1
37938 1
37959 1
37990 1
38042 1
38051 1
38251 1
38288 1
38305 1
38346 1
38370 1
38389 1
38459 1
38520 1
38762 1
38766 1
38882 1
38899 1
38905 1
38906 1
38912 1
38933 1
39095 1
39151 1
39159 2
39178 1
39193 1
39215 1
39272 1
39346 1
39575 1
39579 1
39686 1
39691 1
39725 1
39730 1
39770 2
39924 4
39956 4
40009 1
40018 1
40026 1
40032 1
40072 2
40132 1
40140 1
40234 1
40235 1
40255 1
40257 1
40492 1
40506 1
40509 1
40570 1
40666 1
40710 1
40718 1
40727 1
40928 2
40933 1
40951 1
40960 16
41064 1
41167 1
41247 1
41276 1
41278 1
41301 1
41333 1
41340 2
41466 1
41536 1
41543 1
41570 1
41599 2
41654 1
41808 1
41973 1
41984 2
42040 1
42068 2
42081 1
42186 1
42335 1
42377 1
42380 2
42409 1
42480 1
42588 1
42591 2
42593 1
42807 1
42828 1
42933 1
42960 1
43161 1
43188 1
43198 1
43379 1
43469 1
43603 1
43642 1
43940 1
43977 1
43995 1
44032 1
44058 1
44138 1
44182 2
44241 1
44354 2
44680 1
44801 1
44844 2
45353 1
45379 1
45390 3
45429 1
45526 1
45582 1
45865 1
46005 1
46080 1
46234 1
46473 1
46516 1
46613 1
46625 2
46702 1
46748 2
47013 1
47037 1
47038 1
47104 2
47173 2
47503 1
47557 1
47638 1
47651 1
47881 1
47959 1
47965 1
48019 1
48063 1
48072 2
48167 1
48329 1
48374 1
48405 1
48547 1
48564 1
48574 1
48637 1
49130 2
49152 17
49373 1
49648 1
49764 1
49851 1
49879 1
49881 1
49972 1
50036 3
50059 1
50202 1
50215 1
50412 1
50496 1
50563 1
50695 1
50848 1
50853 1
51055 1
51098 1
51107 1
51127 1
51200 2
51231 1
51301 1
51617 1
51750 1
51794 1
52045 1
52051 1
52053 2
52072 2
52143 1
52224 4
52236 1
52674 2
52720 1
52728 1
52864 2
52876 2
52889 1
52898 1
52959 1
52964 1
53015 1
53563 1
53659 2
53850 1
53892 1
53964 2
54115 1
54328 1
54334 2
54403 1
54587 1
54645 1
54697 1
54734 1
54765 1
54768 2
54789 1
54907 1
55061 1
55238 1
55591 1
55816 1
55873 1
56353 1
56584 1
56836 1
56839 1
56908 1
57306 1
57344 19
57463 1
57520 2
57588 1
57661 1
57738 1
57903 1
57931 1
58010 1
58138 1
58232 1
58368 1
58803 1
58805 1
58828 1
58941 1
58968 1
59014 1
59411 1
59513 1
59609 1
59674 1
59810 1
59922 1
60085 1
60176 1
60224 1
60235 1
60267 1
60761 1
61009 1
61123 1
61199 1
61511 1
61561 1
61832 1
62119 1
62464 1
62482 1
62486 1
62573 1
62648 1
62887 1
62906 1
62994 1
63316 2
63618 1
63662 1
63922 1
64274 1
64706 1
64740 1
64956 1
64962 1
65317 1
65322 1
65452 1
65505 1
65509 2
65535 2
65536 20
65612 1
65901 1
66100 1
66454 1
66805 2
67178 2
67368 1
67579 1
67656 1
67785 1
67829 1
67905 1
67948 1
68012 1
68389 1
68527 1
68608 4
68774 1
68937 1
68999 1
69276 2
70396 1
70418 1
70802 1
71178 1
71803 1
71934 1
72155 1
72182 1
72352 1
72432 1
72517 1
72835 1
72840 1
72982 1
73482 1
73575 1
73605 1
73648 1
73728 25
73749 1
73780 1
73844 1
73855 1
73856 2
73972 1
73991 1
74007 1
74045 1
74529 1
74684 2
74724 1
74728 1
74776 1
74832 1
74992 2
75352 1
75444 1
75576 1
75776 2
75902 1
76780 1
77053 1
77473 1
77475 1
77764 1
77791 1
77795 1
77824 1
78848 3
78852 1
79310 1
79412 1
79472 1
79872 1
80276 1
80504 1
80916 1
81129 1
81289 1
81481 1
81692 1
81920 31
82169 1
82433 1
82915 1
83236 1
83328 1
83345 1
83500 1
83624 1
83726 1
83801 1
83998 1
84008 1
84027 1
84036 1
84062 1
84170 1
84212 1
84260 1
84544 1
84550 1
84965 1
85037 1
85352 1
85380 1
85550 1
85636 1
86108 1
86143 1
86172 1
86271 1
86516 1
86895 1
87010 1
87107 1
88241 1
88629 1
88708 1
88778 1
88850 1
88919 1
89345 1
89351 1
89536 1
89554 1
89663 1
89744 1
90039 1
90090 1
90112 4
91041 1
91104 2
91231 1
91428 1
91612 1
91776 1
91932 1
92120 1
92160 1
92190 1
92427 1
92560 1
92619 1
92684 1
92732 1
92835 1
92841 1
93104 1
93182 1
93184 1
93191 1
93204 1
93488 1
93522 1
93540 1
93563 1
93575 1
93703 1
93947 1
94003 1
94216 1
94288 1
94341 1
94380 1
94443 1
94473 1
94540 1
94664 1
94941 1
95232 3
95236 1
95316 1
95391 1
95516 1
95768 1
95900 1
96256 3
96488 1
96795 1
96811 1
96971 1
96996 1
97132 1
97280 10
97339 1
97344 1
97908 1
98023 1
98070 1
98111 1
98304 3
98313 1
98341 1
98560 3
98579 1
98607 1
98638 1
98740 1
98802 1
99000 1
99236 1
99257 1
99328 4
99480 1
99769 1
99823 1
100034 1
100352 7
100588 1
100708 1
100779 1
101043 1
101056 2
101132 1
101376 2
101720 1
102284 1
102311 1
102397 1
102400 3
102472 1
102584 1
102912 4
103114 1
103358 1
103412 1
103424 3
103530 1
104104 1
104130 1
104448 2
104582 3
104769 1
104884 1
104910 1
104958 1
105057 1
105155 1
106176 1
106258 1
106496 7
106564 1
106590 1
106667 1
106854 1
107108 1
107263 1
107465 1
107569 1
107708 1
107802 2
107892 1
107900 1
107968 1
108140 1
108544 2
108563 1
108658 1
108681 1
108808 1
108872 1
108941 1
109067 1
109276 1
109343 1
109714 1
109945 1
110040 1
110147 1
110182 1
110362 1
110592 1
111106 1
111201 1
111496 1
111633 1
111698 1
111984 1
112080 1
112276 1
112578 1
112842 1
112920 1
113050 1
113132 1
113186 1
113198 1
113604 1
113613 1
113881 1
114026 1
114172 1
114178 1
114332 2
114367 1
114553 1
114660 1
114674 1
114688 3
114852 1
114949 1
115347 1
115482 1
115500 1
115512 1
115541 1
115542 1
115690 1
115920 1
115994 1
116211 2
116624 1
116739 1
117132 1
117221 1
117330 1
117408 1
117661 1
117986 1
118537 1
118538 1
119048 1
119558 1
119571 1
120646 1
120832 1
121018 1
121123 1
121926 1
122721 1
122853 1
122880 2
122888 1
123026 1
123129 1
123132 1
123297 1
124298 1
124314 1
124450 1
124523 1
124646 1
124702 1
125181 1
125812 1
126020 1
126228 1
126945 1
127140 1
127499 1
127884 1
127996 1
128000 1
128428 1
129053 1
129096 1
129136 1
130134 1
130575 1
130875 1
131070 1
131072 1
131134 1
131189 1
131252 1
131384 1
131406 1
132095 1
132291 1
132331 1
132334 2
132359 1
132629 1
133214 1
133337 1
133348 1
133567 1
134167 1
134194 1
134659 1
134818 1
135513 1
135662 1
135674 1
136125 1
136492 1
136662 1
136732 1
137625 1
137875 1
137914 1
138353 1
138458 2
139264 3
139996 1
140288 1
140443 1
141127 1
141213 1
141478 1
142952 1
142999 1
143006 1
144360 1
144446 1
145044 1
145204 1
146398 1
147289 1
147456 3
147791 1
147832 1
147906 1
148780 1
148807 1
149268 1
150022 1
150212 1
150495 1
151604 1
151787 1
152395 1
152783 1
152928 1
152963 1
153615 1
153708 1
153922 1
154460 1
154730 1
154984 1
155103 1
155648 4
156407 1
157000 1
157529 1
159394 1
160527 1
160728 1
161606 1
162915 1
163037 1
163208 1
164012 1
164073 1
164352 1
164740 1
165349 1
165477 1
166348 1
166965 1
167063 1
169035 1
169604 1
170556 1
170648 1
171034 1
171796 1
172032 5
172319 1
172369 1
172606 1
175632 1
176278 1
176994 1
178640 1
180224 7
184121 1
185118 1
185415 1
186276 2
186300 1
186960 1
187942 1
188416 1
188448 1
190008 1
190478 1
192417 1
192439 1
193159 1
193194 1
193374 1
193635 1
193974 1
194054 1
194820 1
196608 5
197846 1
199388 2
199545 1
199570 1
200600 1
201277 1
203175 1
204424 1
204441 1
205284 1
206942 1
209027 1
209515 1
211326 1
211565 1
211878 2
212480 10
214884 1
215311 1
216198 1
216409 1
216678 1
217088 1
217339 1
217592 1
217672 1
221184 2
223226 1
225688 1
226622 1
229636 1
231388 1
232086 1
232450 1
233946 1
235541 1
235976 1
237476 1
237491 2
238805 1
239061 1
242244 1
242662 1
244190 1
245760 3
245791 1
246498 1
247321 1
247988 1
249352 1
249936 1
252218 1
253207 1
253212 1
253952 1
255221 1
257326 1
258186 1
259963 1
260885 1
261273 2
261620 1
262087 1
262144 2
263126 1
264320 1
264564 1
267440 1
267748 1
269481 1
269482 1
269643 1
270104 1
270336 1
272807 1
276985 1
277001 1
277504 1
277708 2
278136 1
279378 1
280702 1
280703 1
281198 1
282608 1
288435 1
288442 1
288744 1
290001 1
290533 1
291328 1
291941 1
293209 1
295517 1
296032 1
302687 1
303104 2
304817 1
308000 1
310033 1
314412 1
315503 1
316498 1
318481 1
318491 1
319317 1
319488 1
319530 1
319930 1
320268 1
322620 2
327680 1
332924 1
334150 1
342817 1
344064 1
351218 1
352796 1
354456 1
355763 1
359232 1
365163 1
365196 1
371160 1
371712 1
372919 1
375083 1
377760 1
379753 1
381678 1
387274 1
390199 1
395071 1
396505 1
396901 1
398935 1
399409 1
410597 1
412475 1
417571 1
417792 2
425984 2
427189 1
427297 1
430352 1
434408 1
441793 1
442368 4
442870 1
442882 1
444691 1
444744 1
445884 2
447732 1
451493 1
454088 1
458711 1
463484 1
466831 1
467539 1
471040 1
473551 1
475136 2
489614 1
492668 1
498485 1
499712 1
502149 1
502645 1
509977 1
514058 1
518500 1
527095 1
529180 1
529965 1
530312 2
530728 1
530923 1
533969 1
533978 1
546510 1
549924 1
556668 1
569834 1
571261 1
573440 1
577826 1
578873 1
591097 1
596096 1
598016 1
605670 1
606208 1
622592 1
623550 1
625485 1
629004 1
636890 1
643645 1
646371 1
647168 2
656075 1
659709 1
661052 1
663374 1
665917 1
678695 1
683524 1
688128 2
692704 1
693854 1
713210 1
717980 1
719778 1
720123 1
724602 1
763541 1
765953 1
770048 1
772379 1
776252 1
777165 1
782573 1
785837 1
788505 1
794624 1
796377 1
802728 1
806555 1
809890 1
810953 1
829340 1
849168 2
860160 1
888485 1
897443 1
901503 1
904606 1
909679 1
914673 1
922300 1
966656 1
985101 1
1005169 1
1007185 1
1017554 1
1032192 1
1035012 1
1036880 2
1042261 1
1050821 1
1056768 1
1059880 1
1066972 1
1076334 1
1102303 1
1103580 1
1107830 1
1116160 1
1127406 1
1160931 1
1164706 1
1169716 1
1181387 1
1190494 1
1195584 1
1199417 1
1210251 1
1245184 1
1267414 1
1274450 1
1285214 1
1285320 1
1313723 1
1327768 1
1336902 1
1447992 1
1449788 1
1449984 1
1453303 1
1497256 1
1516990 1
1547670 1
1630938 1
1641719 1
1687552 1
1715933 1
1788381 1
1812226 1
1814316 1
1821047 1
1840219 1
2002470 1
2048000 1
2049307 1
2097957 1
2133439 1
2195566 1
2198597 1
2276143 1
2305669 1
2343074 1
2557476 1
2574853 1
2686003 1
2914952 1
2962652 1
2981888 1
3068340 1
3154239 1
3311143 1
3511297 1
3641175 1
3938574 1
3972775 1
4724929 1
4784073 1
4983236 1
5474746 1
5611871 1
6541446 1
6799360 1
6818407 1
6980726 1
7738126 1
7747573 1
8572114 1
9143721 1
9692672 1
9734896 1
9769279 1
10080480 1
10515026 1
10615622 1
12154306 1
14600799 1
17153373 1
17495474 1
17931826 1
22300130 1
