0 211
1 7
2 14
3 1
4 11
5 57
6 15
7 28
8 19
9 15
10 13
11 5
12 13
13 19
14 17
15 7
16 27
17 17
18 21
19 33
20 66
21 85
22 48
23 56
24 60
25 58
26 101
27 59
28 62
29 58
30 85
31 62
32 58
33 48
34 51
35 48
36 39
37 46
38 45
39 25
40 49
41 55
42 37
43 46
44 47
45 40
46 29
47 17
48 72
49 42
50 57
51 66
52 91
53 78
54 109
55 67
56 102
57 106
58 115
59 125
60 118
61 118
62 149
63 147
64 143
65 90
66 83
67 91
68 60
69 50
70 48
71 33
72 60
73 43
74 46
75 32
76 16
77 27
78 17
79 24
80 31
81 6
82 11
83 10
84 14
85 9
86 25
87 33
88 11
89 16
90 13
91 10
92 18
93 10
94 11
95 12
96 36
97 5
98 14
99 21
100 10
101 13
102 9
103 16
104 18
105 27
106 18
107 3
108 9
109 2
110 7
111 11
112 1
113 5
114 13
116 2
117 10
118 1
119 3
120 7
121 4
122 2
123 6
124 14
125 3
126 11
127 8
128 86
129 29
130 3
131 37
132 4
133 14
134 6
135 10
136 8
137 20
138 9
139 7
140 1
141 14
142 15
143 5
144 6
145 3
146 7
147 8
148 2
149 28
150 20
151 11
152 1
153 11
154 6
155 6
156 14
157 1
158 4
159 7
160 7
161 10
162 12
163 10
164 6
165 2
166 8
167 14
168 4
169 1
170 6
171 5
172 8
173 12
174 12
175 9
176 4
177 5
178 5
179 16
180 5
181 1
182 5
183 1
184 9
185 6
186 25
187 6
188 7
189 2
190 4
191 3
192 25
193 78
194 5
195 5
196 6
197 3
198 5
199 1
200 2
201 14
202 3
203 1
204 11
205 1
207 21
208 8
209 1
210 4
212 3
213 5
214 2
215 4
217 2
218 5
219 3
220 2
221 39
222 16
223 2
224 5
225 3
226 2
227 2
228 5
229 4
230 14
231 5
232 5
233 2
234 3
235 6
236 6
237 2
238 3
239 11
240 6
241 9
242 6
243 3
244 5
245 6
246 2
247 9
248 7
249 6
250 4
251 8
252 1
253 3
254 6
255 2
256 22
257 3
258 9
259 2
260 2
261 1
262 1
263 6
264 8
265 3
266 4
267 3
268 10
269 3
270 3
271 6
272 7
273 4
274 5
275 3
276 8
277 1
278 5
279 6
280 4
281 5
282 1
284 4
285 9
286 1
287 5
288 4
289 3
290 9
291 4
292 3
293 6
294 9
295 5
296 4
299 6
300 2
301 5
302 3
304 5
305 11
306 2
307 3
308 8
309 5
310 3
311 2
312 1
314 8
315 4
316 2
317 3
318 7
319 3
320 21
321 2
322 1
323 3
324 10
325 2
326 1
327 2
329 5
330 7
331 9
332 3
333 4
334 5
335 5
336 3
337 7
338 4
339 3
340 10
341 6
342 22
343 3
344 2
345 3
346 7
347 1
348 4
349 1
350 11
351 3
352 3
354 2
355 12
356 5
357 1
358 2
359 1
360 6
361 3
362 3
363 5
364 5
365 1
366 5
367 3
368 3
369 3
370 79
371 1
372 3
373 2
374 2
375 3
376 3
377 4
378 6
379 6
380 4
381 4
382 5
383 5
384 16
385 3
386 5
387 3
388 10
389 5
390 5
391 6
392 2
393 88
394 2
395 6
396 5
397 6
398 7
399 3
400 2
401 2
402 4
403 5
404 1
405 1
406 1
407 8
409 3
410 6
412 3
413 1
414 2
415 10
416 8
417 2
418 3
419 4
420 22
421 1
422 8
423 4
424 4
425 6
426 4
427 6
428 6
429 9
430 2
431 4
432 2
433 4
434 7
435 3
436 5
437 7
438 4
439 3
440 17
441 4
443 2
444 4
445 4
446 2
447 1
448 17
449 2
450 4
451 3
452 2
453 6
454 4
456 5
457 2
458 5
459 4
460 6
461 6
462 7
463 6
464 3
465 2
467 3
468 3
469 2
470 4
472 3
473 12
474 4
475 5
476 4
477 7
478 2
479 3
480 5
482 5
483 6
484 3
485 2
486 3
487 3
488 6
489 6
490 3
491 1
492 10
493 3
494 4
495 5
496 7
497 7
498 4
499 3
500 6
501 7
503 3
504 3
505 3
506 2
507 7
508 4
509 4
511 6
512 2231
513 3
514 4
515 3
516 7
517 5
518 11
519 7
520 10
521 5
522 3
523 4
524 4
525 2
526 5
527 7
528 7
529 6
530 6
531 6
532 6
533 4
534 6
535 8
536 2
537 8
538 5
539 7
540 4
541 4
542 7
543 3
544 5
545 35
546 5
547 6
548 2
549 5
550 3
551 2
552 5
553 2
554 3
555 2
556 1
557 9
558 1
559 3
560 4
561 6
562 6
563 8
564 4
565 12
566 1
567 6
568 3
569 7
570 5
571 4
573 6
574 9
575 1
576 6
577 3
578 2
579 1
580 4
581 1
582 11
583 3
584 6
585 4
586 3
588 9
589 185
590 6
591 3
592 2
593 1
594 4
595 3
596 7
597 6
598 13
599 1
600 2
601 2
602 2
603 3
604 6
605 7
606 3
608 3
609 4
610 4
611 4
612 3
613 2
614 3
615 1
617 9
618 2
619 1
620 2
621 42
622 124
623 4
624 5
625 5
626 2
627 3
628 4
629 9
630 28
631 3
632 3
633 8
634 3
635 3
636 3
637 8
638 7
639 1
640 8
641 3
642 2
643 10
644 3
645 21
646 46
647 8
648 3
649 6
650 3
651 2
652 9
653 3
654 5
655 1
656 6
657 10
658 1
659 6
660 1
661 7
662 6
663 1
664 5
665 8
666 3
667 7
668 5
669 5
670 1
671 6
672 7
673 7
674 5
675 3
676 3
677 6
678 7
679 12
680 5
681 3
682 8
683 1
684 10
685 3
686 10
687 4
688 4
689 7
690 6
691 5
692 4
693 6
694 3
695 4
696 8
697 3
698 1
699 8
700 2
701 7
702 1
703 7
704 10
706 5
707 1
708 8
709 2
710 7
711 5
712 4
713 1
714 4
715 1
716 3
717 9
719 5
720 5
721 4
722 1
723 3
724 6
725 12
726 4
727 1
728 8
729 2
730 6
731 3
732 5
733 1
734 7
735 2
736 4
737 1
738 5
739 6
740 1
741 5
742 10
743 3
744 7
745 2
746 4
747 6
748 1
749 7
750 4
751 3
752 4
753 3
754 16
755 6
756 20
757 1
758 5
759 12
760 1
762 3
763 1
765 2
766 11
767 5
768 10
769 4
770 2
771 1
772 6
773 4
774 2
775 3
776 4
777 4
778 6
779 3
780 3
781 3
782 3
783 7
784 2
785 2
786 1
787 2
788 1
789 1
790 3
791 4
792 4
793 1
794 13
795 4
796 9
797 4
798 4
799 1
800 6
801 3
802 3
803 2
804 4
805 1
806 2
807 2
808 3
809 5
810 3
811 3
812 2
813 3
814 5
816 3
817 5
818 2
820 7
821 4
822 14
823 1
824 6
825 3
826 3
827 1
828 7
829 8
830 2
831 4
832 4
833 3
834 2
835 2
836 7
837 2
838 6
839 1
840 3
841 2
842 54
843 2
844 2
845 1
846 2
847 2
848 2
849 1
851 2
852 4
854 3
855 4
856 4
857 3
858 8
859 4
860 2
861 3
862 2
863 6
864 2
865 6
866 5
867 3
868 2
869 2
870 1
871 2
872 2
873 7
875 2
876 4
877 5
878 6
879 2
880 4
881 3
882 3
883 6
884 4
886 5
887 5
888 1
889 53
890 3
892 3
893 9
894 4
895 1
896 8
897 2
898 3
899 3
900 3
901 2
902 4
903 1
904 2
905 3
906 4
907 4
909 5
910 2
911 4
912 4
913 4
914 4
915 2
916 25
917 6
918 2
920 2
921 6
922 4
923 2
924 7
925 7
926 3
927 3
928 5
929 5
930 5
932 6
933 6
934 6
935 5
936 1
937 4
938 2
939 4
940 3
941 1
942 5
943 1
945 8
946 7
947 3
948 4
949 8
950 2
951 3
952 10
954 6
955 3
956 5
957 3
958 6
959 8
960 5
961 5
962 7
963 16
965 4
967 5
968 2
969 11
970 8
971 3
972 9
973 7
974 1
975 5
976 11
977 8
978 2
980 5
981 4
982 6
983 3
984 3
985 7
986 2
987 6
988 6
989 7
990 7
991 5
992 10
993 7
994 5
995 6
996 4
997 7
998 7
999 4
1000 70
1001 6
1002 3
1003 3
1004 8
1005 6
1006 3
1007 5
1008 2
1009 2
1010 8
1011 2
1012 3
1013 11
1014 6
1015 5
1016 5
1017 8
1018 2
1019 6
1020 5
1021 6
1022 8
1023 3
1024 182
1025 4
1026 8
1027 5
1028 10
1029 9
1030 12
1031 3
1032 13
1033 2
1034 3
1035 3
1036 5
1037 12
1038 7
1039 4
1040 7
1041 6
1042 5
1043 12
1044 8
1045 1
1046 5
1047 5
1048 10
1049 4
1050 11
1051 87
1052 5
1053 6
1054 8
1055 7
1056 2
1057 7
1058 6
1059 7
1060 3
1061 5
1062 5
1063 4
1064 4
1065 6
1066 2
1067 2
1068 2
1069 15
1070 3
1071 6
1072 1
1073 4
1074 6
1075 5
1076 2
1077 4
1078 3
1079 6
1080 4
1081 2
1082 6
1083 1
1084 7
1085 11
1086 3
1087 4
1088 5
1089 4
1090 6
1091 2
1092 1
1093 5
1094 1
1095 4
1096 5
1097 5
1098 2
1099 5
1100 1
1101 7
1102 6
1103 4
1104 2
1105 15
1106 4
1107 4
1108 7
1109 8
1110 5
1111 8
1112 11
1113 5
1114 5
1115 4
1116 1
1117 6
1119 2
1120 6
1121 5
1122 3
1123 6
1124 4
1125 2
1126 1
1127 2
1128 9
1129 8
1130 3
1131 2
1132 6
1133 6
1134 4
1135 8
1136 6
1137 8
1138 6
1139 9
1140 3
1141 1
1142 4
1143 3
1144 5
1145 4
1146 2
1147 6
1148 6
1149 1
1150 4
1151 3
1152 9
1153 3
1154 7
1155 9
1156 2
1157 4
1158 5
1159 5
1160 4
1161 2
1162 2
1163 8
1164 4
1165 5
1166 5
1167 1
1168 1
1169 5
1170 5
1171 2
1172 6
1173 3
1174 5
1175 5
1176 7
1177 1
1178 4
1179 9
1180 1
1181 2
1182 4
1183 5
1184 5
1185 3
1186 5
1187 4
1188 3
1189 5
1190 3
1191 9
1192 1
1193 4
1195 1
1196 1
1197 11
1198 3
1199 3
1200 3
1201 19
1202 2
1203 3
1204 3
1205 2
1206 5
1207 9
1208 6
1209 2
1210 7
1211 6
1212 4
1213 7
1215 3
1216 6
1217 2
1218 5
1219 3
1220 3
1221 4
1222 3
1223 7
1224 7
1225 1
1226 2
1227 2
1228 3
1229 4
1230 4
1231 1
1232 6
1233 6
1234 3
1235 4
1236 3
1237 2
1239 3
1240 1
1241 3
1242 7
1243 4
1244 6
1245 5
1246 1
1247 6
1248 3
1249 3
1250 6
1251 6
1252 1
1253 1
1254 1
1255 1
1256 2
1257 2
1258 10
1259 2
1260 5
1261 5
1262 3
1263 1
1264 8
1265 2
1266 2
1267 3
1268 4
1270 3
1271 6
1272 4
1273 1
1274 1
1275 2
1276 2
1277 2
1278 66
1279 4
1280 7
1281 3
1282 1
1283 3
1284 4
1285 2
1286 3
1287 4
1288 4
1289 1
1290 4
1291 2
1292 3
1293 2
1294 4
1295 5
1296 6
1297 3
1298 8
1299 4
1300 3
1301 2
1302 1
1303 2
1304 5
1305 4
1306 12
1307 1
1308 8
1309 1
1311 1
1312 8
1313 7
1314 4
1315 3
1316 6
1317 5
1318 3
1319 3
1320 6
1321 4
1322 4
1323 3
1324 7
1325 3
1326 9
1327 8
1328 5
1329 7
1330 4
1331 2
1332 5
1333 1
1334 4
1335 12
1336 4
1337 1
1338 2
1339 4
1340 2
1341 3
1342 5
1343 3
1344 3
1345 4
1346 3
1347 2
1348 5
1349 3
1350 2
1351 3
1352 7
1353 2
1354 2
1355 4
1356 1
1357 2
1358 3
1359 4
1360 1
1361 1
1362 6
1363 1
1364 2
1365 2
1368 2
1369 4
1370 1
1371 3
1372 8
1373 6
1374 3
1375 1
1376 8
1377 1
1378 3
1379 1
1380 8
1381 2
1383 3
1384 1
1385 2
1386 4
1387 3
1388 5
1389 2
1391 1
1392 6
1393 1
1394 3
1395 2
1396 4
1397 3
1398 2
1399 2
1400 5
1401 2
1403 4
1404 3
1405 1
1406 3
1407 1
1408 13
1409 3
1410 2
1411 2
1412 4
1413 11
1414 7
1415 6
1416 2
1417 2
1418 3
1419 3
1420 4
1421 3
1422 7
1423 2
1424 3
1425 10
1426 3
1427 6
1428 3
1429 7
1430 3
1431 5
1432 7
1433 1
1434 2
1435 1
1436 1
1437 2
1439 2
1440 4
1441 2
1442 4
1443 22
1444 4
1445 1
1446 2
1447 1
1448 4
1449 2
1450 6
1451 7
1452 1
1453 5
1454 1
1455 2
1456 2
1457 3
1458 5
1459 3
1461 4
1462 8
1464 1
1465 7
1466 4
1467 3
1468 2
1469 3
1470 2
1471 2
1472 8
1473 4
1474 3
1475 1
1476 3
1477 5
1478 3
1479 1
1480 3
1481 3
1482 3
1483 1
1484 5
1485 2
1487 2
1488 4
1489 5
1490 11
1491 1
1492 4
1493 3
1494 2
1495 4
1496 8
1497 2
1498 2
1499 1
1500 6
1501 2
1502 3
1503 3
1504 2
1505 3
1506 2
1507 2
1508 2
1509 3
1510 2
1511 1
1512 4
1513 3
1514 1
1515 6
1517 10
1518 11
1519 2
1520 4
1521 8
1522 2
1523 1
1524 3
1526 3
1527 4
1528 6
1529 4
1530 2
1531 1
1532 6
1533 4
1534 6
1535 5
1536 63
1537 8
1538 3
1539 4
1540 3
1541 1
1542 6
1543 3
1544 2
1545 4
1547 7
1548 1
1549 1
1550 4
1551 3
1552 3
1553 2
1554 7
1555 7
1556 3
1557 1
1558 5
1559 5
1560 3
1561 1
1562 7
1563 7
1564 3
1565 3
1566 4
1567 8
1568 2
1569 4
1570 4
1571 3
1572 5
1573 1
1574 2
1575 5
1576 3
1577 5
1578 1
1579 5
1580 5
1581 2
1582 8
1583 5
1584 2
1585 3
1586 2
1587 5
1589 5
1590 2
1591 1
1592 6
1593 2
1594 5
1595 7
1596 2
1597 1
1598 3
1599 3
1600 2
1601 2
1602 1
1603 2
1604 1
1605 3
1606 8
1607 3
1608 1
1609 3
1610 1
1611 3
1613 3
1614 2
1615 2
1616 4
1618 2
1619 3
1620 4
1621 5
1622 1
1625 3
1626 4
1627 1
1628 3
1629 1
1630 7
1631 2
1632 5
1633 3
1634 4
1635 3
1636 2
1637 7
1638 5
1639 5
1640 2
1641 5
1642 5
1643 5
1644 9
1645 2
1646 1
1647 7
1648 5
1649 3
1650 1
1651 2
1652 2
1654 5
1655 1
1656 3
1657 9
1658 2
1659 8
1660 3
1662 4
1663 3
1664 4
1665 2
1666 6
1667 1
1668 2
1669 3
1670 6
1671 3
1672 3
1673 4
1674 1
1675 5
1676 7
1677 2
1678 3
1679 1
1680 7
1681 5
1682 5
1683 3
1684 6
1685 4
1686 3
1687 6
1688 2
1689 3
1690 5
1691 6
1692 2
1693 3
1694 1
1695 3
1696 1
1697 3
1698 9
1699 2
1700 55
1701 8
1702 9
1703 6
1705 2
1706 1
1707 3
1708 6
1709 4
1710 6
1711 1
1713 7
1714 7
1715 5
1716 4
1717 3
1718 4
1719 2
1721 4
1722 3
1723 4
1724 2
1725 3
1726 2
1727 5
1728 3
1729 3
1730 3
1731 6
1732 4
1733 1
1734 3
1735 6
1736 3
1737 3
1738 3
1739 4
1740 1
1741 5
1742 2
1743 2
1744 2
1745 2
1746 1
1747 2
1748 2
1749 1
1750 2
1752 1
1753 3
1754 9
1755 2
1756 4
1758 4
1759 4
1760 2
1761 6
1763 4
1764 7
1765 7
1766 3
1767 2
1768 1
1769 2
1770 1
1771 3
1772 5
1773 4
1774 2
1775 2
1776 1
1777 2
1778 2
1779 5
1780 6
1781 10
1782 11
1783 6
1784 5
1785 7
1786 6
1787 3
1788 2
1789 1
1790 2
1791 2
1792 12
1793 2
1794 5
1796 1
1797 2
1798 1
1799 3
1800 3
1801 1
1802 3
1803 7
1804 2
1805 8
1806 5
1807 6
1808 4
1809 7
1810 6
1811 5
1812 3
1813 4
1814 2
1815 3
1816 2
1817 4
1818 2
1819 5
1820 10
1821 3
1822 8
1823 2
1824 4
1825 2
1826 2
1827 2
1828 6
1829 2
1830 3
1831 2
1832 3
1833 3
1834 2
1835 2
1836 5
1837 2
1838 3
1839 1
1840 3
1841 2
1842 3
1843 1
1844 2
1845 6
1846 3
1847 1
1848 4
1849 6
1850 1
1851 2
1852 3
1853 2
1854 4
1855 3
1856 1
1857 5
1859 1
1860 7
1861 2
1862 2
1864 2
1865 2
1866 3
1867 1
1868 5
1869 2
1870 1
1871 4
1872 6
1873 4
1874 2
1875 3
1876 3
1877 2
1878 2
1879 1
1880 4
1881 2
1882 4
1883 6
1884 4
1886 3
1887 3
1888 3
1889 5
1891 1
1892 4
1893 3
1894 2
1895 9
1896 3
1897 4
1898 5
1899 5
1900 6
1901 1
1902 5
1903 1
1904 5
1905 1
1906 2
1907 4
1908 2
1909 1
1910 3
1911 7
1912 4
1913 4
1914 2
1915 12
1916 2
1918 3
1919 1
1920 2
1922 4
1923 3
1924 4
1925 7
1926 5
1928 3
1929 2
1930 1
1931 3
1932 2
1933 52
1934 2
1935 6
1936 4
1937 4
1938 2
1939 2
1940 3
1941 1
1942 3
1943 3
1944 5
1945 6
1946 3
1947 3
1948 3
1949 5
1950 1
1952 1
1953 4
1954 5
1955 3
1956 3
1957 10
1959 1
1960 2
1961 6
1962 4
1963 4
1965 3
1966 3
1967 2
1968 1
1969 2
1970 2
1971 7
1972 4
1973 3
1974 2
1975 3
1976 6
1977 2
1978 4
1979 1
1980 1
1981 2
1982 4
1983 5
1984 1
1985 2
1986 6
1987 2
1989 2
1991 5
1992 5
1993 4
1994 4
1995 1
1996 6
1997 72
1998 4
1999 3
2000 2
2001 1
2002 3
2003 4
2004 3
2005 7
2006 1
2007 3
2010 3
2012 2
2013 2
2014 3
2015 1
2016 5
2017 2
2018 4
2019 3
2020 1
2021 2
2022 1
2023 1
2024 6
2025 2
2026 4
2028 3
2029 3
2030 1
2031 3
2032 6
2033 6
2034 3
2035 6
2036 5
2037 2
2038 5
2040 2
2041 2
2042 4
2043 4
2044 3
2045 1
2046 4
2047 3
2048 46
2049 6
2050 6
2051 1
2052 4
2053 8
2054 2
2055 56
2056 2
2057 1
2059 11
2060 5
2061 2
2063 5
2064 3
2065 4
2066 1
2067 2
2068 4
2069 1
2070 3
2071 4
2072 2
2073 4
2074 2
2075 4
2076 5
2077 3
2079 2
2080 2
2081 1
2082 1
2083 2
2084 2
2085 2
2086 2
2087 2
2088 2
2089 2
2090 2
2091 8
2092 1
2093 2
2094 2
2095 1
2096 3
2097 3
2098 4
2099 1
2100 2
2101 4
2102 2
2103 1
2104 4
2106 3
2107 6
2108 5
2109 2
2110 3
2111 1
2113 3
2114 1
2115 10
2116 3
2117 1
2118 3
2119 2
2120 1
2121 1
2123 1
2124 1
2125 5
2126 3
2127 6
2128 3
2129 3
2131 2
2132 4
2133 2
2134 2
2136 1
2137 1
2138 1
2139 2
2140 4
2141 6
2142 3
2143 1
2144 4
2145 3
2146 4
2147 2
2148 2
2149 1
2151 3
2153 2
2154 4
2155 1
2156 4
2157 7
2158 2
2159 2
2160 3
2161 3
2162 1
2163 1
2165 2
2166 2
2167 2
2168 4
2169 4
2170 4
2171 2
2172 2
2173 4
2174 1
2175 5
2176 3
2178 2
2179 1
2180 5
2181 3
2182 3
2183 6
2184 5
2185 2
2186 3
2187 3
2188 3
2189 3
2190 42
2191 1
2193 1
2194 3
2195 3
2196 2
2197 4
2198 4
2199 5
2201 17
2203 2
2204 5
2205 2
2206 1
2207 4
2208 2
2209 1
2211 1
2212 3
2213 5
2214 2
2215 3
2216 3
2217 1
2218 1
2219 2
2220 2
2221 2
2222 4
2224 3
2225 2
2226 2
2227 4
2228 4
2229 1
2230 8
2231 3
2232 1
2234 4
2235 2
2236 1
2237 1
2238 2
2239 8
2240 4
2241 1
2242 5
2243 9
2244 1
2245 6
2246 2
2247 1
2248 2
2251 2
2252 3
2253 2
2254 2
2256 2
2257 4
2258 2
2259 1
2260 2
2261 5
2262 4
2263 4
2264 1
2265 3
2266 6
2267 3
2268 1
2269 4
2270 3
2271 3
2272 4
2273 1
2275 2
2276 3
2277 2
2278 2
2280 1
2281 1
2282 3
2283 1
2284 4
2285 2
2286 3
2287 1
2288 2
2290 2
2291 6
2292 2
2293 2
2294 5
2295 3
2296 4
2297 2
2298 3
2299 3
2300 1
2301 2
2302 5
2303 2
2304 7
2305 4
2306 4
2307 3
2308 3
2309 5
2310 5
2311 2
2312 2
2314 6
2315 2
2316 3
2317 3
2318 3
2319 1
2320 1
2321 6
2322 4
2323 5
2324 2
2325 1
2326 11
2327 2
2328 2
2329 3
2330 1
2331 2
2332 2
2333 2
2334 2
2335 1
2336 4
2338 1
2339 3
2340 1
2341 2
2342 4
2343 3
2344 3
2345 2
2346 1
2347 1
2348 5
2349 3
2350 1
2351 1
2352 14
2353 1
2354 2
2355 2
2358 3
2360 3
2362 2
2363 4
2364 2
2365 2
2366 2
2367 6
2368 3
2369 2
2370 1
2371 1
2372 1
2373 2
2374 3
2375 2
2376 4
2377 2
2378 1
2380 1
2381 1
2382 2
2383 3
2384 2
2385 2
2387 2
2388 1
2389 1
2390 3
2391 3
2392 4
2393 4
2394 3
2395 1
2397 3
2398 2
2399 2
2400 4
2401 1
2402 1
2404 2
2405 1
2406 1
2407 4
2408 1
2409 1
2410 1
2412 2
2413 5
2414 5
2416 1
2417 1
2418 2
2419 2
2420 2
2421 2
2422 4
2424 2
2426 2
2427 2
2429 1
2430 2
2431 1
2433 2
2437 3
2438 1
2440 3
2441 2
2442 4
2443 4
2444 1
2445 2
2446 2
2447 3
2448 4
2449 2
2450 2
2451 1
2452 2
2453 2
2456 3
2457 3
2458 1
2459 2
2460 2
2461 1
2462 3
2463 4
2464 3
2465 3
2467 2
2468 5
2469 1
2470 2
2471 4
2472 3
2474 3
2475 2
2476 1
2478 1
2479 2
2481 2
2482 3
2483 1
2484 1
2485 1
2486 3
2487 2
2488 2
2489 1
2490 2
2491 3
2492 5
2493 1
2494 2
2495 3
2496 2
2498 12
2499 3
2500 1
2501 2
2503 3
2504 2
2506 2
2507 2
2508 1
2509 7
2510 12
2514 1
2515 9
2517 4
2518 1
2519 2
2521 3
2522 2
2523 2
2524 3
2525 1
2526 2
2527 1
2528 4
2530 1
2531 2
2532 1
2533 2
2534 1
2535 1
2536 1
2537 2
2538 2
2540 1
2542 2
2544 4
2545 2
2548 3
2550 2
2551 7
2552 5
2553 4
2554 1
2556 4
2557 2
2558 3
2559 1
2560 26
2561 1
2562 1
2563 1
2564 3
2565 2
2566 4
2568 1
2569 1
2570 1
2571 2
2572 3
2573 4
2574 1
2576 18
2577 2
2578 3
2581 3
2582 3
2586 6
2587 1
2588 2
2589 2
2590 4
2592 2
2593 4
2594 3
2595 1
2596 6
2597 4
2598 4
2599 4
2600 2
2601 2
2602 4
2603 1
2604 3
2605 3
2606 3
2608 1
2610 2
2611 3
2613 1
2614 2
2615 3
2616 2
2617 1
2618 4
2619 1
2620 4
2621 1
2622 1
2623 5
2624 184
2625 1
2626 1
2627 2
2628 3
2629 1
2630 2
2631 3
2632 3
2633 2
2634 1
2635 2
2636 2
2639 1
2641 2
2642 2
2643 3
2644 4
2645 2
2646 2
2647 1
2648 2
2649 2
2651 1
2652 3
2653 2
2654 1
2655 2
2656 2
2657 1
2658 1
2660 2
2661 4
2662 2
2663 1
2665 1
2666 1
2667 1
2668 2
2669 1
2670 1
2671 1
2672 1
2673 1
2674 1
2676 2
2677 3
2678 2
2679 5
2680 2
2681 5
2682 1
2684 2
2685 2
2686 3
2687 2
2688 3
2690 2
2691 2
2692 4
2693 1
2695 1
2696 6
2697 2
2698 2
2699 3
2700 1
2701 1
2703 1
2704 2
2706 2
2708 1
2709 2
2710 3
2712 1
2713 1
2714 2
2715 2
2716 3
2717 3
2718 1
2720 2
2721 1
2722 3
2723 3
2724 2
2726 2
2727 2
2729 1
2731 7
2733 3
2735 1
2736 2
2737 2
2738 1
2739 1
2741 2
2742 1
2743 2
2747 1
2749 1
2751 3
2752 2
2753 1
2754 4
2755 1
2756 1
2757 2
2758 1
2759 1
2760 1
2762 2
2763 1
2764 2
2766 1
2769 1
2770 2
2771 2
2772 3
2773 3
2774 1
2775 3
2777 1
2778 2
2779 1
2780 4
2781 2
2782 2
2783 4
2784 1
2785 3
2786 1
2787 2
2789 3
2790 2
2791 2
2792 1
2793 1
2794 2
2795 5
2796 1
2797 1
2799 8
2801 1
2802 2
2804 1
2805 1
2806 4
2807 1
2808 1
2809 2
2810 1
2811 2
2812 5
2813 1
2815 2
2816 7
2818 4
2819 4
2820 1
2821 3
2822 6
2823 1
2824 4
2825 3
2826 2
2827 1
2828 2
2829 2
2830 4
2831 2
2832 2
2833 1
2834 4
2835 2
2836 1
2837 2
2839 3
2840 2
2841 3
2843 1
2844 1
2847 1
2848 1
2849 1
2850 1
2851 4
2852 1
2853 1
2854 3
2855 1
2856 3
2858 2
2859 4
2861 1
2862 2
2864 1
2865 3
2866 2
2867 4
2868 2
2870 1
2871 3
2872 3
2874 1
2875 4
2876 3
2878 2
2879 2
2880 2
2881 1
2882 1
2884 4
2887 1
2888 2
2890 3
2891 1
2892 1
2893 1
2894 2
2895 1
2896 2
2897 1
2898 2
2899 2
2900 1
2901 5
2903 2
2906 1
2907 3
2908 3
2909 5
2912 1
2913 3
2914 4
2915 2
2916 2
2917 2
2918 1
2919 2
2920 1
2921 2
2924 3
2925 1
2928 1
2929 1
2931 1
2932 1
2934 3
2935 2
2937 1
2938 1
2939 1
2940 2
2941 1
2942 1
2944 2
2945 6
2946 2
2947 1
2948 1
2949 4
2950 1
2952 1
2953 1
2954 3
2955 1
2956 1
2957 1
2958 5
2959 2
2961 2
2962 3
2963 4
2964 1
2966 2
2967 1
2968 3
2969 1
2971 2
2972 2
2975 2
2976 2
2977 1
2979 2
2980 2
2982 1
2983 2
2984 2
2985 1
2986 2
2988 1
2989 5
2990 5
2991 1
2992 1
2993 1
2995 1
2996 1
2997 2
2998 1
2999 2
3000 3
3002 4
3003 1
3004 2
3005 4
3006 2
3007 2
3008 3
3009 3
3010 1
3011 1
3012 5
3013 1
3014 1
3015 1
3016 1
3017 2
3018 3
3019 2
3020 5
3021 4
3022 2
3023 3
3024 2
3025 2
3026 3
3027 2
3028 4
3029 3
3030 1
3031 2
3032 4
3033 1
3034 1
3035 1
3036 2
3037 1
3038 2
3039 1
3040 2
3041 2
3042 3
3043 2
3044 1
3046 1
3047 2
3049 3
3050 1
3051 1
3052 2
3055 1
3056 2
3057 2
3060 4
3061 1
3062 3
3064 1
3065 1
3066 1
3067 1
3068 2
3069 1
3070 1
3071 1
3072 27
3073 2
3074 2
3076 2
3077 5
3080 2
3081 1
3082 1
3083 2
3084 3
3085 1
3086 3
3087 7
3088 1
3089 1
3090 1
3091 2
3092 3
3094 3
3095 2
3096 2
3097 1
3098 1
3099 1
3100 3
3101 3
3102 2
3103 1
3104 3
3105 2
3106 4
3109 1
3110 2
3111 1
3112 4
3113 2
3114 1
3115 1
3116 2
3117 2
3118 1
3119 3
3120 4
3121 2
3122 3
3123 3
3124 3
3125 2
3126 2
3127 1
3128 1
3129 3
3130 2
3131 2
3132 1
3133 1
3135 1
3136 2
3137 2
3138 2
3140 4
3141 1
3142 1
3143 3
3144 2
3145 3
3146 1
3147 1
3148 2
3149 1
3151 2
3152 3
3153 1
3154 1
3155 4
3156 1
3158 6
3159 2
3160 1
3161 2
3162 1
3163 1
3164 4
3166 2
3167 3
3168 5
3169 1
3171 1
3172 1
3173 2
3175 1
3176 3
3177 5
3178 1
3179 4
3180 1
3182 2
3183 2
3184 3
3185 2
3186 3
3188 1
3190 1
3191 1
3193 4
3194 4
3195 3
3196 2
3197 3
3198 5
3200 3
3201 1
3203 2
3204 2
3206 2
3207 1
3208 1
3210 1
3211 6
3212 1
3213 2
3214 3
3215 1
3218 2
3219 3
3220 2
3221 1
3222 3
3223 3
3225 1
3226 3
3227 1
3228 3
3231 3
3232 3
3233 3
3234 1
3235 1
3236 2
3237 2
3238 2
3240 1
3242 1
3243 5
3246 3
3247 2
3248 2
3249 2
3250 1
3251 2
3252 1
3253 1
3255 1
3256 2
3257 1
3258 4
3259 1
3260 4
3261 1
3262 1
3263 1
3264 2
3266 2
3267 1
3268 2
3269 2
3270 2
3272 2
3274 3
3275 5
3276 1
3278 7
3279 1
3280 2
3281 1
3282 1
3283 3
3284 4
3285 1
3287 1
3288 3
3289 1
3290 2
3291 1
3292 2
3293 5
3294 2
3295 1
3296 5
3298 2
3299 2
3300 1
3302 4
3305 2
3306 2
3307 1
3308 7
3309 1
3310 1
3311 4
3312 2
3313 1
3314 3
3315 5
3316 2
3317 1
3318 12
3320 3
3321 3
3322 4
3323 2
3324 2
3326 3
3327 2
3328 11
3329 6
3331 3
3332 3
3333 1
3334 4
3335 2
3336 6
3337 1
3338 4
3339 1
3342 3
3343 1
3344 3
3348 3
3349 2
3350 1
3351 2
3352 2
3356 1
3357 3
3358 2
3359 4
3360 2
3361 1
3362 2
3363 1
3364 2
3365 1
3366 2
3367 3
3369 2
3370 2
3372 1
3373 1
3374 1
3376 4
3377 1
3380 1
3381 2
3382 2
3383 3
3385 3
3386 2
3388 4
3389 3
3390 1
3391 2
3393 2
3395 2
3396 2
3397 2
3398 1
3399 1
3400 1
3401 1
3402 2
3403 1
3404 3
3407 1
3408 1
3410 2
3411 2
3412 1
3413 1
3414 3
3415 2
3416 1
3417 1
3418 1
3420 2
3422 3
3423 2
3424 3
3426 4
3428 1
3429 2
3430 1
3431 3
3432 3
3433 3
3434 1
3435 1
3436 2
3439 4
3440 3
3441 1
3444 1
3445 2
3446 3
3447 1
3448 2
3449 1
3450 1
3451 1
3452 1
3453 2
3455 1
3456 2
3457 2
3458 1
3459 2
3460 4
3462 1
3463 1
3465 2
3466 2
3467 1
3468 2
3470 1
3471 2
3472 3
3475 1
3476 1
3477 2
3478 1
3479 1
3480 1
3481 1
3484 1
3485 1
3488 1
3489 1
3490 3
3491 1
3492 1
3494 2
3495 1
3496 2
3497 3
3499 1
3500 3
3501 1
3502 2
3503 2
3504 4
3505 3
3506 4
3507 4
3508 6
3509 5
3512 1
3514 2
3515 1
3516 1
3518 1
3519 3
3520 6
3522 3
3523 1
3524 2
3528 2
3529 2
3530 1
3531 1
3533 3
3534 1
3535 4
3536 1
3538 3
3539 2
3540 3
3541 3
3542 2
3544 1
3545 3
3547 4
3549 3
3550 1
3551 1
3552 2
3553 1
3554 4
3555 4
3556 2
3557 2
3559 1
3560 3
3561 2
3562 3
3563 3
3564 2
3566 1
3567 2
3568 1
3569 3
3570 1
3571 1
3572 2
3573 1
3576 4
3577 2
3579 3
3580 3
3582 1
3583 2
3584 16
3586 2
3589 1
3590 4
3591 2
3592 2
3593 2
3594 1
3595 5
3596 2
3597 1
3598 1
3600 2
3604 4
3605 1
3607 2
3608 1
3609 2
3610 2
3611 3
3612 1
3616 2
3619 1
3620 1
3621 1
3623 1
3624 3
3625 3
3629 2
3632 1
3633 2
3636 2
3637 2
3638 4
3639 1
3640 2
3641 4
3642 1
3643 1
3644 2
3646 2
3647 2
3648 1
3649 1
3650 2
3654 1
3655 3
3656 3
3657 4
3658 2
3659 1
3662 3
3663 1
3664 2
3665 1
3666 2
3667 1
3669 1
3670 5
3671 1
3673 1
3674 2
3675 3
3677 2
3678 2
3680 1
3681 1
3682 1
3687 4
3688 2
3689 1
3691 1
3693 3
3694 3
3697 2
3700 2
3702 1
3703 2
3704 2
3706 2
3707 1
3708 1
3709 1
3710 2
3712 6
3713 2
3715 1
3716 1
3717 3
3719 1
3720 2
3721 1
3724 4
3725 1
3726 1
3727 2
3728 1
3729 5
3731 1
3732 1
3735 1
3736 2
3737 2
3738 3
3740 2
3742 1
3743 2
3744 7
3746 1
3747 2
3749 1
3750 1
3751 5
3752 3
3753 2
3754 2
3759 5
3761 2
3762 4
3763 2
3764 1
3765 2
3766 1
3768 3
3769 5
3772 2
3774 2
3775 1
3776 5
3777 1
3778 1
3779 1
3780 3
3782 1
3783 2
3784 1
3785 1
3786 1
3787 1
3788 3
3790 2
3791 2
3792 3
3794 1
3796 3
3798 3
3799 3
3800 4
3801 1
3804 7
3806 2
3808 8
3810 1
3812 11
3813 2
3814 1
3815 4
3816 6
3818 1
3819 1
3820 9
3823 1
3824 11
3825 2
3828 12
3830 1
3831 1
3832 4
3833 3
3834 1
3835 2
3836 4
3837 1
3838 1
3839 3
3840 5
3841 1
3844 2
3846 1
3848 1
3849 2
3850 2
3851 4
3853 2
3854 3
3855 1
3856 1
3857 1
3858 2
3860 6
3862 1
3863 1
3864 1
3865 2
3867 3
3868 1
3869 1
3870 1
3871 1
3873 1
3874 3
3877 1
3878 2
3879 4
3880 2
3881 2
3882 2
3884 1
3887 8
3888 1
3890 1
3892 2
3894 1
3896 3
3899 1
3900 1
3901 1
3902 4
3903 2
3904 5
3905 1
3906 3
3907 2
3908 3
3909 2
3912 3
3913 4
3914 2
3915 1
3916 2
3918 1
3920 1
3921 2
3923 3
3924 1
3925 1
3927 1
3930 1
3931 1
3932 1
3933 3
3934 3
3935 1
3936 3
3938 1
3940 1
3941 4
3943 3
3944 3
3949 1
3952 2
3953 1
3955 1
3956 3
3957 1
3958 4
3959 5
3962 1
3963 1
3964 1
3965 2
3966 1
3967 4
3970 1
3972 1
3973 2
3975 1
3976 2
3977 1
3978 1
3980 2
3981 2
3983 1
3984 5
3985 2
3988 1
3989 4
3990 3
3991 1
3992 2
3994 1
3995 2
3996 2
3998 1
3999 1
4000 4
4001 1
4002 1
4007 1
4008 3
4010 3
4011 1
4012 2
4013 1
4014 1
4016 4
4018 2
4019 4
4020 5
4021 1
4023 1
4028 2
4029 1
4030 2
4033 2
4034 2
4035 1
4037 1
4038 1
4039 1
4040 2
4041 1
4042 3
4044 4
4045 1
4046 2
4047 1
4048 1
4049 2
4052 1
4053 3
4054 1
4055 2
4058 2
4060 2
4061 1
4063 1
4066 4
4067 1
4068 2
4070 3
4074 2
4076 5
4077 2
4078 1
4079 1
4080 1
4083 2
4084 1
4086 2
4088 4
4089 1
4090 3
4091 1
4092 1
4093 2
4095 2
4096 35
4097 2
4098 3
4099 1
4100 3
4102 1
4104 2
4105 1
4106 1
4107 1
4108 4
4109 1
4110 1
4111 1
4112 1
4113 2
4114 1
4115 9
4116 2
4117 1
4118 5
4119 2
4120 4
4123 1
4124 3
4125 8
4127 1
4128 5
4129 2
4130 1
4131 1
4134 4
4135 3
4136 4
4139 1
4140 6
4142 1
4143 6
4144 1
4145 1
4147 3
4148 4
4149 2
4150 6
4151 1
4152 2
4153 5
4157 1
4158 2
4160 2
4161 1
4162 3
4164 1
4165 2
4168 1
4170 1
4171 2
4172 1
4174 2
4175 4
4176 2
4178 1
4179 4
4180 1
4181 1
4182 2
4183 2
4184 2
4189 2
4190 5
4192 1
4193 1
4194 1
4195 2
4196 2
4197 1
4199 3
4200 1
4201 2
4202 1
4203 2
4204 1
4205 1
4207 3
4208 2
4210 2
4212 1
4213 1
4215 6
4216 1
4217 3
4218 2
4220 1
4221 2
4222 3
4223 1
4224 1
4225 1
4226 1
4227 1
4228 1
4232 3
4235 1
4236 1
4237 1
4239 1
4240 2
4241 1
4243 1
4244 2
4245 2
4248 1
4249 1
4252 1
4254 1
4256 1
4257 1
4258 1
4259 1
4261 2
4262 2
4264 2
4265 1
4269 1
4270 2
4272 1
4273 2
4274 2
4275 1
4277 4
4278 1
4279 1
4280 1
4281 2
4284 1
4285 2
4288 2
4289 2
4290 1
4291 1
4292 1
4294 1
4295 2
4296 1
4298 4
4299 2
4300 1
4301 3
4304 6
4305 1
4307 1
4308 1
4310 1
4311 1
4312 1
4316 2
4319 1
4321 1
4324 4
4325 1
4328 1
4329 1
4331 3
4332 1
4333 1
4334 2
4335 1
4336 3
4337 1
4338 1
4340 1
4341 5
4342 1
4343 2
4345 1
4346 1
4351 1
4352 5
4353 1
4354 2
4356 1
4357 3
4358 1
4359 2
4360 1
4361 1
4362 2
4364 2
4365 2
4367 1
4368 1
4371 1
4373 1
4374 1
4376 2
4377 2
4378 1
4379 1
4380 1
4381 1
4383 2
4388 1
4389 1
4390 1
4391 1
4392 1
4394 1
4395 1
4396 1
4397 2
4398 2
4401 1
4402 1
4405 3
4410 1
4412 3
4413 1
4414 1
4415 1
4417 1
4419 1
4420 2
4421 2
4424 1
4425 4
4426 2
4427 3
4428 2
4429 2
4430 3
4433 2
4434 1
4435 2
4437 2
4438 1
4446 1
4447 1
4448 7
4449 1
4452 2
4455 2
4456 2
4457 1
4458 2
4460 1
4462 2
4463 5
4464 3
4465 1
4466 1
4467 1
4468 2
4469 1
4472 1
4473 3
4474 1
4476 3
4477 1
4479 4
4480 4
4481 1
4482 1
4483 2
4484 1
4486 1
4487 1
4488 2
4489 1
4490 1
4491 1
4492 1
4493 1
4494 1
4496 1
4497 1
4498 3
4499 5
4500 1
4501 3
4502 1
4505 1
4506 1
4507 4
4508 1
4510 2
4511 3
4512 1
4515 2
4516 3
4517 1
4518 1
4520 1
4522 2
4523 1
4524 1
4526 1
4527 2
4528 3
4530 1
4532 1
4534 1
4535 1
4537 2
4539 3
4540 2
4541 1
4543 1
4544 1
4545 2
4547 7
4550 1
4551 2
4552 4
4554 2
4555 1
4556 3
4559 3
4560 2
4562 1
4563 2
4564 4
4565 10
4566 1
4567 3
4568 1
4570 2
4572 1
4573 1
4575 3
4576 1
4577 2
4578 1
4579 2
4580 3
4581 1
4584 1
4585 2
4587 1
4588 3
4589 4
4592 3
4594 3
4595 2
4596 1
4597 1
4600 4
4602 3
4603 2
4604 2
4605 2
4608 12
4609 1
4610 2
4611 1
4612 1
4613 1
4615 2
4616 2
4617 1
4619 5
4620 2
4624 4
4625 1
4627 2
4628 1
4629 1
4630 1
4632 1
4633 2
4636 1
4637 2
4638 3
4639 1
4640 1
4641 1
4642 1
4643 1
4644 2
4645 2
4646 1
4647 1
4648 2
4649 4
4650 1
4653 1
4655 1
4658 1
4659 1
4663 5
4664 2
4667 1
4671 2
4672 1
4673 1
4675 2
4678 1
4680 1
4681 1
4683 2
4685 2
4686 1
4687 2
4689 1
4690 1
4691 3
4693 2
4695 1
4696 2
4697 1
4698 1
4700 4
4702 2
4705 1
4707 3
4709 2
4710 1
4711 2
4713 1
4714 1
4715 2
4718 1
4719 1
4721 3
4722 2
4724 4
4725 2
4726 2
4727 3
4729 1
4733 1
4734 1
4736 3
4737 3
4738 1
4739 1
4740 1
4742 4
4744 1
4746 1
4747 2
4748 2
4749 1
4750 2
4751 1
4752 2
4754 1
4756 1
4757 2
4758 7
4759 1
4760 2
4761 1
4762 1
4765 2
4767 1
4768 1
4769 1
4772 1
4776 1
4777 2
4778 1
4780 3
4781 1
4782 1
4784 4
4786 4
4787 2
4788 1
4789 2
4790 5
4791 1
4792 1
4793 4
4794 1
4795 2
4796 1
4797 3
4799 2
4800 4
4802 3
4804 2
4806 2
4808 2
4810 1
4811 1
4812 1
4813 2
4815 1
4817 1
4818 2
4819 2
4820 3
4822 4
4823 3
4824 2
4825 1
4826 1
4828 1
4829 1
4831 3
4832 1
4834 1
4835 1
4836 4
4837 1
4839 1
4842 1
4843 2
4844 2
4845 1
4846 3
4847 1
4848 1
4849 2
4850 1
4852 2
4853 3
4855 5
4856 3
4858 3
4859 1
4860 2
4861 2
4862 1
4864 5
4865 1
4866 2
4868 2
4869 2
4870 2
4871 1
4872 1
4873 2
4874 3
4876 2
4877 1
4878 1
4879 1
4880 1
4881 1
4882 1
4883 1
4885 2
4886 2
4887 1
4888 2
4889 1
4890 1
4892 1
4894 1
4895 2
4896 1
4897 3
4899 1
4900 2
4901 1
4902 1
4904 6
4905 2
4907 1
4908 2
4909 1
4910 1
4911 1
4913 2
4916 6
4918 4
4919 1
4920 4
4921 2
4922 3
4923 1
4924 2
4925 1
4926 2
4927 1
4928 2
4929 1
4930 3
4931 1
4933 2
4934 1
4935 1
4937 1
4938 1
4939 2
4940 2
4941 1
4944 2
4945 1
4946 2
4947 1
4948 2
4950 1
4951 2
4955 1
4957 1
4960 3
4961 2
4962 1
4966 2
4967 1
4969 1
4970 5
4972 1
4973 1
4974 1
4975 2
4976 2
4977 5
4978 1
4979 3
4980 5
4981 4
4982 11
4983 28
4985 4
4986 12
4988 6
4989 1
4990 3
4991 11
4992 11
4994 5
4995 18
4996 1
4997 6
4998 3
4999 2
5000 1
5001 1
5002 4
5003 2
5004 5
5005 1
5006 3
5008 3
5011 1
5012 4
5013 2
5017 1
5021 1
5022 1
5023 1
5024 1
5026 3
5027 1
5029 2
5030 1
5032 2
5033 3
5035 5
5038 3
5039 1
5043 1
5044 1
5045 1
5048 3
5050 2
5051 2
5052 2
5053 1
5054 1
5056 1
5058 1
5059 1
5060 2
5061 1
5063 1
5064 2
5065 1
5067 1
5068 2
5069 1
5070 1
5072 1
5073 2
5074 1
5075 3
5076 1
5078 3
5079 1
5080 2
5081 1
5082 2
5085 2
5087 1
5089 1
5090 1
5091 1
5092 2
5095 2
5096 1
5097 1
5098 1
5099 1
5100 1
5102 1
5103 2
5104 2
5106 1
5107 2
5108 1
5111 1
5114 1
5116 4
5117 2
5118 1
5120 17
5121 1
5122 1
5123 2
5124 4
5125 3
5126 3
5127 1
5129 2
5131 1
5132 4
5133 1
5135 1
5136 2
5138 2
5140 3
5142 1
5143 1
5146 1
5147 1
5148 2
5149 2
5150 2
5153 2
5154 1
5158 2
5163 1
5164 1
5165 3
5166 1
5168 3
5169 2
5172 5
5173 2
5174 2
5176 4
5177 1
5179 3
5180 1
5181 1
5184 1
5186 1
5189 1
5191 1
5192 2
5194 3
5195 3
5197 3
5198 1
5199 2
5201 1
5204 4
5208 2
5209 1
5210 3
5211 1
5213 2
5214 2
5216 1
5218 3
5219 1
5220 1
5222 2
5224 3
5225 1
5226 2
5227 2
5228 2
5229 2
5230 2
5231 2
5232 3
5233 3
5234 2
5239 4
5240 6
5241 2
5243 1
5245 6
5246 4
5247 1
5248 5
5251 2
5252 2
5256 1
5260 2
5265 1
5268 2
5269 2
5270 1
5271 1
5272 1
5273 5
5275 2
5276 1
5277 2
5278 1
5279 2
5280 3
5281 5
5282 3
5283 1
5285 1
5286 2
5288 1
5290 1
5291 2
5292 3
5293 1
5296 4
5297 1
5298 1
5299 2
5300 1
5302 1
5303 1
5305 1
5308 2
5310 1
5311 1
5312 5
5313 1
5314 2
5315 2
5316 1
5317 2
5318 3
5319 1
5320 3
5321 1
5322 1
5323 1
5324 1
5325 1
5327 1
5328 4
5331 1
5332 1
5333 1
5334 1
5335 1
5336 2
5338 3
5339 1
5340 4
5341 1
5342 2
5344 5
5346 1
5348 5
5349 1
5350 1
5351 2
5352 2
5353 1
5354 1
5356 2
5357 2
5359 1
5360 5
5363 1
5365 1
5366 2
5367 1
5368 2
5370 1
5371 1
5372 1
5373 2
5374 1
5375 1
5376 3
5378 1
5379 1
5380 4
5381 1
5382 5
5383 3
5385 2
5386 3
5388 3
5391 3
5392 4
5393 1
5395 1
5396 6
5397 1
5398 7
5399 1
5400 1
5402 7
5404 3
5405 2
5406 1
5407 3
5408 3
5409 1
5411 2
5412 1
5413 1
5416 2
5417 2
5419 1
5420 1
5421 1
5422 1
5424 1
5427 1
5428 1
5430 1
5431 1
5432 1
5433 2
5434 1
5435 1
5436 2
5439 1
5440 1
5441 2
5444 2
5448 1
5449 2
5450 2
5451 1
5452 1
5457 2
5459 1
5460 3
5462 2
5464 3
5465 2
5466 1
5467 3
5468 5
5470 1
5472 4
5473 2
5474 2
5475 1
5478 1
5480 2
5483 1
5484 2
5486 1
5488 1
5492 1
5493 3
5494 1
5497 1
5498 2
5500 6
5501 1
5502 1
5503 2
5504 4
5506 3
5507 1
5508 1
5510 3
5513 2
5515 1
5516 1
5517 1
5518 1
5519 1
5526 1
5531 1
5532 1
5533 3
5534 1
5536 3
5537 1
5538 1
5539 1
5540 4
5541 2
5544 3
5545 2
5546 3
5548 5
5552 2
5553 2
5554 1
5556 3
5557 1
5559 2
5560 1
5561 1
5563 2
5564 1
5566 1
5567 4
5568 2
5569 2
5570 1
5572 3
5573 1
5574 1
5575 1
5576 2
5577 2
5578 1
5579 3
5580 1
5581 1
5582 2
5584 1
5585 1
5586 1
5588 3
5589 2
5590 3
5592 1
5593 1
5598 2
5599 3
5601 1
5603 1
5604 2
5608 1
5612 3
5614 2
5615 2
5616 1
5618 4
5621 3
5624 2
5625 3
5626 1
5628 2
5630 1
5631 2
5632 9
5634 4
5635 1
5637 1
5638 3
5639 1
5642 1
5643 1
5645 4
5646 2
5648 6
5650 1
5651 1
5653 1
5654 3
5655 1
5656 3
5657 2
5658 1
5659 1
5663 3
5665 3
5667 1
5671 1
5672 2
5674 3
5675 1
5677 1
5678 1
5680 2
5683 1
5684 2
5688 1
5689 2
5691 2
5692 2
5693 2
5694 2
5696 3
5697 1
5698 1
5699 1
5700 4
5701 1
5702 1
5705 2
5707 1
5708 1
5710 1
5711 1
5715 2
5717 3
5718 2
5719 1
5720 1
5722 2
5723 1
5725 3
5730 1
5732 2
5733 1
5734 2
5735 1
5736 1
5738 1
5740 1
5742 1
5743 1
5744 3
5745 1
5746 2
5748 3
5749 1
5750 1
5751 1
5752 1
5753 2
5755 1
5758 1
5759 1
5760 3
5762 2
5764 1
5765 1
5766 1
5767 1
5768 1
5769 1
5770 2
5772 4
5775 1
5776 3
5778 1
5779 1
5780 1
5783 2
5784 1
5785 1
5788 2
5790 1
5791 2
5792 1
5793 1
5796 1
5799 2
5802 1
5803 2
5804 2
5808 3
5810 1
5811 2
5812 1
5813 4
5814 1
5815 2
5817 2
5818 1
5820 1
5821 2
5823 2
5824 4
5827 1
5830 1
5833 8
5834 1
5836 2
5837 1
5839 2
5840 3
5842 1
5845 1
5846 1
5851 2
5853 1
5855 3
5856 7
5857 1
5859 2
5860 2
5861 1
5863 2
5864 1
5865 1
5866 2
5867 1
5868 2
5869 1
5870 1
5871 2
5872 3
5873 2
5875 1
5876 1
5878 1
5880 2
5881 2
5882 2
5884 1
5886 1
5887 2
5888 5
5891 1
5892 1
5895 2
5896 2
5897 1
5898 1
5903 1
5904 2
5907 3
5909 3
5913 4
5914 4
5918 1
5919 1
5920 3
5923 2
5924 2
5926 1
5927 1
5928 5
5929 1
5930 1
5932 1
5933 2
5935 1
5936 1
5938 2
5939 1
5940 2
5941 1
5942 1
5944 1
5946 2
5948 1
5949 1
5951 1
5952 2
5953 1
5956 1
5959 1
5961 1
5962 2
5964 3
5966 1
5968 2
5969 3
5972 2
5973 3
5979 2
5980 3
5982 1
5983 2
5988 3
5990 1
5991 1
5992 1
5993 1
5994 6
5996 1
5998 1
6000 3
6001 2
6003 1
6004 1
6005 1
6009 3
6011 3
6012 2
6013 2
6014 1
6016 3
6018 1
6019 1
6020 2
6021 1
6022 2
6023 3
6024 8
6026 2
6028 1
6035 1
6036 1
6040 2
6043 2
6045 1
6048 3
6050 2
6052 2
6053 1
6056 1
6057 3
6058 2
6059 2
6061 2
6062 1
6063 1
6065 2
6066 1
6067 1
6068 1
6070 1
6072 1
6074 1
6075 1
6077 1
6078 1
6080 1
6081 4
6083 1
6084 1
6085 1
6086 1
6087 1
6088 1
6093 1
6096 1
6098 1
6100 5
6102 1
6107 2
6108 2
6112 1
6114 1
6115 1
6116 1
6119 2
6120 3
6121 1
6122 1
6123 2
6124 3
6125 1
6126 1
6127 2
6129 1
6132 1
6133 1
6135 1
6137 1
6139 1
6141 1
6144 61
6147 1
6148 1
6150 2
6151 2
6154 2
6157 2
6158 1
6160 2
6161 1
6162 3
6164 1
6165 1
6166 1
6168 1
6169 2
6172 4
6174 1
6175 1
6176 2
6177 1
6178 2
6180 1
6182 1
6183 1
6184 1
6185 1
6188 2
6190 2
6191 1
6192 1
6193 2
6194 1
6196 1
6200 1
6203 2
6204 1
6206 4
6207 1
6208 2
6209 1
6210 2
6213 1
6215 1
6217 2
6219 1
6220 1
6222 1
6224 4
6226 1
6229 1
6232 2
6237 2
6239 1
6240 2
6241 1
6244 4
6245 2
6247 1
6251 2
6252 1
6254 2
6256 1
6257 1
6258 1
6260 3
6261 1
6262 3
6263 1
6264 3
6266 1
6269 4
6270 1
6271 1
6272 1
6275 1
6276 3
6277 1
6278 1
6279 2
6282 2
6284 2
6286 2
6287 1
6288 1
6289 1
6291 2
6293 1
6299 1
6302 1
6304 1
6305 1
6307 1
6308 3
6310 3
6311 1
6312 3
6314 1
6316 1
6318 4
6319 1
6321 1
6323 3
6327 2
6328 2
6329 1
6330 1
6331 3
6333 1
6334 3
6335 1
6336 5
6339 1
6340 2
6341 1
6342 1
6344 3
6346 1
6349 1
6351 1
6353 1
6354 1
6356 3
6357 1
6359 1
6360 1
6361 4
6363 2
6364 5
6366 1
6368 1
6370 1
6371 1
6373 2
6374 2
6378 3
6380 1
6381 2
6382 1
6383 1
6384 2
6385 1
6387 1
6390 2
6391 1
6392 1
6393 1
6394 1
6395 1
6396 1
6399 1
6400 5
6401 1
6403 3
6404 1
6405 3
6406 1
6408 1
6409 1
6410 1
6411 1
6412 1
6413 1
6414 1
6415 1
6416 1
6418 1
6419 3
6422 1
6423 2
6424 1
6425 3
6428 1
6430 1
6432 2
6434 1
6435 1
6436 1
6438 2
6440 1
6442 4
6444 4
6445 1
6448 2
6449 1
6450 1
6452 2
6453 2
6455 2
6456 3
6458 1
6460 1
6463 1
6466 2
6471 1
6472 1
6474 1
6477 1
6480 1
6481 2
6483 1
6484 1
6488 1
6490 3
6491 1
6494 2
6495 2
6496 1
6500 2
6501 1
6502 3
6503 3
6506 2
6511 2
6513 1
6515 1
6516 1
6520 1
6523 2
6524 1
6525 2
6526 1
6528 2
6534 2
6536 1
6538 2
6539 1
6541 1
6544 1
6545 1
6546 1
6548 1
6551 3
6555 1
6556 1
6557 2
6560 1
6561 2
6563 2
6564 1
6567 1
6568 5
6569 1
6572 1
6580 1
6581 1
6582 1
6583 2
6584 1
6585 1
6587 1
6588 1
6591 1
6592 1
6593 1
6594 2
6596 1
6597 1
6598 5
6599 2
6601 1
6609 1
6610 1
6612 2
6614 1
6616 2
6617 1
6618 1
6619 1
6620 2
6621 1
6624 4
6625 2
6628 5
6629 1
6632 1
6633 2
6634 5
6635 2
6636 4
6640 8
6643 2
6644 10
6645 1
6648 3
6649 1
6652 9
6654 2
6656 7
6660 5
6661 1
6664 3
6666 2
6668 3
6669 1
6670 1
6671 1
6672 5
6674 1
6676 7
6677 1
6678 1
6681 1
6682 2
6685 1
6686 1
6687 3
6688 1
6690 1
6692 1
6694 1
6695 2
6696 1
6700 2
6702 1
6703 1
6704 4
6705 1
6707 2
6708 1
6711 1
6712 1
6713 1
6715 1
6716 6
6718 15
6720 2
6724 1
6726 1
6728 2
6729 4
6734 1
6736 4
6738 1
6739 3
6740 1
6744 2
6746 1
6747 1
6750 1
6751 1
6752 1
6754 1
6755 1
6756 1
6757 2
6758 1
6759 2
6760 1
6761 2
6762 1
6763 1
6766 6
6767 1
6771 3
6772 4
6773 4
6774 2
6775 2
6776 5
6777 2
6778 4
6780 1
6781 1
6783 2
6785 1
6788 5
6789 1
6791 2
6792 1
6794 1
6799 1
6801 1
6803 3
6804 3
6807 2
6812 1
6813 1
6815 1
6816 1
6820 1
6824 1
6827 1
6828 2
6830 3
6832 1
6833 1
6834 1
6835 3
6836 1
6837 1
6838 1
6839 1
6840 1
6841 1
6842 1
6844 1
6845 1
6850 1
6852 4
6855 3
6856 2
6859 2
6863 2
6864 1
6871 1
6872 1
6874 2
6876 3
6877 5
6878 1
6879 1
6880 2
6881 1
6882 1
6883 2
6884 4
6885 1
6887 1
6889 1
6890 2
6891 1
6892 3
6895 2
6897 1
6899 1
6900 1
6904 2
6905 6
6906 1
6911 2
6912 3
6916 1
6919 1
6921 2
6922 1
6924 4
6925 2
6926 1
6928 1
6929 1
6930 2
6932 1
6935 1
6937 1
6942 1
6943 1
6945 1
6947 3
6949 1
6952 1
6955 1
6960 4
6961 1
6964 2
6968 1
6970 1
6972 1
6973 1
6976 1
6978 1
6979 1
6981 1
6982 1
6984 1
6986 1
6987 1
6991 2
6995 2
7002 2
7003 1
7005 2
7008 1
7009 1
7010 1
7011 1
7012 3
7013 1
7015 1
7017 1
7019 3
7022 1
7023 3
7025 1
7026 1
7029 2
7030 1
7032 2
7034 1
7036 2
7037 1
7040 1
7043 3
7044 2
7048 3
7051 3
7052 1
7054 1
7055 3
7056 3
7057 1
7060 4
7062 1
7064 1
7068 2
7069 4
7071 1
7072 2
7073 1
7074 1
7075 2
7076 1
7078 3
7080 1
7083 1
7084 2
7086 3
7090 7
7092 2
7094 1
7095 1
7097 1
7098 1
7101 2
7106 1
7112 1
7113 1
7114 1
7116 1
7117 1
7118 1
7120 3
7121 1
7123 2
7124 1
7126 1
7130 1
7131 1
7132 1
7136 1
7137 1
7139 2
7140 5
7142 1
7143 1
7144 1
7146 1
7148 1
7149 1
7150 1
7151 1
7154 1
7156 1
7157 1
7158 2
7162 1
7163 5
7164 1
7168 11
7169 1
7171 3
7172 3
7173 2
7176 1
7178 1
7179 1
7181 1
7183 2
7184 3
7188 1
7192 1
7193 2
7198 1
7201 1
7208 2
7210 4
7211 2
7212 2
7217 2
7218 1
7220 4
7223 2
7224 1
7227 2
7228 1
7230 1
7231 2
7236 1
7237 1
7245 2
7246 2
7251 1
7252 2
7254 1
7257 1
7260 1
7262 1
7266 3
7271 1
7272 1
7273 2
7275 1
7276 2
7285 1
7292 1
7298 3
7300 3
7301 1
7305 1
7312 1
7313 1
7314 1
7316 1
7317 2
7318 3
7323 1
7324 1
7325 1
7326 1
7332 2
7333 1
7334 1
7335 1
7337 1
7338 1
7340 1
7344 2
7346 2
7347 6
7348 1
7351 4
7356 1
7357 1
7360 1
7362 1
7363 2
7365 1
7366 2
7367 1
7370 1
7371 2
7373 2
7375 1
7376 1
7377 1
7384 2
7388 3
7397 2
7398 1
7404 1
7407 1
7411 1
7416 2
7420 2
7421 1
7423 1
7424 4
7427 1
7428 1
7431 1
7438 2
7439 4
7441 1
7443 4
7444 1
7445 1
7446 1
7448 4
7450 1
7451 2
7452 1
7459 1
7460 2
7461 2
7463 1
7464 1
7467 1
7468 1
7469 1
7470 1
7472 1
7474 3
7479 1
7483 1
7484 2
7487 2
7488 2
7500 2
7503 1
7506 1
7508 2
7509 2
7512 3
7516 1
7519 2
7520 1
7521 2
7525 1
7529 1
7532 1
7533 1
7534 1
7535 1
7539 1
7540 3
7542 1
7544 1
7549 1
7555 2
7556 1
7561 1
7571 1
7575 3
7576 2
7578 1
7580 2
7581 2
7582 1
7584 1
7587 1
7588 2
7590 2
7591 1
7598 1
7599 1
7600 1
7602 1
7603 1
7605 3
7607 1
7612 1
7619 3
7620 1
7623 1
7624 4
7625 1
7627 1
7630 1
7636 2
7639 1
7640 2
7641 1
7642 1
7645 1
7646 2
7648 1
7649 2
7653 2
7654 1
7662 1
7664 1
7665 2
7666 1
7668 3
7673 1
7676 3
7678 1
7679 1
7680 4
7682 1
7683 1
7684 1
7688 1
7689 2
7690 1
7692 3
7693 1
7696 2
7700 4
7702 2
7703 2
7710 6
7716 2
7719 1
7720 1
7722 1
7726 1
7729 3
7730 1
7731 2
7732 1
7734 1
7737 1
7740 3
7746 1
7748 1
7750 1
7751 1
7753 2
7754 2
7755 3
7756 1
7758 1
7762 1
7763 1
7766 1
7772 1
7776 2
7778 2
7779 1
7780 1
7794 2
7795 1
7796 3
7797 1
7798 1
7799 1
7805 1
7806 9
7807 1
7810 1
7816 1
7817 1
7822 1
7823 1
7826 1
7828 1
7832 1
7834 2
7836 1
7842 1
7847 1
7849 2
7851 1
7860 3
7861 1
7863 2
7867 2
7868 2
7869 1
7872 2
7875 2
7879 3
7881 1
7882 2
7883 1
7885 2
7887 1
7891 1
7897 1
7898 1
7900 2
7901 2
7903 1
7904 1
7905 2
7907 2
7908 1
7914 1
7915 1
7917 1
7924 1
7926 2
7927 4
7928 1
7929 1
7931 1
7932 2
7933 1
7936 1
7941 1
7944 2
7945 4
7946 1
7948 2
7951 1
7959 1
7963 1
7964 2
7965 1
7968 1
7971 1
7976 1
7978 2
7979 1
7980 1
7981 1
7983 1
7984 2
7986 2
7989 1
7990 1
7993 2
7997 2
7998 1
8000 3
8003 1
8004 2
8005 1
8006 1
8013 1
8015 1
8021 1
8026 1
8032 1
8036 1
8037 1
8043 1
8044 1
8047 1
8054 2
8055 1
8056 1
8058 1
8059 2
8061 1
8062 2
8064 1
8076 4
8085 2
8088 1
8091 1
8095 1
8096 3
8097 1
8098 2
8100 2
8102 2
8106 1
8107 1
8108 3
8109 1
8110 1
8112 1
8118 2
8123 1
8125 1
8126 2
8132 2
8135 1
8138 1
8139 2
8140 1
8144 1
8148 2
8149 2
8150 1
8151 2
8152 1
8153 1
8157 1
8165 1
8171 1
8172 3
8176 1
8177 5
8178 2
8180 2
8183 1
8184 1
8185 2
8188 1
8190 1
8191 1
8192 5
8196 1
8200 1
8207 1
8208 1
8212 1
8214 2
8216 1
8218 1
8219 3
8220 2
8221 1
8225 1
8226 2
8230 1
8232 1
8235 1
8236 1
8237 1
8241 1
8245 1
8248 2
8249 1
8257 1
8258 2
8260 3
8262 2
8263 2
8265 1
8271 1
8272 2
8276 1
8279 1
8280 2
8284 1
8286 1
8290 1
8291 1
8292 1
8293 1
8296 1
8300 1
8301 3
8302 2
8304 1
8308 1
8311 1
8318 1
8324 3
8328 2
8329 1
8330 1
8332 2
8333 1
8334 2
8335 1
8336 1
8337 1
8340 1
8347 1
8348 3
8349 1
8355 3
8360 1
8364 1
8368 4
8369 1
8370 1
8371 1
8372 2
8373 1
8374 1
8376 1
8379 1
8380 1
8381 1
8384 2
8388 1
8392 1
8393 1
8395 1
8397 1
8399 1
8400 2
8407 1
8411 2
8415 1
8416 2
8417 2
8420 2
8422 1
8423 3
8429 1
8435 1
8436 2
8437 2
8439 3
8441 1
8443 1
8445 1
8448 3
8450 1
8452 1
8454 2
8455 1
8456 1
8459 1
8463 3
8465 1
8468 1
8469 1
8475 1
8479 1
8481 1
8484 1
8485 2
8487 1
8488 1
8493 2
8496 1
8497 1
8498 1
8500 2
8505 1
8510 1
8512 2
8514 1
8516 1
8521 2
8524 1
8526 1
8531 8
8533 4
8540 1
8543 1
8544 1
8548 2
8549 1
8551 2
8552 1
8553 1
8554 1
8560 2
8563 1
8564 2
8565 1
8568 2
8569 1
8571 1
8573 1
8574 1
8576 3
8580 1
8581 1
8582 1
8584 2
8585 1
8589 1
8593 1
8594 2
8596 1
8603 1
8610 1
8612 1
8615 1
8617 1
8619 2
8621 1
8622 1
8623 1
8624 1
8627 1
8630 1
8631 1
8636 2
8640 2
8642 2
8645 2
8646 1
8648 2
8652 1
8653 1
8655 6
8658 1
8660 2
8665 2
8667 1
8668 2
8671 1
8672 2
8676 3
8680 1
8684 3
8685 1
8686 1
8687 2
8692 1
8700 2
8701 1
8702 1
8703 1
8704 5
8705 1
8706 1
8707 1
8713 1
8715 1
8716 1
8720 1
8724 1
8729 1
8730 2
8734 2
8735 1
8740 1
8745 1
8749 1
8752 1
8757 1
8759 1
8764 1
8767 3
8772 1
8777 1
8779 2
8780 1
8783 1
8784 2
8788 2
8790 1
8791 1
8792 1
8794 1
8796 4
8800 1
8803 1
8804 1
8805 1
8809 1
8812 1
8814 1
8819 1
8825 2
8828 1
8836 2
8840 1
8841 1
8843 1
8847 1
8854 1
8858 2
8859 1
8864 2
8867 1
8868 1
8872 1
8874 1
8877 1
8880 1
8884 1
8885 1
8887 1
8892 1
8894 1
8897 2
8902 1
8906 2
8907 2
8915 1
8921 1
8922 1
8930 2
8935 2
8936 2
8940 1
8943 1
8948 1
8949 1
8951 1
8954 1
8955 2
8956 1
8960 4
8961 2
8967 1
8973 1
8974 1
8975 1
8976 1
8977 2
8984 2
8985 1
8988 1
8993 1
8995 1
8999 2
9000 1
9001 1
9004 3
9008 4
9012 2
9020 2
9021 1
9022 1
9024 1
9044 4
9048 3
9051 1
9056 4
9060 3
9061 1
9064 1
9066 1
9075 1
9084 1
9088 3
9093 1
9094 1
9100 4
9102 1
9103 1
9105 2
9110 1
9112 4
9119 1
9120 1
9125 1
9127 1
9130 1
9132 2
9133 1
9134 1
9138 1
9140 1
9141 1
9148 1
9155 1
9160 1
9161 1
9162 1
9164 2
9165 1
9166 1
9167 2
9168 1
9169 1
9170 1
9171 1
9172 2
9173 2
9174 1
9176 1
9178 2
9179 1
9180 3
9184 2
9188 1
9195 1
9196 1
9197 2
9198 1
9200 1
9202 1
9203 1
9204 1
9214 1
9215 1
9216 7
9220 3
9221 1
9228 1
9232 1
9236 3
9237 1
9238 1
9240 1
9247 1
9250 1
9252 1
9257 1
9258 1
9259 1
9260 1
9264 5
9265 2
9267 1
9268 1
9269 2
9271 1
9273 1
9275 1
9276 2
9277 2
9279 1
9280 3
9283 1
9284 2
9300 1
9301 1
9304 1
9305 1
9307 1
9308 1
9310 2
9321 2
9324 1
9327 1
9328 1
9332 1
9334 1
9338 1
9343 1
9344 1
9345 2
9347 1
9348 2
9350 2
9351 1
9352 2
9353 1
9358 1
9360 1
9361 2
9362 2
9367 1
9371 1
9373 1
9376 1
9378 1
9381 1
9383 1
9384 1
9388 1
9390 1
9393 1
9395 1
9397 1
9402 1
9412 2
9420 1
9427 1
9428 2
9429 1
9430 1
9433 1
9434 1
9435 2
9436 1
9437 1
9439 2
9440 1
9442 2
9443 3
9444 1
9453 1
9456 1
9459 1
9460 4
9461 3
9464 1
9467 2
9468 1
9472 1
9476 1
9484 1
9487 1
9488 1
9489 3
9492 1
9498 7
9502 1
9507 2
9508 1
9510 1
9511 1
9519 1
9524 1
9527 2
9532 3
9534 1
9536 1
9539 1
9540 1
9542 3
9547 2
9548 2
9553 2
9554 1
9556 1
9561 2
9564 2
9566 1
9568 1
9569 3
9573 2
9574 1
9582 1
9583 1
9584 2
9591 1
9593 1
9594 1
9598 1
9601 2
9602 2
9606 2
9608 1
9609 1
9611 1
9612 1
9615 1
9618 1
9620 4
9627 2
9629 1
9630 2
9633 2
9635 1
9640 2
9641 1
9643 1
9644 1
9647 1
9650 3
9651 2
9652 3
9657 1
9658 1
9660 1
9661 1
9666 2
9668 2
9669 1
9674 1
9676 1
9678 1
9682 1
9685 1
9699 1
9703 1
9705 2
9706 1
9708 1
9709 2
9710 3
9718 1
9724 3
9726 1
9728 4
9729 1
9730 1
9735 1
9736 1
9748 1
9751 1
9754 1
9756 2
9758 1
9761 1
9762 2
9764 1
9768 2
9778 1
9781 1
9787 1
9790 2
9796 3
9799 1
9800 1
9803 1
9811 1
9822 2
9827 2
9829 1
9832 1
9839 1
9840 1
9841 1
9842 1
9846 1
9848 2
9851 1
9856 2
9857 1
9862 1
9864 1
9866 1
9867 1
9870 1
9876 1
9877 3
9878 1
9884 5
9885 1
9887 1
9891 1
9892 1
9894 1
9896 1
9897 2
9906 2
9907 1
9909 2
9914 1
9920 1
9922 1
9926 1
9928 1
9929 1
9936 5
9937 1
9941 1
9946 1
9948 1
9964 2
9971 1
9973 1
9977 2
9978 4
9980 1
9981 1
9984 2
9986 1
9987 1
9989 1
9990 1
9991 1
9996 1
10000 2
10001 2
10004 1
10006 1
10012 7
10013 1
10024 1
10031 1
10033 2
10035 2
10037 1
10044 1
10052 2
10054 1
10056 1
10058 1
10060 3
10061 1
10063 1
10064 1
10068 1
10074 1
10076 2
10080 2
10084 1
10088 1
10096 1
10100 1
10101 2
10104 1
10108 1
10110 2
10120 1
10121 1
10122 1
10123 1
10124 1
10128 2
10132 1
10136 1
10140 2
10142 1
10146 2
10148 1
10156 1
10157 1
10159 2
10160 1
10161 1
10164 1
10168 1
10169 1
10171 1
10175 3
10177 1
10179 1
10187 1
10188 1
10196 1
10198 1
10199 1
10205 1
10208 1
10209 1
10211 1
10215 1
10221 2
10224 1
10229 1
10230 2
10231 1
10232 1
10234 1
10237 1
10239 1
10240 9
10241 1
10245 1
10251 1
10252 2
10256 1
10257 1
10258 1
10259 2
10260 1
10262 1
10263 1
10268 1
10270 1
10271 1
10274 1
10277 1
10278 1
10283 1
10284 1
10285 2
10289 1
10291 1
10292 1
10294 1
10298 1
10299 1
10300 1
10304 1
10308 1
10310 2
10312 2
10315 1
10316 2
10322 1
10329 1
10334 1
10342 1
10343 1
10348 1
10351 1
10356 1
10358 4
10359 1
10360 1
10361 2
10364 1
10366 1
10368 1
10372 2
10374 1
10376 1
10377 1
10380 1
10382 1
10383 1
10385 1
10390 1
10396 2
10402 1
10404 1
10410 2
10414 3
10422 1
10427 1
10428 1
10432 4
10434 1
10437 2
10438 2
10445 2
10449 1
10454 1
10455 1
10463 1
10466 1
10468 1
10472 2
10475 1
10477 1
10482 1
10485 2
10486 1
10488 2
10489 1
10492 1
10494 1
10495 1
10496 2
10497 3
10503 1
10506 1
10507 1
10509 1
10524 3
10525 1
10528 1
10531 1
10537 1
10540 2
10546 2
10549 1
10551 1
10555 5
10561 1
10563 1
10564 2
10567 1
10572 2
10576 1
10581 2
10588 3
10591 1
10592 1
10593 1
10596 4
10597 1
10598 1
10600 2
10602 1
10603 1
10604 1
10612 3
10624 2
10625 1
10628 2
10629 1
10631 1
10632 1
10634 1
10635 1
10637 1
10640 1
10646 5
10649 1
10656 1
10663 1
10676 2
10677 1
10678 1
10684 1
10686 1
10690 1
10692 3
10693 1
10697 1
10703 1
10708 4
10709 1
10723 1
10726 1
10728 1
10731 1
10732 1
10735 1
10745 1
10751 1
10752 5
10753 1
10756 1
10757 1
10761 1
10771 1
10772 3
10776 1
10779 1
10789 1
10791 1
10793 4
10797 3
10800 1
10804 1
10812 1
10815 1
10820 1
10822 1
10824 1
10830 1
10834 1
10840 2
10846 1
10847 1
10848 2
10855 2
10858 1
10860 1
10864 1
10867 1
10874 1
10876 1
10880 2
10881 2
10885 1
10886 1
10887 2
10892 2
10901 1
10904 2
10912 1
10913 2
10914 1
10920 1
10928 3
10930 1
10940 2
10941 1
10942 1
10944 1
10945 1
10948 1
10951 1
10953 10
10954 1
10956 1
10957 1
10962 1
10963 1
10967 4
10973 1
10975 1
10979 1
10989 1
10990 1
10992 3
10996 1
10997 1
11000 1
11001 1
11008 1
11013 2
11016 2
11021 1
11025 1
11026 1
11027 1
11029 1
11034 1
11035 1
11038 1
11039 2
11041 1
11045 1
11046 1
11052 1
11055 1
11056 1
11065 1
11075 2
11081 2
11083 1
11099 1
11100 1
11102 1
11105 2
11106 1
11108 1
11110 1
11112 1
11113 1
11117 1
11122 3
11123 1
11124 1
11125 2
11127 1
11129 1
11132 1
11141 1
11144 2
11149 1
11153 1
11154 1
11159 1
11161 2
11164 1
11167 2
11168 1
11171 1
11172 3
11175 1
11176 2
11188 1
11192 1
11193 2
11196 2
11200 1
11206 2
11207 1
11211 1
11228 2
11229 1
11232 1
11234 1
11235 1
11236 1
11239 1
11244 1
11250 2
11253 2
11256 1
11264 2
11273 4
11279 3
11281 1
11282 1
11286 1
11287 1
11300 1
11304 1
11306 1
11307 1
11308 1
11309 1
11312 4
11314 1
11318 1
11322 1
11327 1
11331 1
11339 1
11344 1
11346 1
11348 3
11349 1
11351 2
11353 1
11378 2
11379 2
11380 2
11381 2
11384 1
11385 1
11387 1
11390 7
11394 1
11398 1
11399 1
11403 1
11404 1
11406 1
11416 1
11431 2
11434 1
11442 1
11446 2
11447 1
11449 1
11451 1
11456 3
11464 1
11469 1
11471 1
11478 1
11488 1
11491 3
11492 1
11496 3
11498 1
11511 1
11512 1
11514 1
11516 1
11518 2
11520 1
11522 1
11528 1
11539 1
11542 1
11548 1
11549 1
11552 3
11567 2
11569 1
11572 1
11573 2
11576 1
11582 1
11585 1
11587 1
11596 1
11599 1
11609 1
11611 1
11613 1
11618 1
11635 2
11636 2
11637 2
11640 2
11643 2
11648 1
11650 3
11653 2
11654 1
11655 1
11656 1
11658 1
11660 2
11669 1
11672 1
11674 1
11676 1
11678 1
11683 2
11688 1
11691 1
11694 1
11698 1
11700 1
11704 1
11709 1
11716 1
11728 1
11743 1
11744 2
11748 1
11753 1
11757 1
11759 2
11761 1
11764 1
11765 1
11776 3
11780 1
11784 1
11786 1
11807 1
11808 2
11809 1
11810 1
11816 1
11820 1
11821 1
11822 1
11825 1
11830 1
11839 1
11844 1
11846 1
11850 3
11851 1
11859 1
11860 1
11862 1
11876 1
11877 3
11884 2
11889 4
11893 1
11902 2
11904 2
11905 1
11915 1
11920 2
11922 1
11927 1
11928 1
11936 1
11937 1
11938 1
11939 1
11944 1
11945 1
11947 1
11948 1
11950 1
11954 1
11955 2
11957 1
11963 4
11972 1
11975 1
11976 1
11985 1
11989 3
11990 1
11991 1
11992 1
12000 1
12005 1
12007 1
12012 2
12015 1
12017 1
12025 1
12036 1
12041 1
12045 1
12049 5
12052 2
12053 1
12058 2
12068 1
12071 1
12087 1
12092 1
12097 1
12099 1
12101 1
12116 1
12118 3
12120 1
12121 1
12122 1
12125 2
12129 1
12132 1
12137 1
12142 1
12148 1
12155 2
12161 1
12168 1
12172 1
12176 1
12182 1
12187 1
12188 1
12194 1
12196 1
12202 1
12204 1
12205 1
12209 1
12210 1
12211 1
12215 1
12218 1
12221 1
12224 2
12226 49
12230 1
12235 1
12239 1
12242 1
12243 1
12244 1
12248 1
12250 1
12252 1
12254 2
12255 1
12256 2
12258 1
12273 1
12276 1
12278 1
12284 1
12288 5
12307 1
12311 1
12312 1
12319 1
12332 2
12336 1
12339 1
12340 2
12349 1
12351 1
12355 1
12361 1
12372 1
12381 1
12384 2
12400 2
12403 1
12404 1
12412 1
12416 1
12420 1
12428 2
12429 1
12433 3
12434 1
12440 1
12441 1
12442 1
12448 1
12450 1
12460 2
12461 1
12464 1
12467 1
12468 1
12488 1
12494 2
12501 1
12502 1
12512 2
12524 2
12540 1
12544 5
12552 1
12557 1
12559 1
12568 1
12569 2
12571 1
12582 1
12598 2
12602 1
12607 1
12615 1
12619 1
12620 2
12622 1
12625 1
12627 1
12643 1
12644 1
12650 1
12657 1
12671 2
12672 2
12678 1
12684 3
12687 1
12688 1
12689 2
12692 1
12699 1
12700 1
12701 1
12704 2
12707 1
12717 1
12718 1
12719 1
12725 1
12729 1
12736 1
12743 1
12749 2
12754 3
12759 1
12764 5
12770 1
12780 3
12785 1
12786 2
12788 2
12790 1
12793 2
12796 1
12800 7
12801 1
12806 1
12814 1
12815 1
12820 3
12829 1
12853 1
12861 4
12871 1
12873 2
12874 1
12875 1
12878 1
12880 1
12888 1
12890 1
12895 1
12904 1
12905 1
12912 1
12920 2
12924 1
12928 1
12930 1
12932 1
12938 2
12940 1
12942 1
12944 6
12945 1
12948 1
12949 1
12960 5
12963 3
12968 1
12971 1
12974 1
12976 1
12989 1
12992 1
12996 1
13005 1
13008 1
13018 1
13020 1
13022 1
13030 1
13033 1
13036 5
13048 1
13049 1
13052 2
13056 3
13061 1
13065 1
13068 3
13071 4
13075 2
13081 1
13084 1
13086 1
13092 1
13095 1
13100 3
13104 1
13105 1
13112 1
13118 2
13133 1
13148 1
13154 1
13159 1
13161 1
13168 2
13169 2
13170 3
13174 1
13184 1
13188 1
13190 1
13196 1
13198 1
13199 1
13200 1
13218 1
13219 1
13220 1
13221 1
13230 12
13236 1
13239 1
13244 1
13245 1
13248 1
13251 1
13253 1
13259 1
13262 1
13266 10
13273 1
13280 2
13283 1
13291 1
13300 1
13304 1
13305 1
13306 1
13308 1
13312 5
13319 2
13321 1
13324 2
13330 1
13344 1
13347 1
13348 2
13352 1
13355 1
13357 1
13361 1
13365 1
13372 1
13379 1
13382 1
13383 1
13386 1
13394 2
13404 2
13406 1
13407 2
13424 1
13429 1
13435 1
13436 1
13437 1
13440 1
13444 2
13447 2
13452 3
13457 2
13461 1
13464 1
13465 1
13467 1
13476 1
13479 1
13484 1
13487 1
13503 1
13504 1
13506 2
13512 1
13517 1
13518 3
13529 1
13534 1
13538 2
13552 1
13559 1
13563 1
13564 1
13573 1
13580 1
13585 1
13588 1
13592 1
13596 1
13600 1
13613 1
13617 1
13623 1
13625 1
13632 1
13633 1
13634 1
13654 1
13657 1
13663 1
13676 2
13684 1
13701 1
13712 1
13714 2
13717 1
13720 2
13724 1
13725 1
13727 1
13734 1
13738 1
13740 1
13745 1
13753 4
13756 1
13757 1
13761 1
13762 1
13777 1
13779 1
13781 1
13788 3
13794 1
13795 1
13804 1
13808 2
13818 3
13824 5
13827 1
13832 1
13834 1
13844 2
13846 1
13856 1
13876 1
13879 1
13880 1
13884 1
13888 1
13894 3
13895 1
13904 2
13910 2
13912 1
13915 1
13919 2
13920 1
13929 1
13930 1
13932 1
13933 1
13943 1
13947 2
13950 1
13954 1
13959 1
13960 2
13981 3
13985 1
13988 1
13996 1
14000 1
14001 1
14003 1
14004 1
14015 1
14028 2
14035 1
14036 2
14047 1
14048 1
14054 1
14060 1
14068 1
14069 1
14099 1
14108 2
14109 1
14123 1
14125 1
14131 1
14132 1
14144 2
14152 1
14157 1
14169 1
14188 1
14196 1
14203 2
14210 1
14213 4
14227 1
14229 1
14232 1
14244 2
14250 1
14259 1
14260 1
14264 1
14268 1
14274 1
14279 1
14282 1
14308 1
14309 1
14314 1
14323 1
14326 1
14332 1
14336 6
14337 1
14340 2
14357 1
14367 1
14368 1
14372 1
14377 1
14380 2
14397 1
14400 1
14412 1
14414 1
14428 1
14434 1
14436 1
14438 1
14452 1
14461 1
14467 1
14468 1
14479 1
14492 4
14500 1
14503 1
14509 2
14518 1
14528 2
14533 1
14544 1
14548 1
14550 1
14552 1
14556 1
14564 3
14569 1
14585 1
14592 3
14593 3
14612 2
14615 2
14618 1
14624 1
14632 1
14648 1
14653 1
14660 2
14678 1
14680 1
14686 1
14700 1
14705 1
14712 1
14722 1
14723 1
14724 1
14727 2
14732 1
14736 1
14740 1
14744 3
14745 1
14749 1
14753 2
14759 3
14764 2
14780 1
14787 1
14788 1
14790 1
14796 2
14800 1
14802 1
14805 1
14818 1
14832 1
14838 1
14848 2
14865 1
14876 1
14880 1
14893 1
14896 1
14903 1
14908 2
14913 2
14916 1
14925 1
14935 1
14937 1
14941 1
14944 1
14952 1
14953 1
14956 2
14967 2
14972 1
14984 1
14987 1
14988 2
14992 1
14995 1
14996 2
15011 1
15020 1
15024 1
15046 1
15047 54
15064 2
15076 1
15080 2
15104 3
15108 2
15109 1
15111 1
15115 1
15117 1
15118 3
15120 1
15134 4
15138 1
15142 1
15152 1
15164 3
15165 1
15169 2
15184 2
15185 1
15208 2
15222 1
15228 19
15232 3
15237 1
15244 1
15264 1
15267 2
15272 1
15276 1
15279 2
15285 1
15291 1
15303 1
15304 1
15305 1
15311 2
15312 1
15316 2
15320 1
15321 1
15324 1
15327 1
15330 1
15332 1
15336 2
15339 1
15343 1
15344 1
15345 1
15352 1
15357 1
15360 1
15366 2
15367 1
15368 1
15369 1
15372 1
15385 1
15386 1
15396 1
15403 2
15406 1
15408 1
15413 2
15418 3
15422 1
15424 1
15430 1
15436 1
15437 3
15439 1
15440 1
15443 1
15449 1
15452 1
15453 1
15464 1
15465 2
15477 1
15482 1
15489 1
15490 1
15492 3
15500 1
15501 1
15512 1
15526 1
15531 2
15536 1
15557 1
15572 1
15574 1
15580 3
15581 2
15584 2
15585 1
15588 2
15593 1
15595 1
15596 1
15602 1
15608 1
15610 1
15611 1
15614 2
15623 1
15627 1
15629 1
15630 1
15635 2
15643 2
15652 4
15667 2
15668 1
15678 1
15680 2
15682 1
15685 1
15686 1
15688 1
15692 1
15694 3
15695 1
15700 1
15723 2
15728 2
15731 3
15740 1
15742 3
15748 2
15749 1
15751 1
15754 1
15755 1
15757 4
15775 1
15780 2
15790 1
15796 1
15800 2
15807 4
15812 1
15821 1
15826 1
15848 1
15854 2
15855 1
15856 1
15859 1
15864 1
15870 1
15872 4
15875 1
15876 1
15881 1
15890 1
15893 1
15897 1
15899 1
15900 1
15906 1
15918 1
15924 3
15927 1
15932 2
15955 1
15958 2
15961 2
15962 3
15964 2
15965 1
15967 1
15972 3
15976 1
15980 1
15983 1
15986 1
15994 2
15995 1
15996 1
15999 1
16001 1
16006 2
16011 2
16014 4
16035 1
16043 1
16049 1
16050 1
16058 1
16063 1
16066 1
16071 1
16073 1
16079 2
16085 1
16086 1
16087 1
16088 1
16092 1
16104 1
16112 5
16121 1
16123 1
16126 1
16128 1
16129 1
16130 1
16131 1
16143 1
16144 1
16156 1
16160 3
16162 1
16181 1
16193 1
16194 1
16199 1
16201 1
16203 1
16218 1
16224 2
16231 1
16236 1
16237 1
16238 1
16240 2
16254 1
16273 2
16279 4
16289 1
16291 1
16298 1
16303 2
16304 2
16308 1
16309 2
16310 1
16315 1
16316 1
16317 1
16323 1
16336 1
16339 1
16344 1
16347 1
16351 1
16357 1
16359 1
16364 1
16368 2
16372 1
16373 1
16377 1
16383 1
16384 8
16385 1
16395 1
16397 2
16400 1
16401 2
16403 1
16410 1
16411 1
16412 1
16416 3
16420 1
16421 2
16429 1
16460 1
16464 3
16473 1
16491 1
16492 1
16496 1
16509 1
16516 1
16521 2
16528 3
16544 1
16549 1
16553 1
16564 3
16566 1
16572 1
16581 1
16584 1
16588 1
16595 1
16598 1
16603 1
16609 1
16613 1
16616 1
16620 1
16625 1
16640 1
16643 1
16647 1
16650 1
16651 2
16654 2
16663 1
16665 1
16666 1
16668 1
16670 1
16675 1
16680 1
16682 1
16688 1
16693 1
16696 1
16706 2
16711 1
16716 1
16717 1
16718 1
16721 1
16722 2
16732 1
16733 1
16736 1
16740 1
16744 1
16758 1
16761 1
16775 1
16780 1
16794 1
16800 1
16801 1
16804 1
16807 1
16812 1
16822 2
16824 2
16838 1
16840 2
16859 1
16860 1
16872 1
16879 1
16880 2
16885 2
16889 2
16894 1
16896 3
16904 2
16907 2
16916 1
16932 1
16933 1
16939 1
16952 1
16958 1
16961 1
16964 1
16968 1
16976 1
16978 1
16984 1
16986 1
16992 2
16994 1
16998 1
17000 2
17020 2
17021 1
17025 1
17030 1
17031 1
17038 1
17046 2
17055 1
17064 1
17087 3
17088 1
17095 1
17100 1
17102 1
17106 1
17111 1
17118 1
17119 1
17129 1
17133 1
17137 2
17155 1
17156 2
17160 1
17183 1
17188 1
17196 2
17206 1
17216 4
17220 1
17224 1
17225 3
17230 1
17231 4
17232 2
17234 1
17275 1
17280 1
17283 1
17286 2
17287 2
17296 1
17306 1
17308 2
17314 1
17324 1
17327 1
17328 1
17336 1
17339 2
17365 1
17376 1
17380 2
17381 1
17386 1
17398 2
17404 1
17407 1
17408 1
17424 1
17428 2
17430 1
17431 2
17452 1
17455 2
17456 1
17461 1
17474 1
17512 1
17516 1
17517 2
17520 1
17524 2
17531 1
17532 1
17536 3
17542 1
17565 1
17569 1
17580 2
17581 1
17591 3
17592 1
17607 1
17608 1
17609 1
17613 1
17624 1
17625 1
17628 1
17632 3
17637 2
17644 2
17646 1
17648 1
17650 7
17652 1
17662 1
17664 2
17676 2
17681 1
17686 3
17687 1
17690 2
17692 1
17711 3
17724 1
17743 4
17756 1
17768 2
17776 2
17781 2
17782 2
17787 1
17796 1
17802 1
17803 1
17808 2
17813 1
17823 1
17825 1
17832 1
17837 1
17839 1
17840 4
17842 1
17847 1
17858 1
17876 1
17878 2
17892 1
17895 1
17900 1
17918 1
17919 1
17920 2
17924 2
17932 1
17940 1
17941 1
17942 1
17943 2
17976 1
17981 1
17983 1
17984 2
17986 2
17989 1
17996 1
17999 1
18007 1
18017 1
18020 1
18028 1
18031 1
18033 2
18042 1
18045 1
18046 1
18048 1
18052 1
18056 1
18058 1
18068 1
18069 3
18070 1
18071 2
18076 3
18094 1
18096 1
18097 1
18108 1
18125 1
18131 1
18132 1
18138 1
18139 1
18140 1
18144 1
18146 1
18153 1
18184 1
18186 1
18188 1
18192 1
18194 1
18200 3
18204 1
18206 1
18214 1
18216 1
18228 1
18240 1
18243 1
18248 2
18249 1
18263 1
18273 1
18278 3
18280 1
18281 1
18287 1
18288 2
18292 1
18301 2
18308 1
18311 1
18321 1
18326 1
18336 2
18347 1
18363 1
18366 1
18369 1
18371 1
18372 2
18377 1
18380 1
18385 1
18387 1
18404 1
18405 1
18411 2
18421 2
18425 2
18426 1
18427 1
18428 1
18429 4
18432 2
18444 1
18453 1
18454 1
18460 1
18463 1
18464 1
18467 1
18470 1
18479 1
18480 2
18503 1
18507 1
18508 1
18512 3
18515 1
18522 1
18523 1
18532 1
18534 1
18540 1
18547 1
18549 1
18551 1
18554 1
18559 2
18568 1
18573 1
18576 1
18577 1
18579 1
18580 1
18592 1
18597 1
18600 1
18602 1
18609 1
18618 2
18624 1
18632 1
18641 1
18645 1
18648 2
18649 1
18655 1
18656 1
18660 1
18688 1
18694 1
18714 1
18728 2
18734 1
18736 1
18739 1
18740 1
18757 1
18758 1
18760 1
18763 2
18764 1
18773 1
18777 2
18784 1
18805 1
18807 1
18810 1
18811 1
18827 1
18829 1
18832 1
18839 3
18840 1
18842 1
18848 1
18853 1
18858 1
18873 1
18876 1
18888 3
18896 3
18904 1
18914 1
18915 1
18932 1
18940 1
18944 1
18957 1
18968 1
18979 1
18982 1
18984 1
19003 1
19020 1
19023 2
19031 1
19033 1
19053 1
19056 1
19066 1
19081 1
19086 1
19088 1
19090 1
19098 1
19116 2
19124 1
19132 1
19147 1
19149 1
19160 1
19168 1
19170 1
19173 1
19176 3
19190 1
19196 1
19200 1
19201 1
19202 1
19212 1
19216 1
19219 1
19236 1
19245 1
19260 2
19263 1
19280 1
19300 1
19315 1
19317 1
19322 1
19324 1
19325 1
19326 1
19353 1
19354 1
19362 2
19378 1
19379 1
19385 1
19386 1
19392 1
19401 1
19402 1
19408 1
19413 1
19415 1
19421 1
19443 1
19446 2
19448 1
19456 5
19471 1
19479 1
19491 1
19495 1
19499 1
19503 1
19510 1
19514 1
19524 1
19532 1
19544 1
19562 1
19566 1
19567 1
19568 3
19570 1
19576 1
19579 1
19588 1
19597 1
19604 3
19609 1
19645 1
19647 1
19648 1
19651 1
19652 1
19657 1
19664 1
19669 1
19685 1
19692 1
19696 1
19700 1
19713 1
19725 1
19731 1
19744 1
19751 1
19752 2
19755 1
19758 4
19761 1
19765 1
19767 1
19776 1
19783 1
19802 1
19804 1
19812 1
19815 1
19824 1
19838 2
19840 2
19844 3
19845 1
19851 1
19856 1
19859 1
19860 1
19874 1
19890 1
19891 1
19903 1
19904 1
19905 1
19907 1
19916 3
19917 1
19918 3
19920 1
19928 2
19933 2
19936 2
19943 1
19944 1
19952 1
19953 1
19961 2
19971 1
19974 2
19991 1
19996 1
19997 1
19999 1
20001 2
20005 1
20006 1
20018 1
20026 1
20028 1
20030 2
20031 1
20032 1
20050 1
20070 1
20084 1
20087 1
20106 1
20114 1
20126 1
20127 1
20136 1
20142 1
20150 1
20156 1
20164 1
20167 1
20177 1
20192 1
20224 1
20225 1
20237 2
20252 6
20268 1
20270 2
20276 1
20280 1
20299 1
20303 1
20308 1
20310 1
20313 1
20327 1
20333 1
20341 1
20352 1
20360 2
20367 1
20400 2
20424 1
20436 2
20444 2
20451 1
20460 2
20461 1
20462 1
20477 1
20487 1
20490 1
20500 1
20506 1
20511 1
20522 1
20524 2
20525 1
20528 1
20554 1
20560 2
20573 1
20590 1
20592 1
20595 1
20608 1
20614 1
20621 1
20625 1
20632 1
20635 1
20641 1
20642 1
20656 4
20658 1
20660 1
20663 1
20665 1
20668 1
20675 1
20690 2
20692 1
20700 1
20706 1
20712 1
20718 1
20726 1
20729 1
20732 1
20760 2
20780 4
20784 1
20800 1
20802 1
20804 1
20813 1
20836 1
20841 1
20856 1
20860 1
20861 1
20873 1
20874 1
20878 1
20886 1
20898 1
20904 1
20910 1
20928 1
20930 1
20944 1
20956 1
20961 1
20974 1
20975 1
20976 1
20988 2
20989 1
20993 4
20995 1
21000 1
21004 1
21028 1
21035 3
21048 1
21052 1
21058 1
21068 1
21069 1
21077 1
21084 1
21087 1
21124 1
21129 1
21148 1
21156 3
21172 2
21173 1
21183 1
21189 1
21190 1
21206 1
21212 1
21225 1
21228 2
21239 1
21240 1
21241 1
21250 1
21255 2
21260 1
21269 2
21287 1
21288 2
21293 1
21294 1
21296 2
21298 1
21316 3
21326 1
21327 2
21330 1
21333 1
21339 1
21340 1
21345 1
21347 1
21348 1
21380 1
21383 1
21385 1
21387 1
21402 1
21420 3
21440 1
21452 1
21454 2
21460 1
21472 1
21476 1
21489 1
21496 1
21504 1
21510 1
21517 1
21520 1
21529 1
21548 1
21552 1
21553 1
21572 1
21574 1
21584 3
21587 1
21598 1
21599 1
21600 1
21603 1
21608 1
21618 1
21620 2
21622 1
21636 1
21638 1
21639 1
21642 1
21643 1
21655 1
21664 1
21671 1
21675 1
21685 1
21687 2
21705 1
21717 1
21725 1
21728 1
21739 1
21745 1
21748 1
21753 1
21754 2
21755 1
21756 2
21764 1
21768 1
21780 1
21787 1
21788 1
21794 1
21802 1
21804 1
21808 1
21827 1
21832 1
21854 1
21860 1
21884 1
21900 1
21920 1
21926 1
21927 1
21944 2
21951 1
21952 2
21954 1
21960 1
21982 1
21991 1
22002 1
22016 4
22021 1
22028 2
22030 1
22033 1
22038 2
22044 1
22054 1
22070 1
22076 1
22079 1
22084 1
22102 1
22143 1
22144 1
22146 1
22155 1
22164 1
22188 2
22192 1
22196 1
22233 8
22246 1
22252 1
22260 1
22268 2
22271 1
22272 1
22276 1
22302 1
22304 1
22308 1
22309 1
22316 2
22326 1
22338 1
22340 1
22344 1
22351 1
22352 1
22353 1
22364 1
22366 1
22369 4
22396 1
22412 1
22419 1
22428 1
22432 1
22433 3
22440 2
22448 1
22464 1
22467 2
22476 1
22481 1
22492 1
22496 1
22506 1
22508 1
22510 1
22517 1
22520 1
22521 1
22523 1
22527 1
22535 1
22539 1
22544 2
22546 1
22552 1
22555 3
22557 1
22562 1
22580 1
22588 1
22611 1
22613 1
22633 1
22640 1
22646 1
22659 1
22660 3
22676 1
22679 1
22680 1
22681 3
22690 1
22697 1
22698 1
22700 1
22703 1
22706 1
22715 1
22776 1
22778 1
22784 1
22796 1
22799 1
22800 1
22805 2
22815 1
22820 1
22831 1
22832 1
22839 1
22842 4
22844 2
22847 1
22854 1
22867 1
22870 1
22875 1
22876 2
22916 2
22927 1
22928 2
22932 1
22938 1
22940 1
22944 1
22948 1
22960 2
22962 1
22999 1
23002 1
23016 1
23028 1
23030 1
23036 2
23040 1
23052 2
23058 1
23061 2
23064 1
23065 1
23070 2
23084 1
23086 3
23092 1
23128 1
23131 2
23132 1
23138 1
23140 1
23144 1
23163 1
23175 1
23180 1
23184 1
23194 1
23195 2
23210 1
23217 1
23218 1
23219 1
23224 1
23228 1
23238 3
23248 1
23258 1
23261 1
23280 1
23283 1
23296 1
23308 1
23328 2
23332 1
23352 1
23365 1
23376 1
23384 1
23396 1
23408 3
23412 2
23420 1
23423 1
23448 1
23451 1
23479 1
23482 1
23488 1
23493 1
23499 1
23504 1
23516 1
23519 1
23521 1
23535 1
23544 2
23548 1
23550 1
23552 3
23557 2
23559 1
23583 1
23584 2
23586 1
23596 1
23601 1
23604 1
23645 1
23651 1
23652 1
23654 1
23658 1
23663 1
23668 1
23672 1
23680 1
23684 1
23685 1
23723 1
23731 1
23732 1
23739 1
23752 1
23757 1
23767 1
23773 1
23777 1
23805 1
23808 5
23811 1
23814 1
23826 1
23832 2
23833 1
23848 1
23864 1
23869 15
23880 1
23888 1
23894 2
23896 2
23902 1
23906 1
23908 1
23916 1
23918 2
23919 1
23920 2
23923 2
23928 1
23940 1
23941 1
23973 1
23974 1
23983 1
23990 2
24000 1
24002 1
24012 1
24021 3
24022 1
24036 1
24043 2
24044 1
24064 5
24065 1
24083 1
24088 2
24091 1
24093 1
24096 1
24107 1
24113 1
24118 2
24126 1
24154 1
24163 1
24165 2
24167 1
24174 1
24180 1
24189 1
24196 1
24218 1
24224 1
24230 1
24241 1
24242 1
24249 1
24262 1
24270 1
24272 4
24275 1
24281 2
24292 1
24302 1
24312 1
24328 1
24337 1
24388 1
24411 1
24428 2
24434 1
24452 1
24455 1
24458 1
24468 2
24479 1
24507 1
24509 1
24514 1
24536 4
24543 1
24550 1
24576 15
24579 2
24590 1
24594 1
24600 1
24618 1
24621 1
24628 1
24633 1
24648 1
24660 4
24672 2
24678 2
24687 1
24701 1
24715 1
24723 1
24728 1
24748 1
24756 1
24776 2
24790 1
24792 1
24797 1
24799 1
24805 2
24810 3
24825 1
24832 1
24833 2
24848 2
24852 3
24855 1
24857 1
24864 4
24888 1
24907 1
24909 1
24912 1
24915 1
24924 1
24931 1
24948 1
24961 1
24962 1
24968 1
24972 3
24980 1
24982 1
24990 2
24994 1
24996 1
25001 1
25009 1
25017 1
25023 1
25057 1
25062 2
25063 1
25080 1
25083 1
25110 1
25138 1
25141 1
25142 1
25144 1
25160 1
25166 1
25193 1
25195 2
25201 4
25235 1
25252 1
25264 2
25268 1
25269 1
25276 1
25288 2
25294 1
25301 1
25303 1
25320 1
25330 1
25341 1
25405 4
25413 1
25417 1
25428 1
25438 1
25446 1
25448 2
25453 1
25492 1
25508 1
25513 1
25516 1
25519 1
25524 1
25560 1
25584 2
25596 1
25600 2
25601 1
25615 1
25616 1
25640 1
25649 1
25674 1
25684 1
25708 1
25712 2
25733 1
25734 1
25743 1
25748 1
25758 1
25776 1
25778 1
25791 1
25793 1
25821 1
25824 1
25836 3
25848 1
25854 1
25862 1
25868 1
25870 1
25871 1
25889 1
25892 1
25895 1
25902 1
25908 1
25916 1
25929 1
25939 1
25940 1
25943 1
25944 1
25954 1
25970 1
25997 1
25999 1
26001 1
26007 1
26008 1
26011 1
26016 1
26020 1
26027 1
26028 1
26036 1
26064 1
26102 1
26109 1
26111 1
26133 1
26136 1
26156 1
26164 1
26167 1
26198 1
26203 1
26214 1
26217 1
26238 1
26240 2
26245 1
26252 1
26256 1
26262 1
26268 1
26285 1
26311 1
26340 1
26346 1
26364 1
26384 1
26386 1
26443 1
26447 1
26453 1
26473 1
26489 1
26513 1
26519 1
26558 1
26559 1
26564 1
26568 1
26572 1
26573 1
26577 1
26578 1
26580 2
26583 7
26597 5
26599 1
26604 1
26619 1
26626 1
26634 1
26666 1
26679 1
26684 1
26706 1
26708 1
26737 1
26744 2
26768 3
26790 2
26797 1
26798 2
26803 5
26808 1
26812 1
26815 1
26820 1
26821 1
26846 1
26849 1
26851 1
26852 1
26872 2
26880 2
26882 1
26886 1
26897 1
26898 1
26902 1
26904 1
26908 2
26919 1
26932 1
26941 1
26943 1
26959 1
26960 3
26965 1
26974 1
26978 1
26980 1
26988 1
27001 1
27010 1
27026 1
27028 1
27034 1
27044 3
27045 1
27064 1
27065 1
27071 1
27072 1
27073 1
27077 1
27085 1
27090 1
27098 1
27115 1
27124 1
27126 2
27134 1
27153 1
27156 1
27188 1
27192 1
27196 1
27198 1
27200 1
27203 1
27223 1
27234 1
27236 1
27241 1
27242 1
27248 1
27285 2
27288 1
27304 1
27311 1
27328 1
27330 2
27342 1
27345 1
27348 2
27358 1
27360 1
27376 1
27390 1
27396 1
27414 1
27426 1
27428 1
27448 1
27461 1
27462 1
27490 1
27517 1
27520 1
27529 1
27552 1
27553 1
27573 1
27574 1
27604 1
27620 1
27622 1
27624 1
27627 1
27632 1
27646 3
27647 1
27648 2
27652 1
27668 1
27673 1
27678 1
27680 1
27696 1
27698 1
27708 1
27709 1
27714 1
27716 1
27728 2
27736 1
27742 1
27774 1
27776 3
27779 1
27780 1
27792 1
27808 1
27824 1
27831 1
27848 1
27852 1
27856 2
27857 1
27858 1
27872 1
27883 1
27892 1
27898 1
27911 1
27919 1
27920 1
27923 3
27944 1
27992 1
27999 1
28007 1
28026 1
28029 1
28049 1
28050 1
28060 1
28068 1
28069 1
28093 1
28103 1
28108 1
28113 1
28117 1
28128 1
28157 1
28164 1
28173 1
28176 1
28202 1
28208 2
28216 1
28237 1
28240 1
28247 1
28256 1
28287 1
28312 1
28342 1
28372 1
28453 1
28492 1
28499 1
28507 1
28508 1
28516 1
28529 1
28544 1
28572 1
28590 1
28617 1
28630 1
28643 1
28647 1
28658 1
28681 1
28689 1
28692 1
28695 1
28718 1
28724 1
28729 1
28741 1
28750 1
28778 1
28785 1
28800 1
28801 1
28803 1
28812 1
28813 1
28821 1
28828 2
28832 2
28833 1
28843 1
28852 1
28856 1
28857 1
28865 1
28866 1
28880 1
28881 1
28884 4
28906 1
28908 1
28912 1
28919 1
28938 1
28940 2
28945 2
28964 1
28972 1
28975 2
28982 1
28992 1
29011 3
29020 1
29044 1
29055 1
29069 1
29080 1
29098 1
29106 1
29110 1
29116 1
29120 1
29125 1
29142 1
29163 1
29165 1
29193 1
29198 1
29201 1
29211 1
29280 1
29312 1
29355 1
29363 1
29398 1
29456 2
29460 1
29479 1
29536 1
29541 1
29548 6
29556 1
29565 1
29567 3
29583 1
29589 1
29628 1
29642 1
29644 1
29649 1
29680 1
29696 1
29700 1
29705 2
29710 1
29714 1
29718 1
29732 2
29741 1
29763 1
29770 1
29773 1
29778 1
29797 1
29816 1
29826 1
29872 1
29875 3
29877 2
29940 1
29972 1
29974 1
30009 1
30031 1
30047 1
30069 1
30105 1
30124 1
30146 1
30180 1
30183 1
30207 1
30208 1
30212 1
30214 1
30229 1
30239 1
30244 1
30248 1
30270 1
30271 1
30283 1
30292 2
30304 1
30309 2
30335 1
30342 1
30361 1
30376 1
30394 1
30404 1
30415 1
30425 1
30443 1
30448 1
30451 1
30456 1
30463 1
30474 1
30476 1
30508 1
30540 2
30544 1
30547 1
30564 1
30577 1
30625 1
30629 1
30634 1
30635 1
30640 1
30673 1
30711 1
30720 3
30733 1
30758 2
30765 1
30768 1
30784 1
30790 1
30797 1
30798 1
30800 1
30828 1
30841 1
30843 1
30847 1
30852 1
30887 1
30911 3
30916 1
30925 1
30966 1
30986 3
30991 1
31009 2
31011 1
31022 1
31104 3
31114 1
31116 1
31128 1
31144 1
31174 3
31183 1
31193 1
31194 1
31200 1
31205 1
31209 1
31226 1
31232 1
31238 1
31251 1
31264 1
31268 1
31270 1
31291 1
31292 1
31311 1
31322 1
31328 1
31334 3
31340 1
31341 1
31343 1
31348 1
31389 1
31392 1
31396 1
31400 1
31412 1
31445 1
31472 1
31473 1
31476 1
31488 1
31504 1
31515 1
31527 1
31536 1
31540 1
31552 2
31553 1
31554 1
31559 2
31571 1
31576 2
31611 1
31612 1
31617 1
31618 1
31634 1
31644 1
31658 1
31720 1
31723 1
31724 1
31728 2
31744 3
31759 1
31760 1
31764 1
31773 1
31785 1
31794 1
31795 1
31800 1
31808 1
31812 1
31818 1
31824 1
31847 1
31852 1
31860 1
31864 1
31876 1
31878 1
31901 1
31912 1
31956 1
31980 1
31992 1
32000 1
32012 2
32016 1
32066 1
32068 1
32096 1
32100 1
32107 1
32145 1
32160 1
32165 1
32169 1
32179 1
32187 1
32196 1
32248 1
32272 1
32289 1
32336 3
32346 1
32377 1
32390 2
32408 1
32411 1
32414 1
32419 1
32428 1
32450 1
32457 1
32464 1
32475 1
32484 1
32518 1
32528 1
32546 1
32556 1
32588 1
32596 1
32617 1
32621 2
32629 1
32648 1
32668 1
32670 1
32672 1
32679 1
32715 2
32717 1
32720 1
32727 1
32733 1
32736 3
32765 1
32768 21
32771 1
32786 1
32793 1
32814 1
32832 2
32856 1
32860 1
32863 1
32872 1
32880 1
32886 3
32893 2
32909 1
32917 1
32933 1
32955 1
32987 1
32991 1
32992 1
33014 2
33024 1
33034 1
33036 1
33044 1
33052 2
33150 1
33156 1
33200 1
33236 3
33243 1
33270 3
33271 1
33279 3
33280 1
33296 1
33308 1
33331 1
33332 1
33352 2
33353 4
33395 1
33403 1
33443 1
33447 1
33457 1
33470 1
33473 1
33474 1
33491 1
33510 1
33518 1
33524 1
33530 1
33554 1
33581 1
33584 1
33608 1
33616 1
33618 1
33635 3
33637 1
33652 1
33674 1
33683 1
33684 2
33695 2
33708 1
33720 1
33726 1
33728 1
33736 2
33760 1
33764 1
33779 1
33790 1
33794 1
33808 1
33817 1
33824 2
33831 2
33836 1
33887 1
33912 2
33929 1
33956 1
33985 1
33994 1
34010 1
34050 1
34082 1
34089 1
34100 1
34120 1
34150 1
34152 1
34164 1
34197 1
34201 1
34210 1
34239 1
34240 1
34244 1
34251 1
34268 1
34270 1
34272 1
34281 1
34293 1
34308 1
34328 1
34336 1
34340 1
34345 1
34352 1
34400 2
34404 1
34479 1
34483 1
34497 1
34520 1
34546 5
34620 1
34621 1
34644 1
34652 1
34688 1
34732 1
34744 1
34756 1
34799 1
34800 1
34816 1
34828 1
34835 1
34840 2
34845 1
34853 1
34856 1
34866 1
34872 1
34876 1
34912 1
34918 1
34928 1
34932 1
34942 1
34950 1
34976 2
34988 1
34992 1
35044 1
35067 1
35073 1
35120 2
35136 1
35183 1
35222 1
35243 1
35248 1
35256 1
35257 1
35270 1
35312 1
35313 1
35322 2
35330 1
35335 1
35354 1
35355 1
35384 1
35389 1
35394 1
35414 1
35418 1
35432 1
35436 1
35441 1
35456 2
35468 1
35478 1
35506 1
35509 1
35513 1
35566 2
35580 1
35585 1
35618 1
35636 1
35649 1
35680 1
35683 2
35695 1
35707 1
35708 1
35725 1
35753 1
35770 1
35782 1
35790 1
35807 1
35808 1
35856 1
35928 1
35940 1
35954 1
35968 1
35969 1
36010 1
36027 1
36033 1
36050 1
36072 1
36099 1
36110 2
36120 1
36136 1
36178 1
36181 1
36209 1
36260 1
36279 3
36298 1
36300 1
36348 1
36364 1
36389 1
36400 1
36447 1
36480 1
36482 1
36512 1
36516 1
36539 1
36561 1
36578 1
36584 1
36591 1
36622 1
36625 1
36656 3
36664 1
36667 1
36681 1
36706 1
36738 1
36739 1
36750 1
36761 1
36763 1
36813 1
36818 2
36832 1
36846 1
36852 1
36864 5
36874 1
36880 1
36927 1
36946 1
36971 3
36975 1
36980 1
37003 1
37039 1
37065 1
37078 1
37083 1
37120 1
37144 2
37156 1
37265 1
37294 1
37359 1
37369 1
37376 1
37396 1
37456 1
37459 1
37471 1
37480 1
37503 1
37504 1
37508 1
37537 1
37557 2
37572 1
37579 2
37587 1
37588 1
37606 2
37613 1
37632 1
37637 1
37639 1
37670 1
37701 1
37717 1
37722 1
37749 1
37784 1
37805 1
37819 1
37828 1
37859 1
37869 1
37886 1
37924 1
37937 1
37955 1
37970 1
37995 1
38012 1
38032 1
38034 1
38042 5
38064 1
38124 1
38128 1
38133 1
38139 1
38156 1
38165 1
38172 1
38195 1
38198 1
38228 2
38231 1
38240 1
38244 1
38250 1
38254 1
38255 1
38265 1
38278 1
38296 2
38310 1
38311 1
38344 1
38393 2
38400 1
38408 1
38518 3
38552 1
38556 1
38564 1
38595 2
38612 1
38632 1
38642 1
38656 1
38670 1
38723 1
38724 1
38732 1
38736 1
38758 1
38760 1
38829 1
38840 1
38847 2
38848 1
38872 1
38892 1
38912 1
38918 2
38937 1
38972 1
38985 1
38998 1
39030 1
39078 1
39086 1
39100 1
39127 1
39129 1
39152 3
39159 1
39192 1
39210 1
39216 1
39258 1
39282 2
39299 1
39364 2
39372 1
39395 1
39402 1
39424 1
39444 1
39452 2
39552 1
39620 1
39628 1
39680 1
39690 1
39692 1
39695 1
39718 1
39748 1
39772 1
39791 1
39792 1
39831 1
39844 1
39846 1
39864 1
39865 1
39873 1
39926 2
39932 1
39936 1
39951 1
39996 1
40000 1
40021 1
40054 1
40119 1
40147 1
40215 1
40216 1
40256 1
40268 1
40269 3
40288 1
40328 1
40335 1
40350 1
40374 1
40377 1
40385 1
40393 1
40400 1
40419 1
40447 1
40474 1
40485 1
40507 1
40552 1
40564 1
40593 1
40667 1
40668 1
40692 2
40703 1
40715 1
40716 1
40752 1
40757 4
40781 1
40834 1
40857 1
40872 1
40902 1
40912 1
40960 12
40983 1
40985 1
41058 1
41080 1
41096 1
41100 1
41120 1
41161 1
41166 1
41212 1
41217 1
41221 1
41264 1
41310 1
41327 1
41356 1
41374 1
41376 1
41400 1
41428 1
41458 1
41480 1
41494 1
41542 1
41545 1
41553 1
41583 1
41589 1
41600 4
41712 2
41724 1
41732 1
41744 1
41761 1
41768 1
41770 1
41774 1
41786 2
41798 1
41812 1
41820 1
41864 1
41865 1
41921 1
41956 4
41971 1
42009 1
42010 1
42068 1
42073 1
42078 1
42177 1
42217 1
42224 3
42247 1
42295 2
42317 1
42340 1
42392 1
42404 1
42427 1
42481 1
42496 1
42509 1
42511 1
42541 1
42565 1
42594 1
42596 1
42600 1
42627 1
42722 1
42748 1
42749 1
42752 1
42784 1
42812 1
42852 1
42855 1
42876 2
42928 1
42977 1
43004 1
43044 1
43059 1
43072 3
43088 1
43132 1
43179 1
43180 1
43215 1
43256 1
43279 1
43284 1
43319 1
43344 2
43369 1
43385 1
43388 1
43397 1
43420 2
43448 1
43474 2
43476 1
43537 1
43539 1
43580 1
43584 2
43586 2
43600 1
43728 1
43776 1
43784 2
43792 2
43793 4
43796 1
43798 1
43841 2
43852 1
43860 1
43863 1
43875 1
43885 1
43936 1
43952 1
43978 1
43988 1
44021 1
44031 1
44141 1
44164 1
44182 1
44190 4
44235 1
44266 1
44281 1
44284 1
44303 1
44355 1
44364 1
44400 1
44416 1
44448 1
44482 1
44552 1
44572 2
44582 1
44602 1
44606 1
44629 1
44691 1
44772 2
44786 1
44800 1
44816 1
44859 1
44928 3
44929 1
44973 2
44978 1
45056 2
45076 1
45133 1
45236 1
45296 1
45345 1
45377 1
45401 1
45422 1
45448 1
45489 1
45516 3
45564 1
45574 1
45584 1
45636 1
45640 1
45648 2
45696 1
45704 1
45721 1
45736 1
45740 1
45892 1
45904 1
45932 1
45947 1
45952 1
45988 1
46027 1
46079 1
46080 1
46116 1
46120 1
46123 1
46164 1
46201 1
46202 1
46207 1
46217 1
46322 4
46368 1
46380 1
46392 4
46420 1
46463 1
46468 1
46569 1
46570 3
46625 1
46681 1
46690 1
46712 1
46718 1
46777 1
46792 1
46848 1
46881 3
46892 1
46912 1
46923 1
46980 1
46989 1
46992 1
46994 4
47019 1
47025 1
47036 1
47040 1
47068 3
47079 1
47091 1
47226 1
47309 1
47336 1
47340 1
47349 1
47360 1
47361 1
47392 1
47434 1
47438 2
47447 1
47462 1
47552 1
47570 1
47584 1
47589 1
47612 1
47616 1
47643 1
47644 1
47659 1
47671 1
47703 1
47756 1
47759 1
47786 1
47844 1
47871 1
47874 1
47876 2
47904 1
47914 1
47919 1
47930 1
47932 1
47937 1
47949 1
48000 1
48043 1
48072 2
48107 1
48128 1
48140 1
48150 2
48160 1
48178 1
48191 1
48208 1
48214 1
48216 1
48221 1
48248 1
48264 1
48318 1
48328 1
48345 1
48346 1
48368 1
48400 1
48431 1
48432 1
48488 1
48512 1
48538 2
48624 1
48672 1
48673 1
48680 1
48692 1
48700 1
48725 1
48728 1
48738 1
48752 1
48797 1
48817 1
48832 1
48841 1
48932 1
48937 1
48979 1
49004 1
49052 1
49068 1
49092 1
49104 2
49152 4
49165 1
49275 1
49336 1
49337 1
49342 1
49356 1
49374 1
49416 2
49419 2
49423 1
49436 1
49472 1
49512 1
49516 2
49520 1
49553 1
49562 1
49591 1
49634 2
49648 1
49676 1
49712 1
49723 1
49849 1
49856 2
49878 1
49945 1
49968 1
50015 1
50097 1
50164 1
50176 2
50192 2
50286 1
50300 1
50347 1
50368 1
50400 1
50425 1
50446 1
50450 1
50465 1
50477 1
50484 1
50496 1
50512 1
50520 1
50544 1
50568 1
50574 1
50579 1
50599 1
50633 1
50688 1
50784 2
50830 1
50845 1
50924 1
50944 2
51075 1
51089 1
51103 1
51116 2
51127 1
51164 1
51167 1
51188 2
51200 1
51211 1
51214 2
51216 1
51305 3
51335 1
51363 1
51380 1
51385 1
51458 1
51550 2
51552 1
51628 1
51672 1
51684 1
51692 1
51695 1
51697 1
51708 1
51712 1
51813 1
51841 1
51885 1
51904 2
51960 1
51973 1
52039 1
52048 1
52049 1
52079 1
52097 1
52119 1
52160 1
52198 1
52204 1
52235 1
52245 1
52254 1
52314 1
52342 1
52354 1
52368 1
52369 1
52372 1
52440 1
52443 1
52480 1
52491 1
52493 1
52532 1
52533 1
52555 1
52586 1
52659 1
52673 1
52674 1
52736 1
52756 2
52770 1
52840 1
52847 1
52959 1
52996 1
53032 1
53156 1
53184 1
53190 1
53200 1
53209 1
53216 1
53291 1
53304 1
53320 1
53338 2
53356 1
53368 1
53504 1
53528 1
53553 1
53618 2
53701 1
53716 1
53733 1
53740 1
53755 1
53760 3
53770 1
53780 1
53824 1
53844 1
53872 1
53876 1
53878 1
53895 1
53996 1
54025 1
54031 1
54033 1
54039 1
54044 1
54047 1
54082 1
54116 1
54138 1
54144 1
54150 1
54177 1
54178 1
54210 1
54256 1
54276 1
54283 1
54309 1
54316 1
54355 1
54431 1
54432 1
54437 1
54487 1
54550 1
54592 1
54624 1
54698 1
54724 1
54740 1
54741 1
54760 1
54824 1
54880 1
54898 1
54971 1
54992 1
55044 2
55045 1
55092 1
55135 1
55168 3
55179 1
55180 1
55181 1
55182 1
55216 1
55270 1
55296 5
55325 1
55361 1
55376 1
55432 1
55494 1
55516 1
55552 1
55557 4
55584 1
55691 1
55697 1
55704 1
55748 2
55749 1
55752 1
55774 1
55868 1
55878 1
55880 1
55925 1
56150 1
56336 3
56432 1
56441 1
56480 2
56496 1
56509 1
56637 1
56713 1
56735 1
56770 1
56788 1
56796 1
56871 1
56874 1
56897 1
56919 1
56961 1
57032 1
57068 1
57289 1
57344 2
57356 3
57399 1
57422 1
57472 1
57475 3
57492 1
57501 1
57596 2
57603 1
57617 1
57729 1
57784 1
57796 1
57828 2
57848 1
57936 3
57974 1
58004 1
58084 1
58101 1
58238 1
58240 1
58306 1
58314 1
58367 2
58372 1
58388 2
58397 1
58398 1
58413 1
58415 1
58572 1
58588 1
58628 1
58634 1
58647 1
58680 1
58748 1
58782 1
58806 1
58808 1
58828 1
58844 1
58848 1
58857 1
58872 1
58892 1
58969 1
59100 1
59118 4
59244 3
59263 1
59320 1
59391 1
59392 1
59399 1
59406 1
59460 1
59466 1
59472 1
59516 1
59532 1
59609 1
59652 1
59656 1
59700 1
59704 1
59744 1
59787 1
59798 1
59824 3
59971 1
60119 1
60148 1
60154 1
60347 1
60348 1
60356 1
60360 1
60390 1
60418 3
60422 2
60432 1
60487 1
60501 1
60528 1
60539 1
60665 1
60688 1
60692 1
60716 1
60720 1
60757 1
60766 1
60935 1
60939 1
60956 1
61008 1
61031 1
61052 1
61065 1
61075 1
61167 1
61214 1
61216 2
61248 1
61409 1
61440 1
61504 1
61600 1
61648 3
61656 3
61735 1
61739 1
61752 1
61792 1
61813 1
61875 1
61880 1
61934 1
61952 1
61975 1
62057 1
62068 1
62076 1
62077 1
62100 1
62208 1
62216 1
62230 1
62347 1
62451 1
62464 2
62538 1
62581 1
62600 2
62615 1
62647 8
62662 1
62684 1
62716 1
62782 1
62788 1
62842 1
62876 2
62920 1
62946 1
62976 2
62990 1
63007 1
63031 1
63082 2
63088 1
63091 1
63150 1
63162 1
63175 1
63344 1
63431 1
63488 1
63489 1
63619 1
63700 1
63717 1
63805 1
63840 1
63846 2
63883 1
63890 1
63912 1
63980 1
64027 1
64053 1
64104 1
64133 1
64140 1
64158 1
64212 1
64216 1
64224 1
64240 1
64292 2
64330 1
64455 1
64513 1
64516 3
64521 1
64544 3
64569 1
64620 1
64639 2
64660 1
64725 1
64756 1
64791 1
64992 1
65036 1
65088 1
65248 4
65326 1
65344 1
65404 1
65486 1
65507 1
65535 1
65536 4
65564 1
65568 1
65661 1
65692 3
65760 2
65780 1
65813 1
65881 1
65888 1
65920 1
65925 1
65936 1
65968 1
66046 2
66056 1
66080 3
66117 1
66229 1
66236 1
66277 1
66313 1
66317 1
66414 1
66470 1
66564 1
66572 1
66596 1
66612 1
66632 1
66776 1
66917 1
67088 1
67199 1
67218 1
67221 1
67284 1
67404 1
67440 1
67468 1
67492 1
67519 1
67552 1
67588 1
67663 1
67688 1
67774 1
67824 3
67828 1
67945 2
67982 1
68040 1
68048 1
68088 2
68096 3
68140 1
68144 1
68154 1
68224 3
68340 1
68345 1
68384 1
68419 1
68459 1
68564 1
68613 1
68646 1
68702 1
68832 1
68846 1
68944 1
68954 1
68964 1
69017 1
69074 1
69092 1
69272 1
69314 1
69315 1
69541 1
69566 1
69677 1
69782 1
69844 1
69912 1
69940 1
70032 1
70058 1
70128 1
70164 1
70198 1
70212 1
70224 1
70313 1
70476 1
70492 1
70550 1
70620 1
70740 1
70784 1
70932 1
71052 3
71066 1
71228 1
71253 1
71328 4
71334 1
71372 1
71404 2
71488 4
71556 1
71604 1
71612 1
71628 1
71696 1
71865 1
71880 3
71978 1
71979 1
71984 1
72026 1
72048 1
72086 1
72112 1
72140 1
72354 1
72356 3
72378 1
72388 1
72448 1
72460 1
72780 2
72821 2
72832 1
72834 1
72838 1
72918 1
72944 1
73248 1
73256 1
73404 2
73472 1
73512 1
73570 1
73653 1
73686 1
73701 1
73728 2
73822 1
73852 1
73862 1
73884 2
73994 1
74036 1
74088 1
74144 1
74176 1
74215 1
74216 1
74266 1
74282 1
74288 1
74304 1
74348 1
74372 1
74382 1
74671 2
74700 1
74882 1
74892 1
75045 1
75046 1
75363 1
75392 1
75458 1
75572 1
75612 1
75694 1
75716 1
75735 1
75756 1
75960 1
75968 1
76016 1
76084 1
76270 1
76307 1
76452 3
76456 1
76480 3
76518 1
76543 2
76544 1
76780 1
76784 2
76800 1
76855 3
76959 1
76981 3
77319 4
77336 1
77352 1
77526 1
77768 1
77804 2
77812 1
77889 1
78095 1
78120 1
78167 1
78172 3
78254 1
78364 1
78378 1
78519 1
78564 3
78640 1
78735 1
78788 1
78812 1
78937 2
79032 1
79044 1
79070 1
79079 1
79104 2
79124 1
79221 1
79360 1
79426 1
79616 1
79651 1
79804 3
79915 1
80264 1
80332 1
80355 1
80392 1
80513 1
80572 3
80588 3
80608 1
80619 1
80648 1
80804 1
80884 1
80924 1
80983 1
81029 1
81167 2
81340 1
81416 1
81495 1
81518 1
81767 1
81792 1
81834 1
81920 4
81950 2
82255 1
82278 1
82300 1
82331 1
82688 1
83060 1
83088 2
83126 1
83176 1
83194 2
83222 2
83260 3
83350 1
83408 1
83452 1
83456 4
83463 1
83535 1
83584 1
83664 1
84091 1
84154 1
84332 1
84341 1
84362 1
84383 1
84385 1
84436 3
84550 2
84692 1
84702 1
84797 1
84963 1
85312 1
85319 1
85422 1
85443 1
85612 1
85636 2
85708 1
85924 1
85960 1
85973 1
86068 1
86084 1
86119 1
86155 1
86264 1
86448 1
86519 1
86661 1
86702 1
86720 1
86740 1
86895 2
86927 1
87107 2
87168 1
87272 1
87283 1
87709 1
87716 1
87720 1
87776 1
87936 1
88000 1
88044 1
88156 2
88328 1
88340 1
88424 1
88540 1
88603 1
88820 1
88864 1
89168 1
89248 5
89265 1
89351 2
89362 1
89396 1
89402 1
89568 1
89600 5
89602 1
89606 1
89607 1
89663 1
89691 1
89748 1
89856 1
89882 1
89900 1
89956 1
90112 1
90121 1
90125 1
90312 4
90360 1
90416 1
90418 1
90484 1
90494 1
90522 1
90636 1
90967 1
90991 1
91041 2
91057 2
91184 1
91205 1
91564 1
91604 1
91608 1
91642 1
91676 1
91812 7
91872 1
91928 1
91932 2
91984 1
92055 2
92203 1
92280 1
92298 1
92326 1
92619 2
92672 5
92841 2
92842 1
92943 1
93013 1
93099 2
93172 1
93184 3
93191 2
93316 1
93456 5
93522 2
93544 1
93551 1
93618 1
93680 1
93923 1
93947 2
94309 1
94464 2
94531 1
94768 1
94881 1
94893 1
95062 1
95107 1
95168 1
95210 1
95423 1
95476 1
95593 2
95594 1
95603 5
95613 1
95674 1
95763 1
96162 1
96272 1
96275 1
96386 1
96480 2
96585 2
96588 1
96620 2
96652 1
96718 2
96720 1
96744 1
96768 1
96912 1
96924 1
97084 1
97122 1
97132 2
97256 1
97289 1
97731 1
97816 1
98070 2
98212 1
98304 1
98313 2
98325 1
98418 1
98492 1
98579 2
98736 1
98781 1
98802 2
98816 1
98975 1
99296 4
99351 1
99365 1
99506 1
99584 3
99609 1
99616 1
99618 1
99640 1
99681 1
99776 1
100014 1
100034 2
100048 1
100278 1
100355 1
100393 1
100476 1
100515 1
100547 1
100548 1
100600 2
100726 1
100731 1
100768 1
100920 1
100937 1
101043 2
101335 2
101355 1
101494 1
101567 1
101568 1
101775 1
101836 1
101856 1
101932 1
101986 1
102126 2
102384 1
102397 2
102524 1
102688 1
102724 1
102744 1
102781 1
103032 1
103222 3
103470 1
103530 2
103544 1
103612 1
103632 1
103644 1
103912 1
104036 1
104128 1
104130 2
104248 2
104307 1
104448 1
104710 1
104958 2
104972 1
105057 2
105242 1
105320 1
105724 1
105876 1
105968 1
106048 1
106240 1
106284 1
106348 1
106496 3
106512 4
106524 1
106549 1
106632 1
106854 3
107044 1
107104 1
107288 1
107364 1
107424 1
107639 1
107720 1
107754 1
107806 1
107892 2
108016 4
108236 1
108414 1
108526 1
108658 2
108659 1
108957 1
109067 2
109170 1
109200 1
109296 1
109343 2
109371 1
109696 2
109701 1
109714 2
109777 1
109824 1
109975 1
110030 1
110103 1
110160 1
110244 1
110296 1
110356 1
110533 1
110620 1
110988 1
111106 2
111210 1
111235 1
111244 1
111314 2
111345 1
111350 1
111564 1
111632 2
111698 2
111744 1
112012 1
112036 1
112176 1
112192 1
112263 1
112389 1
112544 1
112611 1
112639 2
112640 1
112665 1
112744 1
112984 1
113050 2
113132 2
113186 2
113198 2
113616 1
113802 2
114043 1
114084 1
114180 1
114205 1
114280 1
114332 1
114364 1
114388 2
114420 1
114546 1
114560 1
114688 2
114704 1
114730 1
114949 2
115072 1
115159 2
115308 1
115312 4
115328 1
115376 2
115482 2
115668 2
115728 1
115832 1
116211 2
116500 1
116598 1
116602 1
116640 1
116728 1
117216 1
117284 1
117349 2
117661 2
118224 2
118448 1
118495 1
118669 1
118676 1
118748 1
118800 1
118839 1
118864 3
118920 2
118980 1
119040 1
119412 1
119435 1
119669 1
119688 1
119824 2
119908 1
119979 1
120405 1
120862 2
121205 1
121364 1
121391 1
121464 1
121672 3
121727 1
121909 1
122259 1
122295 1
122368 1
122384 1
122572 1
122721 2
122821 1
122904 1
122928 1
123132 2
123180 1
123523 1
123546 1
124298 2
124416 3
124441 1
124450 2
124523 2
124646 2
124733 1
124808 1
124896 1
124925 1
125082 1
125346 1
126212 1
126411 1
126984 1
127094 2
127147 1
127264 1
127488 1
128016 1
128560 1
128588 1
128780 2
128799 1
128944 1
129024 1
129027 1
129104 1
129105 1
129365 1
129532 1
129920 1
130224 2
130644 1
130885 1
130916 1
131417 1
131504 1
131506 1
131536 1
131644 2
131796 1
132208 1
132212 1
132506 1
132629 2
132716 1
133176 1
133248 1
133337 2
133604 1
133610 1
133710 1
133719 1
133728 1
134187 1
134351 1
134496 1
134656 1
134816 1
135290 2
135580 2
135626 1
135968 1
136232 1
136600 1
137336 1
137438 2
137537 1
137650 1
137732 2
137808 1
137907 1
137919 1
137948 1
138032 1
138065 1
138256 1
138353 2
139052 1
139251 1
139320 1
139589 1
139643 1
139705 1
139728 1
139864 2
140003 1
140184 1
140256 1
140288 1
140632 1
140736 2
140936 1
141168 1
141226 1
141228 1
141649 1
141696 1
141881 2
142088 1
142504 1
142813 1
142848 1
143110 1
144446 2
144513 1
144528 1
144696 1
145242 1
145440 1
145528 1
145799 1
146276 1
146312 1
146456 1
146790 1
146864 3
147200 1
147315 1
147372 2
147456 1
147520 1
147790 1
147832 2
147957 1
148160 3
148224 1
148403 1
148480 1
148516 1
148560 3
148718 1
148892 3
148900 1
150340 1
150800 1
151526 1
151547 1
151694 1
151984 1
152072 2
152304 2
152308 1
152395 2
152696 1
152718 1
152859 2
153440 2
153472 1
153532 1
153808 1
154351 1
154980 1
155104 1
155175 1
155212 1
155538 1
155648 2
156172 1
156250 1
156372 1
156832 1
157486 1
157836 1
158584 1
158608 1
158631 1
159344 1
159440 1
159925 1
159973 1
160148 1
160360 1
160390 1
160482 1
161204 1
161208 1
161627 1
161808 1
162102 1
162161 1
162176 1
162197 1
162199 1
162206 1
162232 1
162646 6
162904 1
162932 3
163118 1
163840 1
163861 2
164035 1
164408 1
164460 1
164796 2
165325 1
165478 1
165569 1
165616 1
165721 1
165764 1
165856 1
165964 1
166038 1
166276 2
166516 1
166926 1
167055 1
167161 2
167317 1
167674 1
167828 1
168495 1
168528 1
168646 3
168899 1
169041 1
169304 2
169984 1
170216 1
170290 1
170454 1
170791 1
170822 1
170844 1
170848 1
170945 1
171269 1
171304 1
171488 1
171637 1
171732 1
171889 1
171904 1
171996 1
172032 1
172324 1
172480 1
172500 1
172704 1
172730 1
173305 1
173904 1
174336 1
174684 1
174720 1
174757 1
174915 2
175478 1
176512 1
177280 1
178174 1
178335 1
178496 1
178505 1
179043 1
179089 1
179244 2
179904 1
180264 2
180688 3
181530 1
182160 1
182472 1
182920 1
183036 1
183181 1
183218 1
183376 3
184228 1
184556 1
184593 1
184734 1
184896 1
185016 1
185085 1
185214 1
185804 1
185887 1
185934 1
186300 1
186570 1
186916 1
186968 1
187008 1
188278 1
188282 1
188808 1
189000 1
189168 1
189968 1
190192 1
190312 1
190512 2
191036 1
191236 1
191455 1
193154 1
193374 1
193983 1
194926 1
195387 1
195465 1
195629 1
195840 1
195968 1
196015 1
196022 1
196432 1
197398 1
198002 1
198236 1
198291 1
198808 1
199120 1
199620 1
200620 2
200648 1
200800 1
201431 1
201677 1
202358 1
202880 1
204288 1
204800 1
204883 1
205121 1
206394 1
206662 1
206848 1
207208 1
207478 1
207670 1
208072 1
208656 1
208888 1
209744 1
211640 1
212493 1
212833 1
212992 1
213388 1
215344 1
216086 1
216523 1
216608 1
218846 1
219488 1
220919 1
221184 2
224044 1
224816 1
225087 1
225360 1
225659 1
226173 4
226304 1
226452 1
226560 10
226844 1
226947 1
227135 1
227281 1
227324 1
228077 1
228773 1
228864 1
229448 1
229472 1
229888 1
230000 1
230502 1
231136 1
231858 1
234070 1
234136 1
235334 1
235992 1
236380 1
236897 1
237679 1
238602 1
239728 1
239867 1
241666 1
242172 1
242707 1
243196 1
244907 1
244976 3
245182 1
245760 1
246752 1
247434 1
247664 1
247911 1
249640 1
249825 1
249856 1
250052 1
250493 1
251128 1
251720 1
251766 1
251956 1
252460 1
252874 2
254454 1
256192 3
257040 1
257140 1
258048 1
258452 2
258503 1
258518 1
259126 1
260130 1
261120 1
261274 1
261388 1
261562 1
262144 2
264320 1
264816 1
264874 1
266752 1
267264 1
267520 1
267776 1
267820 1
268575 1
268824 1
268968 1
269756 1
270336 1
270696 1
271264 3
271332 1
271896 1
273599 1
274476 1
275760 1
275836 1
276545 1
277492 1
277776 1
278110 1
279476 1
280704 1
281909 1
282780 1
283088 1
283132 1
283664 1
284000 4
284108 1
284215 1
286720 2
286812 1
289488 1
289792 1
290533 1
290576 1
291696 1
292035 1
292992 1
293032 1
293120 1
293579 1
295552 1
296713 1
298604 1
299056 1
299120 1
299420 1
299664 1
300023 1
300748 1
300864 1
301148 1
303017 1
303104 4
303552 1
303840 1
304396 1
305244 1
305424 2
305791 1
307868 1
308353 1
308528 1
312248 1
312320 1
312461 1
312848 3
313204 1
314040 1
316476 1
317004 1
317696 1
319632 1
320188 1
321168 2
323168 1
323888 1
325156 1
325716 1
326355 1
328448 1
329353 1
330039 1
331044 1
338261 1
340260 1
341428 1
343145 1
344337 1
344512 1
344592 1
345376 1
345832 1
346112 1
347258 1
350676 1
351850 1
352496 1
353550 1
353984 1
356664 1
357582 1
357660 1
357764 1
358246 1
359536 1
359574 1
359660 1
359683 4
361700 1
363888 5
364475 1
365324 1
370504 1
375185 1
377700 1
380643 1
381946 1
385024 1
385441 1
385604 1
387102 1
390240 1
395124 1
398416 1
400032 1
400980 1
401408 1
404330 1
405253 1
406064 1
407640 1
407795 1
412920 1
414504 1
414828 1
415488 1
418724 1
419804 1
420184 1
422080 1
423776 1
423976 1
424684 1
428896 1
430310 1
434176 1
436550 1
438924 1
440449 1
440632 1
441303 1
441570 1
443392 1
445475 1
448192 2
448507 1
448738 1
449630 1
452865 1
452910 1
453691 1
455066 1
455460 1
455468 1
456217 1
458752 1
459692 1
464788 1
464896 1
465052 1
465088 1
465749 1
466164 1
471040 1
471974 1
474888 1
478395 1
478692 1
479862 1
480976 2
483888 2
487004 1
492252 1
492508 1
495584 1
498480 1
500358 1
500454 1
500568 1
501524 1
505052 1
505178 1
509808 1
509952 1
510664 1
513272 2
516096 1
521152 1
522948 1
525068 1
525498 1
527116 1
527916 1
530080 1
535962 1
536248 1
536249 1
537600 1
539100 1
539972 1
543744 1
547611 1
549760 1
554836 1
557056 1
563012 2
564148 2
564612 2
567570 1
573440 1
575148 1
575226 1
575532 1
575983 1
576689 1
579176 1
583413 1
583929 1
585744 1
586032 1
587104 2
602640 1
602905 1
609958 1
611365 1
611384 1
617108 1
622578 1
626495 1
632524 1
644957 1
651004 1
651264 1
651388 1
653100 1
657776 1
658160 1
658356 1
673540 1
673794 1
674692 4
675840 1
678868 1
686244 1
689154 1
697596 1
698840 1
698978 1
700064 1
702371 1
703686 1
705378 1
706764 1
723588 1
725328 1
727638 1
729720 1
730936 1
744448 1
748428 1
749972 1
755912 1
760278 1
765012 1
767089 1
767276 1
767677 1
773472 1
779264 1
783360 1
784788 1
786432 1
787732 1
794502 1
798048 1
803400 1
811612 1
815060 1
818596 1
819324 1
823884 1
824929 1
838328 1
847232 1
849776 1
849984 2
850624 2
861004 1
862600 1
868352 1
873259 1
877678 1
878244 1
885352 1
885784 1
893492 1
905284 1
907680 1
910014 1
913504 1
914496 1
923056 1
923239 1
924602 1
925696 1
940274 1
942888 1
948201 1
948712 1
950488 1
974237 1
983180 1
987956 1
991232 1
991237 1
998604 1
1009895 1
1017856 1
1021475 1
1025770 1
1025810 1
1028849 1
1031364 1
1031987 1
1032928 1
1042599 1
1048238 1
1048974 1
1065842 1
1067974 1
1071919 1
1072888 1
1073758 1
1080875 1
1081344 1
1081680 1
1086222 1
1089646 1
1093578 1
1098875 1
1100819 1
1103430 1
1108817 1
1113552 1
1125284 1
1127605 1
1127704 1
1127821 1
1130496 1
1140402 1
1153152 1
1162627 1
1172646 1
1173412 1
1178656 1
1183189 1
1188082 1
1188744 1
1190492 1
1197283 1
1212800 1
1223382 1
1232784 1
1255392 1
1257412 1
1258674 1
1305664 1
1334584 1
1338572 1
1350840 1
1352244 1
1354440 1
1356433 1
1360028 1
1376256 1
1385538 1
1417532 1
1423552 1
1436544 1
1451390 1
1473258 1
1505996 1
1531770 1
1543134 1
1585446 2
1643520 1
1646592 1
1661286 1
1670976 1
1679516 1
1686206 1
1686857 1
1713969 1
1715367 1
1745980 1
1754868 1
1758472 1
1760502 1
1798525 1
1805414 1
1846015 1
1858004 1
1858984 1
1873099 1
1875968 1
1941632 1
1949696 1
1957376 1
1971023 1
1984730 1
2086912 1
2087864 1
2116938 1
2138112 1
2147591 1
2178828 1
2261810 1
2278608 1
2313460 2
2359152 1
2407204 1
2424720 1
2439869 1
2523136 1
2558400 1
2568276 1
2573640 1
2575841 1
2600792 1
2627784 1
3128276 1
3181703 1
3189468 1
3265416 1
3350112 1
3433734 1
3440640 1
3450085 1
3497984 2
3555328 1
3579630 1
3609108 1
3674593 1
3686844 1
3764678 1
3883997 1
3972816 1
4867514 1
5006462 1
5259823 1
5317260 1
6479268 1
6893028 1
8538827 1
8663040 1
9385593 1
10642884 1
10643244 1
14432465 1
15321721 1
15492315 1
15654144 1
21165056 1
37447170 1
40415202 1
59687727 1
