0 47
2 5
5 1
8 7
9 5
10 5
11 2
12 3
13 2
15 2
16 5
17 1
18 6
19 17
20 26
21 77
22 29
23 35
24 39
25 29
26 73
27 40
28 26
29 22
30 37
31 31
32 19
33 8
34 24
35 16
36 6
37 11
38 5
39 1
40 2
41 2
42 6
43 4
44 4
45 15
46 7
47 37
48 28
49 12
50 22
51 33
52 26
53 18
54 28
55 17
56 15
57 19
58 15
59 25
60 23
61 37
62 31
63 12
64 40
65 32
66 24
67 25
68 16
69 20
70 25
71 20
72 27
73 38
74 39
75 30
76 30
77 28
78 63
79 42
80 46
81 34
82 35
83 38
84 74
85 38
86 28
87 26
88 27
89 10
90 15
91 12
92 12
93 2
94 8
95 3
96 6
97 3
98 3
99 1
101 1
102 10
103 4
104 2
105 4
106 4
107 2
108 5
109 2
110 6
111 4
112 1
114 1
115 9
116 5
117 8
118 4
119 5
120 3
121 4
122 5
123 7
124 3
125 6
126 8
128 4
129 5
130 4
131 1
132 7
133 7
134 3
135 2
136 11
137 6
138 2
139 4
140 1
141 4
142 1
143 1
144 4
145 2
146 2
147 4
148 4
149 3
150 1
151 1
152 2
153 6
154 1
155 1
156 8
157 5
158 3
159 4
160 3
161 1
162 2
163 4
164 2
167 4
168 2
169 1
170 1
171 1
172 11
173 1
174 4
175 5
176 6
177 1
178 4
179 3
180 5
181 1
182 4
183 1
184 15
185 11
186 7
187 1
188 5
189 3
190 3
191 2
192 4
193 1
194 5
195 2
196 2
197 1
198 1
200 4
201 2
203 1
204 9
205 2
206 5
207 6
208 6
209 1
210 2
211 3
212 11
213 1
214 1
215 3
216 13
217 1
218 5
219 7
220 9
221 5
222 17
223 4
224 24
225 2
226 2
228 17
229 2
230 1
231 3
232 19
233 5
234 4
235 5
236 24
237 6
238 9
239 5
240 14
241 2
242 3
243 3
244 22
245 1
246 2
247 1
248 17
249 3
250 3
251 5
252 5
253 4
254 1
256 7
257 1
258 4
259 1
260 5
261 1
262 3
263 4
264 10
265 3
266 1
267 2
268 8
269 5
270 1
271 1
272 26
273 1
274 6
275 2
276 14
278 7
279 2
280 9
281 14
282 4
283 6
284 9
285 2
286 5
287 5
288 15
289 2
290 3
291 4
292 11
293 9
294 1
295 2
296 13
297 1
298 2
299 3
300 6
301 1
302 4
303 2
304 6
306 1
307 1
308 6
309 1
310 9
311 4
312 2
314 6
315 7
316 7
317 3
318 6
319 1
320 12
321 4
322 3
323 1
324 7
325 3
326 2
327 1
328 6
329 1
331 3
332 9
333 2
334 4
335 3
336 4
337 6
338 2
339 1
340 16
341 2
342 3
343 4
344 16
345 2
346 6
348 10
349 1
350 8
351 4
352 13
353 2
354 2
355 3
356 9
358 2
359 1
360 3
362 4
364 5
365 6
366 5
368 10
369 3
371 2
372 1
374 2
375 1
376 14
377 2
378 2
380 12
381 3
383 4
384 9
385 1
386 3
387 3
388 10
389 8
390 4
391 3
392 6
393 1
394 2
395 5
396 17
397 5
398 4
399 2
400 9
401 5
402 4
403 7
404 2
405 1
406 4
407 14
408 3
410 1
411 4
412 8
413 4
415 8
416 7
417 3
418 4
419 4
420 7
421 5
422 6
423 2
424 8
425 4
426 1
427 4
428 2
429 9
430 10
431 1
432 9
433 6
434 4
435 3
436 11
437 3
438 3
439 4
440 9
441 3
442 8
443 1
444 9
445 4
446 3
447 3
448 5
449 3
450 2
451 4
452 9
453 3
454 1
455 5
456 5
457 2
458 1
459 1
460 9
461 1
462 4
464 1
465 3
466 1
467 1
468 5
469 1
470 8
471 3
472 9
473 2
474 4
476 3
477 3
478 2
479 5
480 4
481 2
482 3
483 2
484 12
485 4
486 8
488 2
489 4
490 3
491 2
492 6
494 5
495 3
496 10
497 3
498 3
499 5
500 2
501 1
502 1
503 1
504 5
505 4
506 3
507 3
508 8
509 7
510 1
511 6
512 782
513 3
514 4
516 6
517 2
519 2
520 11
521 1
522 4
524 1
526 2
527 3
528 12
529 1
531 4
532 3
533 3
534 3
535 1
536 3
537 4
538 3
539 1
540 5
541 7
543 1
544 11
545 3
546 3
547 3
548 8
549 1
550 5
551 2
552 5
553 1
554 2
556 9
557 1
558 3
559 5
560 5
562 4
563 2
564 6
567 1
568 6
569 2
570 3
571 2
572 8
573 4
574 2
575 4
576 4
577 4
578 1
579 2
580 4
581 2
584 1
586 2
587 1
588 6
589 13
590 7
591 4
592 8
593 1
594 5
595 1
596 4
597 3
598 3
599 4
600 4
601 3
602 3
603 2
604 4
605 7
608 4
609 3
610 3
611 3
612 5
614 1
616 2
618 3
619 2
620 4
621 1
622 3
623 4
624 8
625 4
626 4
627 3
628 2
629 1
630 2
631 4
632 3
633 2
634 7
637 2
638 6
639 4
640 4
641 7
642 3
644 4
645 3
646 1
648 2
649 2
650 3
652 4
653 1
654 6
655 5
656 4
657 5
658 1
660 5
661 3
664 3
666 3
667 2
668 5
670 4
671 1
672 6
673 4
675 3
676 2
677 3
678 1
680 12
682 1
683 1
684 1
685 1
686 5
687 3
688 9
689 1
690 2
692 6
693 2
694 3
696 2
698 2
699 2
700 6
701 9
702 3
704 13
706 2
707 8
708 4
710 6
711 5
712 2
713 1
714 2
715 4
716 6
718 6
719 2
720 6
721 3
722 6
723 2
724 8
725 2
726 3
728 7
729 1
731 2
732 2
733 1
736 4
737 1
738 3
740 5
742 2
743 1
744 2
745 4
747 2
748 6
749 2
750 1
751 2
752 4
753 3
755 1
756 4
758 3
759 2
760 3
761 1
764 4
765 2
766 3
767 1
768 8
769 4
770 1
771 3
772 3
773 1
774 2
775 4
776 5
777 2
778 4
780 11
781 2
782 1
784 6
785 2
786 5
788 3
791 2
792 1
793 3
794 2
796 3
797 1
799 4
800 7
801 2
802 1
803 2
804 5
805 1
806 4
808 5
810 1
811 2
812 2
814 1
815 4
818 6
819 2
820 2
821 4
822 1
824 9
827 5
828 8
829 8
830 4
831 6
832 1
833 4
834 2
835 3
836 4
838 1
839 4
840 8
841 1
842 5
843 2
844 5
845 3
846 4
848 3
849 1
850 5
851 3
852 4
856 1
858 3
859 2
860 2
861 1
862 2
863 2
864 2
865 5
868 6
870 3
871 1
872 5
873 3
875 5
876 3
877 4
878 1
879 3
880 9
881 1
882 1
883 2
884 6
885 1
886 2
887 5
888 4
889 5
890 4
891 1
892 5
893 3
895 5
896 7
897 3
898 6
899 3
900 3
901 1
902 1
903 5
904 2
905 3
906 2
908 6
909 1
910 2
911 3
912 4
913 4
914 7
915 4
916 5
918 3
919 2
920 4
922 1
924 1
925 2
926 1
927 1
928 3
929 5
930 2
931 2
932 2
933 1
936 2
938 2
940 5
941 3
943 1
944 4
945 1
948 5
949 1
950 5
951 4
952 2
953 5
954 2
956 2
957 3
959 1
960 3
961 2
962 3
963 1
964 1
966 2
967 1
968 4
969 1
970 2
972 2
973 1
974 3
975 4
976 4
977 3
978 1
979 1
980 8
981 1
982 1
983 2
984 3
985 1
986 1
987 2
988 4
989 2
990 2
991 1
992 5
993 1
995 2
996 3
997 7
1000 3
1001 3
1004 6
1005 2
1008 3
1012 2
1013 2
1014 2
1015 1
1016 4
1017 3
1018 1
1019 2
1020 7
1021 1
1022 2
1023 1
1024 106
1027 1
1028 2
1029 2
1031 1
1032 7
1033 3
1034 2
1035 1
1036 5
1037 2
1039 6
1040 3
1041 2
1042 4
1044 2
1046 4
1047 2
1048 5
1049 3
1050 2
1051 2
1052 7
1053 2
1054 3
1055 1
1056 2
1057 1
1058 2
1059 4
1060 2
1061 4
1062 4
1063 2
1064 3
1065 1
1067 2
1068 1
1069 2
1072 5
1073 3
1074 1
1075 1
1076 6
1078 2
1079 1
1080 3
1081 3
1082 1
1083 3
1084 1
1085 2
1086 3
1087 1
1090 2
1092 2
1093 1
1094 5
1095 1
1097 1
1099 4
1100 2
1101 3
1102 1
1104 6
1105 7
1107 1
1109 1
1110 1
1111 5
1112 3
1114 1
1115 5
1116 4
1117 1
1118 1
1119 1
1120 6
1121 3
1122 2
1123 5
1124 3
1125 2
1128 3
1129 1
1130 4
1133 1
1134 4
1135 5
1136 1
1140 1
1141 1
1142 2
1143 1
1144 6
1145 6
1147 1
1148 2
1149 1
1151 3
1152 1
1153 2
1154 2
1156 2
1157 1
1158 3
1159 4
1160 7
1161 2
1162 2
1163 4
1165 6
1168 7
1169 1
1171 5
1172 6
1174 4
1179 2
1180 2
1181 3
1184 3
1185 2
1186 2
1187 2
1188 2
1189 1
1191 2
1192 1
1193 1
1194 2
1195 1
1196 5
1197 2
1200 1
1201 2
1202 1
1203 2
1204 1
1205 1
1206 5
1207 2
1208 3
1210 3
1211 1
1213 1
1214 2
1215 1
1216 1
1217 1
1219 1
1220 5
1221 4
1222 7
1223 4
1224 6
1225 1
1226 1
1231 2
1233 1
1234 1
1236 1
1238 1
1239 5
1240 2
1241 2
1242 3
1244 3
1245 2
1246 1
1248 1
1250 1
1252 2
1253 2
1256 1
1257 1
1260 3
1261 1
1263 1
1264 3
1265 1
1267 4
1268 2
1270 3
1271 3
1272 1
1273 3
1274 5
1275 2
1278 1
1279 2
1280 5
1281 1
1282 3
1284 3
1285 2
1287 1
1288 2
1289 10
1290 3
1291 3
1292 5
1293 1
1294 3
1295 1
1296 3
1298 1
1299 2
1300 3
1301 2
1302 2
1303 1
1304 2
1305 4
1306 4
1307 4
1308 7
1309 1
1310 7
1311 2
1312 1
1315 4
1316 2
1317 4
1319 1
1322 1
1323 2
1324 6
1325 1
1327 2
1328 5
1329 1
1330 6
1331 1
1332 4
1334 1
1335 6
1336 3
1337 1
1338 2
1339 6
1340 5
1341 5
1343 1
1344 2
1345 4
1346 3
1347 3
1348 3
1349 6
1350 2
1351 2
1352 1
1353 6
1354 2
1355 3
1356 1
1357 1
1359 2
1360 3
1361 1
1363 3
1364 4
1365 3
1366 2
1367 1
1368 3
1369 2
1371 1
1372 3
1373 5
1374 1
1375 4
1376 6
1378 2
1379 3
1380 6
1383 1
1384 1
1385 2
1386 1
1387 2
1388 5
1391 1
1392 4
1393 4
1394 5
1395 3
1396 2
1397 1
1398 1
1399 3
1400 4
1401 1
1402 4
1404 1
1405 2
1406 5
1407 4
1409 3
1410 3
1412 6
1413 3
1414 6
1415 4
1416 4
1417 1
1418 2
1419 2
1420 2
1421 1
1424 1
1425 4
1427 1
1428 3
1429 3
1430 4
1431 4
1432 6
1433 6
1435 2
1436 4
1438 2
1439 6
1440 1
1442 1
1443 5
1444 6
1445 3
1446 2
1447 4
1448 5
1449 3
1450 5
1451 5
1452 3
1453 4
1454 1
1455 1
1456 2
1457 4
1458 1
1460 6
1461 1
1462 5
1463 2
1464 1
1465 2
1468 5
1469 3
1471 3
1472 4
1473 1
1474 6
1475 5
1476 4
1479 4
1480 3
1481 2
1483 1
1485 3
1486 1
1487 4
1488 3
1489 3
1490 1
1492 2
1493 2
1494 2
1495 2
1496 3
1497 1
1499 4
1500 5
1501 1
1504 3
1506 7
1507 5
1508 4
1509 2
1510 1
1511 1
1512 1
1513 2
1515 4
1516 7
1517 3
1518 3
1520 3
1521 1
1522 2
1523 1
1524 4
1525 1
1526 1
1527 1
1528 2
1529 2
1530 3
1531 1
1532 3
1533 3
1534 1
1536 34
1537 2
1538 3
1539 4
1540 3
1541 3
1544 3
1545 1
1547 4
1548 3
1549 1
1550 3
1551 1
1552 4
1553 1
1554 3
1555 2
1556 3
1557 1
1559 3
1560 2
1561 2
1562 2
1563 3
1564 5
1565 1
1566 2
1567 2
1568 6
1569 2
1570 2
1571 2
1572 5
1573 2
1574 1
1575 1
1576 4
1577 5
1578 3
1579 3
1580 1
1581 3
1582 2
1583 2
1584 7
1585 1
1587 1
1588 2
1589 3
1590 5
1591 3
1592 2
1593 3
1594 1
1596 10
1598 1
1600 2
1601 2
1602 1
1603 3
1604 2
1605 4
1606 3
1607 1
1608 1
1609 1
1610 1
1611 3
1612 7
1613 5
1614 4
1615 2
1616 1
1617 5
1618 3
1619 5
1620 3
1621 2
1623 1
1624 5
1625 1
1627 4
1628 3
1629 5
1632 2
1633 3
1634 3
1635 2
1636 7
1637 3
1638 6
1640 5
1642 3
1643 3
1644 8
1645 2
1646 3
1647 2
1648 7
1649 4
1651 6
1652 3
1653 2
1654 1
1655 3
1656 3
1657 1
1658 1
1659 3
1660 3
1661 2
1662 2
1663 1
1664 2
1665 5
1666 3
1667 4
1668 4
1669 3
1670 1
1673 2
1674 2
1675 1
1676 4
1677 1
1679 2
1680 1
1681 2
1682 1
1683 2
1684 4
1686 3
1688 1
1689 3
1690 1
1692 3
1694 1
1695 1
1696 3
1697 2
1698 2
1699 2
1700 4
1701 2
1702 3
1703 1
1704 2
1705 4
1706 2
1707 4
1708 5
1709 1
1710 1
1712 1
1713 1
1718 2
1719 3
1720 3
1721 1
1724 7
1725 2
1727 2
1728 2
1729 1
1730 2
1731 5
1733 1
1734 2
1735 3
1736 1
1737 4
1738 1
1740 5
1741 2
1743 4
1744 6
1747 2
1749 2
1750 1
1751 2
1753 2
1754 2
1755 1
1756 2
1758 2
1759 3
1760 2
1763 3
1764 4
1765 2
1766 2
1767 3
1768 1
1769 1
1770 2
1772 5
1773 1
1776 1
1777 4
1778 3
1780 2
1781 3
1782 1
1783 1
1784 1
1785 1
1787 1
1788 3
1789 3
1790 3
1791 2
1792 4
1796 1
1797 1
1799 5
1800 4
1801 2
1803 1
1804 2
1805 4
1806 1
1807 1
1808 1
1809 2
1810 2
1811 1
1812 5
1813 4
1814 4
1815 1
1816 3
1817 1
1818 1
1819 1
1820 5
1821 3
1822 1
1824 1
1825 2
1826 2
1827 5
1828 1
1830 1
1831 1
1833 1
1834 1
1835 3
1836 3
1838 3
1839 6
1841 2
1842 2
1846 3
1847 1
1848 4
1849 2
1851 2
1853 1
1855 3
1856 4
1858 1
1860 6
1861 2
1862 4
1863 4
1864 4
1867 2
1871 2
1872 6
1873 3
1874 1
1875 1
1876 4
1877 3
1878 3
1879 3
1880 5
1881 3
1882 2
1883 4
1884 7
1886 9
1888 6
1889 7
1892 3
1893 4
1894 2
1895 4
1896 1
1898 3
1899 1
1900 4
1901 2
1902 3
1903 2
1904 3
1905 2
1906 2
1907 2
1908 1
1909 2
1910 2
1911 1
1912 2
1913 5
1914 2
1915 5
1916 6
1917 3
1918 1
1919 3
1920 1
1921 2
1922 1
1923 2
1925 1
1926 2
1927 1
1928 5
1930 9
1931 1
1932 5
1933 3
1936 2
1937 2
1939 3
1940 5
1941 1
1942 7
1943 3
1944 7
1945 1
1947 1
1948 1
1949 4
1951 1
1952 5
1953 3
1954 1
1956 5
1957 2
1958 1
1960 2
1964 7
1965 1
1966 2
1967 1
1969 4
1970 1
1971 1
1972 4
1973 4
1974 1
1975 8
1976 8
1977 1
1979 1
1980 2
1981 1
1982 1
1983 3
1985 3
1986 1
1991 1
1992 2
1993 2
1996 3
1997 3
1999 1
2000 2
2001 1
2002 2
2003 6
2004 3
2005 1
2006 1
2008 7
2009 3
2011 1
2012 3
2014 1
2015 1
2016 1
2018 1
2020 1
2021 2
2024 1
2025 3
2026 1
2027 2
2028 4
2029 5
2030 1
2031 2
2032 1
2033 1
2034 4
2035 3
2036 6
2037 1
2039 1
2040 2
2041 1
2042 1
2043 3
2044 3
2046 2
2047 3
2048 12
2049 3
2050 4
2052 2
2053 3
2054 1
2055 1
2056 3
2058 1
2059 4
2060 1
2061 1
2062 1
2063 1
2064 2
2065 1
2066 3
2067 2
2068 3
2070 2
2073 1
2074 3
2075 5
2077 2
2079 2
2080 1
2081 1
2083 1
2084 1
2085 4
2086 1
2087 2
2088 3
2089 3
2090 1
2091 2
2093 4
2094 3
2097 3
2098 2
2100 7
2104 3
2106 2
2107 2
2108 6
2109 4
2111 3
2112 1
2114 1
2115 3
2116 3
2117 1
2119 1
2120 1
2122 3
2123 2
2124 1
2125 4
2126 1
2127 3
2128 3
2131 3
2134 3
2136 1
2137 3
2138 1
2139 1
2140 1
2141 1
2142 6
2143 1
2144 3
2146 1
2147 1
2148 1
2152 1
2154 2
2156 5
2157 2
2159 3
2160 1
2161 1
2162 2
2164 3
2165 2
2166 2
2170 1
2172 5
2173 3
2175 1
2176 2
2177 3
2178 3
2180 2
2184 1
2185 2
2186 2
2189 4
2190 4
2191 4
2192 1
2196 1
2197 2
2200 5
2201 2
2202 4
2203 2
2205 1
2206 3
2208 4
2210 1
2211 4
2212 3
2213 2
2214 3
2215 1
2216 2
2217 2
2218 1
2219 1
2220 5
2221 2
2224 2
2225 1
2227 1
2228 3
2230 1
2232 2
2233 3
2234 2
2236 1
2237 2
2239 3
2240 1
2242 2
2243 3
2244 1
2245 4
2246 1
2248 5
2249 1
2250 1
2251 4
2252 1
2256 3
2257 1
2258 1
2262 1
2263 3
2265 1
2266 2
2268 8
2272 6
2273 3
2274 1
2276 1
2279 2
2280 1
2281 2
2282 5
2283 1
2284 3
2285 2
2286 1
2287 3
2288 5
2290 1
2292 3
2293 1
2294 1
2295 2
2296 3
2299 3
2300 3
2301 2
2302 2
2303 6
2304 7
2305 1
2307 1
2308 1
2309 4
2314 4
2315 2
2316 1
2317 4
2318 1
2319 2
2320 3
2321 1
2324 2
2327 1
2328 1
2331 1
2332 2
2333 1
2336 3
2337 5
2338 2
2339 3
2340 1
2341 2
2342 2
2343 4
2345 1
2346 4
2347 1
2348 4
2349 2
2350 1
2351 1
2352 2
2353 1
2354 2
2355 2
2356 7
2357 3
2358 1
2359 7
2360 2
2361 1
2362 1
2363 2
2364 3
2365 4
2366 1
2367 1
2369 2
2370 2
2372 3
2373 2
2374 3
2377 2
2378 2
2380 2
2381 1
2382 3
2384 4
2385 4
2386 3
2388 5
2389 2
2391 1
2392 2
2393 4
2394 3
2395 4
2396 3
2397 3
2398 2
2400 5
2401 1
2402 7
2403 1
2404 1
2406 1
2407 2
2408 2
2409 1
2410 2
2411 2
2412 1
2413 2
2416 6
2417 1
2418 2
2421 3
2422 1
2423 1
2424 2
2425 1
2426 4
2427 2
2429 2
2430 6
2432 1
2434 1
2435 3
2436 2
2438 2
2439 2
2440 3
2441 1
2442 2
2443 2
2444 2
2445 1
2446 1
2447 1
2449 4
2450 3
2452 1
2453 7
2455 1
2456 2
2457 8
2458 1
2459 5
2460 2
2461 2
2462 4
2463 4
2464 4
2465 9
2466 1
2468 1
2469 3
2470 4
2471 2
2472 1
2473 3
2475 2
2476 2
2477 3
2478 2
2480 1
2481 4
2482 1
2483 3
2484 4
2486 3
2487 1
2488 4
2489 2
2490 3
2491 3
2492 3
2493 1
2494 1
2495 3
2496 4
2498 2
2499 1
2500 3
2501 1
2502 1
2504 1
2506 1
2507 3
2508 2
2509 4
2510 1
2511 2
2512 1
2513 2
2514 1
2517 4
2518 2
2519 1
2520 9
2523 2
2524 1
2525 4
2526 4
2528 3
2530 3
2531 3
2532 1
2533 1
2534 5
2535 2
2536 4
2537 2
2540 4
2541 3
2543 2
2544 3
2545 3
2546 4
2548 2
2549 2
2550 1
2551 2
2552 1
2553 2
2554 2
2555 2
2556 2
2557 5
2560 11
2563 4
2564 2
2565 1
2566 2
2568 2
2571 2
2572 4
2573 1
2575 1
2576 2
2577 5
2578 2
2579 3
2580 5
2583 4
2584 2
2585 2
2587 1
2588 2
2590 1
2591 2
2592 3
2594 1
2595 3
2597 2
2599 1
2600 4
2601 4
2602 2
2603 1
2604 5
2606 2
2608 3
2609 1
2610 1
2612 2
2613 1
2614 1
2615 1
2616 1
2618 1
2620 4
2621 1
2622 2
2623 3
2624 5
2625 2
2626 3
2628 2
2629 3
2630 2
2631 2
2632 5
2633 3
2637 1
2638 1
2639 1
2640 2
2641 2
2642 1
2643 1
2644 2
2646 6
2647 2
2648 3
2649 3
2650 2
2651 1
2652 2
2653 1
2654 1
2656 3
2657 2
2658 1
2659 2
2660 2
2663 4
2664 3
2665 1
2667 3
2668 2
2669 4
2670 1
2672 2
2675 1
2676 4
2677 1
2678 3
2680 2
2681 3
2682 2
2683 1
2684 2
2685 2
2688 6
2689 4
2690 2
2691 3
2692 1
2694 1
2696 5
2697 1
2700 3
2701 1
2702 2
2704 1
2706 2
2707 1
2708 4
2709 1
2710 1
2711 1
2712 1
2714 1
2715 1
2716 2
2717 1
2718 4
2719 1
2720 2
2722 1
2723 2
2724 1
2725 1
2728 2
2729 2
2731 1
2732 2
2734 1
2735 2
2736 3
2737 1
2738 1
2739 1
2740 3
2741 2
2742 1
2743 3
2744 1
2745 1
2746 1
2748 1
2750 2
2751 1
2752 2
2753 2
2754 3
2755 6
2756 1
2759 1
2761 1
2762 1
2764 5
2765 4
2767 1
2768 1
2769 4
2770 6
2771 3
2772 2
2774 1
2775 1
2776 4
2777 1
2778 2
2780 4
2781 8
2783 2
2785 3
2786 1
2787 3
2788 2
2789 1
2792 2
2793 1
2794 1
2795 5
2796 3
2797 1
2800 4
2801 6
2802 1
2804 5
2805 2
2806 4
2807 2
2808 8
2811 2
2812 6
2814 1
2815 1
2816 4
2817 2
2818 6
2819 3
2820 1
2822 5
2823 2
2824 3
2825 1
2826 1
2827 4
2828 2
2829 2
2830 3
2832 2
2833 1
2835 2
2836 5
2837 2
2838 1
2840 1
2841 2
2842 2
2843 4
2845 1
2846 3
2849 3
2850 2
2851 1
2852 6
2853 3
2855 2
2856 2
2857 2
2858 1
2859 1
2860 3
2862 3
2863 3
2864 4
2865 3
2866 1
2867 3
2868 5
2869 1
2870 4
2871 1
2872 2
2873 1
2876 2
2877 2
2878 1
2879 1
2880 4
2882 2
2883 2
2884 5
2887 1
2888 2
2889 1
2890 1
2891 1
2892 3
2893 5
2895 1
2896 1
2897 2
2898 3
2900 1
2901 2
2902 3
2903 4
2904 1
2905 2
2909 2
2911 1
2912 7
2913 1
2914 4
2915 1
2916 2
2917 2
2918 1
2919 1
2920 1
2921 1
2922 1
2924 5
2926 8
2928 4
2929 2
2931 3
2932 4
2933 1
2934 1
2935 1
2936 2
2937 3
2938 2
2940 2
2942 1
2943 1
2945 1
2946 1
2947 1
2948 2
2950 1
2951 1
2952 4
2954 2
2955 2
2956 1
2957 1
2958 5
2959 2
2960 6
2961 1
2962 4
2963 2
2965 1
2966 1
2967 1
2968 3
2971 2
2972 2
2974 1
2975 1
2976 1
2977 2
2978 2
2979 3
2980 2
2981 1
2982 1
2983 1
2984 2
2988 2
2991 1
2993 2
2994 3
2995 2
2996 2
2997 3
2999 2
3000 1
3001 2
3003 3
3004 1
3005 1
3007 1
3008 1
3010 2
3011 3
3012 4
3014 1
3015 1
3016 5
3018 2
3019 2
3020 3
3022 2
3023 3
3025 2
3026 1
3027 1
3028 2
3032 4
3033 2
3034 1
3035 2
3036 1
3037 1
3038 2
3039 1
3040 1
3041 4
3042 1
3043 3
3045 2
3046 2
3047 2
3049 2
3051 1
3052 2
3053 1
3054 1
3056 2
3057 1
3058 3
3061 1
3064 2
3065 1
3066 3
3067 1
3069 1
3070 2
3071 1
3072 13
3073 2
3074 1
3075 1
3076 3
3077 3
3081 1
3084 3
3087 4
3088 3
3089 1
3090 2
3092 5
3094 1
3095 1
3096 3
3097 1
3098 3
3099 2
3104 5
3105 2
3106 2
3108 1
3109 3
3110 2
3111 2
3112 2
3113 1
3114 1
3115 1
3116 4
3117 2
3118 1
3119 1
3120 1
3121 6
3122 1
3123 4
3125 1
3126 4
3127 1
3128 5
3129 2
3131 5
3132 4
3134 2
3136 2
3137 1
3138 1
3139 2
3140 4
3141 2
3143 1
3144 1
3146 2
3147 3
3148 2
3149 2
3150 1
3151 3
3152 1
3153 1
3154 2
3156 1
3157 2
3158 1
3160 1
3161 2
3162 1
3163 1
3164 4
3165 1
3166 2
3167 1
3168 2
3170 1
3172 2
3173 1
3174 1
3175 1
3177 1
3179 3
3180 2
3182 2
3184 6
3187 2
3188 1
3190 5
3191 3
3192 1
3194 1
3195 3
3196 2
3197 1
3200 5
3201 4
3202 4
3203 1
3205 1
3206 1
3207 1
3208 5
3209 2
3212 3
3214 1
3216 3
3217 2
3218 1
3219 1
3220 5
3221 1
3223 1
3224 1
3225 1
3226 1
3227 1
3229 3
3230 1
3231 1
3232 1
3233 3
3234 4
3235 1
3236 1
3237 1
3239 2
3240 4
3241 1
3243 3
3244 3
3245 2
3247 1
3249 3
3250 2
3251 1
3252 2
3253 3
3254 1
3255 1
3256 1
3257 1
3258 3
3259 1
3260 1
3261 3
3262 1
3263 1
3264 6
3265 2
3266 2
3267 1
3268 1
3270 3
3271 1
3272 2
3273 1
3274 1
3275 1
3276 1
3278 1
3279 1
3280 5
3281 2
3282 1
3283 2
3284 2
3286 1
3287 1
3288 8
3289 2
3290 4
3293 3
3294 1
3295 3
3296 1
3297 2
3298 3
3300 4
3302 4
3304 4
3305 2
3306 2
3307 2
3308 2
3310 4
3311 1
3312 2
3313 1
3314 1
3315 2
3316 2
3317 2
3319 1
3320 2
3321 1
3322 4
3323 2
3324 1
3325 3
3327 3
3328 2
3330 1
3331 1
3333 2
3334 6
3336 3
3338 1
3339 1
3340 1
3341 1
3346 2
3347 2
3348 2
3350 1
3352 4
3353 1
3354 2
3355 1
3356 2
3358 2
3362 1
3363 2
3364 4
3366 2
3367 2
3368 1
3372 3
3373 3
3376 1
3377 1
3378 1
3379 5
3380 1
3381 1
3383 1
3384 4
3385 4
3386 1
3387 1
3388 3
3389 4
3390 1
3391 1
3392 1
3393 2
3395 4
3396 2
3398 1
3400 2
3401 2
3402 1
3404 2
3405 3
3407 1
3410 3
3411 2
3412 1
3413 1
3414 1
3417 1
3418 2
3419 1
3420 3
3421 1
3422 4
3424 1
3425 1
3428 2
3429 2
3430 1
3431 3
3432 1
3435 1
3436 1
3437 3
3439 4
3444 2
3445 5
3447 2
3448 3
3450 5
3451 2
3453 2
3455 1
3456 4
3457 1
3458 2
3459 3
3460 3
3461 1
3464 2
3466 1
3467 1
3468 3
3470 1
3472 3
3474 1
3475 2
3476 4
3478 2
3481 3
3484 1
3486 2
3487 1
3489 2
3490 2
3491 5
3493 1
3494 4
3500 1
3501 2
3502 2
3504 3
3505 4
3507 3
3508 1
3509 6
3511 1
3512 2
3513 5
3515 3
3520 2
3522 2
3523 1
3524 2
3526 1
3527 2
3529 1
3531 2
3533 2
3535 4
3536 4
3537 1
3538 1
3539 2
3540 3
3542 2
3543 2
3544 2
3548 1
3550 2
3554 5
3555 2
3556 2
3557 1
3560 1
3561 1
3563 3
3564 3
3565 3
3566 1
3567 1
3569 2
3570 2
3571 1
3572 2
3573 1
3574 2
3576 7
3579 1
3580 1
3581 2
3582 1
3584 2
3585 1
3586 1
3589 2
3590 1
3592 2
3594 3
3596 4
3597 1
3598 1
3599 1
3600 3
3601 1
3606 2
3607 2
3608 1
3609 4
3611 1
3612 1
3613 2
3614 1
3616 2
3620 2
3621 2
3622 1
3624 4
3625 1
3627 1
3630 2
3632 1
3633 1
3636 3
3638 1
3639 1
3640 3
3641 4
3642 1
3644 2
3645 1
3646 2
3648 2
3649 2
3650 1
3652 1
3653 1
3654 1
3655 2
3656 2
3658 1
3660 1
3661 1
3664 5
3666 3
3667 2
3668 4
3670 1
3673 1
3674 2
3675 2
3679 1
3680 2
3681 2
3682 4
3684 2
3685 1
3686 2
3687 2
3688 5
3689 1
3693 2
3696 4
3698 2
3699 1
3700 2
3703 2
3704 5
3705 1
3706 1
3707 1
3708 1
3710 4
3712 3
3713 1
3715 2
3716 3
3717 1
3719 2
3720 3
3722 3
3723 3
3724 1
3725 3
3726 1
3727 1
3729 1
3730 2
3731 2
3732 4
3733 2
3734 3
3736 1
3737 4
3743 1
3744 1
3745 2
3747 3
3752 4
3753 1
3754 4
3755 4
3756 1
3759 1
3760 6
3763 2
3765 3
3768 1
3769 3
3770 3
3772 1
3773 1
3774 2
3775 1
3776 5
3777 1
3779 2
3780 3
3784 3
3786 3
3787 3
3788 1
3789 3
3790 1
3791 3
3792 2
3793 1
3796 3
3797 2
3798 7
3799 2
3801 1
3803 2
3804 1
3806 2
3808 2
3809 2
3810 1
3811 1
3812 4
3813 3
3815 5
3816 3
3818 1
3820 4
3821 2
3822 1
3823 3
3824 1
3825 2
3826 3
3828 1
3830 2
3832 2
3835 1
3837 2
3839 1
3840 3
3841 1
3842 5
3844 1
3845 2
3848 2
3849 2
3850 3
3851 4
3852 5
3855 2
3856 2
3857 1
3858 2
3859 1
3860 1
3862 1
3864 2
3865 3
3867 1
3870 3
3871 2
3873 1
3875 1
3876 2
3877 2
3878 3
3880 5
3881 3
3883 1
3884 2
3885 1
3887 2
3888 4
3890 2
3892 3
3895 1
3896 1
3897 1
3899 2
3900 2
3903 2
3904 1
3905 4
3908 4
3909 6
3910 2
3912 2
3913 4
3914 1
3917 1
3918 2
3919 2
3920 3
3921 1
3922 1
3925 1
3926 1
3927 1
3929 1
3930 5
3932 1
3933 1
3934 2
3936 4
3939 1
3943 1
3944 3
3945 2
3946 2
3948 1
3949 2
3950 2
3951 2
3955 2
3956 1
3958 1
3960 2
3961 1
3962 3
3963 1
3965 3
3967 1
3969 1
3971 3
3972 1
3973 2
3974 1
3975 1
3978 4
3980 1
3983 3
3985 1
3986 2
3987 1
3988 1
3989 2
3990 2
3991 1
3992 3
3994 2
3999 3
4000 3
4001 4
4002 1
4004 1
4005 3
4008 1
4010 1
4012 1
4014 3
4015 1
4016 2
4018 1
4019 3
4020 1
4021 2
4022 2
4023 5
4024 1
4025 1
4026 1
4027 1
4029 1
4030 1
4032 2
4033 2
4035 1
4036 5
4037 1
4038 2
4040 1
4041 4
4042 1
4043 3
4044 1
4045 1
4047 2
4048 3
4050 2
4052 1
4053 5
4054 1
4056 2
4057 1
4058 2
4061 2
4062 1
4063 1
4064 1
4066 1
4067 3
4068 1
4069 1
4072 2
4073 1
4076 6
4078 1
4080 3
4083 3
4084 3
4085 1
4086 2
4087 1
4088 1
4091 1
4092 2
4094 2
4095 1
4096 9
4097 3
4099 2
4100 3
4103 2
4105 3
4106 2
4108 3
4110 1
4111 2
4112 1
4113 2
4114 1
4115 4
4116 4
4117 1
4119 2
4120 2
4121 1
4123 2
4126 1
4128 1
4129 4
4130 1
4131 1
4132 1
4134 1
4135 2
4136 3
4137 2
4139 2
4140 2
4141 1
4143 1
4145 1
4147 1
4148 3
4150 1
4153 1
4154 3
4160 2
4161 1
4163 1
4164 1
4165 1
4166 1
4167 1
4171 1
4173 1
4177 3
4178 1
4179 2
4180 3
4182 2
4184 7
4186 2
4188 2
4190 1
4192 2
4193 2
4194 1
4195 3
4196 1
4197 3
4198 1
4200 3
4201 1
4203 3
4204 2
4207 4
4208 2
4209 1
4210 1
4214 1
4215 1
4217 2
4218 2
4220 6
4221 3
4224 1
4225 2
4227 2
4228 1
4231 1
4232 1
4233 1
4234 1
4236 2
4237 2
4240 1
4242 2
4243 1
4245 2
4248 2
4251 1
4252 1
4253 1
4256 2
4257 1
4258 1
4259 2
4260 1
4261 3
4262 1
4263 2
4264 2
4266 3
4269 2
4271 1
4272 1
4274 4
4276 1
4277 1
4279 1
4281 3
4282 2
4285 1
4286 2
4287 1
4288 1
4289 1
4291 1
4293 1
4295 1
4296 3
4298 3
4300 1
4301 5
4302 1
4303 2
4307 1
4308 1
4309 3
4311 2
4312 2
4313 3
4314 4
4315 1
4316 4
4318 2
4319 1
4320 1
4322 3
4323 2
4327 1
4328 1
4329 2
4331 1
4332 2
4333 2
4334 2
4336 1
4337 2
4338 3
4339 2
4340 1
4341 1
4342 1
4345 2
4347 3
4349 1
4351 1
4353 3
4355 1
4356 1
4357 1
4359 3
4360 3
4361 1
4363 1
4364 1
4365 1
4366 2
4367 1
4368 3
4369 1
4370 1
4372 1
4373 2
4376 1
4378 1
4380 3
4383 3
4384 2
4385 2
4387 1
4388 1
4390 1
4391 1
4392 1
4394 1
4395 1
4396 3
4398 1
4399 3
4401 3
4402 2
4405 1
4406 1
4408 2
4409 1
4411 1
4413 1
4414 1
4415 1
4416 1
4417 4
4422 1
4424 1
4425 2
4426 1
4428 2
4429 3
4430 1
4432 1
4433 2
4434 2
4438 1
4440 2
4441 2
4443 2
4444 2
4445 2
4446 1
4448 3
4450 1
4452 1
4454 1
4455 2
4457 1
4458 2
4459 1
4460 2
4463 4
4464 3
4465 1
4466 1
4468 1
4469 2
4470 4
4472 3
4473 2
4477 1
4479 2
4480 2
4482 1
4484 1
4485 1
4488 3
4490 2
4492 2
4493 1
4498 1
4499 1
4500 3
4502 3
4506 1
4509 4
4512 3
4516 4
4519 2
4520 5
4523 4
4524 1
4528 5
4529 1
4531 3
4533 2
4537 2
4538 2
4540 1
4541 1
4542 1
4546 1
4548 2
4549 3
4551 3
4553 2
4556 1
4557 1
4558 1
4560 1
4561 1
4564 2
4567 5
4568 2
4570 3
4571 1
4572 1
4576 2
4577 2
4578 1
4580 3
4582 1
4584 4
4585 1
4588 1
4589 1
4590 4
4591 1
4592 2
4594 2
4595 1
4596 2
4600 1
4601 1
4602 2
4604 3
4605 1
4606 2
4607 1
4608 8
4609 4
4611 4
4612 1
4616 1
4619 3
4620 1
4624 1
4627 2
4628 1
4631 2
4636 2
4637 1
4639 2
4645 1
4653 1
4654 1
4659 1
4660 3
4661 2
4662 1
4663 4
4664 4
4666 1
4667 2
4669 1
4672 5
4674 2
4678 1
4679 1
4681 2
4682 1
4683 2
4684 2
4686 2
4687 1
4688 1
4689 1
4690 3
4691 2
4692 2
4695 2
4696 2
4697 1
4700 2
4702 2
4704 1
4707 1
4709 2
4710 1
4715 1
4716 1
4718 1
4719 2
4725 1
4728 1
4730 4
4735 1
4738 2
4739 1
4740 3
4741 1
4744 1
4745 1
4746 2
4750 4
4751 1
4753 1
4756 2
4758 3
4759 4
4760 1
4761 2
4762 1
4764 1
4766 1
4772 1
4776 3
4777 2
4778 4
4780 3
4785 1
4788 6
4789 1
4790 1
4791 2
4792 2
4793 2
4797 2
4798 2
4803 1
4805 1
4806 1
4807 2
4808 1
4809 5
4813 2
4814 2
4815 1
4816 2
4817 1
4820 2
4821 2
4822 2
4823 6
4824 1
4825 1
4828 1
4829 1
4832 1
4834 1
4835 1
4836 1
4837 4
4838 1
4839 1
4840 1
4843 1
4846 2
4848 1
4851 1
4852 6
4853 1
4855 2
4859 2
4860 1
4863 1
4864 1
4866 4
4867 1
4868 1
4870 1
4871 1
4872 2
4875 1
4878 4
4879 1
4882 2
4884 1
4885 1
4886 1
4888 2
4893 2
4896 2
4897 2
4898 1
4900 1
4902 4
4904 3
4905 1
4906 1
4907 1
4908 1
4909 1
4910 1
4911 3
4916 2
4920 1
4922 1
4926 3
4927 1
4928 4
4929 3
4931 1
4934 2
4935 2
4940 3
4942 1
4944 3
4946 1
4948 2
4949 1
4950 1
4951 2
4956 1
4957 2
4960 3
4968 1
4970 1
4974 3
4976 4
4978 1
4983 1
4984 1
4986 4
4987 2
4988 1
4989 1
4992 1
4993 1
4995 1
4996 4
4997 1
4998 3
5000 1
5001 1
5004 1
5007 1
5008 1
5009 2
5011 4
5012 2
5016 2
5017 2
5021 2
5025 1
5026 2
5028 2
5031 2
5032 1
5036 4
5037 2
5040 2
5041 1
5042 2
5043 1
5044 1
5045 3
5048 4
5049 1
5050 2
5051 2
5052 1
5053 1
5059 3
5065 1
5069 1
5071 1
5072 2
5075 3
5076 2
5077 1
5078 1
5079 1
5080 1
5081 1
5086 1
5087 1
5088 2
5091 3
5093 1
5095 4
5098 1
5099 1
5100 1
5101 1
5103 1
5104 2
5105 1
5106 2
5107 1
5116 1
5118 1
5121 1
5122 1
5123 2
5124 1
5125 2
5126 1
5127 5
5128 1
5130 4
5131 1
5132 1
5133 1
5134 1
5138 1
5140 1
5141 1
5144 1
5146 1
5147 1
5148 2
5149 6
5152 1
5156 2
5158 3
5160 2
5161 1
5162 1
5164 2
5167 1
5170 1
5172 2
5174 2
5176 1
5178 2
5179 1
5180 1
5181 1
5182 2
5184 1
5188 1
5189 1
5191 1
5192 1
5196 1
5197 2
5198 1
5199 2
5200 1
5201 1
5202 2
5204 1
5207 1
5208 1
5210 1
5211 1
5212 1
5213 1
5214 1
5218 3
5219 2
5220 8
5221 2
5222 2
5224 1
5226 1
5227 2
5228 7
5230 2
5231 2
5233 1
5234 2
5238 2
5240 3
5241 2
5249 1
5251 2
5255 1
5256 2
5258 1
5259 2
5260 2
5261 1
5262 1
5263 1
5265 1
5266 1
5267 1
5272 2
5278 1
5279 1
5280 2
5281 1
5284 4
5286 2
5287 1
5289 2
5292 3
5294 1
5295 1
5296 2
5297 1
5302 2
5303 2
5304 4
5305 1
5306 1
5307 1
5309 1
5310 1
5312 1
5313 1
5314 1
5315 1
5320 1
5321 1
5324 1
5325 1
5326 1
5328 1
5329 1
5330 1
5334 1
5337 1
5338 3
5339 1
5340 2
5342 1
5343 2
5344 4
5345 1
5346 3
5348 2
5351 3
5355 2
5356 2
5357 1
5359 2
5362 1
5366 3
5368 1
5372 2
5380 1
5381 2
5383 1
5385 1
5389 3
5393 3
5395 1
5396 1
5399 1
5400 1
5401 2
5404 3
5405 1
5406 1
5408 1
5410 1
5413 1
5414 1
5415 1
5416 2
5417 1
5422 5
5423 1
5424 1
5427 1
5430 2
5431 1
5432 1
5433 1
5434 3
5435 1
5436 1
5439 2
5440 1
5442 2
5443 2
5444 3
5446 2
5448 4
5450 1
5451 2
5452 1
5456 3
5460 1
5461 1
5462 1
5465 2
5467 1
5468 3
5472 1
5473 1
5476 2
5480 1
5487 1
5488 1
5492 1
5493 1
5495 1
5496 4
5501 2
5502 2
5503 2
5504 1
5507 1
5508 3
5512 1
5515 1
5522 1
5526 3
5527 1
5528 1
5529 2
5532 1
5534 2
5536 2
5537 2
5538 1
5539 3
5540 2
5541 1
5542 1
5543 2
5546 5
5547 2
5549 1
5550 1
5551 1
5556 5
5559 1
5560 1
5561 3
5565 1
5566 1
5567 1
5572 1
5573 1
5574 2
5576 2
5579 4
5582 1
5584 1
5585 2
5587 1
5589 2
5592 1
5593 3
5596 1
5599 3
5601 1
5602 1
5606 2
5607 2
5608 2
5609 1
5611 1
5615 2
5616 1
5617 1
5620 1
5623 1
5628 1
5631 1
5632 1
5640 2
5642 2
5643 3
5644 1
5646 1
5650 3
5652 2
5657 2
5659 1
5661 2
5662 2
5666 1
5667 1
5669 4
5671 3
5672 1
5673 1
5675 5
5677 3
5680 1
5681 2
5683 1
5689 1
5691 1
5692 2
5694 2
5698 1
5702 1
5708 1
5709 1
5712 3
5715 2
5716 1
5718 1
5720 2
5722 1
5724 3
5727 1
5731 1
5732 1
5739 2
5740 3
5742 1
5744 1
5746 1
5748 1
5749 2
5750 3
5751 1
5754 4
5756 1
5757 1
5758 1
5761 1
5762 1
5763 1
5764 1
5766 1
5767 3
5769 1
5772 1
5776 1
5777 2
5778 1
5780 2
5781 2
5784 1
5788 1
5789 3
5790 1
5791 3
5793 1
5797 2
5799 1
5800 1
5801 2
5802 1
5804 2
5807 1
5811 1
5813 1
5814 4
5816 1
5817 2
5818 1
5821 2
5829 1
5830 2
5832 2
5837 2
5843 1
5847 2
5848 1
5851 1
5853 1
5859 2
5861 1
5862 2
5863 2
5865 1
5869 1
5871 2
5872 2
5874 1
5877 2
5878 2
5879 2
5888 1
5890 2
5892 1
5893 1
5894 1
5896 1
5899 1
5904 4
5907 1
5908 1
5909 2
5910 1
5914 1
5916 2
5917 1
5920 1
5922 2
5925 1
5926 1
5928 2
5934 1
5935 3
5938 2
5940 1
5945 1
5946 1
5948 2
5951 3
5952 1
5953 1
5954 1
5956 1
5960 1
5964 1
5966 2
5967 1
5968 2
5970 1
5972 2
5976 1
5977 1
5978 1
5979 1
5981 1
5986 1
5988 2
5989 1
5990 2
5996 1
5998 1
5999 2
6000 3
6003 2
6004 3
6005 1
6006 1
6008 1
6011 4
6012 2
6013 1
6016 2
6018 4
6019 2
6024 1
6028 1
6030 1
6032 1
6035 2
6036 1
6039 1
6040 1
6042 2
6044 3
6046 2
6049 1
6050 3
6051 1
6055 1
6060 2
6072 1
6073 1
6076 1
6079 1
6080 1
6084 1
6089 1
6091 1
6092 1
6093 3
6094 2
6095 1
6096 1
6100 1
6102 2
6104 1
6105 1
6107 1
6109 1
6110 1
6113 3
6114 3
6115 2
6116 1
6118 2
6119 1
6120 1
6121 1
6122 3
6124 3
6126 1
6133 1
6135 1
6136 4
6138 1
6140 1
6141 1
6142 1
6144 2
6152 2
6153 1
6156 1
6159 1
6163 1
6165 1
6168 5
6169 2
6172 1
6174 1
6176 2
6177 1
6178 1
6179 2
6180 1
6182 1
6184 2
6185 3
6186 1
6187 2
6188 1
6189 1
6193 3
6195 1
6199 1
6203 1
6204 2
6211 2
6213 4
6214 4
6216 2
6218 1
6221 2
6222 2
6225 1
6229 2
6230 2
6232 1
6236 3
6237 2
6239 1
6240 1
6241 1
6245 2
6248 1
6249 1
6253 1
6255 1
6256 1
6258 1
6259 1
6260 1
6264 4
6267 1
6275 1
6276 1
6277 1
6278 1
6279 1
6280 1
6282 1
6284 4
6290 1
6299 1
6303 1
6304 2
6305 2
6306 2
6307 1
6311 1
6312 2
6314 1
6316 1
6318 1
6319 2
6320 1
6325 1
6333 1
6334 1
6335 1
6340 1
6342 1
6343 3
6348 1
6349 4
6350 1
6352 2
6356 1
6364 4
6365 1
6368 2
6371 1
6379 3
6380 1
6383 1
6384 2
6386 1
6388 3
6389 1
6390 1
6392 3
6394 2
6396 1
6397 1
6400 1
6405 3
6406 1
6407 1
6408 1
6412 1
6414 1
6416 3
6420 1
6421 2
6422 2
6423 3
6431 1
6432 1
6433 2
6437 1
6440 1
6442 1
6443 1
6445 1
6447 2
6448 1
6449 1
6450 1
6452 1
6454 1
6460 2
6462 1
6463 1
6465 1
6466 1
6469 3
6472 1
6473 1
6479 2
6480 2
6482 1
6484 2
6487 1
6491 3
6492 2
6498 1
6504 1
6520 1
6521 3
6522 1
6524 1
6525 2
6527 1
6528 1
6529 2
6532 2
6535 1
6540 1
6544 1
6545 1
6547 1
6548 1
6551 2
6558 1
6560 1
6562 1
6565 1
6566 1
6568 5
6572 2
6575 1
6576 1
6580 3
6581 1
6584 6
6587 1
6588 1
6593 1
6595 1
6608 1
6610 2
6612 2
6616 3
6620 1
6621 3
6623 3
6624 2
6627 1
6631 1
6633 1
6636 1
6640 3
6644 1
6647 1
6648 1
6650 3
6651 1
6653 3
6654 3
6655 1
6656 3
6659 1
6663 1
6664 2
6666 1
6668 2
6669 1
6671 1
6678 1
6679 2
6681 2
6682 2
6684 5
6686 1
6690 2
6693 2
6694 1
6696 1
6698 1
6699 3
6700 1
6701 2
6702 1
6707 2
6708 1
6712 1
6716 6
6718 1
6720 1
6726 2
6727 1
6730 1
6735 1
6736 1
6740 2
6742 1
6744 1
6746 2
6754 3
6755 1
6756 1
6760 2
6761 1
6762 1
6764 3
6765 1
6770 2
6771 2
6773 5
6775 1
6778 1
6779 1
6780 1
6781 1
6782 1
6783 3
6794 1
6796 1
6799 3
6801 1
6802 1
6806 3
6813 2
6816 3
6819 2
6822 1
6825 2
6829 1
6832 1
6833 1
6835 1
6839 1
6840 3
6841 1
6846 1
6847 2
6848 2
6849 1
6852 3
6859 1
6860 2
6861 1
6862 3
6864 1
6865 3
6866 1
6869 3
6872 1
6873 1
6876 1
6878 4
6880 1
6881 1
6891 2
6895 1
6896 2
6897 1
6900 3
6903 1
6911 1
6912 2
6915 1
6917 1
6919 1
6920 1
6924 2
6926 1
6929 3
6931 2
6935 1
6936 1
6938 1
6939 1
6940 1
6941 1
6943 1
6947 4
6948 1
6949 1
6950 2
6952 2
6953 1
6954 1
6960 4
6961 1
6962 1
6963 1
6964 1
6968 1
6970 1
6971 1
6972 1
6977 1
6979 1
6980 1
6982 1
6985 1
6987 2
6988 1
6989 1
6991 2
6992 3
6995 1
6996 1
7004 1
7005 1
7012 1
7016 1
7019 2
7020 1
7021 1
7023 1
7025 1
7026 1
7028 1
7031 1
7033 1
7039 1
7040 3
7043 1
7044 1
7046 1
7047 1
7048 3
7050 1
7056 2
7058 2
7061 2
7064 1
7065 1
7068 1
7070 1
7071 1
7074 2
7076 1
7079 1
7085 1
7086 2
7088 1
7092 1
7096 1
7098 1
7104 1
7106 2
7107 2
7108 1
7113 1
7115 1
7116 1
7122 1
7124 2
7126 2
7132 1
7136 3
7138 1
7139 2
7140 2
7143 2
7144 2
7149 3
7150 1
7156 2
7157 1
7158 2
7159 1
7163 1
7164 1
7166 1
7170 1
7175 1
7176 2
7177 3
7178 1
7180 1
7182 1
7184 1
7192 1
7196 2
7197 1
7203 1
7204 1
7206 1
7208 1
7209 2
7211 1
7213 1
7214 1
7215 1
7216 1
7218 1
7219 2
7220 3
7222 1
7224 2
7226 1
7228 2
7232 1
7240 1
7241 1
7243 1
7244 1
7248 1
7249 1
7250 1
7252 1
7254 1
7256 1
7257 1
7258 1
7261 1
7264 1
7265 2
7270 1
7271 1
7276 2
7282 1
7285 1
7289 2
7294 3
7296 1
7297 1
7300 1
7304 2
7308 2
7316 1
7320 1
7322 1
7323 1
7325 1
7330 1
7333 1
7335 1
7337 5
7339 1
7340 2
7344 1
7345 1
7348 3
7357 2
7360 1
7364 1
7365 1
7367 1
7369 1
7370 2
7372 1
7375 1
7376 2
7377 1
7394 2
7396 1
7397 4
7400 1
7401 1
7404 1
7407 1
7409 2
7414 1
7415 1
7416 1
7418 1
7420 2
7421 1
7430 2
7431 2
7432 1
7441 2
7445 2
7448 2
7455 1
7456 3
7460 2
7461 3
7462 1
7465 1
7467 1
7468 1
7470 1
7472 1
7473 2
7477 1
7483 1
7484 2
7486 2
7487 2
7488 2
7490 1
7492 9
7494 1
7496 1
7500 2
7502 1
7504 1
7505 2
7511 1
7516 2
7520 2
7530 2
7532 1
7535 1
7537 1
7539 1
7547 1
7548 3
7550 1
7552 2
7553 1
7554 3
7558 1
7560 2
7564 1
7568 2
7569 1
7570 1
7572 1
7575 2
7576 1
7577 1
7578 2
7588 1
7591 2
7592 1
7593 1
7594 1
7597 1
7599 1
7600 1
7603 2
7607 2
7611 1
7612 1
7617 1
7618 1
7619 3
7625 1
7639 3
7648 1
7649 2
7651 1
7653 2
7656 1
7657 2
7660 1
7664 2
7666 3
7668 1
7671 1
7675 1
7680 1
7688 1
7689 2
7690 3
7691 2
7693 1
7696 1
7700 2
7704 2
7707 2
7711 2
7712 3
7714 1
7716 1
7718 1
7719 1
7720 2
7724 1
7725 1
7727 1
7737 1
7748 4
7751 3
7752 2
7753 1
7754 1
7755 1
7756 1
7762 1
7763 1
7765 1
7766 1
7768 3
7770 2
7776 1
7779 1
7782 1
7794 2
7799 1
7800 1
7803 1
7808 2
7809 1
7811 1
7817 2
7818 1
7819 2
7827 5
7834 1
7836 1
7841 1
7846 1
7847 1
7849 3
7851 2
7852 1
7860 1
7862 2
7866 1
7872 1
7876 1
7877 1
7884 2
7885 1
7891 2
7897 3
7898 2
7900 1
7901 1
7903 1
7904 1
7905 1
7913 1
7915 1
7923 1
7924 1
7925 1
7926 1
7932 2
7936 1
7942 2
7943 1
7946 2
7952 4
7957 1
7959 1
7962 1
7963 1
7967 1
7970 1
7972 1
7974 1
7977 1
7978 1
7980 1
7984 1
7988 2
7990 1
7993 3
7996 1
7997 1
8000 2
8001 1
8006 1
8007 1
8008 1
8013 1
8014 1
8015 1
8016 2
8023 2
8027 1
8030 1
8031 1
8032 1
8033 1
8034 1
8036 2
8043 2
8046 2
8048 1
8057 1
8066 1
8072 2
8076 1
8077 1
8081 2
8084 1
8090 1
8095 1
8096 1
8099 1
8100 1
8106 2
8107 2
8108 1
8113 1
8114 3
8116 1
8117 2
8118 1
8122 1
8123 1
8128 1
8134 1
8139 1
8144 1
8148 2
8150 1
8164 1
8167 2
8168 2
8171 1
8173 1
8178 1
8180 1
8182 1
8183 3
8192 1
8196 1
8197 1
8200 2
8207 3
8208 3
8213 1
8214 1
8215 1
8221 1
8237 2
8242 1
8244 1
8248 1
8256 1
8262 1
8265 1
8268 1
8269 4
8277 1
8279 1
8280 1
8287 1
8294 1
8297 2
8299 1
8303 1
8304 2
8310 1
8312 3
8318 2
8319 1
8320 3
8323 1
8324 1
8329 2
8331 1
8332 1
8333 1
8334 1
8337 2
8341 1
8346 1
8350 3
8353 1
8356 2
8358 1
8359 1
8360 2
8367 1
8368 2
8370 1
8371 2
8378 1
8381 2
8384 2
8390 1
8394 1
8399 1
8408 1
8412 1
8414 1
8415 2
8419 2
8420 1
8424 1
8432 1
8436 3
8447 1
8452 2
8453 1
8456 4
8464 1
8465 1
8466 5
8475 2
8482 1
8483 1
8486 1
8488 3
8490 1
8493 1
8504 2
8506 1
8512 5
8516 11
8522 1
8529 1
8532 3
8540 4
8541 1
8544 5
8548 2
8552 1
8556 2
8559 1
8563 3
8570 3
8572 1
8574 1
8580 1
8584 2
8586 1
8592 1
8598 1
8600 1
8612 2
8617 3
8620 1
8624 1
8625 1
8626 1
8628 1
8630 2
8633 1
8634 1
8636 1
8638 4
8646 1
8651 2
8655 1
8662 1
8665 2
8668 1
8676 2
8680 1
8681 1
8684 1
8685 2
8699 1
8704 4
8708 1
8709 3
8712 1
8715 4
8719 1
8722 2
8723 1
8730 2
8734 2
8739 1
8749 1
8751 2
8752 2
8756 1
8762 1
8763 1
8771 1
8773 1
8774 1
8775 1
8781 2
8784 3
8789 1
8798 1
8801 1
8804 4
8807 1
8811 1
8818 2
8821 1
8824 2
8839 1
8840 1
8844 1
8848 1
8851 1
8853 1
8856 1
8859 1
8860 1
8861 2
8864 3
8884 2
8895 1
8901 1
8904 3
8906 1
8908 2
8912 1
8915 3
8921 1
8925 1
8928 1
8929 2
8932 1
8936 3
8944 1
8946 1
8960 2
8961 1
8967 1
8968 1
8971 1
8973 2
8975 1
8976 2
8980 2
8985 1
8990 1
8992 1
8993 2
9007 1
9008 1
9015 1
9019 2
9021 1
9024 1
9026 1
9027 1
9030 1
9037 1
9041 1
9044 3
9048 1
9051 1
9053 1
9055 1
9062 1
9064 2
9071 2
9073 1
9074 1
9076 2
9077 2
9080 1
9081 1
9085 1
9090 1
9094 1
9095 1
9096 2
9098 1
9100 1
9103 1
9106 1
9107 1
9112 2
9117 1
9120 1
9124 1
9136 1
9139 1
9144 2
9148 1
9160 1
9163 1
9168 4
9172 3
9175 1
9180 3
9181 4
9184 2
9195 1
9196 2
9198 2
9204 2
9209 1
9210 1
9213 1
9215 1
9216 1
9218 2
9226 1
9227 1
9234 1
9239 1
9254 2
9255 1
9256 4
9261 1
9264 2
9265 3
9270 1
9273 2
9275 1
9277 1
9288 1
9295 1
9296 1
9297 1
9305 3
9316 2
9321 1
9343 1
9345 1
9348 1
9352 2
9353 1
9358 2
9360 2
9365 2
9368 1
9371 2
9373 1
9384 1
9391 1
9394 1
9398 2
9399 2
9401 3
9414 1
9415 1
9430 1
9432 1
9434 2
9439 2
9444 1
9445 2
9448 1
9452 1
9456 4
9459 1
9460 1
9461 3
9466 1
9472 2
9477 1
9480 2
9485 3
9491 1
9495 1
9496 1
9502 2
9504 1
9509 1
9512 1
9517 2
9520 1
9521 1
9522 1
9523 1
9535 1
9536 8
9538 3
9540 8
9547 2
9551 3
9552 2
9553 1
9556 3
9560 3
9568 4
9569 1
9572 2
9577 1
9580 1
9583 1
9588 1
9595 1
9596 1
9601 1
9612 2
9613 1
9614 1
9621 1
9627 1
9628 2
9633 1
9635 1
9638 1
9644 1
9660 1
9664 1
9665 1
9671 1
9672 1
9674 1
9675 1
9678 1
9689 1
9693 1
9704 1
9705 1
9714 1
9720 1
9723 1
9725 1
9726 1
9728 2
9731 1
9732 1
9736 1
9740 1
9744 1
9745 1
9746 1
9752 1
9759 2
9760 1
9763 1
9765 1
9766 1
9776 1
9784 2
9785 1
9786 1
9789 1
9792 1
9796 1
9800 1
9802 1
9803 1
9804 1
9805 1
9806 3
9808 1
9809 1
9813 2
9823 1
9826 1
9836 2
9839 2
9848 1
9874 1
9876 1
9877 1
9886 1
9892 2
9897 1
9900 1
9902 2
9908 2
9913 2
9917 1
9919 2
9936 1
9939 2
9940 1
9942 1
9943 1
9945 1
9949 1
9954 1
9957 1
9958 1
9960 1
9966 1
9972 1
9975 1
9982 1
9983 2
9984 1
9986 1
9993 1
9994 3
9995 1
10000 1
10010 1
10013 1
10024 1
10028 1
10031 1
10032 1
10033 1
10037 2
10039 1
10041 1
10046 1
10050 2
10058 1
10059 1
10064 1
10068 1
10070 1
10077 1
10081 2
10082 1
10084 1
10086 3
10088 2
10092 1
10095 1
10096 2
10101 1
10104 1
10108 3
10109 1
10111 3
10112 2
10115 1
10122 1
10123 1
10124 3
10140 1
10143 3
10145 1
10146 1
10152 1
10155 2
10158 1
10163 2
10164 1
10165 1
10170 1
10171 2
10172 1
10173 1
10176 2
10181 1
10184 1
10197 1
10199 1
10200 1
10208 1
10213 3
10214 1
10216 1
10222 1
10224 1
10227 2
10231 1
10240 1
10241 1
10244 1
10247 1
10250 1
10260 1
10270 1
10279 1
10281 1
10282 1
10285 1
10292 1
10296 1
10305 1
10308 2
10312 1
10316 2
10317 1
10320 5
10321 1
10323 1
10329 1
10331 1
10332 2
10333 1
10336 1
10340 1
10347 2
10348 1
10355 1
10356 1
10358 1
10360 1
10361 2
10366 2
10368 2
10372 2
10377 1
10380 1
10382 1
10388 1
10389 1
10394 1
10397 1
10400 1
10406 1
10408 3
10412 1
10421 1
10424 1
10435 1
10438 2
10445 2
10454 2
10463 2
10479 1
10485 1
10487 1
10489 1
10490 3
10495 1
10498 1
10512 1
10516 2
10519 2
10520 1
10529 2
10531 1
10534 2
10536 1
10537 3
10546 2
10549 1
10554 1
10556 1
10560 4
10564 8
10567 1
10572 2
10577 1
10579 2
10580 1
10591 1
10593 2
10601 2
10602 1
10604 1
10605 1
10611 1
10614 1
10616 1
10617 1
10627 1
10629 2
10639 3
10641 1
10644 1
10647 1
10653 1
10660 2
10665 7
10668 2
10672 1
10673 3
10676 1
10677 1
10689 1
10691 1
10693 2
10699 1
10702 2
10703 1
10707 1
10712 3
10716 1
10720 1
10728 1
10729 1
10731 1
10733 1
10735 1
10744 1
10745 1
10750 1
10751 1
10755 2
10758 1
10759 1
10760 1
10761 1
10771 1
10777 1
10779 1
10781 1
10784 1
10791 1
10796 1
10809 1
10816 1
10823 1
10826 2
10834 1
10836 1
10844 2
10852 1
10864 1
10871 1
10873 1
10876 2
10880 1
10881 1
10882 1
10885 1
10888 1
10889 1
10890 1
10893 1
10894 1
10895 1
10896 1
10898 1
10899 1
10900 1
10901 2
10920 1
10921 2
10925 1
10927 1
10928 2
10942 2
10946 1
10948 1
10950 1
10956 2
10962 1
10963 1
10964 1
10971 2
10976 1
10978 1
10980 2
10993 2
10996 1
10998 2
11001 1
11004 1
11012 1
11018 1
11021 1
11034 1
11038 2
11042 1
11046 1
11057 1
11058 1
11060 1
11064 1
11066 2
11071 3
11072 4
11076 4
11080 1
11085 2
11091 1
11092 1
11106 1
11111 1
11114 1
11117 1
11119 1
11121 1
11125 1
11138 1
11139 1
11142 1
11144 2
11148 4
11151 1
11152 2
11155 1
11158 4
11161 1
11165 1
11166 1
11167 1
11168 2
11171 1
11172 2
11175 1
11178 2
11180 2
11181 2
11182 1
11183 2
11187 1
11188 2
11191 2
11196 1
11197 2
11208 2
11209 1
11210 1
11213 1
11214 1
11215 1
11217 1
11218 1
11221 1
11232 1
11235 1
11236 2
11237 1
11242 1
11244 1
11250 1
11255 1
11256 1
11259 1
11260 2
11263 1
11264 1
11268 2
11269 1
11274 2
11281 1
11282 2
11283 1
11284 1
11288 3
11296 3
11298 1
11302 2
11309 2
11311 1
11312 3
11315 1
11320 1
11324 2
11327 2
11328 1
11330 1
11331 1
11337 2
11338 1
11344 4
11351 1
11354 1
11358 1
11360 2
11363 1
11370 1
11372 2
11376 1
11384 1
11388 1
11402 1
11403 1
11404 1
11407 1
11408 1
11411 1
11424 1
11425 1
11427 1
11429 1
11432 3
11437 1
11444 2
11445 1
11446 1
11448 1
11453 1
11458 1
11459 1
11461 1
11464 1
11465 2
11467 1
11469 2
11472 1
11477 1
11483 1
11484 1
11486 1
11488 1
11491 2
11492 1
11494 1
11495 1
11496 1
11500 1
11515 1
11516 1
11523 1
11532 1
11536 1
11540 2
11543 1
11544 1
11548 3
11549 1
11551 1
11558 1
11563 1
11568 2
11574 1
11583 2
11584 2
11586 1
11588 7
11592 1
11600 2
11601 1
11605 1
11610 1
11612 2
11619 1
11620 2
11627 1
11630 1
11636 1
11640 2
11645 1
11648 2
11650 2
11651 1
11655 1
11656 4
11660 2
11663 1
11664 1
11665 1
11666 1
11668 1
11670 2
11673 1
11680 1
11681 1
11686 1
11688 2
11698 1
11702 1
11703 1
11704 2
11706 1
11708 3
11716 3
11719 1
11727 1
11728 2
11729 1
11730 1
11732 2
11735 1
11738 1
11740 3
11748 1
11757 2
11760 1
11761 1
11771 1
11775 1
11783 1
11784 2
11802 1
11803 2
11808 2
11811 1
11812 1
11815 2
11819 1
11821 2
11833 1
11834 1
11841 1
11844 2
11845 1
11851 1
11852 1
11854 1
11860 2
11864 2
11867 1
11871 1
11872 1
11876 2
11881 1
11884 1
11889 2
11891 1
11892 1
11902 1
11908 2
11912 1
11924 3
11926 1
11934 1
11939 1
11940 3
11944 2
11952 2
11954 1
11956 2
11959 1
11960 3
11967 1
11973 2
11975 1
11976 1
11977 1
11980 4
11982 1
11984 2
11988 1
11992 3
12003 1
12008 2
12012 4
12014 2
12015 2
12019 1
12024 1
12027 1
12034 1
12046 3
12047 1
12051 1
12052 4
12053 2
12058 1
12060 2
12061 1
12065 1
12068 1
12072 1
12076 2
12084 2
12089 4
12090 1
12094 1
12096 2
12098 2
12100 4
12106 1
12108 2
12114 1
12117 3
12120 1
12123 1
12137 1
12139 1
12145 1
12146 1
12148 1
12150 1
12153 1
12155 1
12158 1
12160 1
12168 1
12191 1
12194 1
12195 1
12196 1
12200 1
12202 1
12203 3
12207 2
12211 1
12216 1
12220 2
12224 2
12236 1
12242 1
12248 3
12251 1
12257 1
12262 1
12263 1
12267 1
12279 1
12288 1
12290 1
12295 1
12299 1
12300 2
12306 1
12320 3
12336 2
12340 4
12341 1
12347 2
12348 2
12353 1
12355 1
12356 2
12364 1
12365 1
12366 1
12368 1
12372 2
12375 1
12379 1
12380 2
12382 1
12387 1
12392 1
12393 2
12395 1
12400 2
12405 1
12414 1
12420 3
12421 2
12434 1
12440 2
12443 1
12444 3
12450 1
12456 2
12461 1
12467 1
12468 1
12473 2
12474 2
12476 1
12478 1
12484 1
12485 1
12492 1
12494 2
12501 1
12504 2
12512 1
12525 1
12528 2
12536 3
12547 1
12548 3
12551 1
12552 3
12554 1
12556 1
12560 2
12564 2
12572 1
12574 1
12577 1
12597 1
12604 1
12605 1
12608 2
12612 3
12614 1
12616 1
12617 1
12622 1
12623 1
12624 3
12625 1
12640 3
12646 1
12656 1
12658 2
12659 1
12660 4
12665 2
12670 1
12672 2
12679 1
12680 1
12688 2
12689 1
12691 1
12692 2
12699 2
12701 1
12712 3
12713 1
12714 1
12716 2
12717 1
12727 1
12740 3
12741 1
12747 1
12758 1
12770 1
12774 1
12784 2
12793 2
12801 2
12807 2
12809 1
12816 1
12825 3
12832 1
12841 1
12853 1
12856 1
12866 2
12874 1
12877 1
12878 1
12882 1
12887 1
12889 1
12900 1
12904 2
12912 1
12916 3
12920 3
12922 1
12928 2
12936 3
12940 1
12948 2
12953 1
12964 1
12973 1
12976 2
12978 2
12980 1
12982 1
12989 1
12992 1
12994 1
12997 1
13004 2
13013 2
13016 1
13019 1
13025 1
13032 2
13039 1
13041 1
13043 1
13044 2
13054 2
13056 1
13061 1
13071 1
13072 2
13074 2
13076 3
13080 4
13083 1
13090 1
13094 1
13097 1
13100 3
13108 2
13109 1
13116 2
13127 1
13128 3
13132 1
13133 1
13161 1
13162 5
13164 1
13165 1
13168 4
13169 1
13175 1
13176 1
13184 1
13192 3
13200 2
13201 1
13206 1
13212 2
13222 1
13224 2
13229 1
13238 3
13242 1
13246 2
13267 1
13270 1
13271 2
13272 2
13273 1
13275 1
13278 2
13281 2
13282 2
13290 1
13309 1
13320 2
13323 2
13328 2
13335 2
13336 1
13340 1
13342 1
13344 1
13350 5
13352 2
13359 1
13368 2
13370 1
13376 1
13377 1
13379 1
13380 1
13383 1
13388 1
13389 2
13401 1
13404 1
13410 1
13424 1
13429 1
13448 1
13451 1
13452 1
13463 1
13466 1
13468 1
13472 1
13477 1
13488 1
13489 2
13491 2
13493 1
13496 2
13501 1
13503 1
13507 1
13513 1
13528 1
13532 2
13538 1
13540 1
13542 1
13543 1
13548 3
13552 1
13554 2
13555 2
13558 1
13563 1
13564 1
13566 3
13568 2
13576 2
13577 1
13578 1
13579 2
13584 2
13592 5
13593 1
13604 1
13608 1
13612 1
13614 1
13616 6
13620 2
13624 2
13630 1
13634 1
13636 2
13639 1
13642 1
13644 1
13662 1
13680 2
13681 1
13684 2
13691 1
13693 1
13694 1
13700 1
13701 1
13704 1
13705 1
13712 1
13715 1
13716 1
13724 1
13728 1
13729 2
13734 1
13740 2
13744 1
13749 1
13753 2
13754 1
13779 1
13783 2
13789 1
13794 1
13800 2
13806 1
13813 1
13816 1
13821 1
13830 2
13831 1
13835 1
13848 2
13851 1
13852 2
13860 1
13867 1
13872 3
13876 3
13881 1
13884 1
13894 2
13898 1
13900 2
13912 2
13920 2
13924 1
13931 1
13933 1
13951 1
13958 2
13966 1
13968 2
13974 2
13984 1
13987 1
14000 1
14004 1
14008 1
14013 1
14024 1
14036 1
14049 2
14056 1
14057 1
14058 1
14075 3
14076 2
14077 1
14079 1
14080 2
14094 1
14096 2
14111 1
14112 3
14115 1
14116 1
14118 1
14119 4
14132 2
14140 2
14144 1
14150 1
14152 2
14156 1
14161 1
14174 2
14175 1
14188 2
14201 2
14208 2
14212 2
14232 1
14236 1
14240 3
14243 2
14248 2
14249 1
14275 2
14288 1
14294 1
14296 1
14303 1
14304 2
14308 1
14312 2
14315 1
14317 1
14322 1
14324 4
14330 1
14334 5
14341 1
14342 1
14344 2
14345 1
14352 3
14354 1
14356 2
14358 2
14361 1
14363 1
14372 2
14380 2
14382 1
14383 1
14384 2
14388 1
14392 3
14399 1
14400 1
14416 4
14417 1
14422 1
14424 2
14437 1
14444 2
14446 1
14457 1
14460 3
14466 1
14472 2
14483 1
14494 1
14502 1
14508 4
14512 1
14516 2
14519 2
14524 1
14531 3
14532 1
14543 1
14544 2
14545 1
14549 1
14552 1
14563 1
14566 1
14568 2
14572 1
14574 2
14584 5
14588 1
14593 2
14618 1
14620 2
14622 1
14629 1
14633 1
14639 1
14656 1
14660 3
14668 1
14671 2
14676 4
14688 2
14707 1
14712 5
14716 2
14732 2
14740 2
14743 2
14744 1
14749 1
14753 1
14759 1
14761 1
14764 4
14772 1
14780 3
14784 2
14787 1
14795 1
14798 3
14800 2
14808 1
14819 2
14832 2
14838 1
14843 1
14856 3
14860 1
14866 1
14867 1
14891 1
14894 1
14897 1
14898 2
14903 1
14909 1
14912 1
14916 2
14925 1
14928 2
14932 1
14936 2
14943 1
14944 1
14949 1
14951 1
14953 1
14959 1
14964 1
14972 1
14980 1
14981 1
14996 2
14998 1
15004 2
15007 1
15008 1
15013 1
15017 1
15029 1
15032 1
15036 2
15040 2
15043 1
15045 1
15050 1
15054 1
15076 1
15080 2
15084 2
15092 2
15096 3
15111 1
15128 2
15132 4
15143 1
15148 1
15156 2
15168 2
15172 1
15176 2
15184 1
15186 1
15193 1
15195 1
15196 1
15206 1
15212 2
15219 1
15221 1
15232 2
15236 4
15241 1
15253 1
15265 2
15276 2
15277 1
15280 2
15282 1
15285 1
15287 1
15289 1
15297 1
15304 1
15312 1
15320 2
15322 1
15340 2
15344 2
15345 1
15352 1
15363 1
15384 1
15385 1
15386 1
15396 1
15404 1
15409 1
15420 1
15421 1
15435 1
15448 1
15450 1
15453 1
15456 1
15457 1
15464 1
15468 3
15476 2
15477 1
15488 1
15500 2
15504 4
15509 1
15515 1
15516 1
15520 2
15530 1
15532 2
15540 1
15545 1
15561 1
15565 1
15576 1
15597 1
15600 1
15608 4
15611 1
15616 2
15630 1
15633 1
15636 2
15648 2
15651 1
15656 2
15661 1
15663 1
15664 2
15667 1
15676 2
15684 3
15688 2
15696 4
15707 1
15708 2
15709 1
15713 1
15724 3
15740 3
15741 1
15744 4
15746 1
15748 5
15752 2
15754 1
15758 1
15776 4
15794 1
15804 3
15816 3
15826 1
15827 1
15840 3
15842 1
15848 3
15852 1
15854 1
15855 1
15860 1
15872 1
15876 4
15881 1
15892 1
15902 1
15905 1
15906 1
15908 1
15933 1
15943 1
15945 1
15959 1
15968 2
15970 1
15972 3
15976 1
15988 1
16000 3
16003 1
16004 5
16012 1
16015 1
16016 2
16019 1
16029 1
16041 1
16045 1
16047 1
16048 1
16052 1
16058 1
16064 1
16078 1
16094 1
16096 1
16104 1
16108 1
16112 3
16144 1
16145 1
16158 1
16171 3
16183 2
16184 2
16191 1
16192 2
16198 1
16203 1
16207 1
16220 1
16223 1
16224 1
16230 1
16231 1
16233 1
16240 2
16255 1
16256 1
16262 1
16264 2
16267 1
16280 1
16285 1
16300 1
16312 2
16315 1
16316 2
16328 2
16329 1
16335 2
16339 1
16340 2
16348 2
16350 2
16357 2
16359 1
16369 2
16370 1
16383 1
16384 3
16385 2
16388 2
16389 2
16392 1
16404 1
16408 2
16412 3
16419 1
16435 1
16452 1
16464 2
16467 1
16469 1
16483 1
16485 2
16494 3
16504 1
16517 1
16520 1
16531 1
16535 1
16544 2
16555 1
16560 1
16574 1
16580 2
16584 2
16593 1
16596 1
16616 1
16620 1
16628 2
16644 2
16647 1
16652 1
16658 1
16660 2
16663 1
16664 2
16675 2
16678 1
16680 1
16688 1
16703 1
16704 1
16707 1
16717 1
16720 2
16721 2
16724 2
16728 4
16737 1
16740 2
16753 2
16762 2
16764 2
16769 1
16771 1
16773 2
16784 1
16788 1
16792 2
16809 2
16812 2
16813 1
16823 1
16830 1
16832 2
16836 2
16842 1
16844 2
16848 2
16852 2
16864 1
16867 1
16870 1
16878 1
16879 1
16882 1
16884 1
16889 1
16892 1
16899 1
16900 1
16943 1
16981 1
16992 2
16996 1
17000 1
17003 1
17005 2
17021 1
17027 1
17034 1
17035 1
17060 2
17068 1
17080 1
17086 1
17087 1
17090 1
17095 1
17107 1
17114 1
17119 1
17121 1
17133 1
17140 2
17153 1
17154 1
17157 2
17158 1
17176 1
17185 1
17202 1
17204 2
17232 1
17233 1
17241 1
17244 1
17255 1
17267 1
17276 2
17280 2
17292 2
17302 3
17304 2
17312 2
17320 2
17324 1
17328 2
17330 1
17331 1
17332 2
17337 1
17341 1
17356 2
17360 1
17364 2
17377 1
17386 1
17408 2
17409 1
17416 2
17424 2
17432 2
17442 1
17448 1
17464 2
17470 1
17480 1
17495 1
17496 1
17504 2
17522 1
17536 1
17537 1
17541 1
17542 1
17551 1
17565 1
17572 2
17579 1
17580 3
17592 1
17596 1
17600 2
17601 1
17615 1
17624 1
17632 3
17648 2
17652 2
17654 1
17686 1
17696 1
17709 1
17731 1
17740 1
17764 1
17768 2
17775 1
17778 1
17789 1
17792 2
17795 1
17799 1
17802 1
17804 1
17844 1
17851 1
17866 1
17876 1
17888 1
17893 1
17905 1
17912 1
17931 2
17936 2
17977 1
17996 2
18001 2
18007 1
18008 1
18015 1
18016 2
18017 1
18024 2
18028 1
18031 1
18041 1
18047 1
18068 2
18072 4
18087 2
18096 2
18100 2
18106 1
18108 2
18113 1
18117 1
18120 2
18127 1
18129 1
18134 1
18144 2
18150 1
18152 2
18159 1
18168 2
18178 1
18184 2
18187 1
18192 1
18195 1
18198 3
18204 3
18213 1
18220 2
18224 1
18233 1
18236 2
18249 2
18252 2
18254 1
18260 1
18264 2
18267 1
18268 2
18297 1
18300 1
18304 3
18308 2
18314 1
18315 1
18324 2
18328 2
18329 1
18332 2
18336 1
18347 1
18348 2
18350 1
18352 1
18353 1
18356 2
18363 1
18366 1
18382 1
18389 1
18396 1
18400 6
18405 2
18412 2
18414 2
18415 1
18416 1
18418 1
18428 1
18434 1
18436 1
18440 1
18443 1
18444 2
18449 1
18464 1
18491 1
18493 1
18496 3
18500 4
18502 2
18503 1
18510 1
18512 1
18523 1
18532 1
18540 2
18546 1
18548 1
18549 1
18554 1
18558 1
18559 1
18564 3
18582 1
18588 3
18600 1
18610 1
18623 2
18626 1
18628 1
18630 1
18633 1
18640 4
18644 2
18654 1
18663 1
18671 1
18692 1
18700 2
18704 2
18709 1
18728 2
18739 1
18740 5
18741 2
18745 1
18746 4
18747 2
18777 1
18785 1
18790 1
18800 2
18810 1
18816 1
18830 1
18835 1
18836 2
18839 1
18840 2
18847 1
18852 2
18856 4
18863 1
18876 1
18884 1
18890 2
18908 2
18910 1
18911 1
18912 2
18914 1
18920 4
18929 2
18932 2
18939 1
18945 1
18946 1
18948 1
18956 3
18958 1
18968 1
18970 2
18972 2
18976 1
18980 1
18984 1
18987 1
18997 1
19003 1
19012 2
19013 2
19018 1
19020 1
19029 1
19039 1
19045 2
19060 2
19076 2
19093 1
19096 3
19106 1
19110 1
19119 1
19123 1
19126 1
19127 1
19132 3
19135 1
19136 1
19140 2
19148 1
19178 1
19181 1
19182 1
19183 4
19184 2
19188 1
19189 4
19190 2
19207 1
19211 1
19220 2
19228 1
19248 2
19260 1
19263 1
19294 1
19296 3
19302 1
19303 4
19304 3
19308 1
19309 4
19310 2
19314 3
19315 1
19343 1
19356 2
19361 1
19370 1
19376 1
19389 1
19390 1
19395 1
19414 1
19421 1
19425 1
19426 1
19427 1
19442 1
19457 1
19459 1
19460 1
19474 1
19488 1
19508 1
19520 1
19532 1
19564 2
19568 1
19571 1
19572 2
19578 1
19584 1
19592 4
19606 1
19612 1
19616 2
19633 1
19645 1
19651 1
19659 1
19663 3
19688 1
19696 1
19697 1
19740 3
19742 6
19761 1
19767 1
19786 1
19820 1
19826 1
19834 1
19839 1
19840 1
19860 1
19864 1
19884 1
19890 1
19908 2
19912 2
19915 1
19920 3
19924 2
19943 1
19964 1
19971 1
19976 1
19981 1
19984 2
20007 1
20008 1
20018 2
20020 1
20021 1
20050 1
20060 1
20086 1
20098 1
20116 1
20132 2
20135 1
20141 1
20148 1
20154 2
20171 1
20176 1
20180 1
20229 1
20235 1
20237 1
20252 2
20262 1
20267 1
20270 1
20307 2
20313 1
20327 1
20367 1
20371 1
20381 3
20388 2
20392 1
20396 1
20400 1
20404 1
20451 1
20470 1
20480 1
20485 1
20492 1
20511 1
20512 1
20514 1
20540 3
20541 1
20552 1
20553 1
20554 2
20572 4
20575 1
20589 1
20608 1
20614 1
20620 2
20640 2
20642 1
20648 2
20654 1
20656 3
20684 1
20692 2
20703 1
20710 1
20711 1
20729 1
20731 1
20744 2
20750 1
20756 1
20760 1
20770 1
20772 3
20784 1
20796 2
20797 1
20800 1
20801 1
20816 3
20832 1
20833 1
20834 1
20863 2
20867 1
20868 2
20872 1
20876 1
20880 2
20885 1
20900 1
20924 2
20932 1
20954 2
20959 1
20980 1
20992 1
20993 1
20994 1
21004 2
21008 2
21010 1
21012 2
21020 1
21028 2
21031 1
21032 1
21044 1
21048 1
21049 1
21055 1
21060 2
21080 1
21085 1
21092 2
21103 1
21108 1
21125 1
21142 1
21148 1
21152 2
21160 2
21161 1
21169 1
21175 1
21225 1
21230 1
21237 1
21242 1
21256 1
21273 1
21276 2
21279 1
21292 1
21296 3
21300 2
21304 2
21305 1
21308 1
21320 2
21322 1
21328 1
21334 1
21340 2
21341 1
21344 2
21351 2
21355 1
21360 1
21376 2
21382 4
21384 2
21385 1
21396 2
21397 1
21404 1
21409 1
21416 2
21428 2
21436 1
21440 1
21444 2
21449 1
21454 2
21472 1
21476 2
21484 1
21489 1
21492 1
21496 2
21532 1
21540 2
21544 1
21548 3
21554 1
21556 1
21560 2
21561 1
21589 1
21617 1
21620 1
21635 1
21643 1
21652 1
21669 1
21706 1
21714 1
21744 3
21745 1
21746 1
21748 2
21752 1
21798 1
21840 1
21843 1
21856 1
21857 1
21874 1
21892 2
21900 2
21904 4
21908 2
21911 1
21912 2
21920 2
21922 1
21928 2
21940 2
21945 1
21964 2
21965 1
21977 1
21978 1
21983 1
21990 3
22008 1
22044 1
22060 2
22071 1
22100 2
22120 2
22136 1
22137 1
22148 2
22150 1
22156 1
22164 2
22178 1
22182 1
22184 1
22200 2
22224 2
22233 1
22266 1
22276 1
22277 1
22278 1
22280 1
22285 1
22298 1
22304 1
22306 1
22324 2
22326 1
22336 2
22337 1
22339 1
22353 1
22366 2
22374 1
22376 1
22377 1
22380 2
22396 2
22400 2
22408 1
22413 1
22427 1
22440 1
22441 1
22456 1
22466 1
22467 1
22469 1
22480 4
22485 1
22490 1
22495 1
22496 1
22506 1
22514 1
22516 1
22525 1
22534 1
22536 2
22538 1
22543 1
22545 1
22551 1
22552 1
22553 1
22556 4
22584 1
22587 1
22607 1
22608 2
22616 1
22628 2
22642 1
22643 1
22658 1
22675 1
22680 1
22703 1
22711 1
22764 2
22768 1
22769 1
22774 1
22782 2
22785 1
22796 2
22809 1
22813 1
22850 1
22854 1
22856 1
22859 1
22860 1
22888 1
22901 1
22918 1
22934 1
22936 2
22941 1
22944 2
22984 1
23002 1
23012 2
23017 1
23020 1
23028 2
23061 1
23066 1
23096 1
23116 2
23130 1
23146 2
23185 1
23192 2
23219 1
23220 2
23239 1
23244 2
23257 1
23272 1
23278 1
23308 1
23327 1
23330 1
23377 2
23400 1
23411 1
23412 1
23447 1
23470 1
23477 1
23482 1
23483 1
23492 1
23493 1
23516 3
23519 1
23524 1
23540 1
23558 1
23581 1
23585 1
23600 1
23603 1
23614 1
23639 1
23644 1
23650 1
23651 1
23658 1
23662 1
23667 1
23677 1
23679 1
23683 2
23684 1
23700 1
23708 2
23722 1
23752 1
23760 1
23764 1
23767 2
23772 1
23777 1
23790 1
23792 1
23800 1
23810 1
23811 2
23822 1
23825 1
23848 1
23854 1
23880 1
23904 2
23912 1
23915 1
23919 1
23962 2
23968 1
23969 1
23977 1
23984 1
24003 1
24007 1
24013 1
24026 1
24052 2
24064 1
24074 1
24082 1
24091 1
24117 1
24126 1
24127 2
24158 1
24160 1
24167 1
24173 1
24188 1
24194 1
24201 1
24208 1
24213 1
24218 2
24219 1
24240 1
24261 1
24301 1
24304 1
24310 2
24331 1
24352 1
24370 1
24372 2
24380 1
24381 2
24412 1
24426 1
24452 1
24453 1
24474 1
24508 1
24512 1
24526 1
24533 1
24550 1
24576 82
24578 2
24583 1
24627 1
24632 1
24641 1
24649 1
24671 1
24673 1
24674 1
24681 1
24687 1
24700 1
24711 1
24713 1
24714 1
24716 1
24720 1
24747 1
24755 1
24765 2
24768 2
24770 1
24775 1
24779 1
24791 1
24792 1
24836 1
24845 1
24854 1
24870 1
24887 1
24888 1
24901 1
24918 1
24932 1
24933 1
24950 1
24954 1
24961 1
24993 1
24995 1
25000 2
25045 1
25053 1
25055 1
25062 1
25078 1
25083 1
25087 1
25096 1
25097 1
25101 1
25104 1
25112 1
25121 1
25127 1
25130 1
25132 1
25133 1
25138 1
25140 1
25143 1
25149 1
25157 1
25169 1
25170 1
25172 1
25176 1
25189 1
25200 1
25215 1
25217 1
25221 1
25230 1
25232 1
25257 1
25263 1
25267 1
25276 1
25340 1
25343 1
25348 1
25374 2
25375 1
25376 2
25378 1
25392 2
25393 1
25396 2
25405 1
25410 1
25412 1
25416 1
25427 1
25445 1
25447 1
25448 1
25452 1
25468 2
25493 1
25494 1
25511 1
25518 1
25522 1
25525 1
25526 3
25528 2
25545 1
25554 1
25556 2
25580 1
25589 1
25600 1
25610 1
25625 1
25650 1
25664 1
25673 1
25674 1
25691 1
25694 1
25700 3
25714 1
25715 1
25720 1
25722 1
25741 1
25752 1
25764 1
25769 2
25780 2
25811 1
25812 1
25820 1
25821 2
25830 3
25847 1
25866 1
25870 1
25878 1
25889 1
25912 1
25918 1
25929 1
25933 1
25941 1
25942 1
25944 1
25945 1
25961 1
25963 1
25970 1
25971 1
25975 1
25980 1
26011 1
26044 1
26077 1
26095 1
26099 1
26100 1
26104 1
26112 2
26139 1
26164 2
26167 1
26168 1
26173 1
26176 1
26200 2
26202 1
26203 1
26235 1
26240 1
26249 1
26259 1
26261 1
26263 1
26267 1
26269 1
26284 1
26288 1
26295 3
26306 1
26310 1
26323 1
26334 1
26358 1
26380 1
26386 1
26388 1
26395 1
26402 1
26410 1
26412 1
26433 1
26445 1
26472 1
26475 1
26480 1
26484 1
26486 1
26489 1
26494 1
26508 3
26520 1
26521 1
26532 2
26533 1
26542 1
26548 1
26549 1
26552 2
26557 1
26566 1
26581 2
26596 1
26607 1
26623 1
26625 1
26658 1
26679 1
26684 1
26692 1
26710 1
26717 1
26721 1
26727 1
26729 2
26740 2
26757 1
26759 1
26766 1
26773 1
26779 1
26800 1
26811 1
26812 4
26813 2
26817 1
26818 4
26819 2
26823 1
26828 4
26846 1
26848 2
26852 1
26886 1
26900 1
26903 1
26941 1
26958 2
26964 1
26977 1
26984 1
27000 1
27002 1
27015 1
27021 1
27026 1
27027 1
27033 1
27056 1
27061 1
27065 1
27066 4
27067 2
27071 1
27072 5
27073 3
27098 1
27112 2
27123 1
27134 1
27136 1
27144 1
27148 1
27164 1
27168 2
27172 1
27181 1
27197 1
27198 1
27199 1
27239 2
27241 2
27247 1
27264 4
27267 1
27272 1
27279 1
27280 2
27292 1
27300 1
27301 2
27304 2
27311 1
27314 1
27330 1
27345 1
27349 1
27374 2
27377 1
27408 1
27426 1
27462 1
27469 1
27483 1
27494 1
27496 2
27500 1
27512 2
27520 1
27534 1
27539 1
27541 1
27554 1
27572 1
27573 1
27576 2
27580 1
27599 1
27605 1
27627 1
27628 2
27635 1
27640 2
27641 1
27647 2
27656 1
27660 1
27678 1
27688 1
27695 1
27700 1
27709 1
27720 1
27732 1
27739 1
27744 1
27745 1
27746 1
27762 1
27776 1
27784 3
27807 2
27808 1
27812 1
27819 1
27821 1
27824 1
27835 1
27848 1
27864 2
27866 1
27870 1
27880 1
27881 1
27900 1
27922 1
27923 1
27924 1
27938 1
27943 4
27945 1
27965 1
27974 1
27980 1
27994 1
27999 1
28000 1
28015 1
28025 1
28043 1
28052 1
28080 1
28138 1
28166 1
28175 1
28184 1
28191 1
28201 1
28207 1
28220 1
28229 1
28242 3
28244 1
28248 1
28252 1
28282 1
28329 1
28368 1
28369 1
28377 1
28392 2
28416 1
28436 1
28452 1
28504 1
28525 1
28540 3
28554 1
28569 1
28575 1
28607 1
28612 1
28620 1
28639 1
28651 1
28686 1
28688 1
28718 1
28731 1
28732 1
28734 1
28737 1
28745 1
28788 1
28800 1
28816 1
28836 1
28861 1
28884 1
28897 1
28924 1
28925 1
28928 1
28936 1
28942 1
28954 1
28964 1
28966 1
28969 1
28973 1
28975 1
28980 1
29003 1
29011 1
29020 1
29052 2
29054 1
29056 1
29105 1
29106 1
29108 1
29119 1
29123 1
29134 2
29136 1
29141 1
29157 1
29182 1
29215 1
29246 1
29293 1
29306 2
29308 1
29340 1
29369 1
29378 2
29391 1
29392 1
29407 1
29423 1
29428 1
29431 1
29433 1
29438 1
29456 1
29459 1
29464 1
29485 1
29487 1
29508 1
29540 1
29556 1
29564 1
29594 1
29606 1
29608 1
29612 2
29622 1
29633 1
29635 1
29640 1
29648 1
29652 1
29681 2
29696 2
29706 1
29723 1
29734 1
29740 1
29751 1
29766 1
29772 1
29811 1
29815 1
29818 1
29820 1
29873 1
29876 1
29889 1
29902 1
29910 1
29916 1
29940 1
29959 1
30018 1
30044 1
30069 1
30086 1
30088 1
30095 1
30109 1
30113 1
30129 1
30151 1
30153 1
30155 1
30158 1
30163 1
30182 1
30207 1
30230 3
30231 1
30232 1
30236 3
30237 2
30265 1
30267 1
30269 1
30270 1
30276 1
30281 1
30282 1
30293 1
30296 1
30308 1
30316 1
30340 1
30360 1
30362 3
30372 1
30379 1
30414 1
30420 1
30531 1
30537 1
30539 1
30544 1
30550 1
30564 1
30607 1
30628 1
30642 1
30696 1
30719 1
30724 1
30733 1
30783 2
30785 1
30786 1
30792 1
30802 1
30805 2
30806 1
30826 1
30842 1
30857 1
30867 1
30900 1
30911 1
30961 1
30977 1
30988 1
31020 1
31105 2
31113 1
31116 1
31118 1
31126 1
31159 1
31160 1
31181 1
31182 1
31184 1
31192 1
31204 1
31208 1
31224 1
31233 1
31237 1
31251 1
31254 1
31256 1
31260 1
31273 1
31325 1
31328 1
31340 1
31366 2
31419 1
31426 1
31427 1
31432 1
31449 1
31460 1
31463 1
31521 1
31522 1
31527 1
31552 1
31553 1
31575 1
31584 1
31587 1
31633 1
31699 1
31716 1
31717 3
31718 2
31723 3
31724 2
31764 1
31767 1
31775 1
31778 1
31802 2
31805 1
31809 2
31810 2
31811 1
31812 1
31815 1
31817 1
31818 1
31823 1
31830 1
31835 1
31848 1
31850 1
31858 1
31877 1
31888 1
31894 1
31920 1
31975 1
31984 1
31986 3
31987 2
31992 3
31993 2
31999 2
32000 1
32021 2
32056 1
32065 1
32082 1
32106 1
32140 1
32167 1
32197 1
32210 1
32212 1
32216 1
32310 1
32323 1
32328 1
32359 1
32394 1
32397 1
32413 1
32418 1
32427 1
32474 1
32483 1
32488 1
32508 1
32512 2
32530 2
32578 1
32585 1
32588 1
32616 1
32631 1
32672 1
32674 1
32714 1
32717 1
32727 1
32735 1
32738 1
32765 1
32768 56
32778 1
32818 2
32829 2
32835 1
32855 1
32858 1
32859 1
32870 1
32916 1
32932 1
32967 1
32986 1
32991 1
33013 1
33024 1
33032 1
33035 1
33059 1
33060 1
33079 1
33140 1
33145 1
33223 1
33245 1
33258 1
33291 1
33301 1
33330 1
33340 1
33350 1
33374 1
33438 1
33476 1
33511 1
33540 1
33544 1
33557 1
33564 1
33615 1
33636 1
33645 1
33648 1
33671 1
33683 1
33724 1
33742 1
33749 1
33793 1
33802 1
33812 1
33821 2
33831 1
33843 1
33864 1
33867 1
33901 1
33940 1
33972 1
33974 1
34008 1
34101 1
34119 1
34132 1
34150 1
34161 1
34193 1
34194 1
34206 1
34224 1
34234 1
34240 1
34241 1
34255 1
34261 2
34267 1
34305 1
34322 1
34369 1
34403 1
34419 1
34432 1
34436 1
34472 1
34479 1
34481 1
34484 1
34500 1
34542 1
34551 2
34554 1
34565 1
34585 1
34588 1
34619 1
34638 1
34826 1
34852 1
34859 1
34930 1
34935 1
34948 1
34950 1
35003 1
35009 1
35034 1
35040 1
35052 1
35057 1
35119 1
35252 1
35280 1
35352 1
35362 1
35376 1
35394 1
35478 1
35505 1
35524 1
35540 1
35560 1
35604 1
35627 1
35628 1
35630 1
35647 1
35653 1
35655 1
35670 1
35708 1
35728 1
35755 1
35756 1
35764 1
35777 1
35807 1
35829 1
35949 1
35967 1
36015 1
36018 1
36025 1
36049 1
36072 1
36082 1
36135 1
36139 1
36192 1
36207 1
36227 1
36228 1
36238 1
36243 1
36306 1
36322 1
36340 1
36355 1
36398 1
36400 1
36435 1
36439 1
36467 1
36482 1
36506 1
36529 1
36546 1
36589 1
36591 1
36602 1
36652 1
36657 1
36672 1
36680 2
36744 1
36760 1
36769 1
36812 1
36830 1
36891 1
36933 1
36938 1
36988 1
37028 1
37104 1
37118 1
37156 3
37162 1
37192 1
37237 2
37265 1
37272 1
37307 1
37350 1
37354 1
37368 1
37387 1
37395 1
37428 1
37458 1
37465 1
37471 1
37478 1
37499 1
37528 1
37540 2
37578 1
37601 1
37602 1
37606 1
37638 1
37656 1
37757 1
37783 1
37823 1
37871 1
37878 1
37884 1
37908 1
37910 1
37958 1
37969 1
37983 1
37989 1
37995 1
37999 1
38000 1
38036 1
38043 1
38069 1
38087 1
38098 1
38123 1
38172 1
38230 1
38259 1
38264 1
38309 1
38324 1
38337 1
38369 1
38392 1
38405 1
38421 1
38443 1
38464 1
38472 1
38510 1
38619 1
38634 1
38642 1
38647 1
38673 1
38677 1
38706 2
38722 1
38829 1
38830 1
38839 1
38877 1
38906 1
38972 1
38980 1
39004 2
39021 1
39058 1
39064 1
39091 1
39099 1
39161 1
39242 1
39261 1
39363 1
39368 1
39406 1
39456 1
39467 1
39477 1
39484 1
39521 1
39586 1
39615 1
39619 1
39627 1
39669 1
39679 2
39699 1
39700 1
39710 1
39728 1
39815 1
39845 2
39873 1
39922 1
39984 2
39989 2
40030 1
40053 1
40136 1
40149 1
40193 1
40203 1
40214 1
40223 1
40230 1
40245 1
40276 2
40391 1
40447 1
40460 1
40486 1
40519 1
40563 1
40640 1
40667 1
40686 2
40730 1
40764 1
40776 1
40812 1
40860 1
40895 2
40901 1
40960 29
41010 1
41036 2
41052 1
41080 1
41093 1
41154 1
41352 1
41368 3
41405 1
41420 1
41472 1
41571 1
41582 1
41594 1
41724 1
41727 1
41736 1
41738 1
41765 2
41837 1
41900 1
41959 1
41973 1
41976 1
42022 1
42036 1
42051 1
42067 1
42068 1
42124 1
42180 1
42246 1
42276 1
42278 1
42323 1
42400 1
42417 1
42440 2
42576 1
42773 1
42780 1
42801 1
42856 1
42935 1
42984 1
42990 1
43056 1
43059 1
43068 1
43099 1
43104 1
43173 1
43250 1
43268 1
43313 1
43319 1
43432 2
43567 1
43599 1
43650 1
43669 1
43708 1
43904 2
43912 1
43952 1
43975 1
44182 1
44192 1
44241 1
44303 1
44355 1
44360 1
44369 1
44412 1
44424 1
44439 1
44448 1
44477 1
44486 2
44505 1
44543 1
44553 1
44608 1
44645 1
44648 1
44705 1
44727 1
44812 1
44818 1
44906 2
44952 1
44984 1
45045 3
45240 1
45263 1
45363 1
45422 1
45485 1
45498 1
45526 2
45568 1
45580 1
45642 1
45700 1
45926 1
45960 1
45980 1
46008 1
46080 1
46090 2
46145 1
46273 1
46310 1
46410 1
46422 1
46428 1
46434 1
46437 1
46455 1
46544 1
46607 1
46623 2
46636 1
46704 1
46767 1
46856 1
46895 1
46943 1
47012 1
47036 1
47047 1
47071 1
47126 1
47194 1
47218 1
47219 1
47246 1
47456 1
47472 1
47480 1
47502 1
47539 1
47575 1
47579 1
47602 1
47643 1
47671 1
47776 1
47780 2
47785 2
47788 3
47850 1
47879 1
47989 1
48009 1
48072 1
48180 1
48324 1
48329 1
48354 1
48407 1
48506 1
48596 1
48671 1
48673 1
48745 1
48809 1
48841 1
48885 1
48895 1
48966 1
48978 1
49106 1
49152 21
49243 1
49249 1
49263 1
49264 2
49267 1
49270 1
49271 1
49277 1
49279 2
49280 1
49282 4
49283 3
49285 17
49286 3
49288 36
49343 1
49452 1
49467 1
49476 1
49517 1
49607 1
49648 1
49671 1
49752 1
49821 1
49848 1
49949 1
50032 1
50049 2
50052 1
50096 1
50248 1
50299 1
50376 1
50419 1
50425 1
50450 1
50479 1
50524 1
50578 1
50664 1
50689 1
50690 1
50720 1
50725 1
50812 1
50850 1
50851 1
50864 1
50865 1
50924 2
50988 1
51044 1
51153 1
51232 1
51307 1
51353 2
51384 1
51407 2
51496 1
51596 1
51808 2
51813 1
51841 1
51860 1
52027 1
52040 1
52104 1
52273 1
52342 1
52384 1
52462 2
52492 1
52527 1
52532 1
52533 1
52552 1
52674 1
52707 1
52765 1
52956 1
52996 1
53000 1
53013 1
53075 1
53300 1
53305 1
53536 1
53552 1
53608 1
53699 1
53700 1
53728 1
53733 1
53927 1
54022 1
54063 2
54140 1
54150 1
54213 1
54232 1
54283 1
54339 2
54354 1
54380 1
54458 1
54541 1
54556 1
54790 1
54918 1
54928 1
55001 1
55074 1
55076 1
55089 1
55141 1
55181 1
55182 2
55229 1
55287 1
55384 2
55411 1
55420 1
55430 1
55476 1
55480 1
55515 1
55527 1
55596 2
55636 1
55639 1
55698 1
55713 2
55721 1
55725 1
55728 1
55748 1
55774 1
55799 1
55801 1
55856 1
55859 1
55954 1
55984 1
56008 1
56101 1
56134 1
56148 3
56153 1
56163 1
56206 2
56230 1
56248 1
56256 1
56276 1
56336 1
56361 1
56861 1
56871 1
56919 1
56961 1
57120 1
57344 11
57368 2
57506 1
57567 1
57729 1
57862 1
58292 1
58315 1
58440 1
58575 1
58576 1
58603 1
58750 2
58848 1
58924 2
59040 1
59118 1
59161 2
59203 1
59288 1
59341 1
59399 1
59460 2
59472 2
59736 1
59787 1
59790 1
59873 1
59984 1
60004 1
60048 1
60135 1
60264 1
60280 1
60334 1
60347 1
60365 1
60404 1
60468 1
60539 1
60757 1
60777 1
60808 1
60896 1
60956 1
61065 2
61214 2
61243 1
61504 1
61632 1
61657 1
61768 1
61832 1
61876 1
61880 1
61959 1
61966 1
62092 1
62185 1
62191 1
62451 1
62573 1
62720 1
62752 1
62811 1
62814 1
62960 2
62988 1
63112 1
63408 2
63489 1
63813 1
63907 1
63942 2
63972 1
63979 1
64147 1
64330 1
64498 1
64622 1
64626 2
64748 1
64777 1
64901 1
64953 1
65075 1
65091 1
65111 1
65246 1
65338 1
65523 1
65536 8
65677 1
65876 1
65937 1
65995 1
66219 1
66227 1
66264 1
66348 1
66632 1
66638 1
66954 1
67192 1
67351 1
67457 2
67540 1
67792 1
67812 1
67832 1
68106 1
68136 1
68452 1
68507 1
68540 1
68580 1
68698 1
69074 1
69611 1
69670 1
70079 1
70267 1
70650 1
70688 1
70700 1
70780 1
71053 1
71225 1
71350 1
71680 1
71715 1
71795 1
72027 1
72114 1
72217 1
72378 1
72428 1
72477 1
72576 1
73192 1
73273 1
73441 1
73555 1
73570 2
73686 2
73728 11
73749 1
73908 1
73994 2
74027 2
74045 1
74090 1
74266 2
74281 1
74398 1
74529 1
74649 1
74694 1
74708 1
74792 1
74858 1
75652 1
75936 1
76021 1
76032 1
76453 1
76561 1
76644 1
76726 1
77165 1
77200 1
77235 1
78122 1
78282 1
78407 1
78586 1
78681 1
79002 1
79124 2
79188 1
79192 1
79266 1
79352 1
79371 1
79896 1
80672 1
80699 1
80956 1
81429 1
81480 1
81716 1
81784 1
81785 1
81920 7
81937 1
82387 1
82492 1
82521 2
82537 1
82557 1
83304 1
83392 1
83584 1
83782 1
84383 1
84754 1
84824 1
84950 1
85028 1
85030 1
85039 1
85041 1
85556 1
85730 1
85772 1
85780 1
86106 1
86245 1
86376 2
86502 1
86505 1
86595 1
87026 1
87349 1
87688 1
88225 1
88470 1
89033 1
89248 1
89396 1
89618 1
89663 1
90004 1
90112 6
90288 2
90377 2
90428 1
90681 1
91140 1
91253 1
91279 1
91851 1
91918 1
92035 1
92097 1
92696 1
93141 1
93147 1
93400 1
93952 1
94094 1
94229 1
94505 1
94718 2
95210 1
95368 1
96645 1
96999 1
97672 1
98304 2
98659 1
98824 1
99097 1
99360 1
100044 1
100340 1
100429 1
100847 1
101242 1
101263 1
101775 2
102356 1
102494 1
102781 1
103488 1
104484 1
104977 1
105534 1
105609 1
105733 1
106768 1
106789 1
106849 1
106871 1
107249 1
107360 1
107452 1
107805 1
109543 1
110030 1
110369 3
112142 1
112492 1
112572 1
112580 1
112596 1
113734 1
114009 1
114678 1
114688 7
114891 1
115781 2
116492 1
116616 1
116776 1
117671 1
117704 1
118281 1
119028 1
119129 1
120090 1
121235 1
122613 1
122880 6
123117 2
123328 1
123773 1
123868 1
124503 2
125568 1
125684 1
125804 1
126933 1
126976 3
127191 1
127438 1
127679 3
127860 1
129029 1
129351 1
129838 1
130111 1
131072 4
134836 1
135968 1
137459 1
139264 4
139292 1
139563 1
139610 1
139635 2
139807 1
140163 1
140198 1
140441 1
140931 1
142635 1
143028 1
143913 1
144366 1
145623 1
146479 1
147456 2
150714 1
151493 1
151531 1
154312 1
154885 1
154980 1
155530 1
155538 1
155567 1
155648 1
157942 1
158713 1
159312 1
159482 1
159616 1
162951 2
163588 1
163861 2
167674 1
168402 1
169871 1
170104 1
171567 1
172032 4
172208 1
174983 1
175033 2
175329 1
177960 1
178617 1
180224 2
180404 2
183516 1
183666 1
185016 1
188416 1
194615 1
195465 1
196608 1
202574 1
204800 1
210583 1
212758 1
214175 1
222641 2
225421 1
229376 3
230021 2
233354 1
235776 1
237473 1
237692 1
245760 4
245996 1
247416 1
249981 1
250685 1
252128 1
256791 1
262225 1
270336 2
270462 2
274144 1
278026 1
281061 1
284215 1
285325 1
287942 1
293459 1
294912 2
295427 1
298712 1
302631 1
304301 1
310914 1
311296 1
313296 1
315677 1
317440 1
319488 2
321674 1
323598 1
332531 1
332566 1
332890 1
335872 2
336192 1
340382 2
344960 1
347520 1
352694 1
358400 1
358718 1
360448 1
375882 1
382203 1
382712 1
384557 1
384753 1
385024 2
388626 1
389120 1
393216 1
397651 1
401408 1
403009 2
403790 1
405121 1
411864 1
416685 1
422080 1
428962 2
434176 1
441377 1
447985 1
450171 1
450560 2
457728 1
460654 1
480489 1
482490 1
491520 1
500645 1
501767 1
524288 80
536168 2
546077 1
548864 1
557056 2
562714 1
574125 1
574591 1
578768 1
587580 2
590712 1
598751 1
606208 1
608204 1
642430 1
642600 2
671065 1
671744 1
686347 1
687520 1
702400 1
712704 2
716609 1
718641 1
741233 1
775108 4
778240 1
779776 1
795195 1
798720 1
801307 1
804106 2
812544 1
818800 1
827392 2
835584 1
843776 3
862664 2
874759 1
876544 2
891212 1
917504 1
923504 1
958464 2
966867 1
974848 2
987664 1
1008289 1
1038276 2
1066171 1
1105920 1
1122304 1
1125878 1
1128104 1
1129428 1
1146880 1
1170248 1
1185700 1
1216267 1
1224032 1
1261568 1
1267271 1
1276721 1
1303247 1
1305712 1
1330638 1
1343488 1
1361906 1
1365269 2
1378290 1
1430203 1
1452537 1
1466416 1
1516719 1
1612257 1
1671168 3
1679360 1
1740153 1
1785856 1
1909297 1
1957170 1
2097205 1
2117398 1
2236416 1
2325600 1
2338816 1
2351104 1
2367488 1
2476149 1
2508800 1
2560000 1
2703360 1
3209200 2
3315370 1
3334144 1
3870720 1
3952640 1
4292261 1
4356207 1
4382720 1
4849674 2
4852315 1
5027173 1
5217141 1
5883127 2
5972986 1
6799360 1
6894276 2
6930432 1
7631987 1
8200192 1
8294400 1
8667136 1
11059200 1
12001712 1
16134144 1
17023191 1
20003990 1
20140032 1
21165056 1
21196800 1
22904832 1
25018368 1
33385984 1
