0 6680
62 1
193 1
227 1
267 1
279 1
282 1
286 2
287 1
289 1
290 1
291 1
292 2
295 1
297 2
298 3
300 1
302 1
305 1
306 1
309 1
312 1
313 4
314 1
315 4
316 1
317 1
318 3
319 13
320 5
321 7
322 4
323 1
324 4
325 5
326 1
327 1
328 3
329 2
330 1
331 2
332 1
333 2
334 3
335 2
336 2
340 6
341 5
342 2
343 6
344 6
345 3
346 7
347 3
348 3
349 4
350 5
351 3
352 7
353 3
354 4
355 6
356 5
357 4
358 4
359 4
360 7
361 6
362 5
363 5
364 6
365 11
366 9
367 6
368 4
369 5
370 10
371 5
372 6
373 10
374 7
375 4
376 3
377 6
378 8
379 5
380 8
381 9
382 7
383 9
384 7
385 6
386 12
387 10
388 9
389 10
390 14
391 11
392 13
393 9
394 7
395 5
396 9
397 14
398 11
399 11
400 14
401 7
402 9
403 7
404 9
405 11
406 13
407 9
408 10
409 6
410 13
411 8
412 12
413 9
414 9
415 8
416 13
417 13
418 11
419 13
420 18
421 13
422 23
423 19
424 14
425 13
426 13
427 14
428 21
429 14
430 19
431 17
432 22
433 14
434 16
435 19
436 14
437 19
438 13
439 11
440 11
441 18
442 17
443 16
444 21
445 20
446 18
447 16
448 24
449 14
450 15
451 17
452 24
453 19
454 16
455 21
456 24
457 26
458 17
459 27
460 15
461 29
462 21
463 26
464 30
465 28
466 22
467 20
468 26
469 27
470 20
471 16
472 28
473 25
474 20
475 29
476 40
477 27
478 22
479 33
480 31
481 31
482 28
483 31
484 30
485 31
486 34
487 31
488 30
489 36
490 26
491 28
492 38
493 41
494 40
495 27
496 39
497 29
498 35
499 30
500 28
501 36
502 32
503 38
504 23
505 53
506 47
507 40
508 46
509 44
510 41
511 45
512 1983
513 39
514 37
515 44
516 46
517 47
518 38
519 36
520 42
521 49
522 39
523 43
524 41
525 46
526 45
527 48
528 38
529 38
530 38
531 46
532 56
533 40
534 52
535 55
536 44
537 43
538 47
539 45
540 53
541 49
542 50
543 55
544 55
545 42
546 49
547 54
548 49
549 47
550 61
551 52
552 53
553 47
554 57
555 57
556 53
557 48
558 56
559 49
560 54
561 49
562 58
563 54
564 74
565 67
566 58
567 55
568 62
569 61
570 55
571 64
572 61
573 57
574 55
575 58
576 50
577 66
578 53
579 48
580 50
581 55
582 62
583 52
584 62
585 64
586 55
587 76
588 52
589 67
590 53
591 68
592 58
593 49
594 58
595 61
596 61
597 57
598 59
599 61
600 63
601 60
602 65
603 68
604 68
605 76
606 63
607 67
608 66
609 61
610 65
611 65
612 61
613 68
614 71
615 80
616 65
617 82
618 68
619 87
620 65
621 54
622 70
623 76
624 80
625 71
626 78
627 88
628 76
629 79
630 76
631 84
632 68
633 78
634 65
635 69
636 80
637 82
638 80
639 73
640 71
641 76
642 81
643 84
644 67
645 84
646 69
647 79
648 84
649 79
650 85
651 83
652 83
653 85
654 78
655 104
656 98
657 88
658 88
659 84
660 91
661 82
662 87
663 95
664 91
665 88
666 95
667 85
668 75
669 88
670 101
671 89
672 93
673 79
674 92
675 79
676 78
677 67
678 86
679 101
680 89
681 96
682 98
683 77
684 72
685 70
686 93
687 78
688 92
689 81
690 105
691 76
692 77
693 79
694 98
695 83
696 106
697 91
698 107
699 101
700 85
701 97
702 87
703 86
704 85
705 94
706 90
707 88
708 85
709 110
710 106
711 84
712 98
713 103
714 76
715 94
716 86
717 92
718 104
719 86
720 96
721 94
722 95
723 104
724 109
725 100
726 110
727 89
728 94
729 108
730 85
731 88
732 93
733 95
734 95
735 96
736 98
737 98
738 105
739 109
740 104
741 106
742 107
743 91
744 78
745 92
746 96
747 83
748 71
749 88
750 108
751 110
752 84
753 100
754 92
755 98
756 98
757 97
758 83
759 105
760 92
761 82
762 105
763 109
764 104
765 107
766 126
767 117
768 102
769 116
770 120
771 102
772 103
773 111
774 93
775 90
776 109
777 126
778 101
779 113
780 117
781 114
782 101
783 101
784 118
785 101
786 108
787 97
788 90
789 105
790 110
791 79
792 112
793 99
794 131
795 109
796 125
797 109
798 101
799 119
800 119
801 105
802 107
803 120
804 119
805 121
806 113
807 102
808 119
809 131
810 134
811 113
812 108
813 141
814 120
815 108
816 120
817 112
818 132
819 121
820 113
821 128
822 100
823 117
824 105
825 112
826 102
827 109
828 131
829 100
830 119
831 114
832 132
833 130
834 115
835 114
836 120
837 143
838 134
839 113
840 115
841 113
842 115
843 143
844 105
845 121
846 106
847 130
848 121
849 108
850 126
851 121
852 115
853 123
854 131
855 107
856 132
857 112
858 109
859 123
860 133
861 114
862 126
863 118
864 116
865 122
866 136
867 118
868 117
869 120
870 122
871 103
872 106
873 105
874 125
875 108
876 103
877 94
878 129
879 151
880 118
881 110
882 117
883 135
884 114
885 111
886 109
887 126
888 118
889 133
890 102
891 145
892 115
893 116
894 124
895 121
896 121
897 118
898 113
899 128
900 130
901 147
902 133
903 114
904 113
905 137
906 106
907 126
908 138
909 153
910 129
911 129
912 140
913 132
914 121
915 131
916 119
917 129
918 123
919 138
920 127
921 132
922 126
923 123
924 132
925 133
926 137
927 119
928 135
929 114
930 134
931 118
932 136
933 127
934 104
935 122
936 133
937 113
938 135
939 115
940 125
941 129
942 110
943 133
944 142
945 129
946 125
947 116
948 114
949 132
950 142
951 146
952 124
953 147
954 120
955 125
956 113
957 150
958 158
959 148
960 118
961 142
962 127
963 156
964 106
965 123
966 130
967 154
968 118
969 110
970 134
971 129
972 142
973 135
974 129
975 108
976 115
977 132
978 139
979 143
980 125
981 137
982 128
983 126
984 139
985 125
986 151
987 122
988 150
989 107
990 129
991 126
992 137
993 113
994 111
995 133
996 117
997 147
998 130
999 128
1000 150
1001 132
1002 141
1003 140
1004 135
1005 118
1006 136
1007 140
1008 122
1009 148
1010 129
1011 131
1012 110
1013 125
1014 114
1015 137
1016 151
1017 109
1018 154
1019 124
1020 108
1021 126
1022 140
1023 133
1024 424
1025 133
1026 138
1027 141
1028 130
1029 120
1030 121
1031 92
1032 122
1033 140
1034 126
1035 134
1036 131
1037 121
1038 117
1039 128
1040 134
1041 116
1042 147
1043 130
1044 139
1045 128
1046 119
1047 127
1048 127
1049 128
1050 136
1051 124
1052 124
1053 128
1054 157
1055 148
1056 131
1057 108
1058 139
1059 126
1060 132
1061 147
1062 131
1063 157
1064 133
1065 117
1066 133
1067 125
1068 131
1069 146
1070 125
1071 153
1072 125
1073 119
1074 131
1075 115
1076 150
1077 145
1078 121
1079 101
1080 116
1081 125
1082 148
1083 123
1084 125
1085 126
1086 138
1087 131
1088 139
1089 153
1090 138
1091 145
1092 136
1093 132
1094 133
1095 118
1096 116
1097 138
1098 129
1099 146
1100 138
1101 141
1102 127
1103 137
1104 139
1105 142
1106 132
1107 110
1108 110
1109 114
1110 131
1111 128
1112 136
1113 133
1114 123
1115 123
1116 138
1117 123
1118 123
1119 143
1120 124
1121 133
1122 121
1123 128
1124 126
1125 134
1126 126
1127 130
1128 122
1129 152
1130 125
1131 127
1132 130
1133 113
1134 149
1135 133
1136 144
1137 116
1138 142
1139 121
1140 148
1141 131
1142 130
1143 123
1144 122
1145 112
1146 125
1147 119
1148 112
1149 127
1150 109
1151 119
1152 123
1153 133
1154 130
1155 122
1156 153
1157 117
1158 149
1159 117
1160 137
1161 113
1162 114
1163 124
1164 134
1165 117
1166 133
1167 144
1168 120
1169 108
1170 125
1171 143
1172 127
1173 127
1174 139
1175 116
1176 143
1177 136
1178 140
1179 132
1180 122
1181 122
1182 136
1183 134
1184 122
1185 102
1186 131
1187 131
1188 144
1189 130
1190 131
1191 130
1192 109
1193 114
1194 134
1195 132
1196 122
1197 121
1198 146
1199 114
1200 146
1201 130
1202 133
1203 110
1204 118
1205 132
1206 119
1207 120
1208 127
1209 126
1210 134
1211 113
1212 124
1213 118
1214 117
1215 125
1216 121
1217 109
1218 123
1219 112
1220 121
1221 149
1222 133
1223 116
1224 131
1225 112
1226 127
1227 131
1228 109
1229 117
1230 132
1231 136
1232 145
1233 129
1234 127
1235 140
1236 124
1237 133
1238 125
1239 118
1240 117
1241 143
1242 133
1243 117
1244 142
1245 110
1246 119
1247 123
1248 129
1249 121
1250 143
1251 98
1252 132
1253 115
1254 126
1255 125
1256 100
1257 150
1258 100
1259 128
1260 124
1261 128
1262 121
1263 142
1264 115
1265 132
1266 126
1267 124
1268 139
1269 143
1270 101
1271 118
1272 120
1273 137
1274 123
1275 106
1276 142
1277 107
1278 120
1279 125
1280 142
1281 120
1282 113
1283 116
1284 112
1285 122
1286 120
1287 123
1288 126
1289 100
1290 117
1291 113
1292 112
1293 111
1294 131
1295 128
1296 145
1297 128
1298 97
1299 123
1300 106
1301 128
1302 114
1303 114
1304 124
1305 128
1306 123
1307 111
1308 140
1309 129
1310 129
1311 116
1312 107
1313 138
1314 132
1315 131
1316 113
1317 116
1318 109
1319 140
1320 107
1321 134
1322 124
1323 124
1324 114
1325 120
1326 122
1327 107
1328 128
1329 131
1330 128
1331 145
1332 123
1333 115
1334 120
1335 118
1336 116
1337 120
1338 106
1339 111
1340 114
1341 116
1342 123
1343 140
1344 128
1345 108
1346 126
1347 125
1348 123
1349 105
1350 114
1351 130
1352 127
1353 118
1354 131
1355 105
1356 102
1357 109
1358 123
1359 110
1360 108
1361 106
1362 125
1363 106
1364 98
1365 94
1366 118
1367 101
1368 116
1369 112
1370 104
1371 105
1372 109
1373 107
1374 100
1375 126
1376 112
1377 102
1378 117
1379 100
1380 106
1381 116
1382 92
1383 129
1384 114
1385 124
1386 107
1387 100
1388 111
1389 141
1390 90
1391 113
1392 119
1393 98
1394 92
1395 118
1396 119
1397 103
1398 118
1399 112
1400 95
1401 108
1402 91
1403 112
1404 130
1405 124
1406 121
1407 109
1408 103
1409 118
1410 103
1411 105
1412 119
1413 113
1414 117
1415 106
1416 101
1417 118
1418 110
1419 106
1420 110
1421 119
1422 107
1423 121
1424 107
1425 102
1426 113
1427 93
1428 115
1429 116
1430 121
1431 114
1432 121
1433 117
1434 96
1435 96
1436 99
1437 112
1438 85
1439 98
1440 106
1441 113
1442 128
1443 118
1444 120
1445 98
1446 91
1447 98
1448 115
1449 104
1450 127
1451 91
1452 95
1453 116
1454 107
1455 110
1456 97
1457 87
1458 99
1459 100
1460 114
1461 92
1462 116
1463 81
1464 95
1465 92
1466 107
1467 110
1468 87
1469 104
1470 139
1471 118
1472 114
1473 129
1474 104
1475 100
1476 88
1477 102
1478 104
1479 115
1480 100
1481 114
1482 110
1483 115
1484 111
1485 100
1486 113
1487 109
1488 92
1489 107
1490 105
1491 106
1492 120
1493 105
1494 86
1495 102
1496 81
1497 88
1498 102
1499 95
1500 107
1501 101
1502 100
1503 92
1504 112
1505 121
1506 106
1507 104
1508 103
1509 101
1510 94
1511 111
1512 84
1513 81
1514 104
1515 100
1516 94
1517 117
1518 102
1519 96
1520 115
1521 108
1522 88
1523 81
1524 90
1525 115
1526 105
1527 84
1528 82
1529 98
1530 92
1531 98
1532 89
1533 102
1534 88
1535 89
1536 243
1537 89
1538 90
1539 94
1540 105
1541 90
1542 110
1543 87
1544 100
1545 95
1546 88
1547 82
1548 99
1549 92
1550 88
1551 104
1552 101
1553 96
1554 87
1555 104
1556 97
1557 92
1558 85
1559 101
1560 105
1561 109
1562 104
1563 92
1564 97
1565 105
1566 111
1567 100
1568 87
1569 77
1570 91
1571 92
1572 103
1573 93
1574 109
1575 95
1576 87
1577 92
1578 93
1579 87
1580 90
1581 90
1582 77
1583 89
1584 79
1585 81
1586 69
1587 85
1588 101
1589 86
1590 81
1591 110
1592 74
1593 83
1594 82
1595 111
1596 93
1597 98
1598 87
1599 88
1600 76
1601 88
1602 82
1603 84
1604 94
1605 83
1606 87
1607 87
1608 86
1609 83
1610 96
1611 104
1612 89
1613 86
1614 97
1615 100
1616 78
1617 84
1618 98
1619 89
1620 84
1621 91
1622 87
1623 87
1624 76
1625 88
1626 96
1627 74
1628 77
1629 83
1630 85
1631 70
1632 87
1633 74
1634 90
1635 89
1636 106
1637 87
1638 100
1639 92
1640 66
1641 89
1642 73
1643 84
1644 80
1645 92
1646 80
1647 84
1648 83
1649 92
1650 88
1651 79
1652 85
1653 80
1654 87
1655 81
1656 82
1657 91
1658 96
1659 85
1660 81
1661 79
1662 71
1663 95
1664 80
1665 98
1666 79
1667 109
1668 83
1669 66
1670 77
1671 84
1672 87
1673 78
1674 108
1675 67
1676 98
1677 95
1678 75
1679 84
1680 81
1681 83
1682 80
1683 80
1684 98
1685 88
1686 85
1687 60
1688 86
1689 81
1690 72
1691 80
1692 90
1693 88
1694 69
1695 70
1696 89
1697 90
1698 77
1699 83
1700 80
1701 74
1702 86
1703 93
1704 73
1705 85
1706 76
1707 88
1708 73
1709 72
1710 82
1711 67
1712 76
1713 67
1714 67
1715 67
1716 81
1717 80
1718 75
1719 80
1720 76
1721 75
1722 74
1723 76
1724 89
1725 66
1726 73
1727 87
1728 74
1729 84
1730 83
1731 71
1732 69
1733 77
1734 78
1735 79
1736 85
1737 69
1738 70
1739 71
1740 73
1741 84
1742 75
1743 84
1744 56
1745 71
1746 75
1747 71
1748 72
1749 82
1750 73
1751 74
1752 72
1753 81
1754 76
1755 66
1756 66
1757 76
1758 73
1759 98
1760 79
1761 69
1762 73
1763 77
1764 55
1765 60
1766 67
1767 81
1768 77
1769 80
1770 60
1771 88
1772 83
1773 70
1774 67
1775 79
1776 64
1777 68
1778 96
1779 80
1780 77
1781 50
1782 74
1783 59
1784 89
1785 66
1786 67
1787 73
1788 73
1789 60
1790 71
1791 74
1792 83
1793 66
1794 67
1795 54
1796 75
1797 53
1798 79
1799 67
1800 83
1801 66
1802 62
1803 67
1804 63
1805 75
1806 70
1807 63
1808 65
1809 53
1810 69
1811 74
1812 78
1813 72
1814 63
1815 62
1816 56
1817 66
1818 61
1819 69
1820 78
1821 70
1822 63
1823 63
1824 60
1825 61
1826 72
1827 63
1828 58
1829 67
1830 64
1831 68
1832 76
1833 88
1834 60
1835 60
1836 76
1837 75
1838 64
1839 62
1840 74
1841 81
1842 70
1843 72
1844 74
1845 59
1846 61
1847 58
1848 83
1849 61
1850 66
1851 64
1852 76
1853 59
1854 71
1855 53
1856 55
1857 59
1858 57
1859 73
1860 59
1861 60
1862 64
1863 64
1864 56
1865 66
1866 56
1867 68
1868 69
1869 65
1870 88
1871 56
1872 61
1873 56
1874 67
1875 64
1876 56
1877 69
1878 62
1879 57
1880 67
1881 82
1882 54
1883 53
1884 61
1885 68
1886 64
1887 52
1888 73
1889 61
1890 47
1891 63
1892 59
1893 62
1894 53
1895 72
1896 48
1897 61
1898 47
1899 61
1900 61
1901 57
1902 52
1903 51
1904 61
1905 66
1906 62
1907 60
1908 62
1909 55
1910 44
1911 72
1912 57
1913 62
1914 56
1915 60
1916 61
1917 59
1918 77
1919 71
1920 62
1921 42
1922 58
1923 66
1924 57
1925 59
1926 63
1927 60
1928 54
1929 50
1930 58
1931 55
1932 47
1933 67
1934 60
1935 71
1936 66
1937 65
1938 53
1939 70
1940 47
1941 55
1942 52
1943 59
1944 59
1945 65
1946 48
1947 48
1948 55
1949 47
1950 61
1951 47
1952 44
1953 50
1954 48
1955 58
1956 53
1957 53
1958 61
1959 48
1960 55
1961 62
1962 58
1963 70
1964 63
1965 48
1966 42
1967 51
1968 62
1969 55
1970 56
1971 78
1972 63
1973 51
1974 52
1975 51
1976 55
1977 63
1978 60
1979 55
1980 57
1981 59
1982 62
1983 60
1984 57
1985 54
1986 52
1987 65
1988 66
1989 49
1990 49
1991 57
1992 67
1993 55
1994 77
1995 58
1996 48
1997 48
1998 54
1999 64
2000 56
2001 43
2002 47
2003 51
2004 48
2005 44
2006 58
2007 56
2008 49
2009 58
2010 58
2011 46
2012 56
2013 64
2014 48
2015 49
2016 58
2017 66
2018 58
2019 58
2020 46
2021 64
2022 55
2023 64
2024 56
2025 49
2026 46
2027 53
2028 64
2029 56
2030 50
2031 49
2032 54
2033 56
2034 37
2035 49
2036 42
2037 51
2038 61
2039 45
2040 54
2041 38
2042 50
2043 43
2044 60
2045 50
2046 61
2047 52
2048 144
2049 57
2050 51
2051 47
2052 44
2053 52
2054 35
2055 63
2056 36
2057 45
2058 44
2059 51
2060 54
2061 38
2062 39
2063 45
2064 43
2065 53
2066 55
2067 40
2068 59
2069 42
2070 53
2071 45
2072 57
2073 57
2074 38
2075 43
2076 56
2077 48
2078 42
2079 43
2080 55
2081 39
2082 42
2083 53
2084 46
2085 54
2086 48
2087 59
2088 44
2089 50
2090 42
2091 49
2092 46
2093 45
2094 48
2095 44
2096 46
2097 44
2098 45
2099 43
2100 63
2101 50
2102 44
2103 37
2104 39
2105 32
2106 49
2107 48
2108 40
2109 58
2110 50
2111 37
2112 35
2113 42
2114 52
2115 43
2116 48
2117 32
2118 42
2119 39
2120 37
2121 32
2122 52
2123 39
2124 53
2125 42
2126 49
2127 36
2128 45
2129 46
2130 31
2131 37
2132 36
2133 47
2134 40
2135 45
2136 45
2137 56
2138 58
2139 35
2140 54
2141 49
2142 45
2143 42
2144 47
2145 38
2146 41
2147 39
2148 49
2149 38
2150 47
2151 33
2152 38
2153 45
2154 32
2155 47
2156 36
2157 45
2158 48
2159 41
2160 45
2161 37
2162 33
2163 38
2164 48
2165 33
2166 44
2167 38
2168 43
2169 51
2170 53
2171 36
2172 36
2173 37
2174 51
2175 36
2176 38
2177 43
2178 40
2179 34
2180 43
2181 39
2182 48
2183 39
2184 42
2185 37
2186 37
2187 46
2188 39
2189 38
2190 29
2191 43
2192 41
2193 28
2194 41
2195 53
2196 45
2197 49
2198 37
2199 31
2200 35
2201 41
2202 48
2203 38
2204 39
2205 50
2206 49
2207 33
2208 31
2209 36
2210 37
2211 43
2212 42
2213 40
2214 39
2215 30
2216 42
2217 50
2218 45
2219 42
2220 31
2221 31
2222 54
2223 45
2224 41
2225 36
2226 35
2227 34
2228 35
2229 38
2230 38
2231 47
2232 43
2233 33
2234 29
2235 43
2236 37
2237 49
2238 38
2239 39
2240 36
2241 33
2242 55
2243 45
2244 25
2245 29
2246 47
2247 35
2248 32
2249 39
2250 34
2251 41
2252 46
2253 37
2254 31
2255 34
2256 24
2257 27
2258 49
2259 43
2260 33
2261 45
2262 32
2263 39
2264 43
2265 26
2266 44
2267 32
2268 30
2269 44
2270 44
2271 34
2272 43
2273 32
2274 46
2275 30
2276 32
2277 38
2278 43
2279 39
2280 33
2281 34
2282 33
2283 44
2284 36
2285 42
2286 44
2287 36
2288 31
2289 34
2290 40
2291 38
2292 40
2293 29
2294 24
2295 32
2296 41
2297 30
2298 27
2299 29
2300 44
2301 36
2302 34
2303 36
2304 35
2305 37
2306 33
2307 34
2308 39
2309 40
2310 39
2311 30
2312 34
2313 40
2314 31
2315 31
2316 42
2317 34
2318 42
2319 39
2320 40
2321 52
2322 23
2323 34
2324 24
2325 37
2326 23
2327 26
2328 34
2329 32
2330 29
2331 34
2332 34
2333 31
2334 33
2335 33
2336 30
2337 33
2338 28
2339 39
2340 30
2341 40
2342 35
2343 40
2344 35
2345 29
2346 33
2347 29
2348 28
2349 35
2350 34
2351 29
2352 29
2353 33
2354 38
2355 35
2356 40
2357 28
2358 30
2359 39
2360 32
2361 28
2362 26
2363 27
2364 30
2365 36
2366 35
2367 27
2368 36
2369 31
2370 23
2371 35
2372 34
2373 36
2374 20
2375 31
2376 30
2377 29
2378 33
2379 35
2380 25
2381 35
2382 26
2383 28
2384 31
2385 24
2386 36
2387 29
2388 27
2389 39
2390 26
2391 35
2392 45
2393 36
2394 34
2395 33
2396 25
2397 27
2398 24
2399 39
2400 32
2401 36
2402 36
2403 33
2404 32
2405 29
2406 36
2407 39
2408 29
2409 25
2410 26
2411 27
2412 28
2413 27
2414 34
2415 27
2416 30
2417 34
2418 31
2419 38
2420 27
2421 27
2422 26
2423 25
2424 26
2425 27
2426 36
2427 21
2428 25
2429 29
2430 22
2431 29
2432 29
2433 44
2434 17
2435 33
2436 20
2437 47
2438 50
2439 22
2440 35
2441 24
2442 26
2443 39
2444 30
2445 29
2446 38
2447 26
2448 25
2449 37
2450 40
2451 21
2452 38
2453 19
2454 30
2455 31
2456 33
2457 36
2458 61
2459 36
2460 25
2461 26
2462 33
2463 24
2464 25
2465 30
2466 29
2467 21
2468 17
2469 31
2470 29
2471 32
2472 32
2473 24
2474 31
2475 35
2476 28
2477 36
2478 27
2479 31
2480 28
2481 30
2482 31
2483 37
2484 22
2485 23
2486 26
2487 19
2488 18
2489 25
2490 23
2491 20
2492 40
2493 17
2494 11
2495 17
2496 38
2497 21
2498 42
2499 19
2500 29
2501 25
2502 23
2503 33
2504 30
2505 25
2506 28
2507 32
2508 39
2509 27
2510 18
2511 30
2512 28
2513 24
2514 22
2515 19
2516 26
2517 17
2518 21
2519 24
2520 33
2521 24
2522 28
2523 24
2524 28
2525 24
2526 26
2527 20
2528 28
2529 23
2530 16
2531 27
2532 23
2533 26
2534 27
2535 32
2536 32
2537 38
2538 17
2539 25
2540 32
2541 17
2542 31
2543 20
2544 13
2545 28
2546 23
2547 31
2548 26
2549 21
2550 16
2551 25
2552 32
2553 26
2554 26
2555 18
2556 28
2557 29
2558 26
2559 13
2560 90
2561 32
2562 26
2563 14
2564 26
2565 23
2566 27
2567 26
2568 31
2569 22
2570 23
2571 25
2572 17
2573 28
2574 30
2575 21
2576 17
2577 26
2578 33
2579 25
2580 32
2581 20
2582 24
2583 24
2584 23
2585 27
2586 21
2587 21
2588 24
2589 23
2590 22
2591 33
2592 30
2593 26
2594 26
2595 21
2596 27
2597 25
2598 24
2599 21
2600 23
2601 21
2602 29
2603 18
2604 23
2605 15
2606 13
2607 21
2608 25
2609 21
2610 24
2611 37
2612 34
2613 21
2614 24
2615 31
2616 27
2617 36
2618 15
2619 31
2620 23
2621 25
2622 21
2623 22
2624 29
2625 19
2626 22
2627 39
2628 23
2629 26
2630 22
2631 26
2632 22
2633 25
2634 20
2635 26
2636 18
2637 18
2638 17
2639 26
2640 19
2641 19
2642 20
2643 20
2644 21
2645 30
2646 24
2647 24
2648 15
2649 28
2650 18
2651 18
2652 18
2653 25
2654 26
2655 24
2656 16
2657 27
2658 20
2659 21
2660 26
2661 20
2662 25
2663 31
2664 22
2665 31
2666 21
2667 15
2668 22
2669 18
2670 18
2671 17
2672 13
2673 20
2674 13
2675 28
2676 29
2677 20
2678 20
2679 14
2680 16
2681 17
2682 26
2683 17
2684 24
2685 25
2686 22
2687 29
2688 25
2689 18
2690 13
2691 18
2692 21
2693 27
2694 32
2695 25
2696 21
2697 24
2698 42
2699 16
2700 20
2701 21
2702 28
2703 16
2704 21
2705 15
2706 25
2707 20
2708 23
2709 21
2710 19
2711 17
2712 21
2713 27
2714 22
2715 17
2716 12
2717 21
2718 13
2719 20
2720 20
2721 17
2722 15
2723 21
2724 30
2725 22
2726 25
2727 33
2728 22
2729 9
2730 18
2731 23
2732 26
2733 17
2734 22
2735 19
2736 10
2737 21
2738 21
2739 18
2740 30
2741 19
2742 18
2743 24
2744 24
2745 22
2746 25
2747 20
2748 17
2749 17
2750 18
2751 18
2752 22
2753 23
2754 19
2755 22
2756 23
2757 23
2758 19
2759 14
2760 16
2761 24
2762 21
2763 18
2764 21
2765 16
2766 16
2767 18
2768 18
2769 23
2770 21
2771 23
2772 20
2773 15
2774 21
2775 19
2776 25
2777 14
2778 21
2779 14
2780 14
2781 16
2782 14
2783 18
2784 14
2785 14
2786 15
2787 24
2788 17
2789 19
2790 28
2791 25
2792 18
2793 9
2794 17
2795 13
2796 21
2797 20
2798 22
2799 18
2800 17
2801 17
2802 12
2803 18
2804 18
2805 19
2806 27
2807 18
2808 32
2809 13
2810 21
2811 13
2812 25
2813 11
2814 19
2815 23
2816 11
2817 21
2818 18
2819 9
2820 19
2821 20
2822 18
2823 17
2824 12
2825 25
2826 19
2827 22
2828 16
2829 13
2830 24
2831 14
2832 16
2833 21
2834 20
2835 19
2836 17
2837 14
2838 10
2839 13
2840 15
2841 17
2842 19
2843 14
2844 21
2845 29
2846 15
2847 19
2848 9
2849 16
2850 18
2851 12
2852 21
2853 17
2854 12
2855 13
2856 23
2857 16
2858 24
2859 21
2860 15
2861 15
2862 11
2863 20
2864 14
2865 18
2866 13
2867 22
2868 17
2869 21
2870 12
2871 16
2872 15
2873 19
2874 17
2875 19
2876 25
2877 10
2878 8
2879 14
2880 25
2881 14
2882 15
2883 13
2884 16
2885 19
2886 17
2887 17
2888 19
2889 14
2890 16
2891 17
2892 14
2893 16
2894 16
2895 20
2896 30
2897 17
2898 13
2899 8
2900 19
2901 12
2902 16
2903 26
2904 17
2905 14
2906 18
2907 7
2908 18
2909 16
2910 12
2911 16
2912 15
2913 20
2914 11
2915 18
2916 7
2917 17
2918 10
2919 19
2920 20
2921 21
2922 19
2923 13
2924 18
2925 17
2926 15
2927 20
2928 14
2929 20
2930 14
2931 24
2932 17
2933 18
2934 17
2935 27
2936 9
2937 12
2938 20
2939 14
2940 16
2941 14
2942 17
2943 11
2944 14
2945 14
2946 19
2947 16
2948 13
2949 12
2950 15
2951 18
2952 20
2953 12
2954 15
2955 9
2956 22
2957 11
2958 18
2959 13
2960 12
2961 19
2962 16
2963 8
2964 22
2965 20
2966 13
2967 14
2968 11
2969 19
2970 11
2971 14
2972 15
2973 17
2974 16
2975 9
2976 9
2977 12
2978 15
2979 12
2980 12
2981 17
2982 14
2983 11
2984 10
2985 12
2986 15
2987 21
2988 11
2989 17
2990 18
2991 23
2992 17
2993 16
2994 14
2995 15
2996 11
2997 18
2998 14
2999 9
3000 16
3001 12
3002 12
3003 11
3004 9
3005 12
3006 15
3007 11
3008 9
3009 6
3010 11
3011 16
3012 17
3013 14
3014 15
3015 11
3016 15
3017 11
3018 15
3019 13
3020 11
3021 12
3022 13
3023 8
3024 17
3025 17
3026 17
3027 18
3028 11
3029 10
3030 12
3031 9
3032 13
3033 11
3034 19
3035 16
3036 12
3037 15
3038 18
3039 16
3040 16
3041 16
3042 13
3043 21
3044 15
3045 10
3046 10
3047 16
3048 13
3049 13
3050 17
3051 8
3052 15
3053 15
3054 15
3055 14
3056 14
3057 12
3058 15
3059 15
3060 17
3061 15
3062 13
3063 9
3064 12
3065 18
3066 15
3067 18
3068 12
3069 17
3070 11
3071 15
3072 83
3073 21
3074 18
3075 19
3076 20
3077 10
3078 10
3079 15
3080 16
3081 12
3082 6
3083 10
3084 17
3085 13
3086 12
3087 12
3088 12
3089 16
3090 6
3091 16
3092 11
3093 17
3094 14
3095 14
3096 12
3097 12
3098 17
3099 13
3100 12
3101 9
3102 10
3103 11
3104 19
3105 17
3106 15
3107 11
3108 17
3109 14
3110 14
3111 12
3112 10
3113 10
3114 14
3115 13
3116 18
3117 8
3118 18
3119 9
3120 21
3121 17
3122 13
3123 14
3124 14
3125 18
3126 10
3127 10
3128 15
3129 19
3130 13
3131 12
3132 15
3133 9
3134 12
3135 15
3136 16
3137 12
3138 11
3139 9
3140 12
3141 16
3142 12
3143 14
3144 13
3145 16
3146 10
3147 7
3148 11
3149 17
3150 6
3151 19
3152 14
3153 9
3154 13
3155 12
3156 11
3157 8
3158 12
3159 18
3160 8
3161 15
3162 11
3163 7
3164 16
3165 9
3166 10
3167 13
3168 10
3169 12
3170 12
3171 11
3172 12
3173 5
3174 14
3175 18
3176 12
3177 5
3178 11
3179 22
3180 19
3181 17
3182 14
3183 11
3184 18
3185 12
3186 11
3187 17
3188 4
3189 14
3190 20
3191 12
3192 15
3193 10
3194 9
3195 12
3196 10
3197 7
3198 11
3199 17
3200 16
3201 10
3202 16
3203 10
3204 11
3205 11
3206 15
3207 11
3208 8
3209 12
3210 4
3211 15
3212 16
3213 12
3214 2
3215 7
3216 15
3217 5
3218 13
3219 14
3220 12
3221 4
3222 12
3223 14
3224 15
3225 11
3226 10
3227 6
3228 11
3229 11
3230 14
3231 6
3232 14
3233 12
3234 7
3235 7
3236 13
3237 11
3238 10
3239 8
3240 21
3241 15
3242 10
3243 9
3244 15
3245 8
3246 8
3247 11
3248 13
3249 10
3250 12
3251 11
3252 7
3253 14
3254 7
3255 11
3256 16
3257 11
3258 12
3259 8
3260 11
3261 15
3262 8
3263 17
3264 11
3265 11
3266 13
3267 16
3268 8
3269 13
3270 7
3271 16
3272 12
3273 7
3274 15
3275 10
3276 12
3277 10
3278 11
3279 13
3280 13
3281 14
3282 13
3283 14
3284 7
3285 10
3286 10
3287 10
3288 13
3289 8
3290 11
3291 13
3292 14
3293 9
3294 4
3295 12
3296 16
3297 13
3298 10
3299 10
3300 12
3301 15
3302 9
3303 12
3304 18
3305 10
3306 11
3307 7
3308 7
3309 17
3310 12
3311 11
3312 10
3313 13
3314 8
3315 13
3316 13
3317 6
3318 12
3319 9
3320 13
3321 18
3322 13
3323 10
3324 14
3325 8
3326 11
3327 8
3328 14
3329 9
3330 12
3331 9
3332 8
3333 13
3334 13
3335 10
3336 11
3337 5
3338 13
3339 11
3340 4
3341 7
3342 8
3343 17
3344 7
3345 15
3346 8
3347 10
3348 6
3349 13
3350 10
3351 15
3352 14
3353 5
3354 10
3355 11
3356 5
3357 13
3358 9
3359 5
3360 12
3361 11
3362 8
3363 6
3364 13
3365 8
3366 6
3367 4
3368 6
3369 11
3370 6
3371 18
3372 13
3373 11
3374 15
3375 10
3376 8
3377 4
3378 6
3379 13
3380 17
3381 6
3382 9
3383 6
3384 6
3385 12
3386 10
3387 8
3388 11
3389 11
3390 10
3391 15
3392 13
3393 10
3394 8
3395 10
3396 7
3397 16
3398 10
3399 7
3400 14
3401 9
3402 8
3403 14
3404 11
3405 11
3406 11
3407 6
3408 8
3409 11
3410 4
3411 19
3412 12
3413 12
3414 10
3415 10
3416 7
3417 11
3418 8
3419 16
3420 11
3421 11
3422 7
3423 10
3424 13
3425 13
3426 6
3427 9
3428 3
3429 4
3430 9
3431 7
3432 7
3433 15
3434 6
3435 13
3436 7
3437 9
3438 9
3439 18
3440 6
3441 8
3442 15
3443 10
3444 14
3445 7
3446 9
3447 12
3448 10
3449 8
3450 8
3451 7
3452 7
3453 9
3454 10
3455 7
3456 6
3457 7
3458 10
3459 7
3460 14
3461 10
3462 10
3463 10
3464 9
3465 10
3466 19
3467 8
3468 6
3469 10
3470 4
3471 5
3472 7
3473 14
3474 8
3475 12
3476 5
3477 8
3478 13
3479 13
3480 5
3481 13
3482 3
3483 8
3484 14
3485 4
3486 9
3487 10
3488 7
3489 5
3490 6
3491 15
3492 10
3493 14
3494 7
3495 13
3496 11
3497 7
3498 9
3499 4
3500 7
3501 8
3502 11
3503 7
3504 9
3505 10
3506 11
3507 12
3508 5
3509 8
3510 6
3511 6
3512 11
3513 6
3514 4
3515 8
3516 7
3517 3
3518 13
3519 7
3520 9
3521 10
3522 13
3523 9
3524 8
3525 14
3526 12
3527 7
3528 7
3529 4
3530 8
3531 14
3532 4
3533 14
3534 9
3535 12
3536 7
3537 11
3538 8
3539 4
3540 6
3541 2
3542 4
3543 4
3544 10
3545 9
3546 6
3547 9
3548 7
3549 10
3550 6
3551 4
3552 6
3553 9
3554 10
3555 7
3556 7
3557 2
3558 8
3559 7
3560 9
3561 7
3562 11
3563 5
3564 6
3565 9
3566 8
3567 7
3568 7
3569 7
3570 13
3571 9
3572 12
3573 8
3574 7
3575 11
3576 10
3577 6
3578 6
3579 10
3580 7
3581 6
3582 5
3583 10
3584 54
3585 6
3586 5
3587 4
3588 10
3589 9
3590 8
3591 3
3592 10
3593 6
3594 9
3595 8
3596 6
3597 7
3598 7
3599 12
3600 13
3601 12
3602 15
3603 7
3604 10
3605 9
3606 8
3607 10
3608 13
3609 10
3610 4
3611 10
3612 8
3613 7
3614 9
3615 8
3616 9
3617 5
3618 7
3619 7
3620 10
3621 8
3622 5
3623 11
3624 7
3625 9
3626 9
3627 6
3628 6
3629 12
3630 6
3631 15
3632 8
3633 5
3634 8
3635 8
3636 7
3637 11
3638 6
3639 10
3640 8
3641 5
3642 10
3643 11
3644 6
3645 10
3646 8
3647 8
3648 8
3649 10
3650 4
3651 8
3652 9
3653 8
3654 13
3655 12
3656 5
3657 7
3658 12
3659 9
3660 11
3661 9
3662 8
3663 10
3664 5
3665 6
3666 5
3667 15
3668 11
3669 14
3670 1
3671 5
3672 6
3673 4
3674 10
3675 10
3676 11
3677 7
3678 10
3679 10
3680 8
3681 5
3682 6
3683 14
3684 6
3685 10
3686 7
3687 6
3688 9
3689 4
3690 8
3691 9
3692 2
3693 6
3694 10
3695 8
3696 7
3697 9
3698 3
3699 9
3700 7
3701 16
3702 8
3703 7
3704 9
3705 7
3706 9
3707 4
3708 8
3709 7
3710 7
3711 9
3712 6
3713 8
3714 4
3715 5
3716 8
3717 10
3718 6
3719 8
3720 3
3721 7
3722 6
3723 5
3724 9
3725 6
3726 10
3727 6
3728 13
3729 6
3730 5
3731 6
3732 8
3733 6
3734 5
3735 8
3736 3
3737 6
3738 5
3739 7
3740 8
3741 8
3742 4
3743 4
3744 9
3745 3
3746 5
3747 3
3748 10
3749 4
3750 5
3751 6
3752 4
3753 2
3754 8
3755 7
3756 11
3757 4
3758 8
3759 12
3760 8
3761 11
3762 7
3763 6
3764 8
3765 4
3766 9
3767 4
3768 9
3769 5
3770 2
3771 5
3772 3
3773 9
3774 6
3775 5
3776 8
3777 10
3778 3
3779 1
3780 4
3781 7
3782 11
3783 10
3784 13
3785 9
3786 5
3787 3
3788 6
3789 6
3790 7
3791 4
3792 12
3793 5
3794 5
3795 8
3796 4
3797 6
3798 10
3799 5
3800 7
3801 4
3802 11
3803 7
3804 8
3805 5
3806 4
3807 7
3808 7
3809 8
3810 7
3811 4
3812 4
3813 8
3814 8
3815 7
3816 8
3817 3
3818 6
3819 5
3820 5
3821 3
3822 11
3823 5
3824 8
3825 9
3826 11
3827 5
3828 6
3829 3
3830 8
3831 8
3832 7
3833 7
3834 3
3835 8
3836 5
3837 8
3838 10
3839 9
3840 7
3841 8
3842 9
3843 10
3844 8
3845 3
3846 5
3847 7
3848 5
3849 2
3850 3
3851 6
3852 9
3853 6
3854 4
3855 5
3856 1
3857 9
3858 7
3859 5
3860 13
3861 6
3862 3
3863 6
3864 5
3865 4
3866 8
3867 5
3868 6
3869 3
3870 7
3871 7
3872 9
3873 4
3874 4
3875 10
3876 4
3877 7
3878 9
3879 2
3880 3
3881 5
3882 1
3883 2
3884 6
3885 9
3886 1
3887 10
3888 7
3889 6
3890 3
3891 5
3892 2
3893 6
3894 4
3895 4
3896 6
3897 8
3898 7
3899 8
3900 11
3901 11
3902 3
3903 4
3904 4
3905 5
3906 8
3907 3
3908 5
3909 1
3910 3
3911 3
3912 4
3913 5
3914 5
3915 5
3916 14
3917 6
3918 3
3919 11
3920 7
3921 5
3922 6
3923 6
3924 2
3925 6
3926 3
3927 10
3928 10
3929 3
3930 6
3931 4
3932 2
3933 2
3934 3
3935 7
3936 4
3937 7
3938 11
3939 8
3940 5
3941 5
3942 1
3943 6
3944 4
3945 8
3946 6
3947 4
3948 8
3949 7
3950 4
3951 3
3952 6
3953 10
3954 6
3955 3
3956 12
3957 7
3958 2
3959 3
3960 8
3961 4
3962 4
3963 4
3964 9
3965 6
3966 5
3967 2
3968 10
3969 10
3970 5
3971 4
3972 7
3973 4
3974 1
3975 6
3976 2
3977 6
3978 6
3979 9
3980 10
3981 7
3982 6
3983 9
3984 6
3985 6
3986 8
3987 8
3988 8
3989 4
3990 6
3991 2
3992 7
3993 8
3994 1
3995 4
3996 8
3997 4
3998 7
3999 2
4000 4
4001 5
4002 3
4003 5
4004 2
4005 9
4006 5
4007 2
4008 4
4009 5
4010 3
4011 8
4012 5
4013 6
4014 5
4015 9
4016 6
4017 6
4018 6
4019 5
4020 6
4021 5
4022 2
4023 7
4024 5
4025 4
4026 10
4027 6
4028 5
4029 8
4030 4
4031 3
4032 6
4033 5
4034 10
4035 9
4036 9
4037 5
4038 2
4039 6
4040 2
4041 5
4042 6
4043 2
4044 7
4045 6
4046 6
4047 3
4048 5
4049 3
4050 10
4051 4
4052 2
4053 8
4054 1
4055 3
4056 7
4057 3
4058 2
4059 7
4060 9
4061 7
4062 2
4063 4
4064 3
4065 2
4066 6
4067 5
4068 4
4069 6
4070 6
4071 6
4072 6
4073 5
4074 13
4075 4
4076 7
4077 5
4078 5
4079 3
4080 1
4081 1
4082 4
4083 6
4084 4
4085 6
4086 9
4087 5
4088 6
4089 4
4090 7
4091 4
4092 5
4093 8
4094 8
4095 10
4096 50
4097 5
4098 2
4099 4
4100 7
4101 6
4102 5
4103 7
4104 7
4105 5
4106 7
4107 4
4108 6
4109 6
4110 3
4111 4
4112 6
4113 1
4114 4
4115 7
4116 4
4117 10
4118 6
4119 3
4120 2
4121 8
4122 5
4123 7
4124 5
4125 3
4126 7
4127 6
4128 11
4129 3
4130 4
4131 3
4132 5
4133 3
4134 2
4135 2
4136 8
4137 3
4138 7
4139 9
4140 6
4141 7
4142 8
4143 4
4144 8
4145 6
4146 8
4147 1
4148 3
4149 3
4150 4
4151 9
4152 5
4153 7
4154 2
4155 9
4156 4
4157 4
4158 4
4159 3
4160 4
4161 3
4162 5
4163 4
4164 9
4165 2
4166 4
4167 6
4168 5
4169 7
4170 8
4171 4
4172 6
4173 3
4174 4
4175 7
4176 5
4177 7
4178 2
4179 2
4180 3
4181 1
4182 4
4183 6
4184 7
4185 3
4186 7
4187 4
4188 5
4189 4
4190 7
4191 2
4192 6
4193 3
4194 4
4195 2
4196 9
4197 6
4198 6
4199 3
4200 2
4201 2
4202 6
4203 5
4204 12
4205 9
4206 4
4207 12
4208 5
4209 1
4210 3
4211 3
4212 5
4213 4
4214 5
4215 4
4216 3
4217 1
4218 10
4219 6
4220 1
4221 2
4222 5
4223 4
4224 7
4225 7
4226 4
4227 5
4228 3
4229 2
4230 10
4231 6
4232 3
4233 5
4234 3
4235 4
4236 6
4237 5
4238 5
4239 5
4240 6
4241 7
4242 10
4243 5
4244 10
4245 1
4246 3
4247 2
4248 6
4249 8
4250 3
4251 4
4252 4
4253 7
4254 5
4255 4
4256 7
4257 3
4258 4
4259 2
4260 5
4261 8
4262 2
4263 8
4264 2
4265 5
4266 4
4267 6
4268 3
4269 12
4271 2
4272 4
4273 9
4274 3
4275 6
4276 8
4277 3
4278 5
4279 6
4280 2
4281 2
4282 7
4283 3
4284 6
4285 4
4286 3
4287 2
4288 3
4289 4
4290 4
4291 1
4292 4
4293 9
4294 3
4295 8
4296 2
4297 9
4299 3
4300 8
4301 5
4302 6
4303 7
4304 7
4305 2
4306 1
4307 2
4308 5
4309 5
4310 8
4311 6
4312 1
4313 4
4314 7
4315 5
4316 1
4317 6
4318 4
4319 3
4320 4
4321 2
4322 2
4323 9
4324 1
4325 2
4326 6
4327 6
4328 6
4329 6
4330 3
4331 3
4332 4
4333 3
4334 4
4335 4
4336 2
4337 6
4338 5
4339 3
4340 3
4341 9
4342 5
4343 2
4345 3
4346 7
4347 8
4348 1
4349 4
4350 5
4351 3
4352 3
4353 3
4354 5
4355 4
4356 3
4357 5
4358 1
4359 4
4360 2
4361 2
4362 5
4363 4
4364 3
4365 4
4366 6
4367 3
4368 6
4369 7
4370 7
4371 4
4372 2
4373 8
4374 8
4375 6
4376 5
4377 3
4378 5
4380 5
4381 4
4382 4
4383 4
4384 2
4385 4
4386 5
4388 8
4389 5
4390 3
4391 4
4392 3
4393 1
4394 3
4395 6
4396 5
4397 2
4398 5
4399 3
4400 3
4401 4
4402 7
4403 1
4404 2
4405 5
4406 3
4407 9
4408 5
4409 3
4410 4
4411 5
4412 8
4413 5
4414 5
4415 5
4416 3
4417 6
4418 4
4419 5
4420 6
4421 1
4422 5
4423 6
4424 20
4425 9
4426 2
4427 1
4428 6
4429 5
4430 2
4431 4
4433 4
4434 4
4435 4
4436 3
4437 4
4438 1
4439 3
4440 5
4441 4
4442 2
4443 3
4444 4
4445 2
4446 4
4447 2
4448 1
4449 1
4450 5
4451 3
4452 5
4453 4
4454 5
4455 3
4456 1
4457 4
4458 6
4459 4
4460 6
4461 4
4462 4
4463 2
4464 2
4465 8
4466 2
4467 1
4468 1
4469 3
4470 6
4471 6
4472 2
4473 4
4474 7
4475 8
4476 4
4477 6
4478 2
4479 4
4480 3
4481 4
4482 3
4483 3
4484 5
4485 4
4487 2
4488 3
4489 2
4490 8
4491 5
4492 2
4493 6
4494 11
4495 2
4496 3
4497 2
4498 4
4499 5
4500 4
4501 2
4502 3
4503 6
4504 3
4505 5
4506 3
4507 6
4508 1
4509 3
4510 3
4511 3
4512 5
4513 3
4514 2
4515 5
4516 4
4517 3
4518 6
4519 6
4520 4
4521 6
4522 1
4523 3
4524 3
4525 7
4526 5
4527 8
4528 6
4529 2
4530 2
4531 3
4532 1
4533 4
4534 2
4535 3
4536 1
4537 4
4538 5
4539 4
4540 3
4541 6
4542 3
4543 18
4544 4
4545 4
4546 3
4547 3
4548 4
4549 2
4550 2
4551 7
4552 2
4553 1
4554 3
4555 6
4556 7
4558 4
4559 2
4560 1
4561 4
4562 8
4563 5
4564 9
4565 4
4566 3
4567 6
4568 2
4569 3
4570 3
4571 7
4572 4
4573 6
4574 7
4575 4
4576 6
4577 3
4578 3
4579 4
4580 2
4581 5
4583 3
4584 4
4585 3
4586 4
4587 4
4588 4
4589 7
4590 6
4591 4
4592 2
4593 6
4594 8
4595 2
4596 3
4597 3
4598 6
4599 3
4600 4
4601 1
4602 4
4603 4
4604 1
4605 7
4606 2
4607 5
4608 33
4609 4
4610 1
4611 3
4612 2
4613 6
4614 2
4615 7
4616 5
4617 5
4618 3
4619 1
4620 1
4621 3
4622 3
4623 5
4624 7
4625 3
4626 2
4627 3
4628 5
4629 1
4630 7
4631 1
4632 1
4633 4
4634 2
4635 4
4636 1
4637 4
4638 4
4639 3
4640 3
4641 2
4642 4
4643 3
4644 2
4645 3
4646 4
4647 4
4648 4
4649 3
4650 3
4651 4
4652 3
4653 7
4654 1
4655 5
4656 2
4657 2
4658 2
4659 5
4660 1
4661 4
4662 3
4663 3
4664 2
4665 5
4667 4
4668 6
4669 7
4670 7
4671 2
4672 4
4673 6
4674 4
4675 4
4676 2
4677 3
4678 5
4679 4
4680 4
4681 3
4682 4
4683 4
4684 2
4685 5
4686 4
4688 2
4689 2
4690 1
4691 5
4692 5
4693 7
4694 1
4695 4
4696 2
4697 2
4699 2
4700 2
4701 2
4702 2
4703 1
4704 4
4705 3
4706 1
4707 3
4708 4
4709 8
4710 1
4711 4
4712 3
4713 2
4714 3
4715 5
4716 3
4717 3
4718 3
4719 3
4720 3
4721 3
4722 2
4723 1
4724 3
4725 3
4726 5
4727 3
4728 3
4729 4
4730 7
4731 3
4732 3
4733 6
4734 3
4735 2
4736 3
4737 2
4738 3
4739 4
4740 4
4741 2
4742 2
4743 4
4744 5
4745 5
4746 2
4747 8
4748 2
4749 4
4750 6
4751 2
4752 3
4753 4
4754 3
4755 1
4756 2
4757 3
4758 5
4759 3
4760 5
4761 2
4762 4
4763 3
4764 1
4765 4
4766 2
4767 6
4768 2
4769 4
4770 4
4771 2
4773 3
4774 4
4775 4
4776 6
4777 5
4778 3
4779 2
4780 4
4781 2
4782 3
4783 2
4784 4
4785 6
4786 1
4787 2
4788 3
4789 6
4790 1
4791 1
4792 3
4793 4
4794 6
4795 3
4796 2
4797 1
4798 3
4799 1
4800 1
4801 2
4802 2
4803 4
4804 3
4805 1
4806 2
4807 3
4808 1
4810 5
4811 4
4812 1
4813 3
4814 1
4815 1
4816 3
4817 3
4818 5
4819 4
4820 1
4821 2
4822 2
4823 1
4824 4
4825 2
4826 4
4827 2
4828 4
4829 2
4830 2
4831 4
4832 2
4833 3
4834 1
4835 4
4836 3
4837 3
4838 4
4839 1
4840 5
4841 1
4842 2
4843 4
4844 2
4845 2
4846 3
4847 1
4848 1
4849 2
4850 3
4851 1
4852 3
4853 2
4854 5
4855 5
4856 2
4857 4
4858 3
4859 5
4860 4
4861 3
4862 3
4863 1
4864 3
4865 3
4866 6
4867 3
4868 2
4869 7
4870 3
4871 5
4873 2
4874 4
4876 1
4877 4
4878 2
4879 7
4880 3
4881 2
4882 3
4883 3
4884 5
4885 2
4886 9
4887 1
4888 5
4889 4
4890 5
4891 2
4892 7
4893 4
4894 2
4895 3
4896 1
4897 1
4898 6
4899 2
4900 1
4901 5
4902 1
4904 5
4905 2
4906 5
4907 1
4908 5
4909 5
4910 5
4911 2
4912 3
4913 3
4914 4
4915 4
4916 1
4918 2
4919 4
4920 2
4921 4
4922 5
4923 3
4924 3
4925 1
4926 1
4927 2
4928 3
4929 2
4930 3
4931 6
4932 2
4933 3
4934 5
4935 3
4936 2
4937 1
4938 3
4939 1
4940 2
4941 1
4942 2
4943 1
4944 4
4945 1
4946 1
4947 4
4948 1
4950 4
4952 3
4953 4
4954 2
4955 2
4956 2
4957 5
4958 4
4959 3
4960 5
4961 3
4962 7
4963 2
4965 3
4966 1
4967 8
4970 1
4971 2
4972 6
4973 2
4974 1
4975 3
4976 3
4977 3
4978 2
4979 2
4980 1
4981 5
4982 7
4983 2
4984 7
4985 2
4986 5
4987 3
4988 5
4989 5
4991 3
4992 2
4993 2
4994 3
4995 4
4996 6
4997 3
4998 8
4999 3
5000 6
5001 1
5002 3
5003 2
5004 4
5005 1
5006 2
5007 10
5008 2
5009 4
5010 2
5011 1
5012 4
5013 2
5014 9
5015 2
5016 1
5017 1
5018 4
5019 4
5020 1
5021 4
5022 7
5023 2
5024 5
5025 4
5026 2
5027 2
5028 1
5029 5
5030 1
5031 1
5032 1
5033 2
5034 2
5035 3
5037 1
5038 2
5039 2
5040 3
5041 5
5042 3
5044 3
5045 1
5046 1
5047 5
5048 5
5049 1
5050 2
5051 8
5052 5
5053 1
5055 1
5057 3
5058 4
5059 3
5060 3
5061 3
5062 3
5063 1
5064 2
5065 4
5066 2
5067 2
5068 3
5069 3
5070 1
5071 4
5073 4
5074 2
5075 1
5076 4
5078 2
5079 3
5080 5
5081 2
5083 2
5084 3
5085 4
5086 3
5087 3
5088 4
5089 4
5090 2
5091 2
5092 3
5093 5
5094 6
5095 4
5097 3
5098 1
5099 3
5100 1
5101 2
5102 1
5103 2
5104 3
5105 4
5106 1
5107 1
5108 1
5109 2
5110 3
5111 1
5112 4
5113 2
5114 2
5115 5
5116 5
5118 1
5119 5
5120 24
5122 3
5123 3
5124 4
5125 1
5126 1
5127 4
5129 3
5130 2
5131 1
5132 5
5133 2
5134 2
5135 1
5136 4
5137 4
5138 2
5139 2
5140 3
5141 5
5142 1
5143 4
5144 4
5145 2
5146 1
5147 4
5148 2
5149 1
5150 4
5151 3
5152 2
5153 4
5154 3
5155 2
5156 1
5157 9
5158 4
5159 2
5160 1
5161 3
5162 3
5164 2
5165 3
5166 1
5167 1
5168 3
5169 3
5170 2
5171 1
5172 4
5173 3
5174 2
5176 2
5177 1
5178 2
5179 4
5180 2
5181 5
5182 3
5183 1
5184 2
5185 1
5186 2
5187 5
5189 1
5190 5
5191 2
5192 2
5193 1
5194 1
5195 2
5196 4
5197 3
5198 3
5199 3
5200 1
5201 2
5202 1
5203 5
5204 2
5206 4
5207 1
5208 4
5209 2
5210 6
5211 1
5212 2
5213 1
5214 2
5216 3
5217 4
5218 6
5219 3
5220 4
5221 2
5222 4
5224 2
5225 2
5226 1
5227 3
5228 3
5229 1
5230 2
5231 1
5232 2
5233 1
5234 4
5235 2
5236 2
5238 2
5239 3
5240 1
5241 1
5242 1
5243 2
5244 3
5245 2
5246 6
5247 2
5248 3
5249 3
5250 4
5251 1
5252 3
5253 3
5254 1
5255 3
5256 3
5257 3
5258 1
5259 4
5260 1
5261 2
5262 3
5263 1
5264 3
5265 1
5266 4
5267 6
5268 2
5269 7
5270 2
5271 1
5272 2
5274 2
5275 2
5277 2
5278 3
5279 3
5280 2
5281 8
5282 2
5283 2
5284 5
5285 2
5286 3
5287 1
5288 2
5289 4
5290 2
5291 1
5292 3
5293 1
5294 1
5295 6
5296 1
5297 1
5299 5
5300 1
5301 2
5302 2
5303 3
5304 2
5305 3
5306 5
5307 4
5308 2
5310 1
5311 1
5312 1
5313 1
5314 5
5315 3
5316 4
5317 4
5318 5
5319 4
5320 2
5321 3
5322 1
5323 3
5324 3
5325 3
5326 1
5327 3
5328 2
5329 2
5330 2
5331 2
5332 4
5333 1
5334 1
5335 2
5337 1
5338 1
5339 3
5340 1
5342 3
5343 1
5344 4
5345 3
5346 2
5347 1
5348 3
5349 2
5350 2
5352 1
5353 1
5354 1
5355 2
5357 3
5358 1
5359 4
5360 4
5361 3
5362 2
5363 1
5364 1
5365 1
5367 2
5368 1
5370 4
5371 1
5372 4
5373 2
5374 3
5376 3
5377 2
5378 1
5379 2
5380 1
5381 2
5382 1
5383 3
5384 2
5385 1
5386 3
5387 2
5388 1
5389 1
5390 3
5391 1
5392 2
5393 2
5394 1
5395 4
5396 2
5398 2
5399 2
5400 1
5401 1
5402 3
5403 3
5404 2
5405 2
5406 2
5407 2
5409 1
5410 4
5411 2
5412 1
5413 3
5414 4
5415 7
5416 2
5417 7
5418 6
5419 3
5420 2
5421 1
5422 1
5423 2
5424 4
5425 1
5426 3
5427 4
5428 2
5429 5
5430 2
5431 1
5432 4
5434 2
5435 3
5436 1
5437 2
5439 2
5440 4
5441 5
5443 1
5445 1
5446 1
5447 1
5448 1
5449 1
5450 3
5452 3
5453 2
5454 1
5455 5
5456 2
5457 3
5458 2
5459 3
5460 1
5462 2
5463 1
5464 2
5465 3
5466 1
5467 1
5468 2
5470 2
5471 3
5472 5
5474 3
5475 3
5476 4
5477 4
5478 4
5479 3
5480 1
5481 3
5482 2
5483 2
5484 4
5485 1
5487 2
5488 4
5489 3
5490 2
5491 2
5492 2
5493 2
5494 2
5495 2
5496 2
5498 3
5501 2
5502 3
5503 3
5504 6
5505 2
5506 1
5507 1
5508 4
5509 6
5510 1
5511 1
5512 1
5515 1
5516 8
5517 2
5518 1
5519 5
5520 2
5521 4
5522 3
5525 2
5526 1
5527 4
5528 2
5530 1
5531 4
5532 1
5533 1
5534 4
5535 1
5536 4
5537 2
5538 2
5539 2
5540 3
5541 2
5542 1
5543 6
5544 3
5546 2
5547 2
5548 1
5549 3
5550 4
5551 1
5552 4
5553 3
5556 3
5557 1
5558 4
5559 3
5560 2
5561 4
5562 2
5563 3
5564 1
5565 3
5566 3
5567 2
5568 1
5569 2
5570 5
5571 1
5572 2
5573 4
5574 4
5575 1
5576 1
5577 2
5578 1
5579 5
5580 3
5582 1
5583 1
5586 4
5588 1
5589 1
5591 1
5592 5
5593 1
5594 3
5595 3
5596 1
5597 1
5598 1
5599 2
5600 2
5601 4
5602 2
5603 3
5605 3
5606 3
5607 2
5608 4
5609 2
5612 2
5613 2
5614 3
5615 3
5616 2
5617 2
5618 1
5619 7
5620 2
5622 4
5625 3
5627 4
5628 3
5629 4
5630 3
5631 6
5632 16
5633 1
5634 1
5636 3
5640 1
5641 3
5642 1
5643 1
5644 1
5645 3
5646 3
5647 1
5648 2
5649 5
5650 3
5651 1
5653 1
5654 1
5655 3
5657 2
5659 1
5660 5
5661 3
5662 2
5663 1
5664 1
5665 4
5666 5
5667 3
5668 1
5669 1
5670 1
5672 1
5673 3
5674 1
5675 3
5678 3
5679 1
5680 4
5681 3
5682 6
5684 1
5685 4
5687 2
5688 2
5689 2
5690 1
5692 2
5694 2
5695 1
5696 1
5697 1
5698 5
5699 2
5700 2
5701 1
5702 5
5703 1
5704 2
5705 1
5706 3
5707 5
5708 3
5709 2
5710 5
5711 2
5712 2
5713 2
5714 1
5715 3
5716 3
5717 3
5718 3
5719 2
5720 1
5722 2
5723 2
5724 2
5725 3
5726 2
5728 2
5729 3
5730 1
5731 1
5732 2
5733 1
5734 3
5735 2
5736 1
5737 2
5740 4
5741 3
5742 2
5743 1
5744 3
5745 5
5746 2
5747 1
5748 1
5749 4
5750 1
5751 1
5752 1
5753 4
5754 1
5755 2
5756 3
5757 1
5758 2
5759 1
5760 5
5764 2
5766 2
5767 4
5768 4
5769 3
5770 1
5771 2
5772 2
5773 4
5774 3
5775 2
5776 1
5777 2
5778 3
5779 3
5780 2
5781 4
5782 1
5783 4
5784 2
5785 2
5786 3
5787 3
5788 2
5790 1
5791 1
5792 1
5793 3
5794 4
5795 3
5796 1
5797 1
5798 4
5799 1
5800 2
5801 2
5803 3
5805 3
5807 1
5808 2
5809 3
5810 2
5811 1
5812 1
5814 5
5815 2
5816 1
5817 1
5818 1
5820 7
5821 1
5822 2
5823 1
5824 2
5825 2
5826 1
5827 1
5828 4
5829 1
5830 6
5831 5
5833 1
5834 2
5835 1
5836 2
5837 3
5838 1
5839 1
5840 2
5842 1
5843 1
5844 1
5846 3
5847 1
5848 3
5850 4
5852 2
5853 4
5854 3
5855 1
5856 1
5857 2
5858 2
5859 1
5861 2
5862 1
5863 1
5864 2
5865 1
5867 1
5868 1
5869 2
5872 1
5873 2
5874 3
5875 4
5876 2
5877 1
5878 1
5879 1
5880 1
5881 1
5882 1
5883 4
5884 1
5886 4
5887 1
5888 1
5889 3
5890 1
5891 1
5892 1
5893 1
5894 1
5896 2
5897 3
5898 2
5900 2
5901 3
5902 3
5903 3
5904 1
5905 1
5906 3
5907 1
5908 1
5909 1
5910 2
5913 1
5914 2
5915 1
5917 1
5918 1
5919 1
5922 3
5923 2
5924 1
5925 2
5926 2
5927 2
5928 1
5931 3
5932 1
5935 3
5939 3
5940 2
5941 1
5942 1
5944 3
5945 1
5946 2
5947 4
5948 2
5949 2
5950 1
5951 2
5953 3
5954 3
5955 1
5957 2
5958 3
5959 3
5961 5
5962 2
5963 1
5964 3
5966 3
5967 1
5968 3
5969 1
5972 1
5973 4
5974 4
5976 2
5978 2
5979 1
5980 3
5983 2
5985 1
5986 2
5988 1
5989 5
5991 3
5992 4
5993 3
5994 3
5995 1
5996 3
5997 1
5998 2
5999 2
6002 2
6003 2
6004 1
6005 1
6007 1
6010 1
6011 3
6012 2
6014 1
6016 1
6018 2
6019 2
6020 4
6021 4
6022 3
6023 2
6024 2
6025 3
6027 3
6028 4
6029 2
6030 1
6032 2
6034 1
6035 2
6036 1
6037 1
6038 2
6039 2
6041 2
6042 2
6043 1
6044 2
6045 2
6046 1
6047 1
6048 1
6049 2
6050 4
6052 4
6053 2
6055 4
6056 1
6058 3
6059 2
6060 2
6061 2
6064 1
6065 2
6066 1
6067 1
6068 1
6069 1
6070 2
6072 1
6073 1
6074 1
6075 2
6076 2
6077 2
6079 1
6080 2
6083 3
6085 1
6086 3
6087 1
6091 1
6092 1
6093 5
6096 2
6097 4
6099 1
6101 1
6102 2
6103 1
6104 2
6106 1
6108 1
6109 4
6110 2
6111 1
6112 1
6114 3
6115 1
6116 2
6117 1
6118 3
6120 1
6122 6
6123 1
6124 1
6125 1
6127 2
6128 1
6129 1
6130 1
6132 4
6134 1
6135 2
6136 3
6138 3
6141 1
6143 1
6144 18
6146 4
6148 1
6149 1
6151 1
6153 1
6154 2
6155 4
6156 1
6157 3
6158 1
6159 1
6160 1
6161 1
6162 2
6163 2
6164 2
6165 2
6166 1
6167 3
6169 2
6170 4
6171 3
6173 5
6174 1
6175 4
6176 1
6177 2
6179 1
6180 3
6181 2
6183 1
6185 2
6186 1
6187 2
6188 2
6189 2
6190 1
6192 3
6193 2
6194 4
6195 1
6196 1
6197 1
6199 1
6200 3
6203 1
6205 2
6207 1
6208 1
6210 2
6211 1
6213 1
6214 4
6216 2
6217 2
6218 2
6219 4
6220 1
6222 1
6223 1
6225 1
6226 1
6233 2
6234 1
6235 1
6237 1
6238 2
6239 1
6241 1
6242 2
6243 1
6247 5
6249 2
6250 3
6252 2
6253 1
6254 1
6255 1
6257 1
6258 1
6259 3
6260 2
6261 1
6264 4
6265 2
6266 3
6268 1
6269 2
6270 1
6271 1
6272 1
6274 1
6275 2
6277 2
6279 2
6281 1
6283 1
6284 2
6286 3
6287 2
6288 3
6289 1
6290 1
6291 5
6292 6
6293 1
6294 4
6295 1
6297 1
6298 1
6301 1
6303 1
6304 4
6305 3
6306 1
6307 2
6310 1
6311 1
6313 1
6314 2
6315 5
6317 2
6318 1
6319 1
6320 2
6322 1
6324 2
6325 3
6327 1
6328 1
6329 3
6330 2
6331 4
6334 4
6336 1
6337 1
6338 1
6339 1
6341 2
6343 1
6345 3
6346 3
6347 2
6349 2
6350 1
6351 3
6352 1
6353 1
6354 1
6357 2
6358 2
6359 1
6360 2
6362 1
6363 3
6364 2
6365 1
6366 1
6368 3
6369 6
6371 1
6372 2
6373 2
6377 6
6378 1
6379 2
6380 3
6382 2
6383 3
6385 1
6386 2
6388 2
6390 2
6391 1
6392 4
6394 3
6395 2
6397 5
6398 1
6399 2
6400 4
6401 3
6402 1
6403 2
6406 2
6407 3
6408 1
6409 1
6410 1
6411 2
6412 2
6413 1
6414 1
6415 4
6416 1
6417 2
6418 4
6419 1
6420 4
6421 2
6422 1
6423 2
6424 1
6428 1
6429 2
6430 2
6432 2
6433 1
6434 3
6436 2
6437 2
6438 1
6439 1
6440 3
6441 1
6442 1
6443 2
6444 2
6447 1
6448 2
6449 1
6452 3
6454 3
6456 4
6458 1
6459 1
6460 2
6461 1
6465 3
6467 1
6468 2
6469 2
6470 1
6471 4
6472 3
6473 2
6475 2
6477 3
6479 1
6480 1
6481 2
6483 1
6487 3
6489 1
6490 1
6491 1
6492 2
6493 2
6497 3
6500 1
6501 2
6503 1
6506 3
6507 2
6508 1
6510 1
6513 1
6516 2
6517 1
6518 6
6519 1
6520 1
6521 1
6524 1
6528 1
6530 1
6531 1
6532 4
6534 2
6535 1
6537 3
6538 1
6539 2
6541 1
6542 4
6543 3
6544 1
6546 2
6547 1
6548 2
6550 1
6551 1
6553 1
6554 2
6555 1
6556 1
6557 2
6558 3
6559 3
6560 1
6564 1
6568 1
6570 1
6571 2
6573 2
6576 2
6578 1
6579 1
6580 1
6581 1
6582 4
6585 5
6588 1
6589 1
6590 1
6593 1
6594 1
6595 1
6598 1
6599 3
6600 1
6602 2
6603 1
6604 1
6605 3
6608 2
6609 1
6610 4
6611 3
6613 1
6614 5
6616 1
6618 1
6619 1
6621 1
6622 2
6624 3
6625 1
6626 1
6627 1
6628 1
6629 1
6630 2
6631 3
6632 1
6633 2
6634 2
6637 2
6638 2
6641 1
6642 1
6643 1
6644 1
6646 2
6649 2
6654 2
6655 1
6656 14
6660 2
6662 2
6663 1
6669 1
6673 2
6674 1
6678 3
6679 2
6681 2
6682 3
6683 1
6688 1
6689 2
6692 3
6694 3
6695 1
6696 1
6697 2
6699 1
6700 3
6701 1
6702 2
6704 2
6705 1
6709 2
6710 2
6712 1
6714 1
6717 1
6718 2
6719 1
6720 1
6722 3
6723 1
6724 1
6725 1
6727 1
6729 1
6732 1
6733 2
6735 2
6737 2
6738 1
6739 1
6741 1
6742 1
6743 1
6744 2
6745 1
6746 2
6747 2
6748 1
6749 1
6750 1
6751 5
6754 2
6755 1
6760 3
6761 4
6762 2
6763 3
6764 2
6766 1
6772 2
6773 2
6774 1
6775 1
6776 1
6778 3
6783 1
6784 2
6785 1
6786 1
6789 3
6790 3
6791 1
6792 1
6793 2
6794 2
6795 1
6796 1
6798 2
6800 2
6803 1
6805 1
6807 2
6808 1
6809 1
6811 1
6812 2
6813 3
6815 1
6817 2
6818 2
6819 1
6821 4
6822 2
6823 1
6825 1
6826 2
6827 1
6829 1
6830 1
6831 2
6832 3
6833 2
6834 1
6835 1
6837 1
6838 1
6839 1
6840 1
6842 3
6843 2
6846 1
6847 1
6848 1
6849 1
6850 1
6851 1
6852 3
6853 2
6854 1
6857 1
6858 1
6861 1
6862 2
6864 3
6865 1
6866 4
6867 1
6868 1
6869 1
6872 2
6873 1
6874 1
6876 2
6877 4
6878 1
6879 3
6881 1
6882 1
6883 1
6887 1
6890 1
6892 2
6896 2
6897 2
6898 1
6899 2
6900 1
6902 1
6903 1
6904 4
6906 3
6909 1
6910 1
6913 1
6920 1
6922 2
6923 2
6924 2
6925 1
6927 1
6929 1
6930 2
6935 2
6936 1
6938 1
6939 4
6940 1
6942 2
6943 1
6945 2
6949 2
6950 1
6952 1
6955 2
6956 1
6960 2
6967 1
6968 3
6969 3
6970 1
6972 1
6974 1
6975 1
6976 1
6978 1
6982 1
6983 2
6984 1
6986 4
6988 1
6994 2
6995 2
6996 1
6999 1
7000 3
7002 2
7006 3
7011 3
7014 1
7015 1
7018 1
7019 1
7020 1
7022 1
7023 1
7024 1
7025 1
7027 1
7028 1
7030 1
7031 2
7034 1
7035 2
7038 1
7039 7
7040 2
7042 1
7044 1
7047 1
7049 1
7053 2
7055 2
7056 1
7057 3
7058 2
7059 1
7061 1
7066 1
7067 1
7068 1
7074 1
7075 1
7076 4
7077 1
7082 1
7086 2
7087 1
7088 1
7089 1
7090 1
7091 2
7094 2
7095 1
7096 1
7101 1
7102 1
7103 2
7104 1
7105 1
7108 2
7109 1
7115 1
7116 1
7117 1
7119 1
7120 2
7122 1
7123 2
7124 1
7127 7
7128 3
7133 1
7135 1
7136 1
7139 1
7140 1
7141 1
7143 1
7144 1
7145 2
7146 3
7148 1
7149 2
7152 4
7153 2
7155 3
7157 1
7160 2
7161 2
7162 1
7166 1
7167 1
7168 15
7169 1
7170 1
7171 1
7173 1
7174 1
7175 1
7177 2
7180 1
7182 1
7184 1
7185 1
7191 1
7197 1
7202 1
7207 1
7210 2
7211 2
7212 2
7213 1
7217 1
7219 2
7220 3
7223 2
7225 3
7227 1
7228 3
7233 1
7234 3
7235 1
7237 2
7239 3
7240 1
7241 2
7242 1
7245 1
7247 1
7248 1
7251 1
7252 3
7253 3
7254 1
7257 1
7258 1
7259 1
7260 4
7261 1
7264 1
7265 1
7268 2
7269 3
7270 1
7271 1
7272 1
7273 2
7274 1
7276 2
7278 1
7279 1
7282 1
7283 1
7287 1
7288 2
7290 3
7293 3
7295 2
7297 1
7301 1
7303 1
7306 3
7307 1
7308 1
7309 1
7311 1
7313 1
7318 2
7319 1
7320 1
7321 1
7322 2
7323 1
7325 2
7328 1
7330 1
7337 1
7338 1
7340 1
7342 1
7343 1
7344 1
7346 1
7347 2
7349 1
7351 2
7354 2
7356 1
7358 1
7360 3
7361 1
7363 1
7365 1
7366 1
7367 4
7371 1
7372 1
7373 1
7374 5
7375 3
7376 1
7378 1
7379 4
7380 3
7381 1
7382 1
7383 1
7384 1
7385 1
7386 2
7388 1
7389 3
7391 2
7392 1
7396 1
7399 2
7400 2
7401 3
7402 1
7403 1
7407 1
7411 1
7412 1
7413 2
7414 1
7416 2
7418 4
7421 1
7423 1
7424 3
7426 1
7428 2
7429 1
7438 1
7440 4
7441 1
7444 3
7445 1
7448 1
7449 1
7450 1
7451 1
7452 1
7453 1
7457 1
7459 2
7463 6
7469 2
7472 1
7477 3
7479 2
7481 2
7483 1
7484 1
7486 1
7487 3
7488 2
7490 1
7491 1
7496 3
7499 2
7502 3
7503 1
7504 1
7505 1
7506 2
7507 2
7509 1
7510 1
7511 1
7512 2
7514 1
7515 1
7516 2
7517 2
7518 1
7519 2
7520 1
7522 1
7524 1
7525 3
7526 1
7529 1
7530 2
7531 1
7532 1
7535 2
7538 1
7539 2
7543 2
7544 3
7545 1
7546 1
7547 1
7548 1
7552 3
7553 1
7555 1
7556 1
7558 3
7559 1
7560 1
7561 2
7563 2
7564 1
7565 1
7566 2
7569 1
7570 1
7571 1
7577 3
7578 1
7579 1
7581 1
7582 1
7585 1
7586 3
7590 2
7593 1
7596 2
7599 2
7602 1
7605 1
7606 1
7608 1
7611 1
7613 2
7615 5
7616 2
7618 1
7619 2
7621 2
7625 1
7629 1
7632 1
7635 2
7638 2
7639 1
7640 1
7644 1
7647 2
7648 2
7650 2
7652 2
7659 2
7663 1
7664 1
7666 1
7667 1
7670 1
7672 1
7674 1
7675 1
7676 1
7678 1
7679 1
7680 7
7684 1
7685 1
7689 1
7695 1
7697 3
7698 2
7699 1
7701 1
7704 3
7711 1
7712 1
7723 1
7724 2
7725 1
7727 1
7729 2
7734 1
7736 6
7742 2
7743 1
7744 1
7745 1
7747 1
7754 1
7755 1
7758 1
7759 2
7760 1
7761 1
7763 1
7766 1
7769 1
7772 1
7774 2
7775 1
7776 2
7777 2
7778 1
7781 1
7782 1
7783 2
7786 2
7787 2
7789 1
7790 1
7791 1
7792 1
7795 1
7799 1
7804 3
7806 2
7811 1
7812 1
7813 4
7816 2
7817 1
7819 1
7829 1
7832 1
7834 1
7839 1
7840 1
7842 1
7843 2
7844 1
7846 1
7848 1
7855 1
7857 2
7860 1
7864 2
7866 1
7868 1
7870 1
7871 1
7874 2
7876 1
7877 2
7883 1
7885 2
7886 1
7887 2
7888 1
7889 2
7890 1
7892 2
7896 1
7899 2
7900 1
7903 1
7904 1
7905 2
7907 1
7908 2
7909 1
7910 1
7914 1
7915 2
7916 1
7918 1
7919 1
7920 2
7921 1
7923 1
7924 2
7926 1
7929 1
7931 1
7933 1
7935 1
7936 2
7937 1
7938 1
7940 1
7948 1
7949 1
7950 2
7954 3
7956 1
7958 1
7959 1
7960 3
7962 1
7963 2
7969 1
7971 1
7973 1
7974 2
7979 1
7980 1
7987 1
7990 1
7992 1
7994 1
7997 1
7998 1
7999 1
8000 1
8002 1
8005 2
8012 1
8013 1
8014 2
8015 1
8025 1
8028 1
8039 1
8041 1
8047 1
8049 1
8051 1
8054 1
8056 1
8057 1
8058 1
8059 2
8065 1
8066 1
8067 1
8068 2
8072 1
8074 3
8075 1
8078 1
8080 1
8081 1
8086 1
8092 1
8094 1
8096 2
8097 2
8100 1
8101 1
8113 1
8114 2
8116 2
8117 1
8119 1
8120 2
8122 1
8127 1
8128 3
8129 1
8130 1
8133 1
8136 1
8137 1
8138 1
8140 1
8141 1
8144 1
8146 1
8149 1
8150 1
8152 1
8156 3
8157 1
8160 1
8161 2
8162 1
8163 1
8164 1
8165 1
8171 1
8174 1
8177 2
8178 3
8179 1
8181 1
8183 1
8184 2
8187 2
8189 1
8191 1
8192 26
8194 1
8195 3
8196 1
8197 1
8201 2
8202 2
8203 1
8204 1
8206 1
8209 1
8212 1
8213 2
8215 2
8216 1
8217 1
8218 1
8221 1
8223 1
8224 1
8228 1
8230 2
8231 1
8232 1
8233 1
8234 1
8236 1
8237 1
8240 1
8244 4
8246 2
8248 2
8249 1
8250 2
8252 1
8255 1
8256 1
8257 1
8258 2
8259 2
8260 1
8263 1
8264 2
8268 1
8269 1
8271 1
8272 2
8274 1
8276 2
8277 1
8278 1
8279 1
8280 1
8282 1
8283 1
8285 1
8286 1
8289 1
8290 1
8294 1
8297 2
8298 1
8300 1
8304 1
8308 1
8310 1
8313 1
8315 1
8318 1
8322 2
8323 2
8324 1
8326 1
8327 1
8328 1
8331 1
8339 1
8341 1
8342 1
8343 1
8345 1
8347 1
8348 2
8351 1
8352 2
8353 1
8354 2
8356 3
8357 3
8359 2
8360 1
8361 2
8367 1
8369 1
8370 1
8371 1
8372 2
8373 1
8374 2
8375 1
8378 1
8379 1
8380 2
8385 1
8386 1
8389 1
8391 2
8392 1
8395 1
8396 1
8398 1
8404 2
8408 1
8411 1
8412 2
8413 1
8414 3
8415 1
8416 1
8420 1
8421 1
8424 1
8425 1
8427 1
8428 2
8429 1
8430 1
8435 1
8438 2
8440 2
8441 1
8446 1
8447 1
8449 8
8451 1
8452 1
8453 1
8456 1
8465 1
8467 2
8469 1
8474 4
8485 1
8489 1
8490 1
8492 1
8494 2
8498 1
8509 2
8511 3
8514 2
8526 1
8527 1
8528 1
8529 1
8533 1
8534 2
8537 1
8541 1
8542 1
8543 1
8553 1
8554 1
8556 1
8558 1
8559 1
8561 2
8562 1
8566 3
8567 1
8568 3
8572 1
8573 2
8576 1
8578 2
8579 1
8581 1
8583 1
8584 1
8585 1
8589 1
8590 1
8593 1
8594 1
8597 2
8599 1
8600 2
8602 1
8603 3
8607 2
8611 3
8613 2
8618 1
8628 1
8629 1
8630 1
8632 1
8635 1
8638 1
8644 1
8646 2
8650 2
8652 1
8653 1
8657 1
8661 1
8663 1
8667 1
8669 1
8673 1
8674 1
8679 1
8680 1
8683 1
8686 1
8687 1
8688 1
8691 1
8692 1
8694 1
8695 2
8696 1
8697 1
8699 1
8700 1
8704 13
8705 1
8706 1
8707 1
8709 1
8710 1
8712 2
8715 2
8717 1
8721 1
8723 2
8724 1
8727 2
8729 1
8730 1
8731 1
8732 2
8734 1
8736 1
8737 1
8739 1
8742 1
8750 1
8754 1
8759 1
8764 1
8765 2
8766 1
8767 1
8768 1
8774 2
8775 1
8777 1
8778 1
8780 2
8781 1
8783 1
8784 1
8789 3
8790 1
8794 1
8797 2
8798 1
8799 1
8800 2
8801 1
8802 1
8805 2
8806 3
8808 2
8810 1
8812 1
8817 1
8818 1
8819 1
8820 1
8823 1
8824 1
8828 1
8829 1
8830 2
8832 1
8833 1
8834 1
8836 1
8838 1
8841 1
8842 1
8843 1
8849 1
8854 1
8856 1
8860 2
8861 1
8863 1
8866 1
8867 1
8868 1
8872 1
8875 1
8882 1
8893 3
8894 2
8895 2
8896 2
8899 2
8900 2
8902 1
8904 1
8906 1
8910 1
8914 2
8916 1
8917 1
8919 1
8920 1
8921 1
8924 1
8926 1
8930 4
8932 1
8933 1
8936 1
8937 3
8943 1
8944 2
8948 1
8949 1
8951 1
8953 3
8954 1
8958 2
8960 1
8961 2
8962 3
8963 1
8968 1
8970 1
8976 1
8979 1
8982 1
8985 1
8986 1
8989 1
8992 1
8996 1
9002 2
9003 1
9006 1
9007 2
9008 1
9012 1
9014 2
9016 2
9018 1
9020 1
9021 1
9024 1
9027 2
9029 1
9030 1
9031 1
9033 2
9034 1
9037 1
9038 1
9040 1
9042 1
9045 1
9048 1
9051 1
9053 2
9057 1
9059 1
9060 1
9061 2
9062 1
9063 1
9064 2
9066 1
9069 1
9070 1
9072 3
9073 1
9076 1
9079 1
9087 1
9098 1
9101 1
9104 1
9107 1
9108 2
9110 1
9112 1
9113 1
9119 1
9126 1
9132 1
9133 1
9134 2
9136 1
9137 1
9139 1
9143 1
9144 1
9145 1
9146 1
9149 1
9153 1
9154 2
9155 2
9156 1
9158 2
9159 2
9160 1
9161 1
9163 1
9166 1
9167 1
9173 1
9175 1
9185 1
9186 1
9189 2
9191 1
9192 1
9199 3
9201 1
9206 1
9207 2
9209 1
9212 1
9213 1
9214 1
9216 9
9219 1
9223 3
9230 1
9233 1
9234 1
9237 1
9240 1
9241 1
9242 1
9244 2
9245 2
9248 2
9253 1
9254 2
9257 1
9259 1
9261 1
9268 1
9271 1
9272 1
9276 1
9277 1
9280 2
9282 1
9284 2
9288 1
9292 1
9296 1
9300 1
9301 1
9303 1
9305 1
9306 1
9311 1
9313 2
9316 1
9318 1
9321 1
9325 2
9333 2
9335 1
9350 1
9354 1
9355 1
9356 3
9359 1
9360 1
9363 1
9365 1
9371 2
9372 1
9374 1
9378 3
9383 1
9388 1
9389 1
9391 1
9392 1
9394 2
9397 1
9398 1
9399 1
9400 1
9403 2
9406 1
9410 1
9411 1
9416 1
9423 1
9426 1
9432 1
9433 1
9436 1
9438 1
9439 2
9444 1
9451 1
9453 2
9454 1
9456 2
9457 1
9459 1
9461 1
9468 1
9470 1
9471 1
9472 1
9476 1
9477 1
9486 1
9487 1
9488 1
9491 1
9493 1
9497 1
9499 2
9502 1
9508 2
9510 1
9512 1
9514 1
9515 1
9516 1
9518 1
9520 1
9521 2
9522 1
9529 1
9530 1
9531 2
9532 1
9535 1
9540 1
9541 1
9542 1
9544 1
9545 1
9555 1
9557 1
9559 1
9560 1
9562 1
9563 2
9567 1
9572 1
9575 1
9580 1
9582 1
9584 1
9588 1
9590 2
9592 1
9594 1
9595 1
9596 1
9599 2
9603 1
9611 1
9613 1
9614 1
9616 2
9620 1
9627 1
9629 1
9630 1
9633 2
9636 2
9640 1
9654 1
9656 1
9662 1
9668 2
9671 1
9674 1
9675 1
9679 1
9682 1
9686 1
9688 1
9690 1
9697 1
9700 1
9701 1
9704 1
9712 1
9716 1
9717 1
9718 1
9719 1
9722 2
9725 2
9728 5
9735 2
9739 1
9740 1
9746 1
9749 1
9753 3
9754 1
9760 1
9762 2
9765 2
9769 2
9771 1
9772 1
9775 2
9779 1
9780 1
9784 1
9785 1
9787 2
9791 1
9792 1
9799 2
9800 2
9801 2
9803 2
9804 1
9809 1
9811 1
9813 1
9815 1
9817 1
9819 1
9824 1
9827 1
9828 1
9830 1
9838 1
9840 2
9847 1
9850 1
9851 1
9852 1
9853 1
9863 1
9864 1
9865 1
9872 2
9875 1
9876 1
9877 1
9879 1
9883 1
9886 1
9888 1
9889 1
9890 1
9891 1
9894 2
9895 1
9896 1
9900 3
9901 1
9902 1
9905 1
9906 1
9911 1
9912 1
9917 1
9919 1
9920 1
9924 1
9928 1
9930 2
9931 2
9935 1
9937 1
9940 1
9941 1
9946 2
9951 1
9952 1
9955 1
9957 1
9958 2
9960 2
9966 1
9968 1
9970 1
9971 1
9974 1
9979 1
9980 1
9985 1
9990 4
9991 1
9995 1
10001 2
10013 1
10015 1
10022 1
10026 1
10029 2
10033 1
10034 2
10037 1
10038 1
10042 1
10044 1
10046 1
10048 2
10051 2
10052 2
10053 1
10054 1
10059 1
10062 2
10063 1
10065 1
10068 1
10069 1
10071 2
10080 1
10084 1
10087 2
10089 1
10091 1
10096 1
10097 1
10103 1
10107 1
10108 1
10110 1
10114 2
10117 1
10118 1
10122 1
10125 1
10133 2
10134 1
10136 2
10143 1
10147 1
10149 1
10150 1
10152 1
10155 1
10160 1
10161 1
10170 1
10174 1
10180 2
10185 1
10186 1
10191 2
10196 1
10197 1
10199 1
10206 1
10207 1
10218 2
10219 1
10221 1
10226 1
10231 1
10239 1
10240 9
10242 1
10246 1
10258 1
10259 1
10263 2
10275 1
10276 2
10278 1
10280 1
10284 1
10288 2
10302 1
10303 2
10305 1
10306 1
10322 1
10324 1
10335 1
10339 1
10341 1
10343 2
10344 1
10345 1
10348 1
10349 1
10352 1
10354 1
10364 1
10367 1
10368 2
10369 1
10372 1
10373 1
10375 1
10379 1
10381 1
10383 3
10388 1
10390 1
10392 1
10397 2
10404 1
10412 1
10416 1
10417 1
10421 2
10427 1
10432 1
10434 1
10438 1
10443 1
10444 1
10445 1
10447 1
10451 1
10456 1
10463 1
10464 2
10467 1
10471 1
10475 1
10476 1
10478 1
10479 1
10489 2
10492 1
10493 1
10500 1
10502 1
10504 1
10505 1
10506 1
10512 2
10514 1
10517 1
10518 1
10521 3
10523 1
10524 1
10525 1
10527 2
10539 1
10540 1
10545 1
10547 2
10552 1
10553 1
10554 1
10564 1
10566 1
10571 2
10573 2
10574 1
10576 1
10579 1
10580 2
10583 2
10584 2
10591 2
10594 1
10598 2
10605 2
10609 1
10610 1
10612 1
10618 1
10619 1
10622 1
10623 1
10627 1
10631 1
10633 3
10636 1
10645 1
10646 2
10650 1
10651 1
10652 1
10656 1
10660 1
10665 1
10671 1
10677 1
10678 1
10683 1
10686 1
10687 1
10689 1
10699 1
10703 1
10712 1
10714 1
10716 1
10726 1
10727 2
10728 1
10729 1
10736 1
10737 1
10739 1
10742 1
10751 1
10752 3
10757 1
10759 1
10763 1
10765 1
10768 1
10770 1
10771 1
10774 1
10775 1
10776 2
10777 1
10783 1
10785 1
10786 1
10787 1
10789 1
10790 1
10797 1
10800 1
10807 1
10811 1
10815 1
10831 1
10834 1
10839 2
10840 1
10843 1
10846 2
10847 1
10849 1
10856 1
10859 1
10861 1
10863 2
10867 1
10872 1
10877 1
10888 1
10892 1
10893 1
10902 1
10907 2
10909 1
10912 1
10913 1
10914 1
10916 1
10917 2
10918 2
10921 1
10926 1
10932 1
10943 2
10950 1
10956 2
10959 1
10960 1
10965 1
10969 1
10980 1
10998 1
10999 2
11005 1
11018 2
11026 1
11027 1
11031 1
11035 1
11036 1
11044 1
11048 2
11050 1
11065 1
11066 1
11068 2
11072 1
11080 1
11081 1
11091 1
11092 6
11105 1
11111 2
11112 1
11113 2
11115 1
11126 1
11128 1
11139 2
11140 1
11142 1
11144 1
11145 1
11146 1
11147 1
11148 1
11149 2
11150 1
11152 1
11159 1
11161 1
11166 1
11170 2
11171 1
11172 1
11177 1
11179 1
11180 1
11188 1
11195 1
11197 1
11199 1
11203 2
11209 1
11211 2
11228 1
11229 1
11230 1
11234 2
11235 1
11236 1
11238 1
11241 1
11242 1
11255 3
11258 1
11264 6
11275 1
11281 3
11284 1
11285 1
11292 1
11298 2
11309 1
11311 1
11312 1
11314 1
11315 1
11316 1
11319 1
11324 1
11325 1
11326 1
11331 1
11333 1
11334 1
11336 1
11337 2
11340 1
11364 1
11365 1
11372 1
11377 1
11380 1
11384 4
11385 1
11389 1
11390 2
11395 1
11396 1
11399 1
11402 1
11404 1
11405 1
11409 1
11411 1
11422 1
11423 1
11424 1
11425 2
11436 1
11441 1
11447 1
11453 1
11454 1
11455 1
11456 1
11460 1
11469 2
11470 1
11476 1
11477 1
11484 1
11485 1
11494 1
11496 1
11500 1
11501 3
11503 1
11507 1
11520 1
11522 1
11524 1
11525 1
11527 1
11528 1
11541 1
11547 3
11552 1
11554 1
11555 1
11562 1
11564 1
11565 1
11566 1
11577 1
11581 1
11583 1
11585 1
11590 1
11600 1
11602 1
11603 1
11607 1
11611 1
11612 1
11621 1
11627 1
11631 2
11636 1
11640 1
11646 1
11647 1
11657 1
11661 2
11668 1
11669 2
11675 1
11677 1
11678 2
11679 1
11681 1
11682 2
11683 1
11684 1
11685 1
11688 1
11691 1
11692 1
11693 1
11697 1
11700 1
11710 1
11717 1
11719 2
11726 1
11732 1
11733 1
11736 1
11737 1
11740 1
11741 1
11743 2
11744 1
11753 1
11760 1
11762 1
11764 1
11769 2
11770 1
11771 3
11776 3
11777 1
11779 1
11788 1
11794 1
11795 1
11796 1
11797 1
11799 2
11804 1
11808 1
11820 1
11833 1
11837 1
11838 1
11839 1
11840 1
11842 3
11846 2
11848 1
11849 1
11850 1
11863 1
11872 1
11875 1
11879 1
11888 1
11901 1
11902 1
11909 1
11912 1
11918 1
11921 1
11923 1
11924 1
11928 1
11934 1
11935 1
11936 1
11944 1
11945 1
11946 2
11948 2
11955 1
11959 1
11960 3
11968 1
11969 1
11971 1
11986 1
11990 1
11991 1
11992 3
11995 2
11996 1
12001 1
12015 1
12025 1
12031 1
12038 1
12045 1
12061 1
12064 1
12071 1
12073 1
12078 1
12084 1
12090 1
12102 2
12104 1
12111 1
12113 1
12120 1
12126 1
12135 1
12136 1
12138 1
12140 2
12145 1
12146 1
12147 2
12155 1
12157 1
12167 1
12175 1
12177 1
12182 2
12186 1
12194 1
12202 2
12204 1
12205 1
12209 1
12212 1
12213 1
12219 1
12229 1
12233 1
12238 1
12247 1
12257 2
12259 1
12269 2
12272 2
12273 3
12275 1
12282 2
12284 1
12285 1
12288 6
12292 1
12295 1
12298 1
12306 1
12308 1
12312 1
12318 1
12320 1
12327 1
12328 1
12329 1
12333 1
12338 1
12345 1
12346 1
12347 1
12348 1
12354 1
12362 1
12374 1
12376 1
12380 1
12390 1
12396 1
12397 1
12399 1
12403 1
12404 1
12412 3
12427 1
12431 1
12441 1
12448 1
12450 2
12452 1
12455 1
12464 1
12468 2
12477 1
12480 1
12489 1
12495 1
12497 2
12501 1
12507 1
12516 1
12524 1
12532 3
12542 1
12574 1
12576 1
12580 1
12587 2
12592 1
12602 1
12611 1
12612 2
12623 1
12627 1
12634 1
12635 1
12638 1
12639 1
12647 1
12648 2
12653 1
12654 1
12661 2
12667 1
12670 1
12671 1
12672 1
12677 1
12679 1
12684 1
12691 1
12692 1
12703 1
12705 1
12710 1
12711 1
12712 1
12724 1
12726 1
12728 1
12729 1
12732 1
12734 1
12736 3
12759 1
12761 1
12764 1
12772 1
12775 1
12777 1
12787 2
12789 1
12791 1
12800 5
12802 1
12808 1
12810 1
12818 1
12820 1
12823 1
12829 1
12840 1
12854 1
12865 1
12867 1
12869 1
12874 1
12875 1
12877 1
12885 2
12892 1
12893 1
12906 1
12909 1
12913 1
12921 1
12922 1
12924 1
12928 2
12929 1
12937 1
12940 1
12946 1
12949 1
12961 1
12963 1
12969 1
12970 1
12975 1
12977 1
12984 1
12985 1
12986 2
12987 1
12988 1
13000 2
13001 2
13003 1
13007 1
13014 2
13023 1
13024 1
13028 1
13030 1
13033 2
13040 1
13051 2
13052 1
13068 1
13073 1
13077 1
13078 1
13088 1
13089 1
13093 1
13094 1
13107 1
13110 1
13117 1
13121 1
13130 1
13131 1
13134 1
13137 1
13146 1
13152 1
13155 1
13165 1
13171 1
13174 1
13180 2
13184 1
13187 1
13198 1
13204 1
13217 1
13219 1
13224 1
13236 1
13246 1
13248 1
13249 1
13251 1
13255 1
13257 1
13259 1
13263 1
13271 1
13273 1
13279 1
13281 1
13298 1
13304 1
13312 2
13328 2
13333 1
13339 1
13345 1
13348 1
13380 1
13386 1
13389 1
13392 1
13399 1
13401 2
13403 1
13406 2
13407 1
13411 2
13415 1
13419 2
13420 1
13440 1
13445 1
13451 1
13464 1
13469 1
13475 1
13478 1
13481 1
13488 1
13492 1
13494 1
13501 1
13510 1
13513 1
13517 1
13522 1
13524 1
13536 1
13538 1
13544 1
13553 1
13554 1
13560 1
13568 1
13577 1
13607 1
13610 1
13635 1
13638 1
13639 1
13642 1
13643 1
13646 1
13649 1
13658 1
13664 1
13675 2
13683 1
13685 1
13733 1
13740 1
13748 1
13751 1
13752 1
13762 1
13767 1
13789 1
13807 1
13809 1
13818 1
13821 1
13824 3
13828 1
13854 1
13868 2
13871 1
13887 1
13902 1
13904 3
13907 1
13908 2
13909 1
13910 1
13911 1
13913 1
13919 1
13926 1
13927 1
13929 1
13934 1
13944 1
13949 1
13958 1
13964 1
13967 1
13985 1
13990 1
13993 1
14002 2
14006 1
14008 1
14010 1
14011 1
14020 1
14025 1
14029 1
14042 1
14043 1
14074 1
14079 1
14080 1
14087 1
14088 1
14098 1
14100 1
14106 1
14108 1
14113 1
14118 1
14127 1
14135 1
14141 3
14148 1
14149 1
14162 1
14175 2
14176 1
14191 1
14206 1
14207 1
14209 2
14219 1
14224 1
14229 1
14230 1
14231 1
14232 1
14234 1
14262 1
14265 1
14274 1
14280 1
14317 1
14318 1
14320 1
14321 1
14333 1
14336 2
14349 1
14350 1
14378 2
14379 1
14381 1
14385 1
14390 1
14402 1
14404 1
14416 1
14417 1
14419 1
14430 1
14452 1
14460 1
14465 1
14483 2
14486 1
14487 1
14490 1
14500 1
14507 1
14510 1
14517 1
14520 1
14529 1
14533 1
14539 2
14553 1
14559 1
14561 1
14564 2
14573 1
14575 1
14587 1
14606 1
14611 1
14612 1
14617 1
14623 1
14627 1
14630 1
14641 1
14690 1
14691 1
14693 1
14701 1
14713 1
14715 1
14726 1
14745 1
14748 1
14759 1
14765 1
14768 1
14775 1
14783 1
14817 1
14827 1
14828 1
14829 1
14832 1
14841 1
14848 4
14856 1
14861 1
14866 1
14867 1
14868 1
14875 1
14879 1
14895 1
14899 2
14903 1
14913 2
14914 1
14917 1
14925 1
14926 1
14929 2
14932 1
14941 1
14950 1
14952 1
14954 2
14962 1
14977 1
14988 1
14991 1
15002 1
15013 1
15014 1
15020 1
15026 1
15027 2
15036 1
15039 1
15040 1
15068 1
15069 1
15079 1
15086 1
15096 1
15101 2
15104 2
15105 1
15111 1
15114 1
15133 1
15134 1
15136 1
15139 1
15140 1
15146 1
15156 1
15163 1
15165 1
15166 1
15170 1
15177 1
15188 1
15189 1
15206 1
15210 1
15211 1
15212 1
15220 1
15223 1
15226 1
15242 1
15252 1
15264 1
15274 1
15284 1
15286 1
15290 2
15294 1
15320 1
15324 1
15332 1
15334 1
15338 1
15345 1
15354 1
15360 3
15378 1
15379 1
15380 1
15382 1
15383 1
15388 1
15399 1
15402 1
15405 1
15413 1
15420 1
15421 2
15438 1
15440 1
15443 1
15458 1
15461 1
15473 1
15477 1
15480 1
15485 1
15495 1
15508 1
15513 1
15521 1
15522 2
15530 1
15532 1
15534 1
15536 1
15541 1
15545 1
15548 1
15555 1
15559 1
15565 1
15568 1
15573 1
15580 1
15589 1
15602 1
15641 2
15646 1
15653 1
15662 1
15663 1
15669 1
15685 1
15687 1
15696 1
15710 1
15717 1
15720 2
15727 2
15729 1
15734 1
15736 1
15742 1
15758 1
15760 1
15769 1
15771 1
15778 1
15796 1
15831 1
15837 1
15852 1
15859 1
15867 1
15869 1
15875 1
15878 1
15887 1
15932 2
15953 1
15976 1
15978 2
15979 1
16000 1
16002 1
16011 1
16016 1
16017 1
16023 1
16029 1
16044 1
16054 1
16056 2
16057 1
16065 1
16073 1
16082 1
16095 1
16104 1
16105 1
16110 1
16122 1
16142 1
16158 1
16159 1
16198 1
16205 1
16219 1
16221 1
16239 1
16246 1
16249 1
16251 1
16252 1
16259 1
16263 1
16301 1
16304 1
16324 2
16326 1
16329 1
16343 1
16345 1
16347 1
16348 3
16352 1
16360 1
16362 1
16363 2
16366 1
16367 3
16368 1
16384 3
16388 3
16400 1
16401 4
16408 1
16412 1
16422 1
16441 2
16458 1
16463 1
16464 1
16495 1
16513 1
16531 1
16550 1
16552 1
16562 5
16566 1
16567 1
16570 1
16571 1
16583 1
16585 1
16596 1
16608 1
16620 1
16623 1
16626 1
16629 1
16640 1
16642 1
16652 1
16656 1
16668 1
16685 1
16686 1
16696 1
16697 2
16729 1
16757 1
16762 1
16785 3
16790 1
16792 1
16834 1
16850 1
16856 1
16869 1
16870 1
16896 4
16901 1
16905 2
16911 1
16912 1
16918 1
16923 1
16937 1
16950 1
16958 1
16986 1
17005 2
17020 1
17027 1
17028 1
17029 1
17031 2
17034 1
17060 1
17079 1
17109 1
17115 1
17134 1
17143 1
17146 1
17156 1
17168 1
17173 1
17196 2
17198 2
17216 1
17239 1
17242 1
17269 1
17276 1
17285 1
17290 1
17293 1
17295 1
17298 1
17301 1
17308 1
17310 1
17312 1
17321 1
17347 1
17359 1
17374 1
17379 1
17386 1
17392 1
17396 1
17407 1
17408 3
17426 1
17431 1
17439 1
17440 1
17443 2
17458 1
17462 2
17470 1
17472 1
17474 1
17481 2
17485 1
17492 1
17504 4
17506 1
17515 1
17521 1
17526 1
17533 1
17590 1
17596 1
17613 1
17622 1
17637 1
17638 1
17648 1
17651 1
17668 1
17675 1
17685 1
17699 1
17716 1
17727 2
17740 1
17798 1
17801 2
17804 1
17829 1
17856 1
17882 1
17911 1
17913 1
17914 1
17916 1
17919 1
17920 1
17922 1
17924 1
17957 1
17965 1
17968 1
17975 1
18006 1
18041 1
18045 1
18049 1
18053 1
18057 1
18082 1
18093 1
18103 1
18122 1
18139 1
18152 1
18159 1
18163 1
18191 1
18206 1
18215 1
18222 1
18232 1
18237 1
18250 1
18258 1
18279 1
18288 1
18297 1
18325 1
18339 1
18358 1
18361 1
18362 1
18369 1
18389 1
18394 1
18413 1
18414 1
18432 2
18450 4
18467 1
18471 1
18483 1
18492 1
18497 1
18513 1
18517 1
18542 1
18544 1
18548 1
18556 1
18589 1
18613 1
18614 1
18625 1
18640 1
18649 1
18652 1
18655 1
18667 1
18671 1
18684 1
18696 2
18699 1
18715 1
18729 1
18736 1
18747 1
18762 1
18769 1
18777 1
18784 1
18786 1
18793 1
18819 1
18832 1
18838 1
18839 1
18915 1
18944 4
18948 1
18957 1
18960 1
18979 1
19004 1
19019 1
19034 1
19042 1
19053 2
19066 1
19078 1
19080 1
19092 1
19095 1
19102 1
19109 1
19111 1
19120 1
19211 1
19217 1
19228 1
19238 2
19259 1
19265 1
19295 1
19300 1
19311 1
19331 1
19332 1
19370 1
19426 1
19439 1
19449 1
19456 3
19477 1
19501 1
19506 1
19533 1
19534 1
19536 1
19550 1
19553 1
19588 1
19626 1
19659 1
19661 1
19663 1
19666 1
19684 2
19690 1
19700 1
19701 1
19719 1
19722 1
19726 1
19736 1
19755 1
19758 1
19770 1
19771 1
19773 1
19774 1
19775 1
19797 1
19803 1
19806 1
19823 1
19833 1
19878 1
19879 1
19883 1
19892 1
19922 2
19932 1
19935 1
19968 1
19976 2
19990 1
20059 1
20072 1
20073 1
20083 1
20103 2
20120 1
20123 1
20124 1
20157 1
20172 1
20176 1
20192 1
20214 1
20228 1
20256 1
20272 1
20278 1
20282 1
20303 1
20307 1
20308 1
20318 2
20327 1
20336 1
20352 1
20357 1
20363 1
20366 1
20375 1
20377 2
20405 1
20412 1
20453 1
20460 1
20468 1
20475 1
20498 1
20507 1
20510 1
20523 1
20539 1
20541 1
20547 1
20553 1
20554 1
20571 1
20612 1
20676 1
20688 1
20691 1
20696 1
20705 1
20713 1
20726 1
20732 1
20755 1
20757 1
20805 1
20829 1
20881 1
20886 1
20891 1
20896 1
20901 1
20917 1
20985 1
21028 1
21039 1
21058 2
21067 1
21068 2
21078 1
21083 1
21116 2
21132 1
21134 1
21136 1
21148 1
21156 1
21159 1
21172 1
21218 1
21221 1
21258 1
21263 1
21265 1
21268 1
21275 1
21288 1
21299 1
21304 2
21313 1
21322 1
21325 1
21357 1
21374 1
21381 2
21383 1
21399 1
21418 1
21433 1
21470 1
21524 1
21557 1
21574 1
21579 1
21589 1
21591 1
21597 1
21607 1
21612 1
21622 1
21647 1
21649 1
21663 2
21678 1
21680 1
21683 1
21684 1
21685 1
21697 1
21736 1
21746 1
21771 1
21774 1
21790 1
21797 1
21806 1
21817 1
21862 1
21879 2
21883 1
21898 1
21911 1
21922 1
21940 1
21944 1
21953 1
22001 1
22002 1
22016 1
22025 1
22033 1
22039 1
22078 1
22079 1
22094 1
22095 1
22148 1
22163 1
22169 1
22185 1
22197 1
22204 1
22214 1
22223 1
22239 1
22257 1
22269 1
22300 3
22312 1
22313 1
22319 1
22338 1
22341 1
22349 1
22365 2
22383 1
22405 1
22410 1
22421 1
22427 1
22443 1
22450 1
22468 1
22469 1
22471 1
22487 1
22499 1
22589 1
22603 2
22629 1
22682 1
22687 1
22698 1
22722 1
22724 1
22753 1
22758 2
22805 1
22851 1
22870 1
22888 1
22889 1
22907 1
22927 1
22950 1
22965 1
23018 1
23025 1
23031 1
23037 1
23046 1
23052 1
23093 1
23097 1
23142 1
23145 1
23148 1
23157 1
23161 1
23179 1
23206 1
23209 1
23221 1
23272 1
23273 1
23279 2
23321 1
23452 1
23455 1
23461 1
23487 1
23488 1
23540 1
23552 1
23594 1
23603 1
23613 1
23615 1
23635 2
23640 1
23660 1
23676 1
23686 1
23708 1
23709 1
23716 1
23725 1
23765 1
23829 1
23849 1
23895 1
23906 1
23907 1
23908 1
23912 1
23960 1
23964 1
23980 1
23983 1
24007 1
24009 1
24012 1
24063 1
24064 1
24081 1
24195 1
24196 1
24241 1
24245 1
24272 1
24281 1
24287 1
24296 1
24299 1
24329 2
24335 1
24383 1
24388 1
24457 1
24459 1
24462 1
24495 1
24514 1
24519 2
24531 2
24562 1
24567 1
24574 1
24576 1
24594 1
24595 1
24660 1
24664 1
24674 1
24692 1
24723 1
24748 1
24755 1
24762 1
24787 1
24789 1
24811 1
24830 1
24875 1
24891 2
24912 1
24915 1
24920 1
24942 1
24958 1
24974 1
24987 1
24988 1
25009 1
25043 1
25047 1
25059 1
25063 1
25081 1
25106 1
25130 1
25146 1
25250 1
25258 1
25262 1
25290 1
25292 1
25338 1
25345 1
25346 1
25377 1
25392 1
25399 1
25400 1
25402 1
25422 2
25446 1
25451 1
25488 1
25502 1
25506 1
25507 1
25508 1
25509 1
25511 2
25514 3
25516 1
25538 3
25539 1
25540 2
25541 3
25543 1
25544 1
25558 1
25590 1
25591 2
25610 1
25611 1
25639 1
25651 1
25665 1
25673 1
25682 2
25692 1
25702 1
25714 1
25719 1
25720 1
25721 1
25745 2
25788 1
25827 1
25835 1
25839 1
25852 1
25854 1
25860 1
25868 1
25883 1
25888 1
25905 1
25909 1
25941 1
25949 1
25956 1
25973 1
25987 1
26003 1
26029 1
26063 1
26100 1
26101 1
26135 1
26173 1
26179 1
26191 1
26222 1
26240 1
26267 1
26278 1
26287 1
26300 1
26326 1
26363 1
26397 2
26423 2
26427 2
26430 1
26433 1
26441 1
26445 1
26600 1
26622 1
26625 1
26640 1
26667 2
26726 1
26750 1
26776 1
26796 1
26798 1
26799 1
26858 1
26859 1
26869 1
26870 1
26878 1
26880 1
26886 2
26909 1
26983 1
26990 1
26991 2
27030 1
27057 1
27111 1
27122 1
27145 2
27150 1
27152 1
27171 1
27174 1
27176 1
27179 1
27228 1
27254 1
27259 1
27265 1
27280 1
27298 1
27327 1
27335 1
27338 1
27348 2
27382 1
27394 1
27460 1
27610 2
27612 1
27641 1
27677 1
27689 1
27702 1
27708 1
27737 1
27741 1
27746 1
27749 1
27763 1
27771 1
27775 1
27796 1
27811 1
27824 1
27832 1
27874 1
27888 1
27914 1
27945 1
27966 1
27969 1
27970 1
27977 2
28031 1
28057 1
28060 1
28075 1
28097 1
28133 1
28134 1
28141 1
28218 1
28223 1
28236 1
28252 1
28265 1
28268 1
28310 1
28376 1
28394 2
28407 1
28409 1
28482 1
28485 1
28487 1
28488 1
28491 1
28495 1
28521 1
28523 4
28525 1
28535 1
28564 1
28587 1
28626 1
28662 1
28669 1
28687 1
28695 1
28702 1
28703 1
28705 1
28725 1
28752 2
28830 1
28856 1
28860 1
28865 1
28874 1
28924 1
29012 1
29016 1
29024 1
29027 1
29034 1
29036 1
29040 1
29046 1
29057 2
29107 1
29157 1
29161 1
29162 1
29164 1
29199 2
29215 1
29235 1
29245 1
29274 1
29321 1
29334 1
29356 1
29390 1
29411 1
29417 1
29423 1
29434 3
29459 1
29473 1
29490 1
29506 1
29536 1
29551 1
29560 1
29606 1
29656 1
29725 1
29741 1
29748 1
29771 1
29782 1
29799 1
29811 1
29822 2
29824 1
29878 1
29879 1
29896 1
29900 1
29901 1
29930 3
29933 1
29974 1
30006 1
30022 1
30053 1
30114 1
30125 1
30138 2
30196 1
30258 1
30283 1
30289 1
30313 1
30320 1
30340 1
30343 1
30353 2
30378 1
30382 1
30384 1
30395 1
30410 1
30435 1
30468 1
30483 1
30491 1
30499 1
30505 1
30508 1
30542 1
30546 1
30550 1
30564 1
30580 1
30596 1
30598 1
30615 1
30620 1
30623 1
30624 1
30629 1
30635 1
30652 1
30731 1
30736 1
30748 1
30751 1
30753 1
30785 1
30806 1
30812 2
30823 1
30845 1
30859 1
30863 1
30865 1
30873 1
30885 1
30893 1
30924 1
30955 1
30973 1
30999 1
31001 1
31023 1
31034 1
31048 2
31063 1
31090 1
31117 2
31138 1
31158 1
31232 2
31288 1
31304 3
31307 1
31324 1
31364 1
31410 1
31413 1
31452 1
31464 1
31497 1
31504 1
31508 1
31529 2
31536 1
31565 1
31588 1
31611 1
31633 1
31654 1
31659 1
31680 1
31682 2
31699 2
31757 1
31758 2
31783 2
31785 1
31794 1
31881 1
31901 1
31916 1
31949 1
31959 1
31961 1
31977 2
32000 1
32015 1
32029 1
32052 1
32078 1
32111 1
32114 1
32115 1
32121 1
32143 1
32163 1
32184 1
32306 1
32353 1
32362 1
32368 1
32444 1
32463 2
32474 1
32475 1
32478 1
32577 1
32679 1
32702 1
32710 2
32715 1
32722 1
32728 1
32760 1
32766 1
32782 1
32816 1
32858 2
32929 1
32933 1
32951 1
33001 1
33017 1
33038 1
33042 1
33060 1
33138 3
33156 1
33160 3
33204 1
33212 1
33234 1
33340 1
33389 1
33398 1
33433 1
33533 1
33562 1
33590 1
33618 1
33638 1
33652 1
33684 1
33703 1
33708 1
33736 1
33742 1
33764 2
33789 1
33792 1
33818 1
33853 1
33870 1
33906 3
33923 1
33927 1
33931 1
33939 2
33953 1
33993 1
33994 1
34056 1
34103 1
34111 1
34145 1
34148 2
34157 1
34166 1
34170 1
34174 1
34180 1
34199 1
34211 1
34249 1
34269 1
34295 1
34306 1
34311 1
34318 1
34324 2
34341 1
34345 1
34361 1
34370 1
34379 1
34423 2
34440 1
34448 1
34452 1
34484 1
34495 1
34546 1
34553 5
34555 1
34567 1
34576 1
34716 1
34721 1
34722 1
34736 1
34743 1
34797 1
34812 1
34816 1
34829 1
34860 1
34866 1
34909 1
34972 1
34973 1
35137 1
35140 1
35160 1
35193 1
35216 1
35251 1
35274 1
35298 1
35317 1
35351 1
35360 1
35407 1
35432 1
35450 1
35456 1
35534 1
35652 1
35685 1
35722 1
35725 1
35745 1
35821 1
35828 1
35830 1
35863 2
35867 1
35909 1
35999 1
36045 1
36109 1
36152 1
36157 1
36163 1
36202 1
36211 1
36286 1
36348 1
36351 1
36402 1
36416 1
36454 1
36496 1
36517 1
36549 1
36581 1
36672 1
36677 1
36725 1
36766 1
36794 1
36837 1
36864 1
36891 1
36947 1
37037 1
37076 1
37090 1
37112 1
37117 1
37187 1
37214 1
37259 1
37325 1
37334 1
37357 1
37376 1
37384 1
37443 1
37460 1
37496 1
37533 1
37549 1
37561 2
37569 2
37637 2
37687 3
37711 1
37731 1
37737 1
37753 1
37764 1
37770 1
37810 1
37814 1
37869 1
37918 1
37999 1
38027 1
38059 1
38060 1
38127 1
38144 1
38150 1
38205 1
38218 1
38253 1
38306 1
38365 1
38435 1
38540 1
38550 1
38595 1
38610 1
38647 1
38654 1
38660 1
38682 1
38851 1
38913 2
38951 1
39012 1
39053 1
39155 1
39157 1
39206 2
39307 1
39315 1
39328 1
39344 1
39345 1
39355 1
39386 2
39425 1
39473 2
39476 1
39481 1
39491 1
39499 1
39509 1
39650 1
39663 1
39669 1
39717 1
39776 1
39812 1
39819 1
39848 1
39882 1
39992 1
40023 1
40032 1
40043 1
40046 1
40063 1
40081 1
40093 1
40146 1
40159 1
40242 1
40248 1
40281 1
40311 1
40324 1
40345 1
40379 1
40394 1
40395 1
40402 1
40405 2
40419 1
40421 1
40424 1
40427 1
40429 1
40435 1
40439 1
40443 1
40479 1
40483 1
40491 2
40500 1
40511 1
40562 1
40592 1
40646 1
40655 1
40657 2
40682 1
40727 1
40742 1
40834 1
40838 1
40860 1
40946 1
40947 1
40968 1
40973 1
40983 1
41018 1
41037 1
41082 1
41093 1
41114 1
41135 1
41150 1
41165 1
41171 1
41191 1
41208 1
41210 1
41214 1
41220 1
41224 1
41232 1
41240 1
41299 1
41302 2
41306 1
41317 2
41320 1
41407 1
41428 1
41484 3
41510 1
41596 1
41615 1
41626 1
41688 1
41698 2
41709 3
41774 1
41832 1
41913 1
41960 1
41981 1
41995 2
42057 1
42070 1
42075 1
42088 1
42122 1
42129 1
42131 1
42158 1
42167 1
42225 1
42227 2
42322 1
42355 1
42420 2
42488 3
42501 1
42520 3
42611 2
42618 1
42620 1
42660 1
42701 1
42710 1
42714 1
42715 1
42774 3
42830 1
42853 1
42864 1
42883 3
42892 1
42897 1
42915 1
42934 1
42951 1
43010 1
43029 2
43051 1
43070 1
43074 1
43129 1
43147 1
43151 2
43180 1
43339 1
43383 1
43392 1
43432 1
43484 1
43579 1
43598 1
43600 1
43614 1
43636 1
43656 1
43660 1
43663 1
43700 1
43742 1
43876 1
43932 1
43939 1
43985 1
43996 1
44003 1
44012 1
44055 1
44093 1
44135 1
44165 1
44172 1
44175 1
44180 1
44217 1
44267 1
44278 1
44296 1
44306 1
44351 1
44421 1
44520 1
44612 1
44615 1
44624 1
44631 1
44634 1
44641 1
44642 2
44646 3
44658 2
44668 1
44670 1
44676 1
44679 1
44685 1
44745 3
44759 3
44767 7
44785 1
44825 1
44896 1
45011 1
45035 2
45049 1
45064 1
45072 1
45115 1
45170 1
45257 1
45263 1
45322 1
45350 1
45406 1
45411 1
45444 1
45529 1
45548 1
45566 1
45587 1
45598 1
45603 1
45629 1
45689 1
45696 1
45729 1
45755 1
45762 1
45789 1
45860 1
45902 1
45907 1
45908 1
45917 1
45923 1
45940 1
45945 1
45957 1
46036 1
46053 1
46057 1
46061 1
46063 1
46076 1
46107 1
46115 1
46157 1
46181 1
46208 1
46212 1
46213 1
46225 1
46347 1
46435 1
46437 1
46473 1
46477 1
46491 1
46591 1
46643 1
46703 1
46744 1
46766 2
46814 1
46856 1
46924 1
46930 1
46934 1
46944 1
46980 1
46993 1
47083 1
47145 1
47164 1
47190 1
47204 1
47217 1
47239 1
47327 1
47341 1
47354 1
47367 1
47371 1
47407 1
47514 1
47609 1
47632 1
47656 1
47661 1
47662 1
47675 1
47713 1
47826 1
47835 1
47896 1
47956 1
48072 1
48113 1
48131 1
48153 1
48175 1
48197 1
48212 1
48216 1
48230 1
48232 1
48250 1
48254 1
48289 1
48290 1
48373 1
48375 1
48427 1
48439 2
48471 1
48519 1
48521 1
48542 1
48573 1
48576 1
48603 1
48620 1
48632 1
48635 1
48655 1
48678 1
48690 1
48738 1
48842 1
48906 1
48994 1
49008 1
49017 1
49088 1
49206 1
49233 1
49263 1
49265 1
49268 1
49322 1
49326 1
49332 1
49442 1
49506 1
49529 1
49539 1
49787 1
49812 1
49855 1
49873 1
49927 1
49989 1
50052 1
50060 1
50143 1
50186 1
50262 1
50268 1
50301 1
50335 1
50360 2
50489 1
50492 1
50493 1
50527 1
50563 1
50775 1
50804 1
50886 1
50888 1
50923 1
50929 1
50961 1
50975 1
50996 1
51009 1
51014 1
51051 2
51094 1
51105 1
51119 1
51141 1
51159 1
51194 1
51203 1
51210 1
51228 1
51234 1
51256 1
51258 2
51298 1
51304 1
51317 3
51326 1
51328 2
51331 1
51338 2
51345 1
51348 1
51350 5
51378 1
51389 1
51401 1
51421 1
51428 1
51448 1
51474 1
51539 1
51575 1
51578 1
51587 1
51588 1
51589 1
51607 1
51608 1
51610 1
51612 1
51619 1
51620 1
51622 1
51636 1
51650 1
51659 1
51791 1
51840 1
51946 1
51980 1
52055 1
52116 1
52203 1
52229 1
52281 1
52336 1
52351 1
52372 1
52421 1
52425 1
52450 1
52453 1
52488 1
52511 2
52518 1
52551 1
52570 1
52718 1
52751 1
52844 2
52854 1
52944 1
52994 1
53052 1
53057 1
53199 1
53248 1
53250 1
53276 1
53305 1
53308 1
53380 1
53382 2
53505 1
53525 1
53642 1
53688 1
53693 1
53720 1
53721 3
53730 1
53741 1
53790 1
53952 1
53968 1
53969 1
53972 1
54127 1
54148 1
54149 1
54410 1
54411 1
54464 1
54501 1
54592 1
54624 1
54644 1
54647 1
54674 2
54693 1
54781 1
54795 1
54827 1
54858 1
54931 2
54974 1
55037 1
55044 1
55135 1
55212 1
55305 1
55312 1
55508 1
55553 1
55565 1
55573 1
55827 1
55893 1
55894 1
55915 1
55967 1
55997 2
56004 1
56011 1
56016 1
56162 1
56169 2
56266 2
56314 1
56530 1
56586 1
56603 2
56607 3
56622 3
56633 1
56635 2
56652 2
56657 1
56699 1
56763 1
56950 1
56956 1
56971 1
56985 1
56989 1
57005 1
57026 1
57044 1
57046 1
57207 1
57243 1
57252 2
57298 1
57590 1
57591 1
57597 1
57623 1
57626 3
57636 1
57701 1
57709 1
57749 1
57870 1
57880 1
58169 1
58316 1
58365 2
58452 1
58466 1
58484 1
58535 1
58569 1
58588 1
58617 2
58775 1
58968 1
58988 1
58989 1
59142 1
59176 1
59326 1
59341 1
59380 5
59395 1
59474 1
59484 1
59501 1
59502 1
59520 1
59564 1
59655 1
59805 1
59851 1
59867 1
59902 1
59944 1
60089 1
60104 1
60112 1
60113 1
60114 1
60192 1
60233 1
60337 1
60376 1
60384 1
60470 1
60478 1
60560 1
60567 1
60572 1
60604 1
60632 2
60681 1
60709 1
60725 1
60738 2
60739 7
60742 1
60750 2
60777 1
60779 3
60780 7
60781 12
60782 2
60783 11
60784 1
60785 3
60804 3
60816 1
60825 14
60844 1
60922 1
60942 1
60951 2
60954 1
60961 1
60999 1
61000 1
61001 1
61016 1
61037 1
61061 1
61072 1
61077 1
61087 1
61114 1
61161 1
61166 1
61243 1
61284 1
61347 2
61368 1
61371 1
61416 1
61448 1
61498 1
61585 1
61840 1
62016 2
62030 1
62071 1
62072 2
62143 1
62171 1
62186 1
62261 1
62288 1
62328 1
62337 1
62382 1
62391 2
62405 2
62407 1
62409 1
62411 1
62432 1
62433 9
62435 1
62439 1
62440 8
62447 1
62453 1
62456 1
62474 1
62479 5
62493 1
62497 1
62531 1
62543 1
62555 1
62561 1
62605 1
62651 1
62663 1
62665 1
62695 1
62712 1
62760 1
62778 1
62795 1
62808 1
62830 1
62854 1
62859 2
62932 1
62966 1
63006 1
63048 1
63131 1
63162 1
63184 1
63218 1
63253 1
63331 2
63493 1
63500 2
63656 1
63797 1
63799 1
63832 1
63837 1
63839 1
63901 1
63928 1
64060 1
64156 2
64296 1
64312 3
64576 1
64609 1
64712 2
64974 2
65095 1
65450 2
65505 1
65548 1
65582 1
65657 1
65834 1
65924 1
65960 1
65964 1
66046 1
66071 1
66179 1
66218 1
66381 1
66411 1
66530 1
66582 1
66625 1
66663 1
66673 1
66799 1
66846 1
67091 1
67101 1
67156 1
67238 1
67386 1
67467 1
67530 2
67629 1
67745 1
67790 1
67821 1
67894 1
68132 1
68195 1
68275 1
69407 1
69631 1
69998 1
70187 1
70227 1
70266 1
70498 1
70722 1
70766 2
70822 1
70935 1
70955 1
71826 1
71850 1
72022 1
72455 1
72550 1
73113 1
73228 1
73233 1
73536 1
73914 1
73937 1
74038 1
74282 1
74288 1
74401 1
74607 1
74646 1
74692 1
74783 1
74806 1
74921 1
75121 1
75248 1
75274 1
75361 2
75399 1
75424 1
75434 1
75443 1
75632 1
75678 1
75702 1
75764 1
75776 1
75777 1
75889 1
75918 3
75931 1
75973 1
75993 1
76050 1
76061 1
76067 1
76080 1
76097 1
76129 1
76159 1
76176 1
76242 1
76264 1
76297 1
76356 1
76617 1
76723 1
76728 1
77005 1
77008 1
77127 1
77221 1
78147 1
78151 1
78230 1
78457 1
78618 1
78841 1
79299 1
79468 1
79882 1
80076 1
81206 1
81250 1
81951 1
82065 1
82339 1
82351 1
82634 1
83073 1
83480 1
83500 1
83881 1
84078 1
84222 1
84271 1
84273 1
84955 1
84975 1
84987 1
85191 1
85257 1
85337 2
85341 1
85552 1
86130 1
86769 1
87419 1
87724 1
87837 1
89010 1
89469 1
89694 1
89897 1
90053 1
90141 1
90150 1
90185 1
90307 2
90748 1
90819 1
91110 1
91183 1
91674 1
92061 1
92179 1
92567 1
92887 2
93805 1
94075 1
95193 1
95887 1
96397 1
96818 1
97080 1
97825 1
98205 1
98224 1
98779 1
100013 1
100494 1
100637 1
100708 1
100795 1
100880 1
101125 1
102186 1
104973 1
106176 1
106977 3
108093 1
108112 1
108319 1
109060 1
109431 1
109548 1
110585 1
110747 1
111400 1
114202 1
117830 1
117969 1
118544 1
120150 1
120223 1
121047 1
124522 1
128126 1
128569 1
129823 1
131236 1
131271 1
132798 1
133670 1
134559 1
136536 1
137674 1
141007 1
141016 1
142368 1
148456 1
152479 1
153344 1
160308 1
160679 1
161521 1
163247 1
165728 1
165846 1
173863 1
177500 1
177618 1
180310 1
182337 1
189700 1
194911 1
209559 1
212493 1
216410 1
218450 1
240610 1
252216 1
255620 1
258577 1
339533 1
365377 1
372671 1
378070 1
8610224 1
