0 43
1 1
2 1
3 1
4 6
5 3
6 5
7 2
8 2
9 1
10 3
11 2
12 3
13 16
14 2
15 2
16 7
17 6
18 6
19 11
20 4
21 7
22 4
23 1
24 6
25 7
26 3
27 2
28 4
29 6
30 12
31 4
32 3
33 4
34 5
35 3
36 16
37 7
38 2
39 3
40 6
41 3
42 12
43 9
44 6
45 3
46 4
47 12
48 2
49 5
50 5
51 4
52 8
53 6
54 2
55 4
56 2
57 2
58 3
59 1
60 2
61 2
62 11
63 4
64 4
65 3
66 4
67 3
68 6
69 4
70 4
71 2
72 2
73 2
74 5
75 3
76 4
77 3
78 2
79 4
80 2
81 43
82 5
83 2
84 2
85 1
86 2
87 3
88 3
89 5
90 2
91 2
92 2
93 7
94 4
95 1
96 5
97 2
98 1
99 3
100 1
101 3
102 2
104 3
105 7
106 6
107 3
109 4
110 6
111 3
112 1
113 5
114 4
115 1
116 2
117 3
118 2
119 1
120 3
121 6
122 2
124 9
125 2
126 1
127 3
128 1
129 5
130 6
131 4
132 2
133 3
134 4
135 5
136 2
137 4
139 4
140 14
141 7
142 3
143 2
144 4
145 2
146 5
147 3
148 1
149 1
150 5
151 2
152 2
153 3
154 2
155 4
156 4
157 1
160 1
161 2
163 1
164 12
165 2
166 1
167 2
168 2
169 1
170 1
171 4
172 1
173 3
174 3
175 1
176 1
177 3
178 2
179 1
180 143
182 2
183 1
184 23
185 22
186 7
187 3
188 5
189 5
190 1
191 2
192 2
193 8
194 1
195 3
196 6
198 3
199 2
200 5
202 2
203 6
205 1
206 1
207 1
208 6
209 3
210 1
211 2
212 2
213 2
214 2
216 2
217 3
218 1
219 4
220 4
221 3
223 2
224 5
225 2
226 2
227 1
228 1
229 1
230 3
231 1
232 1
233 2
234 2
235 2
236 10
237 1
238 138
239 4
240 1
241 6
242 24
243 3
244 22
245 3
246 6
248 7
249 4
250 1
251 1
252 11
253 1
254 9
255 2
256 1
257 4
258 2
259 8
260 6
261 5
262 1
263 2
264 1
265 4
266 4
267 6
268 2
269 8
270 1
271 1
272 4
273 1
274 2
275 10
276 4
278 2
279 1
280 3
281 3
282 1
283 2
284 2
286 3
287 3
289 4
290 5
291 1
292 4
293 3
294 1
295 1
296 9
297 2
299 2
301 2
302 1
303 7
304 2
306 4
307 3
308 6
310 1
311 5
312 11
314 3
315 3
316 3
317 9
318 9
320 2
321 2
322 2
323 7
324 1
325 1
326 2
329 3
330 3
331 2
332 2
333 8
334 1
335 5
336 3
337 1
338 8
339 2
342 2
343 2
344 3
345 3
346 2
347 3
348 1
349 1
350 1
351 2
352 2
353 1
354 8
355 3
356 3
357 1
358 1
359 29
360 1
361 3
362 2
363 3
364 2
365 3
366 6
369 4
370 1
371 1
372 3
374 1
375 10
376 4
377 2
378 2
379 2
380 2
381 3
382 1
383 3
384 3
386 2
387 2
388 12
389 1
390 1
392 1
393 2
394 1
396 7
397 3
398 1
399 4
401 3
403 1
404 2
405 2
406 1
407 3
409 10
411 1
412 2
414 1
416 6
417 10
418 3
419 2
420 2
421 2
422 4
423 1
424 53
425 3
427 3
429 3
431 1
432 1
433 5
434 4
436 1
437 3
439 2
440 1
441 7
442 2
443 5
444 1
445 2
446 3
447 1
448 1
449 1
451 1
452 2
453 2
454 1
455 1
456 2
457 3
458 1
459 6
461 1
464 2
465 3
467 1
468 2
469 1
471 1
472 1
476 1
477 1
478 18
479 2
480 5
482 1
483 1
484 1
485 7
486 1
487 1
488 2
492 4
496 3
498 5
499 2
500 2
501 3
502 2
503 1
504 1
505 1
506 1
507 1
509 2
510 1
511 2
512 1787
514 4
515 3
516 2
518 2
519 1
520 1
521 1
524 5
526 1
527 1
528 6
529 1
531 2
532 1
533 1
535 1
536 3
537 4
541 2
542 1
543 5
544 1
545 2
547 1
548 3
549 1
550 3
553 2
554 1
555 14
556 5
557 3
558 1
559 5
561 1
562 1
563 6
565 3
567 1
568 2
569 1
570 1
571 2
572 3
573 3
577 1
578 5
579 3
582 1
583 2
584 1
586 1
588 2
589 1
590 1
592 2
595 3
596 3
597 2
599 1
601 1
602 3
605 1
606 3
607 2
609 1
611 3
612 1
613 1
615 2
616 2
617 1
618 2
620 1
621 1
625 2
626 2
627 2
628 3
631 1
632 1
633 1
634 1
635 4
637 4
638 3
639 4
640 1
641 1
642 1
643 1
646 4
648 1
650 1
652 2
653 1
657 1
658 2
660 2
662 3
663 1
664 2
665 2
666 3
669 3
671 1
673 1
675 2
676 2
677 1
680 1
681 1
682 2
683 2
684 2
685 1
686 4
687 2
688 3
692 3
693 2
698 1
703 2
705 1
706 2
707 1
708 1
709 4
710 3
711 2
714 1
715 5
716 1
717 1
718 3
720 1
721 1
722 1
723 1
724 1
727 1
728 1
735 1
736 1
737 9
738 1
739 3
740 1
742 1
744 3
748 1
749 1
750 1
751 3
752 2
754 7
755 10
756 4
758 1
760 3
761 1
762 1
763 1
765 2
766 10
767 1
768 6
769 3
770 1
771 1
772 2
776 1
777 2
778 2
779 2
780 3
781 1
785 1
786 2
787 1
788 2
790 2
792 1
794 1
795 1
796 1
797 1
798 1
800 2
802 1
803 2
804 2
806 2
807 3
808 1
810 1
811 1
812 1
813 1
814 1
815 1
816 2
817 4
821 5
822 1
823 4
826 4
827 2
828 1
829 1
832 1
835 1
836 1
837 1
838 1
839 1
841 7
842 2
843 3
844 4
848 3
849 2
852 5
854 1
855 2
856 2
857 1
858 1
859 3
860 1
863 2
864 13
866 3
867 1
868 1
869 3
870 2
872 3
875 1
876 2
877 3
879 1
880 1
881 1
882 34
884 18
885 3
886 2
887 4
888 2
889 1
890 3
891 1
892 2
893 3
894 3
895 2
896 3
897 4
898 1
899 3
900 1
902 1
903 2
904 1
906 3
907 1
908 2
910 2
911 9
912 13
914 1
915 1
918 1
919 1
921 2
922 2
923 2
924 4
927 1
932 1
935 3
936 1
939 2
940 1
941 1
942 1
944 1
947 1
948 1
949 2
950 2
951 1
952 2
954 1
955 1
956 1
957 2
958 1
960 1
961 1
964 1
965 1
966 1
967 2
968 1
969 2
970 4
971 3
972 3
973 1
974 1
976 1
978 2
979 2
981 3
983 2
984 3
986 1
988 2
989 1
990 2
991 2
993 3
994 1
996 2
997 1
1000 1
1001 2
1002 1
1004 4
1006 2
1008 2
1009 1
1011 2
1014 2
1015 1
1016 1
1017 12
1018 2
1022 1
1023 1
1024 55
1025 1
1026 1
1028 1
1033 2
1034 2
1035 2
1036 1
1038 1
1040 24
1041 5
1042 2
1043 3
1044 1
1045 2
1047 1
1050 2
1052 3
1054 2
1055 5
1056 3
1057 3
1058 2
1059 2
1061 2
1062 1
1064 1
1067 1
1068 2
1069 1
1071 1
1074 2
1075 3
1076 3
1078 3
1079 1
1080 2
1083 1
1084 2
1085 1
1086 3
1088 2
1090 1
1092 1
1094 1
1095 1
1096 2
1097 1
1098 2
1099 2
1100 1
1101 1
1102 5
1103 1
1105 1
1107 2
1109 1
1110 1
1111 1
1113 1
1114 1
1115 1
1116 1
1117 1
1118 1
1119 1
1120 1
1121 2
1122 1
1124 1
1125 1
1126 5
1128 2
1129 3
1130 1
1131 4
1132 4
1133 1
1134 3
1135 1
1136 2
1137 1
1139 1
1140 2
1143 2
1144 1
1147 1
1148 2
1149 1
1150 1
1151 1
1152 3
1154 2
1155 1
1156 1
1158 4
1159 1
1160 2
1161 2
1162 1
1163 2
1164 1
1166 6
1168 1
1169 1
1170 1
1171 2
1172 2
1173 1
1174 4
1175 2
1179 1
1180 1
1181 2
1182 1
1183 1
1185 1
1186 4
1188 2
1190 1
1191 1
1193 3
1194 3
1195 3
1197 3
1199 1
1204 2
1206 2
1208 1
1209 1
1210 1
1213 1
1214 1
1215 3
1216 2
1217 1
1218 1
1219 2
1220 2
1221 1
1222 2
1224 2
1226 1
1228 1
1229 1
1231 1
1232 2
1234 1
1235 1
1236 1
1237 1
1238 14
1240 1
1241 1
1244 4
1245 1
1246 1
1247 2
1248 1
1249 1
1250 2
1251 1
1252 3
1253 2
1256 3
1258 2
1259 3
1260 1
1261 1
1262 1
1263 2
1264 2
1268 2
1269 1
1270 2
1271 1
1272 1
1275 1
1276 1
1277 1
1278 1
1279 4
1281 1
1283 3
1285 2
1287 1
1289 1
1295 2
1297 1
1300 2
1302 1
1303 3
1304 1
1305 3
1307 2
1308 3
1309 2
1311 1
1315 2
1316 1
1321 1
1323 1
1325 1
1326 5
1327 3
1330 2
1332 1
1334 1
1336 1
1338 4
1339 1
1340 1
1341 1
1342 1
1344 1
1345 1
1347 2
1348 4
1349 2
1354 3
1358 1
1359 1
1360 2
1361 1
1362 2
1363 1
1364 1
1365 3
1368 1
1370 1
1371 1
1372 1
1373 1
1374 1
1377 13
1378 1
1381 1
1383 3
1384 3
1385 2
1389 1
1390 2
1391 2
1392 2
1393 1
1394 1
1395 5
1396 2
1397 2
1399 2
1400 1
1403 2
1405 2
1406 2
1408 3
1409 1
1410 1
1411 2
1413 2
1414 1
1416 2
1417 1
1418 2
1420 1
1422 2
1423 2
1424 2
1425 1
1427 2
1429 2
1431 1
1433 1
1437 1
1439 1
1442 3
1444 2
1445 1
1446 1
1450 2
1451 1
1453 3
1454 2
1455 4
1456 1
1457 4
1458 2
1459 2
1461 1
1462 2
1463 2
1464 2
1465 1
1466 1
1467 2
1468 11
1471 1
1472 1
1473 1
1475 1
1476 4
1477 14
1481 6
1483 2
1484 4
1485 3
1487 1
1490 2
1491 1
1492 1
1495 1
1496 2
1497 5
1498 1
1503 3
1504 1
1505 3
1506 1
1507 3
1511 1
1512 3
1514 1
1515 1
1516 1
1518 1
1520 1
1522 1
1523 1
1524 1
1526 1
1529 1
1531 7
1532 2
1533 1
1536 17
1537 1
1539 1
1540 2
1542 2
1543 12
1544 3
1546 1
1547 1
1548 1
1550 1
1553 2
1554 1
1555 1
1558 2
1560 1
1564 2
1567 1
1569 1
1570 2
1571 2
1572 1
1574 1
1575 1
1576 1
1577 2
1580 1
1581 2
1582 4
1585 1
1586 1
1589 2
1591 2
1592 1
1597 3
1600 3
1601 1
1602 1
1603 1
1604 2
1605 1
1606 1
1607 1
1608 1
1612 1
1613 1
1615 2
1616 2
1617 1
1622 1
1623 1
1627 1
1628 2
1629 1
1637 1
1638 1
1639 1
1640 2
1642 1
1644 2
1645 1
1646 1
1647 4
1648 1
1654 1
1655 3
1656 1
1657 1
1658 2
1659 2
1666 1
1667 1
1668 2
1669 2
1672 1
1673 1
1675 2
1677 1
1680 3
1682 3
1684 1
1686 1
1687 1
1692 1
1693 2
1694 1
1696 1
1701 1
1702 1
1703 1
1705 1
1707 1
1708 1
1709 1
1712 2
1716 1
1718 1
1720 1
1721 1
1723 1
1724 1
1725 1
1728 2
1730 1
1731 1
1732 1
1734 1
1735 1
1736 2
1738 1
1739 2
1740 1
1741 1
1744 1
1747 1
1749 1
1750 1
1755 1
1757 2
1759 2
1760 1
1769 1
1770 1
1772 1
1773 2
1775 1
1777 1
1778 1
1779 1
1780 1
1782 1
1783 1
1784 2
1785 1
1786 1
1787 1
1789 1
1792 1
1795 2
1796 2
1797 1
1798 3
1799 1
1800 1
1802 1
1804 1
1805 1
1808 2
1810 1
1814 1
1817 1
1818 2
1819 1
1820 1
1822 1
1824 2
1825 1
1828 2
1829 2
1832 1
1835 1
1839 1
1843 2
1844 3
1846 1
1848 1
1852 2
1853 1
1854 1
1855 1
1856 1
1860 1
1867 1
1872 1
1873 1
1874 1
1875 3
1877 2
1879 1
1880 10
1883 7
1884 1
1885 2
1886 1
1887 1
1888 1
1889 1
1892 3
1894 1
1895 1
1897 1
1899 1
1900 1
1904 1
1905 1
1908 2
1909 1
1910 1
1912 1
1913 1
1914 1
1915 3
1919 1
1921 1
1922 1
1924 1
1927 2
1928 1
1930 1
1933 1
1935 1
1938 1
1943 1
1948 1
1949 2
1950 1
1951 1
1953 1
1954 1
1955 1
1957 2
1960 1
1961 2
1963 3
1964 1
1976 1
1978 3
1983 1
1984 1
1986 2
1988 6
1992 3
1993 1
1995 1
1996 3
1997 1
1999 1
2001 2
2008 3
2015 2
2018 1
2021 1
2022 1
2024 2
2029 2
2030 1
2031 1
2033 1
2046 2
2048 8
2050 2
2051 1
2054 1
2055 1
2059 1
2062 1
2067 1
2073 1
2076 1
2077 2
2079 1
2082 2
2083 2
2084 2
2086 1
2087 2
2088 11
2089 1
2092 1
2093 1
2094 1
2097 1
2098 1
2101 1
2104 4
2105 3
2109 1
2110 1
2112 1
2113 1
2114 1
2115 2
2116 1
2121 1
2122 1
2124 1
2128 1
2129 1
2130 1
2135 1
2137 3
2138 2
2139 2
2142 1
2149 1
2152 1
2153 1
2154 1
2156 6
2157 1
2158 1
2160 1
2162 1
2167 1
2168 2
2171 1
2172 1
2175 1
2176 2
2178 1
2183 1
2186 1
2187 2
2192 1
2193 1
2195 1
2196 2
2199 1
2201 1
2204 1
2205 1
2206 3
2207 1
2208 1
2210 3
2213 1
2215 3
2217 3
2219 1
2220 1
2222 2
2224 1
2230 2
2233 1
2234 1
2235 1
2236 1
2241 1
2242 1
2245 3
2247 3
2248 3
2251 1
2255 1
2259 1
2260 2
2261 1
2263 1
2267 2
2269 1
2270 1
2274 1
2275 1
2279 1
2280 1
2282 1
2283 1
2284 2
2287 1
2288 1
2291 1
2296 1
2300 2
2301 1
2303 2
2304 4
2305 2
2306 1
2307 1
2308 1
2312 1
2319 1
2320 1
2321 3
2322 1
2325 12
2329 2
2330 1
2335 1
2338 1
2339 1
2341 1
2342 1
2344 1
2345 3
2347 1
2348 1
2354 2
2356 3
2359 3
2360 1
2363 2
2365 1
2370 2
2372 2
2377 1
2378 1
2380 1
2383 1
2387 1
2389 2
2391 1
2392 1
2393 2
2394 1
2395 2
2400 1
2402 10
2403 1
2404 1
2406 2
2408 1
2411 1
2412 1
2413 2
2419 1
2421 1
2424 2
2426 1
2427 1
2430 2
2439 1
2440 1
2442 1
2444 2
2445 7
2446 1
2447 1
2449 1
2451 1
2458 6
2460 3
2462 1
2467 1
2471 1
2472 1
2475 2
2478 1
2480 1
2483 1
2486 1
2490 1
2492 2
2493 1
2494 1
2496 1
2497 1
2499 1
2500 1
2503 2
2504 1
2510 1
2515 2
2518 2
2519 1
2521 1
2522 4
2524 1
2528 1
2531 1
2534 1
2538 1
2542 1
2543 1
2544 2
2546 1
2547 1
2548 1
2549 1
2550 1
2552 2
2553 2
2554 1
2557 1
2558 1
2560 3
2562 6
2565 1
2566 1
2567 2
2568 1
2571 1
2574 1
2577 1
2582 1
2583 1
2584 1
2595 1
2596 1
2602 3
2603 1
2604 1
2605 4
2606 2
2608 1
2609 1
2610 4
2611 1
2615 1
2616 2
2619 1
2623 1
2624 1
2626 1
2628 1
2630 1
2631 3
2632 2
2633 1
2636 1
2637 1
2640 5
2648 1
2649 1
2650 1
2651 2
2652 2
2653 2
2655 3
2662 1
2663 1
2664 1
2666 1
2668 1
2669 1
2671 1
2674 1
2676 1
2682 1
2683 1
2685 1
2687 1
2690 1
2699 1
2707 1
2712 2
2713 1
2716 1
2717 1
2719 1
2726 1
2727 1
2731 1
2732 2
2734 1
2736 1
2737 2
2738 2
2741 1
2742 1
2743 1
2744 2
2745 2
2750 14
2752 2
2754 1
2759 1
2760 1
2762 1
2776 2
2782 1
2784 1
2789 1
2797 1
2804 10
2805 6
2807 4
2808 1
2811 2
2812 1
2815 1
2816 1
2821 1
2822 2
2824 1
2825 1
2828 2
2829 1
2830 1
2831 3
2833 2
2837 2
2839 1
2842 1
2844 1
2845 1
2848 1
2849 1
2850 1
2851 1
2853 1
2856 1
2858 1
2865 1
2866 2
2870 1
2900 1
2901 1
2903 1
2904 1
2907 2
2914 1
2918 3
2922 1
2928 1
2932 1
2933 2
2937 1
2938 2
2939 1
2945 1
2949 1
2950 2
2952 1
2954 1
2955 2
2961 2
2972 2
2976 1
2979 1
2985 1
2986 1
2987 1
2989 1
2993 1
2999 1
3000 1
3005 1
3018 1
3020 2
3027 1
3028 1
3032 1
3033 1
3034 2
3041 1
3044 1
3051 1
3052 1
3055 2
3056 2
3057 1
3058 1
3063 1
3065 3
3066 1
3072 2
3073 1
3078 1
3079 1
3082 1
3085 1
3086 2
3087 1
3088 1
3090 1
3092 1
3093 1
3095 1
3100 2
3101 1
3102 1
3103 3
3104 3
3108 1
3118 1
3122 1
3123 2
3124 1
3126 1
3131 1
3132 1
3133 1
3134 1
3136 1
3141 7
3148 1
3153 1
3162 1
3168 2
3170 1
3178 1
3180 1
3182 1
3183 2
3184 1
3188 1
3191 1
3195 2
3196 1
3197 1
3200 2
3201 1
3205 1
3206 1
3208 1
3209 1
3210 2
3214 1
3224 1
3227 2
3233 1
3235 1
3237 1
3238 2
3247 1
3248 3
3250 1
3258 2
3259 1
3260 1
3265 2
3267 3
3272 1
3275 1
3278 2
3285 1
3286 1
3287 1
3293 1
3294 1
3303 1
3309 1
3311 1
3312 1
3314 1
3317 1
3318 1
3320 2
3324 2
3326 1
3342 1
3344 1
3346 1
3349 1
3350 1
3351 3
3352 1
3355 1
3356 1
3361 1
3364 1
3367 1
3369 2
3370 1
3373 1
3374 1
3376 1
3389 1
3392 1
3394 1
3403 1
3404 1
3405 1
3410 1
3412 2
3417 1
3419 1
3423 1
3424 1
3429 3
3431 2
3432 1
3433 1
3435 2
3438 1
3440 2
3443 2
3446 1
3447 1
3449 1
3450 1
3454 1
3459 1
3462 1
3463 1
3464 1
3469 1
3472 1
3475 1
3478 1
3479 1
3480 1
3482 1
3484 1
3489 1
3490 1
3493 1
3496 2
3499 1
3501 1
3507 1
3510 2
3511 1
3513 1
3515 2
3520 1
3521 1
3522 1
3528 1
3529 1
3531 1
3534 1
3538 1
3541 1
3543 2
3546 1
3548 1
3551 2
3553 1
3554 1
3556 1
3558 1
3563 1
3568 1
3576 1
3578 1
3579 1
3582 1
3584 3
3586 1
3588 1
3589 2
3598 3
3602 1
3605 8
3611 1
3621 1
3625 1
3628 1
3636 1
3640 1
3646 2
3648 2
3655 1
3657 1
3659 1
3670 1
3673 1
3674 1
3689 2
3690 1
3691 1
3695 1
3698 1
3704 1
3708 2
3717 1
3723 1
3728 2
3730 2
3731 1
3732 1
3737 1
3739 1
3740 1
3743 1
3746 1
3747 1
3753 1
3757 1
3768 1
3769 1
3777 1
3783 1
3784 1
3796 1
3798 1
3799 1
3800 1
3801 1
3804 1
3805 1
3807 1
3810 1
3812 1
3816 1
3818 1
3822 2
3823 6
3824 5
3825 1
3830 2
3832 2
3836 1
3837 1
3839 1
3842 1
3843 10
3847 1
3848 1
3861 2
3863 1
3864 3
3870 1
3876 1
3880 1
3882 1
3893 1
3896 1
3903 1
3906 1
3908 2
3910 1
3911 2
3912 2
3919 1
3920 1
3926 1
3933 1
3934 1
3936 1
3938 1
3940 2
3941 1
3944 1
3947 1
3948 2
3952 2
3956 1
3957 2
3958 1
3967 1
3970 1
3980 1
3984 1
3989 1
3997 1
4010 1
4012 1
4013 1
4015 1
4016 1
4025 1
4035 1
4036 1
4038 1
4039 2
4040 1
4052 2
4054 1
4063 1
4065 1
4074 1
4076 1
4077 1
4078 2
4079 1
4080 2
4081 1
4085 1
4088 1
4091 1
4096 1
4097 2
4098 10
4101 1
4105 1
4106 1
4110 1
4114 1
4121 1
4124 1
4129 1
4136 1
4142 1
4143 1
4144 8
4148 1
4159 1
4168 1
4171 2
4180 2
4182 1
4192 1
4199 2
4202 1
4206 1
4213 1
4218 1
4221 1
4226 2
4228 1
4229 1
4247 1
4248 1
4261 1
4274 2
4280 1
4286 1
4291 1
4292 1
4295 1
4300 1
4303 2
4304 1
4312 2
4314 1
4317 1
4318 1
4325 1
4335 1
4340 1
4345 1
4351 1
4356 8
4360 1
4369 1
4374 2
4380 1
4382 1
4384 1
4385 1
4391 1
4396 1
4408 1
4416 1
4422 2
4428 1
4460 1
4472 1
4491 1
4495 1
4499 1
4504 4
4511 1
4512 1
4516 2
4521 1
4530 1
4533 1
4534 1
4536 2
4543 2
4555 1
4556 1
4559 1
4560 1
4570 1
4584 1
4588 1
4600 1
4601 1
4602 1
4608 1
4611 1
4613 1
4619 1
4624 1
4625 1
4641 2
4644 1
4647 1
4651 1
4664 1
4665 2
4681 1
4685 1
4691 1
4693 1
4696 1
4700 1
4708 1
4712 1
4716 1
4717 1
4720 1
4731 1
4732 1
4734 1
4735 1
4740 1
4744 1
4761 1
4773 1
4777 2
4779 1
4783 1
4808 1
4812 2
4816 1
4820 2
4825 1
4826 1
4840 1
4851 1
4860 1
4863 1
4873 1
4876 1
4881 1
4883 1
4884 2
4891 1
4893 1
4896 1
4899 1
4902 1
4903 1
4909 1
4927 1
4928 1
4929 1
4930 1
4939 1
4955 1
4956 1
4958 1
4965 1
4970 1
4974 2
4987 1
5012 1
5032 1
5035 1
5037 1
5055 2
5056 1
5073 1
5076 1
5079 1
5084 1
5091 1
5099 1
5102 1
5109 1
5111 1
5115 1
5116 1
5132 1
5143 1
5166 1
5209 1
5224 1
5228 1
5233 1
5235 2
5244 1
5251 1
5252 1
5256 1
5264 1
5276 2
5288 1
5293 2
5295 1
5307 1
5316 1
5325 1
5329 1
5334 1
5337 1
5347 1
5366 1
5388 1
5401 1
5408 1
5412 2
5422 1
5426 1
5427 1
5432 1
5433 1
5445 1
5447 1
5466 1
5467 1
5468 2
5478 1
5484 1
5492 1
5508 2
5522 1
5525 1
5534 1
5540 1
5541 3
5554 1
5569 1
5580 2
5581 1
5583 1
5589 1
5591 1
5606 1
5616 1
5618 1
5640 2
5656 1
5657 1
5664 1
5671 1
5677 1
5684 1
5685 1
5686 1
5694 1
5697 1
5700 1
5702 1
5704 1
5725 1
5736 1
5750 1
5755 1
5758 1
5761 1
5764 1
5770 1
5771 1
5788 1
5823 1
5825 1
5828 1
5834 1
5836 1
5837 1
5852 1
5861 1
5863 1
5866 1
5869 1
5874 1
5880 2
5883 1
5884 1
5887 1
5902 1
5906 1
5908 1
5913 1
5916 1
5924 1
5929 1
5934 1
5935 1
5948 1
5955 1
5956 1
5964 1
5965 1
5971 1
5972 2
5974 1
5975 1
5978 1
5981 1
5995 1
5999 1
6000 1
6007 8
6008 1
6024 1
6029 1
6040 2
6041 1
6052 1
6057 1
6064 1
6070 1
6074 1
6076 1
6078 2
6083 1
6087 1
6100 1
6107 2
6112 1
6130 2
6136 1
6138 1
6140 1
6141 1
6143 1
6145 1
6151 1
6152 1
6160 1
6161 1
6166 3
6169 2
6174 1
6175 2
6186 2
6220 2
6232 1
6240 1
6241 1
6255 1
6264 1
6271 1
6283 1
6288 1
6289 1
6310 1
6333 1
6340 1
6376 1
6379 1
6385 1
6391 1
6392 1
6407 1
6408 2
6419 1
6421 1
6429 1
6436 1
6446 1
6453 1
6485 1
6486 1
6488 1
6495 1
6503 2
6515 1
6531 1
6532 1
6545 1
6549 1
6552 2
6566 1
6567 1
6569 1
6588 3
6591 1
6594 1
6600 2
6608 1
6635 1
6639 1
6641 1
6648 2
6662 1
6666 1
6669 1
6670 1
6672 1
6673 40
6696 2
6703 1
6706 1
6744 1
6755 1
6761 1
6769 1
6776 1
6784 1
6801 1
6802 1
6809 1
6814 1
6825 1
6834 1
6846 1
6865 1
6884 1
6888 1
6908 2
6916 1
6921 1
6930 1
6958 4
6960 1
6963 1
6969 1
7011 1
7013 1
7019 1
7025 1
7026 1
7036 1
7053 1
7054 2
7059 1
7068 1
7093 1
7105 1
7128 1
7140 1
7142 1
7148 1
7168 2
7181 1
7185 1
7186 1
7202 1
7207 1
7212 1
7215 1
7220 1
7246 1
7273 1
7300 1
7303 1
7306 1
7315 1
7327 1
7337 1
7339 1
7349 1
7372 1
7378 1
7413 1
7424 1
7425 1
7426 2
7443 1
7481 1
7487 1
7490 1
7500 1
7511 1
7515 1
7547 1
7563 2
7565 5
7570 1
7575 1
7600 1
7617 1
7618 1
7631 1
7635 1
7636 1
7638 1
7642 1
7648 1
7653 2
7660 1
7681 1
7692 1
7705 1
7714 1
7728 1
7764 1
7769 1
7775 1
7779 1
7794 1
7804 1
7816 1
7829 1
7837 1
7838 1
7848 1
7849 1
7850 1
7855 1
7864 1
7870 1
7881 1
7904 1
7905 1
7924 2
7930 1
7947 1
7954 1
7961 1
7966 1
7967 1
7986 1
7992 1
7997 1
8004 1
8013 1
8018 1
8020 1
8033 1
8036 1
8052 1
8092 1
8094 2
8096 1
8126 1
8127 1
8158 1
8164 1
8166 1
8191 1
8192 3
8198 1
8200 1
8235 1
8258 1
8259 1
8285 7
8294 1
8312 1
8314 1
8382 1
8383 1
8398 1
8405 1
8413 1
8415 1
8424 1
8431 1
8436 15
8440 1
8449 1
8452 1
8457 1
8507 1
8509 1
8525 1
8545 1
8554 1
8574 1
8603 1
8617 3
8637 1
8645 1
8664 1
8678 1
8696 1
8733 1
8752 1
8758 1
8759 1
8780 1
8783 1
8800 1
8801 1
8803 1
8811 1
8840 1
8842 1
8861 1
8862 1
8864 1
8895 1
8919 1
8925 1
8934 1
8941 1
8948 1
8949 1
8952 2
8956 1
8957 1
8960 1
8969 1
8974 1
9002 1
9015 1
9021 1
9027 1
9044 1
9077 1
9078 1
9100 1
9101 1
9103 1
9104 1
9120 1
9136 1
9148 1
9164 1
9165 1
9172 1
9184 1
9200 1
9206 1
9219 1
9227 1
9232 1
9235 1
9239 1
9244 1
9266 1
9271 1
9279 2
9301 1
9305 1
9312 1
9332 2
9342 1
9344 2
9348 1
9376 1
9395 1
9400 1
9411 1
9424 1
9435 1
9439 1
9444 1
9447 2
9483 1
9484 1
9489 1
9490 1
9505 1
9514 1
9522 2
9533 1
9551 1
9553 1
9568 2
9569 2
9571 1
9572 1
9584 3
9636 1
9638 1
9652 1
9665 1
9670 1
9676 1
9688 1
9702 1
9728 1
9766 1
9782 1
9800 1
9805 1
9834 1
9852 1
9904 1
9916 1
9951 1
9952 1
9958 1
9964 2
9967 1
9985 1
10036 1
10037 1
10048 1
10052 3
10061 2
10065 1
10067 2
10092 1
10095 1
10103 1
10144 2
10168 2
10177 1
10183 1
10194 1
10198 1
10222 1
10228 2
10236 1
10238 1
10240 4
10248 1
10256 1
10263 2
10284 1
10288 1
10295 1
10325 1
10326 1
10339 1
10364 1
10419 1
10430 1
10432 1
10457 1
10459 1
10464 2
10476 1
10494 1
10508 1
10546 1
10559 1
10573 1
10604 1
10612 1
10637 1
10644 1
10678 1
10680 1
10724 1
10745 1
10800 2
10806 1
10815 1
10846 1
10868 1
10916 1
10919 1
10945 1
10965 1
10974 1
10985 1
10992 1
11019 1
11054 1
11061 1
11070 1
11094 1
11102 1
11116 1
11120 1
11125 1
11152 1
11167 6
11207 1
11223 1
11230 1
11236 2
11244 1
11286 1
11294 1
11306 1
11317 1
11336 1
11344 2
11350 2
11360 1
11361 1
11363 1
11388 1
11401 1
11403 2
11405 1
11406 1
11454 1
11460 1
11475 1
11506 1
11515 1
11523 1
11614 1
11630 8
11669 1
11674 2
11703 1
11710 1
11720 1
11724 1
11739 1
11760 1
11799 1
11803 1
11820 1
11822 3
11885 1
11907 2
11908 1
11957 1
11971 1
11972 1
11985 1
11986 2
11990 1
12044 1
12066 1
12089 1
12106 1
12120 1
12128 1
12148 1
12151 1
12234 1
12276 1
12297 1
12298 1
12316 1
12326 1
12329 1
12349 1
12374 1
12396 1
12436 1
12457 1
12478 1
12491 2
12495 1
12521 1
12528 1
12570 1
12572 1
12593 1
12640 1
12646 1
12666 2
12672 1
12681 1
12710 1
12712 1
12784 1
12804 1
12840 1
12843 1
12868 1
12880 1
12912 8
12954 1
12992 1
13009 1
13020 1
13021 1
13024 1
13052 1
13063 1
13077 1
13085 1
13088 1
13101 1
13120 1
13124 1
13167 1
13168 1
13180 1
13197 1
13201 1
13235 1
13240 1
13248 2
13262 1
13300 1
13318 1
13330 1
13336 1
13353 1
13357 8
13363 1
13403 1
13423 1
13431 1
13435 1
13460 1
13471 1
13519 1
13530 1
13536 1
13585 1
13599 1
13607 1
13611 1
13648 1
13700 1
13719 1
13741 1
13775 2
13776 1
13788 1
13794 1
13795 1
13828 1
13840 2
13858 1
13864 1
13964 1
14016 1
14033 2
14046 1
14055 1
14056 1
14084 1
14090 1
14097 1
14115 1
14132 1
14137 1
14163 1
14189 1
14202 1
14225 1
14241 1
14294 1
14298 1
14323 1
14336 2
14341 1
14421 1
14503 1
14517 1
14519 1
14528 1
14575 1
14653 1
14657 1
14678 1
14723 1
14748 1
14771 1
14796 1
14818 1
14832 1
14848 1
14868 1
14869 1
14871 1
14873 1
14885 1
14903 1
14911 2
14940 1
14953 2
14963 1
14964 1
14965 1
14973 1
14975 1
14983 1
15002 1
15011 1
15020 1
15021 1
15028 2
15032 1
15054 1
15064 1
15076 1
15087 1
15089 1
15096 1
15134 1
15185 1
15191 1
15240 2
15324 1
15331 1
15367 1
15388 1
15431 1
15444 1
15480 1
15491 1
15512 1
15520 1
15582 1
15684 1
15714 1
15724 1
15725 1
15727 1
15751 7
15752 1
15760 1
15826 1
15946 1
15951 2
15975 1
16036 1
16056 1
16057 1
16096 1
16108 2
16154 1
16182 1
16188 1
16198 1
16207 1
16228 1
16244 1
16300 1
16332 1
16336 2
16375 1
16384 4
16390 2
16417 1
16460 1
16461 1
16472 1
16558 1
16677 1
16713 7
16740 1
16801 1
16813 1
16815 1
16816 1
16837 1
16975 1
16984 1
16992 1
17042 1
17070 1
17075 1
17081 2
17082 1
17100 1
17127 1
17135 1
17140 1
17188 1
17204 1
17218 1
17223 1
17239 1
17263 1
17283 1
17371 1
17402 1
17403 1
17408 1
17427 1
17435 1
17468 1
17480 1
17515 1
17568 5
17578 1
17587 1
17619 1
17639 1
17664 1
17665 1
17727 5
17728 7
17734 2
17768 2
17794 1
17799 1
17832 1
17874 2
17888 1
17944 2
17982 1
17983 1
17986 1
18043 1
18125 1
18128 1
18181 3
18189 1
18191 1
18213 1
18276 1
18371 13
18537 1
18559 1
18566 1
18608 1
18627 1
18667 1
18712 1
18798 1
18820 1
18847 1
18877 1
18958 2
18984 1
19012 1
19049 1
19076 1
19110 1
19190 1
19215 1
19218 1
19240 1
19380 1
19395 1
19444 1
19456 2
19596 1
19633 1
19634 1
19636 2
19647 1
19658 1
19760 1
19824 1
19835 1
19923 1
19934 1
19987 1
20018 1
20066 1
20132 1
20133 2
20145 1
20341 1
20480 1
20499 1
20563 1
20612 1
20631 1
20844 1
20934 1
20977 1
20989 1
21007 1
21009 1
21031 1
21044 1
21062 1
21080 1
21083 1
21113 1
21116 1
21149 1
21150 1
21157 1
21160 1
21281 1
21364 1
21400 1
21413 1
21438 1
21454 1
21467 1
21481 1
21495 1
21533 1
21578 1
21609 1
21648 1
21727 1
21770 1
21773 1
21775 1
21872 1
21906 1
21925 1
22003 1
22143 1
22219 1
22300 1
22322 1
22356 1
22358 1
22403 1
22406 1
22415 1
22567 1
22580 1
22626 7
22631 1
22664 1
22676 1
22723 1
22888 1
22890 1
22892 1
22953 1
23106 1
23276 1
23388 1
23420 1
23512 1
23519 1
23558 1
23713 1
23775 1
23846 1
23915 1
23924 1
23959 1
23976 1
24028 1
24097 1
24232 1
24319 1
24348 1
24376 1
24424 1
24531 1
24576 39
24641 1
24648 1
24696 1
24769 1
24772 1
24804 1
24811 1
24994 1
25020 1
25253 1
25360 1
25373 1
25488 1
25516 1
25524 1
25552 1
25625 1
25734 1
25800 1
25826 1
25847 1
25888 1
25916 1
25920 1
26017 1
26021 1
26036 1
26043 1
26067 1
26078 1
26097 1
26116 1
26156 1
26243 1
26351 1
26507 1
26514 1
26537 1
26624 1
26780 1
26878 1
26905 1
27430 1
27474 5
27488 1
27545 1
27553 1
27609 1
27633 1
27648 1
27848 1
27935 1
27948 1
28185 1
28353 1
28437 1
28502 1
28504 1
28608 1
28660 1
28698 1
28723 1
28743 2
28754 1
28950 1
29087 1
29126 1
29150 1
29216 1
29360 1
29403 1
29425 1
29545 1
29845 1
29852 1
29865 1
29872 1
30019 1
30270 2
30308 1
30324 1
30379 1
30418 1
30433 1
30528 1
30720 1
30759 1
30927 1
30975 1
31047 1
31062 1
31072 1
31282 1
31317 1
31351 1
31380 1
31438 1
31508 1
31685 1
31725 1
31735 1
31765 1
31799 1
31860 1
31891 1
31906 1
31989 1
32054 1
32056 1
32081 1
32155 1
32259 1
32280 1
32300 1
32312 1
32316 4
32358 1
32374 1
32507 1
32550 1
32768 12
32780 1
32856 1
32860 1
33044 1
33309 1
33357 1
33358 1
33368 1
33382 1
33395 1
33497 1
33513 1
33873 1
33908 1
33914 1
34065 1
34154 1
34177 1
34188 1
34297 1
34368 2
34486 1
34599 1
34638 1
34713 1
34727 1
34734 1
34777 1
34808 1
34955 1
34956 1
34972 1
34976 1
34980 4
34982 1
35041 1
35118 1
35126 1
35133 1
35166 1
35177 1
35203 1
35232 1
35367 1
35529 2
35532 1
35563 1
35795 1
35825 1
36024 1
36026 1
36158 1
36163 1
36226 1
36231 1
36248 1
36257 1
36361 1
36389 1
36492 1
36617 1
36673 1
36940 1
36981 1
37023 1
37038 1
37048 1
37084 1
37106 1
37388 1
37488 1
37520 1
37531 1
37626 1
37693 1
37738 1
37832 1
37929 1
37963 1
37999 1
38000 8
38012 1
38229 1
38299 1
38301 1
38376 1
38395 1
38435 1
38468 1
38475 1
38583 1
38610 1
38624 1
38769 1
38772 1
38978 1
38987 1
39018 1
39541 1
39553 1
39635 1
39657 1
39770 1
39782 1
39876 1
39924 1
40282 1
40394 1
40548 1
40633 1
40686 1
40720 1
40745 1
40804 1
40885 1
40900 1
40936 1
40960 9
41057 3
41070 1
41088 1
41128 1
41134 1
41237 1
41243 1
41315 1
41322 1
41358 2
41405 2
41412 1
41492 1
41739 1
41787 1
41863 1
41967 1
41991 1
42028 1
42062 1
42199 1
42365 1
42428 1
42464 1
42512 2
42640 1
42666 1
42684 2
42821 1
42913 1
43046 1
43064 1
43352 1
43382 1
43657 1
43722 1
43744 1
43803 1
43852 1
43858 1
43952 1
44172 1
44179 1
44187 1
44313 1
44348 1
44350 1
44739 7
45008 1
45452 1
45502 1
45558 1
46038 1
46554 5
46602 3
46612 1
46616 2
46835 1
46890 1
46986 1
47104 1
47240 1
47325 1
47444 1
47626 1
47673 1
47756 1
47785 1
48248 1
48314 1
48375 1
48400 1
48559 2
48580 1
48657 1
48775 1
48836 1
48860 1
48923 1
49008 2
49152 4
49275 1
49323 1
49392 1
49396 1
49415 1
49416 1
49441 1
49630 1
49723 1
49728 1
49732 2
49866 1
49932 1
49940 1
49968 1
50054 1
50074 1
50116 1
50175 1
50269 1
50278 1
50279 1
50344 1
50419 1
50434 1
50648 1
50881 1
51050 1
51075 1
51275 1
51387 1
51439 1
52267 1
52833 1
53006 1
53045 1
53320 1
53347 1
53348 8
53560 1
53806 1
54234 1
54383 1
54608 1
54663 1
54986 1
55234 1
55245 1
55461 1
55506 1
55574 1
55584 1
55729 1
55783 1
55811 1
55833 1
55843 1
55861 1
55881 1
56022 1
56091 1
56132 1
56257 1
56284 1
56433 2
56482 1
57066 1
57142 1
57344 10
57681 1
57903 1
57907 2
58473 1
58605 1
58693 1
58696 1
58702 1
58706 1
58722 1
58777 1
59263 1
59493 1
59568 1
59740 1
60353 1
60489 1
60630 1
60908 1
61031 1
61060 1
61384 1
61856 1
61955 1
61956 1
62468 1
63079 1
63398 1
63493 1
63600 1
63896 1
64550 1
65536 3
66356 1
66550 1
66967 1
67623 1
68706 1
68940 1
69688 1
70519 1
70907 1
71147 1
72584 1
73604 1
73728 6
73803 1
74664 1
74915 1
76259 1
76556 1
76720 1
77250 1
77293 1
77495 1
78348 1
79732 1
80060 1
80094 2
80702 2
80837 1
80914 1
81920 1
82977 1
83001 1
83751 1
85210 1
85240 1
85996 1
86764 1
87827 1
88770 1
89445 1
90112 5
90503 1
93758 1
93790 1
95319 1
95905 2
96047 1
96495 1
96692 1
96991 1
98221 1
98304 5
98374 1
99059 1
100218 1
100527 1
101857 1
102277 1
102451 1
103736 1
103913 1
105781 1
106496 12
106732 1
107143 1
107238 1
108777 1
109056 1
109145 1
109458 1
110851 1
111182 1
111711 1
112473 1
112640 2
114555 1
115072 1
117824 1
119996 1
122091 1
122647 1
122880 1
123015 1
127488 1
130115 1
131771 1
132247 1
132249 1
134912 1
135997 1
136124 1
139927 1
142336 1
145104 1
146422 1
147221 1
149220 1
151068 1
151524 1
155648 7
155852 1
156120 1
156523 1
159841 1
163840 2
163962 1
163989 1
165503 1
166614 1
169984 2
171425 1
172032 2
176246 1
177741 1
178552 1
180224 13
183802 1
187571 1
188416 2
191771 1
192743 1
194962 2
195744 1
196608 4
196990 1
197321 1
204069 1
212992 1
217679 1
220356 1
221184 1
223847 1
225639 1
229376 6
230750 1
233428 1
237568 4
238220 1
239395 1
243107 1
245760 1
246292 1
246958 1
247471 1
248705 1
249312 1
253952 1
257548 1
270927 1
272448 1
276560 1
281676 1
282128 1
285049 1
286720 2
287876 1
292744 1
296452 1
303104 1
306512 1
307534 1
309094 1
311349 1
317000 1
326291 1
327680 1
333384 1
352256 1
354835 1
360448 1
362571 1
366575 1
369637 1
374785 1
383442 1
384597 1
385024 1
385428 1
387859 1
394167 1
399360 1
401408 1
403620 1
409600 4
417792 3
422884 1
425984 2
434176 1
487439 1
499712 2
507904 2
516096 2
548864 1
563830 1
585189 1
586991 1
595549 1
648195 1
729088 1
736557 1
757331 1
860160 1
956081 1
958464 1
993280 1
1177314 1
1205622 1
1482192 1
1523712 1
1615360 1
1849417 1
1850690 1
1867776 1
1993453 1
2051072 1
2113536 1
2285568 1
2570240 1
2627857 1
2909871 1
3006464 1
3350528 1
4147965 1
4276224 1
4984832 1
7992892 1
