0 120
1 2
2 12
3 11
4 3
5 1
6 17
7 11
8 2
9 4
10 2
11 5
12 4
13 7
14 3
16 3
17 1
18 4
19 2
20 2
21 4
22 6
23 12
24 2
27 2
29 3
31 3
32 1
34 2
36 3
38 1
39 3
40 2
41 6
42 5
43 6
44 2
45 14
46 8
47 9
48 4
49 4
50 15
51 27
52 27
53 9
54 8
55 5
57 7
58 11
59 7
60 2
61 3
62 21
63 15
64 13
65 9
66 9
67 12
68 6
69 2
70 4
71 2
73 2
74 3
75 3
76 2
77 2
78 6
79 7
80 3
81 8
82 1
83 5
84 14
85 6
86 1
87 1
88 3
89 4
90 3
91 8
92 2
93 3
94 11
95 12
96 6
97 3
98 5
99 3
100 4
101 9
102 7
103 5
104 5
105 4
106 5
107 4
108 4
109 9
110 2
111 4
112 8
113 8
114 8
115 6
116 8
117 5
118 3
119 6
120 3
121 4
122 5
123 4
124 6
125 9
126 5
127 6
128 9
129 4
130 2
131 8
132 2
133 4
134 10
135 10
136 4
137 4
138 11
139 4
140 19
141 6
142 15
143 8
144 13
145 8
146 5
147 6
148 7
149 4
150 4
151 5
152 6
153 6
154 4
155 5
156 6
157 6
158 4
159 5
160 5
161 6
162 3
163 7
164 3
165 4
166 6
167 3
168 3
169 12
170 8
171 5
172 4
173 6
174 5
175 5
176 8
177 12
178 3
179 2
180 2
181 3
182 9
183 10
184 6
185 5
186 8
187 14
188 1
189 6
190 10
191 7
192 6
193 6
194 7
195 2
196 1
197 7
198 3
199 8
200 5
201 10
202 3
203 4
204 6
205 4
206 4
207 5
208 5
209 4
210 2
211 6
212 7
213 12
214 4
215 4
216 9
217 6
218 6
219 6
220 11
221 10
222 8
223 5
224 2
225 5
226 4
227 6
228 7
229 7
230 7
231 5
232 4
233 7
234 7
235 6
236 2
237 6
238 1
239 10
240 8
241 8
242 3
243 4
244 7
245 8
246 6
247 5
248 10
249 4
250 6
251 6
252 3
253 10
254 9
255 4
256 5
257 7
258 3
259 8
260 1
261 12
262 9
263 5
264 2
265 6
266 9
267 8
268 7
269 7
270 7
271 4
272 10
273 6
274 9
275 13
276 8
277 6
278 11
279 4
280 8
281 5
282 5
283 7
284 9
285 5
286 18
287 11
288 10
289 6
290 7
291 5
292 14
293 7
294 5
295 2
296 5
297 2
298 9
299 13
300 9
301 7
302 10
303 3
304 5
305 5
306 8
307 3
308 5
309 4
310 4
311 17
312 7
313 8
314 12
315 3
316 4
317 5
318 10
319 8
320 4
321 5
322 25
323 6
324 13
325 5
326 4
327 14
328 13
329 10
330 8
331 9
332 5
333 3
334 8
335 8
336 6
337 6
338 9
339 5
340 9
341 7
342 2
343 6
344 6
345 3
346 7
347 8
348 8
349 4
350 12
351 8
352 2
353 3
354 10
355 6
356 5
357 3
358 3
359 8
360 6
361 6
362 9
363 6
364 6
365 3
366 2
367 6
368 1
369 7
370 5
371 7
372 5
373 4
374 5
375 7
376 3
377 12
378 5
379 8
380 5
381 23
382 5
383 5
384 9
385 5
386 5
387 11
388 4
389 3
390 5
391 7
392 6
393 6
394 4
395 5
396 5
397 3
398 6
399 6
400 3
401 4
402 6
403 9
404 4
405 9
406 8
407 2
408 4
409 5
410 3
411 8
412 19
413 4
414 4
415 6
416 5
417 6
418 7
419 3
420 2
421 7
422 13
423 4
424 6
425 9
426 9
427 8
428 12
429 5
430 5
431 9
432 7
433 12
434 17
435 18
436 13
437 12
438 10
439 13
440 5
441 6
442 5
443 5
444 9
445 5
446 7
447 8
448 9
449 4
450 6
451 7
452 6
453 6
454 5
455 8
456 3
457 6
458 2
459 7
460 9
461 5
462 4
463 5
464 2
465 6
466 9
467 8
468 2
469 10
470 6
471 7
472 7
473 9
474 6
475 6
476 9
477 13
478 14
479 9
480 9
481 6
482 11
483 9
484 10
485 7
486 6
487 8
488 15
489 10
490 10
491 9
492 7
493 8
494 12
495 9
496 16
497 17
498 9
499 15
500 14
501 10
502 5
503 28
504 10
505 12
506 12
507 8
508 9
509 11
510 10
511 11
512 2277
513 7
514 7
515 13
516 10
517 10
518 17
519 12
520 14
521 10
522 12
523 6
524 12
525 10
526 13
527 11
528 6
529 18
530 14
531 17
532 13
533 11
534 26
535 10
536 5
537 23
538 13
539 10
540 23
541 14
542 18
543 29
544 14
545 22
546 45
547 7
548 32
549 25
550 19
551 33
552 25
553 15
554 26
555 31
556 19
557 23
558 17
559 12
560 19
561 14
562 14
563 32
564 18
565 19
566 17
567 19
568 23
569 13
570 12
571 11
572 17
573 8
574 17
575 11
576 13
577 11
578 8
579 13
580 20
581 8
582 19
583 15
584 16
585 12
586 15
587 12
588 16
589 8
590 18
591 10
592 15
593 16
594 19
595 7
596 13
597 19
598 23
599 12
600 11
601 17
602 24
603 18
604 24
605 20
606 8
607 21
608 19
609 14
610 12
611 23
612 17
613 16
614 22
615 16
616 23
617 18
618 17
619 18
620 8
621 19
622 6
623 15
624 19
625 22
626 10
627 9
628 16
629 14
630 26
631 16
632 21
633 16
634 24
635 15
636 15
637 10
638 13
639 14
640 15
641 22
642 20
643 17
644 20
645 20
646 18
647 15
648 21
649 20
650 20
651 15
652 17
653 20
654 18
655 16
656 15
657 11
658 19
659 25
660 14
661 27
662 23
663 23
664 26
665 19
666 18
667 19
668 16
669 23
670 17
671 15
672 27
673 15
674 23
675 20
676 22
677 18
678 17
679 20
680 19
681 14
682 13
683 19
684 35
685 19
686 19
687 17
688 20
689 27
690 14
691 29
692 24
693 13
694 26
695 15
696 18
697 17
698 26
699 19
700 22
701 15
702 24
703 19
704 17
705 30
706 21
707 16
708 19
709 24
710 26
711 16
712 18
713 14
714 21
715 15
716 14
717 18
718 18
719 35
720 20
721 18
722 20
723 10
724 22
725 23
726 17
727 32
728 21
729 18
730 21
731 19
732 33
733 20
734 19
735 17
736 21
737 26
738 16
739 29
740 21
741 23
742 25
743 20
744 18
745 25
746 14
747 17
748 24
749 20
750 24
751 18
752 21
753 22
754 18
755 22
756 21
757 12
758 19
759 14
760 21
761 21
762 18
763 23
764 29
765 27
766 25
767 25
768 25
769 19
770 31
771 28
772 25
773 20
774 12
775 16
776 22
777 25
778 21
779 30
780 27
781 24
782 21
783 25
784 19
785 17
786 25
787 23
788 25
789 21
790 29
791 36
792 19
793 22
794 20
795 31
796 30
797 29
798 27
799 21
800 27
801 34
802 14
803 24
804 31
805 32
806 29
807 21
808 27
809 27
810 21
811 34
812 25
813 21
814 24
815 21
816 23
817 25
818 38
819 19
820 19
821 19
822 26
823 15
824 28
825 27
826 18
827 29
828 30
829 17
830 16
831 27
832 35
833 29
834 25
835 22
836 31
837 19
838 25
839 32
840 20
841 20
842 24
843 20
844 37
845 26
846 20
847 25
848 19
849 24
850 27
851 19
852 18
853 22
854 18
855 29
856 18
857 20
858 29
859 23
860 25
861 15
862 27
863 23
864 27
865 24
866 26
867 29
868 25
869 20
870 13
871 26
872 31
873 17
874 19
875 27
876 23
877 25
878 25
879 13
880 18
881 29
882 27
883 30
884 27
885 18
886 33
887 17
888 20
889 21
890 27
891 32
892 22
893 24
894 21
895 36
896 34
897 23
898 21
899 20
900 22
901 38
902 30
903 37
904 18
905 33
906 26
907 25
908 26
909 18
910 23
911 21
912 26
913 32
914 24
915 18
916 32
917 17
918 18
919 17
920 32
921 25
922 30
923 23
924 23
925 31
926 21
927 26
928 23
929 22
930 27
931 23
932 25
933 23
934 24
935 32
936 28
937 28
938 29
939 24
940 27
941 27
942 21
943 28
944 25
945 26
946 33
947 28
948 29
949 24
950 34
951 25
952 23
953 29
954 28
955 28
956 32
957 32
958 29
959 26
960 35
961 27
962 28
963 29
964 24
965 35
966 21
967 17
968 21
969 22
970 18
971 29
972 16
973 19
974 20
975 22
976 23
977 31
978 23
979 22
980 25
981 24
982 26
983 22
984 30
985 23
986 26
987 21
988 23
989 28
990 25
991 23
992 19
993 31
994 23
995 19
996 18
997 25
998 33
999 22
1000 25
1001 24
1002 27
1003 35
1004 32
1005 26
1006 26
1007 31
1008 29
1009 22
1010 22
1011 19
1012 25
1013 21
1014 31
1015 19
1016 17
1017 23
1018 25
1019 20
1020 20
1021 23
1022 17
1023 27
1024 154
1025 26
1026 23
1027 18
1028 24
1029 27
1030 20
1031 17
1032 28
1033 26
1034 21
1035 21
1036 25
1037 21
1038 19
1039 32
1040 37
1041 23
1042 24
1043 26
1044 16
1045 22
1046 22
1047 29
1048 23
1049 24
1050 22
1051 25
1052 29
1053 21
1054 26
1055 25
1056 26
1057 19
1058 18
1059 23
1060 26
1061 19
1062 21
1063 28
1064 23
1065 11
1066 28
1067 34
1068 29
1069 20
1070 27
1071 35
1072 22
1073 39
1074 17
1075 24
1076 26
1077 30
1078 26
1079 21
1080 24
1081 22
1082 23
1083 24
1084 31
1085 19
1086 29
1087 24
1088 27
1089 24
1090 39
1091 6
1092 25
1093 26
1094 18
1095 17
1096 26
1097 26
1098 22
1099 19
1100 34
1101 22
1102 20
1103 17
1104 13
1105 27
1106 14
1107 22
1108 27
1109 30
1110 26
1111 24
1112 19
1113 27
1114 26
1115 18
1116 25
1117 25
1118 22
1119 25
1120 20
1121 18
1122 22
1123 17
1124 21
1125 23
1126 18
1127 23
1128 18
1129 18
1130 15
1131 27
1132 26
1133 25
1134 25
1135 15
1136 27
1137 31
1138 19
1139 25
1140 28
1141 27
1142 23
1143 34
1144 29
1145 20
1146 23
1147 21
1148 26
1149 24
1150 24
1151 27
1152 25
1153 29
1154 21
1155 20
1156 21
1157 23
1158 22
1159 24
1160 20
1161 28
1162 34
1163 18
1164 15
1165 20
1166 17
1167 22
1168 23
1169 21
1170 20
1171 27
1172 28
1173 25
1174 22
1175 32
1176 14
1177 24
1178 11
1179 27
1180 22
1181 21
1182 25
1183 26
1184 28
1185 22
1186 19
1187 20
1188 26
1189 13
1190 27
1191 27
1192 24
1193 15
1194 27
1195 16
1196 19
1197 28
1198 24
1199 20
1200 26
1201 18
1202 11
1203 15
1204 25
1205 27
1206 27
1207 25
1208 29
1209 34
1210 24
1211 20
1212 34
1213 19
1214 23
1215 22
1216 24
1217 17
1218 26
1219 25
1220 24
1221 25
1222 29
1223 21
1224 21
1225 19
1226 19
1227 31
1228 29
1229 20
1230 27
1231 25
1232 28
1233 17
1234 25
1235 23
1236 21
1237 28
1238 15
1239 26
1240 24
1241 26
1242 15
1243 16
1244 13
1245 23
1246 16
1247 28
1248 21
1249 26
1250 28
1251 22
1252 23
1253 28
1254 25
1255 20
1256 23
1257 25
1258 33
1259 25
1260 33
1261 22
1262 31
1263 30
1264 24
1265 19
1266 24
1267 21
1268 30
1269 34
1270 24
1271 17
1272 29
1273 23
1274 26
1275 29
1276 26
1277 16
1278 23
1279 24
1280 26
1281 15
1282 20
1283 26
1284 21
1285 19
1286 14
1287 19
1288 22
1289 25
1290 24
1291 22
1292 23
1293 18
1294 24
1295 26
1296 21
1297 19
1298 27
1299 23
1300 15
1301 23
1302 25
1303 20
1304 24
1305 17
1306 27
1307 26
1308 15
1309 26
1310 12
1311 20
1312 26
1313 31
1314 14
1315 28
1316 18
1317 21
1318 20
1319 22
1320 19
1321 22
1322 22
1323 23
1324 16
1325 26
1326 18
1327 19
1328 22
1329 21
1330 23
1331 21
1332 22
1333 19
1334 25
1335 21
1336 16
1337 20
1338 21
1339 25
1340 22
1341 16
1342 22
1343 18
1344 20
1345 24
1346 26
1347 22
1348 22
1349 19
1350 21
1351 29
1352 34
1353 33
1354 17
1355 21
1356 22
1357 22
1358 25
1359 16
1360 29
1361 15
1362 23
1363 22
1364 27
1365 19
1366 21
1367 17
1368 38
1369 16
1370 16
1371 27
1372 20
1373 13
1374 18
1375 15
1376 17
1377 23
1378 24
1379 31
1380 18
1381 20
1382 17
1383 23
1384 23
1385 21
1386 19
1387 21
1388 19
1389 23
1390 22
1391 24
1392 19
1393 17
1394 19
1395 17
1396 22
1397 16
1398 21
1399 15
1400 27
1401 14
1402 18
1403 21
1404 18
1405 22
1406 14
1407 21
1408 15
1409 20
1410 18
1411 17
1412 19
1413 25
1414 21
1415 16
1416 21
1417 18
1418 12
1419 15
1420 28
1421 17
1422 20
1423 20
1424 24
1425 20
1426 19
1427 16
1428 14
1429 21
1430 19
1431 15
1432 24
1433 29
1434 25
1435 21
1436 13
1437 16
1438 12
1439 26
1440 27
1441 14
1442 16
1443 22
1444 21
1445 22
1446 11
1447 17
1448 25
1449 27
1450 22
1451 25
1452 21
1453 27
1454 13
1455 20
1456 19
1457 21
1458 25
1459 17
1460 20
1461 21
1462 23
1463 23
1464 24
1465 23
1466 20
1467 16
1468 21
1469 10
1470 19
1471 26
1472 17
1473 18
1474 16
1475 21
1476 11
1477 15
1478 29
1479 12
1480 19
1481 17
1482 20
1483 19
1484 24
1485 14
1486 24
1487 20
1488 19
1489 27
1490 15
1491 18
1492 26
1493 21
1494 10
1495 13
1496 17
1497 19
1498 18
1499 13
1500 20
1501 15
1502 16
1503 16
1504 28
1505 19
1506 26
1507 17
1508 13
1509 21
1510 23
1511 18
1512 13
1513 24
1514 14
1515 12
1516 13
1517 11
1518 19
1519 18
1520 11
1521 14
1522 24
1523 13
1524 19
1525 17
1526 19
1527 14
1528 17
1529 19
1530 21
1531 15
1532 19
1533 23
1534 16
1535 23
1536 92
1537 12
1538 18
1539 17
1540 19
1541 11
1542 23
1543 16
1544 22
1545 24
1546 20
1547 22
1548 16
1549 14
1550 16
1551 26
1552 15
1553 25
1554 6
1555 16
1556 12
1557 16
1558 13
1559 7
1560 17
1561 23
1562 21
1563 13
1564 19
1565 15
1566 24
1567 16
1568 18
1569 23
1570 17
1571 19
1572 18
1573 15
1574 16
1575 15
1576 14
1577 16
1578 20
1579 15
1580 15
1581 13
1582 24
1583 13
1584 15
1585 11
1586 15
1587 16
1588 11
1589 19
1590 15
1591 19
1592 15
1593 21
1594 17
1595 17
1596 18
1597 15
1598 17
1599 18
1600 19
1601 19
1602 9
1603 22
1604 28
1605 16
1606 23
1607 15
1608 21
1609 8
1610 14
1611 13
1612 17
1613 15
1614 10
1615 18
1616 21
1617 27
1618 12
1619 15
1620 12
1621 12
1622 17
1623 19
1624 10
1625 12
1626 17
1627 16
1628 7
1629 17
1630 16
1631 18
1632 16
1633 12
1634 17
1635 14
1636 17
1637 12
1638 20
1639 22
1640 13
1641 12
1642 18
1643 16
1644 14
1645 21
1646 13
1647 15
1648 9
1649 23
1650 17
1651 10
1652 20
1653 21
1654 19
1655 14
1656 16
1657 13
1658 22
1659 15
1660 11
1661 27
1662 21
1663 22
1664 16
1665 12
1666 23
1667 16
1668 8
1669 16
1670 13
1671 21
1672 17
1673 16
1674 21
1675 16
1676 13
1677 17
1678 17
1679 15
1680 16
1681 15
1682 14
1683 16
1684 14
1685 9
1686 13
1687 13
1688 19
1689 14
1690 17
1691 19
1692 12
1693 15
1694 11
1695 13
1696 13
1697 20
1698 23
1699 20
1700 17
1701 12
1702 11
1703 13
1704 14
1705 20
1706 22
1707 19
1708 8
1709 12
1710 19
1711 18
1712 8
1713 14
1714 20
1715 9
1716 15
1717 9
1718 8
1719 18
1720 17
1721 20
1722 16
1723 11
1724 16
1725 17
1726 9
1727 14
1728 13
1729 11
1730 10
1731 11
1732 15
1733 15
1734 8
1735 11
1736 10
1737 18
1738 13
1739 14
1740 15
1741 13
1742 11
1743 10
1744 19
1745 16
1746 14
1747 16
1748 14
1749 9
1750 17
1751 15
1752 13
1753 13
1754 8
1755 10
1756 14
1757 9
1758 12
1759 13
1760 13
1761 22
1762 11
1763 21
1764 13
1765 19
1766 16
1767 18
1768 18
1769 18
1770 12
1771 19
1772 19
1773 11
1774 13
1775 10
1776 14
1777 13
1778 12
1779 16
1780 14
1781 13
1782 16
1783 17
1784 16
1785 13
1786 17
1787 19
1788 26
1789 14
1790 10
1791 10
1792 16
1793 15
1794 15
1795 15
1796 5
1797 12
1798 13
1799 11
1800 16
1801 20
1802 9
1803 11
1804 14
1805 15
1806 11
1807 13
1808 13
1809 14
1810 12
1811 11
1812 9
1813 14
1814 10
1815 17
1816 9
1817 10
1818 11
1819 13
1820 10
1821 9
1822 15
1823 12
1824 15
1825 13
1826 11
1827 9
1828 18
1829 11
1830 17
1831 18
1832 7
1833 14
1834 8
1835 13
1836 17
1837 14
1838 22
1839 13
1840 15
1841 15
1842 18
1843 19
1844 8
1845 7
1846 11
1847 12
1848 16
1849 7
1850 13
1851 18
1852 13
1853 15
1854 10
1855 13
1856 8
1857 9
1858 9
1859 14
1860 16
1861 7
1862 10
1863 10
1864 13
1865 13
1866 10
1867 11
1868 9
1869 8
1870 9
1871 11
1872 6
1873 9
1874 13
1875 4
1876 11
1877 16
1878 9
1879 9
1880 13
1881 11
1882 18
1883 8
1884 10
1885 10
1886 5
1887 9
1888 16
1889 14
1890 11
1891 9
1892 9
1893 10
1894 9
1895 5
1896 12
1897 8
1898 10
1899 14
1900 10
1901 9
1902 11
1903 10
1904 17
1905 11
1906 7
1907 13
1908 7
1909 17
1910 14
1911 17
1912 6
1913 9
1914 9
1915 13
1916 13
1917 13
1918 13
1919 10
1920 15
1921 28
1922 8
1923 7
1924 13
1925 13
1926 13
1927 13
1928 8
1929 12
1930 15
1931 15
1932 10
1933 13
1934 10
1935 10
1936 5
1937 17
1938 7
1939 10
1940 4
1941 7
1942 9
1943 13
1944 11
1945 12
1946 12
1947 19
1948 7
1949 16
1950 12
1951 12
1952 12
1953 13
1954 11
1955 12
1956 15
1957 5
1958 14
1959 10
1960 11
1961 6
1962 7
1963 15
1964 6
1965 8
1966 5
1967 11
1968 7
1969 12
1970 13
1971 19
1972 11
1973 10
1974 11
1975 5
1976 12
1977 10
1978 12
1979 10
1980 12
1981 16
1982 11
1983 9
1984 12
1985 22
1986 13
1987 6
1988 6
1989 8
1990 11
1991 8
1992 17
1993 8
1994 13
1995 18
1996 13
1997 3
1998 7
1999 13
2000 13
2001 11
2002 8
2003 6
2004 10
2005 7
2006 11
2007 10
2008 8
2009 10
2010 11
2011 11
2012 10
2013 21
2014 8
2015 6
2016 10
2017 11
2018 7
2019 8
2020 10
2021 8
2022 11
2023 10
2024 10
2025 5
2026 7
2027 9
2028 10
2029 11
2030 9
2031 7
2032 6
2033 13
2034 13
2035 8
2036 11
2037 10
2038 7
2039 5
2040 6
2041 9
2042 10
2043 11
2044 9
2045 9
2046 10
2047 14
2048 44
2049 6
2050 13
2051 10
2052 9
2053 16
2054 15
2055 10
2056 7
2057 6
2058 9
2059 10
2060 8
2061 6
2062 3
2063 9
2064 10
2065 7
2066 7
2067 11
2068 6
2069 7
2070 13
2071 10
2072 8
2073 12
2074 13
2075 11
2076 14
2077 14
2078 9
2079 10
2080 11
2081 13
2082 8
2083 9
2084 7
2085 8
2086 4
2087 9
2088 9
2089 3
2090 11
2091 4
2092 11
2093 3
2094 13
2095 4
2096 7
2097 7
2098 8
2099 7
2100 12
2101 9
2102 13
2103 8
2104 10
2105 9
2106 5
2107 13
2108 5
2109 4
2110 4
2111 6
2112 10
2113 12
2114 5
2115 5
2116 7
2117 15
2118 8
2119 8
2120 6
2121 7
2122 7
2123 9
2124 8
2125 10
2126 7
2127 10
2128 7
2129 9
2130 1
2131 6
2132 11
2133 7
2134 2
2135 8
2136 10
2137 10
2138 4
2139 5
2140 3
2141 5
2142 6
2143 11
2144 4
2145 11
2146 8
2147 7
2148 11
2149 10
2150 10
2151 12
2152 4
2153 7
2154 9
2155 11
2156 3
2157 12
2158 10
2159 8
2160 9
2161 8
2162 6
2163 7
2164 9
2165 10
2166 9
2167 6
2168 17
2169 12
2170 4
2171 2
2172 6
2173 7
2174 5
2175 6
2176 10
2177 4
2178 11
2179 7
2180 9
2181 7
2182 11
2183 6
2184 10
2185 9
2186 5
2187 2
2188 9
2189 7
2190 9
2191 8
2192 6
2193 15
2194 14
2195 5
2196 8
2197 7
2198 11
2199 9
2200 9
2201 7
2202 7
2203 11
2204 8
2205 3
2206 7
2207 12
2208 4
2209 12
2210 14
2211 2
2212 8
2213 6
2214 9
2215 11
2216 6
2217 9
2218 7
2219 5
2220 8
2221 8
2222 8
2223 3
2224 9
2225 8
2226 6
2227 4
2228 6
2229 7
2230 8
2231 12
2232 8
2233 8
2234 4
2235 6
2236 7
2237 6
2238 8
2239 5
2240 7
2241 3
2242 8
2243 4
2244 6
2245 4
2246 4
2247 4
2248 7
2249 7
2250 3
2251 4
2252 6
2253 6
2254 3
2255 1
2256 6
2257 12
2258 7
2259 5
2260 10
2261 10
2262 6
2263 6
2264 5
2265 7
2266 11
2267 7
2268 8
2269 8
2270 4
2271 4
2272 6
2273 5
2274 10
2275 6
2276 8
2277 2
2278 8
2279 12
2280 7
2281 7
2282 6
2283 6
2284 12
2285 3
2286 6
2287 4
2288 8
2289 11
2290 8
2291 8
2292 7
2293 8
2294 8
2295 2
2296 2
2297 7
2298 4
2299 5
2300 3
2301 4
2302 4
2303 5
2304 5
2305 9
2306 1
2307 6
2308 7
2309 4
2310 8
2311 6
2312 11
2313 5
2314 10
2315 9
2316 10
2317 8
2318 8
2319 11
2320 2
2321 4
2322 6
2323 5
2324 8
2325 3
2326 8
2327 5
2328 6
2329 4
2330 7
2331 6
2332 4
2333 5
2334 5
2335 6
2336 6
2337 9
2338 4
2339 6
2340 6
2341 6
2342 7
2343 8
2344 4
2345 6
2346 4
2347 7
2348 4
2349 4
2350 10
2351 8
2352 7
2353 7
2354 7
2355 3
2356 8
2357 10
2358 2
2359 7
2360 8
2361 6
2362 8
2363 4
2364 3
2365 1
2366 6
2367 6
2368 10
2369 7
2370 7
2371 6
2372 4
2373 7
2374 5
2375 11
2376 6
2377 6
2378 5
2379 9
2380 8
2381 6
2382 3
2383 7
2384 7
2385 7
2386 6
2387 5
2388 13
2389 5
2390 4
2391 4
2392 7
2393 10
2394 9
2395 3
2396 8
2397 4
2398 7
2399 8
2400 6
2401 12
2402 8
2403 1
2404 5
2405 5
2406 7
2407 5
2408 6
2409 6
2410 4
2411 5
2412 4
2413 4
2414 8
2415 8
2416 4
2417 14
2418 10
2419 10
2420 10
2421 2
2422 10
2423 2
2424 8
2425 8
2426 1
2427 6
2428 8
2429 4
2430 5
2431 5
2432 7
2433 11
2434 9
2435 3
2436 4
2437 8
2438 9
2439 3
2440 3
2441 7
2442 6
2443 8
2444 5
2445 7
2446 5
2447 6
2448 7
2449 3
2450 1
2451 5
2452 7
2453 1
2454 1
2455 2
2456 4
2457 3
2458 4
2459 8
2460 5
2461 2
2462 5
2463 4
2464 2
2465 8
2466 6
2467 1
2468 8
2469 6
2470 4
2471 4
2472 3
2473 10
2474 1
2475 6
2476 9
2477 4
2478 4
2479 4
2480 3
2481 6
2482 2
2483 5
2484 4
2485 1
2486 8
2487 2
2488 3
2489 6
2490 5
2491 6
2492 8
2493 4
2494 5
2495 5
2496 4
2497 3
2498 5
2499 1
2500 2
2501 7
2502 7
2503 4
2504 4
2505 5
2506 3
2507 5
2508 6
2509 6
2510 2
2511 3
2512 9
2513 4
2514 3
2515 5
2516 5
2517 8
2518 4
2519 4
2520 2
2521 3
2522 4
2523 5
2524 4
2525 4
2526 8
2527 9
2528 4
2529 10
2530 2
2531 2
2532 4
2533 3
2534 5
2535 11
2536 5
2537 5
2538 2
2539 5
2540 6
2541 3
2542 4
2543 5
2544 2
2545 3
2546 2
2547 2
2548 4
2549 9
2550 4
2551 3
2552 4
2553 1
2554 4
2555 4
2556 1
2557 6
2558 5
2559 5
2560 29
2561 6
2562 3
2563 3
2564 6
2565 8
2566 5
2567 7
2568 2
2569 4
2571 6
2572 5
2573 4
2574 2
2575 1
2576 4
2577 6
2578 2
2579 4
2580 4
2581 5
2582 2
2583 6
2585 1
2586 4
2587 3
2588 4
2589 4
2590 5
2591 6
2592 8
2593 7
2594 6
2595 6
2596 5
2597 5
2598 7
2599 4
2600 1
2601 2
2602 1
2603 3
2604 4
2605 7
2606 2
2607 4
2608 2
2609 1
2610 3
2611 3
2612 5
2613 4
2614 2
2615 6
2616 5
2617 4
2618 4
2619 5
2620 3
2621 7
2622 3
2623 4
2624 5
2625 9
2626 6
2627 10
2628 3
2629 4
2630 4
2631 5
2632 5
2633 5
2634 5
2635 6
2636 6
2637 4
2638 7
2639 2
2640 6
2641 2
2642 6
2643 5
2644 3
2645 4
2646 5
2647 4
2648 9
2649 2
2650 5
2651 5
2652 6
2653 6
2654 3
2655 3
2656 6
2657 6
2658 6
2659 4
2660 2
2661 6
2662 3
2663 3
2664 1
2665 5
2666 7
2667 3
2668 6
2669 5
2670 3
2671 6
2672 7
2673 4
2674 2
2676 2
2677 5
2678 3
2679 3
2680 5
2681 5
2682 4
2683 3
2684 2
2685 2
2686 3
2687 6
2688 2
2689 3
2690 4
2691 9
2692 3
2693 2
2694 4
2695 4
2696 7
2697 1
2698 3
2699 6
2701 2
2702 4
2703 4
2704 9
2705 2
2706 5
2707 2
2708 5
2710 7
2711 3
2712 3
2713 5
2714 6
2715 5
2716 3
2717 3
2718 3
2719 1
2720 5
2721 2
2722 2
2723 6
2724 7
2725 5
2726 2
2727 3
2728 6
2729 2
2730 6
2731 4
2732 7
2733 3
2734 6
2735 1
2736 1
2737 5
2738 1
2739 5
2740 5
2741 5
2742 4
2743 1
2744 4
2745 4
2746 3
2747 6
2748 1
2749 4
2750 4
2751 8
2752 6
2753 4
2754 3
2755 5
2757 4
2758 1
2759 4
2760 2
2761 3
2762 3
2763 5
2764 1
2765 5
2766 1
2767 4
2768 1
2769 7
2770 6
2771 4
2772 1
2773 1
2774 4
2775 3
2776 6
2777 4
2778 5
2780 3
2781 4
2782 6
2783 6
2784 6
2785 3
2786 2
2787 3
2788 4
2789 3
2790 1
2791 4
2792 5
2793 3
2794 3
2795 3
2796 3
2797 5
2798 2
2799 4
2800 1
2801 2
2802 5
2803 5
2804 5
2805 1
2806 2
2809 1
2810 3
2811 3
2812 3
2814 2
2815 2
2816 2
2818 4
2819 3
2820 3
2821 4
2823 4
2824 5
2825 2
2826 2
2827 6
2828 4
2829 3
2830 5
2831 3
2832 3
2833 11
2834 7
2835 4
2836 4
2837 6
2838 4
2839 2
2840 2
2841 6
2842 5
2843 2
2844 2
2845 1
2846 5
2847 3
2848 3
2849 2
2850 1
2851 4
2852 3
2853 4
2854 1
2855 4
2856 2
2857 2
2859 2
2860 3
2861 2
2862 2
2863 2
2864 2
2865 2
2866 6
2867 1
2868 5
2870 3
2871 6
2872 5
2873 1
2874 1
2875 1
2876 5
2877 5
2878 1
2879 5
2880 5
2881 4
2882 2
2883 3
2884 4
2885 2
2886 1
2887 3
2888 3
2889 4
2890 4
2891 2
2892 1
2893 3
2894 2
2895 3
2896 2
2897 2
2898 2
2899 5
2900 2
2901 10
2902 2
2903 5
2904 3
2905 5
2906 1
2907 6
2908 4
2909 1
2910 4
2911 5
2912 4
2913 4
2914 1
2915 3
2916 5
2917 1
2918 4
2920 1
2921 2
2922 3
2923 2
2924 1
2925 2
2926 1
2927 3
2928 7
2929 4
2930 3
2931 2
2932 2
2933 3
2936 3
2937 7
2938 2
2939 1
2940 4
2941 2
2942 3
2943 6
2944 3
2945 3
2946 2
2947 2
2948 3
2949 5
2950 4
2951 1
2952 6
2953 4
2954 5
2955 2
2956 2
2957 4
2958 2
2959 3
2960 8
2961 3
2962 5
2963 5
2964 2
2965 4
2966 4
2967 10
2968 2
2969 3
2970 4
2971 5
2972 3
2973 4
2974 3
2975 3
2976 6
2977 2
2978 1
2979 6
2980 7
2981 1
2982 4
2983 1
2984 1
2985 8
2986 3
2987 1
2988 6
2989 2
2990 1
2992 4
2993 3
2994 6
2995 2
2996 2
2997 6
2998 3
2999 2
3000 4
3001 4
3003 3
3004 4
3005 3
3006 5
3007 2
3009 5
3010 2
3011 2
3012 5
3013 5
3015 3
3016 3
3017 2
3018 3
3019 6
3020 2
3021 4
3022 1
3023 4
3024 4
3025 4
3026 1
3027 2
3028 4
3029 4
3030 5
3031 2
3032 1
3033 4
3034 3
3035 1
3036 5
3037 1
3038 1
3039 2
3040 4
3041 1
3042 6
3043 1
3044 3
3046 3
3047 2
3048 2
3049 4
3050 6
3051 5
3052 3
3053 4
3054 2
3055 3
3056 3
3057 2
3058 1
3060 3
3061 2
3062 4
3063 8
3064 3
3065 4
3066 4
3067 3
3069 5
3070 3
3071 1
3072 24
3073 6
3074 4
3075 6
3076 7
3077 2
3078 2
3079 5
3080 5
3081 1
3082 3
3083 2
3084 2
3085 3
3086 1
3087 3
3088 2
3089 1
3090 3
3091 5
3092 4
3094 1
3095 2
3096 2
3097 1
3098 1
3099 1
3100 2
3101 1
3102 2
3103 1
3104 5
3105 1
3106 3
3107 2
3108 1
3109 5
3110 2
3111 3
3112 6
3113 2
3114 2
3115 4
3116 3
3117 3
3118 3
3119 2
3120 6
3121 4
3122 3
3124 1
3125 2
3126 3
3127 1
3129 2
3130 5
3131 2
3132 2
3133 5
3134 3
3135 3
3136 7
3137 1
3139 2
3141 2
3142 2
3143 2
3144 4
3145 1
3146 1
3147 1
3148 2
3149 7
3150 1
3151 3
3152 1
3153 3
3154 2
3156 4
3157 4
3158 3
3159 1
3160 6
3162 3
3163 3
3164 1
3165 5
3166 2
3167 1
3168 2
3169 3
3170 2
3171 1
3172 2
3173 2
3174 3
3175 3
3176 2
3177 3
3178 2
3179 6
3180 4
3181 3
3182 4
3184 4
3185 3
3186 1
3187 2
3188 5
3189 4
3190 6
3191 3
3192 3
3193 4
3194 2
3195 2
3196 2
3197 1
3198 4
3199 2
3201 14
3202 5
3203 3
3204 6
3205 3
3206 1
3208 3
3209 1
3210 2
3211 3
3212 8
3213 3
3214 1
3215 3
3216 1
3218 1
3220 1
3221 2
3222 2
3223 2
3224 6
3225 5
3226 3
3227 2
3228 5
3229 3
3230 2
3231 1
3232 1
3233 1
3235 2
3236 5
3239 2
3240 1
3241 2
3243 4
3244 4
3246 3
3248 2
3249 3
3250 1
3251 3
3252 2
3253 2
3254 2
3255 2
3256 4
3257 1
3258 4
3259 6
3260 4
3261 3
3263 2
3264 2
3265 2
3266 6
3267 1
3268 2
3269 5
3271 2
3272 2
3275 4
3276 4
3277 3
3278 3
3279 1
3280 1
3282 1
3283 1
3284 4
3285 1
3286 2
3287 3
3289 1
3290 3
3291 1
3292 3
3293 1
3294 2
3295 1
3296 2
3297 2
3300 1
3301 2
3302 2
3304 3
3305 7
3306 3
3307 2
3308 3
3309 4
3311 3
3312 3
3313 3
3314 2
3315 5
3316 4
3317 2
3318 2
3320 4
3321 2
3322 4
3323 3
3324 3
3325 1
3326 3
3327 1
3328 2
3329 3
3330 3
3331 4
3332 2
3333 2
3334 1
3335 2
3336 3
3337 1
3338 2
3339 1
3340 5
3341 3
3342 3
3343 3
3344 3
3345 2
3346 1
3347 2
3348 2
3349 3
3350 3
3351 2
3352 2
3353 1
3354 2
3355 2
3356 3
3357 2
3358 2
3359 1
3360 3
3361 5
3362 3
3364 3
3365 1
3366 1
3368 2
3369 2
3370 2
3373 4
3375 4
3376 1
3377 3
3378 1
3379 2
3380 2
3381 1
3382 1
3383 6
3384 1
3385 2
3388 3
3390 2
3391 1
3392 4
3393 1
3395 1
3396 2
3397 2
3398 1
3399 3
3400 2
3401 2
3402 3
3403 1
3404 3
3405 1
3407 2
3408 2
3409 2
3410 3
3411 1
3412 1
3414 3
3415 3
3416 3
3417 2
3418 1
3419 2
3420 2
3421 1
3422 1
3424 2
3425 3
3426 2
3427 2
3428 3
3429 4
3430 2
3431 1
3432 3
3433 2
3434 1
3435 2
3436 3
3437 4
3438 3
3439 1
3440 2
3441 3
3442 3
3443 4
3444 6
3445 4
3446 2
3447 1
3448 1
3449 4
3450 2
3452 3
3453 1
3454 1
3455 1
3456 1
3457 1
3458 3
3459 1
3460 1
3461 1
3462 4
3463 2
3464 1
3465 4
3466 2
3467 2
3468 1
3469 7
3470 2
3471 2
3473 3
3474 2
3476 1
3477 1
3479 1
3481 1
3482 7
3485 4
3486 1
3487 2
3488 2
3489 3
3490 2
3491 2
3492 1
3493 1
3494 2
3495 2
3496 3
3497 4
3498 1
3499 4
3500 1
3501 2
3502 3
3503 2
3504 1
3505 3
3506 3
3507 3
3508 3
3509 4
3510 1
3511 2
3512 3
3513 4
3515 2
3516 3
3519 2
3520 1
3521 3
3522 1
3523 4
3524 1
3525 1
3526 2
3527 3
3528 3
3529 1
3530 5
3531 1
3532 3
3533 3
3534 2
3535 1
3536 2
3538 1
3540 2
3541 1
3543 1
3544 1
3545 1
3546 2
3547 2
3548 3
3549 2
3550 1
3551 2
3552 2
3553 1
3554 1
3555 4
3557 2
3558 3
3560 1
3562 1
3563 1
3564 1
3565 1
3566 2
3567 3
3569 3
3570 1
3571 2
3573 2
3574 4
3575 3
3576 5
3577 4
3578 2
3579 6
3580 2
3582 1
3584 17
3585 4
3586 1
3587 3
3588 3
3590 3
3591 1
3592 2
3595 3
3596 1
3598 1
3599 3
3600 1
3601 1
3602 1
3603 4
3604 3
3606 2
3607 2
3608 3
3611 2
3612 3
3613 1
3614 2
3615 1
3616 2
3617 1
3618 4
3619 2
3620 4
3623 2
3624 1
3627 2
3628 3
3629 3
3630 2
3631 3
3632 1
3633 1
3634 8
3636 1
3637 3
3638 1
3639 4
3640 1
3641 3
3642 3
3643 3
3644 1
3645 2
3647 2
3651 1
3652 2
3653 1
3654 2
3656 2
3658 2
3660 1
3661 3
3663 1
3664 1
3665 4
3666 1
3667 2
3668 2
3669 1
3670 3
3671 1
3672 1
3673 1
3674 2
3675 1
3676 1
3678 2
3680 3
3681 2
3682 4
3683 2
3684 1
3685 1
3686 1
3687 1
3688 2
3689 4
3692 1
3693 2
3694 1
3695 2
3696 1
3697 1
3698 1
3699 3
3700 2
3701 2
3703 1
3704 3
3705 3
3706 3
3708 2
3710 1
3712 1
3714 1
3715 3
3717 1
3720 2
3721 1
3722 1
3723 1
3724 2
3725 1
3726 3
3727 1
3729 3
3730 1
3731 1
3733 1
3735 2
3736 4
3737 1
3739 2
3740 1
3742 3
3743 1
3745 2
3746 1
3748 4
3749 1
3750 5
3753 1
3754 1
3755 4
3756 2
3757 2
3758 2
3759 1
3762 1
3763 6
3769 1
3771 3
3772 2
3773 3
3774 1
3775 3
3776 1
3777 2
3778 3
3780 1
3781 1
3782 1
3783 1
3784 2
3785 1
3786 2
3787 1
3788 1
3789 1
3790 4
3791 1
3792 4
3793 1
3794 2
3795 2
3796 3
3797 2
3798 1
3799 2
3800 1
3801 2
3802 1
3803 1
3804 4
3806 2
3807 2
3808 2
3809 2
3810 1
3811 1
3812 2
3813 1
3814 2
3816 1
3818 2
3819 1
3820 3
3821 1
3822 1
3823 1
3825 1
3826 1
3828 1
3829 3
3830 3
3832 1
3834 5
3835 1
3837 2
3840 3
3841 1
3842 3
3844 1
3845 1
3846 3
3847 2
3849 2
3850 2
3851 2
3852 2
3853 1
3854 1
3855 2
3856 1
3857 2
3858 1
3859 2
3860 4
3861 3
3862 1
3863 2
3865 2
3866 2
3867 2
3868 4
3870 1
3871 2
3877 1
3878 5
3879 1
3880 3
3881 4
3882 1
3884 1
3886 1
3887 1
3889 1
3890 2
3891 3
3892 1
3893 3
3894 2
3895 1
3896 3
3897 2
3898 1
3899 2
3900 3
3902 1
3903 2
3904 3
3905 1
3906 3
3907 1
3908 1
3909 2
3911 1
3912 1
3913 3
3914 2
3916 2
3917 1
3918 1
3919 3
3921 3
3922 2
3923 2
3924 3
3926 1
3927 2
3930 2
3931 2
3932 1
3933 1
3935 2
3936 1
3937 2
3938 1
3939 1
3944 3
3947 1
3948 2
3949 4
3951 1
3952 1
3953 4
3955 1
3956 2
3957 2
3958 1
3961 2
3963 3
3965 1
3966 1
3967 1
3968 1
3969 2
3970 1
3971 2
3972 1
3973 2
3974 2
3975 1
3976 3
3977 1
3980 1
3981 1
3982 1
3983 3
3984 2
3985 3
3986 1
3987 2
3988 1
3989 2
3990 1
3992 1
3995 1
3996 1
3997 2
3998 1
3999 3
4003 1
4006 2
4007 2
4008 2
4009 1
4010 2
4011 1
4013 4
4014 1
4016 2
4017 1
4019 2
4020 3
4022 1
4023 2
4024 1
4025 3
4027 1
4028 1
4029 2
4031 2
4032 1
4033 2
4034 2
4035 2
4036 1
4037 1
4038 1
4040 1
4042 1
4043 1
4044 1
4045 1
4046 2
4047 2
4048 1
4049 1
4050 3
4051 4
4052 1
4053 7
4054 1
4057 1
4058 1
4064 2
4065 2
4066 1
4069 3
4070 2
4072 2
4073 2
4076 2
4077 2
4078 2
4082 1
4083 2
4084 4
4085 1
4087 1
4088 1
4090 2
4091 2
4093 2
4095 2
4096 12
4097 2
4099 1
4101 1
4102 1
4103 1
4105 4
4106 1
4110 1
4112 2
4113 2
4116 1
4118 2
4121 2
4123 1
4124 1
4125 1
4126 2
4127 1
4129 1
4132 3
4133 2
4135 1
4136 1
4137 1
4138 1
4139 1
4141 2
4142 5
4144 1
4145 1
4148 2
4150 2
4151 3
4152 2
4153 1
4154 2
4157 2
4160 1
4161 2
4163 1
4164 1
4165 1
4166 2
4167 1
4169 1
4172 1
4176 2
4179 2
4180 3
4183 1
4184 1
4186 1
4188 3
4192 2
4196 1
4197 1
4199 2
4200 2
4202 1
4204 2
4205 2
4206 4
4207 1
4210 1
4212 2
4213 2
4214 1
4215 1
4216 1
4219 4
4220 2
4221 1
4226 1
4229 1
4230 3
4231 1
4232 2
4234 2
4235 1
4238 2
4239 1
4240 3
4241 2
4243 1
4245 1
4246 1
4248 1
4249 6
4250 1
4251 1
4252 1
4256 1
4259 1
4260 1
4261 1
4262 2
4263 1
4264 2
4265 1
4267 1
4268 1
4269 1
4271 1
4272 2
4273 2
4274 1
4275 1
4278 3
4279 3
4280 1
4281 1
4282 2
4283 1
4286 1
4287 1
4288 2
4290 1
4292 1
4293 2
4294 2
4295 1
4296 1
4300 2
4301 2
4305 2
4306 2
4307 1
4308 1
4309 1
4310 1
4312 1
4314 1
4315 1
4319 1
4323 1
4325 2
4326 1
4328 2
4329 2
4330 1
4331 1
4332 2
4334 2
4336 1
4337 2
4339 1
4344 2
4345 1
4346 1
4349 2
4351 2
4352 1
4353 1
4358 1
4360 1
4361 1
4362 2
4363 1
4364 2
4365 1
4366 1
4368 1
4369 1
4370 1
4373 2
4375 1
4377 1
4379 1
4380 1
4381 1
4382 1
4386 2
4388 3
4389 1
4390 2
4392 1
4393 2
4394 1
4405 1
4406 2
4407 1
4408 4
4411 1
4413 3
4415 1
4416 1
4417 1
4421 1
4424 3
4426 1
4428 3
4429 1
4431 3
4434 1
4435 1
4437 2
4439 3
4442 1
4443 1
4445 1
4446 1
4448 2
4449 1
4451 2
4452 4
4453 2
4454 3
4456 3
4459 1
4460 2
4461 2
4466 2
4470 1
4471 1
4472 1
4473 1
4476 1
4477 2
4479 2
4480 2
4482 1
4484 1
4485 2
4487 2
4490 1
4492 1
4493 1
4496 2
4497 1
4499 2
4501 1
4504 1
4505 3
4506 1
4508 1
4511 1
4512 1
4513 1
4514 2
4517 4
4518 3
4520 2
4521 1
4523 1
4528 3
4529 2
4530 2
4535 1
4536 1
4537 1
4540 2
4541 3
4542 1
4543 3
4544 3
4545 1
4548 3
4550 1
4551 3
4553 1
4554 2
4555 1
4556 3
4557 3
4559 1
4560 2
4563 1
4565 2
4566 1
4568 2
4569 1
4571 2
4572 1
4574 1
4575 1
4576 3
4578 1
4579 2
4580 1
4581 2
4587 1
4589 1
4590 1
4592 1
4594 1
4596 1
4597 1
4599 1
4600 1
4601 1
4602 1
4604 1
4605 2
4606 1
4608 11
4609 2
4610 2
4613 1
4614 1
4615 1
4616 3
4617 9
4618 1
4619 1
4621 2
4624 1
4627 1
4629 1
4632 4
4634 1
4637 2
4639 1
4642 3
4643 1
4645 2
4646 1
4647 1
4648 1
4651 1
4652 3
4654 1
4656 2
4657 3
4658 1
4660 1
4661 1
4663 1
4664 1
4666 2
4667 2
4668 1
4669 1
4670 1
4671 1
4672 3
4677 1
4679 1
4683 1
4684 2
4688 1
4690 2
4691 2
4693 1
4694 2
4695 2
4696 1
4698 2
4700 1
4702 1
4703 1
4705 4
4707 1
4709 1
4711 2
4712 1
4714 2
4715 2
4716 1
4722 1
4728 1
4729 1
4732 1
4733 2
4734 1
4737 1
4741 1
4744 1
4747 1
4750 2
4751 2
4752 1
4753 1
4756 1
4758 2
4759 1
4762 2
4764 1
4765 2
4767 1
4776 1
4781 1
4782 1
4783 2
4787 1
4788 1
4791 2
4794 1
4801 1
4802 1
4803 2
4804 1
4808 2
4809 2
4810 2
4811 2
4813 1
4814 1
4816 1
4820 2
4822 1
4824 2
4825 1
4834 1
4836 2
4837 1
4839 1
4844 1
4846 2
4847 1
4849 1
4852 1
4853 1
4862 1
4863 1
4864 1
4865 2
4867 1
4871 1
4872 1
4875 1
4877 1
4880 2
4881 1
4882 1
4884 1
4888 1
4892 1
4894 1
4895 2
4897 1
4899 2
4904 2
4905 1
4906 1
4907 2
4908 1
4909 2
4911 2
4913 2
4914 1
4917 1
4921 2
4922 1
4924 1
4925 3
4926 2
4933 1
4935 1
4936 2
4937 1
4939 1
4947 1
4948 1
4950 1
4952 3
4953 1
4959 1
4960 3
4961 2
4964 3
4965 1
4968 1
4969 1
4975 2
4976 1
4978 2
4979 1
4981 1
4982 1
4984 1
4985 4
4988 1
4992 2
4994 2
4995 1
4999 1
5000 1
5007 1
5008 1
5012 1
5014 1
5019 1
5021 2
5024 1
5025 1
5028 1
5029 1
5030 1
5032 2
5033 1
5035 1
5036 1
5039 1
5040 1
5043 1
5052 2
5054 1
5055 1
5058 1
5060 1
5062 1
5067 1
5074 1
5075 1
5076 3
5078 1
5080 1
5083 1
5084 1
5086 1
5087 1
5092 2
5095 1
5098 1
5101 1
5102 3
5105 1
5107 1
5108 1
5112 1
5113 1
5114 1
5116 1
5118 1
5119 3
5120 14
5128 1
5130 1
5132 1
5133 2
5134 1
5136 4
5138 1
5142 2
5145 1
5146 1
5149 2
5150 1
5151 2
5152 1
5153 1
5156 1
5159 1
5160 1
5162 1
5163 1
5164 2
5166 1
5167 1
5170 1
5171 2
5174 1
5176 3
5183 1
5184 2
5185 1
5188 1
5189 2
5190 1
5192 1
5193 2
5194 1
5196 1
5197 1
5198 1
5201 1
5203 1
5204 1
5205 1
5206 1
5207 2
5208 1
5209 2
5211 1
5212 2
5213 5
5214 1
5216 2
5217 1
5219 1
5225 1
5232 1
5234 1
5235 1
5236 1
5237 1
5239 1
5242 1
5243 1
5246 2
5248 2
5249 1
5254 1
5256 1
5260 1
5261 1
5263 1
5264 1
5266 2
5268 1
5274 1
5276 2
5278 2
5281 1
5282 1
5283 1
5285 1
5290 1
5292 1
5294 1
5302 1
5303 1
5305 1
5308 2
5309 1
5311 1
5312 1
5314 2
5315 1
5316 1
5319 2
5321 1
5322 1
5323 2
5324 1
5332 1
5334 1
5341 1
5344 1
5345 1
5346 1
5347 1
5348 1
5349 1
5356 1
5357 2
5360 2
5365 1
5368 1
5371 1
5374 2
5379 1
5381 1
5382 1
5389 1
5390 1
5395 1
5403 1
5404 1
5405 2
5407 2
5410 1
5412 1
5423 2
5424 2
5429 1
5430 1
5434 1
5440 2
5442 1
5446 1
5449 1
5452 1
5454 2
5457 1
5459 1
5460 1
5469 1
5470 1
5472 1
5473 2
5478 1
5479 1
5480 1
5483 1
5485 1
5488 1
5489 2
5495 1
5496 1
5499 3
5500 2
5501 1
5502 1
5507 1
5508 1
5510 1
5512 2
5516 2
5517 1
5518 1
5522 1
5523 2
5527 1
5528 2
5531 2
5532 1
5534 1
5535 1
5538 1
5542 1
5544 1
5545 2
5547 1
5548 1
5550 2
5557 2
5560 1
5561 2
5565 1
5569 1
5570 1
5573 1
5576 2
5577 2
5581 1
5584 1
5587 1
5588 1
5589 1
5593 1
5594 1
5595 1
5598 1
5600 2
5601 1
5604 1
5606 1
5608 3
5609 1
5615 1
5616 1
5618 1
5620 2
5625 1
5628 1
5630 2
5631 3
5632 3
5634 1
5636 1
5638 1
5640 1
5643 1
5644 2
5645 1
5648 1
5650 1
5655 1
5658 1
5660 1
5662 1
5668 1
5672 1
5673 1
5680 1
5683 1
5685 1
5686 2
5688 1
5695 1
5696 1
5703 2
5704 1
5706 1
5709 1
5713 1
5716 1
5718 1
5719 2
5721 1
5722 2
5724 1
5728 3
5730 1
5732 1
5734 1
5735 1
5740 1
5744 1
5746 1
5748 2
5750 1
5753 1
5754 1
5756 1
5758 1
5768 1
5769 1
5772 2
5776 2
5781 1
5784 1
5788 1
5792 1
5793 2
5796 1
5797 1
5803 1
5806 2
5807 2
5809 2
5810 1
5811 1
5812 2
5813 1
5817 1
5821 1
5823 1
5826 2
5831 1
5832 1
5833 1
5836 2
5838 1
5839 1
5845 1
5847 1
5848 2
5851 1
5855 1
5859 1
5860 1
5863 1
5866 1
5867 1
5868 1
5869 1
5872 1
5875 1
5880 2
5881 2
5882 1
5887 3
5888 1
5889 1
5891 1
5892 1
5896 2
5900 1
5903 1
5904 1
5907 1
5912 2
5925 1
5930 1
5931 2
5933 2
5934 2
5935 1
5940 1
5942 1
5943 1
5946 1
5950 1
5953 1
5954 1
5955 1
5957 1
5963 1
5965 1
5968 1
5970 1
5977 1
5979 1
5981 1
5983 1
5984 3
5985 1
5986 1
5989 2
5991 2
5992 2
5994 3
5996 3
5998 1
5999 1
6001 3
6003 2
6004 2
6008 1
6010 1
6012 1
6013 1
6014 1
6017 1
6019 1
6028 1
6032 1
6035 1
6037 1
6041 2
6044 2
6045 1
6047 1
6049 1
6050 1
6053 1
6056 1
6059 1
6060 1
6063 1
6064 2
6065 1
6067 2
6071 2
6072 1
6074 1
6075 1
6076 1
6080 1
6081 1
6082 4
6084 2
6085 1
6087 1
6092 1
6093 1
6094 1
6096 1
6098 1
6100 2
6102 1
6104 1
6106 1
6111 2
6114 2
6116 1
6117 1
6118 2
6119 1
6123 3
6129 1
6135 2
6138 1
6143 1
6144 5
6145 1
6151 1
6152 1
6155 2
6157 1
6158 2
6162 1
6163 1
6169 1
6172 1
6173 1
6178 1
6179 3
6180 1
6182 1
6187 1
6189 1
6194 1
6197 1
6200 2
6201 1
6204 1
6206 1
6207 2
6208 1
6211 1
6212 2
6213 1
6216 1
6217 1
6222 2
6224 1
6232 1
6233 1
6236 1
6239 2
6244 1
6245 3
6249 1
6250 1
6254 1
6260 1
6265 1
6267 1
6272 1
6281 1
6284 1
6285 1
6287 1
6290 1
6291 1
6295 1
6297 1
6299 1
6320 1
6321 1
6328 1
6336 1
6338 2
6346 1
6348 1
6349 2
6352 2
6354 1
6357 1
6361 1
6363 1
6364 1
6375 1
6380 1
6383 1
6385 1
6387 1
6388 1
6390 1
6396 3
6404 3
6406 1
6408 1
6411 1
6412 1
6416 1
6419 1
6421 1
6423 1
6424 1
6428 1
6434 1
6437 1
6441 1
6442 1
6443 2
6448 1
6459 1
6461 1
6465 1
6467 1
6473 1
6476 1
6479 1
6480 1
6485 1
6492 1
6496 2
6500 2
6504 2
6512 2
6513 1
6516 3
6518 1
6521 1
6522 1
6523 1
6524 1
6526 1
6528 1
6529 1
6536 1
6538 1
6540 1
6541 1
6542 2
6543 1
6545 1
6547 1
6549 1
6553 1
6556 1
6558 1
6559 2
6560 1
6575 1
6584 1
6586 1
6589 2
6591 1
6593 3
6596 2
6597 1
6600 1
6601 1
6604 2
6608 2
6610 1
6613 1
6614 1
6618 1
6623 1
6628 1
6629 1
6641 1
6644 1
6647 1
6654 1
6656 5
6658 1
6659 1
6663 1
6664 1
6671 3
6674 1
6676 1
6680 1
6681 1
6683 1
6688 2
6701 1
6704 1
6706 2
6711 1
6712 2
6713 1
6720 1
6721 1
6728 1
6731 1
6736 1
6747 1
6748 2
6751 1
6754 1
6755 1
6766 1
6768 1
6769 1
6772 1
6774 1
6776 1
6780 2
6782 1
6784 1
6791 1
6797 1
6801 1
6808 1
6812 3
6816 2
6822 2
6824 1
6825 1
6826 1
6832 3
6835 1
6840 1
6845 1
6847 1
6850 1
6869 1
6870 2
6872 1
6873 1
6878 4
6887 1
6889 1
6894 1
6896 1
6904 1
6908 1
6912 2
6913 3
6930 2
6936 1
6941 1
6942 1
6947 1
6948 1
6951 1
6953 1
6960 1
6964 1
6965 1
6970 1
6972 1
6975 1
6979 1
6980 1
6981 1
6993 2
6995 1
6998 3
7003 1
7004 1
7005 1
7007 1
7009 1
7012 1
7015 1
7017 1
7021 1
7022 1
7026 1
7028 1
7029 1
7034 1
7044 1
7047 1
7048 1
7053 1
7056 2
7060 1
7069 1
7071 1
7080 1
7088 1
7092 1
7094 1
7096 1
7100 1
7103 1
7105 1
7108 1
7114 1
7119 1
7122 1
7123 1
7124 3
7126 1
7128 1
7136 1
7147 2
7148 1
7154 2
7157 1
7158 1
7160 1
7164 1
7167 2
7168 2
7174 1
7185 2
7188 2
7190 1
7192 2
7194 1
7196 2
7200 1
7201 1
7206 2
7209 4
7212 1
7216 1
7217 2
7221 1
7224 2
7229 3
7231 1
7233 1
7240 1
7246 1
7249 1
7252 1
7258 1
7263 1
7266 1
7268 1
7276 1
7289 1
7291 1
7294 1
7302 1
7310 1
7314 1
7319 1
7324 1
7329 1
7330 1
7331 1
7338 1
7341 1
7347 1
7348 1
7352 2
7370 1
7387 1
7388 1
7389 1
7395 1
7396 1
7397 1
7400 1
7404 1
7418 1
7432 1
7436 1
7437 1
7441 2
7442 2
7448 1
7452 1
7466 1
7469 1
7470 1
7479 1
7480 1
7481 1
7484 1
7488 1
7499 2
7501 1
7502 2
7505 2
7508 1
7509 1
7510 1
7512 1
7516 2
7520 1
7521 1
7527 1
7528 1
7537 1
7538 1
7539 1
7540 1
7544 1
7547 1
7548 1
7555 1
7556 1
7560 1
7564 1
7565 1
7569 2
7574 1
7576 2
7583 1
7589 1
7590 1
7592 1
7602 1
7603 2
7604 1
7607 1
7611 1
7616 1
7618 1
7620 1
7621 1
7622 2
7624 1
7628 1
7630 1
7638 1
7639 1
7644 1
7652 1
7653 1
7659 1
7672 2
7674 1
7675 1
7676 1
7680 4
7693 1
7704 2
7705 1
7708 2
7712 1
7720 1
7721 1
7725 1
7732 1
7740 1
7741 2
7752 1
7753 1
7775 1
7777 1
7784 1
7785 1
7788 2
7792 1
7793 2
7796 1
7797 1
7800 1
7804 1
7806 1
7814 1
7820 1
7826 2
7828 1
7830 1
7836 1
7838 1
7839 1
7840 1
7841 2
7844 2
7845 1
7847 1
7849 1
7854 1
7860 1
7872 1
7874 1
7875 1
7882 1
7884 1
7889 1
7893 1
7894 1
7900 1
7904 1
7912 1
7918 1
7920 1
7921 1
7922 1
7928 1
7939 2
7944 1
7948 1
7949 1
7960 1
7963 1
7965 1
7968 2
7971 1
7972 1
7975 1
7978 1
7981 1
7984 1
7988 1
7992 2
8008 1
8012 1
8016 2
8024 1
8030 1
8031 1
8036 1
8042 1
8046 1
8047 1
8048 1
8060 1
8063 1
8068 1
8069 2
8072 2
8076 1
8079 1
8080 1
8081 1
8085 1
8087 1
8088 1
8095 2
8100 1
8103 1
8104 2
8105 1
8110 1
8112 1
8115 1
8118 1
8120 1
8124 1
8128 1
8144 2
8146 1
8148 1
8153 1
8164 1
8169 1
8184 1
8188 1
8189 1
8192 2
8208 1
8219 1
8226 1
8238 1
8241 1
8243 1
8246 1
8248 1
8251 1
8255 2
8257 1
8261 1
8264 1
8266 1
8267 1
8272 1
8276 1
8283 1
8284 1
8288 1
8292 2
8296 3
8303 1
8304 2
8305 1
8309 1
8313 1
8314 1
8324 1
8336 1
8339 1
8347 1
8348 1
8351 1
8352 1
8358 1
8367 1
8368 1
8371 1
8372 1
8376 1
8383 1
8386 2
8392 1
8396 1
8399 3
8400 1
8403 1
8405 1
8408 1
8416 1
8420 1
8434 2
8435 1
8450 1
8452 1
8460 3
8464 2
8469 1
8472 1
8473 1
8475 1
8476 1
8484 2
8486 1
8488 1
8489 2
8498 1
8500 1
8503 1
8509 1
8513 1
8515 1
8531 1
8532 1
8535 1
8543 1
8548 1
8564 1
8566 1
8568 1
8585 1
8592 1
8596 1
8599 1
8600 2
8609 1
8610 1
8612 1
8614 1
8620 1
8624 1
8633 1
8639 2
8641 1
8643 1
8648 1
8649 1
8655 1
8660 1
8663 1
8667 1
8668 1
8670 1
8671 1
8677 1
8687 1
8689 2
8690 1
8692 1
8697 1
8701 1
8704 1
8713 1
8722 1
8724 2
8735 1
8739 1
8740 2
8741 1
8745 1
8748 1
8750 1
8758 1
8760 1
8763 1
8773 1
8775 1
8787 1
8790 1
8792 1
8819 1
8821 1
8825 1
8832 1
8834 1
8836 1
8840 4
8846 1
8847 1
8850 3
8857 1
8859 1
8860 5
8865 1
8870 5
8871 1
8875 1
8881 2
8891 1
8896 1
8900 1
8901 1
8924 2
8934 1
8936 1
8938 1
8939 2
8940 1
8966 1
8967 1
8968 1
8985 1
8987 1
8989 1
8996 1
8999 1
9004 2
9007 1
9012 2
9013 1
9017 1
9021 1
9022 1
9027 1
9028 1
9040 1
9058 1
9066 1
9069 2
9073 1
9076 1
9084 3
9088 1
9092 1
9098 2
9112 1
9122 1
9124 1
9126 1
9129 1
9131 1
9136 1
9137 1
9138 1
9148 2
9151 1
9156 2
9157 1
9160 1
9163 1
9164 1
9165 1
9166 1
9171 1
9176 1
9187 1
9188 1
9212 1
9216 1
9227 1
9244 1
9248 1
9252 2
9271 1
9276 1
9280 1
9282 1
9284 1
9289 1
9292 1
9294 1
9300 1
9302 1
9304 1
9308 1
9316 1
9317 1
9320 1
9323 1
9328 1
9332 1
9336 2
9343 1
9348 1
9352 1
9370 1
9389 1
9397 1
9399 1
9401 5
9405 1
9406 1
9408 2
9409 1
9410 1
9412 1
9413 2
9418 1
9419 2
9420 1
9425 1
9428 1
9429 1
9434 1
9435 4
9438 1
9439 1
9440 2
9444 1
9447 1
9450 1
9459 1
9460 5
9461 1
9468 1
9469 2
9470 1
9472 1
9477 1
9479 1
9489 1
9494 1
9496 4
9499 2
9501 2
9504 1
9508 2
9516 2
9521 4
9524 2
9526 1
9537 1
9539 1
9557 1
9560 1
9564 1
9566 1
9571 2
9576 1
9577 1
9579 1
9582 1
9584 1
9585 1
9586 1
9592 1
9600 1
9601 1
9608 1
9610 4
9612 1
9618 1
9620 4
9626 1
9629 5
9633 1
9636 3
9638 6
9640 1
9642 1
9648 1
9652 1
9656 1
9662 2
9663 1
9665 1
9670 2
9671 1
9672 1
9676 1
9680 1
9681 2
9682 3
9683 1
9684 5
9692 1
9695 2
9696 1
9701 1
9707 1
9711 2
9721 2
9727 1
9728 1
9730 1
9733 1
9735 2
9749 2
9750 1
9752 1
9755 3
9758 1
9759 1
9761 1
9770 1
9773 1
9777 2
9790 1
9791 3
9792 1
9793 1
9801 2
9802 1
9803 2
9817 1
9819 1
9824 1
9828 2
9829 1
9833 2
9836 2
9837 1
9838 6
9839 1
9840 1
9841 2
9843 2
9849 7
9853 1
9855 2
9859 2
9861 1
9862 1
9868 1
9869 3
9874 1
9876 1
9877 2
9878 1
9879 1
9884 1
9885 1
9888 1
9890 2
9892 1
9893 1
9896 1
9897 1
9901 1
9905 2
9907 1
9908 1
9909 1
9912 1
9913 1
9915 1
9918 1
9920 1
9924 1
9928 1
9930 1
9932 1
9937 1
9938 1
9940 1
9943 1
9952 1
9956 1
9969 1
9975 1
9976 3
9983 1
9991 1
9996 1
9997 1
9999 1
10003 1
10004 1
10024 2
10025 1
10028 1
10030 1
10036 1
10037 1
10039 1
10041 1
10044 1
10048 3
10049 1
10052 1
10059 1
10060 1
10062 1
10064 2
10068 1
10071 1
10072 2
10078 2
10085 2
10086 1
10088 1
10092 2
10093 2
10094 1
10096 1
10098 2
10101 1
10102 3
10104 1
10105 2
10106 1
10107 1
10112 1
10113 1
10116 4
10117 3
10118 1
10124 2
10126 3
10127 1
10128 1
10130 1
10132 2
10136 2
10137 1
10140 1
10144 1
10146 1
10154 2
10155 1
10159 1
10162 1
10172 2
10177 1
10189 1
10190 1
10191 1
10192 1
10197 1
10201 2
10204 1
10221 1
10234 1
10238 1
10240 2
10244 1
10245 1
10247 1
10252 1
10256 1
10264 1
10265 2
10268 1
10270 4
10280 4
10281 1
10282 1
10285 1
10286 1
10288 1
10289 1
10296 3
10299 1
10301 1
10306 1
10314 1
10317 1
10319 1
10320 2
10322 1
10326 1
10329 1
10331 1
10332 1
10336 1
10337 1
10338 1
10348 1
10352 2
10358 1
10360 1
10364 1
10366 1
10367 1
10370 1
10372 2
10373 1
10374 1
10376 2
10377 1
10380 1
10381 1
10386 1
10388 2
10390 2
10391 2
10392 1
10394 1
10404 1
10408 4
10415 1
10418 2
10419 1
10420 1
10427 1
10428 1
10429 1
10432 1
10435 2
10436 3
10437 1
10440 1
10447 1
10451 1
10453 4
10455 1
10456 1
10457 1
10459 2
10460 2
10463 2
10464 1
10465 3
10466 2
10470 2
10471 1
10472 1
10475 1
10476 2
10479 1
10480 2
10485 1
10493 2
10495 1
10496 1
10500 1
10501 1
10503 3
10505 1
10507 1
10512 1
10513 1
10519 1
10521 2
10524 1
10525 1
10527 1
10528 3
10531 1
10536 2
10537 2
10538 1
10541 3
10542 2
10546 1
10549 1
10551 1
10554 1
10556 1
10560 1
10562 1
10563 1
10565 2
10567 1
10568 1
10569 1
10575 1
10578 1
10588 2
10593 1
10608 1
10610 2
10617 1
10626 1
10627 1
10635 1
10636 2
10650 1
10651 1
10654 1
10657 1
10658 1
10659 1
10661 1
10662 2
10663 2
10666 4
10669 2
10670 1
10671 1
10675 2
10676 2
10677 1
10683 1
10687 2
10688 1
10695 1
10697 1
10698 1
10704 2
10705 1
10706 1
10709 1
10710 1
10713 1
10716 1
10718 1
10720 2
10722 2
10726 2
10734 1
10735 2
10738 2
10742 2
10744 1
10747 2
10748 2
10750 1
10751 1
10752 1
10753 1
10754 1
10757 1
10758 1
10759 1
10762 1
10764 1
10765 1
10766 1
10767 2
10768 1
10774 1
10775 2
10780 1
10783 1
10787 2
10789 1
10792 1
10796 1
10798 1
10800 1
10807 6
10819 1
10828 1
10830 1
10832 1
10852 2
10866 1
10868 1
10877 1
10880 1
10884 1
10885 1
10887 1
10912 1
10918 1
10922 1
10924 1
10936 2
10940 1
10942 1
10947 6
10951 1
10952 3
10954 1
10957 7
10961 1
10963 1
10965 1
10966 2
10967 1
10971 1
10972 7
10974 3
10975 4
10976 1
10978 1
10980 3
10981 1
10984 1
10985 2
10990 2
10994 1
10995 3
10999 2
11005 2
11015 1
11016 1
11017 2
11021 1
11028 1
11029 1
11031 3
11033 1
11035 1
11040 1
11043 3
11044 2
11053 1
11055 2
11060 1
11061 1
11067 1
11070 1
11074 1
11081 1
11083 1
11096 1
11098 1
11100 1
11106 1
11108 1
11111 1
11121 1
11123 1
11129 2
11131 1
11139 3
11140 1
11141 1
11143 1
11144 1
11149 1
11151 1
11153 1
11154 1
11155 1
11158 2
11159 1
11161 1
11163 2
11165 2
11166 2
11167 1
11172 1
11181 1
11184 1
11192 1
11196 1
11204 2
11213 1
11221 1
11225 1
11238 1
11240 1
11241 1
11243 1
11254 1
11259 1
11261 1
11264 1
11271 3
11272 2
11274 1
11279 1
11289 3
11292 1
11293 1
11294 1
11295 1
11296 1
11298 1
11299 1
11300 1
11302 1
11305 2
11308 4
11310 1
11311 1
11312 1
11313 1
11317 4
11318 1
11319 1
11322 1
11323 1
11331 1
11332 2
11335 1
11340 1
11344 1
11347 2
11352 2
11356 2
11360 1
11361 1
11363 1
11364 1
11366 2
11369 1
11375 1
11384 1
11385 1
11386 2
11390 2
11396 1
11397 1
11398 1
11409 1
11417 1
11427 1
11430 2
11441 1
11448 1
11451 2
11468 2
11476 1
11480 1
11510 2
11520 1
11521 1
11523 2
11525 1
11535 1
11536 1
11547 3
11548 1
11552 1
11560 2
11563 1
11564 1
11565 2
11579 2
11581 1
11582 2
11585 1
11586 2
11588 1
11589 1
11591 1
11594 2
11597 1
11599 1
11603 1
11606 1
11610 2
11620 1
11621 1
11630 1
11656 2
11666 1
11671 2
11675 1
11680 1
11691 2
11701 1
11703 1
11708 1
11709 1
11721 1
11724 1
11726 1
11729 1
11733 1
11739 1
11744 1
11746 2
11748 1
11749 1
11750 1
11752 1
11755 1
11762 1
11763 1
11766 1
11773 1
11776 1
11779 1
11782 1
11784 1
11788 1
11792 1
11794 1
11798 1
11800 1
11803 1
11806 1
11813 1
11816 1
11818 1
11820 1
11821 1
11825 1
11832 1
11836 1
11846 1
11848 1
11849 1
11850 1
11852 1
11853 1
11856 1
11862 1
11864 1
11868 2
11871 1
11873 1
11875 2
11882 1
11904 1
11905 1
11911 1
11915 1
11926 1
11927 1
11932 1
11936 2
11940 1
11949 1
11960 1
11974 1
11976 1
11978 1
11980 1
11995 1
12007 1
12008 2
12012 1
12014 1
12015 1
12017 1
12020 1
12028 1
12038 1
12056 1
12060 1
12067 1
12073 1
12080 1
12108 1
12113 1
12125 1
12141 1
12142 2
12145 2
12151 1
12155 1
12156 1
12158 1
12161 1
12162 2
12164 1
12166 1
12170 1
12176 1
12179 1
12185 1
12192 1
12193 1
12202 2
12212 1
12235 6
12240 1
12254 1
12259 1
12273 1
12274 1
12276 1
12281 1
12284 1
12288 1
12316 1
12318 1
12326 1
12329 1
12344 1
12347 1
12353 1
12356 1
12358 1
12371 1
12373 2
12374 3
12390 1
12404 1
12408 2
12412 4
12429 1
12434 1
12436 1
12444 2
12467 1
12468 1
12470 1
12472 1
12476 1
12484 1
12513 1
12520 1
12527 3
12534 2
12538 1
12545 1
12546 2
12550 1
12553 2
12564 1
12567 1
12568 1
12577 1
12585 1
12586 1
12590 1
12605 1
12608 1
12610 1
12616 1
12625 1
12632 2
12641 1
12647 1
12659 2
12661 1
12668 1
12685 1
12686 1
12693 1
12702 1
12704 1
12705 1
12707 1
12734 1
12735 1
12758 1
12760 1
12766 1
12788 1
12798 1
12807 1
12813 1
12817 1
12822 1
12827 1
12830 1
12834 1
12841 3
12850 1
12853 1
12860 1
12862 1
12872 1
12908 1
12909 1
12912 1
12913 1
12926 1
12934 1
12936 1
12945 1
12953 1
12954 1
12959 1
12971 1
12987 1
12990 1
12991 1
12999 1
13002 3
13010 1
13016 1
13027 1
13028 1
13029 1
13037 1
13042 1
13052 1
13054 1
13061 1
13068 2
13074 1
13076 1
13080 1
13092 1
13105 1
13107 1
13117 1
13124 2
13146 1
13150 1
13172 1
13179 1
13188 1
13196 1
13198 2
13206 1
13236 1
13241 1
13248 1
13253 1
13264 1
13265 2
13272 1
13279 1
13327 1
13328 2
13344 1
13348 1
13355 1
13361 1
13370 1
13381 1
13404 1
13414 1
13425 1
13427 1
13434 1
13444 1
13448 1
13452 1
13460 1
13464 1
13468 1
13490 1
13498 1
13499 1
13511 1
13514 1
13525 1
13527 3
13533 1
13561 1
13567 1
13605 1
13607 1
13626 1
13628 1
13649 1
13658 1
13694 1
13718 1
13726 1
13735 1
13752 1
13761 1
13776 1
13778 1
13788 1
13792 1
13798 2
13801 1
13804 1
13841 1
13843 1
13847 1
13853 1
13855 2
13867 1
13869 1
13900 1
13909 1
13914 2
13920 1
13930 1
13938 1
13945 1
13951 1
13972 1
13987 1
14003 2
14012 1
14014 1
14038 1
14044 1
14047 1
14069 1
14079 1
14085 1
14093 1
14111 1
14120 1
14135 1
14148 1
14162 1
14164 1
14173 1
14174 1
14178 1
14196 1
14201 1
14212 1
14227 1
14228 1
14229 1
14243 1
14246 1
14260 1
14263 1
14268 1
14271 1
14308 1
14316 1
14334 1
14352 1
14354 1
14357 1
14364 1
14370 1
14372 1
14376 1
14408 1
14416 1
14430 1
14442 1
14443 1
14444 1
14445 1
14450 1
14463 2
14465 1
14467 1
14472 1
14473 1
14476 1
14477 1
14479 1
14505 1
14506 1
14522 1
14532 1
14536 1
14543 1
14557 1
14573 1
14591 1
14608 1
14618 1
14620 1
14624 1
14657 1
14672 1
14700 1
14704 1
14724 1
14780 1
14792 1
14808 1
14811 1
14812 1
14819 1
14827 1
14844 1
14848 1
14867 1
14875 1
14896 1
14908 1
14911 1
14914 1
14926 1
14928 1
14929 2
14940 1
14952 1
14954 1
14960 1
14964 1
14988 1
14992 1
14996 2
15000 1
15017 1
15022 1
15032 1
15065 1
15077 1
15078 1
15089 1
15114 1
15126 1
15143 1
15152 1
15165 1
15178 2
15187 1
15196 2
15209 1
15212 1
15215 1
15249 1
15253 1
15254 1
15256 1
15266 1
15270 1
15276 1
15278 1
15283 1
15297 1
15306 1
15311 1
15322 1
15332 1
15343 1
15344 1
15346 2
15354 1
15367 1
15368 1
15380 1
15400 1
15422 1
15423 1
15434 1
15437 1
15441 1
15444 1
15470 1
15474 1
15476 1
15506 1
15532 1
15535 1
15544 1
15558 1
15584 1
15586 1
15603 1
15608 1
15620 1
15622 1
15623 1
15639 1
15643 1
15669 1
15682 1
15690 1
15693 2
15695 1
15698 1
15736 1
15743 1
15748 1
15751 1
15773 1
15790 1
15797 1
15804 1
15812 1
15818 1
15836 1
15858 1
15868 1
15872 1
15873 1
15884 1
15980 1
15981 1
15984 1
15986 1
16051 1
16081 1
16088 1
16098 1
16105 1
16107 1
16120 1
16134 1
16140 3
16141 1
16144 1
16157 1
16159 1
16175 1
16179 1
16188 1
16256 1
16284 1
16298 1
16311 1
16312 1
16338 1
16352 1
16360 1
16363 1
16369 1
16374 1
16380 1
16384 23
16393 1
16408 1
16413 1
16423 1
16426 2
16433 1
16443 1
16450 1
16453 1
16455 1
16508 4
16519 1
16532 1
16548 1
16556 1
16568 1
16582 1
16600 1
16634 1
16639 1
16676 1
16701 1
16716 1
16720 1
16777 1
16787 1
16788 1
16813 1
16827 1
16864 1
16891 1
16915 1
16918 1
16928 1
16953 1
16960 1
16984 1
16990 1
17006 1
17012 1
17016 1
17039 1
17044 1
17045 1
17109 2
17111 1
17143 1
17166 1
17184 1
17191 1
17212 1
17214 1
17297 1
17299 1
17316 1
17324 1
17344 1
17346 1
17364 1
17397 1
17398 1
17399 1
17426 1
17435 1
17448 1
17469 1
17472 1
17491 1
17505 1
17524 1
17526 2
17553 1
17567 1
17576 1
17589 1
17597 1
17610 1
17630 1
17640 1
17659 1
17668 1
17677 1
17713 1
17742 1
17746 1
17751 1
17771 1
17774 1
17775 1
17779 1
17804 1
17837 1
17862 1
17911 2
17916 1
17934 1
17937 1
17965 1
17970 1
17976 2
17988 1
17992 1
18014 1
18025 1
18031 1
18040 1
18070 1
18075 1
18077 1
18092 1
18125 2
18130 1
18133 1
18145 1
18155 1
18156 1
18164 1
18166 1
18176 1
18192 1
18194 1
18211 1
18226 2
18234 1
18268 1
18272 2
18273 2
18327 1
18368 1
18371 1
18400 1
18409 1
18412 1
18451 1
18464 1
18472 1
18499 1
18523 1
18531 1
18580 1
18594 1
18596 1
18599 1
18612 1
18644 1
18649 1
18657 1
18664 2
18668 1
18671 1
18695 1
18696 1
18718 1
18736 1
18746 1
18748 1
18769 1
18791 1
18795 1
18801 1
18822 1
18837 1
18860 1
18878 1
18903 1
18957 2
18977 1
18978 1
18980 2
18997 1
19001 1
19014 1
19021 1
19034 1
19045 1
19056 1
19058 1
19062 1
19116 1
19178 1
19180 1
19213 1
19245 1
19304 1
19321 1
19343 1
19346 1
19362 1
19399 1
19417 1
19436 1
19587 1
19616 1
19624 1
19653 1
19664 1
19670 1
19674 1
19676 1
19692 1
19727 1
19729 1
19767 1
19796 1
19808 1
19810 1
19813 1
19816 1
19822 1
19852 1
19884 1
19892 1
19900 1
19911 1
19916 1
19945 1
19947 1
19988 1
19997 1
20000 1
20044 1
20048 1
20055 1
20067 1
20068 1
20076 1
20079 1
20109 1
20112 1
20128 1
20151 1
20182 1
20183 1
20195 1
20213 1
20214 1
20216 1
20248 1
20260 1
20268 1
20284 1
20297 1
20354 1
20360 1
20388 1
20398 1
20399 1
20427 1
20464 1
20475 1
20489 1
20510 1
20511 1
20512 1
20540 1
20565 1
20607 1
20626 1
20668 1
20756 2
20764 1
20765 1
20847 1
20852 1
20868 1
20875 1
20882 1
20886 1
20958 1
20981 1
20992 2
21062 1
21064 1
21081 1
21100 1
21135 1
21144 1
21147 1
21179 1
21193 1
21207 1
21235 1
21244 1
21248 1
21256 1
21264 1
21293 1
21314 1
21316 1
21324 2
21353 1
21454 1
21485 1
21498 1
21514 1
21521 1
21606 1
21646 1
21696 1
21732 1
21733 1
21740 1
21752 1
21756 1
21764 1
21765 1
21774 1
21781 1
21795 1
21801 1
21804 1
21816 1
21823 1
21842 1
21846 1
21868 1
21909 1
21932 1
21978 1
22015 1
22016 1
22021 1
22025 1
22037 1
22049 1
22063 1
22079 1
22101 1
22132 2
22150 1
22165 1
22182 1
22188 1
22256 2
22270 2
22279 1
22304 2
22308 1
22318 1
22322 1
22324 1
22350 1
22399 1
22450 1
22507 1
22570 1
22604 1
22639 1
22649 1
22656 1
22667 1
22688 1
22692 2
22740 1
22805 1
22837 1
22852 1
22907 1
22909 1
22913 1
22918 1
22935 1
22938 1
22965 1
22972 2
22999 1
23004 1
23048 1
23059 1
23123 1
23134 1
23146 1
23228 1
23252 1
23284 1
23286 1
23292 2
23342 2
23344 1
23393 1
23402 1
23464 1
23479 1
23522 1
23544 1
23580 1
23594 1
23604 1
23605 1
23628 1
23637 1
23640 1
23647 1
23651 1
23669 1
23675 1
23684 1
23728 1
23750 1
23774 1
23789 1
23855 1
23868 1
23876 1
23884 1
23887 1
23891 1
23909 1
23923 1
23931 1
23946 1
24025 1
24026 1
24060 1
24062 1
24093 1
24100 1
24173 1
24176 1
24237 1
24247 1
24274 1
24282 1
24312 1
24324 1
24388 1
24412 1
24460 1
24485 1
24529 1
24558 3
24576 49
24608 1
24618 1
24631 1
24679 1
24690 1
24702 1
24718 1
24732 1
24774 1
24844 1
24859 1
24924 1
24976 1
25035 1
25063 1
25070 1
25084 1
25092 1
25120 1
25129 1
25153 1
25184 1
25192 1
25196 1
25423 1
25427 1
25462 1
25478 3
25495 1
25546 1
25558 1
25684 1
25725 1
25767 1
25848 1
25857 1
25880 1
25911 1
25962 1
25979 1
26014 1
26043 1
26055 1
26139 1
26147 1
26225 1
26269 1
26278 1
26291 1
26296 1
26343 1
26426 1
26452 1
26453 1
26464 1
26492 1
26625 1
26636 1
26638 1
26744 1
26748 1
26771 1
26828 1
26848 1
26913 1
26947 1
26954 1
26980 1
27023 1
27057 1
27159 1
27177 1
27222 1
27242 1
27251 1
27289 1
27300 1
27301 1
27313 1
27332 1
27405 1
27480 1
27487 1
27495 1
27516 1
27585 1
27616 1
27617 1
27698 1
27712 1
27759 1
27792 1
27810 1
27832 1
27874 1
27881 1
27983 1
28003 1
28042 1
28156 1
28201 1
28297 1
28310 1
28330 1
28343 1
28353 1
28488 1
28526 1
28541 1
28580 1
28701 1
28704 1
28728 1
28739 1
28772 1
28860 1
28876 2
28883 1
28889 1
28964 1
28972 1
29006 1
29012 1
29040 1
29056 1
29059 1
29071 1
29072 1
29126 1
29195 1
29220 1
29332 1
29344 1
29363 1
29377 1
29382 1
29418 1
29446 1
29508 1
29532 1
29541 1
29589 1
29596 1
29616 1
29660 1
29692 1
29716 1
29732 1
29740 1
29760 1
29825 1
29846 1
29866 1
29956 1
29978 1
29984 1
29995 1
30061 1
30096 1
30172 1
30282 1
30295 1
30306 1
30328 1
30335 1
30392 1
30393 1
30410 1
30513 1
30553 1
30560 1
30579 1
30708 1
30766 1
30783 1
30816 1
30819 1
30896 1
30916 1
30952 1
30972 1
30991 1
31326 1
31372 1
31412 1
31417 1
31428 1
31457 1
31479 1
31480 1
31549 1
31552 1
31554 1
31559 1
31591 1
31592 1
31622 1
31632 1
31647 1
31675 1
31705 1
31708 1
31823 2
31872 1
31883 1
32134 1
32144 2
32167 1
32305 1
32327 1
32365 1
32369 1
32555 1
32587 1
32592 1
32624 1
32675 1
32709 1
32768 19
32773 1
32785 1
32798 1
32847 1
32911 1
33057 1
33197 1
33228 1
33229 1
33314 1
33358 1
33406 1
33440 1
33530 1
33532 1
33594 1
33890 1
33918 1
33930 1
33958 1
33969 1
34021 1
34096 1
34106 1
34158 1
34175 1
34189 1
34237 2
34247 1
34309 1
34331 1
34345 1
34364 1
34365 1
34367 1
34388 1
34393 1
34454 1
34463 1
34467 1
34500 1
34552 1
34557 1
34626 1
34667 1
34701 2
34714 1
34823 1
34849 1
34972 1
35061 1
35073 1
35128 1
35137 1
35145 1
35167 1
35280 1
35304 2
35334 1
35342 2
35379 1
35451 1
35474 1
35552 1
35584 1
35595 1
35603 1
35607 1
35676 1
35700 1
35712 1
35816 1
35825 1
35857 1
35891 1
35934 1
35983 1
36026 1
36040 1
36076 1
36091 1
36092 1
36138 1
36176 1
36178 1
36181 1
36198 1
36300 1
36383 1
36451 1
36647 1
36692 1
36714 1
36721 1
36805 1
36883 1
36972 1
36993 1
37003 1
37036 1
37077 1
37215 1
37290 1
37300 1
37357 1
37372 1
37495 1
37497 1
37554 1
37589 1
37655 1
37660 1
37661 1
37735 1
37756 1
37783 1
37856 1
37934 1
38009 1
38013 1
38072 1
38181 1
38252 1
38284 1
38350 1
38381 1
38388 1
38468 1
38483 1
38551 1
38560 1
38676 1
38702 1
38812 1
39240 1
39272 1
39376 1
39539 1
39545 1
39637 3
39673 1
39680 1
39715 1
39822 1
39900 1
39993 1
40132 1
40192 1
40277 1
40287 1
40303 1
40447 1
40542 1
40620 1
40676 1
40701 1
40716 1
40728 1
40801 1
40892 1
40960 10
40986 1
40988 1
41143 1
41153 1
41240 1
41392 1
41396 1
41453 1
41472 1
41475 1
41736 1
41840 1
41874 1
42117 1
42122 1
42177 1
42212 1
42274 1
42317 1
42383 2
42693 1
42705 1
42850 1
42872 1
42876 1
42916 1
43004 1
43149 1
43426 1
43430 1
43438 1
43507 1
43616 1
43652 1
43738 1
43759 1
43786 1
43867 1
43968 1
43994 1
44025 1
44041 1
44123 1
44129 1
44165 1
44234 1
44247 1
44272 1
44476 1
44493 1
44658 2
44662 3
44686 1
44704 1
44714 4
44727 1
44750 1
44776 1
44883 1
44950 1
45093 1
45100 1
45315 1
45324 1
45413 1
45460 1
45605 1
45638 1
45639 1
45688 1
45749 1
45850 1
45928 1
45960 1
46100 1
46101 1
46184 1
46268 1
46315 1
46473 1
46529 1
46824 1
46919 1
47000 1
47027 1
47125 16
47138 8
47174 1
47205 10
47218 1
47288 1
47417 1
47453 1
47613 1
47826 1
47885 1
48995 2
49084 1
49152 6
49256 1
49311 2
49376 1
49456 1
49493 1
49811 1
49837 1
49847 1
49853 1
49914 1
49926 1
50002 1
50009 1
50035 1
50104 1
50105 1
50180 1
50241 1
50287 1
50336 1
50348 1
50350 4
50351 2
50361 3
50362 1
50375 2
50381 1
50449 1
50904 1
50910 1
51023 1
51056 1
51066 2
51067 1
51072 1
51077 1
51079 4
51080 4
51081 1
51082 2
51083 3
51092 1
51093 1
51099 1
51113 1
51242 1
51334 1
51407 1
51434 1
51465 1
51489 1
51541 1
51636 1
51693 1
51816 1
51821 1
52353 1
52366 1
52455 1
52513 1
52548 1
52896 1
52960 1
52962 1
53523 1
53780 1
53806 1
53981 1
54173 1
54500 1
54667 1
54879 1
55004 1
55046 1
55299 1
55619 1
55707 1
55789 1
55812 1
55929 1
55957 1
56185 1
56207 1
56223 1
56432 1
56647 1
56744 1
57201 1
57344 6
57345 2
57349 1
57350 1
57351 2
57354 1
57356 2
57359 1
57446 1
57482 1
57566 2
57649 1
57836 1
58417 1
58553 1
58586 2
58715 1
58742 1
58795 1
58887 1
59014 1
59087 1
59222 1
59431 1
59477 1
59526 1
59822 1
59871 1
59914 1
59925 1
60076 1
60201 1
60214 1
60256 1
60327 1
60375 1
60403 1
60489 1
60634 1
60691 1
60715 1
60875 1
61153 1
61218 1
61253 1
61295 1
61397 1
62032 1
62336 1
62372 1
62445 1
62645 1
62697 1
62832 1
62848 1
62855 1
62978 1
62994 1
63171 1
63283 1
63525 1
63805 1
63926 1
63968 1
64132 1
64162 1
64350 1
64521 1
64685 1
64758 1
64994 1
64998 1
65536 4
65572 1
65814 1
66243 1
66340 1
66433 1
66849 1
66918 1
67413 1
68006 1
68088 1
68610 1
68734 1
69380 2
69541 1
69640 1
69692 1
69694 1
69777 1
69819 1
70085 1
70162 1
70855 1
71197 1
71405 1
71808 1
71853 1
71883 1
71913 1
72745 1
72822 1
72924 1
72968 1
73711 1
73728 6
73741 1
73764 1
73948 1
74260 1
74476 1
74514 1
74738 1
75607 1
75819 1
76026 1
76192 1
76324 1
76572 2
76898 1
77134 1
77930 1
78037 1
78130 1
78136 1
79336 1
79488 1
80140 1
80144 1
80156 1
80167 2
80178 2
80445 1
80941 1
81034 1
81076 1
81920 19
82409 1
82678 1
82736 1
82844 1
83384 1
83862 1
83938 1
84276 1
85206 1
85528 1
86113 1
86820 1
87742 1
87929 1
88353 1
89281 1
89628 1
90112 2
90113 1
90183 1
91111 1
91560 1
94626 1
94693 1
95374 1
97915 1
98001 1
98304 7
99763 1
100666 1
101484 1
102202 1
102545 1
102596 1
103721 1
104434 1
106173 1
106496 4
108032 2
108235 1
110164 1
112421 1
112730 1
114238 1
114688 1
114808 1
115149 1
115551 1
115985 1
116224 2
116243 1
116660 1
116803 1
117166 1
117888 1
118512 1
120114 2
122880 4
123273 1
123441 1
123675 1
124103 1
124262 1
124508 1
126698 2
127254 1
127842 1
130604 1
131072 3
133439 1
135167 1
136194 1
138533 1
138552 1
139264 24
139516 2
140368 1
140571 1
140963 2
147456 1
148929 1
149475 1
152803 1
153099 1
155532 1
155648 1
160161 2
161180 1
161508 1
161768 1
162896 1
163840 7
165986 1
167621 1
170715 1
171323 1
171441 1
172032 3
176058 1
177573 1
180224 10
184170 1
188416 6
188758 1
190533 1
192152 2
194841 2
195211 1
199128 1
199859 4
204569 3
204800 1
209615 1
210319 1
210603 1
213223 1
213717 1
217018 1
217890 2
220390 2
221486 1
222040 1
224784 1
229376 1
232247 2
232904 1
235224 1
238967 1
240992 1
243343 1
245692 1
247710 1
251827 1
253952 2
256291 2
257662 1
257848 1
258361 1
262144 2
267489 2
271216 1
272544 1
278528 2
281304 1
282676 1
287898 1
293598 1
294768 1
303104 2
319417 2
319663 1
320008 1
320140 1
320162 1
327680 1
327764 2
328765 1
335872 1
339036 1
339428 1
342533 1
344064 3
365136 2
368439 1
369628 1
373753 1
379322 1
381050 2
385024 3
388712 1
393216 1
398309 1
400183 1
401450 1
417792 1
418294 1
419330 2
423044 1
439618 1
440230 1
441103 1
442539 1
445683 1
462762 1
468536 1
474442 1
480841 1
485438 1
491520 6
491646 1
492176 1
492706 2
493119 1
499712 2
516096 1
532480 2
540517 1
540672 1
549033 1
556486 1
557056 2
565248 1
565504 1
577016 2
581632 1
587832 1
588218 1
589824 1
593468 1
598016 1
606208 1
614026 1
622554 2
638976 1
647168 1
655331 1
655360 1
663552 2
671744 2
679936 3
688128 1
696320 4
704512 2
707362 1
712704 1
720896 1
729088 3
753664 1
759838 1
796148 1
801682 1
811008 1
819200 2
827392 1
835584 2
843776 2
868352 1
901120 1
909312 1
911261 1
917504 1
933888 1
1007616 1
1018540 1
1019927 1
1048576 1
1073152 1
1083922 1
1106942 1
1130496 2
1138688 1
1146880 1
1182712 1
1245184 1
1295166 1
1318912 1
1363679 1
1368064 1
1405907 1
1485638 1
1507328 1
1542588 1
1560144 1
1593242 1
1595024 1
1597440 1
1613824 1
1630208 1
1654784 1
1818624 1
1837946 1
1860922 1
1966080 1
2005135 1
2007040 2
2015232 1
2121728 1
2678784 1
2891776 1
2919715 1
3038347 1
3268608 1
3496578 1
3743744 1
3825664 1
5421786 1
5454768 1
8511920 1
15835349 1
