0 14
1 1
3 1
4 1
6 3
7 16
8 41
10 15
11 18
12 32
13 59
14 94
15 109
16 98
17 96
18 61
19 35
20 90
21 32
22 46
23 45
24 21
25 46
26 15
27 7
28 15
29 20
30 3
31 1
32 16
33 1
34 3
35 4
36 3
38 2
39 2
40 1
41 1
42 3
44 1
45 1
46 1
47 2
48 11
49 20
50 37
51 53
52 71
53 72
54 116
55 114
56 138
57 91
58 106
59 73
60 83
61 55
62 49
63 37
64 36
65 29
66 22
67 28
68 24
69 26
70 12
71 15
72 7
73 7
74 5
75 3
76 2
77 5
78 2
79 6
80 3
81 1
82 2
83 1
86 1
87 2
88 2
90 2
91 3
93 2
94 6
95 2
96 2
97 1
98 4
99 2
100 3
102 2
103 1
104 2
105 1
106 3
108 2
111 2
112 3
113 2
115 1
116 2
117 2
119 2
121 1
122 4
123 7
124 1
125 2
128 7
129 1
132 2
134 2
135 2
136 1
137 3
138 1
139 1
140 1
141 2
142 2
143 1
144 1
149 2
150 3
152 1
153 1
156 2
158 1
159 5
160 2
161 1
162 1
163 3
164 4
165 3
166 2
169 1
171 1
172 2
175 1
176 3
177 2
178 3
179 1
180 3
181 1
182 1
190 1
193 110
194 4
195 1
196 2
197 1
198 1
199 3
200 17
205 2
207 33
209 1
210 2
211 2
212 2
213 1
215 2
216 2
217 1
220 3
221 3
222 3
223 2
224 2
228 2
230 2
231 2
232 1
233 1
234 1
235 2
236 4
239 1
240 4
241 1
244 1
248 4
249 2
250 1
251 1
252 1
254 1
255 2
256 147
257 3
263 6
264 4
265 1
267 1
268 3
269 3
272 9
274 2
275 4
276 1
278 5
279 1
280 3
281 3
284 5
285 1
286 1
287 1
288 2
290 1
291 1
293 7
294 1
296 8
297 2
299 3
301 1
302 1
303 3
304 1
306 4
308 6
309 1
311 1
312 1
314 1
316 2
317 2
319 2
320 2
321 1
322 5
323 3
326 4
328 2
332 1
333 2
334 4
335 1
336 2
337 4
338 1
340 3
343 1
345 1
347 2
348 1
350 2
351 2
352 1
354 1
356 1
359 1
363 2
364 4
365 3
367 1
368 4
370 2
372 1
374 1
375 3
376 1
377 1
379 1
380 1
381 1
384 1
385 2
386 2
387 3
388 1
390 1
392 3
396 4
397 6
398 1
399 2
401 19
402 1
403 1
405 2
412 1
413 2
416 1
418 1
420 1
424 1
426 1
427 1
428 2
429 6
431 1
434 2
436 1
437 2
441 3
444 1
447 1
448 3
450 2
451 1
452 1
453 1
456 1
457 1
459 2
466 4
468 2
469 2
471 1
472 2
473 19
475 1
476 1
477 2
478 1
482 2
483 6
485 1
486 1
487 1
488 1
489 2
490 1
492 1
493 1
494 2
497 4
499 1
501 2
503 1
504 1
505 17
507 2
508 1
512 330
513 3
514 2
515 1
516 2
518 1
519 3
520 8
521 2
524 1
525 2
526 1
528 4
530 3
534 2
535 1
536 1
539 5
540 10
541 9
542 1
543 3
544 6
545 3
546 4
547 2
548 1
549 5
550 3
551 61
552 5
553 1
554 2
555 2
556 2
557 2
559 1
560 4
562 2
563 2
564 2
565 1
566 2
567 2
568 1
571 4
572 2
573 5
574 3
576 6
577 1
579 4
580 6
583 1
584 2
585 1
587 3
588 2
589 41
590 6
592 2
594 3
595 1
596 3
597 6
599 2
600 6
601 4
602 2
603 7
604 3
605 2
608 2
609 2
610 2
611 2
612 1
614 2
615 4
616 2
617 2
618 1
620 5
621 2
622 2
624 3
625 1
626 3
627 1
628 3
629 3
630 2
631 2
634 11
635 3
636 3
637 2
639 1
640 2
641 1
642 4
643 5
644 1
645 2
646 1
647 2
648 5
649 2
650 2
651 2
652 1
653 5
654 5
655 1
656 2
657 6
658 3
659 15
660 1
665 2
666 2
668 1
670 3
671 3
672 2
675 1
676 1
677 1
678 6
679 3
680 2
681 1
683 3
684 4
685 2
686 2
688 5
690 4
691 2
692 3
694 5
695 1
696 6
697 8
698 7
699 1
700 8
701 1
702 7
703 5
704 3
705 1
706 3
707 2
708 3
709 1
710 4
711 1
712 1
713 2
714 3
716 7
717 6
718 4
719 1
720 5
721 7
722 5
724 4
726 3
727 12
728 2
729 1
730 3
731 3
732 4
733 6
734 3
735 2
736 2
737 4
738 1
739 2
740 3
741 4
742 1
743 7
744 8
745 9
746 14
747 4
748 12
749 6
750 1
752 4
753 7
754 5
755 17
757 5
758 2
759 6
760 3
761 3
763 7
764 781
765 3
766 3
767 3
768 2
769 4
770 7
771 2
772 5
773 3
774 1
775 1
776 12
777 3
778 8
779 2
781 3
782 1
783 2
784 1
785 5
786 3
787 4
788 2
789 3
791 3
792 1
793 1
794 4
795 5
796 10
797 7
798 3
799 4
800 5
801 4
802 8
803 7
804 4
805 5
806 2
807 3
808 5
809 5
810 1
811 3
812 4
813 4
814 3
815 3
816 5
817 5
818 4
819 1
820 3
821 2
822 4
823 3
824 1
825 7
826 10
827 1
828 5
829 5
830 2
831 5
832 1
833 5
834 3
835 2
836 7
837 5
838 2
839 3
841 3
842 5
843 3
844 1
845 3
846 1
847 2
848 3
849 4
850 1
851 2
852 4
853 5
854 4
855 1
856 7
857 3
858 2
859 1
860 3
861 4
862 3
863 3
864 2
865 2
866 2
867 3
868 3
869 4
870 3
871 4
872 6
873 1
874 1
876 3
877 2
878 3
879 1
880 2
881 1
882 1
883 6
884 5
885 1
886 2
887 5
888 2
889 3
890 5
891 2
892 6
893 1
894 1
895 3
896 3
897 3
898 1
899 1
900 7
901 2
902 3
903 4
904 4
905 3
906 2
907 6
908 2
909 2
910 1
911 6
912 2
913 3
914 2
915 2
916 3
917 3
918 2
919 3
920 6
922 3
923 5
924 2
926 2
927 1
928 2
929 4
930 2
931 4
932 3
934 2
935 4
936 4
937 1
938 1
939 5
940 1
941 5
942 1
943 2
944 6
946 6
947 4
948 3
949 1
950 3
951 2
952 5
953 2
954 2
955 3
956 2
958 2
959 3
960 8
961 2
962 1
963 2
964 2
965 6
966 1
967 2
968 4
969 3
970 1
971 2
972 1
973 6
974 2
975 2
976 1
977 1
978 1
979 3
980 13
981 2
982 1
983 2
984 9
986 1
987 4
989 1
990 2
991 2
992 4
993 3
995 3
996 2
997 3
998 3
1000 3
1001 3
1002 2
1003 1
1007 8
1008 4
1009 3
1010 2
1011 1
1012 1
1013 2
1014 1
1016 2
1017 4
1018 2
1021 2
1022 2
1023 1
1024 46
1025 4
1027 2
1028 1
1029 2
1030 3
1031 3
1032 1
1034 2
1035 1
1037 4
1038 4
1039 2
1040 1
1041 3
1043 2
1044 3
1045 5
1046 2
1047 2
1048 4
1049 3
1050 3
1051 2
1052 4
1053 3
1054 2
1055 1
1056 2
1057 1
1059 4
1060 3
1061 2
1062 3
1063 3
1064 5
1065 3
1068 1
1071 1
1072 3
1073 3
1074 1
1075 1
1076 1
1077 2
1078 3
1079 3
1081 1
1082 2
1084 1
1085 1
1086 2
1088 1
1089 4
1090 1
1091 2
1092 1
1093 4
1094 1
1095 3
1096 1
1097 2
1098 1
1099 2
1100 1
1101 4
1102 1
1104 1
1105 4
1106 2
1107 1
1108 4
1109 3
1111 1
1112 3
1113 1
1114 2
1115 1
1116 2
1117 4
1120 2
1122 1
1123 1
1124 2
1125 1
1129 3
1130 1
1132 4
1133 1
1135 1
1136 1
1138 2
1141 2
1142 2
1144 1
1145 2
1147 3
1149 2
1151 4
1152 1
1153 1
1154 1
1158 1
1159 4
1160 3
1161 1
1162 1
1163 3
1164 4
1166 3
1167 2
1168 2
1169 1
1170 2
1171 1
1172 5
1175 3
1177 1
1179 3
1180 5
1182 4
1183 4
1185 3
1186 3
1187 1
1188 1
1189 1
1190 1
1193 3
1195 2
1197 1
1199 2
1200 1
1202 2
1203 2
1204 2
1205 1
1207 1
1208 2
1209 2
1212 1
1213 2
1216 5
1217 3
1219 1
1221 2
1222 1
1223 1
1224 3
1225 5
1227 1
1230 1
1236 1
1238 5
1239 2
1240 2
1241 4
1242 1
1243 2
1244 2
1245 2
1246 3
1247 2
1248 2
1249 2
1250 1
1251 1
1252 3
1253 3
1254 3
1256 4
1257 2
1258 3
1260 3
1261 3
1262 1
1263 3
1264 1
1265 1
1266 2
1268 1
1269 2
1270 3
1271 1
1272 1
1274 2
1275 1
1276 1
1277 1
1278 2
1279 1
1280 2
1281 2
1282 1
1283 1
1284 1
1285 3
1286 3
1287 1
1288 1
1290 4
1292 1
1293 1
1295 1
1296 1
1299 2
1303 3
1304 1
1306 1
1307 2
1308 1
1310 1
1313 1
1314 1
1316 1
1318 1
1320 3
1321 2
1323 1
1324 4
1326 2
1327 2
1328 2
1329 2
1332 1
1335 2
1336 3
1337 1
1338 1
1339 1
1340 1
1341 4
1342 1
1343 1
1344 4
1346 1
1349 2
1350 1
1353 1
1354 3
1355 1
1356 1
1357 1
1358 1
1359 2
1361 1
1363 3
1364 4
1365 2
1366 1
1367 6
1369 1
1370 1
1371 3
1372 1
1374 2
1375 1
1376 1
1377 5
1378 9
1380 1
1382 1
1384 1
1385 1
1386 4
1389 2
1390 1
1391 1
1395 1
1397 1
1398 3
1400 1
1401 1
1402 2
1404 1
1406 2
1407 1
1408 2
1410 8
1411 1
1412 1
1413 1
1414 2
1415 1
1416 1
1417 2
1419 1
1421 2
1422 1
1424 1
1425 1
1426 5
1427 2
1428 4
1429 2
1431 3
1433 1
1434 1
1435 1
1436 2
1437 1
1438 8
1439 1
1442 2
1443 1
1444 1
1445 1
1446 3
1448 2
1449 4
1450 1
1451 1
1452 1
1453 1
1455 6
1456 5
1457 1
1458 3
1459 3
1460 4
1461 1
1462 1
1463 3
1464 1
1466 1
1467 2
1468 3
1469 3
1470 1
1472 1
1473 2
1474 1
1475 2
1479 2
1480 1
1481 2
1483 1
1484 2
1486 4
1487 1
1489 1
1490 2
1491 1
1492 1
1494 2
1495 5
1496 3
1497 2
1498 4
1499 3
1500 3
1501 1
1502 1
1503 2
1504 2
1505 1
1506 1
1507 5
1508 2
1509 3
1510 3
1511 1
1512 190
1513 28
1515 73
1516 127
1517 100
1518 199
1519 72
1521 3
1522 2
1524 1
1526 1
1527 1
1528 2
1529 1
1530 1
1531 2
1532 2
1534 9
1535 3
1536 16
1538 1
1540 1
1541 3
1543 2
1544 2
1545 2
1546 2
1549 2
1550 3
1551 4
1552 3
1553 1
1554 3
1555 5
1556 2
1557 3
1558 4
1559 4
1560 2
1561 1
1562 5
1564 3
1565 1
1566 2
1567 2
1568 2
1569 2
1574 2
1575 1
1576 1
1577 1
1578 1
1579 1
1580 3
1581 3
1582 2
1584 2
1585 1
1586 1
1587 2
1588 3
1589 1
1593 1
1596 1
1598 1
1599 2
1600 1
1601 1
1602 1
1603 1
1605 1
1607 1
1610 1
1611 1
1612 2
1613 3
1614 1
1616 8
1617 2
1618 2
1621 1
1622 1
1623 1
1625 2
1626 1
1627 1
1628 2
1630 1
1631 2
1632 4
1633 4
1634 2
1635 2
1636 3
1637 5
1640 2
1641 2
1643 4
1644 4
1645 6
1647 1
1648 1
1649 4
1650 1
1652 2
1654 3
1655 1
1656 1
1657 2
1658 1
1661 1
1662 1
1663 4
1664 2
1665 2
1666 1
1668 3
1672 1
1673 2
1674 1
1676 5
1678 2
1680 1
1683 2
1684 1
1685 4
1686 1
1690 1
1691 1
1692 1
1694 1
1695 2
1696 1
1697 2
1699 2
1701 1
1703 2
1705 4
1706 1
1707 1
1708 2
1711 1
1712 1
1714 1
1716 1
1720 2
1721 2
1724 2
1726 1
1728 1
1729 1
1730 2
1731 1
1732 3
1733 1
1734 2
1735 3
1737 1
1740 2
1741 2
1742 2
1744 1
1745 5
1747 1
1750 1
1751 2
1752 1
1753 5
1756 1
1757 2
1758 2
1760 3
1761 2
1762 1
1763 2
1764 2
1765 1
1766 1
1768 2
1770 1
1771 1
1772 1
1773 2
1774 2
1775 1
1778 1
1779 1
1781 1
1784 2
1793 3
1794 3
1795 2
1796 3
1798 2
1800 2
1801 1
1802 1
1805 1
1808 4
1809 2
1810 2
1816 1
1818 2
1820 5
1824 3
1826 2
1828 1
1830 1
1831 1
1835 1
1838 2
1839 3
1843 2
1844 3
1847 3
1851 2
1852 6
1855 4
1857 4
1859 4
1861 3
1862 1
1864 3
1866 14
1868 3
1869 1
1872 4
1874 1
1875 1
1878 1
1880 2
1881 1
1882 1
1883 2
1884 1
1886 3
1890 1
1891 2
1892 1
1894 1
1898 1
1899 2
1901 2
1902 1
1903 1
1905 1
1907 1
1908 1
1909 1
1912 1
1913 2
1916 2
1917 1
1922 1
1925 1
1927 2
1928 2
1933 90
1935 3
1936 3
1937 1
1938 1
1939 1
1941 1
1943 1
1945 4
1948 2
1950 4
1952 3
1953 3
1955 2
1956 1
1959 1
1961 1
1962 1
1964 1
1965 1
1966 1
1970 1
1971 1
1974 1
1975 1
1976 1
1977 1
1978 2
1979 2
1981 1
1982 1
1983 1
1984 2
1985 1
1986 1
1987 2
1988 1
1989 1
1991 1
1992 2
1993 1
1994 1
1996 1
1997 10
1999 3
2000 2
2002 4
2003 3
2010 3
2013 2
2014 1
2015 3
2018 3
2020 2
2021 1
2024 2
2025 1
2026 3
2028 1
2031 1
2032 2
2033 1
2037 3
2040 1
2041 1
2043 1
2045 1
2047 2
2048 18
2051 1
2052 2
2053 2
2055 1
2056 2
2057 3
2058 3
2060 4
2061 2
2062 2
2063 1
2064 2
2066 1
2070 1
2072 1
2075 1
2078 1
2079 1
2080 2
2084 3
2086 1
2088 2
2089 3
2090 2
2094 1
2096 6
2097 1
2098 6
2101 1
2102 2
2103 1
2105 1
2106 1
2107 1
2108 1
2109 1
2112 6
2113 1
2114 2
2115 3
2116 3
2117 2
2119 1
2122 2
2123 1
2125 1
2126 1
2129 1
2130 1
2132 3
2133 1
2134 1
2136 1
2137 2
2139 1
2141 1
2142 3
2144 4
2145 2
2149 1
2150 1
2151 1
2152 2
2153 3
2154 1
2157 16
2158 1
2159 3
2161 1
2164 2
2165 1
2166 1
2168 1
2169 4
2176 1
2178 3
2180 2
2182 1
2187 1
2190 2
2193 1
2195 2
2196 1
2198 2
2203 1
2205 1
2207 1
2208 2
2214 1
2215 1
2216 1
2217 1
2218 1
2220 2
2223 1
2225 2
2227 5
2228 2
2230 3
2231 4
2232 2
2233 2
2234 4
2236 2
2237 1
2238 1
2239 2
2243 2
2245 3
2246 2
2247 2
2248 1
2251 1
2252 1
2256 2
2262 3
2263 1
2266 4
2269 1
2270 1
2271 1
2272 2
2274 1
2276 1
2280 1
2281 3
2282 4
2283 1
2284 2
2285 1
2286 1
2288 1
2291 1
2292 1
2293 1
2302 1
2304 2
2305 1
2306 1
2308 2
2309 3
2310 4
2311 1
2313 1
2316 1
2319 2
2320 1
2321 1
2322 1
2323 1
2324 3
2325 4
2328 3
2329 1
2330 1
2332 4
2333 1
2335 1
2336 1
2337 2
2340 3
2344 5
2346 1
2347 3
2350 2
2351 2
2352 3
2353 1
2354 1
2357 2
2361 1
2362 2
2363 2
2364 1
2365 1
2367 2
2368 2
2369 2
2370 1
2371 3
2372 3
2373 1
2374 2
2375 1
2376 3
2377 2
2378 1
2379 1
2380 1
2381 1
2383 2
2388 1
2389 2
2390 1
2391 2
2393 2
2399 1
2401 2
2403 1
2405 1
2406 1
2408 1
2409 1
2410 1
2411 1
2412 1
2413 1
2416 1
2419 1
2421 1
2422 1
2423 1
2425 1
2427 1
2429 1
2432 5
2433 1
2434 1
2435 1
2437 2
2440 1
2443 1
2446 2
2449 1
2452 2
2453 1
2454 1
2455 1
2456 1
2459 2
2460 1
2462 1
2466 1
2469 2
2473 2
2480 1
2484 1
2487 1
2488 1
2489 1
2490 1
2492 1
2494 1
2495 1
2496 1
2498 2
2506 1
2507 1
2514 1
2516 1
2517 1
2518 4
2519 2
2520 2
2521 1
2522 1
2525 1
2527 2
2528 1
2531 1
2532 1
2535 3
2536 3
2540 1
2541 1
2542 1
2543 2
2549 1
2551 1
2554 1
2559 2
2560 8
2561 2
2565 1
2569 1
2571 1
2575 1
2577 1
2580 2
2581 1
2584 2
2585 1
2590 1
2592 2
2593 1
2595 1
2597 1
2598 1
2600 1
2602 1
2604 1
2605 1
2606 1
2607 1
2608 2
2609 1
2610 2
2612 1
2615 1
2616 2
2618 1
2619 2
2622 2
2623 3
2624 2
2625 2
2626 1
2628 2
2629 1
2631 1
2632 2
2633 1
2634 1
2636 2
2637 2
2638 1
2642 1
2643 1
2644 3
2645 1
2649 2
2651 1
2655 1
2656 1
2658 2
2660 1
2662 1
2664 1
2668 1
2669 1
2670 1
2673 1
2676 2
2677 1
2678 1
2679 1
2682 1
2683 1
2687 2
2689 1
2690 1
2692 2
2695 2
2696 1
2704 2
2705 2
2707 1
2710 1
2711 1
2712 1
2713 1
2717 1
2719 1
2720 1
2722 1
2725 2
2730 1
2731 2
2734 2
2738 2
2742 2
2747 1
2750 3
2751 1
2756 3
2761 1
2762 1
2766 1
2767 1
2768 1
2770 1
2771 2
2778 2
2781 1
2782 1
2785 1
2786 2
2791 1
2792 1
2794 1
2796 1
2800 1
2808 3
2811 1
2813 1
2815 1
2818 2
2821 1
2822 1
2825 1
2826 2
2828 2
2829 1
2832 1
2833 1
2834 1
2838 1
2839 1
2840 4
2842 1
2844 1
2848 1
2849 1
2852 3
2853 1
2856 1
2859 1
2860 2
2863 1
2864 1
2870 2
2871 1
2872 3
2874 1
2876 1
2877 1
2880 1
2881 1
2882 1
2887 1
2897 1
2900 2
2905 2
2907 3
2908 2
2914 1
2915 1
2916 1
2918 3
2919 1
2920 2
2922 1
2923 1
2928 2
2929 1
2930 1
2932 2
2935 1
2937 1
2939 1
2942 1
2943 1
2946 1
2948 1
2953 1
2955 1
2956 4
2961 1
2962 1
2965 1
2968 1
2970 1
2972 2
2973 2
2977 2
2979 2
2983 1
2985 1
2986 1
2987 2
2990 1
2991 1
2993 1
2996 1
2998 1
2999 1
3000 2
3001 1
3003 1
3005 3
3006 1
3007 1
3008 1
3011 1
3012 2
3013 3
3014 2
3016 3
3020 2
3022 2
3024 1
3031 1
3033 2
3036 1
3039 2
3041 1
3049 2
3054 2
3055 1
3056 1
3059 1
3061 1
3064 1
3065 1
3067 3
3068 3
3069 1
3070 2
3071 1
3072 4
3073 2
3075 1
3076 1
3077 1
3081 2
3082 1
3083 3
3086 40
3089 2
3090 13
3091 4
3094 3
3095 13
3097 1
3100 1
3101 2
3102 26
3104 2
3106 3
3107 1
3108 5
3109 30
3110 14
3111 40
3112 13
3114 1
3115 13
3116 1
3118 2
3119 30
3120 42
3121 2
3122 13
3123 27
3124 1
3125 15
3128 1
3129 1
3130 13
3133 14
3137 4
3138 41
3139 1
3141 18
3143 2
3144 1
3145 26
3146 2
3147 15
3148 2
3149 15
3150 14
3151 2
3152 13
3153 2
3155 6
3156 39
3158 15
3159 15
3160 26
3161 3
3162 15
3163 13
3167 17
3168 26
3169 1
3170 1
3171 13
3173 14
3174 1
3175 28
3177 1
3178 1
3180 2
3181 13
3184 14
3186 1
3188 1
3189 13
3192 14
3194 1
3199 1
3203 1
3204 1
3206 1
3212 2
3219 1
3220 1
3223 1
3224 2
3228 1
3231 1
3232 1
3235 1
3239 1
3240 3
3241 2
3245 1
3248 1
3249 1
3253 1
3254 1
3255 1
3259 1
3260 1
3263 1
3266 1
3269 2
3271 1
3274 2
3277 3
3278 1
3280 2
3283 1
3284 1
3287 1
3290 2
3296 1
3298 1
3300 1
3301 1
3302 1
3304 1
3309 1
3312 1
3316 1
3317 2
3319 1
3321 2
3322 1
3326 1
3329 1
3330 1
3331 1
3335 1
3338 1
3340 1
3343 1
3346 1
3347 13
3348 1
3349 4
3350 1
3351 2
3352 1
3354 1
3357 1
3359 1
3366 1
3369 1
3371 1
3377 1
3379 2
3383 1
3385 2
3386 1
3388 1
3392 1
3396 2
3400 3
3401 1
3407 1
3408 1
3409 1
3411 1
3414 1
3415 1
3418 1
3421 1
3422 1
3424 1
3426 2
3429 1
3431 1
3433 1
3435 2
3438 1
3440 1
3444 1
3445 1
3447 1
3448 1
3450 1
3458 1
3465 1
3468 1
3469 1
3470 1
3471 1
3472 1
3477 2
3479 1
3480 1
3482 2
3487 1
3488 3
3489 2
3492 1
3494 1
3496 2
3497 1
3500 1
3504 1
3506 1
3507 1
3508 3
3510 2
3512 2
3514 1
3515 1
3520 2
3525 1
3527 2
3528 1
3529 1
3533 3
3534 1
3535 1
3538 1
3541 1
3542 1
3543 1
3545 1
3547 2
3550 2
3551 2
3552 2
3559 1
3560 1
3563 1
3564 2
3566 1
3570 2
3575 2
3579 3
3584 2
3586 1
3587 1
3589 1
3592 1
3593 1
3595 1
3597 1
3600 2
3603 1
3608 1
3610 1
3611 2
3612 2
3615 2
3621 1
3630 1
3636 2
3637 1
3640 2
3641 2
3647 1
3648 1
3650 1
3652 1
3653 3
3655 1
3657 1
3661 1
3662 1
3665 1
3667 1
3668 1
3673 1
3674 2
3676 1
3680 1
3683 2
3688 1
3691 1
3698 2
3704 1
3705 1
3706 2
3709 1
3711 1
3712 2
3720 2
3724 1
3725 1
3727 1
3728 1
3730 1
3734 1
3735 1
3737 1
3740 2
3741 2
3744 1
3746 2
3747 2
3750 1
3752 1
3753 1
3756 3
3757 2
3761 2
3763 1
3764 1
3768 1
3769 2
3777 1
3778 1
3779 2
3781 1
3783 1
3785 5
3786 1
3787 1
3788 4
3789 1
3790 1
3792 1
3793 1
3796 1
3798 1
3800 3
3802 2
3804 5
3805 1
3806 1
3808 6
3811 1
3812 9
3815 1
3816 3
3819 2
3820 6
3822 1
3824 7
3828 5
3832 5
3834 1
3836 6
3837 2
3840 8
3848 2
3852 2
3853 3
3857 2
3860 2
3861 1
3866 1
3872 2
3873 2
3876 3
3886 2
3891 2
3892 2
3896 1
3898 1
3900 1
3902 1
3904 1
3909 1
3910 1
3912 1
3914 1
3917 1
3920 1
3925 2
3932 1
3933 1
3936 1
3939 2
3942 2
3944 1
3949 2
3951 1
3953 1
3957 1
3964 3
3970 1
3977 1
3978 1
3979 1
3983 1
3985 3
3986 1
3995 1
3996 1
3997 1
4001 1
4005 1
4006 1
4007 1
4014 2
4018 1
4022 1
4024 2
4027 1
4031 1
4038 1
4040 2
4042 3
4044 1
4048 1
4058 2
4063 2
4066 3
4072 1
4075 1
4080 2
4083 1
4086 1
4088 3
4090 2
4092 2
4096 16
4098 1
4099 2
4101 2
4104 1
4105 1
4106 3
4110 2
4112 1
4114 1
4119 1
4123 2
4131 1
4136 3
4137 1
4139 1
4140 1
4147 1
4149 1
4150 1
4152 1
4157 1
4165 1
4167 1
4168 1
4173 1
4174 1
4176 2
4177 2
4179 1
4180 1
4182 2
4187 2
4188 1
4198 1
4199 1
4200 1
4201 2
4204 1
4206 1
4218 1
4219 1
4221 2
4223 1
4227 3
4232 1
4233 2
4236 1
4241 1
4247 1
4248 2
4250 1
4252 1
4254 1
4255 1
4258 1
4264 3
4270 1
4273 2
4277 1
4278 1
4289 1
4292 2
4296 2
4301 2
4302 1
4304 1
4308 1
4312 1
4314 1
4318 1
4324 1
4326 1
4327 1
4328 1
4330 1
4332 1
4334 1
4340 1
4342 1
4345 1
4348 1
4352 1
4354 1
4360 1
4361 1
4366 1
4368 1
4380 2
4381 1
4384 2
4385 1
4388 2
4390 1
4396 2
4398 1
4400 1
4402 1
4403 1
4406 2
4408 1
4409 2
4411 1
4412 1
4417 2
4420 1
4421 1
4422 1
4427 1
4428 1
4432 1
4433 1
4436 3
4439 1
4440 1
4442 2
4445 1
4447 1
4451 1
4453 1
4454 1
4455 2
4466 1
4468 1
4471 1
4475 2
4481 2
4482 1
4487 1
4488 1
4498 1
4500 1
4503 1
4505 1
4508 3
4509 1
4511 1
4521 2
4525 1
4528 2
4529 1
4533 1
4535 1
4536 1
4539 2
4544 1
4545 1
4546 1
4558 2
4565 1
4567 1
4568 4
4571 1
4572 1
4578 1
4588 1
4593 1
4599 1
4600 1
4601 1
4608 1
4609 1
4610 2
4612 1
4614 1
4616 1
4620 1
4621 2
4624 1
4626 2
4632 3
4633 1
4635 2
4648 2
4656 1
4669 1
4670 1
4684 1
4690 1
4692 2
4696 2
4700 3
4708 2
4710 1
4714 2
4717 1
4718 2
4724 1
4728 1
4732 1
4733 1
4737 1
4740 1
4741 1
4744 1
4748 2
4751 1
4756 1
4758 1
4760 1
4766 1
4768 1
4769 1
4770 2
4772 1
4778 2
4787 1
4790 1
4797 1
4802 1
4804 1
4805 1
4808 3
4812 1
4815 2
4816 1
4817 1
4820 2
4824 1
4825 1
4835 1
4836 2
4840 1
4842 2
4845 1
4847 1
4849 1
4850 1
4851 2
4852 1
4855 1
4862 3
4864 1
4872 2
4873 1
4878 1
4880 2
4881 2
4886 1
4888 1
4889 1
4890 2
4900 1
4905 1
4918 2
4922 1
4928 1
4929 3
4932 1
4938 1
4940 1
4946 1
4953 1
4957 3
4962 1
4979 1
4981 1
4985 1
4987 2
4990 2
4995 1
4996 1
5001 1
5003 1
5013 1
5015 1
5016 3
5019 1
5020 1
5029 1
5030 1
5031 2
5032 1
5033 1
5041 3
5053 4
5055 1
5065 2
5066 1
5067 1
5069 1
5071 1
5072 6
5079 1
5080 1
5081 1
5088 1
5090 2
5096 1
5098 1
5104 1
5105 2
5109 1
5111 1
5112 1
5114 2
5116 1
5120 3
5121 1
5127 1
5129 2
5130 1
5139 1
5153 1
5157 1
5162 2
5164 1
5166 1
5167 1
5168 2
5176 1
5180 2
5184 1
5192 3
5198 1
5212 1
5215 1
5216 2
5218 6
5219 1
5221 1
5222 3
5223 1
5225 1
5227 3
5230 1
5231 1
5243 1
5244 5
5253 1
5255 2
5264 1
5266 1
5269 1
5270 1
5277 1
5280 7
5281 3
5286 1
5294 1
5297 2
5298 1
5301 1
5312 1
5315 1
5316 1
5320 5
5322 1
5323 1
5326 1
5327 1
5340 1
5341 1
5343 1
5344 2
5348 2
5360 1
5365 1
5366 2
5368 1
5369 1
5371 2
5380 1
5381 1
5386 1
5387 2
5391 1
5395 1
5399 2
5400 2
5402 1
5411 1
5412 1
5415 1
5416 2
5420 3
5426 1
5428 1
5430 1
5433 1
5440 1
5447 1
5450 1
5455 1
5461 2
5464 3
5470 1
5472 1
5473 2
5475 2
5479 1
5483 2
5484 1
5485 1
5487 1
5488 1
5496 2
5503 1
5507 2
5508 1
5511 1
5524 1
5525 1
5534 1
5538 2
5544 2
5546 1
5557 2
5562 1
5563 1
5564 1
5571 1
5577 1
5580 1
5581 1
5589 1
5592 1
5595 1
5596 1
5598 1
5605 1
5607 2
5610 2
5612 1
5618 2
5621 2
5626 4
5629 1
5632 5
5633 2
5634 1
5637 1
5649 3
5650 1
5657 2
5658 1
5659 1
5668 4
5670 2
5675 1
5677 1
5685 2
5700 3
5704 3
5705 1
5711 1
5727 2
5729 1
5740 1
5742 1
5743 1
5745 1
5756 1
5760 1
5762 1
5763 2
5767 1
5768 1
5770 1
5772 2
5779 2
5786 1
5787 3
5788 1
5796 1
5798 1
5799 1
5800 1
5801 1
5805 1
5811 1
5812 1
5818 1
5825 1
5827 1
5828 1
5832 6
5837 2
5838 1
5840 1
5843 1
5844 1
5848 1
5850 1
5851 2
5856 2
5871 2
5872 1
5876 1
5881 2
5884 1
5885 1
5889 1
5891 1
5892 1
5895 1
5896 2
5899 2
5906 1
5907 3
5909 2
5913 2
5916 2
5918 2
5927 2
5928 1
5931 1
5942 2
5945 1
5951 1
5956 1
5964 1
5967 1
5969 2
5972 1
5983 1
5989 1
5990 1
5994 1
5995 1
6000 2
6008 1
6010 1
6011 1
6016 1
6040 1
6052 1
6055 1
6056 3
6059 1
6060 1
6074 1
6082 1
6087 1
6088 1
6096 2
6098 1
6106 1
6114 1
6117 1
6118 1
6120 2
6122 1
6126 1
6130 1
6144 1
6148 1
6152 2
6159 1
6165 1
6168 1
6169 3
6174 1
6180 1
6187 2
6189 1
6200 1
6206 2
6216 1
6228 1
6233 2
6234 1
6236 1
6238 1
6241 1
6263 1
6264 1
6268 1
6269 1
6271 1
6273 1
6277 1
6279 1
6280 1
6281 1
6295 1
6296 2
6298 1
6301 1
6305 1
6306 1
6307 1
6310 1
6317 1
6325 1
6326 1
6327 1
6328 2
6331 2
6344 6
6349 1
6357 1
6359 2
6361 1
6366 1
6368 2
6370 1
6384 1
6393 1
6400 2
6404 1
6406 1
6412 1
6413 1
6418 1
6424 1
6430 1
6440 1
6444 2
6446 1
6450 1
6462 1
6479 2
6481 1
6484 1
6504 1
6512 1
6514 1
6527 1
6537 1
6538 1
6539 4
6540 1
6543 1
6553 1
6555 1
6559 1
6565 1
6566 1
6567 1
6572 1
6580 2
6581 2
6590 1
6601 2
6604 1
6614 1
6620 1
6624 1
6626 1
6630 1
6632 2
6634 1
6638 1
6645 1
6646 1
6648 2
6650 1
6656 3
6658 1
6666 1
6680 1
6681 1
6697 1
6698 1
6700 1
6701 2
6709 1
6711 1
6712 1
6715 1
6716 1
6718 2
6730 1
6732 1
6740 1
6747 1
6755 1
6756 1
6759 8
6762 1
6763 1
6772 1
6777 2
6781 1
6784 2
6794 2
6795 1
6804 3
6807 2
6808 4
6812 2
6822 1
6839 1
6841 1
6848 2
6850 2
6851 1
6853 1
6854 1
6856 6
6857 1
6868 1
6873 4
6876 1
6877 1
6878 1
6880 1
6882 1
6884 1
6895 1
6904 1
6906 1
6912 2
6918 2
6920 1
6922 1
6925 1
6927 1
6931 1
6934 1
6939 1
6942 1
6943 1
6945 1
6950 1
6952 1
6960 1
6961 1
6964 2
6970 4
6981 1
7000 1
7001 2
7005 1
7009 1
7020 1
7021 1
7022 1
7038 1
7039 3
7044 1
7052 1
7053 3
7054 2
7061 1
7062 1
7063 1
7064 1
7067 2
7070 1
7095 1
7097 1
7114 1
7118 1
7120 1
7124 2
7125 1
7130 3
7136 3
7137 1
7139 2
7148 1
7149 2
7152 1
7156 1
7159 3
7170 1
7175 2
7176 1
7182 1
7191 1
7197 1
7201 2
7208 1
7213 1
7217 2
7220 1
7224 1
7226 2
7231 2
7234 1
7245 1
7246 2
7247 1
7249 1
7252 2
7254 1
7256 1
7266 1
7270 1
7271 1
7276 1
7277 1
7291 1
7303 1
7320 1
7324 1
7329 1
7331 2
7336 1
7339 1
7340 1
7346 1
7358 1
7363 1
7368 4
7370 2
7376 1
7385 3
7410 1
7411 1
7412 1
7418 1
7420 2
7426 1
7430 1
7439 1
7445 1
7451 2
7453 1
7456 2
7464 1
7470 1
7480 1
7482 1
7485 1
7487 2
7497 1
7500 1
7513 1
7520 2
7522 1
7529 1
7530 2
7534 1
7560 1
7571 1
7572 1
7574 1
7588 1
7589 1
7594 2
7596 1
7610 1
7616 1
7624 1
7645 1
7646 1
7648 2
7660 1
7665 3
7667 2
7673 1
7675 1
7680 1
7685 1
7690 1
7708 1
7710 2
7717 1
7726 1
7728 1
7735 1
7741 1
7742 2
7760 1
7796 1
7797 1
7800 2
7804 1
7806 2
7808 1
7828 1
7832 1
7849 1
7850 1
7856 1
7870 1
7872 1
7874 1
7875 2
7876 1
7880 1
7902 2
7905 1
7911 1
7912 1
7919 1
7920 2
7924 1
7938 1
7944 1
7950 1
7953 2
7970 1
7980 1
7981 1
7982 1
7984 2
7987 1
7994 1
7996 2
7999 1
8012 1
8016 1
8017 3
8020 1
8027 2
8034 1
8041 1
8049 2
8055 3
8059 1
8062 1
8092 1
8094 1
8112 2
8116 2
8120 1
8151 2
8156 1
8158 1
8161 1
8174 2
8178 1
8191 1
8192 1
8193 1
8194 1
8196 1
8198 1
8208 1
8210 1
8212 1
8218 1
8220 4
8232 1
8248 1
8252 1
8257 2
8263 2
8273 1
8280 1
8282 1
8286 1
8293 1
8298 1
8300 1
8301 1
8302 1
8305 2
8326 1
8328 1
8332 1
8333 1
8334 1
8338 1
8340 1
8344 1
8345 2
8346 1
8352 2
8358 1
8362 1
8364 1
8368 1
8379 1
8380 1
8388 3
8392 1
8405 1
8411 2
8412 1
8413 1
8419 13
8420 1
8422 1
8432 1
8436 1
8438 1
8439 1
8440 1
8443 2
8444 1
8445 2
8456 1
8458 1
8460 1
8470 1
8472 1
8479 1
8488 1
8492 2
8500 2
8508 2
8512 1
8520 3
8524 1
8528 2
8530 1
8534 2
8537 1
8538 1
8541 2
8542 1
8547 1
8555 1
8560 1
8562 1
8568 1
8570 1
8573 1
8575 1
8576 1
8592 3
8596 1
8602 1
8622 1
8625 1
8628 1
8632 1
8636 1
8656 1
8660 2
8666 1
8668 1
8682 2
8684 1
8689 1
8696 4
8724 1
8728 2
8734 2
8741 1
8746 1
8764 2
8770 1
8771 1
8772 1
8776 1
8777 1
8787 3
8788 2
8789 1
8796 1
8802 1
8808 2
8824 1
8828 1
8830 2
8832 2
8833 2
8838 1
8878 1
8886 1
8897 1
8910 1
8920 2
8924 1
8942 1
8963 1
8965 1
8967 2
8968 1
8975 1
8976 1
8983 1
8987 1
8988 2
8990 2
8995 1
8998 1
9000 1
9002 1
9003 1
9008 1
9012 2
9016 1
9036 2
9038 2
9040 2
9044 1
9050 2
9052 1
9068 4
9070 1
9089 1
9103 1
9108 1
9118 1
9122 2
9126 1
9130 1
9142 1
9148 1
9152 1
9159 1
9160 1
9171 1
9176 1
9179 1
9180 1
9183 2
9184 2
9192 2
9200 1
9206 1
9209 1
9216 2
9220 1
9228 1
9231 2
9232 1
9252 1
9256 1
9258 1
9261 1
9268 1
9272 1
9274 1
9276 1
9288 1
9290 1
9294 1
9296 1
9304 1
9312 1
9315 1
9328 1
9335 1
9336 1
9338 1
9343 1
9352 1
9360 1
9367 1
9368 1
9372 1
9374 1
9384 2
9390 1
9392 1
9396 1
9400 1
9404 1
9410 1
9412 1
9414 1
9430 1
9446 5
9449 1
9460 1
9468 1
9470 1
9472 1
9474 1
9478 1
9481 1
9485 1
9488 1
9492 3
9495 1
9500 1
9512 1
9515 1
9520 1
9524 1
9536 1
9544 1
9552 1
9556 2
9561 1
9568 1
9569 1
9572 1
9588 1
9590 1
9592 1
9600 1
9608 1
9632 3
9636 2
9645 1
9652 1
9656 2
9660 1
9664 2
9672 3
9678 1
9679 1
9680 1
9685 1
9687 1
9688 1
9690 1
9692 2
9696 1
9698 2
9708 1
9710 1
9712 1
9720 1
9732 1
9736 1
9740 2
9750 1
9760 1
9770 1
9780 1
9785 2
9798 2
9800 1
9801 1
9804 1
9816 1
9841 1
9845 1
9851 1
9867 1
9889 1
9911 1
9913 1
9915 1
9928 1
9932 2
9948 1
9952 1
9964 2
9968 1
9970 2
9972 1
9976 1
9984 1
9986 1
9992 1
10006 1
10012 1
10014 1
10021 1
10026 1
10033 1
10036 1
10040 1
10042 1
10045 1
10050 1
10057 1
10060 3
10072 1
10080 1
10088 1
10094 1
10109 1
10112 2
10130 2
10136 1
10139 1
10164 2
10194 1
10197 1
10200 1
10214 1
10240 3
10242 1
10255 1
10270 2
10272 1
10274 1
10276 1
10280 1
10295 1
10308 2
10320 1
10324 1
10341 1
10345 2
10348 1
10351 1
10360 3
10361 1
10370 1
10384 2
10392 1
10396 1
10400 1
10418 1
10424 1
10432 1
10436 1
10438 2
10439 1
10440 1
10448 2
10469 1
10470 2
10476 1
10480 1
10500 1
10505 1
10513 1
10529 1
10536 1
10550 1
10560 1
10580 1
10589 1
10592 1
10600 1
10604 1
10619 1
10620 1
10643 1
10644 1
10651 1
10656 1
10657 1
10660 3
10681 1
10700 1
10703 1
10712 1
10713 1
10725 1
10728 1
10738 1
10752 2
10767 1
10772 1
10788 1
10795 1
10804 1
10832 1
10842 1
10854 2
10855 1
10856 1
10857 1
10862 2
10870 1
10893 1
10916 1
10921 1
10922 2
10929 1
10947 1
10963 1
10964 1
10967 1
10969 1
10985 2
10990 1
10997 1
11004 1
11008 1
11043 1
11052 1
11055 1
11059 1
11061 1
11066 2
11073 1
11084 1
11095 3
11096 2
11102 1
11104 1
11109 2
11117 1
11118 1
11129 1
11132 1
11136 2
11143 1
11145 1
11148 1
11160 1
11164 1
11184 1
11186 1
11189 1
11190 1
11192 2
11202 1
11204 1
11210 1
11223 1
11239 1
11248 2
11261 2
11263 1
11276 1
11281 1
11282 1
11284 1
11292 1
11297 1
11307 1
11313 2
11316 1
11318 1
11325 1
11340 2
11343 1
11347 2
11348 1
11350 1
11370 1
11382 2
11393 2
11401 1
11424 1
11427 1
11429 1
11437 2
11448 1
11472 1
11484 1
11498 1
11504 1
11505 2
11512 1
11520 1
11561 1
11564 1
11568 2
11587 1
11600 2
11609 1
11623 1
11650 1
11652 1
11653 2
11658 2
11660 1
11666 1
11679 1
11680 1
11682 1
11689 1
11691 1
11708 1
11709 2
11710 2
11725 1
11728 1
11740 1
11742 1
11763 1
11768 1
11789 1
11807 2
11822 3
11847 2
11867 1
11873 2
11883 3
11944 1
11945 1
11951 1
11963 1
11976 2
11991 1
11992 2
12010 1
12016 1
12026 1
12055 1
12058 1
12059 1
12060 1
12067 1
12072 1
12079 1
12120 1
12131 1
12166 1
12184 2
12201 1
12212 1
12217 1
12218 1
12222 1
12228 1
12234 1
12235 1
12265 1
12274 1
12315 1
12331 1
12357 1
12387 1
12403 1
12412 1
12424 1
12432 1
12433 1
12446 1
12448 1
12454 1
12466 1
12508 1
12527 1
12528 1
12546 1
12569 1
12576 1
12592 1
12608 1
12631 1
12633 1
12642 1
12648 1
12655 1
12658 1
12683 1
12696 1
12716 1
12720 1
12722 1
12766 1
12772 1
12773 1
12774 1
12783 2
12796 1
12803 1
12812 1
12872 1
12874 1
12877 1
12878 1
12885 2
12903 1
12909 1
12920 1
12931 1
12933 1
12948 1
12956 1
12980 2
13036 1
13081 1
13084 1
13085 1
13108 1
13144 1
13176 1
13190 1
13194 1
13255 1
13260 1
13270 1
13272 1
13273 1
13294 1
13296 1
13302 1
13306 1
13312 2
13314 1
13336 1
13365 1
13372 2
13390 1
13404 1
13405 1
13444 1
13478 1
13484 1
13498 1
13504 1
13509 1
13520 1
13525 1
13532 1
13543 1
13555 1
13566 1
13595 1
13612 2
13622 1
13624 1
13647 1
13650 1
13668 2
13672 2
13686 1
13696 1
13732 1
13745 1
13746 1
13752 2
13766 1
13770 1
13796 1
13799 1
13807 1
13824 1
13828 1
13844 1
13860 1
13868 1
13873 1
13903 1
13909 1
13940 1
13964 1
13984 1
14023 1
14032 1
14043 1
14051 1
14084 1
14131 1
14156 1
14158 1
14164 1
14228 1
14246 1
14252 1
14256 1
14342 1
14349 1
14352 2
14373 1
14383 1
14386 1
14393 1
14404 1
14414 1
14417 1
14455 2
14456 1
14462 1
14516 1
14531 1
14568 2
14584 1
14612 1
14636 1
14638 1
14643 1
14647 1
14679 1
14712 1
14734 1
14738 2
14755 1
14764 1
14790 1
14794 2
14810 1
14832 2
14868 1
14895 1
14932 13
14936 1
14946 1
14948 1
14957 1
14961 1
15072 1
15088 1
15092 1
15096 1
15109 1
15127 1
15134 2
15146 1
15156 1
15168 1
15172 1
15175 1
15187 2
15194 1
15195 1
15200 1
15210 1
15225 1
15226 1
15237 1
15245 1
15246 1
15260 1
15262 1
15267 1
15272 1
15325 1
15332 1
15358 1
15360 1
15388 1
15400 1
15405 1
15417 1
15426 2
15432 1
15438 1
15439 1
15442 1
15444 1
15448 2
15451 1
15456 2
15457 1
15459 1
15460 1
15474 1
15475 1
15485 1
15491 1
15494 1
15498 1
15501 1
15510 1
15518 1
15541 1
15544 1
15548 1
15564 1
15570 1
15571 1
15579 1
15580 1
15591 1
15598 1
15600 1
15625 1
15642 1
15649 1
15687 1
15711 1
15724 1
15748 1
15751 2
15762 2
15778 1
15815 1
15818 1
15854 1
15856 2
15862 1
15886 1
15920 1
15944 1
15955 1
15956 1
15998 1
16008 1
16012 1
16038 1
16040 1
16047 1
16080 2
16112 3
16139 1
16187 1
16190 1
16195 1
16198 1
16208 1
16271 1
16290 1
16296 1
16309 1
16342 1
16377 1
16383 1
16384 223
16419 1
16422 1
16423 2
16426 8
16428 1
16445 1
16446 1
16456 1
16457 2
16458 2
16459 1
16484 1
16488 1
16516 2
16517 1
16540 1
16550 1
16608 1
16620 1
16640 1
16701 1
16716 2
16749 1
16760 1
16852 1
16875 1
16896 1
16957 1
16988 1
16992 2
17108 2
17122 1
17132 1
17177 1
17182 1
17219 1
17248 1
17272 1
17286 1
17328 2
17333 1
17370 1
17389 2
17402 1
17454 1
17466 1
17474 1
17491 1
17520 1
17556 1
17624 1
17635 1
17641 1
17643 1
17658 1
17669 1
17704 1
17731 1
17930 1
17984 1
18034 1
18044 2
18072 1
18092 1
18136 1
18142 1
18143 1
18148 1
18167 1
18185 1
18186 1
18194 1
18209 1
18232 1
18249 2
18266 1
18306 2
18328 1
18348 1
18360 1
18410 1
18427 1
18428 1
18440 1
18460 1
18532 1
18580 1
18684 1
18696 1
18717 2
18733 1
18752 2
18766 1
18908 1
19109 1
19117 1
19168 1
19201 1
19219 1
19251 1
19269 1
19271 1
19277 1
19285 1
19292 1
19298 2
19328 1
19329 2
19379 1
19383 1
19384 1
19402 3
19495 1
19552 1
19604 1
19663 1
19738 1
19741 1
19755 1
19874 1
19932 1
19958 1
20010 1
20193 1
20248 1
20255 1
20264 1
20271 1
20274 2
20313 1
20334 1
20371 1
20463 1
20540 1
20547 1
20562 1
20563 1
20625 1
20712 1
20799 1
20848 1
20928 1
20976 1
20977 1
21008 1
21050 2
21068 1
21104 1
21160 1
21167 1
21182 1
21205 1
21215 1
21232 1
21288 2
21325 1
21371 1
21374 2
21410 1
21448 1
21476 1
21662 1
21665 1
21716 1
21794 1
21880 1
21964 1
21968 1
21992 1
22068 1
22121 1
22250 1
22260 1
22315 1
22324 1
22364 1
22421 1
22515 1
22564 1
22597 1
22698 1
22733 1
22799 1
22938 1
23004 1
23052 1
23216 1
23267 1
23332 1
23378 1
23391 2
23512 1
23546 1
23606 1
23632 1
23646 1
23731 1
23777 1
23803 1
23887 1
23920 1
24156 1
24160 1
24424 1
24468 1
24552 1
24576 143
24592 1
24618 4
24643 1
24687 1
24799 1
24808 1
24832 1
24957 1
24978 1
25059 1
25088 1
25200 1
25367 1
25498 2
25551 1
25567 1
25902 2
25932 1
25988 1
26032 1
26220 1
26298 1
26368 1
26386 1
26674 1
26680 1
26716 1
26990 1
27042 1
27049 1
27348 1
27382 1
27396 1
27681 1
27849 1
27962 1
27970 2
27984 1
28163 1
28210 1
28220 1
28274 1
28558 1
28634 1
28707 1
28820 1
28832 1
29006 1
29116 1
29141 1
29292 1
29316 1
29474 1
29598 1
29624 1
29936 1
29986 1
30084 1
30381 2
30392 2
30612 1
30679 1
30720 2
30756 1
30992 1
31063 1
31082 1
31247 1
31524 1
31544 1
31562 1
31577 1
31634 1
31636 1
31708 1
31728 1
32198 1
32594 1
32768 76
32802 1
32877 1
32951 1
32973 1
32997 1
33019 1
33047 1
33115 1
33150 1
33542 1
33664 1
33736 2
33898 1
34082 1
34212 1
34479 1
34496 1
34641 1
34709 1
34820 1
34902 1
35322 1
35875 1
36565 1
36608 1
36629 1
36772 1
36848 1
37018 1
37389 1
37513 2
37792 1
37950 1
38497 1
38632 1
38781 1
38831 1
38844 1
38932 1
39078 1
39508 2
39588 1
39992 1
40282 1
40960 50
41206 2
41213 1
41235 1
42032 1
42376 1
42816 1
42818 2
42864 1
43200 1
43382 1
43703 1
43852 1
43928 1
43976 1
44095 1
44162 1
44236 2
44538 1
44636 1
44733 1
44794 1
45113 1
45133 1
45281 1
45459 1
45474 1
45524 1
46190 1
46640 1
46762 1
47113 1
47472 1
47785 1
47810 1
48082 1
48137 1
48150 1
49132 1
49152 28
49262 1
49924 1
50162 1
50565 1
51808 2
51861 1
52416 1
52432 1
52552 1
52611 2
52852 1
53396 1
53428 1
53609 1
54812 2
55160 2
56244 1
56284 1
56342 2
57140 1
57344 19
57540 1
57566 1
57893 1
58278 1
58354 1
58521 1
58979 1
59200 1
63398 1
63761 1
65353 1
65536 20
65814 1
66622 1
67215 1
67391 1
67469 1
67623 1
67624 1
67671 1
69071 1
70317 1
71212 1
72008 1
73728 6
73820 1
74216 1
74282 1
76217 1
78321 1
78519 1
79269 1
81441 1
81582 1
81920 10
83409 1
83840 1
83997 1
86210 1
86757 1
86858 1
87261 1
88159 1
88290 1
88849 1
89159 1
89298 1
89519 1
90112 4
90289 1
90462 1
91871 1
91913 1
92027 1
92580 2
92784 1
93716 1
93889 1
94505 1
94538 1
94767 1
96477 1
96879 1
97474 1
98304 5
98346 1
98638 1
100249 1
100355 1
100715 1
100795 1
101142 1
101216 2
102361 1
103131 1
105520 1
106213 1
106496 7
106558 1
107247 1
109170 1
109176 1
109633 1
109822 1
109869 1
109934 1
111883 1
112502 1
113211 1
114069 1
114489 1
114522 1
114688 3
114723 1
114730 1
114960 1
115456 1
115472 1
116073 1
117061 1
117470 1
117934 1
118369 1
120362 1
121779 1
122452 1
122880 2
122915 1
125123 1
125648 1
127066 1
127315 1
127911 1
128238 1
128490 1
129917 1
130506 1
131072 2
132440 1
132752 1
133439 1
134325 1
139264 3
139516 1
140520 1
140571 1
140813 1
147456 8
155648 4
156161 1
156192 1
161120 1
162496 1
163840 5
164640 1
169041 1
172032 1
180224 2
188758 1
193904 1
196608 1
200732 1
204800 4
205121 1
206672 1
208390 1
212992 2
221184 1
221215 1
229376 1
237568 4
241666 1
242374 1
245760 2
248194 1
262144 1
263773 1
266498 1
266904 1
270336 1
276718 3
281676 1
286720 4
292025 1
292698 1
309058 1
310060 2
311172 1
323584 1
343462 1
344586 1
348056 1
374056 1
380852 1
384374 2
385024 1
406050 1
407400 1
420054 1
492528 2
516096 1
524288 1
592117 1
614400 2
657508 1
662614 1
663552 1
687168 1
692604 1
745472 1
761854 1
767312 1
776360 2
847528 1
909296 2
947798 1
1060724 1
1064960 2
1189735 1
1212416 1
1372750 2
1532454 2
1671168 1
1711848 1
