0 225
1 21
2 1
3 2
4 1
5 1
6 8
7 5
8 17
9 2
10 3
11 2
12 11
13 6
14 8
15 7
16 9
17 5
18 3
19 3
20 9
21 4
22 6
23 7
24 5
25 5
26 2
27 6
28 5
29 6
30 4
31 51
32 1
33 5
34 5
35 5
36 4
37 8
38 3
39 5
40 2
41 6
42 11
43 11
44 30
45 6
46 16
47 5
48 9
49 8
50 22
51 6
52 8
53 8
54 8
55 11
56 9
57 3
58 10
59 5
60 6
61 5
62 6
63 7
64 10
65 8
66 7
67 8
68 9
69 3
70 2
71 3
72 2
73 2
74 4
75 3
76 2
77 3
78 5
79 3
80 3
81 8
82 12
83 5
84 1
85 10
86 5
87 6
88 2
89 8
90 5
91 4
92 2
93 5
94 5
95 1
96 1
97 5
98 3
99 4
100 4
104 6
105 2
106 3
107 6
108 5
109 2
110 10
111 7
112 3
113 2
114 7
115 3
116 1
117 5
118 7
119 4
120 3
121 2
122 7
123 7
124 5
125 4
126 4
127 3
128 3
129 2
130 2
131 7
132 3
133 8
134 1
135 6
136 3
137 9
138 8
139 6
140 3
141 2
142 10
143 4
144 2
145 3
146 5
147 7
148 2
149 4
150 6
151 1
152 2
153 2
154 6
155 3
156 1
157 4
158 5
159 4
160 8
161 1
162 4
163 3
164 1
165 1
166 3
168 2
169 4
170 2
171 1
172 4
173 3
174 1
175 2
176 6
177 3
178 3
179 2
180 5
181 4
182 3
183 3
184 1
185 1
186 5
187 3
188 12
189 5
190 3
191 1
192 2
193 8
194 9
195 6
196 2
197 3
198 8
199 2
200 2
201 4
202 3
203 2
205 2
206 1
207 19
208 5
209 7
210 2
211 3
212 3
213 5
214 6
215 1
216 1
217 7
218 2
219 4
220 5
221 8
222 18
223 2
224 5
225 5
226 4
227 3
228 3
229 1
230 5
232 2
233 2
234 1
235 4
236 2
237 2
238 8
239 1
240 3
241 2
242 4
243 4
244 3
245 7
246 1
247 3
248 5
249 4
250 4
251 1
252 2
254 1
255 2
256 5
257 2
258 2
259 1
260 9
261 4
262 1
263 3
264 1
265 2
266 4
267 2
268 9
269 1
270 9
271 4
272 1
273 1
274 2
275 1
276 12
277 3
278 4
279 12
280 1
281 2
282 4
283 5
284 2
285 2
286 4
287 3
288 3
289 2
291 2
292 3
293 3
294 1
295 8
296 2
297 2
298 1
299 1
300 3
302 2
304 3
305 2
306 4
307 2
308 3
309 3
310 4
311 1
312 1
313 3
314 5
315 2
316 3
318 4
319 3
320 4
321 3
322 4
323 3
324 2
325 3
326 4
327 2
328 2
329 6
330 3
331 2
332 2
333 1
334 3
335 4
336 1
337 1
338 4
339 1
340 5
341 1
342 2
343 1
344 1
345 4
346 1
347 2
348 4
349 7
350 11
351 6
352 6
354 4
355 6
356 8
357 2
358 1
359 2
360 5
361 3
362 3
363 7
364 2
365 5
366 4
367 2
368 2
369 3
370 3
371 2
372 2
373 2
374 2
375 2
376 5
377 2
378 2
379 3
380 1
381 1
382 1
383 1
384 5
385 1
386 2
387 6
388 2
390 6
391 1
392 4
393 4
394 7
395 3
396 1
397 1
398 3
399 3
400 3
401 1
402 1
404 5
405 3
406 4
407 3
408 6
409 1
410 4
411 3
412 1
413 1
414 2
415 2
416 2
417 2
418 1
419 1
420 3
421 2
423 2
424 3
425 2
426 3
427 5
428 3
429 2
430 4
431 1
432 2
433 2
434 1
437 1
438 2
439 4
440 3
441 4
442 3
443 2
444 5
445 1
446 2
447 2
448 3
449 3
450 2
451 5
452 1
453 2
454 6
455 2
456 2
457 3
460 7
461 4
462 1
463 2
464 6
465 2
466 2
467 3
468 4
469 1
470 4
471 3
472 2
473 2
474 2
475 4
476 3
477 3
479 2
481 4
482 2
483 2
484 2
485 1
486 4
487 3
488 7
489 2
490 1
491 4
492 1
493 3
494 2
495 2
496 4
497 2
498 6
499 1
500 3
502 1
503 4
504 2
505 1
506 4
507 2
509 1
510 2
511 2
512 1779
513 1
514 1
515 1
516 4
517 1
518 2
519 2
520 6
521 4
522 1
523 2
524 6
525 4
526 1
527 3
528 4
529 2
530 2
531 1
532 4
533 1
535 1
536 2
537 5
538 3
539 5
540 3
541 1
542 3
543 1
544 3
545 5
546 1
547 5
548 1
550 6
551 1
552 2
554 6
555 2
556 3
557 4
558 3
559 4
561 2
562 1
563 2
564 5
565 1
566 2
567 2
568 3
569 5
570 2
571 3
572 5
573 2
574 5
575 5
576 2
577 1
578 1
579 1
580 6
581 7
583 7
584 4
585 1
586 1
587 1
589 6
591 3
592 11
593 2
594 5
595 1
596 4
597 1
598 4
599 4
600 3
601 3
602 3
603 3
604 4
605 1
606 1
607 3
608 1
609 2
610 1
612 3
613 3
614 1
617 2
618 2
619 6
620 1
621 1
622 1
624 3
625 4
626 24
627 1
628 2
630 9
631 1
632 2
633 5
634 1
635 4
636 11
638 5
639 1
640 1
641 1
643 4
644 2
645 4
646 1
647 4
648 1
649 2
650 2
651 2
652 3
654 4
656 1
657 4
658 2
659 2
660 5
661 3
663 2
665 1
666 3
667 1
668 1
669 2
670 3
671 3
672 3
673 1
674 1
675 1
676 1
677 1
678 3
679 3
680 2
681 4
682 6
683 3
684 2
685 1
686 2
687 1
688 2
690 3
691 1
692 2
693 3
694 2
695 3
696 1
697 1
698 1
699 5
700 2
702 3
703 3
704 2
705 1
706 3
707 4
708 1
709 24
710 27
711 38
712 20
713 15
714 31
715 25
716 55
717 18
718 19
719 16
720 22
721 3
722 5
723 9
725 13
726 6
727 3
728 3
730 3
731 7
732 3
733 2
734 3
735 5
737 2
738 2
740 1
741 5
742 7
743 2
744 6
745 5
746 5
747 6
748 1
749 8
750 5
752 5
753 8
754 4
755 6
756 5
757 3
758 6
759 1
761 5
762 2
763 4
764 6
765 1
766 1
767 3
768 3
769 3
770 4
771 5
772 3
773 3
774 3
775 3
776 4
777 1
778 4
780 2
781 5
782 4
783 1
784 1
785 3
786 2
787 1
788 2
789 5
790 2
791 4
794 2
795 3
796 2
797 1
798 1
799 3
800 2
801 1
802 3
803 2
804 1
806 5
807 1
808 1
809 3
811 2
812 1
813 1
814 1
815 1
816 3
817 4
818 3
822 2
823 9
824 29
825 8
826 11
827 11
828 31
829 2
831 3
832 2
833 2
834 2
835 2
836 4
837 3
838 9
839 4
840 3
841 5
842 2
843 2
844 4
845 4
846 1
847 1
848 1
849 4
850 1
851 3
852 2
853 1
854 4
855 1
856 4
857 1
858 4
859 2
860 4
861 4
863 1
864 3
865 1
866 3
867 4
868 3
870 2
872 3
874 1
876 2
877 1
878 3
879 2
880 1
883 1
884 1
885 1
886 3
887 4
888 1
889 44
890 2
891 2
892 2
893 2
894 5
895 4
896 7
897 1
899 2
902 1
903 1
905 1
906 3
907 2
908 6
909 1
910 2
911 2
912 3
913 1
914 4
915 2
916 3
917 1
918 5
920 4
921 2
922 1
923 1
925 1
926 1
927 3
928 1
929 5
930 2
931 3
932 1
934 2
935 2
936 3
937 1
938 2
939 9
940 8
941 3
942 1
943 4
945 3
946 1
947 9
948 5
949 2
950 3
952 10
953 2
954 1
955 3
956 2
957 12
958 3
959 7
960 2
962 3
963 9
964 4
965 4
966 3
967 3
968 5
969 2
970 2
971 4
972 2
973 3
976 1
978 2
979 1
980 2
981 1
982 4
983 4
984 3
985 2
987 4
989 1
990 1
991 2
992 2
994 3
995 1
996 1
997 1
998 3
999 1
1000 1
1001 2
1002 2
1003 1
1004 2
1005 1
1006 2
1008 3
1009 1
1010 2
1012 2
1013 1
1016 5
1017 2
1018 2
1019 3
1020 2
1021 3
1023 8
1024 130
1025 4
1026 3
1027 1
1028 3
1029 2
1030 1
1031 5
1032 5
1033 3
1034 2
1035 3
1036 6
1037 2
1038 1
1039 4
1040 1
1041 2
1042 1
1043 1
1044 3
1045 3
1047 3
1048 1
1049 7
1052 1
1053 4
1054 10
1056 8
1057 1
1058 1
1060 3
1061 7
1062 5
1063 2
1064 2
1065 3
1066 1
1067 2
1068 2
1069 2
1070 7
1071 1
1072 1
1073 2
1074 3
1077 2
1078 3
1079 1
1080 3
1082 2
1083 1
1084 1
1085 2
1086 2
1087 5
1088 5
1089 2
1090 4
1091 1
1092 3
1093 2
1094 3
1095 8
1096 2
1097 5
1098 1
1099 2
1100 3
1102 2
1103 3
1104 5
1105 8
1107 3
1108 5
1109 4
1110 5
1111 6
1112 3
1113 5
1114 1
1115 9
1116 3
1117 4
1118 1
1119 1
1121 1
1123 3
1124 1
1125 5
1126 1
1127 3
1131 1
1132 2
1133 1
1134 7
1135 3
1136 1
1138 5
1139 4
1140 4
1141 2
1142 2
1143 1
1144 2
1145 2
1146 1
1147 2
1148 4
1149 1
1153 3
1154 5
1155 3
1156 2
1157 1
1158 1
1161 1
1163 2
1164 1
1165 1
1166 2
1167 4
1168 3
1169 4
1170 1
1172 1
1173 1
1175 1
1176 3
1177 1
1178 2
1179 1
1180 2
1182 2
1183 2
1184 5
1185 3
1188 2
1189 6
1191 1
1192 2
1194 1
1195 5
1196 3
1197 2
1199 2
1200 4
1202 1
1203 2
1204 1
1205 3
1206 1
1207 2
1208 6
1209 2
1210 1
1211 2
1212 1
1213 5
1214 2
1216 3
1217 2
1219 1
1220 4
1221 1
1222 1
1223 1
1224 2
1228 1
1232 3
1234 2
1235 3
1236 2
1238 4
1239 3
1240 3
1241 1
1243 1
1244 2
1245 2
1246 2
1247 1
1248 2
1249 2
1250 3
1251 2
1253 2
1256 2
1257 1
1258 1
1259 2
1260 2
1261 6
1262 1
1264 1
1265 2
1266 1
1270 1
1271 5
1272 1
1273 1
1274 3
1276 1
1277 2
1278 2
1279 2
1280 1
1282 9
1283 6
1284 5
1285 1
1287 3
1288 2
1290 1
1291 2
1292 3
1294 3
1295 1
1296 1
1297 3
1300 3
1301 1
1303 1
1304 1
1305 2
1306 3
1308 4
1309 2
1310 2
1311 4
1312 2
1313 1
1314 3
1315 3
1316 3
1318 1
1319 1
1320 4
1321 1
1322 6
1323 4
1324 3
1326 5
1327 1
1328 1
1329 1
1331 1
1332 2
1333 2
1334 4
1335 3
1336 3
1338 1
1339 4
1340 2
1342 3
1343 2
1344 3
1345 1
1346 4
1347 1
1348 2
1349 1
1350 2
1351 6
1352 3
1353 1
1354 2
1355 1
1356 3
1357 2
1360 1
1361 3
1362 3
1363 3
1364 1
1365 1
1366 10
1367 2
1368 4
1369 3
1370 1
1371 2
1372 1
1373 3
1374 1
1375 3
1376 2
1377 1
1378 1
1379 3
1380 1
1381 2
1382 1
1383 4
1384 1
1385 1
1386 4
1387 3
1388 2
1390 4
1392 3
1394 3
1395 5
1396 2
1397 2
1398 1
1399 4
1401 1
1402 3
1403 3
1404 1
1405 1
1406 1
1407 4
1410 2
1411 4
1412 1
1413 2
1415 5
1416 3
1417 4
1419 2
1420 2
1421 1
1423 5
1424 1
1426 1
1427 5
1430 3
1431 2
1433 3
1434 3
1438 3
1439 1
1440 2
1443 3
1444 1
1445 1
1446 1
1448 1
1449 2
1451 2
1453 1
1454 2
1455 1
1456 3
1457 1
1458 5
1460 1
1461 1
1462 1
1463 2
1465 3
1466 4
1468 6
1469 3
1470 2
1471 1
1472 2
1473 2
1475 2
1476 11
1477 3
1478 1
1479 6
1480 3
1481 3
1482 6
1483 2
1487 2
1488 1
1489 2
1491 1
1492 1
1493 3
1494 2
1495 6
1496 2
1498 1
1499 2
1500 1
1501 1
1502 1
1503 5
1505 2
1506 1
1508 2
1509 4
1510 1
1511 2
1512 1
1513 1
1514 1
1517 1
1519 2
1520 1
1521 2
1523 2
1524 3
1525 2
1526 9
1527 3
1528 3
1530 3
1531 2
1532 2
1533 2
1534 2
1535 1
1536 33
1537 2
1538 5
1539 1
1540 1
1542 2
1543 4
1544 1
1547 3
1548 1
1549 2
1550 1
1551 1
1552 2
1554 1
1555 4
1556 2
1558 2
1559 1
1560 1
1561 1
1562 2
1563 2
1564 5
1565 1
1566 3
1567 2
1568 1
1571 4
1572 3
1575 3
1576 2
1577 2
1578 1
1579 1
1580 2
1581 1
1583 1
1584 1
1586 1
1587 3
1589 1
1590 2
1591 2
1592 2
1593 3
1595 7
1596 1
1598 1
1599 1
1600 1
1601 1
1602 2
1603 4
1604 3
1605 1
1607 1
1608 3
1609 1
1611 3
1612 1
1614 2
1615 3
1616 1
1617 1
1618 3
1619 3
1620 1
1621 1
1623 1
1624 2
1625 1
1626 1
1630 2
1631 2
1632 2
1634 2
1635 3
1636 1
1637 1
1638 1
1639 2
1640 2
1641 3
1642 5
1643 2
1644 1
1647 1
1649 1
1650 1
1651 2
1652 2
1653 4
1654 2
1655 1
1656 1
1657 4
1658 3
1659 3
1660 1
1662 2
1663 3
1664 3
1665 2
1666 5
1667 2
1668 2
1669 3
1673 4
1674 1
1675 2
1676 3
1677 3
1678 1
1679 2
1680 1
1681 2
1682 1
1683 1
1684 4
1685 1
1686 2
1687 1
1688 5
1691 3
1692 3
1695 2
1696 4
1697 5
1698 2
1699 3
1700 3
1701 2
1703 4
1704 1
1707 1
1708 3
1709 3
1711 3
1712 3
1713 1
1714 1
1715 1
1716 2
1717 1
1718 3
1719 7
1720 1
1721 1
1722 1
1723 1
1724 3
1725 2
1726 1
1727 2
1729 1
1730 2
1731 2
1732 4
1736 1
1737 4
1738 1
1739 1
1741 1
1742 3
1744 2
1745 3
1747 1
1748 2
1750 2
1751 1
1752 1
1755 3
1756 2
1757 2
1759 1
1760 1
1761 2
1763 2
1764 1
1765 3
1766 1
1767 1
1768 2
1769 2
1770 3
1771 1
1772 2
1773 1
1774 2
1777 24
1778 81
1779 76
1780 61
1781 40
1782 37
1783 21
1784 17
1785 15
1786 19
1787 3
1788 4
1789 5
1790 5
1791 2
1792 1
1793 3
1794 1
1797 1
1798 2
1799 5
1800 1
1801 1
1804 1
1805 5
1806 2
1807 3
1808 1
1809 2
1810 2
1811 3
1812 2
1813 5
1815 1
1816 1
1817 1
1818 4
1819 2
1820 4
1821 4
1822 1
1823 2
1824 3
1825 1
1826 1
1827 1
1829 5
1830 1
1831 1
1833 1
1834 1
1835 1
1836 1
1837 1
1839 1
1840 3
1841 1
1842 1
1843 1
1844 4
1845 2
1847 2
1848 2
1849 1
1850 1
1852 1
1854 2
1855 2
1858 3
1859 1
1860 3
1861 2
1863 2
1864 1
1865 1
1867 1
1868 2
1870 1
1871 4
1872 1
1873 2
1874 2
1876 1
1878 3
1880 1
1881 1
1882 2
1884 1
1885 1
1887 1
1889 1
1890 3
1891 2
1893 1
1894 1
1895 1
1896 1
1899 1
1901 2
1903 2
1905 1
1907 1
1908 1
1910 2
1911 1
1913 2
1914 1
1916 1
1918 1
1919 2
1920 4
1922 1
1923 1
1924 2
1927 1
1928 4
1929 1
1930 1
1931 1
1932 1
1933 17
1934 1
1935 1
1936 3
1937 4
1940 2
1941 1
1942 1
1943 1
1944 1
1945 2
1947 2
1948 1
1950 1
1951 1
1952 3
1955 1
1956 1
1957 1
1960 2
1962 1
1964 2
1965 1
1966 1
1967 4
1968 1
1969 1
1970 3
1973 2
1974 2
1975 2
1977 1
1978 1
1980 1
1981 4
1982 1
1983 5
1987 1
1988 1
1989 1
1991 1
1992 1
1993 1
1994 3
1995 1
1996 1
1997 3
1998 1
1999 4
2001 12
2004 4
2005 1
2006 3
2007 2
2008 2
2009 1
2010 2
2011 2
2015 1
2016 3
2017 1
2018 2
2019 2
2020 2
2021 3
2023 5
2024 2
2028 2
2029 1
2030 1
2031 3
2032 1
2033 2
2034 3
2035 4
2036 1
2038 1
2039 2
2041 3
2042 1
2043 1
2047 2
2048 64
2050 2
2053 7
2056 1
2058 3
2060 3
2061 2
2062 2
2063 1
2064 1
2065 1
2066 1
2067 3
2069 3
2070 2
2071 2
2072 1
2073 1
2074 2
2076 1
2077 2
2078 3
2080 1
2082 1
2083 1
2085 1
2087 3
2089 2
2090 1
2091 1
2092 3
2093 1
2096 1
2097 1
2098 3
2100 2
2104 2
2106 3
2107 2
2108 2
2113 3
2116 2
2117 4
2119 3
2121 2
2122 2
2123 2
2124 1
2125 1
2126 1
2127 1
2130 1
2134 1
2135 1
2136 3
2139 2
2141 3
2143 1
2144 2
2145 2
2146 1
2147 4
2148 2
2150 1
2155 3
2157 3
2158 1
2159 1
2160 1
2162 2
2163 2
2164 2
2166 1
2167 2
2168 1
2169 2
2170 1
2172 2
2173 2
2174 1
2178 1
2179 2
2180 3
2182 1
2183 1
2184 3
2185 1
2186 2
2187 1
2188 1
2190 4
2191 1
2192 2
2193 1
2198 1
2199 2
2200 1
2201 2
2202 3
2203 3
2204 1
2206 1
2208 2
2209 2
2210 3
2211 1
2212 1
2216 1
2217 1
2218 1
2219 1
2226 1
2227 3
2228 1
2229 1
2230 1
2231 2
2232 1
2233 1
2234 1
2235 1
2236 1
2237 1
2238 2
2239 1
2244 2
2247 1
2248 4
2250 2
2251 1
2252 4
2254 2
2255 1
2256 3
2257 1
2258 2
2259 3
2260 1
2262 1
2265 1
2266 1
2267 2
2270 1
2271 2
2272 2
2275 1
2277 1
2278 1
2279 2
2280 1
2281 1
2282 1
2283 2
2284 2
2286 1
2288 2
2290 4
2291 1
2292 1
2293 1
2294 1
2295 1
2296 2
2297 3
2299 4
2301 2
2302 1
2303 2
2304 2
2305 1
2306 4
2307 1
2308 3
2311 1
2312 3
2313 1
2316 1
2318 1
2321 1
2322 1
2325 1
2326 2
2331 1
2332 1
2333 2
2334 1
2335 2
2338 1
2339 1
2340 3
2342 1
2343 1
2344 4
2346 3
2347 1
2349 1
2351 1
2353 1
2354 2
2355 2
2357 4
2358 2
2361 4
2363 1
2364 1
2365 1
2366 1
2367 3
2368 1
2369 1
2372 3
2376 4
2377 1
2379 1
2383 1
2385 1
2386 3
2388 1
2389 2
2390 2
2391 1
2395 1
2396 1
2398 1
2399 1
2402 1
2404 2
2405 1
2406 1
2408 2
2412 1
2413 1
2414 1
2415 1
2416 3
2419 2
2420 3
2421 2
2422 3
2424 1
2425 2
2427 2
2428 1
2430 2
2432 1
2433 2
2436 1
2437 1
2438 1
2439 1
2440 2
2441 3
2442 1
2443 1
2446 3
2448 1
2449 1
2450 3
2451 1
2452 3
2453 1
2454 2
2455 1
2457 2
2458 2
2459 1
2461 2
2463 3
2465 1
2467 5
2468 2
2470 1
2471 1
2472 1
2475 2
2476 1
2477 1
2478 1
2480 1
2481 1
2482 1
2483 2
2484 2
2485 1
2486 2
2489 2
2492 1
2493 1
2495 3
2496 1
2497 1
2498 1
2500 2
2501 2
2503 1
2504 1
2506 4
2507 2
2508 1
2509 1
2510 1
2512 3
2514 3
2515 2
2516 1
2519 1
2520 3
2521 1
2522 1
2523 2
2524 1
2528 2
2534 1
2536 2
2537 1
2538 5
2539 2
2541 2
2543 2
2546 1
2548 2
2549 1
2550 2
2551 1
2552 3
2553 3
2554 3
2555 2
2556 1
2557 3
2559 1
2560 7
2562 2
2564 1
2565 1
2567 1
2569 1
2571 2
2572 3
2573 2
2574 2
2576 3
2578 3
2579 1
2582 1
2584 1
2585 1
2588 2
2589 1
2590 1
2591 1
2592 1
2593 3
2594 1
2595 1
2596 1
2598 1
2599 2
2600 3
2601 2
2602 1
2603 1
2604 4
2605 1
2606 2
2607 1
2608 4
2609 2
2610 1
2611 1
2614 1
2616 2
2619 1
2620 2
2621 1
2622 1
2623 2
2624 2
2625 1
2626 2
2627 2
2628 2
2630 3
2632 3
2634 2
2635 2
2637 1
2639 1
2641 1
2642 2
2643 4
2647 1
2651 2
2653 1
2657 1
2659 1
2660 1
2661 2
2664 2
2665 1
2667 1
2668 3
2669 1
2670 1
2671 3
2673 1
2674 1
2675 1
2678 2
2679 1
2681 2
2682 2
2683 2
2684 2
2685 1
2687 1
2688 4
2691 3
2692 3
2694 2
2697 1
2698 1
2700 2
2701 1
2703 1
2705 2
2706 1
2707 1
2713 2
2716 1
2717 1
2721 1
2725 1
2727 3
2728 1
2729 3
2736 1
2737 1
2742 3
2745 2
2746 1
2747 2
2749 2
2750 1
2755 2
2756 2
2757 2
2759 3
2760 1
2762 5
2764 1
2765 1
2766 1
2768 1
2770 3
2774 2
2775 3
2776 4
2777 2
2781 2
2782 3
2783 2
2784 1
2785 1
2786 2
2787 2
2789 1
2793 1
2794 1
2797 1
2799 1
2801 1
2804 1
2805 2
2807 1
2808 1
2811 1
2813 1
2814 2
2815 1
2816 2
2820 1
2821 3
2822 1
2823 3
2824 1
2825 1
2826 1
2827 1
2828 1
2832 2
2833 2
2835 1
2836 2
2838 1
2840 1
2841 2
2842 1
2843 2
2844 1
2845 1
2846 1
2847 1
2850 2
2851 2
2852 2
2853 1
2854 1
2855 1
2856 2
2857 1
2858 1
2859 3
2860 3
2863 3
2865 1
2866 5
2868 3
2869 1
2870 2
2872 1
2873 1
2874 2
2876 1
2882 1
2884 1
2886 2
2887 2
2888 1
2889 1
2892 1
2893 2
2895 2
2898 1
2900 1
2903 3
2904 1
2905 1
2908 1
2913 1
2914 1
2916 2
2919 1
2920 1
2921 1
2923 1
2926 1
2927 1
2932 3
2933 1
2936 1
2937 1
2938 2
2939 2
2940 1
2947 4
2948 2
2949 1
2950 1
2951 3
2956 1
2957 1
2960 1
2961 1
2963 1
2966 3
2968 2
2969 3
2972 1
2974 1
2980 1
2981 1
2984 1
2986 1
2987 1
2988 1
2989 3
2990 2
2991 2
2993 1
2994 1
2997 1
2999 1
3004 2
3005 1
3008 2
3012 1
3014 1
3015 1
3017 1
3018 1
3019 1
3020 1
3022 1
3024 1
3025 1
3026 2
3028 2
3031 2
3033 2
3034 1
3035 1
3038 1
3039 2
3041 1
3043 1
3045 1
3047 1
3048 1
3051 1
3054 1
3055 1
3063 1
3064 2
3066 1
3067 1
3069 1
3071 3
3072 28
3073 3
3077 1
3079 1
3084 1
3085 1
3093 1
3095 1
3097 1
3099 2
3100 2
3101 1
3105 1
3106 2
3107 3
3112 1
3115 2
3116 1
3117 1
3120 3
3123 3
3124 1
3126 1
3127 1
3128 2
3130 2
3133 2
3134 1
3135 2
3140 3
3142 1
3145 2
3146 2
3147 2
3148 1
3156 1
3157 1
3159 1
3166 3
3167 1
3168 3
3169 2
3171 1
3175 1
3176 1
3177 1
3178 2
3182 1
3183 1
3184 1
3187 2
3191 2
3193 1
3196 3
3199 1
3202 1
3204 1
3206 1
3207 1
3208 1
3209 1
3210 1
3212 1
3215 1
3218 1
3219 1
3220 2
3222 1
3223 1
3224 1
3225 1
3227 2
3233 3
3234 2
3235 3
3236 2
3238 1
3245 1
3248 1
3252 3
3254 4
3256 2
3257 1
3263 2
3268 1
3270 1
3272 1
3274 2
3275 2
3276 1
3277 2
3280 2
3282 3
3283 1
3284 1
3285 1
3290 1
3292 1
3293 3
3299 1
3301 2
3302 1
3303 1
3304 2
3305 2
3306 1
3310 1
3312 2
3313 1
3318 1
3321 2
3324 1
3325 2
3326 1
3327 1
3328 1
3332 2
3334 1
3335 1
3336 1
3338 1
3339 2
3340 3
3341 1
3344 1
3345 1
3348 4
3349 1
3352 2
3354 1
3355 2
3356 1
3358 1
3359 2
3360 1
3362 1
3363 1
3365 1
3367 1
3370 1
3373 1
3374 2
3376 3
3377 2
3380 1
3381 1
3382 1
3383 1
3385 1
3386 1
3388 1
3390 1
3391 1
3392 2
3395 1
3396 1
3399 1
3400 1
3401 1
3402 1
3403 1
3405 1
3406 1
3407 3
3410 1
3412 1
3413 1
3414 4
3415 1
3417 5
3418 1
3419 2
3420 2
3423 3
3431 2
3433 1
3434 1
3435 1
3437 3
3439 2
3444 1
3450 1
3452 1
3453 1
3456 3
3459 3
3462 5
3463 4
3464 1
3465 2
3468 1
3469 1
3470 1
3472 1
3475 1
3476 1
3477 1
3479 1
3481 1
3485 1
3487 1
3488 1
3489 3
3490 1
3491 1
3494 3
3498 1
3499 2
3502 1
3504 1
3505 1
3508 4
3510 2
3511 1
3514 1
3517 1
3518 1
3520 3
3522 1
3524 1
3526 2
3527 2
3528 2
3530 1
3534 1
3535 1
3537 1
3544 3
3546 1
3548 3
3552 2
3553 1
3556 1
3560 3
3562 1
3568 1
3570 2
3573 1
3577 2
3579 1
3584 3
3585 3
3587 2
3588 1
3589 1
3591 1
3592 1
3593 1
3601 1
3603 1
3607 3
3608 1
3609 1
3610 5
3611 1
3613 1
3615 2
3616 1
3618 2
3619 1
3620 1
3622 2
3623 2
3624 1
3627 1
3629 1
3631 2
3635 1
3641 3
3644 1
3646 1
3648 1
3650 1
3651 1
3652 1
3653 2
3654 1
3657 1
3658 3
3659 1
3660 3
3664 1
3665 4
3666 3
3667 2
3668 2
3671 1
3672 1
3675 1
3676 4
3677 1
3678 1
3685 1
3687 1
3692 1
3693 1
3695 1
3696 1
3698 2
3701 1
3703 1
3707 2
3709 2
3711 1
3712 1
3714 1
3716 1
3717 1
3719 1
3721 1
3726 1
3730 1
3731 1
3734 1
3736 1
3740 1
3742 1
3743 1
3744 2
3752 1
3753 2
3754 1
3756 3
3757 1
3759 1
3762 1
3766 1
3769 1
3770 1
3777 1
3780 1
3781 1
3782 1
3784 3
3787 1
3794 1
3795 1
3800 1
3801 1
3804 1
3806 1
3808 1
3811 2
3815 1
3818 1
3819 2
3820 2
3822 1
3823 1
3824 1
3825 1
3827 2
3828 3
3830 4
3832 2
3833 1
3835 2
3837 3
3839 1
3840 1
3844 1
3846 1
3848 1
3856 2
3858 1
3860 1
3861 1
3862 2
3863 1
3866 2
3867 1
3869 1
3870 2
3878 1
3880 1
3881 1
3882 1
3885 1
3886 1
3887 2
3889 1
3890 2
3892 1
3893 1
3894 2
3895 1
3901 1
3903 1
3904 3
3905 1
3907 1
3909 3
3911 1
3913 2
3915 1
3916 1
3921 1
3923 2
3926 2
3928 1
3930 1
3932 1
3933 1
3934 6
3935 1
3936 2
3942 1
3946 1
3947 2
3948 1
3953 3
3955 1
3957 2
3969 1
3971 1
3975 2
3976 1
3977 2
3978 1
3979 1
3980 1
3981 1
3984 1
3986 1
3987 1
3989 3
3992 1
3996 1
3997 3
3998 1
4001 1
4006 1
4012 1
4014 2
4016 1
4019 1
4020 1
4021 2
4022 1
4031 2
4032 2
4037 1
4038 2
4039 1
4040 1
4042 2
4047 2
4048 1
4049 1
4051 2
4056 1
4059 1
4060 1
4061 1
4062 1
4064 1
4065 1
4066 1
4069 1
4072 1
4073 1
4074 1
4075 1
4076 1
4078 1
4081 1
4085 3
4087 1
4092 1
4093 1
4096 34
4099 1
4100 2
4112 2
4116 1
4117 1
4118 1
4119 4
4120 1
4126 1
4127 1
4128 1
4129 2
4136 1
4137 1
4140 1
4143 1
4144 1
4147 2
4149 1
4150 1
4151 1
4156 1
4158 1
4169 1
4171 1
4174 1
4176 2
4183 2
4188 1
4189 1
4190 2
4191 1
4192 1
4199 2
4200 1
4201 2
4204 1
4206 1
4211 2
4218 2
4221 1
4226 1
4228 2
4229 1
4230 1
4232 2
4234 1
4236 2
4241 1
4246 3
4250 1
4251 3
4252 1
4254 1
4255 1
4256 2
4257 1
4267 2
4274 3
4275 2
4276 1
4278 2
4284 1
4285 1
4287 1
4292 1
4296 1
4299 2
4303 1
4304 2
4308 2
4309 1
4310 2
4314 1
4318 3
4320 1
4321 1
4323 1
4324 1
4325 1
4327 1
4329 2
4330 1
4333 1
4338 1
4340 2
4347 1
4350 1
4355 1
4358 1
4362 4
4369 1
4373 1
4378 2
4384 1
4391 1
4395 1
4397 1
4400 1
4405 2
4406 1
4408 1
4410 2
4411 1
4416 4
4420 1
4426 2
4428 1
4429 1
4430 3
4431 1
4438 1
4441 1
4445 1
4447 1
4448 1
4450 1
4451 5
4454 1
4456 4
4457 1
4459 1
4460 3
4464 1
4465 2
4469 1
4470 4
4471 2
4473 1
4475 1
4480 2
4483 1
4485 1
4486 1
4489 1
4495 1
4496 1
4503 1
4504 3
4507 2
4510 1
4511 1
4515 2
4519 2
4521 2
4523 1
4530 1
4531 1
4532 2
4538 1
4542 1
4547 1
4548 3
4550 1
4551 1
4553 1
4555 1
4560 1
4561 3
4563 1
4565 1
4566 1
4568 2
4573 2
4576 1
4578 1
4582 2
4584 6
4585 1
4586 1
4587 1
4594 1
4595 1
4596 1
4600 2
4604 1
4606 1
4607 1
4608 11
4610 1
4616 1
4619 1
4620 1
4621 1
4623 1
4624 1
4626 1
4628 1
4633 1
4636 1
4640 1
4641 1
4642 2
4644 1
4650 1
4653 2
4654 1
4666 1
4668 2
4671 1
4676 1
4677 1
4678 1
4684 1
4686 1
4687 1
4692 1
4694 1
4701 1
4704 1
4705 1
4712 3
4721 1
4722 1
4726 1
4730 1
4733 1
4734 1
4735 1
4737 2
4746 1
4747 2
4748 1
4749 1
4753 1
4754 1
4756 1
4763 1
4765 1
4766 2
4767 1
4770 2
4771 1
4777 1
4778 1
4784 1
4787 2
4790 1
4792 1
4793 1
4794 1
4797 1
4800 1
4801 1
4803 1
4807 2
4812 2
4813 2
4814 3
4815 1
4816 1
4818 1
4823 1
4824 2
4825 1
4830 1
4835 1
4838 1
4842 1
4845 1
4854 1
4856 1
4858 1
4860 1
4868 1
4869 1
4872 2
4873 1
4876 3
4879 1
4886 1
4889 1
4892 1
4893 1
4894 1
4895 1
4896 1
4902 2
4905 1
4906 1
4909 1
4912 2
4915 1
4918 1
4920 2
4924 1
4925 1
4928 1
4932 2
4934 1
4936 1
4938 2
4943 1
4944 2
4945 3
4955 1
4956 1
4961 2
4966 3
4967 1
4968 2
4970 1
4971 2
4976 1
4978 2
4982 1
4983 2
4984 1
4987 1
4988 1
4990 2
4992 1
4995 1
4998 1
5000 4
5007 2
5009 1
5011 1
5013 2
5015 1
5017 1
5019 1
5020 2
5021 2
5023 1
5029 2
5030 3
5033 1
5036 1
5038 1
5039 1
5043 1
5048 1
5053 1
5058 1
5070 2
5078 1
5083 1
5086 1
5088 1
5091 1
5092 1
5093 2
5102 1
5104 1
5105 3
5110 1
5113 1
5116 1
5117 1
5118 1
5122 1
5123 1
5131 1
5133 1
5136 1
5142 1
5143 1
5144 1
5147 1
5154 3
5156 1
5160 1
5161 1
5162 2
5166 2
5167 1
5168 1
5174 1
5176 1
5177 1
5183 1
5187 1
5195 1
5197 2
5198 1
5202 4
5203 1
5207 1
5216 2
5217 4
5220 1
5227 1
5229 1
5232 3
5240 1
5241 1
5242 1
5245 1
5246 1
5247 1
5248 1
5249 1
5250 2
5252 1
5253 2
5254 1
5255 1
5256 3
5257 1
5258 1
5260 1
5264 1
5265 1
5266 1
5270 1
5272 1
5277 1
5279 2
5282 1
5285 2
5290 1
5298 2
5300 2
5302 3
5304 1
5306 1
5312 2
5317 2
5318 1
5319 1
5321 1
5322 13
5328 1
5331 1
5332 1
5335 2
5337 1
5341 1
5342 1
5344 1
5345 1
5346 1
5347 1
5348 1
5349 1
5351 1
5353 1
5354 1
5356 1
5359 1
5360 1
5365 1
5371 1
5372 1
5373 1
5375 2
5376 1
5379 1
5380 2
5383 1
5386 2
5387 1
5388 1
5392 1
5393 1
5395 1
5396 1
5399 1
5400 1
5402 1
5403 1
5404 2
5406 1
5408 1
5410 4
5414 6
5420 2
5424 1
5430 1
5431 1
5434 1
5436 1
5439 1
5442 1
5443 1
5445 1
5448 2
5450 2
5451 1
5455 1
5460 2
5461 1
5465 2
5469 1
5470 1
5476 1
5483 1
5488 1
5501 1
5502 2
5503 1
5509 2
5512 4
5513 1
5514 1
5517 1
5519 1
5526 1
5528 1
5536 1
5541 1
5543 1
5545 1
5549 2
5554 3
5555 1
5556 1
5562 1
5563 1
5565 1
5567 2
5571 2
5575 2
5576 2
5578 1
5579 1
5584 2
5586 1
5587 1
5588 2
5589 2
5591 1
5592 1
5598 1
5604 2
5606 2
5614 1
5616 5
5618 1
5620 3
5625 1
5627 1
5628 1
5632 1
5633 1
5635 2
5636 2
5641 1
5645 1
5657 1
5660 1
5661 1
5663 3
5664 3
5669 1
5672 1
5674 1
5679 1
5681 1
5686 1
5687 1
5688 1
5692 1
5695 1
5705 1
5710 2
5714 1
5721 1
5726 1
5732 1
5733 1
5740 1
5742 1
5744 1
5750 1
5753 1
5755 1
5756 1
5760 2
5772 1
5779 3
5780 1
5784 1
5787 1
5788 1
5792 1
5794 1
5797 1
5798 1
5800 1
5802 1
5804 3
5815 1
5816 1
5817 3
5824 4
5827 1
5828 1
5829 1
5831 2
5833 1
5837 1
5840 2
5844 1
5846 2
5847 1
5855 1
5856 1
5863 1
5864 1
5872 1
5873 1
5874 1
5875 1
5879 3
5880 1
5892 2
5893 1
5894 1
5899 1
5903 1
5907 2
5908 1
5911 2
5914 1
5916 1
5918 1
5919 1
5922 1
5929 1
5931 1
5933 1
5936 1
5940 1
5948 1
5952 1
5955 4
5956 2
5960 2
5962 1
5964 1
5967 1
5968 3
5969 1
5972 3
5976 2
5980 1
5982 1
5983 1
5984 2
5985 1
5987 2
5993 1
5996 1
5997 1
5998 1
6004 1
6005 11
6020 1
6022 1
6023 1
6026 1
6028 1
6032 2
6040 1
6044 1
6047 1
6048 1
6050 1
6055 1
6064 1
6066 1
6068 4
6072 1
6075 1
6076 2
6080 2
6081 1
6084 2
6087 1
6088 1
6092 1
6104 1
6110 1
6111 1
6125 2
6130 1
6131 1
6132 1
6136 1
6140 1
6143 1
6144 5
6149 1
6150 1
6152 2
6155 1
6156 2
6161 1
6165 2
6174 1
6177 1
6179 1
6183 1
6184 1
6186 2
6188 1
6192 1
6193 2
6194 1
6197 1
6200 1
6206 1
6212 1
6217 1
6228 1
6233 1
6235 1
6239 1
6241 1
6243 1
6247 2
6248 4
6250 1
6254 1
6259 2
6262 1
6269 1
6273 1
6275 1
6278 1
6279 1
6283 1
6284 1
6292 1
6293 3
6296 2
6300 1
6301 1
6302 2
6306 1
6308 2
6310 1
6312 1
6313 1
6317 2
6318 2
6319 2
6324 2
6325 1
6332 2
6334 1
6335 1
6336 1
6343 2
6344 1
6348 2
6349 1
6351 1
6352 2
6355 1
6356 3
6357 1
6360 1
6364 2
6372 6
6373 1
6376 1
6382 1
6384 1
6388 2
6397 1
6400 1
6412 5
6414 1
6416 1
6421 1
6428 1
6432 1
6438 1
6445 1
6447 1
6448 4
6449 1
6451 2
6454 1
6456 1
6458 2
6461 1
6462 1
6464 1
6471 1
6472 1
6473 1
6474 1
6475 1
6476 1
6477 1
6478 1
6484 1
6486 2
6494 1
6496 3
6500 1
6501 1
6504 2
6509 2
6513 1
6516 1
6519 1
6522 1
6529 2
6530 1
6533 1
6536 1
6544 1
6547 2
6549 1
6552 1
6555 1
6559 1
6561 2
6562 2
6563 3
6569 1
6571 1
6575 1
6577 1
6581 2
6586 1
6588 1
6589 2
6591 1
6595 1
6596 1
6602 2
6608 1
6609 1
6610 1
6612 2
6615 1
6618 3
6619 1
6621 1
6630 1
6632 1
6636 1
6640 2
6642 1
6651 1
6652 2
6653 1
6654 1
6656 2
6659 1
6660 1
6663 1
6667 1
6672 4
6676 2
6680 1
6681 3
6684 1
6690 1
6694 2
6695 1
6700 1
6701 1
6703 1
6706 1
6712 1
6716 2
6718 1
6720 2
6721 1
6726 1
6730 1
6735 1
6738 1
6747 1
6748 5
6749 1
6750 1
6751 3
6754 1
6761 2
6766 2
6767 1
6776 2
6778 2
6786 1
6792 1
6800 1
6805 1
6806 1
6808 2
6809 1
6812 1
6818 1
6823 1
6828 1
6833 2
6841 1
6848 2
6854 1
6856 1
6858 2
6861 1
6862 3
6867 1
6871 1
6881 1
6884 1
6885 1
6897 2
6898 1
6901 3
6907 3
6908 1
6918 3
6919 1
6920 1
6923 1
6927 1
6936 1
6940 5
6944 2
6947 1
6951 2
6956 1
6961 1
6963 1
6974 1
6975 1
6979 1
6980 2
6982 1
6983 1
6984 1
6988 1
6991 1
6995 1
7003 1
7004 1
7007 2
7010 1
7019 1
7028 1
7029 1
7032 1
7039 1
7040 1
7042 1
7043 1
7044 1
7048 1
7049 1
7050 1
7060 1
7074 1
7087 2
7091 1
7095 1
7105 1
7108 1
7112 1
7121 1
7129 1
7136 1
7144 3
7147 1
7154 1
7162 2
7165 1
7168 1
7170 1
7172 1
7174 1
7175 1
7181 1
7190 1
7196 1
7202 1
7204 1
7205 1
7208 1
7209 1
7210 2
7212 1
7215 1
7216 1
7218 1
7227 4
7232 2
7233 2
7235 1
7236 1
7241 1
7251 1
7252 1
7254 1
7255 1
7256 1
7257 1
7259 1
7265 1
7269 1
7272 1
7275 1
7278 1
7284 1
7287 1
7288 1
7293 1
7297 1
7300 1
7301 1
7309 1
7318 1
7325 1
7331 1
7335 2
7340 1
7341 1
7344 1
7348 1
7357 1
7363 3
7365 1
7368 1
7369 1
7370 1
7372 1
7375 1
7376 1
7377 2
7384 1
7389 1
7399 1
7407 2
7408 1
7414 1
7415 1
7416 1
7417 1
7426 1
7427 1
7434 1
7440 1
7448 1
7449 1
7452 1
7453 1
7454 1
7457 1
7458 1
7469 1
7474 1
7475 1
7481 1
7488 2
7490 2
7491 2
7502 2
7503 1
7508 1
7509 1
7515 1
7528 1
7530 1
7532 2
7553 2
7554 1
7556 1
7558 3
7569 1
7576 1
7584 1
7594 1
7596 1
7602 1
7604 3
7613 1
7619 1
7620 2
7622 1
7625 1
7629 1
7630 1
7634 1
7639 1
7645 1
7646 1
7657 1
7669 1
7672 1
7673 1
7677 1
7679 1
7680 7
7684 2
7689 1
7692 1
7698 1
7700 1
7704 1
7710 2
7724 3
7725 1
7726 1
7732 2
7737 2
7739 1
7745 1
7748 3
7749 1
7753 1
7754 1
7756 1
7758 1
7766 1
7768 4
7773 1
7776 2
7777 1
7779 1
7781 1
7784 3
7798 2
7808 2
7811 1
7813 1
7818 1
7837 1
7840 2
7843 1
7853 1
7854 1
7856 2
7857 1
7860 2
7863 1
7876 1
7884 1
7885 2
7886 3
7892 1
7905 1
7906 1
7909 1
7910 1
7920 1
7926 1
7927 1
7928 1
7930 1
7940 1
7944 1
7946 1
7948 3
7955 1
7959 1
7968 1
7977 1
7979 1
7985 2
7989 1
7996 1
7997 3
8006 2
8007 1
8012 1
8013 1
8015 1
8022 1
8024 1
8028 1
8033 1
8038 1
8064 1
8065 1
8072 2
8075 4
8076 2
8084 2
8088 1
8099 1
8104 3
8107 1
8110 1
8120 1
8126 1
8130 1
8131 1
8138 3
8139 2
8146 1
8153 2
8155 2
8168 1
8170 2
8172 2
8180 1
8183 1
8192 27
8193 1
8195 1
8201 1
8214 1
8215 1
8218 1
8221 1
8222 1
8224 2
8225 1
8228 1
8243 2
8246 2
8256 3
8267 1
8268 1
8275 1
8281 1
8287 2
8292 1
8295 1
8298 1
8301 1
8304 1
8307 1
8308 1
8318 1
8320 1
8322 6
8327 1
8331 1
8334 1
8359 1
8368 1
8379 1
8384 1
8386 2
8390 1
8394 1
8395 1
8409 1
8413 1
8429 1
8434 1
8435 1
8439 1
8448 2
8458 1
8466 1
8468 1
8481 1
8487 1
8494 1
8495 1
8496 1
8500 2
8510 1
8512 1
8516 1
8517 1
8524 1
8525 1
8527 1
8529 1
8530 2
8539 1
8548 1
8551 1
8553 1
8558 1
8559 1
8569 2
8571 4
8574 1
8581 1
8582 1
8592 1
8620 1
8623 1
8628 1
8653 1
8655 1
8663 1
8664 1
8670 1
8672 4
8680 1
8684 2
8688 1
8698 1
8702 1
8703 1
8704 1
8706 2
8720 1
8726 3
8732 4
8733 1
8740 1
8744 1
8752 1
8757 1
8760 1
8761 1
8771 1
8783 1
8788 1
8790 1
8793 1
8796 1
8806 1
8809 3
8810 1
8813 1
8816 1
8819 2
8820 1
8824 2
8825 1
8827 1
8830 1
8832 1
8834 1
8852 1
8853 1
8868 2
8876 1
8882 1
8892 2
8896 1
8898 1
8907 1
8908 2
8910 1
8911 1
8914 1
8932 1
8938 1
8945 1
8948 2
8951 1
8960 1
8961 1
8968 1
8971 1
8973 1
8980 1
8981 1
8983 1
8984 1
8990 2
8995 1
8999 1
9008 1
9012 1
9013 2
9015 1
9020 1
9029 2
9050 1
9056 1
9059 1
9069 1
9070 1
9075 1
9088 1
9089 1
9094 1
9096 1
9099 1
9104 1
9106 2
9107 1
9109 3
9110 1
9112 1
9113 1
9115 1
9116 1
9117 1
9123 1
9124 1
9128 2
9141 2
9143 1
9149 1
9154 1
9157 1
9164 1
9167 1
9168 1
9169 1
9170 1
9172 1
9174 1
9176 1
9178 1
9181 1
9184 1
9188 1
9191 1
9207 1
9208 1
9213 1
9216 28
9219 1
9226 1
9230 1
9236 2
9239 1
9240 1
9243 1
9251 2
9271 1
9275 2
9277 1
9278 1
9283 2
9297 1
9303 1
9308 1
9309 1
9326 1
9336 1
9339 1
9340 1
9348 1
9350 1
9360 1
9363 1
9364 2
9365 3
9369 1
9373 1
9376 3
9381 1
9396 1
9398 1
9400 1
9403 2
9411 1
9412 2
9418 1
9419 1
9428 2
9429 1
9436 1
9440 1
9446 4
9450 1
9451 1
9452 2
9458 2
9461 1
9468 1
9469 1
9480 1
9482 1
9487 1
9504 1
9522 1
9525 1
9526 1
9527 1
9528 1
9534 2
9535 1
9538 1
9541 1
9542 1
9546 1
9547 1
9567 2
9572 3
9584 1
9590 1
9591 3
9593 1
9596 1
9597 1
9598 1
9601 1
9604 1
9611 1
9628 1
9631 1
9636 1
9645 1
9656 1
9659 1
9660 2
9666 1
9680 1
9686 1
9689 1
9696 1
9704 3
9720 2
9722 1
9728 6
9730 2
9740 1
9748 2
9764 1
9768 1
9776 1
9778 1
9781 1
9785 3
9792 1
9794 2
9796 1
9799 1
9808 1
9809 1
9816 1
9825 2
9827 1
9828 1
9830 1
9831 1
9835 2
9836 1
9839 1
9842 1
9857 1
9875 1
9880 1
9884 1
9888 1
9890 1
9892 1
9894 1
9897 1
9898 1
9899 1
9903 1
9904 1
9917 2
9920 1
9925 1
9926 1
9930 1
9936 1
9938 1
9940 2
9942 1
9944 1
9945 1
9952 1
9953 1
9964 1
9968 1
9970 1
9981 1
9982 1
9992 1
9993 1
9997 1
10012 1
10015 3
10016 1
10020 1
10026 1
10032 1
10038 1
10040 1
10045 2
10048 1
10055 1
10064 2
10077 1
10081 1
10084 2
10089 1
10096 1
10101 1
10102 1
10103 1
10106 1
10112 1
10114 1
10116 2
10128 1
10144 1
10152 2
10168 1
10175 1
10180 1
10181 1
10184 1
10189 1
10191 1
10196 1
10208 1
10220 2
10225 1
10233 1
10236 1
10240 26
10253 1
10279 1
10284 1
10289 1
10290 1
10296 1
10302 1
10315 1
10331 1
10334 1
10336 1
10341 1
10344 1
10348 1
10349 1
10352 1
10355 2
10358 1
10376 1
10393 1
10395 2
10402 1
10404 2
10407 1
10414 1
10415 1
10429 1
10432 1
10440 1
10447 1
10453 1
10460 1
10463 1
10478 1
10481 1
10485 1
10486 1
10488 1
10497 1
10504 1
10505 1
10509 1
10516 1
10526 2
10533 1
10540 1
10546 1
10548 1
10559 1
10564 1
10566 1
10568 1
10569 1
10580 1
10583 1
10584 1
10593 1
10599 1
10604 2
10607 1
10608 1
10620 1
10644 2
10646 3
10649 1
10652 1
10657 1
10660 1
10665 1
10676 1
10679 1
10696 1
10700 1
10702 1
10708 1
10717 1
10727 1
10731 1
10740 1
10753 1
10756 1
10761 1
10775 1
10780 1
10782 1
10788 1
10796 1
10797 1
10799 1
10800 1
10804 1
10808 1
10809 1
10812 3
10814 1
10815 1
10818 1
10821 1
10824 1
10828 1
10838 2
10842 1
10847 3
10855 1
10866 1
10869 1
10874 1
10877 2
10884 1
10886 1
10890 1
10902 1
10903 1
10907 1
10910 1
10919 1
10921 1
10948 1
10957 1
10962 1
10970 1
10981 1
10988 1
11015 1
11017 1
11020 1
11027 1
11032 1
11037 1
11040 1
11042 1
11068 1
11074 1
11076 2
11077 2
11082 1
11091 1
11097 1
11098 1
11104 1
11114 1
11116 1
11120 2
11125 1
11140 1
11176 1
11177 2
11188 1
11189 1
11192 1
11206 1
11214 1
11216 1
11244 1
11245 1
11250 1
11255 1
11264 31
11269 1
11275 1
11276 3
11277 1
11284 1
11288 1
11296 2
11310 1
11314 1
11338 1
11340 1
11350 1
11356 1
11358 1
11375 1
11377 1
11378 1
11384 1
11388 2
11395 1
11396 1
11412 1
11446 1
11448 1
11465 1
11466 1
11479 1
11492 1
11510 1
11520 1
11528 1
11530 1
11544 1
11552 1
11563 1
11568 1
11576 1
11590 1
11592 1
11599 1
11603 1
11614 1
11615 1
11616 1
11628 1
11632 1
11639 1
11644 1
11652 2
11657 2
11665 1
11671 2
11672 1
11673 1
11675 1
11678 2
11680 1
11683 1
11688 1
11689 1
11706 1
11712 1
11718 2
11720 1
11727 1
11736 2
11738 3
11742 1
11743 1
11752 2
11754 1
11757 1
11777 1
11782 1
11792 1
11804 2
11805 1
11824 1
11836 1
11846 1
11847 1
11850 2
11867 1
11879 1
11882 1
11887 1
11888 1
11902 1
11903 1
11912 1
11920 1
11922 1
11929 1
11943 2
11944 1
11948 2
11949 1
11959 1
11968 2
11975 1
11977 2
11979 2
11989 1
12000 1
12004 1
12007 1
12010 2
12011 1
12012 1
12014 1
12015 1
12032 1
12034 1
12036 1
12048 1
12055 1
12059 1
12060 2
12071 1
12076 1
12082 2
12089 1
12097 1
12105 1
12115 2
12117 1
12160 1
12161 1
12165 1
12172 1
12175 1
12176 1
12177 1
12181 1
12183 1
12187 1
12211 1
12220 2
12248 1
12249 7
12258 1
12269 1
12272 1
12277 1
12284 1
12288 34
12304 1
12335 1
12336 3
12352 3
12356 2
12358 1
12365 1
12372 1
12380 1
12400 1
12407 2
12417 1
12418 1
12421 1
12432 1
12444 1
12460 1
12478 1
12480 2
12489 1
12490 1
12492 1
12496 1
12502 1
12550 3
12551 1
12554 1
12579 1
12588 1
12592 1
12602 1
12604 1
12610 1
12622 1
12624 2
12628 1
12633 2
12636 1
12652 1
12671 1
12673 1
12682 1
12706 1
12710 1
12715 1
12719 1
12741 1
12749 2
12752 1
12754 1
12757 1
12763 1
12764 1
12768 2
12788 1
12797 1
12800 1
12812 1
12815 1
12840 1
12849 3
12866 1
12868 1
12884 1
12887 1
12900 3
12904 1
12908 1
12912 1
12913 1
12931 1
12935 1
12938 3
12941 1
12948 1
12953 2
12956 1
12960 1
12962 2
12969 1
12973 1
12981 1
12987 1
12992 2
13003 1
13007 1
13010 1
13021 1
13044 1
13047 1
13048 1
13049 1
13054 1
13059 1
13061 1
13071 1
13072 1
13075 1
13078 1
13080 1
13085 1
13091 1
13103 1
13105 1
13114 1
13116 1
13118 1
13119 1
13127 1
13129 1
13132 3
13133 1
13153 1
13159 1
13163 1
13165 2
13167 1
13176 1
13188 3
13190 1
13194 1
13195 1
13202 1
13222 1
13229 1
13230 1
13235 1
13270 1
13273 1
13275 1
13279 1
13301 1
13304 1
13312 22
13313 1
13324 1
13325 1
13336 1
13352 1
13360 2
13373 1
13380 1
13408 1
13410 1
13415 1
13417 1
13424 1
13434 1
13443 1
13448 1
13452 1
13456 1
13479 1
13500 1
13504 1
13516 1
13518 1
13524 1
13528 1
13532 1
13535 1
13548 1
13564 1
13592 1
13599 1
13602 1
13604 5
13634 1
13637 1
13659 1
13660 1
13668 1
13672 1
13683 1
13700 1
13702 1
13703 2
13721 1
13730 1
13738 1
13739 1
13743 1
13750 1
13753 1
13760 1
13763 1
13766 1
13772 1
13779 1
13780 2
13800 1
13803 1
13812 1
13819 1
13824 2
13840 1
13843 1
13850 1
13880 1
13883 1
13893 1
13894 1
13895 1
13899 1
13900 8
13908 1
13914 1
13951 1
13971 1
13985 1
13987 1
13988 1
13993 1
13994 1
13998 1
14004 2
14005 1
14008 1
14010 1
14021 1
14055 1
14074 1
14075 1
14079 1
14082 1
14084 1
14109 1
14120 1
14124 3
14129 1
14131 1
14139 1
14144 1
14148 1
14156 1
14162 1
14172 2
14192 1
14212 1
14220 1
14222 2
14250 1
14256 1
14265 1
14284 3
14300 1
14308 1
14312 3
14327 1
14336 27
14338 1
14355 1
14363 1
14370 1
14375 1
14376 1
14396 1
14397 1
14425 1
14433 1
14435 1
14437 1
14464 1
14468 1
14470 1
14484 1
14500 1
14510 2
14514 1
14517 2
14520 1
14528 1
14530 1
14531 1
14535 1
14539 1
14557 1
14568 1
14569 1
14613 1
14614 1
14619 1
14620 1
14629 1
14633 1
14639 1
14643 1
14648 1
14650 1
14652 1
14672 1
14674 1
14709 1
14716 1
14732 2
14738 1
14752 1
14753 1
14779 1
14780 1
14781 1
14782 1
14784 1
14785 1
14796 1
14798 2
14812 1
14817 1
14821 1
14823 1
14836 3
14837 1
14838 1
14840 1
14845 2
14859 1
14880 1
14882 1
14888 1
14908 1
14914 1
14916 1
14928 1
14936 1
14940 1
14944 1
14945 1
14964 1
14968 1
14972 1
14976 2
14977 1
14979 1
14984 1
14987 1
14991 1
15008 1
15015 1
15024 1
15033 1
15039 1
15050 1
15065 1
15077 1
15092 3
15105 1
15109 1
15115 1
15117 2
15118 1
15122 1
15128 1
15148 1
15151 2
15153 1
15170 1
15172 2
15173 1
15176 1
15178 1
15180 1
15189 1
15198 1
15206 1
15220 1
15233 1
15234 1
15235 1
15236 2
15240 1
15243 1
15268 1
15273 1
15275 1
15291 2
15296 2
15321 1
15324 1
15326 1
15332 1
15334 1
15336 1
15348 1
15351 1
15360 18
15374 1
15382 1
15386 1
15389 1
15406 1
15418 1
15426 1
15444 1
15451 1
15459 1
15461 1
15462 1
15490 1
15499 1
15507 1
15549 1
15552 1
15556 1
15571 1
15586 1
15608 1
15616 1
15639 1
15645 1
15656 1
15661 1
15680 1
15692 2
15694 1
15697 1
15714 1
15725 1
15727 1
15731 1
15734 1
15737 1
15751 1
15765 1
15780 1
15781 1
15782 1
15816 1
15824 1
15835 1
15844 1
15848 1
15863 3
15870 1
15872 1
15884 1
15885 1
15901 1
15908 1
15915 1
15933 1
15935 1
15938 1
15967 1
15984 1
15985 1
15994 1
16012 1
16029 1
16053 1
16056 1
16062 1
16067 1
16068 3
16073 1
16077 1
16083 1
16092 1
16112 1
16133 1
16144 1
16153 1
16160 1
16163 1
16177 1
16187 1
16188 1
16194 1
16200 1
16201 1
16208 1
16228 1
16233 2
16240 2
16248 1
16258 1
16269 1
16320 1
16335 1
16340 1
16348 1
16350 1
16356 1
16369 3
16373 1
16381 1
16384 37
16398 1
16416 2
16420 1
16438 1
16441 1
16442 1
16450 1
16477 1
16479 1
16511 1
16524 1
16533 1
16539 1
16541 1
16544 1
16552 1
16557 1
16558 1
16568 1
16574 1
16575 1
16592 1
16595 1
16596 2
16612 1
16613 1
16627 1
16638 1
16645 1
16652 1
16656 1
16664 1
16675 2
16679 1
16685 1
16696 1
16702 1
16703 1
16724 1
16736 2
16742 2
16747 2
16753 1
16760 1
16769 1
16776 1
16783 1
16796 2
16804 1
16808 1
16816 3
16819 1
16823 1
16827 1
16829 1
16831 1
16834 1
16842 1
16843 1
16854 1
16855 3
16863 1
16871 1
16875 1
16879 1
16880 1
16882 1
16896 1
16928 1
16931 1
16936 1
16939 1
16947 1
16952 1
16970 1
16992 1
17000 1
17006 1
17019 1
17044 1
17061 1
17124 1
17128 1
17143 1
17147 1
17165 1
17167 1
17183 1
17184 1
17189 1
17192 3
17216 1
17228 1
17231 1
17239 1
17256 1
17264 1
17265 1
17267 1
17272 1
17274 1
17280 1
17282 1
17296 1
17300 1
17313 1
17325 1
17332 2
17335 1
17342 1
17344 1
17347 1
17351 4
17357 1
17359 3
17363 1
17365 1
17368 1
17372 1
17376 1
17379 1
17381 1
17383 2
17387 2
17397 1
17398 1
17400 1
17404 1
17408 29
17411 1
17423 1
17462 1
17471 1
17476 1
17488 1
17495 1
17497 1
17500 1
17508 1
17517 1
17520 1
17523 1
17536 1
17554 1
17568 1
17582 1
17591 1
17608 1
17620 1
17635 1
17648 1
17659 2
17686 1
17694 1
17700 1
17742 1
17757 1
17770 1
17797 2
17801 1
17820 1
17828 1
17838 1
17856 1
17863 1
17867 2
17872 1
17875 1
17876 2
17879 3
17880 1
17884 1
17892 1
17893 1
17896 2
17898 1
17936 2
17952 1
17963 1
17967 1
17971 1
17972 1
17987 1
17991 1
17999 1
18011 2
18039 1
18051 1
18052 1
18058 1
18067 1
18069 2
18076 1
18098 1
18130 1
18152 1
18153 1
18169 1
18179 1
18182 1
18200 1
18210 1
18216 1
18238 6
18254 1
18281 2
18284 1
18316 1
18317 1
18327 1
18336 1
18340 1
18360 1
18376 1
18399 1
18400 1
18403 1
18410 1
18414 1
18423 1
18432 12
18457 1
18458 1
18467 1
18472 1
18473 1
18477 1
18479 1
18480 2
18487 1
18498 1
18503 1
18512 3
18515 1
18522 1
18527 1
18528 1
18530 1
18532 2
18534 1
18536 1
18551 1
18555 1
18560 1
18579 1
18580 1
18587 1
18592 1
18606 1
18628 1
18634 1
18637 1
18651 1
18676 1
18693 1
18718 1
18741 1
18758 1
18780 1
18781 1
18792 1
18812 1
18823 1
18842 1
18857 1
18884 1
18896 1
18900 2
18902 1
18904 1
18906 1
18913 1
18917 1
18922 2
18928 2
18932 1
18944 1
18951 1
18953 1
18965 1
18966 1
18968 1
18977 1
18987 1
18997 1
19013 1
19016 1
19030 1
19053 1
19070 1
19072 1
19100 1
19102 1
19137 1
19156 1
19161 1
19178 1
19181 1
19186 1
19194 1
19272 1
19279 1
19290 3
19303 1
19335 1
19344 2
19350 1
19365 1
19375 1
19383 1
19391 1
19392 1
19415 1
19426 1
19428 1
19431 1
19456 9
19471 1
19473 1
19487 2
19495 1
19552 1
19601 1
19610 1
19625 1
19627 1
19664 2
19697 2
19704 1
19780 1
19782 1
19788 1
19792 1
19795 1
19799 1
19800 2
19802 1
19832 1
19838 1
19852 1
19860 2
19876 1
19883 1
19888 1
19909 1
19918 1
19924 1
19931 2
19989 1
19994 1
20006 1
20015 1
20020 1
20036 1
20050 2
20066 3
20074 1
20086 2
20094 1
20096 1
20101 1
20110 1
20123 1
20148 1
20207 1
20219 2
20232 1
20262 2
20276 1
20286 1
20300 1
20311 2
20339 1
20348 1
20355 1
20374 1
20383 1
20394 1
20399 1
20404 1
20421 1
20436 1
20440 2
20441 1
20456 1
20468 1
20480 12
20516 2
20517 1
20524 1
20600 2
20636 1
20654 1
20656 1
20668 1
20696 1
20716 1
20731 1
20733 1
20744 1
20753 1
20765 1
20766 1
20799 1
20810 1
20864 1
20871 1
20887 1
20892 1
20900 1
20921 1
20948 1
20955 1
20956 1
20972 1
20973 1
20984 1
20992 1
20993 1
21024 1
21027 1
21031 1
21032 1
21044 1
21085 1
21090 1
21104 1
21116 1
21124 1
21129 1
21134 1
21141 1
21144 1
21150 1
21156 1
21181 1
21184 2
21196 1
21210 1
21261 1
21296 1
21305 1
21330 1
21344 1
21378 1
21389 1
21422 1
21425 1
21436 1
21477 1
21486 1
21497 1
21504 7
21516 1
21541 1
21576 1
21624 1
21631 1
21658 1
21671 1
21676 1
21685 1
21687 1
21706 1
21714 1
21715 1
21724 1
21732 2
21735 1
21747 1
21765 1
21768 1
21780 2
21782 1
21792 1
21809 1
21817 1
21840 1
21847 1
21853 1
21862 1
21875 1
21892 1
21919 1
21946 1
21954 1
21957 1
21965 1
21982 1
22016 2
22028 1
22029 1
22053 1
22080 1
22094 1
22101 1
22168 2
22192 1
22221 1
22233 4
22283 1
22320 1
22324 1
22359 1
22376 1
22412 2
22417 1
22427 1
22456 1
22458 1
22460 1
22469 1
22492 2
22504 1
22528 9
22540 1
22556 2
22607 1
22609 1
22620 1
22643 1
22656 1
22660 1
22669 1
22679 1
22681 1
22691 1
22727 1
22739 1
22776 1
22784 1
22822 1
22830 2
22839 1
22850 3
22853 1
22865 1
22879 1
22881 1
22888 1
22919 1
22920 1
22928 1
22940 1
22942 1
22958 1
22972 1
22981 1
23034 1
23044 1
23052 1
23059 1
23067 1
23076 1
23100 1
23108 1
23113 1
23125 1
23133 1
23159 1
23186 1
23221 1
23238 1
23246 1
23254 1
23263 1
23268 1
23309 1
23320 1
23321 1
23323 1
23335 1
23337 1
23361 1
23381 1
23383 1
23396 1
23408 1
23437 1
23438 1
23449 1
23466 1
23494 1
23507 1
23516 1
23523 1
23547 2
23552 5
23577 1
23592 1
23601 1
23627 1
23632 1
23633 1
23656 1
23661 1
23666 1
23688 1
23703 1
23713 1
23746 1
23782 1
23788 1
23808 1
23829 1
23883 1
23903 1
23922 1
23923 1
23938 1
23981 1
23992 1
24004 1
24008 1
24064 1
24096 1
24122 4
24135 1
24149 1
24188 1
24192 1
24208 1
24217 2
24234 1
24240 2
24261 2
24290 1
24294 1
24331 1
24332 2
24384 1
24387 1
24422 1
24464 1
24465 1
24471 1
24477 1
24506 1
24512 1
24525 1
24526 1
24535 1
24540 1
24549 1
24567 1
24576 193
24595 1
24596 2
24620 2
24635 1
24636 1
24656 1
24718 1
24724 1
24728 1
24747 1
24752 1
24756 1
24770 1
24775 1
24776 1
24810 1
24834 1
24853 1
24856 1
24858 1
24877 1
24883 1
24928 1
24976 1
24995 1
25001 1
25005 1
25016 1
25017 1
25056 1
25068 1
25088 1
25093 1
25167 1
25189 1
25195 1
25204 1
25210 1
25229 1
25306 1
25360 1
25361 2
25392 1
25400 1
25434 1
25436 1
25464 2
25466 1
25473 1
25499 2
25523 1
25551 1
25600 9
25605 1
25612 1
25636 1
25637 2
25646 1
25671 1
25689 1
25700 1
25720 1
25721 1
25749 1
25753 1
25795 1
25806 1
25860 1
25899 1
25908 1
25930 2
25946 2
25965 3
25976 1
25998 1
26032 1
26048 1
26065 1
26069 1
26094 1
26111 1
26112 6
26120 1
26139 1
26155 1
26164 1
26198 1
26203 1
26212 1
26233 1
26238 1
26248 1
26249 1
26276 1
26280 1
26293 1
26298 1
26300 1
26306 1
26321 1
26334 1
26337 1
26354 1
26361 1
26382 1
26408 2
26425 1
26455 1
26458 1
26480 1
26486 1
26488 1
26528 1
26531 1
26540 1
26562 2
26587 1
26616 1
26623 1
26624 7
26671 2
26674 2
26683 1
26693 1
26715 1
26717 1
26729 2
26730 1
26733 1
26757 1
26793 1
26807 1
26846 1
26852 2
26855 1
26870 1
26919 1
26960 1
26972 1
26981 1
26984 1
27010 1
27011 1
27023 1
27050 2
27068 1
27069 1
27080 1
27088 2
27096 1
27097 1
27101 1
27104 1
27124 2
27170 1
27173 1
27174 1
27184 1
27191 1
27201 1
27218 1
27241 2
27254 1
27259 1
27262 1
27266 1
27308 1
27360 1
27371 1
27384 1
27385 1
27387 1
27400 1
27408 1
27433 1
27434 1
27488 1
27504 1
27516 1
27560 1
27596 1
27605 2
27646 1
27648 3
27655 1
27705 2
27716 1
27728 1
27776 1
27780 1
27792 1
27818 1
27843 1
27853 1
27877 1
27889 1
27894 1
27896 1
27918 1
27919 2
27920 1
27933 1
27938 1
27944 1
27947 1
27958 1
27979 1
28023 1
28029 1
28034 1
28040 1
28060 1
28108 1
28135 1
28137 1
28196 2
28215 1
28252 2
28282 1
28347 1
28349 1
28364 1
28402 1
28406 1
28424 1
28439 1
28468 1
28476 1
28508 1
28558 1
28574 1
28588 1
28637 1
28640 1
28666 1
28672 18
28703 1
28711 1
28736 1
28739 1
28748 1
28806 1
28864 2
28872 1
28875 1
28881 1
28900 1
28908 1
28924 1
28928 1
28975 1
28986 1
29039 1
29067 1
29102 1
29199 1
29201 1
29221 1
29276 1
29277 1
29320 1
29324 1
29336 1
29420 1
29441 1
29450 1
29460 1
29568 1
29573 1
29594 1
29616 1
29660 1
29678 1
29693 1
29696 15
29719 1
29753 1
29754 1
29768 1
29778 1
29787 1
29814 1
29819 1
29824 1
29838 1
29846 1
29866 1
29921 1
29935 1
29965 1
29981 1
30061 1
30085 1
30171 1
30198 1
30200 1
30204 1
30221 1
30244 1
30266 1
30269 2
30274 1
30276 1
30279 1
30328 1
30400 3
30485 1
30497 1
30513 1
30514 1
30667 1
30676 1
30693 1
30720 10
30758 1
30779 1
30785 1
30823 1
30857 1
30911 1
30916 1
30920 1
30927 1
30952 1
30991 1
31037 1
31039 1
31044 1
31046 1
31079 1
31093 2
31095 2
31104 1
31128 1
31136 1
31176 1
31230 1
31236 1
31251 1
31252 1
31301 1
31331 1
31338 1
31340 1
31345 1
31368 2
31379 1
31386 1
31407 1
31410 1
31428 1
31440 1
31442 1
31493 1
31494 1
31495 1
31556 1
31690 1
31698 1
31702 2
31708 1
31744 7
31751 1
31821 1
31842 1
31873 1
31907 1
31908 1
31916 1
31945 1
31948 1
31953 1
32011 1
32024 2
32030 1
32031 1
32076 1
32118 1
32142 1
32185 1
32270 1
32275 1
32281 1
32282 1
32302 1
32309 1
32331 1
32336 1
32354 1
32363 1
32392 1
32408 2
32430 2
32439 1
32459 1
32468 1
32500 1
32532 1
32564 1
32617 1
32620 1
32623 1
32628 1
32635 1
32674 1
32679 1
32705 1
32736 1
32737 1
32740 1
32768 46
32769 1
32776 1
32778 1
32786 1
32787 1
32796 1
32808 1
32835 1
32838 1
32886 1
32924 1
32991 1
33032 1
33079 1
33095 1
33098 1
33108 1
33136 1
33224 1
33228 1
33232 1
33238 1
33245 1
33270 1
33272 1
33283 1
33286 1
33293 1
33294 1
33358 1
33415 3
33436 1
33438 2
33587 1
33600 1
33608 1
33610 1
33632 1
33673 1
33695 1
33712 1
33733 1
33740 1
33742 1
33743 1
33757 1
33783 1
33792 19
33796 1
33813 1
33818 1
33834 1
33856 1
33869 1
33892 1
33916 1
33933 1
33945 1
34008 1
34046 1
34060 1
34075 1
34100 1
34105 1
34144 1
34154 1
34160 1
34199 1
34201 1
34217 1
34244 1
34248 1
34253 1
34270 1
34326 1
34375 1
34403 1
34408 1
34443 1
34460 1
34464 1
34503 1
34618 1
34622 1
34623 1
34627 1
34628 1
34635 1
34649 1
34745 1
34756 1
34794 1
34816 7
34852 1
34864 1
34907 1
34909 1
34920 1
34924 1
34953 1
34956 1
34996 1
35071 1
35081 1
35097 1
35107 1
35116 1
35138 1
35236 1
35243 1
35246 1
35256 1
35291 1
35317 1
35333 1
35347 1
35368 1
35393 1
35404 1
35409 1
35447 1
35477 1
35488 1
35489 2
35500 1
35535 1
35536 1
35560 1
35598 2
35672 1
35676 1
35739 1
35775 1
35797 2
35828 1
35836 1
35840 8
35956 1
35959 1
35974 1
36028 1
36054 1
36066 1
36076 1
36176 1
36197 1
36199 1
36208 1
36224 1
36229 1
36245 1
36279 2
36289 1
36306 1
36320 1
36404 2
36428 1
36460 1
36464 1
36475 2
36516 1
36528 1
36532 1
36540 1
36543 2
36549 1
36554 1
36556 1
36593 1
36616 1
36623 1
36656 1
36668 1
36775 1
36796 1
36813 1
36864 6
36887 1
36916 1
36964 1
36971 1
36973 1
37184 1
37190 1
37194 1
37200 1
37207 1
37229 1
37236 1
37288 2
37344 1
37351 1
37354 1
37360 3
37428 1
37430 1
37434 2
37442 1
37456 1
37499 1
37508 1
37536 1
37618 1
37629 1
37640 2
37679 1
37680 1
37688 1
37700 1
37708 1
37732 1
37774 1
37780 1
37812 1
37820 1
37822 2
37830 1
37863 1
37888 5
37928 1
38002 1
38115 1
38120 1
38159 1
38204 1
38216 1
38236 1
38252 1
38279 1
38300 1
38371 1
38378 1
38401 2
38440 1
38518 1
38552 1
38580 1
38628 1
38641 1
38674 1
38719 1
38740 1
38768 1
38788 1
38800 1
38881 1
38882 1
38886 1
38912 8
38917 1
38925 1
38949 1
39012 1
39076 2
39091 1
39112 1
39132 1
39144 1
39152 1
39312 1
39320 1
39349 1
39372 1
39387 1
39424 1
39460 1
39616 1
39669 1
39700 1
39740 1
39804 2
39811 1
39813 1
39865 1
39892 1
39912 1
39915 1
39936 2
39942 1
39948 1
39992 1
40020 2
40042 1
40062 1
40133 1
40140 1
40183 1
40242 2
40269 1
40308 1
40320 1
40374 1
40416 1
40426 1
40469 1
40571 1
40595 1
40644 1
40752 1
40785 1
40803 1
40809 1
40836 1
40844 1
40932 1
40960 26
41024 1
41040 1
41053 1
41059 1
41108 1
41110 1
41161 1
41196 1
41372 1
41391 1
41412 1
41440 1
41450 1
41462 1
41464 1
41536 1
41600 1
41605 1
41620 1
41658 1
41752 1
41754 1
41767 1
41794 1
41848 1
41859 1
41882 1
41968 1
41984 6
42044 1
42068 1
42080 1
42104 1
42115 1
42137 2
42182 1
42205 1
42216 1
42256 1
42308 1
42331 1
42361 1
42364 1
42424 1
42480 1
42485 1
42496 2
42516 1
42560 1
42565 1
42576 1
42612 1
42626 1
42672 1
42700 1
42808 1
42861 1
42863 1
42885 2
42937 1
42964 1
42969 1
43008 5
43059 1
43072 1
43099 2
43104 1
43108 1
43137 1
43158 1
43228 1
43266 1
43387 1
43398 1
43404 1
43409 1
43478 1
43481 1
43484 1
43512 1
43609 1
43627 1
43633 1
43882 1
43888 1
43902 1
43964 1
44032 8
44155 1
44208 1
44210 1
44216 1
44267 1
44293 1
44476 2
44528 1
44547 1
44640 1
44645 1
44697 1
44701 1
44803 1
44928 1
44952 1
44954 1
45037 1
45056 2
45363 2
45375 1
45383 1
45441 1
45499 1
45520 1
45556 1
45562 1
45628 1
45658 1
45708 1
46072 1
46080 1
46099 1
46204 1
46281 1
46332 1
46347 1
46426 1
46472 1
46480 1
46493 1
46509 1
46570 1
46580 1
46648 1
46663 1
46695 1
46713 1
46801 1
46852 2
46896 1
46980 1
47089 1
47104 3
47156 1
47179 1
47265 1
47329 1
47364 1
47404 1
47484 1
47499 1
47510 1
47634 1
47712 2
47739 1
47790 1
47845 1
47862 1
47876 1
47889 1
47904 1
47946 1
48128 7
48180 1
48314 1
48397 1
48427 1
48469 1
48476 1
48536 1
48538 1
48762 1
48860 1
48908 1
48982 1
49022 1
49023 2
49054 1
49084 1
49148 2
49152 14
49194 1
49395 1
49400 3
49424 1
49451 1
49452 1
49483 1
49560 1
49607 2
49631 1
49639 1
49674 1
49687 1
49798 1
49799 1
49829 1
49838 1
50005 1
50074 1
50169 1
50176 3
50320 1
50321 1
50488 1
50500 1
50538 2
50656 1
50666 1
50717 1
50727 1
50800 19
50927 1
51020 1
51029 1
51078 1
51080 1
51081 1
51092 1
51175 1
51200 3
51297 2
51305 1
51344 1
51450 1
51459 1
51464 1
51492 1
51638 1
51645 1
51701 1
51836 1
51871 1
51939 1
51952 1
52088 2
52094 1
52224 5
52286 1
52288 3
52294 1
52307 2
52329 1
52419 1
52454 1
52625 1
52661 1
52696 1
52752 1
52789 1
52792 1
52820 1
52840 1
53020 1
53056 1
53104 1
53185 1
53186 1
53248 2
53254 1
53307 1
53349 1
53412 1
53461 1
53527 1
53538 1
53566 1
53585 1
53643 1
53663 1
53758 1
53760 1
53817 2
53821 1
53844 1
54000 1
54032 1
54064 1
54074 1
54106 1
54150 1
54246 1
54272 3
54297 1
54300 1
54331 1
54414 1
54444 1
54551 1
54588 1
54629 1
54724 1
54818 1
54819 1
54822 1
54826 1
54832 1
54858 1
54912 1
55004 1
55164 1
55168 1
55172 1
55282 1
55296 1
55328 1
55360 1
55497 1
55514 1
55658 1
55681 1
55691 1
55769 1
55839 1
56056 1
56176 1
56213 1
56293 3
56320 1
56336 1
56455 1
56458 2
56460 1
56466 1
56507 1
56544 1
56576 1
56587 1
56642 1
56655 1
56801 1
56850 1
56888 1
57132 1
57204 1
57233 1
57269 1
57344 14
57356 1
57367 1
57392 2
57461 1
57475 1
57476 1
57504 1
57617 1
57682 1
57697 1
57723 1
57826 1
57922 1
57936 2
58030 1
58033 1
58062 1
58098 1
58115 1
58150 1
58332 1
58440 1
58489 1
58564 1
58604 1
58648 1
58694 1
58762 1
58880 1
59012 1
59067 1
59077 1
59147 1
59179 1
59236 1
59259 1
59367 2
59448 1
59470 1
59528 1
59572 1
59586 1
59596 1
59824 1
59880 2
59917 1
59949 2
59990 1
59997 1
60067 1
60068 1
60101 1
60403 1
60416 1
60430 1
60432 2
60551 1
60552 1
60564 1
60590 1
60713 2
60720 1
60801 1
60960 3
60964 1
61077 1
61180 1
61440 3
61460 1
61497 1
61644 1
61656 1
61684 1
61736 1
61752 1
61774 1
61801 1
61866 1
61936 2
62013 3
62030 1
62250 1
62442 2
62464 3
62466 1
62508 1
62524 1
62571 1
62647 2
62664 1
62680 1
62805 1
62822 1
62932 1
62947 1
62967 1
63060 1
63076 1
63150 1
63348 1
63464 1
63500 1
63608 1
63644 1
63655 1
63678 1
63754 1
63776 1
63784 1
63814 1
63817 1
63871 1
63903 1
63984 1
64059 1
64159 1
64292 1
64359 1
64460 2
64476 1
64512 7
64516 1
64524 1
64544 1
64559 1
64596 1
64604 1
64620 1
64704 1
64900 1
65219 1
65251 1
65526 1
65535 3
65536 12
65552 1
65592 1
65663 1
65692 1
65714 1
65791 1
65806 1
66080 1
66120 1
66212 1
66295 1
66308 1
66416 1
66438 1
66560 3
66697 1
66720 1
66766 1
66851 1
66935 1
67043 1
67237 1
67315 1
67333 1
67439 1
67571 1
67584 1
67732 1
67745 1
67824 1
67877 1
67983 1
68096 1
68097 1
68205 1
68386 1
68446 1
68608 7
68702 1
68779 1
68805 1
68810 1
68838 1
68887 2
68939 2
69153 1
69154 1
69166 1
69265 1
69339 1
69372 1
69382 1
69467 1
69491 2
69508 1
69533 1
69569 1
69593 1
69648 1
69689 1
69952 1
69985 1
69986 1
69992 1
70013 1
70065 1
70190 1
70585 1
70656 3
70699 1
70942 2
70996 1
71052 1
71053 1
71208 1
71587 1
71648 1
71680 1
71764 1
71768 1
71815 1
71827 1
71880 1
71960 1
72136 1
72218 1
72323 1
72356 1
72408 1
72455 1
72463 2
72704 4
72754 1
72851 1
72899 1
73029 1
73050 1
73180 1
73188 1
73233 1
73293 1
73296 1
73512 1
73614 1
73663 1
73728 6
73775 1
73789 1
73812 1
73856 1
73880 1
73907 1
73920 1
74092 1
74107 1
74157 1
74375 1
74448 1
74466 1
74469 1
74551 1
74708 1
74722 1
74752 5
74783 1
74836 1
74885 1
74927 1
75228 1
75229 1
75264 1
75300 1
75380 1
75450 1
75605 2
75741 1
75776 1
75799 1
76080 3
76098 1
76116 3
76190 1
76205 1
76275 1
76402 1
76452 1
76480 1
76500 1
76531 1
76575 2
76603 2
76749 1
76752 1
76800 4
76855 2
76868 1
76888 1
76900 1
76922 1
77201 1
77224 1
77340 1
77348 1
77512 1
77565 1
77824 4
77867 1
77898 1
78072 1
78116 1
78132 1
78172 1
78177 1
78202 1
78224 1
78232 1
78249 1
78283 1
78412 1
78528 1
78564 1
78750 1
78756 1
78848 2
78859 1
78970 1
79202 1
79219 1
79226 1
79243 1
79259 1
79264 1
79306 1
79473 1
79701 1
79732 1
79766 1
79801 1
79804 1
79847 1
79872 4
80043 1
80070 1
80223 1
80350 1
80461 1
80544 1
80588 1
80592 1
80620 2
80637 1
80644 1
80753 1
80788 1
80896 4
81022 1
81205 1
81289 3
81615 1
81714 1
81727 1
81762 1
81903 1
81920 18
81924 1
82090 1
82226 1
82241 1
82279 1
82296 1
82303 1
82413 1
82429 1
82640 1
82772 1
82820 1
82988 1
83028 1
83119 1
83252 1
83260 1
83311 1
83394 1
83456 1
84170 1
84229 1
84317 1
84383 1
84436 1
84458 1
84467 1
84647 1
84741 1
84812 1
84815 1
84847 2
84996 1
85114 1
85287 1
85307 1
85416 1
85540 1
85920 1
85925 1
86128 1
86144 2
86668 1
86677 1
86740 1
86760 1
86789 1
86972 1
86996 1
87040 1
87174 1
87177 3
87200 1
87203 1
87245 1
87285 1
88089 1
88176 1
88195 1
88551 1
88582 1
88840 2
88974 1
89088 1
89248 1
89261 1
89317 1
89367 1
89652 1
89718 1
89770 1
89799 1
89806 1
89883 1
89996 1
90088 1
90112 4
90322 1
90426 1
90518 1
90583 1
90621 1
90781 2
91070 1
91136 2
91260 1
91269 1
91400 1
91572 1
91590 1
91692 1
91695 1
91774 1
91885 1
91918 1
92160 2
92175 1
92208 1
92628 1
92887 1
92905 1
93184 1
93474 1
93479 1
93566 1
93991 1
93999 1
94328 1
94640 1
94701 1
94760 1
94900 2
95019 1
95312 2
95416 1
95436 1
95689 1
95719 2
95744 1
95777 1
95961 1
96256 1
96369 1
96512 1
96942 1
97175 1
97492 1
97564 1
97683 1
97828 1
97874 1
97966 1
98304 2
98794 1
98808 1
98812 1
98936 1
99328 2
99412 1
99581 1
99584 1
99664 1
100042 1
100099 1
100271 1
100273 1
100292 1
100352 1
100671 1
100799 1
101117 1
101157 1
102004 1
102015 1
102343 1
102400 2
102735 1
102843 1
102912 6
103274 1
103324 1
103500 1
103510 1
103727 1
103804 1
104361 1
104377 1
104437 1
104816 1
104821 2
104907 1
105248 1
105257 1
105284 2
105340 1
105432 1
105472 2
105672 1
106016 1
106035 1
106047 1
106496 3
106512 1
106528 1
106761 1
106848 1
106901 1
107040 1
107153 1
107520 2
107537 1
107569 2
107581 2
107696 1
107707 1
108032 1
108042 1
108071 1
108101 1
108183 1
108232 1
108254 1
108258 1
108259 1
108272 1
108320 1
109296 1
109368 1
109392 1
109405 1
109568 3
109760 1
110211 1
110232 1
110339 1
110406 1
110592 1
110811 1
110827 1
111124 1
111235 1
111462 1
112023 1
112198 1
112339 1
112445 1
112545 1
112864 1
113053 1
113169 1
113348 1
113601 1
113664 1
114278 1
114377 1
114420 1
114630 1
114655 1
114688 13
114703 1
114843 1
114881 1
115312 1
115547 1
115566 1
115712 1
116156 1
116259 1
116295 1
116524 1
116583 1
116664 1
117036 1
117319 1
117341 1
117507 1
117523 1
117595 1
117664 1
117680 1
117760 1
118135 1
118361 1
118641 1
118864 1
118900 1
119067 1
119282 2
119325 1
119335 1
119399 1
119545 1
119560 1
119618 1
119744 1
120130 1
120186 1
120405 1
120522 1
120595 1
120669 2
120671 1
120764 1
120788 1
120832 1
121255 1
121344 1
121365 1
121392 1
121417 1
121418 1
121516 1
121672 1
121801 1
121899 2
121937 1
121939 1
122336 1
122512 1
122880 2
122939 1
122978 1
123158 1
123213 1
123336 1
123629 1
123859 1
124318 1
124390 1
124416 1
124714 1
125276 1
125314 1
125673 1
125920 1
126373 1
126374 1
126464 1
126865 1
126988 1
127035 1
127320 1
127479 1
127527 1
127830 1
127836 1
128230 1
128423 1
128426 1
128558 1
128669 1
128762 1
128945 1
128955 1
129217 1
129283 1
129719 1
129731 1
129771 1
129930 1
129960 1
129974 1
130070 1
130222 1
130306 1
130500 1
130649 1
131072 4
131384 1
131932 1
132096 4
132205 1
132656 1
132906 1
133063 1
133120 5
133171 1
133439 1
133728 1
134728 1
134849 1
135320 1
135602 1
135997 1
136172 1
136209 1
136287 1
136446 1
137059 1
137216 2
137383 1
137756 1
137995 1
138138 1
138139 1
138215 1
138240 1
138571 1
139264 3
139308 1
139330 1
141248 1
141312 1
142336 3
142356 1
142550 2
142848 1
142916 1
143616 1
143955 1
144413 1
144422 1
144592 1
144680 1
144701 1
144869 2
144927 1
145344 1
146225 1
146319 1
146455 1
146605 1
146864 1
147030 1
147342 1
147456 8
147461 1
147745 1
148160 1
148188 1
148272 1
148417 1
148468 1
148560 1
149321 1
150052 1
150190 1
150313 1
150596 1
150924 1
151016 1
151054 1
151176 1
151236 1
151391 1
151412 1
151552 3
151563 1
151741 1
152359 1
152439 1
152558 1
152672 1
152692 1
152820 1
152941 2
153045 1
153184 1
153384 2
153604 1
153861 1
154021 1
154138 1
154540 1
154651 1
154715 1
154747 1
155466 1
155648 1
155818 1
155855 1
156184 1
156389 1
156406 1
156816 1
156962 1
157049 2
157098 1
157214 1
157632 1
158125 1
158163 1
158332 1
158446 1
159296 1
159423 1
159578 1
159679 1
159748 1
159829 1
160858 1
161397 1
161513 1
161626 1
161792 2
161863 1
161866 1
162034 1
162078 1
162089 1
162780 1
163351 1
163505 1
163831 1
163901 1
164235 1
164377 1
164514 2
164888 1
164921 1
165294 1
165366 1
165764 1
166005 1
166272 1
166666 1
166912 1
167174 1
167350 1
168922 1
169025 1
169390 1
169692 1
169800 1
169928 1
170146 1
170687 1
170892 1
170976 1
171008 1
171116 1
171158 1
171304 1
171543 1
171781 1
171853 1
172032 6
172386 1
172852 1
172940 1
173530 1
173575 1
174127 1
174191 1
174592 1
174956 1
175205 1
175232 1
175532 1
175856 1
175876 1
175984 1
176263 1
176640 1
176906 1
177144 1
177249 1
178056 1
178176 1
178289 1
178495 1
178774 1
178940 1
180036 1
180046 1
180108 1
180127 1
180143 1
180224 3
180463 1
180688 1
181012 1
181338 1
181717 1
181761 1
181984 1
182196 1
183111 1
183296 1
183376 1
183442 1
183521 1
184320 1
184397 1
184735 1
184773 1
185331 1
185356 1
185364 1
185410 1
186182 1
187682 1
188416 3
188818 1
188853 1
188998 1
189510 1
189861 1
189997 1
189998 1
190007 1
190030 1
190144 1
190225 1
190348 1
190581 1
191334 1
191376 1
191992 1
192200 1
192475 1
192512 1
192583 1
192885 1
193486 1
194031 1
194868 1
194933 1
195103 1
195232 1
195821 1
196577 1
196608 4
197377 1
197609 1
197623 1
198048 1
198779 1
198858 1
199516 1
200014 1
200284 1
200507 1
200767 1
201180 1
201631 1
202085 1
202174 1
202416 1
202517 1
202574 1
202799 1
202981 1
203792 1
204241 1
204648 2
204800 1
204975 1
205244 1
205369 1
206590 1
207449 1
209400 1
209907 1
212348 1
212480 9
212829 2
213409 1
213538 1
213957 1
214019 1
214828 1
215040 5
215534 1
215931 1
217116 1
217201 1
217243 1
218739 1
220660 1
220895 1
223655 1
224129 1
224475 1
224905 1
225382 1
227208 1
227456 1
227476 1
227921 1
229605 1
230140 3
230234 1
230400 1
231252 1
231617 1
231846 1
233761 1
234639 1
236130 1
236751 1
236767 1
237568 1
237833 1
237866 1
238641 1
239936 1
240282 1
240297 1
240468 1
240692 2
240996 1
241956 1
244019 1
244976 1
245428 1
245752 2
245760 3
246602 1
246631 1
247482 1
248021 1
248616 1
248794 1
249063 1
250236 3
250432 1
250488 1
251154 1
252104 1
252195 1
253376 1
254377 1
255274 1
255648 1
255668 1
256122 1
256192 1
256742 1
257024 1
258286 1
258876 1
259584 1
259965 1
260960 1
261120 2
261187 4
261704 1
262176 2
263635 1
265633 1
265641 1
266557 1
266745 1
268276 2
268556 1
269546 1
269828 1
270316 1
270336 2
271360 1
271528 1
271861 1
271898 1
271932 1
272260 1
272574 1
274262 2
274353 1
274505 1
276480 1
277708 1
279396 1
280092 1
281618 1
283928 1
284032 1
284093 1
285068 1
286091 1
287054 1
287892 1
289762 1
290006 1
290816 1
291195 1
291571 1
291982 1
292241 1
295935 1
296643 1
297838 1
299084 1
299940 1
303104 1
303642 1
305244 1
309279 1
310219 1
310260 1
311055 1
311441 1
311808 1
313727 1
313747 1
314252 1
314468 1
314781 1
315631 1
315806 1
317109 1
317440 1
317734 1
317760 1
318582 1
318847 1
319488 1
319947 1
320273 1
320352 1
321141 1
321209 1
321719 1
322682 1
323383 1
325556 1
326044 1
327680 1
328097 1
328704 1
331296 1
331718 1
333148 1
333713 2
334251 1
335872 2
336865 1
338659 1
343040 3
345427 1
347387 1
349615 1
352118 1
355187 1
357266 1
358438 1
358620 1
358896 1
359124 1
359824 1
360048 1
361366 1
362217 2
362623 1
366361 1
366733 1
367731 1
368412 1
368640 1
370688 2
371286 1
372880 1
373689 1
374348 1
374802 2
382151 1
384456 1
384910 1
385380 1
385536 1
387371 1
393400 1
394035 1
395369 1
396433 1
400120 1
400384 1
402432 1
404976 1
409330 1
412102 1
416029 1
416768 1
417792 2
421952 1
424206 1
425002 1
425147 1
426570 1
427702 1
430188 1
430483 1
433594 1
434566 1
434782 1
435538 1
440825 1
442368 1
446916 1
448232 1
450109 1
450151 1
450180 1
450188 1
450220 1
450554 1
450560 1
450589 1
450688 1
450971 1
451112 1
451149 1
451200 1
451543 1
452400 1
453928 1
454230 1
455269 1
457280 1
460056 1
460321 2
462044 1
466629 1
466797 1
467968 1
470267 1
471820 1
473223 1
473337 1
474112 1
476662 1
477280 1
478700 2
479920 1
482744 1
484222 1
486360 1
487862 1
488200 1
491520 1
495147 1
495619 1
496830 1
499602 1
499667 1
507668 1
507904 1
509520 1
512138 1
516096 2
516344 1
516864 1
518903 1
523264 1
528656 1
529476 1
529529 1
540158 1
542569 1
546304 1
546973 1
548864 1
556592 1
557381 1
565640 1
569360 1
570733 1
572671 1
573440 1
574256 1
577172 1
581277 1
581632 1
584401 1
593056 1
598058 1
598812 1
606975 1
612184 1
615286 1
617864 1
619711 1
622252 1
622554 1
622592 1
623412 1
625128 1
630989 1
641625 1
645868 1
647168 1
651264 2
655020 1
655360 1
661816 1
662737 1
663552 1
669142 1
669245 1
676585 1
677747 1
679751 1
683524 1
686968 1
687670 1
693248 2
693429 1
694013 1
695296 1
702759 1
702760 1
706410 1
710085 1
711762 1
712070 1
712739 1
717779 1
724602 1
729088 1
729900 1
732159 1
737280 1
739570 1
763257 1
774506 1
778769 1
779237 1
779674 1
779677 1
780688 1
782592 1
787968 1
797100 1
801589 1
808546 1
812200 1
818255 1
819239 1
820231 1
835584 2
838698 1
841642 1
843059 1
851968 1
855937 1
866987 1
867636 1
871816 1
873235 1
875520 1
880640 1
881408 1
886272 1
900064 1
900081 1
900277 1
900427 1
900477 1
900618 1
900796 1
910520 1
910856 1
914908 1
917833 1
919865 1
930627 1
931222 1
932361 1
935872 1
944088 1
949477 1
949865 1
952671 1
958099 1
962468 1
963076 1
974848 2
975548 1
999151 1
1007616 1
1037600 1
1057241 1
1059900 1
1063195 1
1064960 1
1072665 1
1076836 1
1081113 1
1083898 1
1088770 1
1116160 1
1146228 1
1187840 1
1194152 1
1218916 1
1232436 1
1236839 1
1239424 1
1246628 1
1250363 1
1253376 1
1268224 1
1314921 1
1318961 1
1332889 1
1345807 1
1346117 1
1348976 1
1350784 1
1363768 1
1384448 1
1385484 1
1388032 1
1400095 1
1400319 1
1418752 1
1459816 1
1467986 1
1483674 1
1523712 1
1531904 1
1551576 1
1565717 1
1597461 2
1630208 4
1667071 1
1678025 1
1708724 1
1714656 1
1716607 1
1743644 1
1751820 1
1812226 1
1812420 1
1840138 1
1843565 1
1867776 1
1880007 1
1887899 1
1966269 1
2064384 1
2075031 1
2209016 1
2237375 1
2250129 1
2328936 1
2334231 1
2343936 1
2387617 1
2389492 1
2430951 1
2445882 1
2455349 1
2537382 1
2690016 1
2727936 2
2827204 1
3007737 1
3047591 1
3147579 1
3218298 1
3317743 1
3349086 1
3377265 1
3491840 1
3506096 1
3534059 1
3547136 1
3586417 1
3587584 1
4088979 1
4555791 1
4628663 1
5026916 1
5045425 1
5269037 1
6461652 1
7471627 1
7688801 1
9605120 1
18512533 1
