0 54
1 12
2 9
3 1
4 9
6 3
8 2
12 1
14 187
15 107
16 59
17 90
18 12
19 27
20 16
21 3
22 1
23 1
24 8
25 2
26 1
27 7
28 2
29 5
30 4
31 2
32 6
33 4
34 7
35 7
36 8
38 2
39 3
40 3
41 1
42 3
49 3
50 3
51 4
54 5
55 1
56 5
57 4
58 3
61 1
62 3
63 5
64 6
65 3
66 2
67 5
68 4
69 10
70 1
71 5
72 4
73 7
74 3
76 1
77 2
78 4
79 3
80 5
81 1
82 4
83 3
86 1
87 3
88 3
90 4
91 5
94 7
95 2
96 3
97 1
98 1
99 4
100 2
102 3
103 1
104 4
106 3
108 2
111 1
112 4
113 2
115 1
116 2
117 2
118 2
119 3
120 1
121 3
122 3
123 5
124 3
125 2
128 9
129 2
132 1
133 2
134 4
135 3
136 1
137 5
138 3
139 1
140 8
141 2
142 2
143 1
144 2
148 1
149 3
150 5
151 1
152 2
153 1
156 2
158 2
159 5
160 6
161 2
162 3
163 2
164 1
165 4
166 2
168 1
169 1
170 1
171 1
172 2
175 1
176 4
177 2
178 1
179 1
180 2
181 2
182 1
186 1
188 3
190 1
193 110
194 4
195 2
196 2
197 1
198 2
199 3
200 11
205 4
207 32
209 2
210 3
211 1
212 2
213 1
215 5
216 2
217 1
220 4
221 3
222 2
223 3
224 1
226 1
228 3
230 3
231 3
232 1
233 1
234 2
235 2
236 7
238 5
239 2
240 1
241 3
246 2
248 5
249 2
250 1
251 2
252 1
253 1
254 1
255 1
256 56
257 5
263 8
264 6
265 2
268 3
269 5
272 11
273 2
274 2
275 1
276 2
278 5
279 1
280 5
281 5
284 5
285 3
286 4
287 1
288 2
291 1
293 11
294 5
296 9
297 6
299 5
301 1
303 5
304 2
305 2
306 3
308 5
310 3
311 1
314 2
316 2
317 4
318 1
319 1
320 2
321 2
322 5
323 4
324 2
326 4
328 5
332 1
333 2
334 3
336 2
337 4
338 1
340 2
343 1
345 4
347 3
348 1
349 1
350 2
351 2
352 3
354 3
356 2
358 2
359 1
363 3
364 12
365 3
367 1
368 1
370 2
372 1
374 1
375 5
376 1
377 1
379 1
380 2
381 1
384 1
385 1
386 2
387 3
388 1
390 1
392 2
395 2
396 4
397 6
398 1
399 4
401 6
403 1
405 4
410 3
411 3
413 4
414 4
418 2
420 1
424 1
428 4
429 6
430 2
431 1
434 4
436 1
437 1
439 2
441 4
442 1
444 1
446 3
447 1
448 2
450 4
451 2
452 1
453 3
454 1
456 1
457 2
459 1
462 3
463 1
466 4
468 1
469 2
471 1
472 3
473 18
476 1
477 2
478 1
481 1
482 1
483 8
485 2
486 3
488 2
489 2
493 1
494 2
496 3
497 4
498 2
499 2
501 4
503 2
504 2
505 17
506 2
507 2
508 1
512 492
513 3
514 1
516 3
518 2
519 2
520 8
521 4
524 1
525 3
526 1
527 1
528 4
530 1
533 2
534 1
535 1
536 1
539 7
540 15
541 9
542 1
543 5
544 6
545 5
546 4
547 4
548 1
549 5
550 4
551 61
552 5
553 1
554 2
555 4
556 1
557 2
559 3
560 3
562 2
563 3
564 4
565 1
566 2
567 4
568 1
572 7
573 5
574 5
576 4
577 1
579 3
580 6
584 2
585 1
586 1
587 2
588 2
589 47
592 2
594 3
595 1
596 4
597 6
598 2
599 4
600 3
601 6
602 2
603 9
604 3
605 2
608 3
609 3
610 2
611 2
612 2
614 4
615 1
616 2
617 1
618 1
619 1
620 5
621 2
622 2
624 3
625 2
626 3
627 3
628 3
629 5
630 1
631 4
634 11
635 3
636 3
637 1
639 1
640 2
642 6
643 9
644 3
645 2
646 1
647 2
648 4
649 5
650 1
651 3
652 5
653 7
654 7
656 1
657 5
658 3
659 1
665 2
666 2
668 1
670 3
671 3
672 4
675 1
676 1
677 1
678 5
679 1
680 1
683 2
685 5
686 3
687 1
688 5
690 4
691 4
692 2
694 3
695 1
696 3
697 5
698 7
700 7
702 6
703 4
704 1
705 1
706 1
707 1
708 3
710 7
714 4
716 10
717 2
718 2
719 1
720 1
721 5
722 7
724 2
726 2
727 2
728 2
730 1
732 1
733 6
734 4
735 1
737 5
738 1
739 1
742 2
743 5
744 4
745 11
746 1
747 1
748 8
749 7
750 1
752 2
753 5
754 6
755 4
757 4
759 4
760 1
763 4
765 3
766 1
767 3
769 1
770 3
771 1
772 6
773 3
774 1
776 9
778 7
779 1
783 1
784 1
785 2
786 1
787 1
788 2
789 2
795 2
796 13
797 3
798 1
799 5
800 3
801 1
802 3
803 5
804 3
805 5
807 2
808 5
809 4
810 1
811 4
812 2
814 2
815 3
816 2
817 1
820 1
821 3
823 1
825 6
826 5
828 2
829 4
832 1
833 4
835 2
836 3
837 2
839 2
840 1
841 3
842 1
844 1
845 2
847 4
850 1
852 2
854 4
856 1
857 1
858 1
860 1
861 5
862 1
863 1
865 1
866 5
867 2
869 2
870 3
871 6
872 1
874 6
875 1
876 2
878 2
879 1
880 1
883 4
884 1
885 1
886 4
887 4
889 1
890 7
891 2
892 2
893 1
895 4
896 1
897 3
898 2
900 5
901 1
902 2
903 2
904 1
905 4
906 1
907 2
908 2
909 2
911 3
912 2
914 2
915 3
916 1
917 1
918 2
919 2
920 4
923 1
924 1
926 1
927 1
928 2
929 1
930 2
931 1
932 1
936 2
939 10
941 2
946 6
947 2
952 3
953 2
954 1
955 1
956 1
958 1
959 2
960 8
961 1
962 2
963 1
964 2
965 2
967 1
968 1
969 1
972 1
973 2
974 1
975 2
979 3
980 2
981 1
982 1
983 4
984 8
985 3
986 1
987 2
989 1
991 2
992 2
993 3
995 1
996 2
997 4
998 1
1000 1
1005 1
1006 1
1007 6
1008 4
1009 4
1010 3
1016 5
1018 1
1021 1
1022 1
1023 1
1024 49
1025 4
1027 1
1029 4
1031 1
1034 4
1035 4
1036 1
1037 5
1038 2
1039 2
1040 2
1041 1
1043 1
1045 4
1046 5
1047 3
1048 3
1049 4
1050 2
1053 1
1056 1
1057 1
1059 1
1060 1
1061 2
1063 4
1064 5
1065 1
1068 1
1073 1
1074 1
1075 1
1079 5
1085 2
1086 2
1089 4
1090 1
1093 4
1094 1
1096 2
1097 1
1100 2
1101 4
1104 1
1105 3
1106 1
1108 4
1109 2
1111 1
1112 5
1114 3
1117 5
1118 2
1124 1
1125 1
1126 1
1129 1
1130 2
1132 2
1133 3
1135 1
1136 1
1137 1
1138 3
1141 3
1142 3
1144 2
1145 3
1147 5
1151 4
1158 1
1159 3
1160 2
1162 1
1163 4
1164 2
1166 3
1167 1
1168 1
1170 1
1171 1
1172 1
1175 2
1176 3
1179 5
1180 1
1183 5
1186 2
1187 1
1188 3
1189 1
1196 1
1199 1
1200 2
1202 5
1203 1
1204 2
1205 1
1208 1
1209 1
1210 1
1211 2
1213 1
1215 2
1216 4
1217 1
1219 1
1221 3
1224 4
1225 3
1239 1
1241 3
1242 1
1243 4
1244 3
1245 1
1247 1
1248 3
1250 1
1252 1
1253 1
1254 7
1255 2
1256 3
1258 1
1260 2
1261 1
1262 1
1263 1
1264 2
1265 2
1266 1
1269 1
1270 5
1274 3
1276 2
1279 1
1280 1
1283 1
1285 4
1286 1
1287 3
1290 5
1292 1
1293 2
1296 3
1298 1
1299 7
1300 2
1303 4
1304 2
1307 6
1311 1
1314 1
1318 1
1320 4
1321 1
1324 2
1326 4
1328 1
1329 1
1331 1
1335 1
1337 1
1339 1
1341 4
1343 1
1344 3
1350 1
1353 2
1354 1
1356 1
1357 1
1358 4
1359 1
1361 1
1363 4
1364 4
1365 2
1367 1
1368 1
1370 2
1371 1
1374 1
1375 1
1376 5
1377 4
1378 4
1380 1
1382 1
1384 3
1385 1
1386 1
1389 1
1390 3
1395 1
1398 1
1404 2
1406 1
1407 1
1410 9
1413 1
1417 3
1420 2
1422 1
1428 5
1429 1
1431 4
1433 1
1434 1
1436 1
1439 2
1441 1
1442 4
1445 1
1446 2
1448 1
1449 2
1450 1
1453 1
1455 4
1456 5
1457 1
1458 4
1459 5
1467 4
1468 4
1469 5
1475 2
1479 2
1480 1
1484 1
1485 2
1486 1
1487 1
1488 2
1489 1
1496 1
1497 1
1498 1
1499 1
1500 1
1502 1
1503 1
1504 1
1508 1
1509 1
1510 1
1516 1
1518 1
1519 1
1520 2
1521 5
1522 1
1523 3
1524 1
1526 1
1528 1
1529 1
1530 1
1532 1
1534 2
1535 3
1536 13
1538 2
1541 4
1543 3
1544 2
1549 4
1550 2
1551 2
1552 1
1554 1
1556 2
1557 2
1558 5
1559 5
1560 1
1561 1
1562 5
1564 5
1566 1
1567 1
1569 4
1574 2
1575 1
1577 1
1579 1
1580 1
1581 2
1582 1
1584 1
1585 1
1586 1
1588 1
1592 2
1593 1
1595 1
1596 1
1599 1
1600 1
1602 2
1607 1
1612 2
1613 1
1617 1
1621 1
1624 1
1625 2
1626 3
1631 4
1632 4
1633 4
1635 1
1636 2
1637 4
1640 2
1641 4
1643 2
1644 4
1645 3
1647 1
1648 3
1649 4
1652 2
1654 3
1655 1
1656 1
1657 1
1658 1
1661 4
1662 1
1663 3
1664 1
1668 5
1672 1
1673 1
1676 5
1678 1
1679 2
1683 1
1685 2
1691 4
1694 1
1695 1
1697 4
1699 1
1701 1
1703 3
1705 4
1706 1
1707 1
1708 4
1716 2
1720 4
1721 3
1726 1
1728 4
1729 1
1730 1
1732 5
1733 1
1734 1
1735 1
1736 1
1737 1
1738 1
1740 1
1741 1
1744 1
1745 7
1750 1
1751 4
1752 1
1753 2
1754 1
1756 1
1758 3
1760 3
1761 4
1762 1
1763 1
1765 1
1771 1
1772 3
1773 1
1774 1
1775 1
1777 1
1780 2
1781 1
1784 1
1793 1
1794 2
1796 1
1798 2
1800 2
1801 2
1805 1
1808 2
1809 1
1810 1
1812 1
1816 1
1818 5
1820 3
1824 4
1826 2
1828 1
1831 1
1832 1
1835 1
1837 1
1838 1
1839 6
1843 4
1847 2
1851 1
1852 7
1853 2
1855 3
1857 6
1859 9
1861 3
1864 7
1866 3
1868 1
1869 1
1871 1
1872 5
1874 1
1875 1
1876 2
1877 1
1878 1
1880 1
1882 1
1883 2
1884 2
1886 4
1890 1
1891 1
1892 1
1894 1
1896 1
1899 3
1901 1
1902 1
1905 1
1907 1
1909 1
1912 2
1913 2
1916 4
1918 3
1919 2
1922 1
1925 2
1927 1
1928 1
1931 1
1933 102
1935 1
1936 3
1937 1
1938 1
1941 1
1943 1
1945 3
1946 1
1947 1
1950 5
1952 5
1953 4
1955 1
1956 1
1961 1
1964 1
1967 2
1970 1
1971 3
1972 2
1974 1
1977 1
1978 2
1979 1
1982 1
1983 2
1984 1
1985 1
1987 1
1991 1
1992 2
1993 1
1997 14
1999 2
2000 3
2002 4
2003 3
2010 2
2011 1
2012 1
2013 1
2014 1
2015 2
2018 3
2020 1
2021 1
2024 4
2025 1
2026 2
2028 1
2030 1
2032 1
2033 2
2035 1
2037 2
2039 1
2041 1
2044 1
2045 4
2047 1
2048 19
2055 2
2056 3
2058 2
2060 9
2062 1
2063 1
2064 1
2067 2
2070 1
2072 1
2078 2
2080 1
2084 2
2086 1
2089 4
2090 1
2096 6
2098 4
2099 1
2102 4
2103 1
2104 1
2105 1
2106 1
2108 1
2111 1
2112 2
2114 1
2115 4
2116 3
2117 1
2123 2
2125 1
2126 1
2129 1
2130 1
2132 3
2133 1
2134 1
2137 1
2139 1
2141 1
2142 8
2144 5
2145 1
2148 1
2150 1
2151 1
2152 2
2153 4
2154 1
2156 1
2157 15
2160 2
2161 1
2164 1
2166 1
2168 1
2169 3
2170 1
2172 3
2178 3
2180 3
2190 1
2193 1
2194 2
2195 2
2200 1
2205 1
2207 1
2208 2
2209 1
2211 1
2213 1
2214 1
2217 1
2218 1
2220 1
2221 1
2222 1
2223 1
2225 1
2227 7
2228 1
2229 2
2230 2
2231 4
2232 2
2233 4
2234 3
2236 2
2238 3
2239 2
2243 1
2245 3
2246 1
2247 2
2248 1
2251 1
2256 2
2262 3
2263 1
2266 4
2269 1
2270 1
2280 3
2281 6
2282 2
2284 1
2285 2
2291 1
2292 1
2293 2
2296 1
2300 1
2302 1
2304 2
2308 4
2309 5
2310 5
2311 1
2316 1
2319 2
2321 2
2322 1
2323 1
2324 1
2325 3
2328 2
2330 2
2332 3
2333 1
2334 2
2335 1
2336 1
2337 2
2338 1
2344 4
2346 1
2347 1
2350 1
2351 2
2352 4
2353 1
2356 1
2357 2
2358 1
2360 2
2361 1
2362 1
2363 5
2364 2
2365 1
2367 1
2368 1
2369 1
2371 4
2372 4
2374 1
2377 3
2378 1
2379 1
2380 1
2381 1
2383 2
2388 1
2389 6
2390 1
2391 2
2393 1
2399 1
2401 1
2402 1
2405 1
2407 1
2408 1
2409 1
2410 1
2412 1
2421 3
2422 1
2423 3
2425 1
2432 3
2433 1
2435 2
2437 1
2440 1
2443 3
2446 1
2449 1
2452 1
2454 1
2455 1
2456 1
2459 1
2460 1
2462 1
2463 1
2468 1
2469 1
2470 1
2473 1
2475 1
2480 1
2484 1
2488 1
2492 1
2498 2
2506 3
2507 2
2512 1
2513 1
2514 1
2516 3
2517 1
2518 5
2520 2
2521 2
2522 2
2527 1
2528 1
2533 1
2535 1
2536 2
2537 3
2541 2
2542 1
2543 1
2544 1
2546 1
2549 3
2551 2
2552 1
2559 3
2560 7
2565 4
2570 1
2575 1
2580 2
2584 1
2585 2
2587 1
2590 1
2592 2
2593 2
2595 2
2597 1
2599 1
2600 1
2602 1
2606 2
2608 1
2610 2
2616 1
2619 4
2623 2
2624 1
2625 4
2626 1
2628 4
2629 1
2631 1
2632 6
2633 1
2644 4
2645 1
2649 2
2652 1
2655 1
2660 2
2661 1
2662 1
2664 1
2675 2
2676 2
2677 1
2678 1
2679 1
2680 1
2682 1
2683 1
2687 4
2690 1
2692 2
2702 1
2704 2
2705 1
2707 1
2708 1
2710 1
2717 1
2719 3
2722 1
2725 1
2731 4
2732 1
2734 3
2736 2
2738 4
2739 2
2740 2
2742 2
2744 1
2746 1
2748 2
2750 2
2752 1
2756 3
2765 2
2767 1
2770 2
2771 4
2778 1
2781 1
2782 1
2784 1
2786 1
2791 2
2794 1
2800 1
2808 4
2811 1
2818 1
2822 1
2823 1
2826 1
2828 1
2829 1
2832 2
2838 1
2840 1
2847 1
2851 2
2852 3
2856 2
2859 1
2860 1
2863 1
2867 1
2874 1
2876 1
2877 1
2879 2
2880 2
2881 1
2882 1
2887 1
2888 1
2894 1
2896 2
2902 1
2904 1
2905 4
2907 4
2908 3
2916 1
2917 1
2918 4
2920 1
2922 1
2924 2
2926 1
2927 1
2928 2
2935 1
2937 2
2945 1
2946 2
2956 6
2958 1
2962 1
2965 3
2968 1
2972 2
2975 2
2977 1
2978 2
2979 4
2990 1
2991 1
2993 2
2996 1
2998 1
3003 2
3005 5
3006 1
3011 1
3012 4
3013 5
3014 4
3016 6
3020 2
3022 3
3024 2
3029 2
3032 1
3033 4
3035 2
3036 1
3041 1
3043 2
3048 2
3049 1
3054 1
3056 2
3059 3
3064 1
3065 1
3066 1
3067 2
3070 2
3072 5
3074 2
3077 2
3080 2
3081 3
3083 5
3086 3
3088 1
3089 1
3091 8
3092 3
3093 1
3094 1
3097 1
3106 3
3107 1
3108 1
3113 1
3116 1
3119 1
3120 1
3122 1
3124 1
3127 1
3128 2
3130 3
3137 1
3138 1
3139 1
3141 2
3142 1
3143 1
3147 2
3148 1
3149 1
3151 1
3152 1
3153 5
3154 1
3155 3
3169 2
3175 1
3178 1
3180 1
3184 1
3185 1
3192 1
3196 1
3198 2
3204 2
3209 1
3214 1
3216 2
3219 2
3226 2
3228 1
3235 1
3239 1
3240 2
3248 2
3250 2
3253 1
3256 1
3259 1
3260 1
3264 1
3266 1
3271 1
3274 4
3277 4
3278 2
3280 2
3283 1
3284 1
3288 1
3290 4
3292 2
3299 1
3300 1
3301 1
3302 4
3304 2
3309 1
3317 1
3319 1
3321 4
3329 1
3330 1
3332 1
3335 1
3340 1
3343 1
3346 1
3347 2
3348 1
3349 4
3351 1
3353 1
3357 1
3358 1
3359 1
3365 2
3369 1
3376 1
3378 1
3379 4
3383 1
3385 2
3386 1
3388 1
3391 1
3392 3
3394 1
3396 2
3400 1
3401 1
3402 2
3404 2
3407 1
3409 1
3414 2
3415 1
3418 1
3421 1
3424 1
3426 1
3435 3
3439 1
3440 2
3442 1
3444 2
3445 1
3448 1
3450 1
3452 1
3454 2
3457 1
3458 1
3465 1
3469 1
3471 1
3474 2
3480 1
3481 1
3482 2
3485 1
3487 3
3488 2
3489 5
3494 1
3496 2
3497 1
3499 2
3500 1
3508 5
3509 1
3510 1
3512 3
3515 1
3517 1
3520 1
3527 1
3530 1
3531 1
3533 1
3534 1
3545 1
3547 1
3550 4
3551 1
3556 1
3557 1
3560 3
3562 1
3563 1
3564 4
3566 1
3570 2
3575 4
3576 1
3577 2
3579 3
3584 3
3586 1
3587 1
3589 1
3597 1
3601 1
3608 1
3611 5
3612 1
3615 1
3616 1
3618 2
3620 1
3621 1
3626 2
3627 1
3629 1
3630 1
3634 2
3636 2
3638 1
3640 1
3641 2
3647 1
3650 1
3655 1
3656 2
3657 1
3658 1
3662 1
3665 1
3667 1
3670 1
3671 2
3673 1
3674 4
3676 1
3683 1
3684 2
3688 1
3697 2
3701 1
3705 1
3706 1
3709 1
3712 3
3716 2
3720 2
3724 1
3725 1
3728 1
3730 2
3732 1
3734 1
3737 2
3740 2
3741 4
3744 3
3746 1
3747 3
3748 2
3749 1
3750 1
3752 1
3756 5
3757 1
3761 1
3764 1
3766 1
3767 1
3769 1
3777 1
3779 1
3783 2
3784 2
3785 8
3786 1
3787 1
3788 3
3789 1
3792 1
3796 1
3798 1
3799 1
3800 2
3802 1
3804 4
3805 1
3806 2
3808 6
3812 8
3815 1
3816 4
3818 2
3819 4
3820 7
3824 7
3826 1
3828 5
3832 4
3834 1
3835 1
3836 7
3837 5
3840 5
3844 1
3847 1
3848 1
3852 4
3853 4
3856 1
3857 4
3860 2
3861 2
3862 2
3865 1
3872 4
3873 2
3874 1
3876 2
3884 1
3886 5
3891 4
3892 2
3897 2
3898 1
3900 1
3902 3
3908 1
3909 1
3917 2
3920 1
3921 1
3936 2
3941 2
3942 1
3944 1
3949 4
3951 1
3957 2
3958 1
3963 1
3964 1
3968 2
3970 1
3975 2
3984 1
3985 2
3986 1
3997 1
4001 1
4005 1
4006 1
4008 1
4012 1
4014 1
4018 1
4024 4
4036 1
4038 1
4042 1
4043 2
4058 4
4063 1
4064 2
4066 4
4072 1
4075 1
4080 4
4088 2
4090 1
4091 1
4092 4
4093 1
4096 5
4098 3
4099 4
4101 3
4104 1
4106 2
4110 4
4112 1
4114 1
4116 1
4118 1
4123 1
4124 2
4128 1
4131 1
4134 1
4137 2
4140 1
4147 1
4150 1
4152 1
4155 1
4167 1
4176 4
4177 1
4182 4
4187 1
4188 1
4193 1
4196 2
4197 1
4201 1
4204 2
4205 1
4207 1
4212 1
4213 1
4216 1
4221 3
4227 2
4228 1
4232 2
4233 1
4235 2
4236 1
4250 1
4255 3
4256 1
4258 1
4268 1
4272 1
4273 1
4282 1
4288 1
4292 4
4301 1
4312 1
4313 1
4318 1
4320 1
4328 2
4330 2
4340 1
4345 1
4352 1
4354 1
4360 1
4362 2
4365 2
4368 1
4376 1
4378 1
4380 2
4383 1
4390 1
4396 2
4400 1
4406 2
4409 4
4411 1
4412 1
4413 3
4416 1
4417 4
4421 1
4427 1
4432 1
4433 1
4442 3
4448 1
4449 1
4451 1
4452 1
4453 1
4454 2
4455 1
4466 3
4470 2
4471 1
4475 2
4476 1
4481 4
4482 1
4484 1
4488 1
4505 3
4508 4
4509 1
4521 2
4528 1
4533 1
4535 1
4539 1
4544 2
4547 1
4554 1
4555 1
4558 1
4568 1
4573 1
4588 2
4591 1
4592 1
4600 1
4608 3
4609 1
4610 4
4616 3
4624 2
4625 1
4633 1
4635 4
4637 1
4640 1
4648 1
4654 1
4656 1
4664 1
4669 1
4684 3
4686 1
4692 5
4696 2
4700 2
4708 4
4710 1
4714 4
4733 1
4739 2
4740 1
4744 1
4748 1
4754 1
4756 1
4760 1
4765 1
4768 2
4769 1
4770 1
4772 2
4778 2
4784 1
4786 1
4787 3
4797 1
4805 1
4808 3
4809 1
4814 1
4815 1
4820 2
4821 1
4824 2
4825 1
4834 1
4840 1
4841 1
4847 1
4850 1
4851 3
4862 3
4863 1
4864 5
4868 1
4872 1
4873 1
4881 2
4883 1
4886 1
4889 1
4890 4
4900 1
4901 1
4918 4
4920 1
4925 1
4928 2
4932 1
4933 1
4936 1
4938 1
4940 2
4944 1
4953 1
4955 1
4956 1
4957 4
4968 1
4971 1
4972 2
4975 2
4980 1
4981 2
4982 1
4985 1
4987 3
4990 4
5013 1
5014 1
5016 4
5019 1
5031 2
5032 2
5033 1
5035 1
5041 4
5042 1
5048 1
5053 5
5055 1
5057 1
5062 1
5064 1
5069 1
5072 5
5074 1
5079 1
5083 1
5088 2
5090 1
5095 1
5096 1
5101 1
5109 1
5111 1
5112 2
5116 1
5117 1
5119 1
5120 3
5124 1
5127 1
5128 2
5129 4
5131 2
5135 1
5136 1
5139 2
5141 1
5164 1
5168 1
5173 1
5180 2
5184 1
5188 1
5195 1
5204 1
5207 2
5209 1
5213 2
5216 3
5218 4
5220 1
5221 1
5222 4
5223 1
5224 2
5225 1
5229 1
5230 1
5231 1
5235 1
5237 1
5242 1
5243 1
5244 4
5247 1
5255 2
5264 1
5266 1
5270 1
5272 2
5276 1
5280 6
5281 1
5286 2
5290 1
5294 1
5297 1
5298 2
5312 1
5316 1
5320 5
5324 1
5327 2
5341 1
5348 3
5352 1
5354 1
5356 2
5365 3
5366 4
5369 1
5371 4
5380 1
5381 1
5384 1
5387 1
5392 2
5400 2
5402 2
5408 1
5411 2
5412 1
5415 3
5416 1
5418 1
5420 5
5424 1
5435 1
5439 3
5440 1
5452 1
5456 1
5461 1
5465 1
5470 1
5472 1
5473 2
5475 1
5476 3
5479 1
5483 1
5485 1
5489 1
5491 1
5496 1
5503 2
5504 1
5507 5
5509 1
5512 1
5532 1
5535 1
5539 1
5544 1
5546 2
5548 1
5551 1
5563 1
5571 2
5580 2
5581 1
5582 1
5589 1
5595 2
5600 1
5604 2
5605 1
5607 1
5610 2
5613 1
5618 2
5621 1
5626 3
5629 1
5632 6
5634 1
5637 2
5649 4
5651 1
5655 1
5657 3
5659 1
5665 1
5667 1
5668 4
5670 4
5674 1
5675 2
5680 1
5688 1
5689 1
5694 1
5700 5
5705 1
5707 1
5712 1
5714 1
5718 1
5720 1
5723 1
5727 1
5732 1
5733 1
5736 1
5738 1
5743 2
5748 1
5749 2
5756 2
5760 2
5763 1
5769 1
5770 1
5772 2
5775 1
5779 1
5785 1
5796 1
5798 1
5800 3
5805 1
5808 2
5810 1
5811 3
5815 2
5818 3
5822 1
5825 1
5827 1
5832 6
5835 1
5836 1
5837 5
5842 2
5844 2
5847 1
5849 1
5852 3
5855 1
5866 1
5871 5
5873 1
5881 1
5885 1
5889 1
5891 1
5892 1
5894 1
5895 1
5896 4
5907 2
5909 5
5911 1
5913 5
5915 2
5927 1
5931 1
5940 1
5942 1
5946 3
5949 1
5953 1
5965 1
5967 1
5968 1
5972 2
5977 1
5978 1
5979 1
5983 2
5987 1
5990 3
6000 2
6003 1
6008 1
6010 1
6015 2
6016 2
6023 2
6027 3
6032 2
6040 2
6048 1
6050 1
6052 2
6053 1
6055 4
6056 3
6057 1
6073 1
6082 2
6087 1
6090 2
6096 5
6105 1
6106 1
6107 1
6114 1
6118 1
6122 3
6130 1
6132 1
6138 2
6144 1
6148 1
6149 1
6152 1
6156 1
6159 2
6169 4
6174 1
6177 1
6180 1
6183 1
6189 1
6192 1
6196 1
6200 1
6210 1
6216 1
6217 1
6223 1
6226 1
6229 1
6233 1
6237 2
6247 1
6248 1
6252 1
6256 1
6263 3
6268 1
6269 1
6279 2
6280 3
6281 1
6284 1
6290 2
6295 1
6296 2
6301 1
6302 1
6304 1
6305 2
6307 1
6312 1
6313 1
6317 1
6321 1
6323 1
6327 1
6328 3
6330 1
6331 4
6336 1
6343 1
6344 6
6349 1
6359 2
6368 1
6370 1
6376 1
6388 1
6390 1
6391 1
6393 1
6394 1
6397 1
6399 1
6400 2
6406 1
6408 2
6416 2
6424 2
6425 2
6430 1
6440 1
6443 1
6444 3
6447 1
6463 1
6471 1
6473 1
6474 1
6476 1
6479 1
6480 1
6481 1
6488 1
6490 1
6491 2
6493 2
6499 3
6500 1
6505 1
6510 1
6512 2
6528 3
6529 1
6544 1
6553 1
6557 1
6562 1
6567 1
6572 1
6573 2
6576 1
6581 1
6593 1
6600 2
6601 4
6613 2
6619 1
6620 2
6629 1
6632 4
6637 1
6638 1
6648 4
6650 1
6656 2
6664 2
6666 1
6671 1
6672 1
6674 2
6678 1
6680 2
6684 1
6685 1
6687 1
6698 1
6701 1
6708 1
6711 1
6712 2
6715 1
6716 2
6728 1
6729 1
6731 1
6732 1
6737 2
6747 1
6755 3
6756 1
6759 4
6760 2
6762 1
6763 2
6770 1
6772 1
6773 1
6777 1
6781 1
6784 1
6789 1
6791 1
6799 1
6801 3
6804 3
6807 3
6808 4
6809 1
6812 2
6816 1
6822 1
6824 1
6825 1
6840 1
6841 1
6850 3
6853 3
6854 1
6856 6
6859 3
6869 3
6871 1
6873 3
6876 1
6884 1
6900 1
6912 2
6915 1
6916 2
6918 4
6919 1
6921 1
6922 1
6931 3
6934 1
6936 1
6955 1
6957 1
6960 2
6964 1
6965 1
6970 5
6973 1
6981 1
6991 1
6994 1
6996 1
7000 2
7001 4
7004 1
7005 1
7006 1
7009 1
7011 1
7014 1
7015 1
7020 1
7022 1
7033 1
7036 1
7038 1
7039 1
7054 2
7056 1
7057 1
7058 1
7064 1
7066 2
7067 3
7081 1
7095 1
7097 1
7100 1
7104 1
7109 1
7114 1
7118 1
7119 1
7120 1
7126 1
7128 1
7130 2
7149 2
7152 2
7153 1
7156 1
7157 1
7159 5
7161 2
7175 3
7179 1
7183 1
7199 1
7201 4
7207 2
7212 2
7213 1
7217 1
7224 1
7226 4
7227 1
7236 2
7243 1
7246 1
7248 2
7252 4
7256 1
7257 1
7266 1
7271 1
7274 1
7276 1
7282 1
7293 1
7301 1
7306 2
7312 1
7313 1
7314 1
7316 1
7320 1
7329 1
7336 1
7342 1
7344 1
7352 1
7358 1
7360 1
7363 1
7365 1
7368 4
7402 1
7405 1
7407 1
7410 1
7412 1
7424 1
7426 1
7430 1
7439 1
7441 1
7444 1
7451 4
7453 1
7464 1
7467 1
7472 1
7475 2
7484 2
7487 4
7497 1
7500 1
7520 3
7521 1
7522 1
7524 1
7529 1
7530 2
7540 1
7551 1
7556 1
7560 3
7568 1
7572 1
7578 1
7579 3
7584 1
7588 1
7589 1
7594 1
7596 1
7616 1
7620 2
7621 1
7624 1
7626 2
7630 1
7632 1
7633 1
7643 1
7644 1
7648 1
7673 1
7675 1
7680 2
7688 1
7690 1
7696 1
7710 2
7719 1
7722 2
7724 2
7726 1
7727 1
7729 1
7740 2
7741 1
7742 1
7745 1
7748 1
7768 2
7776 2
7777 1
7784 1
7786 1
7794 3
7797 1
7800 1
7820 1
7821 2
7825 1
7826 1
7828 1
7832 3
7836 1
7850 1
7864 1
7881 1
7900 1
7902 4
7904 1
7908 1
7911 1
7920 1
7932 1
7938 1
7940 1
7944 4
7950 1
7953 2
7956 1
7959 1
7963 1
7970 1
7981 1
7984 2
7987 3
7990 1
7999 1
8008 1
8012 1
8013 1
8019 1
8020 2
8027 2
8029 1
8041 2
8048 1
8049 2
8055 1
8059 1
8060 1
8062 1
8065 1
8080 1
8083 1
8088 1
8092 1
8093 1
8098 1
8109 1
8112 2
8114 1
8115 1
8138 1
8143 1
8150 1
8158 1
8160 1
8161 1
8163 1
8182 1
8190 1
8192 31
8197 1
8198 1
8200 1
8203 2
8210 1
8212 1
8215 1
8220 3
8232 1
8234 1
8246 3
8248 2
8254 1
8261 2
8263 4
8266 1
8278 1
8294 1
8297 1
8300 1
8301 1
8312 2
8317 1
8323 1
8332 1
8334 3
8338 2
8340 1
8344 1
8345 3
8346 1
8352 1
8361 1
8364 1
8365 2
8368 1
8379 1
8380 1
8384 1
8388 3
8392 2
8400 1
8405 2
8411 1
8417 2
8420 2
8421 1
8423 1
8431 1
8432 2
8436 1
8439 3
8440 1
8443 3
8444 1
8445 1
8447 1
8448 1
8456 1
8460 1
8462 1
8472 2
8479 1
8480 1
8484 1
8492 2
8494 2
8496 1
8497 2
8500 1
8501 1
8508 1
8512 4
8519 1
8520 1
8524 1
8528 1
8529 1
8531 1
8535 1
8537 1
8538 1
8542 1
8551 1
8552 1
8555 1
8556 1
8559 1
8560 1
8561 1
8576 1
8580 1
8592 2
8603 1
8605 1
8613 1
8622 1
8628 1
8632 2
8634 1
8635 1
8637 1
8653 1
8655 1
8656 1
8660 1
8668 2
8682 2
8684 1
8689 1
8691 1
8692 1
8696 4
8704 1
8712 3
8715 1
8720 1
8724 2
8728 2
8730 1
8734 4
8744 1
8745 2
8746 1
8748 1
8756 1
8757 1
8768 1
8772 1
8773 2
8776 1
8777 1
8787 4
8788 2
8789 1
8792 1
8796 2
8803 1
8808 1
8819 1
8820 1
8824 1
8828 1
8830 5
8832 1
8833 4
8839 1
8844 1
8850 2
8868 1
8876 1
8878 1
8880 1
8881 1
8886 1
8903 1
8933 1
8938 1
8943 1
8953 1
8956 2
8961 1
8964 1
8965 1
8967 1
8968 6
8973 1
8975 1
8976 1
8977 1
8980 1
8983 1
8988 2
8991 1
8992 3
8993 1
8996 1
8998 1
9000 1
9006 1
9008 1
9012 1
9016 1
9019 1
9028 1
9032 2
9034 1
9036 2
9040 3
9044 1
9048 1
9050 1
9052 1
9056 1
9068 6
9084 1
9089 1
9090 1
9091 2
9102 1
9103 1
9108 1
9109 1
9118 1
9122 1
9134 2
9142 1
9148 1
9151 1
9152 1
9157 1
9158 1
9159 1
9160 1
9162 1
9171 1
9176 1
9180 1
9183 1
9184 2
9192 2
9196 1
9200 1
9204 1
9216 2
9228 1
9229 1
9232 2
9244 1
9252 1
9255 1
9261 1
9264 1
9268 1
9272 1
9276 2
9279 1
9284 1
9288 1
9296 1
9302 3
9304 1
9312 1
9313 1
9315 1
9328 1
9336 1
9348 1
9352 1
9357 1
9360 1
9367 3
9370 1
9372 1
9384 2
9390 1
9392 1
9396 1
9398 2
9400 1
9401 1
9402 1
9404 1
9407 1
9411 1
9412 1
9420 1
9428 1
9436 3
9445 1
9446 5
9450 1
9451 1
9452 2
9460 1
9464 1
9472 1
9481 1
9487 2
9488 1
9492 3
9496 1
9497 1
9500 1
9503 1
9504 1
9512 1
9520 1
9523 1
9524 1
9536 1
9542 1
9544 1
9548 1
9552 1
9556 1
9557 1
9568 1
9572 1
9578 1
9588 1
9592 1
9596 1
9600 1
9608 1
9610 1
9614 1
9616 1
9619 1
9624 2
9628 1
9630 1
9632 3
9636 2
9640 1
9643 1
9645 1
9648 1
9650 2
9652 1
9656 1
9658 1
9660 2
9664 2
9672 4
9678 1
9679 1
9680 1
9685 1
9688 2
9692 4
9696 1
9698 4
9700 1
9701 1
9704 1
9705 2
9708 1
9712 1
9720 1
9724 1
9732 1
9736 1
9740 2
9743 1
9748 1
9750 2
9759 1
9760 2
9768 2
9770 2
9772 2
9780 1
9783 1
9785 3
9796 1
9798 3
9800 2
9801 1
9804 1
9809 1
9812 1
9813 1
9816 1
9824 1
9825 1
9828 1
9844 1
9851 2
9867 1
9870 1
9872 1
9873 2
9877 1
9888 1
9889 1
9896 1
9900 2
9904 1
9906 1
9912 1
9913 1
9920 1
9932 1
9935 2
9952 1
9964 2
9966 2
9968 1
9970 2
9972 1
9975 1
9976 2
9984 1
9988 2
9992 4
10004 1
10012 3
10013 1
10022 1
10033 1
10036 1
10040 2
10041 1
10042 1
10057 1
10061 1
10066 1
10072 1
10080 2
10082 1
10088 1
10094 1
10109 2
10112 2
10116 1
10122 2
10128 1
10131 1
10135 1
10139 1
10140 2
10144 2
10154 1
10164 1
10176 1
10178 1
10208 1
10210 1
10211 1
10214 1
10240 1
10242 1
10244 1
10248 2
10258 1
10270 1
10272 1
10276 1
10308 2
10312 1
10316 2
10320 2
10322 1
10328 2
10333 1
10336 1
10344 1
10345 1
10347 1
10348 1
10360 2
10361 2
10373 1
10379 1
10384 3
10387 1
10392 1
10396 1
10400 1
10412 2
10424 2
10436 1
10439 1
10440 1
10448 2
10449 2
10466 1
10470 1
10473 1
10476 1
10480 1
10483 1
10504 1
10505 2
10506 1
10508 3
10512 1
10514 1
10529 1
10536 2
10544 1
10552 1
10556 1
10560 1
10580 2
10584 1
10589 1
10592 1
10594 1
10600 1
10603 1
10619 1
10620 1
10621 1
10643 1
10646 1
10656 1
10657 1
10660 1
10664 1
10672 1
10684 1
10688 1
10689 1
10691 1
10694 1
10701 2
10711 1
10712 2
10713 1
10724 1
10728 2
10752 4
10767 1
10772 2
10784 1
10792 1
10797 1
10800 1
10816 1
10832 1
10840 1
10842 1
10844 1
10850 1
10856 1
10857 1
10872 1
10880 1
10882 2
10888 1
10893 1
10904 2
10906 2
10916 1
10921 1
10929 1
10936 2
10947 1
10952 1
10956 1
10964 2
10967 1
10968 1
10997 2
11001 1
11008 1
11012 2
11016 4
11024 1
11032 1
11036 1
11043 1
11044 1
11055 2
11058 1
11061 1
11064 1
11073 1
11084 2
11088 1
11092 1
11095 1
11096 2
11100 1
11102 1
11109 4
11110 1
11117 1
11118 1
11136 1
11143 1
11148 1
11149 1
11184 1
11188 2
11189 1
11192 4
11202 1
11204 1
11223 1
11232 1
11239 1
11248 1
11252 1
11261 4
11263 1
11264 2
11268 1
11276 1
11281 1
11284 1
11288 1
11292 1
11296 1
11304 1
11307 1
11308 2
11316 1
11320 1
11324 1
11328 1
11329 2
11336 2
11340 2
11343 1
11347 4
11348 1
11352 1
11356 1
11370 1
11382 2
11391 1
11393 2
11401 1
11404 1
11424 2
11427 1
11429 1
11437 3
11440 1
11448 1
11450 1
11472 3
11484 1
11487 1
11492 1
11496 1
11500 1
11504 1
11505 4
11512 1
11520 1
11524 2
11528 2
11532 2
11534 1
11536 2
11544 1
11547 1
11548 1
11556 1
11561 1
11564 1
11568 1
11582 1
11587 1
11600 2
11604 2
11609 1
11616 1
11620 1
11623 1
11627 1
11629 1
11634 1
11636 1
11640 1
11642 1
11644 1
11648 1
11652 1
11653 2
11656 1
11658 2
11660 1
11666 1
11674 1
11680 3
11682 1
11689 1
11691 3
11704 1
11708 1
11709 2
11710 4
11712 1
11725 1
11740 1
11742 1
11760 1
11768 2
11776 1
11792 1
11804 2
11806 1
11807 2
11808 1
11822 1
11847 1
11867 1
11873 4
11883 3
11927 1
11936 1
11944 1
11945 1
11952 1
11958 1
11963 1
11976 3
11979 1
11980 1
11992 2
12010 1
12019 1
12020 1
12024 1
12026 1
12028 1
12036 1
12040 2
12052 2
12059 1
12072 2
12076 1
12096 1
12101 1
12104 2
12106 1
12108 1
12115 1
12116 1
12120 1
12122 1
12124 1
12136 1
12140 1
12156 1
12164 2
12166 1
12169 1
12180 1
12184 3
12188 2
12190 2
12196 1
12200 2
12201 1
12208 1
12228 2
12253 1
12256 1
12265 1
12274 1
12275 2
12324 1
12358 1
12403 1
12412 1
12424 1
12433 1
12446 1
12448 1
12454 1
12458 1
12494 2
12503 1
12520 1
12533 1
12544 1
12546 1
12548 1
12549 1
12552 1
12560 1
12564 1
12568 1
12569 1
12571 1
12576 1
12596 1
12616 1
12622 1
12631 1
12642 1
12652 2
12655 1
12656 1
12658 1
12676 1
12680 1
12696 1
12704 1
12716 1
12722 2
12724 1
12738 1
12739 2
12752 1
12766 1
12772 1
12776 1
12783 4
12796 1
12800 1
12812 1
12825 1
12832 1
12840 1
12852 1
12874 2
12879 1
12885 1
12890 2
12903 1
12909 1
12916 1
12920 1
12936 1
12952 2
12972 1
12980 3
12984 1
12995 1
12996 1
13004 1
13007 1
13008 1
13036 1
13048 1
13056 1
13058 1
13060 1
13064 1
13072 1
13080 1
13081 1
13084 2
13096 1
13100 1
13108 1
13116 1
13120 2
13124 1
13128 1
13140 1
13154 1
13160 1
13164 1
13165 1
13168 1
13169 1
13184 1
13190 1
13260 1
13272 1
13273 1
13294 1
13306 1
13312 2
13314 1
13316 1
13348 1
13352 1
13361 1
13372 4
13383 1
13387 1
13396 1
13439 1
13447 1
13452 1
13466 1
13484 1
13488 1
13496 1
13504 3
13508 1
13509 1
13512 1
13520 2
13525 1
13528 1
13532 1
13543 1
13554 1
13556 1
13560 1
13566 1
13595 1
13600 1
13612 3
13624 3
13632 1
13644 1
13647 1
13653 1
13664 1
13668 4
13672 3
13693 1
13696 1
13732 1
13746 1
13752 2
13768 2
13770 1
13775 2
13780 1
13798 1
13799 1
13804 1
13812 1
13813 1
13824 2
13831 1
13837 1
13844 1
13872 1
13873 1
13900 1
13904 1
13912 1
13930 1
13936 1
13952 1
13956 2
13972 1
13984 1
13998 1
14023 1
14028 1
14043 1
14084 1
14100 1
14104 1
14108 1
14132 1
14156 1
14164 1
14173 1
14176 1
14180 2
14192 1
14202 1
14212 3
14228 1
14246 1
14248 2
14252 1
14260 1
14272 1
14280 1
14283 1
14284 1
14292 1
14296 1
14316 1
14320 1
14324 1
14332 2
14340 1
14352 3
14356 1
14364 1
14373 1
14376 1
14383 1
14393 1
14404 2
14408 1
14416 2
14417 1
14424 1
14452 1
14455 3
14462 1
14496 1
14530 1
14531 1
14553 1
14556 1
14564 1
14566 1
14568 2
14584 1
14592 1
14612 1
14617 1
14643 1
14647 1
14662 2
14704 2
14734 2
14753 1
14764 1
14769 1
14794 4
14832 2
14892 2
14895 1
14931 1
14936 1
14940 1
14948 1
14984 1
15000 1
15021 1
15057 2
15072 1
15088 1
15104 1
15109 1
15116 2
15120 1
15152 1
15196 1
15200 1
15426 4
15444 1
15456 3
15485 1
15489 1
15491 1
15501 1
15544 1
15571 3
15589 1
15608 2
15628 1
15660 1
15696 1
15733 1
15751 4
15762 3
15778 1
15854 1
15875 1
15881 1
15944 1
15956 1
15998 1
16020 1
16040 2
16080 2
16112 3
16187 1
16224 1
16241 2
16245 1
16246 1
16271 1
16304 1
16309 1
16324 1
16342 1
16376 1
16383 1
16384 208
16392 1
16400 1
16412 1
16416 1
16419 1
16422 1
16423 3
16426 9
16428 1
16432 1
16445 1
16446 1
16448 1
16456 2
16457 2
16458 2
16459 1
16468 1
16484 2
16488 1
16516 2
16517 1
16520 1
16534 1
16544 1
16556 2
16572 1
16579 1
16581 1
16590 1
16620 2
16628 1
16640 1
16644 1
16660 1
16676 1
16688 1
16701 1
16710 1
16716 4
16728 1
16760 1
16772 1
16786 1
16800 1
16802 1
16804 1
16812 1
16834 1
16836 2
16848 1
16852 1
16868 1
16875 1
16932 1
16936 1
16956 1
16976 1
16984 1
16988 1
16992 4
17052 1
17064 1
17084 2
17094 2
17095 1
17096 1
17116 1
17122 1
17136 1
17140 1
17168 1
17184 2
17200 1
17219 1
17224 1
17228 1
17236 1
17256 1
17286 1
17288 1
17291 1
17292 1
17302 1
17370 1
17376 2
17377 1
17382 1
17389 3
17392 1
17444 1
17546 1
17548 1
17592 1
17624 1
17635 1
17669 1
17676 2
17680 1
17684 2
17688 1
17692 1
17698 1
17704 1
17720 1
17731 1
17744 1
17756 1
17764 1
17776 1
17780 1
17788 1
17796 1
17804 1
17812 1
17816 1
17867 2
17868 1
17884 1
17932 1
17960 1
17984 1
18014 1
18029 1
18034 3
18044 1
18052 1
18072 1
18080 1
18089 2
18092 1
18136 1
18142 1
18185 1
18204 2
18209 1
18249 1
18294 1
18306 4
18340 1
18414 1
18422 1
18427 1
18440 1
18460 1
18479 1
18485 1
18499 1
18580 1
18639 1
18656 1
18696 1
18717 4
18733 1
18752 4
18784 1
18892 1
19024 1
19109 1
19117 1
19152 1
19329 1
19352 1
19379 1
19402 1
19496 1
19604 1
19608 1
19663 1
19695 1
19738 1
19755 1
19831 1
19911 1
19932 1
19992 1
20006 1
20080 1
20163 1
20248 1
20274 3
20313 1
20562 1
20563 1
20600 1
20625 1
20636 1
20712 1
20714 1
20736 1
20740 1
20760 1
20773 1
20848 1
20864 1
20867 1
20916 1
20972 1
20977 1
21032 1
21044 2
21094 1
21167 1
21200 4
21215 1
21232 1
21268 1
21288 2
21336 1
21374 4
21396 1
21400 1
21404 1
21408 1
21410 1
21420 1
21448 1
21492 2
21592 2
21629 1
21648 1
21665 1
21716 1
21745 1
21794 1
21800 1
21852 1
21892 1
21988 1
21992 1
22068 1
22164 1
22190 1
22196 1
22224 1
22244 1
22280 1
22319 2
22368 1
22388 1
22389 2
22421 1
22448 1
22516 1
22564 1
22592 1
22665 1
22693 1
22856 1
22938 1
22976 1
23076 1
23095 1
23108 1
23196 1
23234 1
23267 1
23332 1
23391 3
23404 1
23493 1
23606 1
23632 1
23646 1
23731 1
23751 2
23920 1
23968 1
24245 1
24304 1
24468 1
24576 188
24592 1
24610 1
24618 3
24622 1
24643 1
24709 1
24718 1
24799 1
24808 1
24832 2
24876 1
24949 1
24957 1
24958 1
24978 1
24984 1
24988 1
25099 1
25169 1
25262 1
25316 1
25367 1
25374 1
25551 1
25567 1
25594 1
25610 1
25618 1
25902 3
25916 1
25920 1
25965 1
26028 2
26032 1
26104 1
26298 1
26338 1
26386 1
26403 1
26450 1
26594 1
26644 1
26674 1
26680 1
26698 1
26820 1
26879 1
26990 1
27042 1
27049 1
27053 1
27276 1
27348 1
27396 1
27612 1
27681 1
27856 1
27946 1
28163 1
28220 3
28550 1
28634 1
28832 1
29279 1
29292 1
29316 1
29362 1
29598 1
29696 2
29858 1
30148 1
30210 1
30381 2
30392 2
30612 1
30720 1
30936 1
31063 1
31247 1
31251 1
31336 1
31346 1
31414 2
31450 1
31544 1
31562 1
31572 1
31636 1
31644 1
31996 1
32112 2
32198 1
32594 1
32768 79
32885 2
32951 1
32997 1
33014 1
33019 1
33021 1
33043 1
33047 1
33115 1
33736 2
34082 1
34479 1
34820 1
36040 2
36418 1
36629 1
36848 1
36975 1
37018 1
37389 1
37460 1
37513 2
37792 1
37924 1
37950 1
38072 1
38497 1
38632 1
38781 1
38831 1
38996 1
39078 1
39159 1
39178 1
40016 1
40398 1
40565 1
40960 60
41084 1
41206 1
41398 1
41422 1
41440 1
41970 1
42068 1
42350 1
42529 1
42609 1
42816 1
43200 1
43541 1
43976 1
44095 1
44182 1
44967 1
45113 3
45116 1
45133 1
45281 1
45390 1
45459 1
45474 1
46002 1
46190 1
46686 1
47103 1
47472 1
48072 1
48082 1
48137 1
48150 1
49118 1
49152 20
49208 1
49374 1
50027 1
50086 1
50162 1
50565 1
50608 1
50777 1
51040 1
51808 1
51842 1
52674 1
53508 1
55160 1
55554 1
56244 1
56284 1
56342 1
57344 21
57622 1
57832 1
57893 1
58521 1
58979 1
59199 1
59200 1
59277 1
59460 1
59472 1
59478 1
61065 1
61214 1
62124 1
64672 1
64765 1
65536 23
66366 1
66622 1
67178 1
67215 1
67623 1
67671 1
69002 1
69071 1
69276 1
69814 1
71212 1
72008 1
73570 1
73686 1
73728 11
73912 1
73994 1
74266 1
74282 1
75458 1
75662 1
75722 1
75805 1
76768 1
78321 1
78519 1
79269 1
81441 1
81920 11
81962 1
81982 1
82270 1
83324 1
83840 1
86210 1
86552 1
86858 1
87261 1
88159 1
88290 1
88542 1
88849 1
89159 1
89298 1
90112 4
90289 1
90462 1
90863 1
90896 1
91871 1
91913 1
92027 1
92420 1
92580 1
92784 1
93716 1
93889 1
94505 1
94538 1
94767 1
96477 1
96879 1
97474 1
98304 6
98339 1
100249 1
100355 1
100715 1
100795 1
101142 1
101800 1
102361 1
103131 1
104048 1
105202 1
106213 1
106496 9
106531 1
106748 1
107803 2
109170 1
109176 1
109633 1
109822 1
109869 1
109934 1
110352 1
111210 1
111883 1
112502 1
113211 1
114069 1
114522 1
114688 8
114730 1
114960 1
115456 1
116073 1
117061 1
117470 1
117941 1
118369 1
120362 1
121779 1
122452 1
122880 8
123393 1
125123 1
125648 1
126696 1
127315 1
127911 1
128238 1
128490 1
129917 1
130506 1
131072 5
131116 2
131744 1
132440 1
132752 1
140361 1
140813 1
144784 1
147456 2
147500 1
147798 1
155648 10
162496 1
163840 3
164172 1
165743 1
169041 1
172032 1
172900 1
180224 4
185700 1
188416 2
196608 2
196746 1
197926 1
200732 1
201272 1
202134 1
204800 5
205121 1
206672 1
206774 1
211013 1
212920 1
221184 1
226840 1
228378 1
231058 2
237568 2
241666 1
245760 1
246560 2
248720 1
250452 1
252440 1
252802 1
258695 1
262528 1
263773 1
270798 1
279692 2
292025 1
295488 1
303104 1
303614 1
304484 1
309058 1
311818 1
311852 1
312004 1
315938 1
322620 1
323584 1
335872 1
348056 1
374056 1
394508 1
407400 1
470759 1
475679 1
483328 2
491520 1
491681 1
517575 1
524288 1
567136 1
571466 1
573356 1
573440 1
583350 1
590394 1
592117 1
606208 1
628984 1
633790 1
638568 1
647168 1
669298 1
673776 1
678360 1
710072 1
733792 1
789908 1
828980 1
847528 1
885720 1
900422 1
917504 1
1099226 1
1105920 1
1210768 1
1228800 1
1236025 1
1285999 1
1335296 1
1448164 1
1474604 1
1731894 2
1732542 1
1732551 1
2834768 1
