21 1
33 2
36 1
37 1
51 1
59 1
92 1
119 1
153 1
215 1
258 1
284 1
329 1
333 1
360 1
374 1
441 1
463 1
473 2
483 1
484 2
485 3
487 2
490 1
491 1
492 1
501 1
503 1
512 10
520 1
523 2
555 1
571 1
576 1
578 2
579 1
584 1
589 2
598 1
602 1
605 1
613 1
620 1
636 1
647 1
655 1
661 2
662 1
665 3
668 1
674 2
676 1
677 1
683 1
685 1
693 1
711 1
745 1
758 2
764 1
766 1
769 2
773 1
777 1
787 1
788 1
798 1
801 1
809 2
830 1
837 2
844 1
867 2
869 2
870 1
871 1
878 1
885 2
909 1
914 1
921 3
929 2
933 1
946 1
960 1
972 1
980 1
989 1
993 1
997 1
1012 2
1013 2
1023 1
1024 2
1029 1
1033 1
1040 1
1085 1
1098 1
1103 1
1110 1
1113 6
1124 1
1137 1
1142 1
1146 1
1149 1
1150 1
1157 1
1198 1
1200 1
1206 1
1207 1
1225 1
1226 1
1227 1
1257 1
1284 1
1289 1
1293 1
1321 1
1329 1
1337 1
1349 1
1361 2
1368 1
1376 1
1448 1
1450 1
1451 1
1477 1
1492 1
1502 1
1531 1
1532 1
1535 1
1536 1
1583 1
1588 1
1598 1
1617 1
1632 2
1636 1
1637 1
1654 1
1665 1
1674 2
1675 1
1695 1
1708 1
1717 1
1737 1
1750 2
1800 1
1802 2
1803 1
1806 1
1817 1
1827 1
1828 1
1852 1
1875 2
1901 1
1921 1
1927 1
1929 1
1942 1
1943 1
2004 1
2005 1
2018 1
2019 1
2154 1
2155 1
2157 1
2161 1
2182 1
2193 1
2206 1
2245 1
2272 1
2302 1
2305 1
2398 1
2410 1
2429 1
2444 1
2588 1
2692 2
2694 1
2778 1
2813 1
2907 1
2929 1
2937 1
2961 1
2966 1
3050 1
3081 1
3184 1
3212 1
3269 1
3292 1
3294 1
3343 1
3475 1
3525 1
3534 1
3618 1
3621 1
3625 1
3635 1
3923 1
3932 1
4096 1
4098 1
4130 1
4287 1
4305 1
4327 2
4441 1
4509 1
4633 1
4773 1
4820 2
5016 1
5106 1
5115 2
5277 1
5438 1
5597 1
5609 1
5679 1
5721 1
5785 1
5897 1
5917 1
5921 1
6332 1
6427 1
6431 1
6808 1
6861 1
7017 1
7041 1
7788 1
8073 1
9185 1
9791 1
9876 1
10030 1
10335 1
10409 1
10558 1
11626 1
11660 1
12049 1
12469 1
12549 1
13977 1
14488 1
16589 1
18131 1
18455 1
18793 1
19617 1
22912 1
23260 1
24005 1
24576 2
28279 1
30311 1
32768 1
37353 1
38195 1
38532 1
44169 1
46897 1
48348 1
48450 1
49152 1
51305 1
52385 1
69750 1
69888 1
71100 1
81383 1
177061 1
360448 1
385024 1
425984 1
491520 1
590517 1
590891 1
729408 1
729992 1
745472 1
761856 1
892928 1
1073152 1
1130496 1
1187840 1
