0 8
1 2
6 4
8 2
9 3
16 1
17 14
18 98
19 15
20 38
21 76
22 76
23 66
24 46
25 29
26 79
27 42
28 24
29 20
30 37
31 26
32 16
33 7
34 20
35 12
36 2
37 10
38 3
40 2
41 1
42 2
43 1
44 1
45 1
47 1
49 1
50 2
51 2
56 2
58 1
59 1
61 2
62 2
65 1
66 2
68 2
71 1
72 3
73 2
74 1
75 2
76 3
77 2
78 2
79 1
80 2
81 4
82 1
83 1
84 2
90 2
91 2
92 2
93 4
94 4
95 10
96 3
97 2
98 2
99 10
100 6
101 7
102 7
103 4
104 5
105 4
106 2
107 3
108 1
109 3
110 2
111 3
112 2
113 4
114 3
116 3
117 2
118 1
119 5
120 4
123 1
124 6
125 2
126 5
127 3
128 3
131 1
134 2
135 1
136 2
137 13
138 5
139 2
140 2
141 4
142 2
143 1
144 4
148 5
151 1
152 4
153 3
154 3
155 4
156 4
157 8
158 2
159 1
160 4
161 1
163 3
165 1
166 1
167 2
168 2
169 2
170 2
171 1
172 2
174 2
175 4
176 4
177 7
178 4
179 7
180 6
181 1
183 4
184 4
185 2
186 2
188 1
190 1
191 1
192 2
193 73
194 12
195 3
196 3
197 4
198 2
199 1
201 2
204 1
205 1
206 9
207 17
208 2
209 2
210 1
212 2
214 1
215 1
216 2
218 1
221 37
222 9
226 1
227 1
228 2
229 1
230 2
231 1
233 2
236 1
237 1
238 3
239 1
240 2
242 1
243 1
248 2
249 2
251 3
252 1
255 2
256 6
257 1
258 6
260 2
262 3
263 4
264 2
266 2
267 6
270 1
271 2
272 12
274 1
275 1
277 3
278 2
281 5
283 1
284 2
285 2
287 2
288 1
289 1
290 4
291 2
293 3
294 2
296 1
298 1
299 1
302 2
303 1
304 1
305 4
307 1
308 1
312 1
318 1
319 1
320 1
322 1
323 1
326 1
329 3
330 1
332 1
333 2
334 3
336 1
338 2
341 1
342 1
344 1
345 1
346 3
347 2
349 2
350 1
351 1
352 1
353 1
354 11
356 1
358 1
359 1
360 3
361 1
363 4
366 1
367 1
368 1
371 1
372 1
373 2
375 3
376 1
377 1
378 2
380 1
381 3
382 2
383 1
384 4
385 2
386 3
387 2
388 2
389 3
390 1
392 2
393 1
396 1
397 6
398 3
399 4
400 1
401 2
404 3
408 1
410 2
411 2
412 2
413 1
414 2
415 1
416 2
417 1
418 2
420 3
422 3
423 1
424 1
425 2
426 1
428 2
429 5
430 1
431 3
433 1
434 1
435 1
436 1
437 1
439 2
441 1
444 1
445 1
449 3
450 1
451 1
452 2
454 1
459 1
460 2
461 2
462 2
463 2
465 2
466 1
467 2
468 3
469 2
473 9
474 2
475 1
477 3
478 1
483 2
487 1
488 1
489 2
490 1
491 1
492 1
493 4
500 1
502 2
503 2
504 1
505 6
506 1
507 1
508 1
511 1
512 1896
514 1
515 1
517 1
518 1
519 2
522 1
524 2
527 2
528 1
532 2
533 2
534 1
535 1
536 1
537 1
540 1
541 2
543 2
545 1
546 1
547 1
549 2
550 1
553 4
554 3
556 1
560 2
561 2
562 2
563 2
565 1
566 5
567 3
569 2
571 1
572 1
573 2
574 1
576 2
577 4
580 1
581 2
585 1
589 166
590 1
593 2
594 2
597 4
598 1
601 2
602 1
604 1
606 3
607 1
608 2
609 3
610 1
612 1
614 1
615 1
618 1
619 1
620 2
622 47
624 1
625 1
628 2
630 2
631 2
634 1
635 1
638 1
642 1
643 2
648 1
650 1
653 2
654 1
655 1
657 2
658 1
659 3
660 1
662 2
663 2
664 1
665 1
666 1
667 1
668 1
670 3
671 3
672 2
673 8
674 1
675 2
677 4
678 1
679 2
680 1
682 2
683 3
684 3
685 2
686 3
687 2
688 2
689 1
690 3
691 1
692 1
693 1
694 1
696 2
697 1
699 3
700 1
701 2
702 1
703 1
704 3
705 7
706 8
707 7
708 16
709 22
710 23
711 44
712 50
713 68
714 60
715 51
716 58
717 57
718 49
719 36
720 14
721 20
722 15
723 13
724 15
725 8
726 3
727 5
728 3
730 2
732 4
733 2
734 1
736 1
737 1
738 3
740 2
741 3
744 2
745 1
746 4
747 4
748 4
749 7
750 4
751 7
752 4
753 6
754 2
755 4
756 2
757 2
758 3
759 4
760 2
761 1
762 1
763 2
764 1
765 3
766 2
768 2
769 3
770 1
771 1
773 1
774 1
775 2
778 2
779 4
780 1
781 1
782 4
783 3
786 1
789 2
792 3
794 3
795 1
798 1
799 1
800 2
801 1
803 1
804 1
807 1
808 2
809 2
811 2
812 2
813 2
814 2
815 1
816 1
817 3
820 1
821 1
822 1
823 3
824 1
825 4
826 1
827 1
828 4
829 2
830 2
832 2
835 3
836 3
837 1
838 2
839 2
840 2
843 1
847 1
848 1
850 2
852 4
853 3
855 1
856 1
857 2
858 2
859 2
860 1
861 11
862 8
863 3
864 4
865 6
866 2
867 2
869 2
871 2
872 1
873 3
876 1
878 1
879 2
883 1
884 1
885 1
886 1
887 1
888 2
890 2
892 2
893 7
894 1
895 1
896 6
897 2
899 2
900 2
902 1
903 1
904 2
905 2
906 1
909 1
911 4
913 1
914 4
915 1
916 2
917 3
919 1
920 1
921 2
922 1
923 2
924 1
926 1
927 1
928 2
929 1
933 2
934 3
935 3
937 2
939 2
940 1
942 4
943 1
944 1
945 1
947 1
949 1
950 1
952 1
953 3
955 3
956 3
957 1
958 3
960 2
961 1
963 2
964 1
965 4
966 1
967 1
968 1
969 2
970 5
972 2
976 1
977 2
978 1
985 1
986 2
987 1
991 2
992 1
993 2
995 2
996 3
997 2
1000 1
1001 2
1002 1
1004 1
1005 2
1006 1
1007 2
1009 1
1010 1
1011 1
1013 3
1015 3
1016 1
1017 2
1020 1
1021 1
1022 1
1023 1
1024 70
1025 2
1026 3
1028 1
1029 1
1030 3
1031 1
1032 3
1034 2
1035 2
1037 1
1039 2
1040 2
1041 3
1042 1
1043 2
1044 2
1048 2
1050 1
1053 1
1055 1
1057 4
1058 2
1064 1
1065 1
1067 1
1072 1
1074 1
1077 2
1078 1
1079 3
1080 1
1081 1
1082 1
1083 1
1085 1
1088 2
1089 1
1090 1
1091 2
1092 1
1093 1
1094 1
1096 1
1097 1
1098 1
1099 1
1102 2
1104 4
1106 1
1107 3
1110 1
1111 7
1113 1
1114 4
1115 2
1117 1
1122 2
1123 1
1124 1
1127 2
1128 1
1130 1
1132 2
1133 2
1135 3
1137 1
1138 1
1139 1
1140 2
1142 1
1143 4
1144 2
1145 2
1147 2
1149 2
1150 2
1154 1
1155 1
1156 1
1157 1
1160 3
1162 1
1163 4
1164 1
1165 2
1167 2
1169 5
1172 2
1174 1
1176 1
1181 1
1183 3
1184 3
1186 2
1187 2
1193 1
1196 4
1197 2
1200 2
1201 4
1202 1
1204 1
1205 3
1207 3
1210 1
1211 1
1213 2
1214 1
1215 1
1216 2
1217 2
1218 1
1220 1
1221 1
1223 2
1224 1
1225 1
1226 1
1228 2
1229 1
1230 1
1232 3
1235 1
1239 2
1242 1
1245 1
1248 2
1250 1
1252 1
1253 3
1254 1
1255 1
1256 1
1257 3
1261 1
1262 1
1264 1
1267 1
1269 1
1270 1
1271 1
1272 1
1273 2
1277 1
1280 1
1283 1
1285 5
1287 1
1290 1
1291 1
1292 1
1293 1
1294 1
1297 2
1299 2
1301 2
1303 1
1306 1
1307 1
1308 1
1309 1
1311 1
1312 1
1314 1
1315 3
1316 2
1317 2
1320 1
1321 4
1322 1
1324 2
1326 2
1328 1
1332 1
1333 1
1336 1
1337 2
1338 1
1340 1
1341 2
1342 2
1343 2
1344 2
1345 2
1346 1
1348 2
1349 1
1350 1
1351 5
1352 1
1353 1
1355 1
1358 1
1359 1
1361 1
1364 5
1365 1
1366 2
1369 1
1371 1
1372 1
1374 2
1376 3
1378 1
1379 1
1380 1
1384 1
1385 1
1387 3
1390 1
1392 3
1394 2
1396 2
1399 4
1400 1
1406 2
1408 2
1409 1
1413 3
1416 2
1418 1
1419 1
1421 1
1422 3
1426 2
1427 2
1429 2
1430 3
1432 4
1437 1
1438 2
1440 3
1445 1
1446 2
1448 1
1450 2
1451 4
1453 3
1455 1
1456 1
1457 1
1458 3
1461 2
1462 3
1465 2
1469 1
1477 1
1478 1
1479 7
1480 2
1481 2
1483 1
1489 2
1492 1
1493 3
1495 2
1496 1
1497 4
1498 1
1500 2
1501 5
1504 1
1505 1
1507 2
1510 1
1513 1
1514 6
1517 1
1519 3
1520 1
1521 2
1522 1
1525 1
1526 1
1527 1
1529 3
1531 1
1532 2
1533 3
1534 1
1536 13
1537 6
1538 2
1539 2
1540 4
1541 1
1542 1
1543 1
1544 3
1545 2
1547 1
1549 1
1551 3
1552 4
1553 1
1555 1
1556 3
1558 6
1559 5
1560 1
1561 3
1562 2
1563 1
1565 4
1567 3
1568 1
1569 2
1570 2
1571 1
1572 1
1575 2
1576 1
1578 3
1579 1
1580 3
1581 3
1582 2
1583 2
1586 1
1588 1
1589 3
1590 5
1591 1
1592 2
1595 2
1596 1
1597 2
1598 2
1601 1
1602 3
1603 1
1604 2
1605 5
1606 1
1607 2
1609 2
1610 2
1614 1
1615 1
1616 1
1619 3
1621 1
1623 4
1625 1
1626 2
1629 1
1631 3
1632 5
1634 1
1636 1
1637 1
1638 1
1641 3
1642 4
1643 1
1644 4
1646 2
1648 3
1649 1
1650 2
1652 1
1653 2
1655 2
1656 2
1657 1
1658 1
1659 1
1662 1
1663 1
1664 1
1667 1
1671 1
1672 1
1673 3
1674 1
1676 3
1677 2
1679 1
1680 2
1681 1
1683 2
1684 2
1690 2
1693 3
1695 1
1697 1
1698 1
1699 1
1701 1
1703 2
1705 1
1706 1
1708 3
1709 1
1713 3
1714 1
1716 1
1720 1
1721 2
1723 1
1725 1
1728 2
1731 1
1732 1
1734 1
1735 1
1737 2
1739 3
1742 1
1743 1
1744 1
1746 2
1748 1
1750 1
1752 2
1754 1
1757 1
1758 2
1760 1
1761 2
1762 1
1763 1
1764 2
1765 2
1766 1
1769 1
1770 1
1772 3
1774 1
1775 1
1778 3
1780 2
1783 1
1784 1
1785 2
1786 1
1787 1
1788 2
1789 2
1790 1
1792 3
1795 1
1800 1
1804 2
1807 3
1810 1
1811 1
1813 1
1815 1
1818 1
1823 2
1825 2
1826 1
1828 7
1830 1
1831 1
1833 1
1834 1
1836 1
1842 1
1844 1
1845 1
1847 1
1848 1
1853 1
1854 1
1857 1
1859 1
1860 1
1861 3
1862 2
1865 1
1869 1
1872 1
1873 2
1877 1
1885 1
1886 1
1888 4
1889 3
1890 1
1892 1
1894 1
1895 4
1896 1
1898 3
1900 1
1902 1
1904 1
1905 1
1906 1
1907 2
1909 1
1911 1
1912 1
1914 1
1916 2
1917 1
1918 1
1920 1
1921 1
1922 1
1923 1
1925 1
1926 2
1928 1
1931 1
1932 1
1933 41
1934 1
1935 1
1937 1
1938 1
1941 1
1942 1
1943 1
1945 1
1946 1
1948 2
1950 1
1951 1
1952 1
1953 5
1955 2
1956 1
1957 1
1959 1
1961 4
1962 1
1963 2
1965 1
1966 1
1967 1
1970 2
1971 5
1976 2
1977 1
1978 2
1979 3
1983 3
1984 1
1985 1
1986 4
1987 1
1988 1
1989 1
1991 1
1993 2
1994 1
1995 1
1996 5
1997 58
1998 1
1999 2
2000 1
2002 1
2003 2
2010 1
2012 1
2015 1
2018 1
2019 1
2021 1
2022 2
2024 4
2029 2
2032 1
2034 2
2035 1
2037 1
2040 1
2043 1
2044 2
2047 1
2048 6
2049 1
2050 1
2052 2
2053 4
2054 2
2056 1
2059 1
2060 3
2061 1
2063 1
2067 1
2072 1
2075 1
2076 2
2077 1
2078 1
2080 1
2082 1
2083 1
2086 1
2087 1
2090 1
2091 2
2092 5
2095 2
2096 1
2098 1
2100 1
2101 1
2102 1
2104 1
2105 1
2106 1
2107 1
2113 1
2118 1
2119 1
2125 2
2131 2
2132 1
2133 1
2135 1
2136 1
2138 1
2142 3
2144 2
2148 1
2151 1
2153 1
2154 3
2156 1
2157 6
2159 1
2160 1
2161 1
2169 1
2170 2
2171 1
2173 2
2176 1
2179 2
2180 1
2181 2
2185 2
2187 1
2189 2
2190 31
2191 1
2195 1
2198 1
2199 2
2201 15
2202 1
2203 1
2204 3
2205 3
2206 1
2208 1
2210 1
2211 1
2212 4
2218 1
2221 2
2222 2
2224 1
2227 2
2230 1
2231 2
2232 1
2234 2
2237 1
2238 1
2239 1
2240 1
2243 1
2245 3
2246 3
2247 1
2248 1
2251 2
2254 1
2256 3
2259 1
2263 1
2266 1
2272 1
2276 1
2281 2
2282 1
2283 1
2285 1
2286 1
2287 1
2288 1
2291 2
2292 2
2293 1
2294 2
2296 2
2297 1
2299 2
2302 1
2309 2
2314 1
2315 1
2318 1
2322 1
2323 2
2326 1
2328 1
2333 1
2334 1
2336 1
2340 1
2343 2
2344 1
2347 1
2348 1
2350 1
2352 3
2354 1
2355 1
2357 1
2360 2
2361 1
2362 1
2363 1
2365 1
2366 1
2368 1
2374 2
2375 1
2377 2
2380 1
2383 1
2384 1
2386 1
2389 2
2390 1
2391 2
2394 1
2395 1
2398 1
2399 3
2400 1
2404 1
2405 1
2406 2
2407 1
2410 1
2412 1
2414 1
2418 2
2419 2
2420 1
2424 2
2426 3
2429 1
2431 1
2433 1
2437 1
2440 1
2441 3
2442 2
2443 2
2444 1
2445 2
2446 1
2448 1
2449 1
2454 1
2456 2
2457 1
2459 1
2465 2
2471 2
2476 2
2478 1
2484 1
2485 1
2486 1
2490 1
2491 1
2494 1
2495 1
2497 1
2500 1
2503 1
2504 1
2505 1
2506 1
2507 4
2515 1
2516 1
2517 1
2518 1
2520 1
2523 2
2524 1
2525 1
2528 2
2531 2
2533 2
2538 1
2540 2
2541 1
2545 1
2546 1
2548 4
2549 1
2554 1
2557 1
2558 1
2559 1
2560 2
2566 1
2570 1
2575 1
2577 2
2580 1
2584 1
2587 15
2590 1
2592 3
2594 2
2595 2
2596 1
2597 2
2599 1
2600 1
2601 1
2602 2
2603 2
2606 1
2608 1
2615 1
2616 1
2619 1
2620 1
2621 1
2624 2
2626 1
2627 1
2629 1
2630 1
2632 1
2633 1
2635 1
2637 1
2639 1
2640 2
2644 1
2646 1
2647 1
2649 2
2651 2
2652 1
2653 1
2654 4
2656 1
2661 1
2662 3
2663 1
2664 2
2665 1
2673 1
2678 2
2679 3
2680 4
2685 1
2687 1
2688 1
2691 1
2696 1
2701 1
2703 1
2708 1
2710 1
2716 2
2720 1
2721 1
2723 1
2724 1
2726 1
2728 1
2732 1
2748 1
2750 2
2753 1
2755 1
2756 1
2758 2
2759 2
2761 1
2762 2
2764 1
2766 2
2767 2
2769 1
2770 1
2772 3
2773 1
2774 1
2776 1
2777 1
2778 3
2785 1
2787 1
2790 1
2791 3
2794 1
2795 2
2798 1
2799 1
2802 1
2803 1
2806 1
2809 2
2811 1
2812 1
2814 5
2816 1
2818 2
2819 1
2820 2
2821 1
2822 1
2828 1
2830 3
2831 1
2832 1
2833 1
2834 1
2837 2
2838 1
2839 1
2842 1
2843 1
2845 2
2849 1
2856 1
2862 1
2864 1
2865 1
2867 1
2876 1
2882 1
2886 1
2887 1
2888 2
2889 1
2893 1
2894 1
2900 1
2909 1
2910 1
2912 1
2913 1
2914 2
2916 1
2921 2
2923 1
2924 1
2933 1
2934 2
2937 1
2940 1
2943 1
2946 1
2947 1
2948 1
2950 1
2954 1
2958 2
2959 1
2962 1
2968 1
2969 1
2972 1
2973 1
2979 1
2983 2
2984 1
2986 1
2988 1
2989 1
2991 1
2996 1
2998 1
3000 1
3010 1
3014 1
3020 3
3021 1
3024 1
3025 1
3027 1
3028 1
3032 1
3034 1
3035 1
3036 2
3040 1
3041 2
3042 1
3043 1
3046 1
3047 2
3052 1
3068 1
3070 1
3072 6
3074 1
3076 1
3077 2
3080 2
3082 1
3086 1
3087 4
3089 1
3091 1
3092 2
3094 2
3097 1
3100 1
3101 1
3103 1
3104 1
3105 1
3106 2
3108 1
3109 1
3110 1
3111 1
3112 1
3113 1
3115 1
3116 1
3120 1
3121 1
3123 1
3128 1
3129 1
3131 1
3132 1
3134 2
3136 1
3137 1
3139 1
3140 1
3142 2
3145 1
3148 1
3151 1
3155 1
3158 2
3164 1
3166 1
3169 1
3171 1
3177 3
3179 2
3182 1
3184 1
3185 1
3191 1
3192 1
3193 1
3196 1
3199 1
3200 1
3207 1
3209 1
3210 1
3218 1
3219 1
3220 2
3221 2
3222 1
3227 1
3231 1
3233 2
3249 2
3251 2
3253 1
3254 1
3256 1
3260 2
3262 2
3268 1
3269 1
3272 1
3273 1
3274 1
3275 1
3283 1
3288 2
3290 1
3291 1
3293 3
3295 1
3296 2
3302 2
3305 2
3308 3
3310 1
3311 2
3313 1
3314 1
3317 1
3322 1
3324 1
3326 3
3327 1
3329 2
3334 2
3338 1
3342 1
3343 2
3346 1
3349 1
3351 1
3363 2
3369 1
3373 1
3376 2
3378 1
3381 1
3383 1
3385 1
3386 1
3389 2
3390 1
3395 2
3396 2
3403 1
3404 1
3405 1
3406 1
3410 1
3413 1
3416 1
3420 1
3422 1
3423 1
3428 1
3429 1
3431 1
3432 1
3439 1
3440 2
3441 2
3444 1
3445 1
3446 1
3453 1
3464 1
3466 2
3467 1
3468 1
3474 1
3478 1
3479 1
3484 1
3487 1
3488 1
3489 1
3491 1
3494 1
3500 1
3503 1
3504 1
3505 1
3507 2
3508 2
3509 1
3512 1
3515 1
3522 2
3523 2
3528 1
3533 1
3534 2
3535 1
3536 1
3537 1
3538 1
3544 1
3545 1
3549 2
3552 2
3554 1
3556 1
3557 1
3560 1
3561 1
3562 1
3569 2
3573 1
3580 1
3584 2
3589 1
3590 2
3591 1
3594 1
3596 1
3598 1
3601 1
3603 1
3605 1
3607 1
3608 2
3613 1
3616 1
3617 2
3623 1
3624 1
3627 1
3629 1
3630 1
3633 1
3636 1
3640 1
3654 1
3655 1
3656 2
3658 1
3662 1
3666 1
3669 2
3670 1
3673 2
3675 1
3676 1
3677 1
3679 2
3682 1
3688 1
3689 1
3692 1
3693 1
3694 1
3698 1
3702 1
3703 1
3710 1
3712 1
3713 1
3716 1
3717 1
3725 2
3728 1
3734 1
3736 4
3737 2
3738 2
3740 1
3743 1
3746 1
3747 1
3749 1
3752 1
3754 2
3758 1
3765 1
3768 1
3772 1
3774 1
3776 1
3778 1
3779 1
3787 2
3790 2
3798 2
3800 1
3802 1
3804 3
3806 1
3815 1
3818 2
3833 2
3840 1
3844 1
3845 1
3849 1
3850 1
3851 1
3854 3
3860 1
3865 1
3871 1
3874 1
3877 1
3878 1
3884 1
3887 1
3892 1
3903 1
3905 1
3907 1
3908 1
3909 1
3913 3
3919 1
3923 2
3930 1
3932 1
3934 2
3936 2
3952 1
3955 1
3963 2
3964 1
3965 1
3967 1
3972 1
3980 1
3984 1
3989 1
3990 1
3995 1
3996 1
3999 1
4001 1
4002 1
4007 1
4014 1
4015 2
4017 1
4019 1
4026 2
4028 1
4030 1
4034 1
4036 1
4042 1
4048 1
4049 2
4053 1
4057 1
4064 1
4067 1
4070 1
4076 1
4078 1
4080 1
4081 1
4084 2
4090 3
4093 1
4095 2
4096 3
4099 1
4100 2
4101 1
4107 1
4111 1
4115 6
4117 1
4118 4
4120 2
4123 1
4125 8
4128 4
4134 1
4135 2
4137 1
4139 2
4140 6
4143 5
4145 1
4148 1
4149 1
4150 6
4153 4
4158 1
4160 2
4162 1
4171 1
4174 1
4176 1
4178 1
4180 1
4182 1
4184 2
4192 5
4193 1
4195 1
4200 2
4201 1
4203 1
4207 3
4212 1
4213 2
4216 2
4218 1
4220 1
4221 1
4222 1
4228 1
4239 1
4247 1
4249 1
4259 1
4260 1
4265 1
4272 1
4274 1
4279 1
4281 1
4283 1
4289 1
4290 1
4294 2
4299 1
4301 2
4310 1
4311 1
4319 1
4322 1
4327 1
4329 1
4338 1
4343 1
4346 1
4354 1
4359 1
4367 1
4376 1
4383 1
4388 1
4389 1
4391 1
4403 1
4413 1
4414 1
4416 1
4417 2
4418 1
4430 1
4445 1
4455 1
4458 1
4463 1
4465 1
4467 1
4483 1
4499 1
4500 1
4501 1
4506 1
4512 1
4517 1
4523 1
4527 1
4528 1
4545 1
4547 7
4555 1
4565 9
4566 1
4567 1
4573 1
4575 1
4577 1
4580 1
4584 2
4585 1
4588 1
4589 1
4593 1
4594 1
4598 1
4607 1
4608 2
4609 1
4615 1
4617 2
4618 1
4619 1
4620 1
4629 3
4630 1
4631 1
4632 1
4636 2
4638 3
4648 1
4653 1
4663 1
4664 1
4670 1
4671 2
4672 1
4691 3
4695 1
4696 1
4706 1
4708 1
4709 1
4710 1
4729 1
4732 1
4733 1
4754 1
4759 1
4778 1
4779 2
4781 1
4787 1
4788 1
4791 2
4793 1
4820 1
4822 1
4824 1
4837 1
4848 2
4855 1
4860 1
4866 1
4872 1
4873 1
4881 1
4884 1
4896 1
4902 1
4905 1
4911 1
4919 2
4920 1
4928 1
4938 1
4947 1
4948 1
4952 1
4956 1
4979 1
4989 1
4991 2
4994 1
4997 1
4998 1
4999 1
5003 1
5007 1
5011 1
5016 1
5017 1
5043 1
5044 2
5048 1
5059 1
5072 1
5075 1
5080 1
5091 1
5095 2
5099 1
5104 2
5108 1
5116 1
5118 1
5120 18
5123 4
5127 1
5135 1
5140 1
5148 2
5163 1
5164 3
5168 2
5185 1
5186 2
5194 1
5195 1
5196 1
5207 1
5214 1
5216 1
5222 1
5225 2
5227 2
5228 1
5229 1
5232 1
5241 1
5243 1
5254 1
5258 1
5260 1
5277 1
5286 1
5287 1
5288 1
5303 1
5304 1
5310 1
5317 1
5318 1
5329 1
5332 1
5338 1
5346 1
5347 1
5348 1
5352 2
5353 1
5356 1
5359 1
5366 1
5396 1
5401 1
5404 1
5420 1
5423 1
5433 2
5434 1
5436 1
5442 1
5450 1
5451 1
5465 1
5466 1
5468 1
5474 1
5480 2
5500 2
5510 3
5517 1
5526 1
5534 1
5540 1
5544 1
5546 1
5554 1
5569 1
5570 1
5572 1
5578 1
5579 1
5585 1
5588 2
5592 1
5599 1
5605 1
5618 1
5620 1
5624 1
5626 1
5628 1
5632 1
5643 1
5645 1
5648 1
5651 1
5660 1
5662 1
5667 1
5668 1
5672 1
5673 1
5678 1
5692 1
5700 2
5701 1
5705 1
5710 1
5720 1
5723 1
5733 1
5734 1
5736 2
5740 1
5743 1
5744 1
5748 1
5749 1
5750 1
5765 1
5768 1
5769 1
5772 2
5785 1
5790 1
5791 1
5792 2
5814 1
5816 1
5817 1
5818 1
5819 1
5848 1
5849 1
5856 1
5874 1
5878 1
5883 1
5884 1
5892 1
5898 1
5900 1
5909 1
5916 2
5918 1
5920 1
5930 1
5937 1
5938 1
5940 1
5945 1
5946 1
5956 1
5964 1
5973 2
5982 1
5984 1
5988 1
5990 1
5992 1
6004 1
6005 1
6011 1
6012 1
6021 1
6023 1
6026 1
6036 1
6048 1
6050 1
6056 1
6060 1
6076 1
6086 1
6087 1
6093 1
6096 1
6116 1
6121 1
6122 1
6124 1
6127 2
6162 1
6164 1
6169 1
6173 1
6174 1
6178 1
6183 1
6188 1
6194 2
6199 1
6203 1
6204 2
6211 1
6219 1
6224 1
6234 1
6237 1
6240 1
6260 2
6261 1
6264 3
6268 1
6272 1
6277 1
6284 1
6288 1
6302 1
6319 1
6321 1
6322 1
6328 1
6330 1
6331 2
6332 1
6336 2
6340 2
6349 1
6353 1
6360 1
6375 1
6376 1
6392 2
6395 2
6400 1
6405 1
6406 1
6409 1
6411 1
6412 10
6413 1
6418 26
6428 1
6429 1
6430 2
6431 1
6433 1
6439 1
6440 1
6443 1
6444 1
6447 1
6451 1
6452 1
6455 1
6458 1
6472 1
6473 1
6480 1
6481 1
6490 1
6491 1
6492 1
6505 1
6506 2
6508 1
6510 1
6531 2
6535 1
6556 1
6567 1
6568 1
6570 1
6572 1
6574 1
6580 1
6584 2
6586 1
6595 1
6602 1
6607 2
6609 1
6616 1
6621 2
6623 1
6633 1
6634 2
6640 1
6648 1
6654 1
6656 1
6659 1
6664 1
6674 1
6682 1
6690 1
6704 2
6706 1
6707 2
6712 1
6716 2
6719 1
6722 1
6725 1
6726 1
6729 1
6732 1
6733 1
6736 1
6739 1
6740 1
6741 1
6744 1
6746 1
6753 1
6758 3
6759 1
6763 1
6764 2
6771 1
6773 1
6777 1
6784 1
6792 1
6796 1
6798 1
6800 1
6801 1
6802 1
6804 1
6811 1
6812 1
6813 1
6815 1
6816 1
6820 1
6821 1
6840 1
6841 2
6850 1
6862 2
6871 1
6877 2
6879 1
6882 1
6884 3
6896 1
6907 1
6913 1
6921 1
6925 1
6930 1
6936 1
6942 1
6947 2
6952 1
6961 1
6962 1
6967 1
6968 1
6984 1
6992 2
7005 1
7010 1
7013 1
7026 2
7032 1
7056 1
7064 2
7074 1
7080 1
7087 1
7095 1
7097 1
7112 1
7120 1
7124 1
7128 2
7141 1
7142 1
7149 1
7168 2
7197 1
7218 1
7220 1
7227 2
7240 1
7244 3
7251 1
7257 2
7259 1
7262 1
7298 1
7300 1
7370 1
7377 1
7397 1
7404 1
7426 1
7445 1
7448 2
7453 1
7460 1
7468 1
7474 1
7480 1
7492 3
7500 1
7512 1
7520 1
7542 1
7556 1
7569 1
7575 2
7584 1
7591 1
7592 1
7598 1
7604 1
7605 2
7616 1
7619 1
7622 1
7627 1
7629 2
7639 2
7645 1
7650 1
7662 1
7671 1
7689 1
7692 1
7698 1
7710 1
7720 1
7744 1
7747 1
7748 1
7751 1
7778 1
7788 1
7794 1
7803 1
7817 1
7834 1
7851 1
7877 1
7878 1
7887 1
7895 1
7907 1
7914 1
7921 1
7924 1
7928 1
7932 1
7933 1
7936 1
7955 1
7968 1
7979 1
7993 1
8004 1
8020 1
8032 1
8053 1
8057 1
8062 1
8072 1
8073 2
8082 1
8084 1
8088 1
8089 1
8096 1
8102 1
8103 1
8112 1
8115 1
8125 1
8138 1
8148 1
8152 1
8156 3
8165 1
8169 1
8176 1
8185 1
8186 1
8192 1
8196 1
8197 1
8216 1
8220 2
8221 1
8225 1
8227 1
8232 1
8233 1
8237 1
8249 1
8256 1
8278 1
8281 1
8283 1
8288 1
8320 1
8337 1
8356 1
8368 1
8370 1
8381 1
8384 1
8390 1
8399 1
8416 1
8417 1
8420 1
8450 1
8452 1
8456 1
8460 1
8463 1
8497 1
8498 1
8503 1
8504 1
8512 1
8516 5
8521 1
8537 1
8563 1
8594 1
8626 1
8630 1
8631 1
8637 1
8656 1
8660 1
8665 1
8668 1
8676 1
8685 1
8687 1
8692 1
8699 1
8701 2
8715 1
8727 1
8741 1
8747 1
8757 1
8759 1
8767 1
8768 1
8776 1
8777 1
8779 1
8782 1
8783 1
8784 1
8785 1
8791 1
8808 1
8833 1
8841 1
8844 1
8849 1
8862 1
8864 1
8872 1
8874 1
8887 1
8902 1
8923 1
8931 1
8936 1
8939 1
8956 1
8958 1
8967 1
8974 1
8976 1
8977 1
8993 1
8994 1
9002 1
9004 1
9005 1
9022 1
9038 1
9043 1
9051 1
9058 1
9060 1
9061 1
9081 1
9083 1
9092 1
9095 3
9096 1
9097 1
9101 1
9104 1
9110 1
9135 1
9142 1
9144 1
9146 1
9152 1
9156 2
9162 1
9167 1
9168 2
9170 1
9172 1
9176 1
9179 1
9182 1
9198 1
9201 1
9220 1
9241 1
9244 1
9247 1
9258 2
9262 1
9264 1
9284 1
9309 1
9316 1
9323 1
9355 1
9374 1
9390 1
9392 1
9393 1
9405 1
9413 1
9431 1
9433 1
9434 1
9451 1
9454 2
9456 1
9467 1
9470 1
9472 1
9486 1
9488 1
9492 1
9499 1
9506 1
9509 1
9518 1
9531 1
9534 1
9536 2
9540 4
9552 1
9554 1
9559 1
9568 1
9576 1
9580 1
9587 1
9606 1
9609 1
9610 1
9616 1
9623 1
9625 1
9627 1
9633 1
9635 1
9642 1
9644 1
9650 1
9652 3
9655 1
9665 1
9670 1
9676 1
9683 1
9691 1
9696 1
9701 1
9713 1
9737 1
9738 1
9760 3
9769 1
9812 1
9825 1
9829 1
9840 1
9856 1
9867 1
9876 1
9877 1
9882 1
9894 1
9896 3
9909 1
9910 1
9914 1
9919 1
9920 1
9928 1
9934 1
9942 1
9954 1
9963 1
9968 2
9970 1
9975 1
9981 1
9994 1
10000 2
10006 1
10007 1
10012 1
10023 1
10036 1
10037 1
10056 1
10062 1
10064 1
10068 1
10092 1
10093 1
10100 1
10101 1
10104 1
10108 1
10112 1
10119 1
10122 1
10126 1
10132 1
10136 4
10140 1
10144 1
10148 1
10152 3
10156 1
10160 3
10164 1
10168 2
10171 1
10172 2
10176 2
10180 1
10184 12
10188 1
10192 2
10198 1
10204 1
10208 1
10214 1
10220 1
10224 1
10232 1
10236 2
10240 1
10248 1
10256 1
10258 1
10260 1
10277 1
10280 1
10300 1
10308 1
10312 1
10320 1
10332 1
10335 2
10360 1
10375 1
10388 1
10395 1
10408 1
10427 1
10438 1
10449 1
10457 1
10463 1
10468 1
10472 3
10486 1
10512 1
10516 1
10525 2
10537 2
10546 1
10549 1
10555 1
10560 2
10564 4
10570 1
10584 1
10587 1
10597 1
10612 1
10629 1
10638 1
10640 1
10650 1
10655 1
10664 1
10672 1
10680 1
10685 1
10688 1
10692 1
10704 1
10707 1
10716 1
10741 1
10756 1
10768 1
10784 1
10786 1
10801 1
10815 1
10820 2
10828 1
10832 1
10846 1
10848 1
10853 1
10865 1
10899 1
10901 1
10903 1
10928 1
10942 1
10943 1
10950 1
10968 2
10979 1
11016 1
11017 1
11022 1
11036 1
11038 1
11046 1
11072 1
11074 1
11076 2
11088 1
11092 1
11094 1
11097 1
11099 1
11125 1
11136 1
11144 1
11152 1
11168 1
11172 2
11188 2
11192 1
11198 1
11245 1
11250 1
11260 1
11268 2
11272 1
11275 1
11279 1
11280 1
11288 1
11296 1
11300 1
11308 1
11309 1
11312 3
11318 1
11324 2
11331 1
11332 1
11339 1
11340 1
11353 1
11360 1
11366 1
11380 1
11381 1
11431 1
11432 2
11436 1
11444 1
11472 1
11488 1
11500 1
11504 1
11528 1
11538 1
11540 1
11548 1
11552 1
11554 1
11559 1
11564 1
11568 3
11571 1
11572 1
11580 1
11584 1
11588 4
11592 2
11596 1
11600 2
11604 3
11612 3
11618 1
11620 1
11624 4
11628 1
11632 4
11636 1
11640 2
11644 1
11648 3
11650 1
11656 3
11660 2
11668 1
11672 2
11676 1
11678 1
11680 1
11684 1
11688 1
11692 2
11696 1
11704 3
11708 1
11712 1
11724 2
11728 3
11732 1
11736 2
11740 1
11744 2
11747 1
11748 4
11752 2
11756 3
11760 1
11768 2
11772 3
11779 1
11784 1
11788 1
11792 1
11805 1
11808 2
11812 1
11824 3
11832 1
11844 1
11860 1
11862 1
11864 1
11885 1
11897 1
11908 1
11920 2
11924 1
11936 1
11939 1
11940 1
11944 1
11952 1
11956 1
11962 1
11976 1
11980 2
11984 2
11988 1
11991 1
11992 1
11996 1
11998 1
12000 1
12016 1
12017 1
12020 1
12024 1
12028 1
12036 1
12040 1
12052 3
12067 1
12072 1
12073 1
12084 1
12092 1
12096 2
12100 2
12120 2
12124 4
12128 4
12129 1
12132 1
12136 1
12140 2
12144 1
12147 1
12148 1
12176 1
12180 1
12181 1
12189 1
12192 1
12215 2
12216 1
12219 1
12220 1
12224 2
12228 1
12248 1
12254 1
12264 1
12276 1
12278 1
12288 2
12292 4
12300 1
12312 1
12316 1
12320 2
12324 4
12328 2
12332 2
12336 2
12340 2
12344 4
12347 1
12348 2
12352 7
12356 4
12360 2
12372 3
12374 1
12376 3
12380 1
12384 3
12388 6
12392 1
12399 1
12409 1
12412 1
12418 1
12420 7
12432 2
12433 1
12444 1
12448 2
12452 5
12456 2
12468 1
12477 1
12482 1
12484 1
12496 1
12504 1
12508 1
12520 2
12532 1
12536 2
12548 1
12550 1
12552 1
12559 1
12560 1
12572 2
12580 1
12588 1
12608 1
12612 2
12616 1
12617 1
12624 2
12628 2
12632 1
12636 1
12640 2
12648 1
12660 1
12664 4
12671 1
12672 1
12680 1
12684 1
12693 1
12704 1
12712 1
12720 2
12728 2
12731 1
12740 1
12763 1
12768 1
12771 1
12788 1
12800 1
12804 1
12812 1
12816 1
12820 2
12828 1
12846 1
12852 2
12860 1
12864 1
12875 1
12876 1
12884 1
12888 3
12891 1
12892 2
12896 2
12900 2
12904 3
12907 1
12908 1
12916 2
12920 3
12928 1
12932 3
12936 1
12938 1
12940 1
12944 5
12948 2
12952 1
12963 1
12964 2
12968 3
12976 3
12984 2
12988 1
12992 1
12996 1
13000 1
13004 3
13010 1
13016 1
13024 2
13028 1
13032 1
13036 1
13040 1
13043 1
13044 1
13048 1
13060 1
13062 1
13064 1
13068 2
13070 1
13072 1
13076 1
13080 4
13084 1
13092 2
13096 1
13100 2
13104 2
13108 1
13112 2
13116 2
13123 1
13128 1
13132 1
13136 1
13146 1
13154 1
13156 5
13164 1
13168 2
13170 1
13188 1
13192 3
13196 1
13200 2
13204 1
13212 1
13220 13
13224 1
13230 1
13240 1
13252 1
13266 1
13272 1
13280 1
13283 1
13284 3
13292 1
13296 1
13301 2
13304 1
13305 1
13306 1
13309 1
13312 1
13316 1
13318 1
13320 1
13324 2
13328 1
13332 1
13348 1
13372 1
13388 2
13392 1
13400 1
13412 2
13416 2
13420 1
13424 1
13428 1
13429 1
13430 1
13440 1
13444 2
13448 1
13452 3
13455 1
13456 4
13457 1
13468 2
13472 1
13476 3
13479 1
13484 1
13492 1
13504 1
13505 1
13508 2
13512 3
13516 2
13520 1
13524 3
13528 5
13532 5
13536 1
13540 3
13544 2
13548 3
13551 1
13556 1
13560 3
13563 1
13564 2
13566 1
13568 2
13572 1
13576 1
13580 1
13584 2
13585 1
13588 2
13592 2
13596 3
13600 1
13604 2
13612 2
13616 5
13620 1
13624 4
13628 2
13632 2
13636 1
13640 2
13644 5
13648 5
13652 7
13656 4
13660 4
13663 1
13664 2
13668 1
13672 1
13676 2
13680 1
13684 3
13692 2
13696 1
13700 2
13701 1
13704 2
13708 1
13716 3
13720 1
13721 1
13724 1
13728 3
13732 2
13736 2
13740 5
13744 1
13748 5
13752 2
13756 2
13760 2
13764 1
13768 2
13772 1
13776 1
13777 1
13780 2
13784 1
13788 2
13792 1
13798 1
13804 1
13812 5
13816 1
13820 2
13828 1
13831 1
13832 3
13836 1
13844 1
13848 1
13852 3
13856 3
13860 4
13864 3
13868 2
13872 2
13876 4
13880 1
13884 1
13888 2
13892 2
13896 3
13900 1
13904 1
13910 1
13912 2
13920 4
13924 1
13928 1
13932 3
13940 1
13948 1
13952 1
13968 1
13972 2
13977 1
13980 1
13984 1
13996 1
13997 1
14000 1
14001 1
14012 1
14020 1
14028 1
14032 1
14034 1
14036 2
14044 1
14047 1
14048 3
14052 1
14056 1
14060 2
14064 1
14068 1
14072 1
14080 3
14084 2
14088 1
14092 1
14096 3
14100 1
14104 2
14112 2
14116 4
14120 1
14124 2
14128 2
14132 1
14136 3
14140 3
14151 1
14152 4
14154 1
14156 2
14160 1
14164 3
14168 1
14172 3
14176 3
14180 1
14184 1
14188 2
14192 2
14196 2
14200 6
14203 2
14204 3
14208 4
14212 2
14215 1
14216 3
14220 2
14224 1
14228 2
14232 2
14236 1
14240 2
14244 1
14248 5
14250 1
14252 2
14256 2
14259 1
14260 1
14264 1
14268 1
14276 3
14280 5
14284 4
14288 5
14292 2
14296 2
14300 1
14304 3
14308 5
14309 1
14312 3
14316 2
14320 1
14324 3
14328 3
14332 2
14336 1
14337 1
14340 3
14344 1
14348 1
14352 3
14356 1
14360 1
14364 2
14368 1
14372 2
14376 2
14380 3
14384 2
14392 3
14400 3
14401 1
14404 1
14408 3
14412 2
14416 3
14420 1
14424 2
14428 1
14432 4
14440 1
14444 9
14448 4
14460 3
14467 1
14468 4
14472 2
14476 3
14480 3
14484 1
14488 2
14492 1
14496 1
14500 4
14504 1
14508 1
14512 4
14515 1
14516 2
14520 2
14524 2
14528 1
14536 1
14540 1
14544 1
14548 1
14556 2
14564 3
14568 3
14572 1
14580 1
14584 1
14592 1
14596 1
14600 2
14604 2
14612 2
14616 2
14618 1
14620 2
14624 1
14627 1
14628 1
14632 1
14636 2
14640 2
14644 5
14652 1
14660 2
14666 1
14668 1
14669 1
14672 1
14676 2
14679 1
14680 1
14684 1
14688 1
14692 2
14696 1
14697 1
14700 1
14708 1
14712 2
14716 1
14732 2
14736 2
14740 1
14743 1
14744 1
14753 1
14756 1
14760 1
14764 3
14780 2
14784 2
14796 1
14800 1
14802 1
14808 2
14812 2
14816 2
14820 1
14824 1
14832 1
14848 1
14852 1
14856 1
14860 2
14861 1
14872 1
14884 1
14888 1
14892 1
14896 1
14904 1
14912 1
14916 3
14920 2
14924 1
14928 1
14936 3
14937 1
14940 1
14944 2
14948 2
14952 1
14968 3
14988 2
14996 1
15000 1
15004 1
15020 2
15036 3
15040 1
15044 1
15048 1
15056 2
15060 1
15064 1
15071 1
15072 2
15078 1
15080 3
15084 2
15088 1
15092 2
15096 2
15104 1
15109 1
15112 2
15116 1
15117 3
15120 1
15127 1
15128 2
15132 4
15140 1
15144 2
15148 3
15152 1
15156 4
15160 3
15164 4
15168 3
15172 2
15176 1
15180 2
15188 2
15189 1
15192 1
15196 2
15208 1
15212 1
15224 1
15228 1
15232 1
15237 1
15248 1
15256 1
15264 1
15267 1
15268 2
15276 1
15280 1
15284 1
15288 1
15292 1
15297 1
15298 1
15308 2
15311 1
15312 1
15313 1
15316 2
15320 1
15321 1
15324 2
15336 1
15339 1
15340 2
15344 1
15348 3
15352 1
15356 2
15357 1
15358 1
15360 2
15364 2
15366 1
15368 1
15376 4
15384 2
15385 1
15403 1
15404 1
15408 2
15412 1
15413 2
15420 2
15422 1
15436 3
15443 1
15452 1
15460 2
15464 3
15465 1
15468 1
15476 2
15480 2
15482 1
15488 3
15492 1
15496 2
15500 2
15504 4
15512 1
15520 3
15528 2
15531 1
15532 1
15536 2
15544 2
15548 2
15552 1
15556 2
15577 1
15581 1
15584 2
15593 1
15604 1
15608 4
15612 1
15614 1
15616 1
15620 1
15628 1
15632 3
15635 1
15636 2
15637 1
15640 2
15643 1
15644 1
15648 2
15652 2
15656 1
15664 1
15676 1
15679 1
15684 2
15688 2
15695 1
15696 2
15700 2
15704 1
15708 1
15720 1
15723 1
15724 2
15732 1
15740 1
15742 1
15744 3
15748 3
15752 3
15760 2
15764 2
15768 1
15776 2
15780 1
15788 1
15792 1
15796 3
15800 5
15804 3
15808 1
15812 5
15816 2
15820 1
15824 3
15832 1
15840 2
15844 1
15848 1
15854 1
15856 2
15860 1
15864 2
15868 1
15872 2
15876 3
15880 4
15890 1
15892 1
15896 2
15897 1
15900 3
15901 1
15904 2
15906 1
15908 2
15912 1
15916 1
15920 2
15924 2
15928 1
15932 2
15936 1
15940 1
15944 1
15948 1
15952 2
15964 2
15967 1
15968 4
15972 1
15980 1
15984 1
15996 1
16000 1
16004 1
16008 2
16012 1
16016 3
16020 1
16028 1
16032 1
16036 1
16044 1
16048 1
16050 1
16052 2
16056 1
16064 1
16068 2
16084 2
16088 2
16092 1
16100 1
16104 2
16108 4
16112 3
16116 2
16120 1
16144 1
16148 6
16152 1
16160 1
16180 2
16184 1
16192 1
16193 1
16207 1
16212 1
16236 1
16243 1
16244 1
16248 1
16256 1
16257 1
16264 1
16276 1
16292 2
16300 1
16303 1
16304 1
16309 1
16312 1
16316 2
16324 1
16328 1
16332 2
16335 1
16336 1
16340 3
16344 1
16348 1
16352 1
16368 1
16372 1
16376 1
16379 1
16383 1
16388 2
16392 1
16396 1
16397 1
16400 1
16401 1
16404 2
16407 1
16408 3
16412 2
16420 4
16424 1
16428 2
16436 1
16440 1
16460 2
16468 2
16484 1
16488 3
16491 1
16492 1
16508 2
16509 1
16516 3
16520 2
16532 3
16536 1
16540 1
16544 1
16548 1
16558 1
16568 1
16572 1
16575 1
16584 2
16592 1
16600 1
16604 1
16608 1
16620 1
16624 1
16628 1
16636 2
16639 1
16640 1
16644 2
16648 1
16652 2
16660 4
16664 2
16676 1
16696 3
16700 1
16708 3
16712 2
16716 1
16720 2
16721 1
16724 2
16728 2
16732 2
16733 1
16736 2
16740 1
16758 1
16764 1
16768 2
16776 4
16783 1
16788 1
16792 3
16796 1
16800 1
16804 1
16808 1
16812 3
16822 1
16824 3
16832 1
16836 3
16840 2
16844 1
16848 1
16856 1
16864 2
16868 1
16872 1
16876 1
16884 1
16885 1
16894 1
16896 1
16900 1
16907 1
16908 1
16932 1
16956 1
16972 1
16976 1
16980 1
16992 1
16994 1
16996 1
16998 1
17000 1
17024 1
17040 1
17044 1
17046 1
17048 1
17060 3
17067 1
17087 1
17095 1
17116 2
17128 1
17140 1
17144 1
17155 1
17156 1
17160 1
17164 1
17172 1
17188 4
17196 1
17204 1
17228 1
17230 1
17231 1
17256 1
17260 2
17276 1
17280 1
17286 1
17292 1
17296 1
17300 2
17312 1
17316 1
17320 1
17324 2
17332 1
17339 1
17348 1
17356 1
17364 1
17384 1
17388 1
17396 1
17404 1
17408 1
17416 1
17419 1
17420 1
17424 1
17428 2
17431 1
17432 1
17444 1
17452 1
17456 1
17460 1
17504 1
17517 1
17532 1
17540 1
17569 1
17572 2
17580 2
17600 1
17608 1
17612 1
17624 1
17637 1
17644 1
17664 1
17676 1
17768 1
17776 1
17782 1
17792 1
17807 1
17812 1
17822 1
17839 1
17840 1
17848 1
17856 1
17874 1
17876 1
17878 1
17892 1
17919 1
17920 1
17936 1
17940 1
17942 1
17943 1
17945 1
17968 1
17983 1
17984 1
17996 1
18016 1
18024 1
18046 1
18068 3
18069 1
18070 1
18071 1
18072 2
18084 1
18096 1
18103 1
18108 1
18118 1
18120 1
18134 1
18139 1
18144 1
18152 1
18168 1
18184 1
18188 1
18196 1
18197 1
18204 1
18211 1
18216 1
18220 1
18236 1
18237 5
18240 1
18249 1
18252 1
18260 1
18264 1
18268 1
18304 1
18306 1
18308 1
18320 1
18321 1
18328 1
18332 1
18348 1
18356 1
18376 1
18400 2
18412 1
18420 1
18427 1
18428 1
18444 1
18454 1
18459 1
18482 1
18496 1
18500 2
18532 1
18540 1
18548 2
18564 1
18576 1
18602 1
18616 1
18632 1
18633 1
18660 1
18694 1
18700 1
18704 1
18728 1
18774 1
18800 1
18826 1
18832 1
18833 2
18836 1
18840 4
18848 1
18852 1
18856 1
18863 1
18878 1
18888 1
18908 1
18912 1
18920 2
18932 2
18956 1
18957 1
18961 1
18972 1
19012 1
19060 1
19063 1
19076 1
19090 1
19096 1
19120 1
19124 1
19125 1
19132 1
19140 1
19198 1
19236 1
19258 1
19296 1
19309 1
19331 1
19336 1
19356 1
19358 1
19379 1
19383 1
19402 1
19420 1
19448 1
19462 1
19564 1
19572 1
19585 1
19592 1
19607 1
19616 1
19669 1
19680 1
19752 1
19755 1
19758 1
19822 1
19838 1
19841 1
19880 1
19891 1
19894 1
20000 1
20016 1
20078 1
20084 1
20100 1
20117 1
20164 1
20168 1
20172 1
20224 1
20268 1
20316 1
20336 1
20345 1
20376 1
20388 1
20391 1
20393 1
20408 1
20444 1
20448 1
20540 1
20554 1
20560 1
20572 2
20585 1
20620 1
20625 1
20640 1
20642 1
20648 1
20656 1
20665 1
20692 1
20712 2
20744 1
20760 1
20772 1
20796 1
20816 1
20824 1
20852 1
20856 1
20864 1
20868 1
20876 1
20880 1
20886 1
20924 1
20927 1
20978 1
21004 1
21008 1
21028 1
21040 1
21060 1
21068 1
21081 1
21089 1
21092 1
21112 1
21115 1
21152 1
21160 1
21183 1
21272 2
21274 1
21288 4
21292 1
21294 1
21296 2
21320 1
21340 1
21344 3
21362 1
21376 1
21384 1
21396 1
21400 1
21412 2
21428 1
21453 1
21476 1
21496 1
21540 1
21548 2
21560 1
21628 1
21707 1
21712 1
21754 1
21794 2
21816 1
21892 1
21900 1
21904 1
21908 1
21912 1
21920 2
21928 1
21940 1
21964 1
22002 1
22100 1
22132 1
22144 1
22148 1
22164 1
22180 1
22188 1
22200 1
22224 1
22227 2
22235 1
22238 1
22240 1
22276 1
22324 1
22330 1
22336 1
22380 2
22384 1
22396 1
22404 1
22428 1
22467 1
22469 1
22480 1
22481 1
22496 1
22507 1
22517 1
22535 1
22536 1
22539 1
22542 1
22544 1
22546 1
22552 1
22580 1
22588 1
22608 1
22628 1
22640 1
22728 1
22749 1
22764 1
22796 1
22828 1
22867 1
22932 1
22938 1
22944 1
22976 1
22984 1
23012 1
23028 1
23108 1
23110 1
23112 3
23116 2
23144 1
23148 1
23156 1
23184 1
23192 1
23228 1
23236 1
23244 1
23246 1
23248 1
23260 1
23276 1
23337 2
23389 1
23394 1
23496 1
23564 1
23572 1
23586 1
23601 1
23604 1
23616 1
23645 1
23651 1
23652 1
23663 1
23684 1
23685 1
23708 1
23723 1
23731 1
23732 1
23740 1
23773 1
23811 1
23815 1
23820 1
23824 1
23826 1
23872 1
23904 1
23918 1
23920 1
24014 1
24052 1
24083 1
24084 1
24088 1
24192 1
24240 1
24262 1
24264 1
24302 1
24303 1
24313 1
24372 1
24440 1
24468 1
24576 2
24581 1
24612 1
24618 1
24628 1
24651 1
24663 1
24672 1
24701 1
24715 1
24748 1
24768 1
24792 1
24797 1
24825 1
24855 1
24880 1
24888 1
24932 1
24936 3
24940 2
24962 1
24976 1
25063 1
25088 1
25092 1
25157 1
25168 1
25201 1
25222 1
25260 2
25264 2
25281 1
25334 1
25376 1
25428 1
25440 1
25446 1
25448 1
25453 1
25468 1
25519 1
25556 1
25560 1
25588 1
25605 1
25610 1
25700 1
25732 1
25780 1
25796 1
25797 1
25871 1
25921 1
25943 1
25994 1
26038 1
26109 1
26136 1
26164 1
26203 1
26214 1
26240 1
26252 1
26262 1
26268 1
26273 1
26288 1
26292 1
26304 1
26311 1
26312 1
26363 1
26386 1
26413 1
26415 1
26446 1
26473 1
26496 1
26508 1
26524 1
26532 1
26552 1
26580 1
26596 1
26626 1
26637 1
26658 1
26679 1
26695 1
26740 1
26752 1
26797 1
26828 1
26848 1
26856 1
26949 2
26959 1
26965 1
26978 1
26984 1
26993 1
27028 1
27034 1
27054 1
27073 1
27080 1
27112 1
27143 1
27164 1
27168 1
27196 1
27212 1
27242 1
27248 1
27260 1
27264 1
27266 1
27348 1
27359 1
27496 1
27512 1
27570 1
27573 1
27576 1
27628 1
27640 1
27783 1
27784 1
27796 1
27884 1
27893 1
27923 1
27931 1
27956 1
28019 1
28050 1
28111 1
28202 1
28392 1
28584 2
28588 1
28590 1
28652 1
28689 1
28696 1
28741 1
28803 1
28884 1
28972 1
29025 1
29096 1
29108 1
29120 1
29128 1
29318 1
29557 1
29563 1
29612 1
29658 1
29696 1
29727 1
29741 1
29867 1
29877 1
29879 1
30020 1
30057 1
30070 1
30144 1
30183 1
30208 1
30264 2
30267 1
30270 1
30309 1
30321 2
30329 1
30335 1
30388 1
30414 1
30415 1
30629 1
30634 1
30650 1
30709 1
30720 1
30784 1
30808 1
30997 1
31018 1
31114 1
31178 1
31183 1
31193 1
31205 1
31209 1
31238 1
31284 1
31292 1
31445 1
31476 1
31513 1
31515 1
31554 1
31560 1
31566 1
31571 1
31576 1
31616 1
31634 1
31672 1
31800 1
31812 1
31852 1
31878 1
32064 1
32066 1
32107 1
32108 1
32276 1
32364 1
32414 1
32419 1
32428 1
32475 1
32484 1
32540 1
32550 1
32617 1
32622 1
32752 1
32768 6
32822 1
32860 1
32895 1
32917 1
32933 1
32987 1
33036 1
33117 1
33174 1
33197 1
33206 1
33270 1
33331 1
33578 1
33608 1
33637 1
33794 1
33817 1
33955 1
34082 1
34220 1
34268 1
34269 1
34270 1
34305 1
34354 1
34479 1
34560 1
34580 1
34636 1
34673 1
34698 1
34707 1
34757 1
34792 1
34824 1
34854 1
34889 1
34921 1
34958 1
35016 1
35093 1
35134 1
35217 2
35245 1
35389 1
35432 1
35479 1
35481 1
35506 1
35645 1
35662 1
35695 1
35756 1
35768 1
35808 1
35861 1
35894 2
35904 1
35987 1
35991 1
36050 1
36136 2
36298 1
36424 1
36483 1
36502 1
36664 1
36681 1
36718 1
36813 1
37028 1
37083 1
37124 1
37150 1
37265 1
37352 1
37369 1
37396 1
37428 1
37459 1
37572 1
37579 1
37639 1
37699 1
37722 1
37784 1
37870 1
37884 1
37937 1
37970 1
37981 1
37989 1
38028 1
38103 1
38124 1
38231 1
38265 1
38310 1
38393 1
38541 1
38723 1
38808 1
38840 1
38965 1
39078 1
39096 1
39100 1
39361 1
39364 1
39573 1
39604 1
39620 1
39700 1
39846 1
39873 1
40054 1
40215 1
40254 1
40271 1
40316 1
40350 1
40360 1
40381 1
40385 1
40564 1
40567 1
40638 1
40902 1
40960 1
41149 1
41429 1
41480 1
41576 1
41583 1
41648 1
41668 1
41705 1
41714 1
41944 1
41964 1
42247 1
42536 1
42600 1
42647 1
42652 1
42653 2
42664 1
42696 1
42973 1
43110 1
43130 1
43369 1
43396 1
43602 1
43700 1
43822 1
43909 1
44065 1
44134 1
44355 1
44812 1
44863 1
44924 1
44925 1
44940 1
44965 1
44988 1
45119 1
45133 1
45345 1
45428 1
45531 1
45636 1
45724 1
45740 1
45752 1
45935 1
45952 1
46076 1
46420 1
46704 1
47364 1
47372 1
47436 1
47564 1
47592 1
47641 1
47712 1
47786 1
47824 1
47918 1
47932 1
47982 1
48072 1
48089 1
48120 1
48140 1
48150 2
48191 1
48790 1
48979 1
49031 1
49152 1
49536 1
50574 1
50579 1
50684 1
50759 1
51184 1
51385 1
51695 1
51792 1
51808 1
51852 1
51908 1
52059 1
52097 1
52342 1
52384 1
52493 1
52556 1
52562 1
52663 1
52760 1
53012 1
53209 1
53553 1
53644 1
53701 1
53760 1
53771 1
54047 1
54128 1
54159 1
54355 1
54709 1
54931 1
54971 1
55182 1
55363 1
55454 1
55516 1
55640 1
55665 1
55749 1
55878 1
55942 1
56461 1
56485 1
56637 1
56664 1
56874 1
57000 1
57077 1
57344 1
57540 2
57975 1
58354 1
58492 1
58647 1
58672 1
58850 1
58939 1
59460 1
59472 1
59830 1
60340 1
60352 1
60416 1
61065 1
61069 1
61182 1
61214 1
62032 1
62052 1
62440 1
62742 1
62936 1
63038 1
63323 1
63512 1
63890 1
64024 1
64054 1
64432 1
64521 1
64620 1
64645 1
64870 1
64956 1
64964 1
65076 1
65507 1
65536 1
65661 1
65856 1
66080 1
66317 1
66406 1
66837 1
67221 1
67445 1
67752 1
68028 1
68896 1
68976 1
69017 1
69092 1
69567 1
69868 1
69912 1
69940 1
70087 1
70212 1
70230 1
71376 1
71892 1
72354 1
72392 1
72455 1
72522 1
72708 1
72812 1
72827 1
72834 1
73227 1
73338 1
73570 1
73686 1
73728 1
73733 1
73786 1
73860 1
73884 1
73994 1
74072 1
74148 1
74266 1
74282 1
74351 1
74697 1
74882 1
74892 1
75220 1
75363 1
75394 1
75458 1
75560 1
75664 1
75880 1
75960 1
76096 1
76223 1
76430 1
77344 1
77754 1
78156 1
78238 1
78519 1
80019 1
80733 1
80920 1
82128 1
83751 1
84550 1
85636 1
86002 1
86519 1
86895 1
87107 1
87816 1
89205 1
89351 1
89467 1
89607 1
89664 1
90596 1
90781 1
91041 1
91300 1
91927 1
91932 1
92448 1
92592 1
92619 1
92841 1
93191 1
93522 1
93696 2
93947 1
94022 1
94256 1
94309 1
94857 1
94881 1
94971 1
97132 1
97652 1
97926 1
98000 1
98070 1
98144 1
98313 1
98579 1
98781 1
98802 1
99312 1
100034 1
100355 1
101043 1
101775 1
101840 1
101932 1
102129 1
102172 1
102397 1
103044 1
103530 1
104130 1
104958 1
104980 1
105057 1
105456 1
106332 1
106632 1
106807 1
106854 1
106976 1
107464 1
107892 1
108348 1
108658 1
109067 1
109092 1
109133 1
109170 1
109343 1
109714 1
109777 1
110052 1
111106 1
111210 1
111574 1
111589 1
111698 1
112840 1
113050 1
113132 1
113186 1
113198 1
113988 1
114156 1
114536 1
114949 1
115101 1
115482 1
115668 1
116211 1
116602 1
117661 1
118096 1
118669 1
119929 1
120455 1
121259 1
122124 1
122391 1
122721 1
123132 1
123527 1
123872 1
124298 1
124450 1
124523 1
124646 1
125056 1
125201 1
126064 1
126173 1
126814 1
126868 1
129105 1
129456 1
129849 1
130560 1
130784 1
131176 1
132016 1
132629 1
132985 1
133337 1
134832 1
135290 1
135981 1
137438 1
138222 1
138353 1
139016 1
140187 1
141649 1
143557 1
144446 1
146288 1
146560 1
147832 1
147968 1
148305 1
149044 1
151040 2
152072 1
152395 1
152859 1
156524 1
157840 1
158238 1
158292 1
160900 1
161408 1
162352 1
164036 1
164436 1
165569 1
166292 1
168244 1
169041 1
170772 1
170791 1
171165 1
171399 1
174752 1
176306 2
177644 1
178174 1
181000 1
182894 1
183468 1
184027 1
184759 1
185576 1
186832 1
188344 1
188999 1
190790 1
193062 1
194184 1
194594 1
195629 1
196608 1
198608 2
198773 1
199859 1
202084 1
203776 2
204603 2
208948 1
209159 1
212288 1
212992 1
216048 1
217744 1
218028 1
221171 1
221184 1
224980 1
228104 1
232764 1
234136 1
235008 2
235584 1
238556 1
239728 1
241666 1
250320 1
256272 1
260162 1
260712 1
265292 1
266060 1
266458 2
267480 1
270336 3
270838 2
272592 1
273490 1
277668 1
278516 1
278528 2
282558 1
286720 1
290760 1
290880 2
290933 2
292035 1
294712 1
294912 2
295217 1
302990 1
303104 3
307020 1
308381 2
309510 1
311296 3
313332 2
313416 1
319488 1
326054 2
326672 1
327680 2
340960 1
357364 1
363788 1
366376 1
367616 2
372648 1
374417 2
381724 1
388084 1
389400 1
393473 1
394539 1
395162 1
401408 2
402027 1
402332 1
409600 1
409992 1
412144 1
412776 1
413540 1
417840 1
418408 1
420596 1
420663 1
423720 1
429947 1
430594 2
435948 1
435992 1
441570 1
447456 1
449068 1
454392 1
455375 1
459204 1
466705 1
466944 1
469742 1
474312 1
477332 1
491520 1
507160 1
507904 1
509020 1
511047 1
513220 1
514048 1
514574 2
516096 1
518144 1
520192 1
522240 1
524288 1
526336 1
530432 2
530456 1
532480 2
536576 2
537116 1
538384 1
538624 2
538628 1
543808 1
544024 1
546816 1
548864 2
552960 1
579649 1
580396 1
587580 1
612976 2
616908 1
629852 1
642600 1
658322 1
744010 1
750918 1
770400 1
775108 2
791676 1
792712 1
802032 1
860160 1
862664 1
863761 1
868352 1
891152 1
891452 1
902416 1
915688 1
935264 1
946912 1
971528 1
983040 1
985498 1
987948 1
1024000 2
1032192 1
1038276 1
1040384 1
1042230 1
1047116 1
1071852 1
1081344 1
1107568 1
1122304 1
1130496 1
1136872 1
1138688 1
1157777 1
1163264 1
1210816 1
1297450 1
1310720 2
1441792 5
1458176 8
1488384 1
1597440 1
1605632 1
1638400 1
1646592 1
1802240 1
1810432 1
1847396 1
1848478 1
1941632 1
1965136 1
2146304 1
2240120 1
2363420 1
2416640 1
2605056 1
2649228 1
2678784 1
2772181 1
3210566 1
3211264 1
3219456 29
3599740 1
5242880 10
7086080 1
7735046 1
9396224 1
10542792 1
30605736 1
32675840 1
53220476 1
