0 19
1 1
2 9
4 6
6 2
7 3
8 9
9 4
10 4
13 8
15 3
17 1
18 2
19 1
21 1
23 1
24 1
26 3
27 1
30 1
36 3
38 2
40 3
41 1
42 1
43 1
44 1
45 1
46 1
50 1
53 1
55 1
60 1
65 1
74 1
79 1
80 1
82 1
84 1
85 1
87 17
91 1
96 1
100 1
108 2
112 1
126 4
128 1
129 15
131 1
138 1
141 1
146 1
148 1
151 1
153 1
154 1
158 1
162 1
174 1
180 1
181 1
188 1
190 1
191 1
195 1
198 1
215 1
216 1
226 1
227 1
239 1
245 1
257 1
263 1
264 5
271 1
273 1
279 2
285 1
297 1
312 5
316 1
321 1
323 2
337 1
344 1
350 1
370 1
378 5
403 3
406 1
411 4
412 1
414 1
428 1
444 2
451 1
452 1
469 2
487 2
497 1
512 143
515 1
524 1
561 1
576 1
578 1
622 3
629 1
631 1
632 1
691 1
715 1
720 1
726 1
731 1
742 1
782 2
805 1
822 1
835 1
844 1
851 1
866 1
884 1
909 2
913 1
934 1
1024 11
1092 1
1130 1
1156 5
1204 2
1329 1
1355 1
1372 2
1409 1
1438 2
1449 1
1492 1
1536 1
1542 1
1859 1
1890 1
1927 1
1997 1
1998 1
2010 1
2048 3
2055 1
2083 1
2134 1
2201 1
2276 1
2344 1
2514 5
2537 1
2574 1
2583 1
2692 2
2734 2
2829 1
2841 1
2880 1
2996 1
3080 2
3117 1
3361 1
3377 1
3420 1
3642 1
3728 1
3752 1
3944 1
4096 9
4201 1
4272 2
4304 2
4353 1
4408 1
4458 1
4633 1
4876 5
4928 3
4944 1
5015 1
5050 1
5096 5
5208 1
5241 1
5456 1
5502 1
5632 5
5753 1
5759 1
5866 1
5882 1
5941 1
5945 1
6033 1
6090 1
6093 1
6154 2
6261 1
6302 1
6404 1
6660 1
6666 2
6878 1
6985 1
6991 1
6995 1
7168 1
7312 2
7364 1
7650 2
7665 1
7707 1
7774 1
7944 2
7963 1
8040 3
8119 1
8191 1
8192 1
8200 2
8235 1
8273 3
8316 3
8728 1
9062 1
9105 1
9170 1
9295 1
9315 2
9397 1
9459 1
9485 2
9829 3
9857 1
9897 1
9902 1
9964 1
10224 1
10239 1
10396 1
10588 1
10640 1
10680 1
10703 1
10704 3
10898 1
10922 1
10949 1
11084 5
11129 1
11132 1
11140 1
11154 1
11181 1
11210 1
11214 1
11224 1
11233 1
11259 1
11277 1
11389 1
11396 1
11403 2
11415 1
11417 1
11428 5
11456 1
11467 1
11483 1
11660 5
12052 1
12076 1
12097 1
12108 1
12121 1
12349 1
12458 1
12661 3
12685 1
12708 1
12724 1
12806 1
12814 1
13192 1
13200 1
13380 1
13424 1
13569 1
13579 1
13852 3
14069 1
14131 1
14529 3
14727 1
15092 2
15127 2
15146 2
15156 2
15168 2
15172 2
15175 2
15187 2
15194 2
15195 2
15210 2
15225 2
15226 2
15237 2
15245 2
15267 2
15272 2
15325 2
15358 2
15360 3
15374 1
15405 2
15417 2
15432 2
15439 2
15442 2
15448 4
15451 2
15457 2
15459 2
15460 2
15474 2
15475 2
15485 2
15494 2
15498 2
15510 2
15518 2
15548 2
15564 2
15570 2
15579 2
15591 2
15598 2
15619 1
15625 1
15642 2
15649 2
15692 1
15700 1
15711 2
15724 2
15794 1
15802 1
15807 1
16384 8
16542 1
16693 1
16718 1
17018 1
17055 1
17787 1
17813 1
17825 1
18263 1
18467 1
18688 1
18832 1
18914 1
19036 1
19037 3
19125 2
19284 3
19415 1
19510 1
19873 1
20005 1
20164 1
21033 1
21416 1
21504 1
21574 1
21739 1
22875 1
22960 1
22999 1
23184 1
23328 1
23402 1
23480 1
23520 1
23741 1
24118 1
24213 1
24530 1
24576 10
25433 1
25600 1
25976 1
26301 1
26350 1
27124 1
27267 2
27365 1
27406 1
27899 1
28208 1
28221 2
28577 1
28613 1
28695 1
29211 1
30257 1
30277 1
30326 1
30815 1
30821 1
31279 1
31380 1
31776 1
31916 1
32429 1
32768 6
33421 1
34021 1
34645 1
35133 1
35422 1
35549 1
35706 1
35715 1
36880 1
36946 1
37448 1
37557 2
37819 1
38053 1
38058 1
38132 2
38627 1
38932 1
39287 1
39996 1
40422 1
41670 1
41797 1
41831 1
42521 1
42768 1
43108 1
43445 1
43586 1
43988 1
45232 1
45815 1
46612 1
47755 1
47857 1
48710 1
49068 1
49952 1
50203 1
50883 2
51289 1
52204 1
52562 1
52668 1
52673 1
52975 1
53071 3
54209 1
55432 1
56011 1
56049 1
56106 1
56610 2
56642 1
56696 1
56818 1
57344 1
57495 1
58129 1
58251 1
58292 2
58567 1
58893 1
59093 1
60474 1
60711 1
60935 1
61451 1
61567 1
61637 1
62047 1
62167 1
62309 1
62410 1
62559 1
62831 1
63668 1
63912 1
64179 1
64647 1
64903 1
65073 1
65506 1
65536 1
65563 1
65680 1
65857 1
65926 1
66566 1
66811 1
67314 1
67618 1
67913 1
67956 1
68226 1
68792 1
68805 1
68819 1
69370 1
69660 1
69692 1
69705 1
69814 1
69912 2
70003 1
70227 1
70296 1
71034 1
72112 1
72992 1
73335 3
73490 1
73728 1
73760 1
73766 1
74340 2
75076 1
75136 1
77075 1
77232 2
77686 1
77792 1
78040 2
78167 1
78254 1
78447 1
80088 1
80138 1
80608 1
80792 1
81529 1
81536 1
81981 1
82337 1
82707 1
82817 1
82922 1
83292 2
84228 1
85800 1
86157 1
87021 1
87776 1
88132 2
88579 1
91003 1
91412 2
92426 1
92783 1
93101 1
93588 1
93607 1
94208 1
94516 1
95107 1
95270 1
97880 1
99958 1
101446 1
101450 1
104686 1
104762 2
105227 1
105265 1
105310 1
105446 1
109896 2
109968 1
110024 1
110252 1
111089 1
111616 1
112774 1
113928 2
114730 1
116438 1
120607 1
121289 1
121476 1
122436 1
122880 1
123309 1
123356 2
123776 1
123860 2
124741 1
125050 1
127544 2
129520 2
132205 1
133723 1
135436 2
136920 2
138517 1
138890 1
140288 1
141552 2
141724 2
142364 2
144312 2
146556 2
146628 1
149464 2
149668 2
150758 1
150985 1
154648 1
154885 1
155648 1
157869 1
158005 1
168288 1
168922 1
170146 1
172516 1
172728 2
174357 1
184192 1
187537 1
187606 1
188300 1
189652 1
190507 1
192218 1
193056 1
193123 1
196694 1
197598 1
198209 1
198863 1
204800 1
207995 1
214255 1
215671 1
218163 1
218329 1
218451 1
227877 1
229376 1
230279 2
238325 1
244736 1
251306 1
254496 1
254944 2
262144 1
266175 1
266400 1
271070 1
274088 1
276351 1
280204 1
286720 1
287184 2
287256 1
291716 1
291982 1
301583 1
304458 1
310107 1
311535 1
316527 1
318078 1
318483 1
323144 1
326547 1
327792 1
329896 1
336032 1
338196 1
338415 1
338521 1
356015 1
356416 1
357157 1
357301 1
357506 1
365259 1
403168 1
405032 1
405708 1
409637 1
430310 1
442368 1
456161 1
470209 1
470836 1
482304 1
483328 1
512000 1
516586 1
517587 1
554035 1
558165 1
564508 1
565248 3
570678 1
581632 1
584973 1
587837 1
620534 1
622252 1
629272 1
634358 1
654973 1
655020 1
655422 1
658335 1
661429 1
661931 1
670791 1
696320 1
756921 1
786432 1
795347 1
835584 2
891136 1
891699 1
901120 1
933888 1
937597 1
953431 1
954064 1
954814 1
1056768 1
1077248 1
1087516 1
1164818 1
1273856 1
1509375 1
1528430 1
1613956 1
1720008 1
1730326 1
1792396 1
2042880 1
2172125 1
2172147 1
2172289 1
2469774 1
2478777 1
4194304 1
4954111 1
6480180 1
6496920 1
8147436 1
28270592 1
80613376 1
