0 97
2 4
4 21
5 2
14 2
18 2
19 2
20 1
21 1
22 1
24 3
29 1
41 2
46 1
65 1
67 1
83 1
85 2
134 11
135 2
138 1
142 1
156 2
158 1
160 1
162 2
168 4
202 2
231 1
236 2
253 1
260 1
267 5
268 1
298 1
301 1
334 1
349 1
350 1
359 1
360 1
366 1
367 1
372 1
433 1
460 1
466 1
476 1
483 1
493 2
499 1
502 1
512 76
536 1
562 1
563 1
565 1
602 1
631 2
748 1
812 1
821 1
879 1
923 1
1024 24
1148 1
1178 1
1295 1
1363 1
1536 1
1572 1
1631 1
1638 1
1674 1
1730 1
1795 1
1814 1
2048 3
2069 1
2137 1
2289 1
2445 2
2583 1
2689 1
3072 1
3155 1
3159 1
3668 1
4096 13
4248 1
4724 1
4896 1
5120 7
5692 1
5959 1
6144 2
7168 5
8192 5
8233 1
8401 1
9216 2
9728 1
9768 1
10240 3
11264 1
11685 2
11833 1
11849 1
11859 1
13075 1
14726 2
14744 2
14896 1
15360 2
16384 2
17670 1
18471 1
20480 1
23765 1
23854 1
24576 2
24646 1
25659 1
26486 1
26599 2
26697 1
26733 1
26756 1
26772 1
26807 1
26814 1
26890 1
26896 1
26950 1
26969 1
26984 1
27076 1
27083 1
27110 1
27114 1
27127 1
27135 1
27150 1
27151 1
27152 1
27183 1
27264 1
27282 1
27288 1
27394 1
27457 1
27612 1
27693 1
27873 1
27944 1
28023 1
28756 1
29516 1
29810 1
30673 1
30720 1
31386 1
33438 1
33800 1
34164 1
37621 1
39034 1
39933 1
40227 1
40695 1
46199 1
48245 1
48994 1
49152 1
50167 1
50168 1
52795 1
53323 1
53327 1
54251 1
54261 1
54381 1
54548 1
54583 1
54589 1
54697 1
54790 1
54797 1
55650 1
56367 1
56378 1
56490 1
57252 1
57344 1
57741 1
59629 1
60874 1
60875 1
61257 1
61274 1
62256 1
63929 2
65536 1
68619 1
71662 1
75003 1
75881 1
77170 1
77357 1
77444 1
77911 1
77936 1
78490 1
79082 1
79423 1
80318 1
80774 1
80775 1
81290 1
81462 1
81538 1
83197 1
83282 1
83292 1
83648 1
83653 1
83682 1
83871 1
86781 1
88161 1
88472 1
89587 1
91911 1
92122 1
93523 1
95009 1
95200 1
97337 1
98164 1
98255 1
98530 1
98560 1
98748 1
99742 2
99922 1
99933 1
100050 1
100056 1
100134 1
100216 1
100291 1
100680 1
100734 1
100818 1
101166 1
101290 1
101306 1
103373 1
104160 1
105380 1
107186 1
107190 1
112586 1
112600 1
119339 1
122965 1
130680 1
131238 2
152066 1
170833 1
170843 1
170983 1
170989 1
171651 1
171656 1
172084 1
172090 1
172835 1
172905 1
172956 1
172971 1
173430 2
173916 1
201924 1
202488 2
207625 1
229376 1
277634 1
278189 2
281737 1
352256 1
361990 1
1126716 1
1165312 1
1621103 1
1773015 1
1791412 1
1804087 1
1834377 1
2126814 1
2183274 1
2215180 1
2231719 1
2712576 1
3642321 1
4792320 1
11411456 1
