0 2
10 1
50 2
51 2
67 2
101 1
105 1
132 1
147 1
163 1
167 1
218 1
223 1
225 1
227 1
229 2
230 2
231 2
232 1
238 1
248 1
254 1
272 2
290 2
304 1
312 1
317 3
318 4
327 1
330 1
331 1
340 1
341 1
347 1
356 3
357 11
360 6
366 2
368 2
369 2
371 2
377 1
378 1
379 1
387 1
398 1
402 3
406 1
409 1
416 1
419 1
424 1
426 2
430 1
432 1
436 3
437 2
438 1
439 5
452 1
454 1
463 2
474 2
486 3
491 1
498 1
499 1
503 2
507 1
512 352
526 2
527 1
544 1
588 1
614 1
658 1
664 2
679 2
726 2
729 2
734 15
735 9
740 2
741 2
745 2
750 2
751 1
754 3
755 4
800 2
830 1
855 1
859 1
928 3
952 3
1004 2
1059 1
1087 1
1115 1
1123 1
1134 1
1202 1
1386 1
1388 1
1399 1
1407 1
1508 2
1516 1
1571 1
1690 1
1731 1
1752 1
1769 1
1773 1
1805 1
1844 1
1857 2
1861 1
1924 1
1959 2
1966 1
2028 1
2048 2
2134 1
2136 1
2321 1
2436 2
2509 1
2576 40
2582 8
3064 1
3103 1
3251 1
3684 1
3710 1
3850 1
3892 1
3908 1
4094 1
4141 1
4366 1
4384 2
4579 1
4675 2
4696 1
4929 1
5268 2
5271 2
5882 1
5892 1
5903 1
5912 2
6046 1
6228 1
6233 1
6245 2
6247 6
6269 3
6289 9
6459 2
6504 2
6520 1
6880 1
6978 1
7268 1
7652 1
7988 1
7996 2
8192 1
8208 1
8312 1
8439 1
8452 5
8510 1
8687 2
8916 2
9439 2
9500 1
9736 1
10304 2
10364 1
10448 1
10574 1
10578 1
10620 1
10787 1
10934 1
11101 1
11196 2
11376 1
11830 1
11956 2
11974 1
12325 1
12339 1
12448 2
12648 2
12920 1
13211 1
13513 1
13608 1
13668 1
13780 1
14133 1
14332 2
14355 1
14574 1
14597 1
14620 1
14800 1
14859 3
15044 1
15151 1
15330 1
15756 2
15912 1
15934 1
15951 1
15983 1
16134 1
16154 1
16266 1
16388 2
16541 1
16642 1
16722 1
16728 1
16747 4
16753 4
16795 9
16996 1
17155 1
17312 1
17804 1
17829 1
18675 1
19686 1
20364 1
21810 1
22264 1
22344 1
22964 1
23480 1
24768 1
25036 1
25889 2
26860 1
26864 1
27460 1
27555 1
27872 1
28060 2
28324 1
29468 1
29476 1
29844 1
30033 1
30304 1
30700 1
31456 1
32128 1
32768 1
32949 1
33512 1
33641 1
35484 1
36268 1
36608 1
38920 1
39012 1
39384 1
40457 1
40504 3
40936 1
40960 1
42384 1
42617 1
42860 1
43280 1
43432 1
44259 1
45156 1
47777 1
48594 1
49812 1
50396 1
50732 1
50824 1
52428 1
53342 1
58740 1
58752 1
60859 1
62180 1
62188 1
62808 1
65410 1
66380 1
68112 1
69104 1
69593 2
73593 1
73704 1
73724 1
75352 1
77484 2
84356 1
86012 1
86359 1
87704 1
90904 1
91465 1
95476 1
96801 2
97684 1
104112 1
104257 1
109792 1
111808 1
112716 1
114378 1
114402 1
115885 1
119116 1
119536 2
120796 1
125459 1
126960 1
126964 1
126996 1
130600 1
133166 1
148550 1
155508 1
156169 1
157000 1
162872 1
165952 1
166160 1
170778 1
171928 1
172032 2
174512 1
174612 1
178656 1
215215 1
220468 1
232024 3
237487 1
238549 1
248124 1
252504 1
286524 1
287695 1
337688 1
339664 1
344120 1
344136 1
345044 1
448032 3
453000 1
500645 1
516096 1
524288 1
549580 1
600081 1
626983 1
661904 1
667026 1
690826 1
693516 1
696278 1
746039 1
767176 1
772650 1
892424 2
896344 1
900040 1
918768 1
986741 1
991264 1
999112 1
1003612 1
1030814 1
1048856 1
1067456 1
1070492 1
1105546 1
1107279 1
1258985 1
1359872 1
1593620 1
1783696 1
1798263 1
1888573 1
2123497 1
2220076 1
3227648 1
3481600 1
3514368 1
4034193 1
4616935 1
8888320 1
