0 143
1 2
2 2
4 2
5 1
6 4
8 6
9 3
10 3
11 1
12 4
13 2
14 2
15 4
16 1
17 2
18 3
19 5
20 7
21 1
22 5
23 4
24 6
25 12
26 7
27 2
28 5
29 11
30 18
31 40
32 5
33 6
34 7
35 3
36 3
37 5
38 6
39 5
40 3
41 4
42 2
43 3
44 13
45 1
46 1
47 2
48 2
49 2
50 5
51 4
52 3
53 1
54 3
56 4
57 3
58 3
59 1
60 1
61 2
62 7
63 2
64 1
65 3
66 1
67 1
68 2
69 2
70 3
71 1
72 14
73 2
74 1
75 5
76 3
78 2
79 1
80 7
81 4
82 3
84 2
85 1
86 2
88 1
89 1
93 1
94 4
95 4
97 1
98 1
99 1
100 4
105 1
107 2
109 8
110 3
111 1
112 3
113 2
115 1
117 1
118 2
119 1
124 1
125 3
126 1
127 2
130 1
131 2
133 1
134 14
138 1
140 1
141 1
142 4
143 1
144 1
145 1
147 1
150 1
152 1
153 1
156 1
158 1
159 1
162 1
164 2
166 1
167 1
168 1
169 1
170 1
171 2
175 1
176 1
178 1
179 1
181 1
184 1
185 1
186 2
188 6
189 1
193 1
194 3
195 1
198 1
199 1
200 1
202 1
205 1
209 1
210 1
212 1
217 1
219 1
220 4
222 1
227 2
234 2
236 1
244 1
246 1
250 1
253 1
254 1
256 2
259 1
260 1
261 1
271 1
274 1
276 1
277 1
281 2
287 1
289 1
300 1
305 1
307 2
309 1
310 2
313 1
316 1
322 1
330 1
334 2
338 1
343 2
346 1
349 2
352 1
356 1
358 1
359 1
363 1
364 1
365 1
366 4
370 3
376 2
378 1
379 1
384 2
385 1
387 1
388 1
389 1
391 1
393 1
394 1
395 2
396 1
402 2
408 2
418 4
421 1
424 1
430 1
432 1
433 3
434 1
436 1
437 1
439 1
440 2
442 1
443 2
446 1
450 3
453 6
460 2
464 1
468 1
473 2
479 1
480 1
484 1
496 1
504 1
505 2
512 364
520 1
522 1
533 2
536 1
547 1
550 1
551 2
552 1
555 1
557 2
560 1
563 1
565 1
566 1
568 2
577 3
579 2
580 1
586 1
591 1
592 1
595 1
600 1
606 1
608 1
612 1
618 1
619 1
622 1
625 1
626 2
628 3
630 1
640 1
649 1
650 5
657 2
658 1
660 4
663 1
664 2
665 1
666 1
681 1
688 1
701 1
707 1
708 4
709 20
710 24
711 34
712 25
713 21
714 29
715 26
716 41
717 23
718 13
719 20
720 25
721 9
722 5
723 13
724 6
725 11
726 3
727 4
729 2
730 2
731 2
732 1
734 2
735 1
737 1
738 1
739 1
740 1
742 1
743 4
744 14
745 6
746 6
747 29
748 3
749 6
750 4
751 8
752 5
753 3
754 10
755 2
756 5
757 3
758 1
759 3
760 2
761 4
762 1
764 1
765 3
771 1
776 1
780 1
790 1
795 1
796 1
800 2
806 1
809 1
811 1
817 2
823 6
824 24
825 6
826 6
827 6
828 24
832 1
833 1
834 1
838 7
839 1
841 4
842 1
848 1
853 1
856 1
864 1
866 1
867 2
871 1
882 1
884 1
885 1
886 1
891 1
896 2
901 1
904 1
907 1
909 1
911 1
914 1
920 1
922 4
923 1
925 1
927 1
928 1
929 2
931 2
937 2
939 4
940 4
942 1
943 2
947 6
948 2
952 4
955 2
957 8
959 5
960 2
962 1
963 4
964 1
965 4
967 2
968 1
971 2
976 1
979 1
981 1
985 1
988 1
989 1
995 1
1004 2
1017 1
1024 32
1026 1
1027 1
1030 1
1034 1
1036 3
1038 1
1042 2
1044 1
1048 1
1049 4
1050 1
1051 1
1054 4
1056 4
1057 2
1061 4
1062 2
1064 3
1069 3
1070 4
1076 1
1077 1
1078 2
1080 1
1086 1
1094 1
1095 5
1100 1
1102 1
1103 2
1105 2
1107 1
1108 2
1109 1
1111 2
1114 5
1118 2
1122 1
1125 1
1132 1
1153 1
1154 1
1158 1
1162 1
1176 1
1185 1
1188 2
1191 1
1196 2
1206 1
1214 1
1224 1
1226 1
1228 1
1229 2
1233 1
1236 3
1237 1
1239 1
1241 1
1242 1
1245 1
1263 1
1266 1
1272 2
1278 1
1279 1
1280 1
1284 2
1289 1
1294 1
1297 1
1307 1
1310 1
1311 2
1318 2
1319 2
1321 1
1326 1
1329 1
1331 4
1334 1
1335 2
1339 1
1346 2
1350 2
1358 1
1366 2
1376 1
1379 1
1381 1
1383 1
1389 1
1391 2
1392 2
1394 1
1396 1
1407 1
1410 1
1412 1
1417 2
1422 1
1427 1
1439 1
1442 1
1444 1
1447 1
1448 1
1449 1
1453 1
1459 1
1464 1
1467 2
1474 1
1475 2
1482 1
1483 1
1485 1
1486 1
1491 1
1492 1
1494 1
1497 1
1500 1
1503 1
1508 2
1514 2
1518 1
1521 1
1522 1
1531 1
1532 2
1534 1
1536 9
1552 1
1555 1
1561 1
1563 1
1565 2
1571 1
1579 1
1581 1
1583 1
1587 1
1593 2
1597 1
1600 1
1601 1
1603 1
1606 1
1608 2
1611 1
1613 1
1614 1
1615 2
1617 1
1620 1
1621 1
1622 2
1624 1
1625 2
1627 1
1628 1
1629 1
1632 1
1640 1
1645 1
1649 1
1652 1
1653 1
1654 1
1658 2
1662 1
1668 1
1671 1
1673 1
1684 1
1686 1
1691 1
1693 1
1696 1
1700 1
1702 1
1703 2
1704 2
1706 1
1719 1
1724 1
1726 1
1732 1
1734 1
1741 2
1743 3
1745 1
1746 1
1749 1
1756 1
1763 1
1767 1
1770 1
1771 1
1772 1
1775 1
1780 1
1781 1
1785 1
1786 1
1787 1
1791 1
1792 1
1793 1
1796 1
1797 1
1801 1
1803 1
1804 1
1811 2
1812 1
1813 1
1814 2
1815 1
1817 1
1820 1
1821 1
1827 1
1832 1
1833 1
1835 1
1836 2
1837 1
1838 1
1842 1
1843 1
1844 1
1848 1
1852 2
1854 1
1855 1
1856 1
1857 2
1858 2
1863 1
1868 3
1869 1
1872 1
1880 1
1881 2
1883 1
1885 2
1886 1
1889 1
1890 1
1896 1
1898 1
1900 1
1901 1
1906 1
1913 1
1917 1
1918 2
1919 1
1921 2
1929 2
1930 1
1933 1
1934 1
1936 1
1940 1
1941 1
1942 1
1943 1
1945 2
1948 1
1949 1
1954 1
1955 1
1959 4
1961 2
1967 1
1972 2
1974 2
1976 1
1977 1
1979 1
1982 1
1986 1
1991 2
1996 1
1998 1
2002 1
2003 2
2006 1
2007 1
2013 1
2014 1
2018 2
2021 3
2025 1
2028 1
2029 1
2030 1
2032 1
2035 1
2036 2
2042 1
2043 1
2046 1
2048 21
2051 3
2052 1
2054 2
2056 1
2058 1
2063 1
2068 1
2070 1
2074 2
2077 1
2081 1
2084 2
2085 1
2088 1
2089 1
2090 4
2092 1
2096 1
2103 1
2106 1
2108 1
2111 1
2115 2
2116 1
2119 1
2120 1
2121 1
2123 1
2124 1
2129 1
2130 1
2134 1
2141 3
2145 1
2146 1
2147 1
2149 1
2151 1
2153 17
2155 1
2161 1
2163 2
2165 1
2167 1
2169 1
2176 1
2177 1
2178 1
2180 1
2186 3
2187 1
2191 3
2192 1
2197 1
2200 1
2202 1
2203 1
2204 1
2215 1
2218 1
2220 1
2221 1
2222 1
2223 1
2225 1
2226 3
2228 1
2238 1
2240 2
2241 1
2252 1
2255 1
2257 1
2260 2
2264 1
2268 1
2270 1
2272 1
2273 1
2283 1
2284 3
2292 1
2298 1
2299 1
2305 1
2310 1
2314 2
2316 2
2323 1
2330 1
2336 1
2347 2
2354 2
2357 1
2369 1
2371 1
2372 1
2379 1
2381 1
2389 1
2390 1
2399 1
2401 1
2402 1
2418 1
2419 2
2420 1
2424 1
2430 1
2432 1
2436 2
2443 1
2456 1
2457 1
2461 1
2463 1
2464 1
2467 1
2470 1
2477 1
2481 1
2483 1
2490 1
2492 1
2495 1
2497 1
2498 1
2502 1
2504 1
2513 3
2517 1
2524 1
2531 1
2533 1
2534 1
2541 2
2546 1
2549 1
2552 1
2557 1
2559 1
2560 6
2564 1
2566 2
2567 1
2568 1
2569 1
2573 1
2581 1
2584 1
2596 1
2603 1
2605 1
2619 1
2630 1
2635 1
2640 1
2643 1
2648 1
2651 1
2652 1
2658 1
2659 1
2660 1
2665 1
2669 1
2671 1
2676 1
2683 1
2685 1
2689 1
2691 1
2706 1
2728 1
2729 1
2732 1
2735 1
2741 1
2742 1
2744 1
2760 2
2768 1
2774 1
2775 1
2779 3
2780 1
2782 1
2786 1
2787 1
2791 1
2793 1
2794 1
2801 1
2804 1
2811 1
2821 1
2824 1
2825 2
2826 1
2830 1
2838 1
2841 1
2853 1
2856 1
2857 1
2863 2
2867 1
2871 1
2878 1
2889 1
2891 1
2908 3
2919 1
2923 1
2927 1
2934 1
2936 1
2940 1
2943 1
2945 1
2947 2
2952 1
2957 1
2960 1
2961 1
2973 2
2974 1
2975 1
2976 2
2977 1
2993 1
2997 1
3000 1
3005 1
3015 1
3018 1
3022 2
3025 1
3026 1
3028 1
3034 1
3041 1
3047 1
3051 1
3052 1
3054 1
3068 1
3072 19
3078 1
3081 1
3084 2
3088 1
3090 1
3095 1
3097 1
3099 1
3100 1
3101 1
3118 1
3120 1
3121 1
3129 2
3135 1
3138 1
3140 1
3144 2
3150 2
3153 1
3156 1
3159 1
3165 1
3172 1
3181 1
3188 1
3192 1
3196 1
3203 1
3205 1
3210 1
3212 1
3216 1
3236 1
3238 1
3244 1
3245 1
3258 1
3262 1
3263 1
3266 1
3268 1
3275 2
3277 1
3281 1
3286 2
3287 1
3290 2
3292 1
3293 1
3297 1
3298 1
3305 1
3313 1
3317 1
3318 1
3322 1
3324 1
3341 1
3344 1
3352 1
3359 1
3362 1
3366 1
3367 1
3368 1
3373 1
3383 1
3384 1
3386 1
3411 1
3414 1
3428 1
3429 1
3432 2
3447 1
3448 1
3449 1
3455 1
3456 1
3460 1
3480 1
3481 1
3487 1
3495 2
3497 1
3503 1
3513 1
3515 1
3525 1
3526 1
3533 1
3535 1
3536 1
3552 1
3555 1
3563 1
3564 2
3574 1
3584 1
3587 1
3590 1
3591 1
3592 1
3595 1
3598 1
3604 1
3608 1
3610 2
3612 1
3615 1
3620 1
3643 1
3644 1
3646 1
3647 1
3657 1
3663 1
3668 1
3681 1
3682 1
3687 1
3690 1
3703 1
3709 1
3738 1
3739 1
3740 1
3745 1
3763 1
3764 1
3771 1
3792 2
3798 1
3799 1
3813 1
3817 1
3819 1
3827 1
3828 1
3829 1
3841 1
3847 1
3852 1
3858 1
3863 1
3864 2
3867 1
3877 1
3882 1
3889 1
3892 1
3900 1
3906 1
3908 1
3910 1
3911 1
3913 1
3915 2
3935 1
3938 1
3939 1
3942 1
3943 1
3953 1
3960 1
3988 1
3989 1
3994 1
3995 2
4005 1
4006 1
4014 1
4024 1
4030 1
4035 1
4046 1
4058 1
4060 1
4064 1
4067 1
4069 1
4071 1
4087 1
4105 1
4113 1
4114 1
4125 1
4129 1
4130 1
4132 1
4135 1
4138 1
4150 1
4167 1
4168 1
4170 1
4180 1
4186 1
4191 1
4198 1
4201 1
4206 1
4208 1
4221 1
4230 1
4249 1
4259 1
4260 1
4261 1
4262 2
4275 1
4297 1
4303 1
4309 1
4324 1
4330 1
4332 1
4334 1
4335 1
4338 1
4340 1
4346 1
4353 1
4360 1
4365 1
4383 1
4384 3
4400 1
4403 1
4407 1
4408 1
4409 1
4412 1
4415 1
4417 1
4419 1
4430 1
4432 2
4434 1
4443 1
4444 1
4449 1
4451 1
4454 2
4461 2
4465 1
4481 1
4499 1
4510 1
4528 1
4556 1
4563 1
4568 1
4569 1
4576 2
4581 1
4584 9
4599 1
4605 1
4607 1
4608 2
4613 1
4614 1
4621 1
4623 1
4624 1
4628 1
4631 2
4636 1
4644 1
4647 1
4649 1
4651 1
4654 2
4657 1
4661 1
4667 1
4674 1
4676 1
4681 1
4683 1
4692 1
4705 1
4715 1
4757 1
4760 1
4765 2
4767 1
4770 1
4792 1
4793 1
4821 1
4822 1
4842 1
4855 1
4881 1
4888 1
4893 1
4905 1
4910 1
4927 1
4931 2
4932 1
4937 1
4942 2
4948 2
4954 1
4964 1
4969 1
4975 3
4977 1
4996 2
5000 1
5014 1
5018 1
5019 1
5020 1
5023 1
5035 1
5048 1
5061 1
5074 1
5075 1
5076 1
5083 1
5086 1
5092 1
5101 1
5109 1
5117 1
5120 1
5134 1
5135 1
5137 1
5150 1
5155 1
5157 1
5159 1
5167 1
5174 1
5177 1
5186 1
5202 2
5206 1
5211 2
5218 1
5223 1
5229 1
5255 1
5258 1
5268 2
5271 2
5273 1
5277 1
5282 1
5286 1
5300 1
5308 2
5309 1
5314 1
5318 1
5360 1
5361 1
5370 1
5374 1
5379 1
5382 1
5384 1
5386 1
5411 1
5427 1
5428 1
5441 1
5448 1
5449 1
5452 1
5458 1
5461 1
5464 1
5475 1
5476 1
5479 2
5499 1
5503 1
5508 1
5509 1
5514 1
5520 1
5529 1
5536 1
5539 1
5543 1
5549 1
5553 1
5568 1
5575 1
5579 1
5580 1
5583 1
5595 1
5598 1
5599 1
5601 1
5602 1
5607 2
5608 1
5621 1
5637 2
5644 1
5669 1
5680 1
5683 1
5693 1
5695 1
5698 1
5709 1
5710 1
5712 1
5715 1
5721 1
5733 1
5737 1
5744 2
5753 1
5765 1
5769 1
5770 1
5775 1
5792 1
5798 1
5809 1
5819 1
5823 1
5830 1
5840 1
5859 1
5873 2
5885 1
5890 3
5899 1
5900 1
5912 2
5944 1
5946 1
5953 1
5968 1
5974 2
5993 1
5998 1
6007 1
6010 1
6016 1
6034 1
6045 1
6051 1
6066 2
6074 1
6078 1
6089 1
6102 1
6106 1
6120 1
6125 2
6132 1
6137 2
6142 1
6143 1
6144 2
6147 1
6155 1
6157 1
6161 1
6174 1
6185 1
6202 1
6214 1
6236 1
6237 1
6246 2
6259 2
6261 1
6272 1
6280 1
6301 1
6307 1
6310 1
6311 1
6318 1
6332 1
6333 1
6337 1
6371 1
6391 1
6405 1
6435 1
6437 1
6452 1
6466 1
6479 1
6482 1
6483 1
6485 1
6494 1
6501 1
6504 3
6507 1
6508 1
6519 1
6528 1
6531 2
6546 1
6550 2
6552 1
6554 1
6560 1
6587 1
6593 1
6605 1
6617 1
6626 1
6629 1
6630 1
6631 1
6646 1
6661 1
6691 1
6697 1
6712 2
6714 1
6718 1
6722 1
6727 1
6739 1
6748 1
6757 1
6763 1
6775 1
6794 1
6796 1
6797 1
6798 1
6800 1
6815 1
6829 1
6863 1
6864 1
6867 1
6876 1
6879 1
6884 1
6906 1
6924 1
6928 1
6930 1
6966 1
6975 1
7030 1
7051 2
7060 1
7064 1
7069 1
7090 1
7102 1
7108 1
7114 1
7116 1
7120 1
7121 1
7137 1
7162 1
7164 1
7168 2
7184 1
7189 1
7195 2
7223 1
7226 1
7230 1
7235 1
7241 1
7259 1
7267 1
7268 1
7299 1
7300 1
7310 1
7317 1
7319 1
7320 1
7322 1
7333 1
7337 1
7338 1
7344 2
7369 2
7375 1
7392 1
7423 2
7444 1
7447 1
7449 1
7450 1
7486 1
7508 1
7511 1
7512 1
7513 1
7522 1
7544 1
7547 1
7552 1
7554 1
7556 1
7568 1
7597 1
7619 1
7657 1
7662 1
7664 1
7680 2
7709 1
7712 1
7743 1
7744 1
7745 1
7774 1
7777 1
7792 1
7802 1
7803 1
7813 2
7825 1
7837 1
7841 1
7845 1
7873 1
7882 1
7897 2
7900 1
7903 1
7907 1
7928 1
7930 1
7935 1
7939 3
7999 1
8005 1
8014 1
8018 1
8021 1
8034 1
8043 1
8090 1
8094 1
8119 1
8125 1
8133 1
8182 1
8185 1
8186 1
8192 7
8194 1
8220 1
8242 1
8272 1
8284 1
8298 1
8305 2
8308 1
8350 1
8357 1
8366 1
8374 1
8376 1
8397 1
8410 1
8453 1
8457 1
8483 1
8486 1
8491 2
8494 1
8501 1
8505 1
8530 1
8541 2
8543 1
8560 1
8572 1
8595 1
8600 1
8611 1
8640 1
8667 1
8675 1
8677 1
8701 1
8706 1
8717 1
8718 1
8729 1
8731 1
8737 1
8747 1
8792 1
8797 1
8828 1
8842 1
8855 1
8867 1
8868 1
8869 1
8894 1
8902 1
8911 1
8912 1
8918 1
8994 1
9027 1
9031 1
9037 1
9040 2
9043 1
9059 1
9062 1
9106 1
9109 1
9115 1
9146 1
9151 1
9182 1
9192 1
9212 1
9213 1
9214 1
9216 3
9218 1
9257 2
9262 1
9291 1
9296 1
9299 1
9306 1
9372 1
9380 1
9395 1
9410 1
9427 1
9438 1
9439 2
9448 1
9451 1
9480 1
9488 1
9516 1
9518 1
9539 1
9552 1
9574 1
9580 1
9581 1
9582 1
9583 1
9604 1
9616 1
9620 1
9626 1
9629 1
9634 1
9639 1
9663 1
9673 1
9692 1
9715 1
9726 1
9728 1
9730 1
9739 1
9743 1
9765 1
9779 1
9780 1
9782 1
9785 1
9787 1
9796 1
9830 1
9850 2
9980 1
10011 1
10014 1
10056 1
10082 1
10101 2
10113 1
10121 1
10129 1
10143 1
10168 1
10190 1
10218 1
10240 19
10247 1
10284 1
10289 1
10304 2
10319 1
10357 1
10371 2
10406 1
10427 1
10430 1
10458 1
10487 1
10524 1
10557 1
10590 1
10619 1
10634 1
10647 1
10681 1
10716 1
10741 1
10745 1
10747 1
10766 1
10797 1
10807 1
10813 1
10848 1
10885 1
10907 1
10924 1
10950 1
10971 1
11018 1
11029 1
11041 2
11093 1
11105 1
11116 1
11176 1
11196 2
11216 1
11263 1
11264 11
11299 1
11332 1
11351 1
11399 1
11400 1
11418 1
11427 1
11438 1
11511 1
11515 1
11550 1
11553 1
11600 1
11606 1
11610 1
11620 1
11639 1
11667 1
11674 1
11722 1
11727 1
11811 1
11829 1
11849 1
11892 1
11912 1
11946 1
11952 1
11955 1
11989 1
12008 1
12013 2
12020 1
12033 1
12048 1
12146 1
12151 1
12153 1
12205 1
12231 1
12233 1
12263 1
12288 5
12401 1
12402 1
12408 1
12448 2
12477 1
12484 1
12535 1
12616 1
12648 2
12649 1
12807 2
12866 1
12895 1
12896 2
12931 1
12975 1
12981 1
13021 1
13042 1
13075 1
13085 1
13111 1
13125 1
13146 1
13164 1
13237 1
13249 1
13270 1
13312 6
13354 1
13389 1
13415 1
13444 1
13517 1
13583 1
13660 1
13689 1
13707 2
13747 1
13842 1
13854 1
13861 1
13876 1
13885 1
13896 1
13900 7
13924 1
13990 2
14005 1
14098 1
14128 1
14152 1
14174 1
14179 1
14230 1
14234 1
14236 1
14248 1
14306 1
14336 5
14343 1
14397 1
14410 1
14433 1
14451 1
14471 1
14535 1
14593 2
14595 1
14612 1
14666 1
14696 1
14766 1
14777 1
14823 7
14859 1
14901 1
14907 1
15036 1
15091 1
15092 1
15104 1
15132 1
15142 1
15147 1
15264 1
15268 1
15277 1
15305 1
15307 1
15352 1
15365 1
15412 1
15416 1
15430 1
15444 1
15458 1
15493 1
15526 1
15543 1
15587 1
15594 1
15599 1
15653 1
15657 1
15713 1
15722 1
15729 2
15733 1
15820 1
15879 1
15982 1
15991 1
16035 1
16068 1
16070 1
16073 1
16089 1
16145 1
16178 1
16202 1
16218 1
16237 1
16251 1
16253 1
16340 1
16365 1
16384 2
16406 1
16447 1
16582 1
16708 1
16728 2
16737 1
16744 1
16883 1
16901 1
16908 1
16931 2
16948 1
17136 1
17159 1
17204 1
17235 1
17408 2
17542 1
17696 1
17724 1
17802 1
17893 1
17898 1
17919 1
17939 1
18177 1
18183 1
18187 1
18331 1
18364 1
18384 1
18412 1
18419 1
18432 1
18447 1
18507 1
18514 1
18542 1
18669 1
18797 1
18939 1
19179 1
19274 1
19338 1
19341 1
19406 1
19456 5
19483 1
19496 1
19502 1
19554 2
19633 1
19652 1
19654 1
19663 1
19703 1
19767 1
19946 1
20068 1
20079 1
20229 1
20230 1
20318 1
20338 1
20369 1
20480 10
20517 1
20590 1
20770 1
20804 1
20896 1
20900 1
21009 1
21066 1
21073 1
21251 1
21300 1
21330 1
21388 1
21447 1
21504 2
21514 1
21628 1
21634 1
21749 1
21810 1
21901 1
21920 1
21960 1
21970 1
22130 1
22136 1
22188 1
22204 1
22435 1
22452 1
22474 1
22528 5
22531 1
22559 1
22609 1
22623 1
22632 1
22730 1
22763 1
22858 1
22897 1
23064 1
23067 1
23068 1
23113 1
23133 1
23197 1
23238 1
23247 1
23268 1
23314 1
23449 1
23480 1
23541 1
23552 2
23676 1
23701 1
23743 1
23790 1
23919 1
24042 1
24080 1
24100 1
24122 2
24124 1
24245 1
24284 1
24310 1
24569 1
24576 8
24631 1
24768 1
24912 1
24989 1
24990 1
25039 1
25058 1
25077 1
25079 1
25146 1
25159 1
25216 2
25272 1
25326 1
25338 1
25356 1
25364 1
25562 1
25574 1
25600 5
25613 1
25618 2
25760 1
26113 1
26146 1
26153 1
26226 1
26239 1
26252 1
26287 1
26322 2
26330 2
26332 1
26370 1
26464 1
26502 1
26571 1
26624 1
26627 1
26741 1
26748 1
26873 1
26878 1
26931 1
27050 1
27191 1
27258 1
27353 1
27402 1
27429 1
27467 5
27525 1
27538 1
27586 1
27592 2
27609 1
27634 1
27643 1
27663 1
27718 1
27804 1
27813 1
27829 1
27837 1
27895 1
27960 1
27978 1
27992 1
28038 1
28060 2
28176 1
28234 1
28289 1
28391 1
28392 1
28481 1
28580 1
28672 4
28684 1
29221 1
29253 1
29472 1
29514 1
29671 1
29687 1
29690 1
29898 1
30314 1
30326 1
30744 1
30775 2
30794 1
30839 1
30862 1
30964 1
30994 3
31048 1
31119 1
31149 1
31151 1
31328 1
31375 2
31428 1
31440 1
31970 1
32228 2
32265 1
32279 1
32768 2
32769 1
32772 1
32988 1
33582 1
33792 4
33819 1
34104 1
34508 1
34549 1
34559 1
34721 1
34735 1
34783 1
35138 1
35291 1
35336 1
35557 1
35668 1
35840 2
36040 1
36077 1
36183 1
36298 1
36321 1
36654 1
36675 1
36708 1
36790 2
37177 1
37606 1
37646 1
37673 1
37770 1
37888 3
38345 1
38368 1
38380 1
38538 1
38578 1
39091 1
39306 1
39407 2
39758 1
39767 1
39773 1
40115 1
40489 1
40731 1
40745 1
40829 1
41010 1
41047 1
41159 1
41176 1
41355 1
41361 1
41372 1
41480 1
41481 1
41582 1
41696 1
41801 1
41977 1
41998 1
42158 1
42695 1
43470 1
43636 1
43652 1
43684 1
43687 1
43697 1
43782 1
44056 1
44133 1
44307 1
44490 1
44582 1
44837 1
45056 3
45328 1
45400 1
45423 1
45475 1
45501 1
46024 1
46052 1
46262 1
46753 1
47104 2
47991 1
48127 1
48128 1
48565 1
49188 1
49360 1
49395 1
49539 1
49579 1
49639 1
49734 1
49785 1
50798 1
51106 1
51312 1
51505 1
52088 1
52208 1
52894 1
52953 1
52986 1
53282 1
53372 1
54512 1
54725 1
54980 1
55172 1
55197 1
55681 1
56020 1
56040 1
56131 1
56144 1
56526 1
57100 1
57170 1
57344 1
57962 1
58502 1
58518 1
58581 1
58642 1
58825 1
58848 1
59002 1
59167 1
59702 1
60206 1
60239 1
61219 1
61227 1
61454 2
61471 1
61801 1
62030 1
62285 1
62464 2
62807 1
62916 1
62966 1
63226 1
63247 1
63662 1
63673 1
63784 1
63879 1
64033 2
64473 1
64512 1
64592 1
64656 2
64712 1
64954 1
65350 1
65535 2
65536 1
65679 1
66225 1
66303 1
67344 1
67777 1
68051 1
68511 1
68696 1
68989 1
69037 1
69593 2
70067 1
70144 1
71809 1
72937 1
73486 1
73728 1
73926 1
74242 2
74307 1
75397 1
75401 1
75543 1
75868 1
76104 1
76156 1
76603 1
76994 1
77482 1
77802 1
77824 2
79930 2
81129 1
82601 1
83468 1
84041 2
84773 1
84905 1
85433 1
86232 1
86807 1
86927 1
88809 2
89736 1
89787 1
89888 1
90088 1
90658 1
92160 1
92692 1
93008 1
93942 1
94208 2
94332 1
94562 1
94760 1
94959 1
95961 1
96195 1
96285 2
96467 1
96576 1
96785 1
97026 1
97306 1
97516 2
98304 1
99351 1
100409 1
100549 1
101972 1
102289 1
103575 1
103713 1
105507 1
105961 1
106496 1
106734 1
108183 1
108198 1
109453 1
110219 1
111288 1
111831 1
112436 1
112944 1
113449 1
114074 1
115032 1
115275 1
115823 1
116508 1
116664 1
116667 1
118883 1
119180 1
119211 1
119225 1
120378 1
121255 1
121596 1
123570 1
124763 1
126210 1
126373 1
126486 1
126849 1
128314 1
128558 1
129085 2
129360 1
129361 1
130453 1
131917 1
131942 1
132124 2
132559 1
134799 1
136307 1
136656 1
138870 1
139979 1
141816 1
142203 1
142560 1
145086 1
145316 1
146868 1
147550 1
149508 1
149614 1
149799 1
151841 1
154673 1
154747 1
155872 1
156155 1
156816 1
158163 1
159072 1
159829 1
160507 1
162476 1
163069 1
164851 1
164910 1
167746 1
169697 1
170464 1
177377 1
177385 1
179375 1
179997 1
182196 1
182352 1
184937 1
185331 1
186792 1
193788 1
194560 2
195550 1
197581 1
198167 1
198292 1
200936 1
201900 1
207599 1
208266 1
208925 1
211176 1
211404 1
212218 1
212480 3
213026 1
220233 1
220999 1
221799 1
222272 1
224912 1
228123 1
232437 1
235723 1
239790 1
246519 1
248070 2
249307 1
249490 1
250595 1
251476 1
252110 1
253570 1
257877 1
261187 2
262617 2
262673 1
262765 1
263023 1
267492 1
269497 1
272097 1
278528 1
278933 1
282729 1
285345 1
286524 1
287695 1
289748 1
294880 1
294912 1
297284 1
297684 1
297847 1
298217 1
303104 1
307639 1
319541 1
322167 1
325606 1
327595 1
331296 1
340276 1
347116 1
347740 1
349369 1
352118 1
356192 1
361472 1
366988 1
367727 1
369105 1
374502 1
375302 2
385024 1
385607 1
387160 1
391510 1
398339 1
406990 1
412918 1
414577 1
429290 1
431341 1
431367 1
431498 1
455913 1
470540 1
474395 1
475849 1
488492 1
490411 1
510744 1
514584 1
520622 1
520711 1
535172 1
542720 1
554358 1
559446 1
569669 1
577310 1
585505 1
600277 1
622656 2
660353 1
660689 1
663840 1
672784 1
672986 1
698957 1
710873 1
784910 1
805648 1
851723 1
887099 1
914338 1
938289 1
970380 1
989456 1
1003981 1
1007692 1
1007793 1
1015699 1
1055744 1
1090699 1
1199013 1
1224001 1
1259520 1
1383869 1
1423079 1
1441890 1
1583990 1
1804650 1
1909616 1
2046950 1
2086849 1
2103306 1
2263676 1
2350822 1
2385854 1
2423830 1
3161368 1
3768900 1
4465212 1
4649979 1
5601374 1
8291763 1
17554551 1
