0 14
374 1
512 4
1024 3
1536 1
1543 1
2048 3
2463 1
3072 3
3646 1
3683 1
6456 1
6815 1
12172 1
15630 1
21345 1
23551 1
36237 1
40633 1
110978 1
119866 1
122880 1
177902 1
204623 1
265300 1
329776 1
333547 1
401389 1
448254 1
483279 1
618202 1
820300 1
976547 1
1076717 1
1189924 1
1196510 1
1209044 1
1251826 1
1344243 1
1619913 1
1629727 1
1767167 1
1832291 1
2219424 1
2936634 1
3085184 1
3290565 1
3603102 1
3777578 1
4022956 1
4140897 1
4150945 1
4738676 1
4908814 1
4938253 1
5057691 1
5385298 1
5937211 1
6068971 1
6274131 1
6378509 1
6613992 1
7032630 1
7819035 1
7851294 1
9242832 1
9363610 1
10597738 1
12870328 1
14167265 1
14261318 1
