36 2
46 4
48 12
63 1
72 1
74 2
80 2
82 3
84 1
88 2
90 1
95 2
118 1
136 1
143 2
144 2
191 1
194 2
203 1
205 2
219 2
267 2
270 2
274 2
281 1
287 2
313 2
417 2
422 2
472 2
512 67
534 3
613 5
630 1
688 1
694 1
708 1
726 1
750 2
758 1
782 2
790 2
848 2
896 2
937 2
982 1
1023 2
1024 2
1035 2
1075 2
1105 2
1122 2
1132 2
1162 2
1170 2
1202 5
1238 1
1250 2
1255 3
1277 2
1310 3
1334 1
1336 2
1430 1
1454 2
1462 1
1536 4
1537 2
1558 1
1590 1
1611 2
1626 2
1638 2
1732 2
1750 1
1754 3
1878 1
1911 1
1912 2
1928 1
1974 1
1997 5
2048 6
2134 1
2168 1
2190 26
2234 1
2262 1
2281 1
2365 1
2422 1
2440 2
2656 2
2678 1
2742 1
2751 2
2855 2
2966 1
3072 1
3126 1
3143 3
3270 2
3388 1
3414 2
3510 1
3560 1
3584 1
3611 1
3613 5
3625 2
3766 1
3970 3
4096 1
4150 1
4340 1
4470 1
4521 1
4633 1
4854 1
4886 1
4966 1
4988 3
5110 1
5270 1
5302 2
5340 2
5433 1
5746 3
5750 1
5814 2
5846 1
6018 3
6144 1
6280 2
6659 1
6820 3
6952 2
7111 2
7190 1
7216 2
7400 2
7534 2
7700 2
7720 2
7754 2
7766 1
7798 2
7863 5
7864 2
8022 1
8032 2
8187 4
8314 2
8332 2
8510 1
8525 1
8702 1
8726 1
8772 2
9013 2
9174 1
9187 2
9313 2
9315 2
9398 1
9485 2
9526 1
9590 1
9764 3
9968 2
10038 1
10422 2
10447 1
10505 1
10716 3
11350 1
11433 2
12135 2
12551 1
12644 2
12880 2
13054 1
13280 2
13806 2
13963 2
14156 2
14539 1
14976 1
15092 2
15127 2
15146 2
15156 2
15168 2
15172 2
15175 2
15187 2
15194 2
15195 2
15210 2
15225 2
15226 2
15237 2
15245 2
15267 2
15272 2
15325 2
15358 2
15360 2
15374 5
15386 1
15405 2
15417 2
15432 2
15439 2
15442 2
15448 4
15451 2
15457 2
15459 2
15460 2
15474 2
15475 2
15485 2
15494 2
15498 2
15510 2
15518 2
15548 2
15564 2
15570 2
15579 2
15591 2
15598 2
15619 2
15642 2
15649 2
15680 1
15711 2
15724 2
15934 2
16384 22
16558 1
16568 2
16963 2
17165 1
17231 1
17267 1
17313 1
17721 2
17875 2
18129 2
18398 2
18548 4
19003 2
19224 2
19285 2
19400 2
19811 2
19994 1
20965 2
22208 2
22360 3
22474 2
24008 1
24576 16
24995 1
25491 2
25509 4
26995 2
27462 4
27896 1
29168 4
29846 1
30318 2
30624 4
31634 2
32144 4
32275 1
32768 4
34288 2
35241 2
35274 4
35759 8
35889 2
36091 2
36436 2
38285 2
38379 4
39789 4
39811 1
40140 1
40272 3
40622 2
40960 2
41284 2
41590 2
41642 4
42692 3
43026 4
43417 2
44210 1
44293 1
47104 1
47617 2
48562 2
48982 1
49152 2
49675 2
50299 2
50580 2
51002 2
51029 1
51047 2
54272 4
55302 2
55744 2
55984 2
59939 2
60787 2
62582 2
65536 4
65800 4
65806 1
66008 4
66560 1
69084 4
70516 2
72309 2
73728 4
73963 4
74913 2
76068 4
78081 4
78412 1
78824 4
78848 1
80188 4
81714 1
81920 6
82131 2
82140 6
87200 1
95744 1
100352 1
100424 8
100720 8
102005 4
105248 1
107260 3
108032 1
109180 2
109368 1
109704 2
109760 1
109793 2
112864 1
113984 4
114014 4
114688 2
114853 4
119175 2
121107 4
121355 4
124072 3
124766 2
126389 4
128426 1
138320 4
142848 1
147456 3
147462 2
153184 1
158652 3
162555 2
167392 4
174592 1
175232 1
175984 1
176640 1
181984 1
190144 1
197984 4
198988 4
210944 2
222448 2
223209 2
231878 4
232003 4
243340 2
243343 2
256716 4
259584 1
292195 2
292558 2
294912 2
307874 4
311808 1
317905 2
318196 2
318226 2
319488 4
327169 2
328345 2
333903 2
343673 2
352776 4
394035 1
408331 2
408642 2
409907 2
410256 2
426576 2
427525 2
427646 2
427854 2
427951 2
428015 2
428228 2
428316 2
428504 2
428542 2
428592 2
428610 2
428662 2
428760 2
428849 2
428954 2
429022 2
429111 2
429126 2
429206 2
429242 2
429436 2
429806 2
429988 2
430242 6
430251 2
430261 2
430279 2
430323 2
430329 2
430348 2
430364 2
430383 2
430415 2
430452 2
430455 2
430482 2
430491 2
430639 2
430968 2
431583 2
437734 2
495147 1
548864 4
659456 2
780688 1
843059 1
1015604 4
1081344 2
1105920 6
1142784 2
1268224 1
1272040 6
1430668 2
1512536 3
1513832 2
1521512 3
1840138 1
3430400 2
3584556 4
6832128 3
11155740 3
11169792 2
