0 10
8 1
32 1
43 1
69 1
79 1
87 2
93 1
110 1
149 2
150 1
162 1
163 1
167 1
172 1
175 1
178 1
179 1
187 1
194 1
196 1
198 1
202 1
207 1
209 1
218 1
228 3
230 1
231 2
244 1
245 1
258 1
266 1
267 1
278 1
295 1
299 1
306 2
314 1
315 1
318 3
320 1
322 1
323 3
328 3
330 1
352 2
359 2
365 1
367 1
374 1
394 1
402 1
407 1
418 1
445 1
449 1
454 1
458 1
460 1
477 1
481 2
489 1
500 1
512 93
535 1
556 1
562 1
576 1
588 1
596 1
601 1
603 1
605 1
613 1
632 1
645 1
647 1
720 1
728 1
749 1
758 1
764 2
769 1
786 2
791 1
802 1
823 1
826 1
837 2
842 1
853 1
856 1
857 1
860 1
882 1
890 2
899 1
912 1
915 1
918 1
921 1
930 1
951 1
977 1
990 2
999 1
1003 1
1007 1
1010 1
1012 1
1014 1
1024 11
1059 1
1063 1
1068 3
1112 1
1114 1
1130 1
1136 1
1150 1
1153 1
1178 1
1260 1
1263 1
1282 1
1305 1
1330 1
1352 1
1359 1
1395 1
1420 2
1437 1
1502 1
1536 3
1571 2
1576 1
1609 1
1648 1
1653 2
1679 1
1721 1
1731 1
1761 1
1791 1
1807 1
1814 1
1837 1
1888 1
1932 1
1981 1
1988 2
2016 4
2048 2
2059 1
2092 1
2136 1
2141 2
2170 1
2203 1
2205 1
2225 1
2291 2
2312 1
2334 1
2337 1
2383 2
2492 1
2507 1
2518 1
2585 2
2593 2
2597 1
2674 1
2676 1
2713 1
2725 1
2730 1
2797 2
2808 1
2908 1
3016 1
3025 1
3028 2
3060 1
3146 1
3160 1
3207 1
3293 1
3325 1
3396 1
3420 2
3436 1
3458 1
3480 1
3533 1
3542 1
3550 1
3579 1
3659 1
3664 1
3667 1
3693 1
3769 3
3803 1
3854 1
3859 1
3877 1
3897 1
4060 1
4067 1
4072 1
4078 1
4177 1
4194 1
4239 1
4310 2
4316 1
4424 1
4456 1
4472 1
4595 2
4621 1
4638 1
4807 1
4825 1
4831 1
4876 2
4920 2
4989 1
4990 1
4993 1
5198 1
5229 1
5235 1
5327 1
5346 1
5408 1
5494 2
5498 1
5516 1
5543 1
5577 1
5584 1
5593 1
5605 1
5615 1
5642 1
5701 1
5742 1
5836 1
5838 1
5850 1
5979 1
5989 1
6017 1
6056 1
6083 1
6092 1
6243 1
6334 1
6339 1
6371 1
6416 1
6454 1
6500 1
6586 1
6622 1
6661 1
6666 1
6667 1
6669 1
6710 1
6763 1
6849 1
6864 1
6884 1
6994 1
7001 1
7010 1
7139 1
7210 1
7224 1
7236 1
7244 1
7269 1
7300 1
7320 2
7331 1
7348 1
7386 1
7413 1
7436 1
7441 1
7519 1
7532 1
7574 1
7619 1
7657 1
7690 1
7699 1
7788 1
7804 1
7848 1
8156 1
8192 2
8215 2
8242 1
8244 1
8291 1
8395 1
8523 1
8590 1
8637 1
8720 1
8856 1
8995 1
9014 2
9284 1
9315 1
9387 1
9417 1
9485 1
9509 1
9521 1
9735 1
9782 1
9807 1
9854 1
9990 1
10156 1
10174 1
10243 1
10302 1
10475 1
10774 1
10789 1
10794 1
10930 1
10990 1
11032 1
11102 1
11221 1
11264 1
11270 1
11342 1
11476 1
11610 1
11643 1
11962 1
12272 1
12601 1
12668 1
12811 1
12928 1
13243 1
13267 1
13303 1
13526 1
13568 1
13819 1
13824 1
13846 1
14336 1
14486 1
14502 1
14520 1
14547 1
14735 1
14812 1
14984 1
15079 1
15087 1
15092 1
15127 1
15146 1
15156 1
15168 1
15172 1
15175 1
15187 1
15194 1
15195 1
15210 1
15225 1
15226 1
15237 1
15245 1
15267 1
15272 1
15325 1
15358 1
15360 1
15390 1
15405 1
15417 1
15432 1
15439 1
15442 1
15448 2
15451 1
15457 1
15459 1
15460 1
15474 1
15475 1
15485 1
15494 1
15498 1
15510 1
15518 1
15548 1
15564 1
15570 1
15579 1
15591 1
15598 1
15619 1
15642 1
15649 1
15651 1
15700 1
15711 1
15714 1
15724 1
15768 1
16094 1
16325 1
16384 1
16493 1
16521 1
16690 1
16913 1
17048 1
17113 1
17244 1
17591 2
17627 1
17737 2
17771 1
17905 1
18002 1
18227 1
18258 1
18432 1
18821 1
18929 1
19027 1
19456 1
19470 1
19622 1
19676 1
19731 1
20458 1
20480 2
20879 1
21378 2
21504 1
21614 2
21724 2
21926 1
22349 1
22458 1
22528 2
22531 1
22602 1
23019 2
23046 2
23067 2
23113 2
23133 2
23147 1
23238 2
23268 2
23359 1
23404 1
23449 2
23748 1
23777 1
23808 1
23841 1
23940 1
23964 1
24044 1
24100 1
24345 1
24372 1
24443 1
24454 2
24530 1
24576 1
24620 1
24649 1
24790 1
24939 1
25217 1
25316 1
25355 1
25436 1
25710 1
25915 1
25941 1
26192 1
26624 3
26657 1
26713 1
26805 1
26835 1
26850 1
27003 2
27030 1
27079 1
27123 1
27288 1
27299 1
27335 1
27397 1
27424 1
27470 1
27495 1
27648 1
27734 2
27767 1
27895 1
27948 1
28035 1
28211 1
28376 2
28494 1
28664 1
28672 2
28750 1
28762 1
28790 1
28917 1
28920 1
28951 1
29013 1
29291 1
29523 1
29565 1
29696 3
29699 1
29913 1
30000 1
30147 1
30197 1
30277 1
30297 2
30328 1
30625 1
30948 1
31024 1
31121 1
31183 2
31428 2
31515 1
31540 1
31557 2
31618 1
31744 1
31887 1
32024 2
32452 1
32768 2
32769 2
32829 1
32923 1
32956 1
33020 1
33075 1
33123 1
33323 1
33785 3
33995 1
34279 2
34285 1
34339 2
34473 1
34786 1
34816 2
34923 2
35113 1
35211 1
35221 2
35279 1
35302 1
35356 1
35358 1
35427 1
35505 1
35577 1
35840 2
35947 1
35990 2
36153 1
36170 1
36182 1
36279 1
36291 1
36350 1
36515 1
36593 1
36660 1
36764 1
36864 1
37038 1
37353 2
37392 1
37558 1
38403 1
38557 1
38912 2
38973 1
38991 1
39250 1
39650 1
39720 2
39805 1
39877 2
39922 1
40183 1
40316 1
40492 1
40592 1
40817 1
40902 1
41057 1
41372 1
41747 1
41804 1
42113 2
42215 1
42716 1
43049 2
43743 2
43981 2
44012 1
44032 2
44358 1
44402 1
44409 1
44501 1
44823 1
45056 4
45288 1
45304 1
45754 1
46406 1
46592 1
46830 1
47248 1
47365 1
47379 1
47442 6
47840 2
47991 1
48212 1
48227 1
48401 1
48508 1
48568 2
48732 1
48948 1
49100 1
49152 1
49372 1
49395 2
49413 1
49574 1
49609 1
49676 2
49811 1
49813 1
49829 1
49936 1
50505 1
50567 1
50966 1
51085 1
51155 1
51165 1
51247 1
51290 1
51313 1
51558 1
51577 1
51583 1
51714 1
51756 1
51871 1
52088 2
52202 1
52515 1
53004 2
53288 1
53362 2
53572 1
53758 2
53847 1
53908 1
54003 1
54292 2
54502 2
54770 1
54994 1
55119 1
55172 2
55296 1
55429 1
55681 2
55808 1
55976 2
56032 1
56102 1
56337 1
56793 2
56810 2
56851 1
57367 1
57775 1
58012 1
58086 1
58267 1
58321 1
58502 1
58691 1
58745 1
58834 1
59743 1
59948 1
59997 1
60038 1
60214 1
60241 1
60405 1
60598 1
60771 1
61051 1
61449 1
61611 1
61801 2
61828 1
62030 2
62033 2
62047 1
62524 1
63095 1
63391 1
63668 1
63863 1
64594 1
64602 1
65311 1
65361 1
65362 1
65535 1
65536 2
65951 1
66375 2
66642 1
66698 1
67259 1
68226 1
68261 1
68717 2
68819 1
69130 1
69875 1
70051 1
70087 1
70173 1
70217 1
70367 1
70507 1
70615 1
71605 1
71841 1
71975 1
72345 1
72400 1
72443 1
72527 1
72773 1
73643 1
73648 1
73657 1
73944 1
74100 1
74752 1
74931 1
75577 1
75931 2
76407 1
76785 1
77268 1
77824 1
78205 1
78969 1
79053 1
79494 1
79563 1
79697 1
79924 3
80138 1
80423 2
80458 1
80556 1
81357 1
81621 1
81663 2
81920 4
82005 2
82311 1
82413 1
82703 1
82707 1
82795 1
83007 1
83639 4
84096 2
84933 2
84994 1
84996 1
85007 1
85235 1
85524 1
85673 1
85676 1
86200 2
86447 1
87114 1
87335 1
87428 1
87525 1
87553 1
87949 1
88089 1
88994 1
89185 1
89406 2
90088 3
90112 1
90381 1
90431 1
90496 1
90627 1
90634 1
90802 1
91231 1
91692 1
92293 1
92600 1
93019 1
93091 1
94025 2
94045 1
94177 2
94760 2
94994 1
95161 1
95232 1
95437 1
95477 1
95478 1
95961 2
96687 1
96811 1
97191 1
97288 2
97577 1
97743 1
98304 1
98434 2
98721 1
98726 1
99672 1
99714 1
100273 1
100614 1
101860 1
102835 1
104255 1
104269 2
104876 1
105862 1
106496 1
107415 1
107483 1
107569 2
107574 1
107929 1
108132 1
108183 2
109351 1
110235 1
110479 1
110577 1
111217 2
111713 1
111855 2
113174 1
113419 1
113750 1
115847 1
115850 1
116113 2
116664 2
116837 1
117255 1
117386 1
118298 1
118534 1
118669 1
119602 1
120123 1
120259 1
120922 1
121255 2
122473 1
122739 1
122880 2
123875 1
123880 1
125893 1
126373 3
126752 1
127188 1
127904 1
128999 1
129035 1
129906 1
129930 1
130145 1
130166 1
131508 1
132019 1
132096 1
132119 1
132184 1
132746 1
133092 1
133709 1
134076 1
134198 1
134277 1
134478 1
134515 1
135410 1
136824 2
136920 1
136937 1
136999 1
137037 1
137375 1
137639 2
138049 1
138138 2
138205 1
138383 1
138716 1
138718 1
139522 1
141047 1
141539 1
143104 1
144273 1
144550 1
145884 1
146299 1
147259 1
148082 2
148315 1
148480 1
149164 1
149321 1
149387 1
150567 1
150769 1
150828 1
151182 1
152417 1
153101 2
153477 1
153600 3
154352 1
154556 1
154747 2
156816 2
158163 2
158331 1
158673 1
159274 1
159829 2
160453 1
161484 1
161567 1
162116 1
163748 1
164097 1
165983 1
167191 1
167811 1
168223 1
169230 1
169984 1
172744 1
173134 1
174794 1
176704 1
176708 1
177367 2
179738 1
179830 1
180389 1
181053 1
181491 1
182196 3
182313 1
182565 1
183296 1
183515 1
183758 1
184857 1
185331 2
186248 1
187189 1
187836 1
188070 1
191648 1
192556 1
193650 1
196271 1
196578 1
196805 1
198656 1
199943 1
201811 1
201963 1
204275 1
204814 2
206030 1
206500 1
210402 2
212269 1
216938 1
217884 1
219019 1
220881 2
221058 1
221099 1
222464 1
224685 2
226295 1
229343 1
229488 2
230406 1
230786 1
230861 1
231197 1
232524 1
234519 3
235521 1
236751 1
237571 1
238725 1
238973 1
239686 1
240297 1
242381 2
242978 1
247061 1
247497 1
250705 1
253570 2
254403 1
255773 1
256827 1
257385 1
263157 1
264438 1
266389 1
266981 1
267475 1
268826 1
269126 2
269864 1
275972 1
278152 1
278195 1
279914 1
282279 1
283029 1
283428 1
287618 2
288110 1
288315 1
296847 1
301094 1
304164 1
306061 1
307334 1
317422 1
320106 1
320352 2
331296 4
332869 2
337920 1
341780 1
342282 1
344756 1
345011 1
347776 1
352118 2
352256 1
353280 1
356047 1
360448 1
372979 1
375036 1
376392 1
376433 1
376494 1
383671 1
387225 1
387371 2
393424 2
394129 1
395087 2
400469 1
403708 1
407715 1
412447 1
413396 1
414590 1
414697 1
421029 1
428193 1
434507 1
440500 1
442719 1
447446 1
454513 1
460599 1
467234 1
467568 1
468073 1
471755 2
488605 1
498437 1
498491 1
499006 1
519579 2
522240 1
525318 1
527360 1
539696 1
551682 1
563959 2
565248 1
566830 1
580761 2
580892 1
593056 1
593773 2
598016 1
604750 1
625207 1
627145 1
634430 1
637661 1
637895 1
641586 1
644245 2
646276 2
652337 1
660353 1
662777 2
664703 1
668520 1
679446 1
679751 2
679936 1
686294 1
689555 1
693835 1
698917 1
705327 1
707091 1
708945 2
713840 1
714752 1
717460 1
725543 1
729088 1
734988 1
737352 1
760832 1
768871 2
787413 2
788156 1
795713 1
799542 1
803516 1
805626 1
809588 1
812202 1
822561 2
825394 1
825796 1
863538 1
878319 1
889518 1
890713 1
891253 1
900212 1
907922 1
908029 1
925189 1
927943 1
944128 1
969620 1
982854 1
1032193 1
1042966 1
1058477 2
1060864 1
1070009 2
1075185 1
1115393 1
1153578 1
1165855 1
1169047 1
1189615 1
1198080 1
1203700 1
1225728 1
1241425 1
1260259 1
1277794 2
1289667 1
1339392 1
1339666 1
1342348 1
1349430 1
1409716 1
1431661 1
1498227 1
1554823 1
1580623 1
1727926 2
1731112 1
1736861 2
1758697 1
1789487 1
1803809 1
1894959 1
2079076 1
2086849 1
2111747 1
2115370 1
2197485 1
2326729 1
2415033 2
2501049 1
2586808 1
2775697 1
2893360 1
2926919 1
3060074 1
3874816 1
4239532 1
4777610 1
5519360 1
59435708 1
