0 523
1 22
2 7
3 36
4 3
5 1
7 1
8 46
9 1
10 15
11 2
12 7
13 18
14 3
15 5
16 3
17 6
18 4
19 11
20 19
21 3
22 6
23 38
24 106
25 18
26 7
27 16
28 31
29 4
30 20
31 10
32 4
33 34
34 5
35 10
36 9
37 4
38 108
39 11
40 6
41 88
42 240
43 4
44 10
45 7
46 24
47 118
48 24
49 163
50 8
51 47
52 4
53 12
54 5
55 11
56 20
57 30
58 5
59 3
60 1
61 3
62 7
63 5
64 12
65 2
66 6
67 8
68 6
69 2
70 17
71 6
72 5
73 163
74 4
75 1
76 5
77 9
78 5
79 4
80 11
81 12
82 6
83 2
84 14
85 35
86 5
87 9
88 20
89 17
90 9
91 593
92 14
93 16
94 11
95 5
96 2
97 5
98 4
99 6
100 6
101 4
102 9
103 11
104 9
105 110
106 6
107 4
108 6
109 3
110 86
111 3
112 7
113 2
114 14
115 5
116 2
117 7
118 1
119 80
120 2
121 21
122 13
123 4
124 4
125 3
126 2
127 9
128 2
129 13
130 2
131 6
132 7
133 6
134 9
135 7
136 3
137 2
138 24
139 7
140 13
141 7
142 4
143 7
145 299
146 4
147 7
148 15
149 4
150 3
151 8
153 9
154 4
155 3
156 11
157 5
158 293
159 4
160 2
161 85
162 4
163 1
164 2
165 3
166 5
167 2
168 7
169 2
170 18
171 4
172 6
173 2
174 9
175 2
176 1
177 2
178 2
179 7
180 5
181 1
182 3
183 6
184 2
185 3
186 5
187 8
188 13
189 38
190 2
191 6
192 3
193 338
194 15
195 8
196 8
197 6
198 7
199 30
200 12
201 7
202 3
203 2
204 8
205 6
206 5
207 3
208 14
209 55
210 3
211 5
212 23
213 11
214 11
215 1
216 7
217 4
218 7
219 6
220 6
221 2
222 5
223 3
224 2
225 3
226 3
227 24
228 10
229 9
230 6
231 5
232 4
233 2
234 7
235 59
236 6
237 8
238 2
239 13
240 4
241 6
242 7
243 5
244 11
245 5
246 4
247 4
248 2
249 13
250 3
251 3
252 15
253 3
254 5
255 2
256 6
257 3
258 9
259 4
260 1
261 6
262 3
263 18
264 6
265 4
266 5
267 5
268 5
269 6
270 9
271 6
272 7
273 18
274 1
275 34
276 5
277 7
278 5
279 6
280 6
281 30
282 43
283 6
284 4
285 15
286 29
287 17
288 54
289 75
290 3
291 9
292 2
293 21
294 32
295 5
296 5
297 23
298 6
299 7
300 5
301 27
302 9
303 32
304 15
305 7
306 5
307 2
308 11
309 8
310 1
311 4
312 5
313 9
314 14
315 6
317 10
318 6
319 5
320 7
321 15
322 4
323 2
324 8
325 3
326 3
327 27
328 2
329 6
330 5
331 4
332 5
333 4
334 5
335 8
336 8
337 2
338 13
339 3
340 2
341 2
342 4
343 7
344 5
346 3
347 5
348 7
349 9
350 1
351 4
352 2
353 9
354 2
355 29
356 23
357 46
358 10
359 4
360 13
361 5
362 3
363 3
364 6
365 11
366 21
367 26
368 6
369 2
370 16
371 9
372 10
373 2
374 14
375 2
376 5
377 9
378 4
379 1
380 7
381 28
382 5
383 4
384 4
385 28
386 3
387 3
388 1
389 2
390 7
391 10
392 8
393 5
394 2
395 1
396 5
397 4
398 3
399 4
400 3
401 3
402 5
403 1
404 1
405 2
406 4
407 5
408 5
409 23
410 28
411 4
413 1
414 4
415 2
416 3
417 4
418 6
419 3
420 4
421 8
422 6
423 4
424 2
425 12
427 5
428 9
429 6
430 17
431 4
432 7
433 11
434 2
435 4
436 5
438 5
439 2
440 3
441 6
442 3
443 3
446 5
447 3
448 4
449 11
450 6
451 4
452 4
453 2
454 3
455 6
456 6
457 5
458 3
459 7
460 3
461 4
462 4
463 1
464 3
465 3
466 13
468 3
469 15
470 1
471 2
472 3
473 10
474 3
475 4
476 4
477 2
478 3
479 3
480 4
481 5
482 2
483 2
484 1
485 5
486 7
487 1
488 2
489 5
490 3
491 5
492 8
493 5
494 5
495 7
496 2
497 6
498 5
499 16
500 2
501 6
502 6
503 17
504 2
505 4
506 2
507 9
508 3
509 3
510 3
511 2
512 3
513 1
514 2
516 7
517 8
518 3
519 4
520 3
521 5
522 8
523 6
524 9
525 2
526 1
527 1
528 4
530 7
531 13
532 1
533 1
534 8
535 11
536 5
537 6
538 1
539 7
540 3
541 3
543 17
544 4
545 21
546 4
547 5
548 2
549 11
550 12
551 4
552 2
553 8
554 1
555 8
556 7
557 6
558 8
559 6
560 5
561 2
562 4
563 4
564 6
565 6
566 2
567 12
568 3
569 5
570 12
571 3
572 2
573 3
574 1
575 6
576 3
577 4
578 13
579 5
580 4
581 2
582 4
583 7
584 2
585 5
586 5
587 5
588 7
589 3
590 6
591 3
592 1
593 5
594 2
595 3
596 6
597 2
598 2
599 2
600 2
601 4
602 12
603 8
604 8
605 6
606 3
607 11
608 6
609 1
610 2
611 8
612 2
613 6
614 2
615 2
616 5
617 13
618 12
619 7
621 3
622 17
623 2
624 2
625 3
626 3
627 3
628 8
629 4
630 4
631 2
632 5
633 6
634 4
635 1
636 5
637 3
638 3
639 2
640 6
641 10
642 13
643 8
644 8
645 3
646 4
647 1
648 2
649 4
650 1
651 3
652 9
653 1
654 7
655 2
657 8
658 9
659 2
660 4
661 2
662 1
663 3
664 1
665 5
666 4
667 2
668 1
669 7
670 9
671 9
672 3
673 1
675 1
676 9
677 4
678 4
679 3
680 7
681 4
682 4
683 3
684 6
685 2
686 3
687 1
688 2
690 2
691 5
692 5
693 5
694 3
695 5
696 10
697 3
698 4
699 4
700 2
701 8
702 3
703 7
704 20
705 1
706 1
707 4
708 2
709 2
710 5
712 6
713 7
714 3
715 39
716 3
717 2
718 3
719 4
720 1
721 6
722 2
723 7
724 2
725 3
726 4
727 4
728 8
730 4
731 3
732 2
733 3
734 2
735 4
736 4
737 6
738 17
739 1
740 3
741 4
742 3
743 3
744 4
745 4
746 3
747 4
748 1
749 7
750 2
751 2
752 9
753 2
754 2
755 1
756 2
757 4
758 7
760 3
761 1
762 5
763 3
764 2
765 4
766 11
767 2
768 2
769 3
770 7
772 3
773 2
774 9
775 16
776 5
777 5
778 12
779 8
780 12
781 5
782 8
783 3
784 3
785 11
786 5
787 2
788 8
789 7
790 6
791 3
792 5
793 2
794 6
796 6
797 3
798 2
799 6
800 6
801 3
802 4
803 5
804 5
805 12
806 2
807 4
808 9
809 13
810 11
811 6
812 4
813 7
814 4
815 3
816 3
817 6
818 3
819 2
820 1
821 2
822 6
823 5
824 1
825 2
826 1
827 2
828 6
830 2
831 2
832 4
833 4
834 3
835 4
836 5
837 2
838 2
839 6
840 1
841 1
842 3
843 3
844 3
845 4
847 2
848 1
850 4
851 4
852 2
853 4
854 4
855 2
856 2
857 1
858 2
859 4
861 1
862 7
863 1
864 4
865 8
866 3
867 1
868 2
869 3
873 7
874 1
875 11
876 4
877 2
878 7
879 10
880 2
881 6
882 5
883 5
884 5
885 2
886 6
887 8
888 3
889 1
890 6
891 7
892 5
893 1
894 4
895 11
896 4
897 5
898 2
899 3
900 1
901 3
902 1
903 4
904 5
905 1
906 1
907 1
908 7
909 4
910 1
911 6
912 2
913 2
915 1
916 7
917 6
918 2
919 1
920 1
921 6
922 4
925 6
926 3
927 9
928 2
929 3
930 1
931 1
932 1
933 4
934 2
936 5
937 2
938 3
940 1
942 2
943 1
945 10
946 2
947 4
948 1
949 3
950 1
951 3
952 1
953 2
954 3
955 7
956 4
957 2
958 1
960 1
961 2
962 1
963 3
965 2
966 2
967 4
968 4
969 4
971 4
972 3
973 4
974 2
975 3
976 4
978 1
979 3
980 2
981 5
982 4
983 3
984 3
985 5
986 3
987 3
988 1
989 1
990 1
991 2
992 1
993 1
994 2
995 3
996 6
997 1
998 5
999 3
1000 3
1001 3
1002 2
1003 5
1004 4
1005 3
1006 1
1007 9
1008 5
1009 4
1010 2
1011 1
1012 3
1013 6
1014 2
1015 4
1016 1
1017 10
1018 4
1020 5
1021 1
1022 3
1023 6
1024 2364
1025 2
1027 8
1028 4
1029 3
1030 1
1031 4
1032 1
1033 4
1034 4
1035 2
1036 9
1037 7
1038 1
1039 3
1040 2
1041 1
1042 1
1043 7
1044 2
1045 1
1046 4
1048 1
1049 1
1051 3
1052 2
1053 9
1054 1
1055 3
1056 5
1057 2
1058 3
1059 2
1060 1
1061 1
1063 2
1064 5
1065 2
1066 1
1067 3
1068 3
1069 1
1070 3
1071 3
1072 2
1073 1
1074 2
1075 3
1076 5
1077 3
1078 1
1079 1
1080 3
1081 2
1082 1
1083 3
1084 4
1085 1
1086 2
1087 3
1088 5
1089 3
1090 1
1091 3
1092 4
1093 4
1094 2
1095 2
1096 2
1097 2
1098 4
1099 4
1100 1
1101 1
1102 1
1103 4
1104 2
1105 2
1106 1
1107 1
1108 1
1109 1
1110 1
1111 2
1112 1
1115 2
1116 1
1117 3
1118 3
1119 3
1120 3
1121 1
1122 2
1124 2
1125 2
1126 5
1127 3
1128 1
1129 3
1130 1
1131 1
1132 1
1133 4
1134 2
1135 4
1137 2
1138 2
1139 4
1141 1
1142 5
1143 5
1144 3
1145 1
1146 2
1147 6
1148 6
1149 2
1150 1
1151 1
1152 2
1153 1
1154 3
1155 3
1156 3
1157 2
1158 1
1159 4
1160 4
1161 4
1162 2
1163 6
1164 4
1165 1
1166 1
1167 1
1168 2
1169 3
1170 1
1171 3
1172 2
1173 2
1174 1
1175 10
1176 3
1177 4
1178 3
1179 2
1180 2
1181 4
1182 2
1183 2
1184 3
1185 2
1186 8
1187 3
1188 5
1189 5
1190 3
1191 3
1192 4
1193 3
1194 3
1195 1
1196 5
1197 2
1198 2
1199 2
1200 2
1201 1
1202 1
1203 3
1204 2
1205 5
1206 3
1207 5
1208 5
1209 4
1210 4
1211 3
1212 1
1213 3
1214 4
1215 2
1216 4
1217 6
1220 5
1223 4
1225 3
1226 5
1228 1
1229 3
1230 3
1231 3
1232 3
1234 7
1235 2
1236 2
1237 4
1239 3
1240 2
1241 2
1242 13
1243 1
1244 4
1245 3
1246 4
1247 1
1249 4
1250 4
1252 4
1253 2
1254 2
1256 4
1257 2
1258 2
1260 2
1261 3
1262 4
1263 6
1264 7
1265 2
1266 2
1267 3
1268 1
1269 2
1270 2
1271 10
1272 3
1274 1
1276 1
1277 2
1278 2
1279 4
1280 2
1281 6
1282 2
1283 2
1284 6
1287 2
1288 1
1289 2
1290 8
1291 4
1292 1
1293 1
1294 2
1296 1
1297 1
1298 5
1299 4
1300 2
1301 3
1303 3
1307 1
1308 3
1309 2
1310 2
1311 1
1312 5
1313 3
1314 7
1315 3
1316 1
1317 2
1318 2
1319 1
1320 1
1321 4
1323 4
1324 2
1325 4
1326 2
1327 3
1328 1
1329 4
1330 3
1333 4
1334 2
1335 2
1336 10
1337 1
1338 2
1339 2
1340 5
1341 1
1342 2
1343 3
1344 4
1345 4
1346 4
1347 6
1348 1
1349 1
1350 2
1351 5
1352 5
1353 1
1354 1
1356 9
1357 1
1358 4
1359 3
1361 3
1362 2
1363 4
1364 3
1365 6
1366 12
1367 7
1368 3
1369 2
1370 7
1371 3
1373 1
1374 2
1375 1
1376 2
1377 3
1378 3
1379 2
1380 1
1381 4
1382 3
1383 2
1384 5
1385 1
1387 2
1388 2
1389 4
1391 3
1392 2
1393 5
1394 1
1395 5
1396 2
1397 4
1398 4
1399 1
1400 2
1401 1
1403 2
1404 5
1405 1
1406 2
1407 2
1408 3
1409 4
1410 3
1411 3
1412 4
1413 3
1414 5
1416 2
1417 2
1419 1
1420 5
1421 2
1422 2
1423 3
1424 3
1425 2
1426 1
1427 1
1428 7
1429 6
1430 2
1431 1
1432 6
1433 1
1434 1
1436 3
1438 1
1439 11
1440 2
1442 6
1443 2
1444 2
1445 3
1446 1
1447 1
1448 2
1450 2
1451 1
1452 1
1453 2
1455 41
1456 2
1457 2
1458 2
1459 3
1460 1
1461 2
1462 4
1463 9
1464 3
1466 2
1467 2
1468 2
1469 1
1470 1
1472 2
1475 1
1476 1
1477 8
1478 2
1479 1
1480 2
1481 1
1482 2
1483 1
1484 1
1487 1
1488 3
1489 8
1490 4
1491 1
1492 5
1493 2
1494 1
1496 1
1497 2
1498 3
1499 3
1501 4
1502 3
1503 1
1504 2
1505 3
1507 2
1508 4
1509 7
1510 3
1511 3
1512 2
1513 2
1514 2
1515 2
1516 2
1517 3
1518 1
1519 2
1520 1
1523 4
1524 3
1525 2
1526 5
1527 1
1529 4
1530 2
1531 17
1532 1
1533 3
1534 1
1535 5
1536 6
1537 3
1538 4
1539 2
1540 6
1541 43
1542 4
1543 3
1544 7
1546 3
1547 2
1548 2
1549 7
1551 2
1552 3
1553 4
1554 2
1555 1
1556 7
1557 4
1558 2
1559 1
1560 2
1561 1
1562 1
1563 2
1565 6
1566 1
1567 15
1568 1
1569 5
1570 3
1571 28
1572 3
1573 1
1574 2
1575 2
1576 2
1577 2
1578 3
1579 5
1580 1
1581 1
1582 4
1583 2
1587 3
1588 6
1591 3
1592 3
1593 2
1594 5
1595 1
1598 2
1599 1
1600 1
1601 3
1602 4
1603 4
1604 3
1606 2
1607 2
1608 5
1609 1
1610 2
1611 1
1612 2
1615 3
1616 1
1617 1
1618 2
1619 9
1620 2
1621 2
1622 5
1623 6
1624 9
1625 4
1626 2
1627 3
1628 3
1629 3
1630 8
1633 2
1634 3
1635 1
1637 3
1638 3
1639 2
1643 4
1644 1
1645 2
1646 2
1647 2
1649 2
1650 2
1651 7
1653 1
1654 3
1655 2
1656 5
1657 1
1659 4
1660 3
1661 1
1662 2
1663 1
1665 1
1666 2
1667 3
1668 2
1669 4
1670 2
1672 2
1673 1
1675 1
1676 4
1677 2
1678 3
1679 2
1680 2
1681 3
1682 3
1683 2
1686 2
1687 1
1689 3
1690 2
1691 2
1692 1
1694 4
1695 3
1696 6
1697 3
1698 1
1699 2
1702 1
1703 2
1707 3
1708 1
1709 1
1710 2
1711 2
1712 7
1714 4
1715 3
1716 4
1717 1
1718 3
1719 1
1720 1
1721 1
1722 2
1723 5
1724 2
1725 6
1726 2
1727 1
1728 3
1729 1
1730 1
1731 3
1732 2
1733 3
1734 1
1735 1
1736 2
1738 1
1739 4
1740 1
1741 4
1742 4
1744 8
1745 15
1749 2
1750 2
1751 1
1754 188
1755 2
1756 1
1757 3
1758 4
1759 2
1760 1
1762 1
1763 1
1764 2
1765 3
1766 3
1767 1
1768 1
1770 1
1772 1
1773 5
1774 1
1775 6
1779 2
1781 1
1782 2
1783 2
1784 2
1785 1
1787 3
1788 2
1790 5
1792 1
1793 4
1794 3
1796 1
1797 3
1799 2
1800 5
1801 1
1802 1
1806 1
1807 1
1808 1
1810 1
1811 3
1812 2
1814 1
1815 1
1816 1
1817 1
1818 2
1819 2
1820 8
1821 1
1822 3
1823 2
1824 1
1825 2
1826 2
1827 2
1828 3
1829 1
1830 1
1831 1
1832 1
1834 1
1836 1
1839 4
1840 1
1842 2
1845 1
1846 1
1847 15
1848 2
1849 2
1850 1
1851 2
1852 1
1854 2
1858 1
1860 1
1861 1
1862 2
1863 3
1864 2
1865 1
1866 2
1867 1
1868 2
1869 3
1870 1
1871 3
1872 4
1873 1
1874 2
1875 2
1876 1
1878 4
1879 5
1880 1
1881 1
1882 8
1883 1
1885 2
1886 3
1887 3
1888 2
1889 3
1890 1
1891 1
1895 2
1896 1
1897 2
1898 2
1903 2
1904 1
1905 1
1906 4
1907 3
1908 1
1909 2
1910 3
1911 2
1912 2
1915 2
1916 3
1918 3
1919 1
1920 1
1922 1
1923 4
1924 2
1925 1
1926 1
1928 3
1930 1
1931 1
1932 1
1933 3
1934 2
1935 1
1937 2
1938 3
1939 1
1942 1
1943 2
1944 3
1945 1
1946 1
1947 3
1949 1
1951 1
1952 2
1953 1
1954 1
1955 2
1956 3
1959 1
1960 2
1961 2
1963 1
1964 4
1965 3
1967 3
1968 1
1971 1
1972 1
1973 1
1974 4
1975 2
1976 1
1977 1
1978 4
1979 2
1984 1
1985 2
1986 2
1987 2
1990 3
1991 2
1992 1
1993 4
1994 2
1997 2
1998 1
2001 2
2003 1
2006 1
2007 3
2009 2
2010 4
2011 1
2012 2
2013 2
2014 2
2015 1
2021 2
2022 2
2023 1
2027 1
2030 2
2032 1
2033 2
2036 3
2037 2
2038 2
2039 2
2042 1
2043 1
2044 2
2045 3
2046 2
2047 2
2048 86
2049 1
2050 2
2051 1
2052 1
2053 1
2054 1
2055 1
2056 3
2057 1
2058 1
2059 2
2060 1
2061 3
2062 1
2063 3
2066 2
2069 2
2072 1
2074 2
2075 3
2077 1
2078 1
2079 9
2080 2
2083 1
2086 2
2087 2
2088 8
2089 2
2091 2
2093 1
2094 3
2096 1
2097 2
2098 1
2101 1
2104 1
2106 1
2108 3
2111 2
2112 1
2113 2
2114 4
2115 4
2116 2
2118 2
2119 1
2120 1
2121 1
2122 1
2123 1
2124 1
2125 2
2127 1
2128 2
2129 2
2131 1
2133 1
2135 1
2136 3
2137 1
2139 2
2142 1
2144 1
2145 1
2146 1
2148 2
2149 4
2150 4
2151 1
2152 7
2153 3
2154 2
2155 1
2156 1
2160 4
2162 1
2164 1
2165 1
2166 1
2167 1
2168 1
2169 1
2170 6
2172 1
2173 6
2175 2
2177 5
2178 5
2179 2
2181 1
2182 3
2183 4
2184 2
2185 1
2186 4
2187 2
2188 4
2190 4
2192 1
2193 3
2194 1
2195 3
2196 12
2197 3
2198 1
2199 1
2200 2
2203 1
2204 1
2207 1
2208 1
2212 1
2213 1
2214 1
2215 1
2216 2
2217 2
2219 1
2222 2
2223 2
2224 1
2225 6
2226 3
2227 2
2228 2
2229 1
2231 1
2232 2
2233 1
2234 4
2237 1
2238 1
2241 1
2242 2
2243 1
2246 2
2249 3
2250 2
2253 2
2255 1
2256 4
2257 2
2258 2
2259 2
2260 1
2261 1
2264 1
2266 1
2267 1
2269 1
2270 1
2271 2
2272 1
2273 1
2274 1
2276 4
2277 2
2279 1
2280 2
2281 3
2283 1
2286 1
2288 3
2292 1
2293 1
2294 1
2295 1
2296 1
2297 1
2299 3
2301 1
2302 3
2303 2
2304 2
2306 1
2307 1
2308 2
2310 5
2311 1
2312 1
2313 2
2314 1
2317 4
2320 1
2322 1
2324 1
2325 1
2326 1
2328 3
2329 4
2330 1
2331 1
2333 1
2334 1
2335 2
2336 2
2337 1
2339 2
2340 2
2341 1
2342 4
2343 4
2344 3
2345 1
2346 1
2348 1
2350 4
2353 1
2354 2
2355 1
2357 2
2358 1
2359 1
2360 3
2362 1
2363 1
2364 7
2367 1
2371 1
2374 1
2376 1
2379 1
2381 4
2382 1
2383 1
2387 3
2388 4
2389 2
2390 1
2391 1
2393 3
2394 2
2395 1
2396 1
2397 2
2401 2
2402 5
2403 3
2404 2
2405 5
2406 5
2407 2
2408 1
2409 1
2410 1
2411 1
2412 1
2414 1
2415 2
2416 1
2418 3
2419 3
2420 1
2421 1
2422 2
2423 5
2424 2
2425 2
2426 4
2427 1
2428 4
2429 7
2430 4
2431 3
2432 2
2435 1
2436 2
2437 1
2438 1
2441 1
2443 2
2449 1
2450 2
2451 1
2452 1
2453 3
2454 3
2455 3
2458 4
2459 2
2460 1
2463 1
2464 2
2465 1
2466 3
2467 2
2470 10
2473 2
2474 1
2480 2
2481 1
2482 2
2483 1
2484 3
2486 2
2487 2
2488 4
2491 2
2492 5
2493 4
2496 1
2497 4
2498 1
2499 1
2500 2
2502 1
2503 4
2504 1
2505 2
2506 1
2509 1
2510 6
2512 7
2514 2
2515 3
2516 3
2518 4
2520 2
2523 12
2524 2
2525 1
2526 3
2528 1
2529 1
2530 5
2531 3
2532 9
2533 1
2534 1
2535 3
2536 1
2537 2
2539 3
2540 1
2543 4
2544 1
2545 1
2546 1
2547 1
2548 4
2551 1
2554 10
2558 1
2559 1
2560 7
2561 2
2562 4
2563 2
2564 3
2569 1
2572 1
2573 2
2574 1
2576 1
2577 1
2582 3
2584 1
2586 1
2588 2
2589 1
2590 1
2591 3
2592 2
2596 1
2597 1
2598 1
2599 3
2601 3
2602 2
2606 2
2608 1
2610 1
2612 1
2613 2
2615 1
2619 4
2623 2
2624 2
2625 1
2628 2
2629 2
2630 2
2633 2
2634 2
2636 3
2637 3
2638 1
2639 1
2640 4
2641 1
2642 3
2644 1
2645 2
2649 2
2650 2
2654 4
2655 3
2656 3
2657 1
2660 1
2661 1
2662 2
2670 1
2673 1
2674 1
2676 1
2678 4
2681 1
2682 1
2683 1
2684 1
2685 12
2687 11
2688 5
2689 7
2690 1
2691 4
2692 2
2693 3
2694 1
2698 3
2699 28
2700 9
2701 1
2702 1
2703 10
2705 1
2707 3
2709 2
2710 1
2712 4
2714 5
2715 1
2716 3
2717 1
2718 3
2719 1
2720 1
2722 1
2725 4
2726 1
2727 2
2730 4
2732 1
2733 2
2734 3
2735 2
2737 3
2738 3
2739 1
2741 3
2744 1
2745 1
2746 1
2747 1
2750 1
2754 4
2760 13
2764 2
2766 4
2767 3
2768 2
2769 1
2770 1
2772 1
2773 3
2774 2
2776 2
2777 2
2778 2
2780 1
2782 1
2785 1
2787 1
2790 1
2795 1
2800 1
2801 1
2802 1
2803 1
2805 9
2806 3
2808 1
2809 1
2810 1
2811 1
2812 1
2813 2
2815 2
2816 1
2817 17
2818 1
2820 1
2821 3
2824 2
2826 3
2827 2
2828 3
2831 1
2832 1
2833 3
2834 1
2835 3
2836 4
2837 4
2839 7
2840 2
2841 1
2843 3
2844 1
2847 1
2848 1
2849 1
2850 1
2851 1
2852 3
2853 2
2855 26
2856 3
2858 1
2861 2
2863 2
2864 1
2866 1
2867 2
2868 6
2869 3
2870 2
2872 5
2873 2
2876 3
2878 2
2879 3
2880 1
2882 2
2883 4
2889 1
2890 2
2892 1
2895 2
2897 1
2898 1
2899 1
2901 1
2902 1
2907 1
2908 3
2909 1
2913 1
2915 1
2917 2
2921 3
2923 1
2924 2
2925 2
2926 1
2928 1
2930 1
2932 2
2933 1
2937 2
2939 1
2943 1
2945 1
2946 2
2947 3
2948 2
2949 1
2950 2
2952 1
2955 2
2956 159
2958 1
2960 1
2961 1
2963 1
2964 2
2966 1
2967 1
2969 2
2970 2
2972 1
2976 2
2977 2
2979 1
2980 2
2982 2
2983 2
2987 7
2988 3
2991 1
2993 2
2994 40
2995 6
2997 1
2999 4
3000 20
3004 96
3006 1
3008 1
3009 4
3010 1
3012 1
3013 1
3014 1
3017 2
3019 1
3021 1
3022 4
3024 3
3025 1
3026 3
3027 1
3028 1
3029 4
3031 3
3034 1
3037 1
3038 1
3039 2
3040 1
3041 1
3042 1
3043 1
3044 2
3045 2
3047 1
3048 3
3049 1
3050 4
3052 1
3053 29
3054 1
3055 3
3056 1
3057 4
3058 1
3062 4
3064 2
3065 1
3066 1
3067 1
3068 3
3070 2
3071 4
3072 22
3073 2
3074 3
3075 17
3076 1
3077 1
3078 1
3079 2
3080 2
3081 1
3082 1
3083 2
3084 1
3085 2
3087 2
3089 1
3090 7
3092 1
3093 2
3094 5
3095 1
3096 1
3097 3
3100 1
3101 1
3103 1
3107 2
3110 1
3111 1
3114 2
3116 1
3119 2
3122 1
3123 2
3125 1
3130 2
3132 2
3137 1
3138 4
3140 1
3143 1
3147 1
3149 2
3150 3
3152 3
3154 1
3155 1
3157 2
3160 2
3164 1
3165 2
3166 1
3168 2
3169 2
3170 2
3171 4
3172 1
3173 1
3174 2
3175 3
3176 3
3178 2
3179 1
3182 6
3183 1
3185 1
3190 1
3191 2
3192 2
3193 1
3196 1
3198 1
3199 1
3201 1
3202 1
3203 5
3204 3
3209 1
3210 1
3213 1
3214 2
3216 1
3217 1
3219 1
3220 1
3221 2
3223 4
3225 1
3227 1
3228 1
3229 1
3230 4
3231 1
3233 2
3234 2
3238 2
3239 1
3241 1
3243 1
3246 4
3251 1
3253 1
3259 3
3260 1
3261 2
3263 1
3264 1
3266 1
3269 5
3271 4
3275 1
3278 2
3284 1
3286 2
3289 1
3290 2
3292 1
3293 1
3294 1
3296 2
3297 5
3300 1
3303 1
3304 2
3305 2
3306 1
3310 2
3312 1
3313 1
3314 3
3316 1
3319 1
3320 1
3323 1
3324 2
3325 1
3326 1
3327 1
3328 1
3331 1
3334 2
3335 2
3339 4
3342 2
3345 2
3347 1
3348 2
3349 3
3351 2
3352 1
3353 2
3355 2
3356 4
3357 1
3364 4
3366 1
3371 2
3373 2
3375 1
3377 2
3381 1
3382 1
3383 4
3386 1
3388 1
3389 1
3391 1
3393 1
3395 1
3397 3
3399 3
3400 2
3404 1
3408 2
3409 1
3410 1
3412 2
3413 1
3415 1
3416 2
3419 1
3421 2
3422 3
3423 2
3425 2
3427 2
3430 1
3431 2
3434 2
3439 1
3442 3
3444 2
3448 1
3450 2
3451 2
3452 3
3453 2
3454 1
3455 3
3456 1
3461 1
3464 1
3465 5
3466 1
3467 2
3470 1
3471 1
3472 1
3474 1
3475 1
3477 1
3478 1
3480 1
3484 2
3485 1
3486 2
3489 1
3491 1
3492 2
3493 1
3496 2
3497 4
3498 2
3501 2
3504 1
3507 2
3508 1
3509 1
3511 2
3518 1
3525 3
3528 1
3529 1
3530 5
3534 1
3535 1
3536 1
3537 3
3540 1
3541 1
3546 1
3547 1
3548 1
3549 1
3552 1
3553 1
3554 1
3558 1
3559 2
3563 1
3564 1
3566 2
3567 2
3568 1
3569 1
3571 3
3574 1
3576 4
3577 1
3578 1
3582 2
3583 1
3584 3
3586 2
3588 1
3589 1
3590 1
3593 1
3595 2
3596 1
3598 1
3600 1
3601 1
3603 2
3604 1
3606 3
3609 1
3610 3
3611 4
3614 1
3615 1
3616 2
3617 3
3619 4
3620 1
3622 2
3628 1
3631 2
3634 2
3635 1
3643 1
3646 1
3648 2
3649 1
3653 1
3654 4
3656 2
3658 2
3660 1
3664 2
3671 2
3672 1
3674 3
3675 2
3677 1
3678 1
3681 1
3683 1
3689 5
3693 2
3698 2
3699 2
3700 1
3702 3
3703 1
3708 1
3710 1
3711 4
3712 1
3714 1
3715 2
3719 1
3720 2
3721 3
3722 2
3723 1
3724 2
3725 4
3728 1
3729 1
3732 2
3735 1
3736 4
3737 2
3738 1
3740 1
3742 1
3743 1
3744 1
3746 1
3747 1
3748 1
3751 1
3752 1
3753 1
3754 3
3755 1
3757 3
3759 3
3761 1
3763 4
3765 1
3767 1
3768 5
3776 3
3780 1
3784 1
3790 1
3793 1
3799 3
3804 1
3805 2
3813 2
3814 2
3816 2
3817 1
3818 1
3819 4
3820 2
3823 1
3824 1
3825 1
3826 1
3829 5
3830 1
3836 1
3839 1
3842 4
3843 5
3844 3
3845 1
3847 2
3850 1
3851 1
3852 1
3853 1
3856 4
3857 1
3858 2
3867 2
3869 1
3870 2
3874 1
3876 1
3879 1
3881 1
3888 3
3891 1
3893 2
3894 22
3897 1
3899 1
3900 1
3902 1
3904 1
3905 1
3907 2
3908 2
3909 1
3910 1
3915 1
3916 1
3920 1
3922 1
3933 1
3940 3
3943 2
3945 1
3946 1
3948 4
3951 1
3957 1
3959 1
3960 2
3961 1
3962 4
3963 1
3966 1
3967 1
3969 1
3972 1
3975 1
3976 2
3977 1
3978 8
3982 1
3986 1
3987 3
3992 12
3993 2
3997 1
4001 2
4005 1
4009 2
4010 2
4012 1
4016 1
4022 1
4023 3
4025 2
4027 4
4031 1
4033 1
4034 1
4038 1
4045 1
4048 2
4055 1
4057 4
4061 1
4063 1
4064 1
4065 1
4067 2
4074 1
4076 1
4078 2
4083 1
4085 1
4086 4
4089 3
4092 1
4093 1
4094 1
4095 4
4096 8
4099 2
4100 1
4106 1
4107 1
4108 2
4109 3
4111 2
4113 1
4117 1
4118 1
4119 2
4121 1
4122 1
4125 1
4126 1
4127 1
4128 1
4130 1
4132 1
4133 2
4135 1
4145 1
4147 3
4150 1
4152 2
4153 2
4154 1
4157 1
4158 1
4160 1
4161 2
4164 1
4165 2
4166 1
4167 1
4168 2
4171 2
4172 2
4173 3
4174 1
4176 1
4179 2
4181 1
4183 1
4186 2
4189 1
4193 5
4196 1
4201 1
4202 1
4203 4
4209 1
4210 2
4213 1
4215 2
4222 1
4226 1
4227 1
4228 1
4230 1
4235 1
4236 1
4237 2
4240 1
4244 2
4245 1
4247 1
4252 1
4254 1
4256 1
4259 2
4260 1
4264 1
4272 1
4275 2
4280 1
4294 2
4296 1
4299 1
4301 1
4304 1
4309 5
4310 2
4312 1
4313 1
4314 1
4317 1
4318 1
4320 1
4323 1
4324 1
4325 1
4326 2
4330 1
4331 1
4332 3
4333 1
4334 2
4335 1
4336 2
4337 2
4338 1
4339 1
4341 3
4345 2
4346 1
4351 1
4353 1
4356 1
4360 1
4365 1
4367 1
4374 1
4375 2
4381 3
4383 2
4387 1
4391 1
4392 2
4396 2
4397 1
4398 2
4403 2
4404 1
4406 1
4408 2
4411 2
4412 1
4415 1
4421 1
4422 1
4425 1
4426 1
4428 1
4429 1
4433 1
4435 1
4437 1
4439 1
4445 1
4446 1
4447 1
4448 6
4450 2
4451 1
4452 1
4458 2
4459 1
4460 1
4464 2
4467 3
4471 1
4473 1
4474 1
4478 1
4479 4
4480 2
4482 1
4488 1
4489 3
4498 2
4511 1
4519 1
4520 1
4522 1
4524 1
4527 1
4528 2
4529 2
4530 1
4532 1
4534 3
4535 1
4539 1
4541 5
4545 2
4546 8
4549 1
4552 2
4556 5
4558 1
4560 1
4569 1
4570 2
4575 1
4578 1
4579 3
4583 1
4585 6
4587 1
4590 2
4591 3
4594 1
4598 1
4600 3
4605 1
4606 2
4607 6
4608 1
4615 1
4623 2
4624 1
4627 1
4628 1
4629 1
4631 1
4632 1
4633 1
4635 1
4636 1
4638 1
4644 1
4646 1
4647 1
4655 1
4656 1
4658 2
4660 1
4663 1
4669 2
4671 2
4676 3
4680 1
4683 1
4688 1
4690 1
4694 1
4696 1
4698 1
4703 3
4704 1
4707 1
4708 1
4709 1
4712 2
4715 1
4716 1
4718 1
4720 1
4721 1
4722 1
4724 2
4733 1
4734 1
4735 10
4736 5
4743 1
4748 1
4750 2
4752 1
4754 2
4756 1
4761 2
4762 2
4763 1
4764 1
4769 1
4770 1
4773 1
4775 2
4782 1
4785 3
4786 1
4790 2
4792 2
4793 3
4799 2
4803 2
4804 1
4807 1
4810 1
4811 1
4814 4
4816 1
4822 1
4824 1
4825 1
4828 2
4829 1
4831 2
4834 1
4837 1
4839 1
4840 1
4841 3
4842 2
4846 1
4848 1
4852 1
4856 1
4857 1
4858 1
4860 1
4861 2
4867 1
4868 1
4872 1
4874 1
4875 1
4877 1
4878 1
4880 1
4885 1
4888 2
4890 1
4895 1
4898 1
4899 4
4902 1
4903 1
4904 1
4905 1
4906 1
4908 2
4910 13
4911 2
4912 1
4913 1
4914 1
4916 1
4920 3
4921 3
4923 2
4926 6
4929 1
4936 1
4942 1
4944 1
4945 1
4946 1
4948 1
4951 1
4952 1
4953 1
4954 2
4955 2
4959 1
4960 1
4962 2
4963 1
4964 1
4969 1
4970 1
4972 1
4976 1
4981 1
4982 1
4983 1
4988 3
4990 2
4994 2
4995 1
5000 1
5001 2
5007 1
5008 1
5012 1
5014 1
5016 1
5019 2
5024 1
5025 1
5032 1
5037 1
5044 2
5048 1
5055 2
5056 1
5059 1
5062 1
5063 1
5065 1
5068 2
5077 1
5079 1
5081 1
5082 1
5084 2
5086 1
5089 1
5091 2
5092 1
5094 2
5097 1
5100 1
5102 1
5109 1
5111 1
5113 2
5117 1
5119 1
5120 4
5124 3
5126 1
5127 1
5138 3
5142 3
5144 1
5148 1
5150 1
5151 2
5152 1
5154 1
5156 1
5157 1
5163 1
5164 1
5168 2
5169 2
5170 1
5174 1
5176 2
5179 1
5181 1
5183 1
5184 1
5185 1
5186 1
5187 2
5188 3
5193 2
5206 2
5210 2
5215 1
5217 1
5218 5
5220 1
5222 1
5225 1
5227 1
5229 2
5230 1
5237 1
5240 3
5241 2
5242 1
5243 1
5244 1
5249 1
5251 2
5255 4
5256 1
5260 1
5261 1
5275 1
5276 2
5277 1
5279 2
5280 1
5282 1
5284 3
5286 1
5291 1
5304 4
5307 1
5316 3
5322 1
5327 1
5328 1
5329 2
5332 1
5338 2
5339 1
5346 1
5350 1
5351 1
5357 1
5358 1
5363 1
5364 2
5366 1
5367 4
5370 1
5374 1
5392 1
5397 1
5405 2
5406 3
5412 1
5425 1
5442 1
5444 4
5448 1
5450 1
5456 2
5458 1
5460 2
5465 3
5471 4
5473 1
5474 1
5475 2
5477 1
5487 1
5488 1
5489 1
5491 9
5493 1
5495 1
5496 1
5500 2
5503 1
5505 2
5509 1
5518 1
5521 1
5522 1
5523 1
5526 1
5529 5
5541 2
5542 1
5544 1
5547 2
5548 1
5552 2
5554 1
5561 1
5568 1
5569 1
5573 2
5576 1
5578 2
5579 2
5580 2
5581 1
5586 1
5587 1
5588 3
5589 1
5594 1
5597 1
5608 2
5614 1
5615 1
5620 1
5628 2
5632 4
5640 2
5641 2
5642 1
5643 2
5645 2
5647 1
5651 1
5654 1
5666 2
5673 1
5676 1
5685 2
5690 1
5691 1
5693 1
5695 1
5703 1
5704 1
5705 1
5706 1
5708 1
5709 1
5711 2
5712 2
5716 1
5718 1
5722 1
5724 1
5727 1
5730 1
5731 1
5732 1
5734 1
5737 1
5740 1
5741 1
5744 2
5747 1
5748 1
5749 4
5757 1
5758 1
5765 2
5778 1
5791 1
5796 1
5798 2
5800 1
5802 1
5809 1
5823 1
5824 1
5827 2
5831 2
5832 1
5834 1
5839 1
5840 1
5841 1
5849 2
5852 1
5855 1
5856 1
5857 1
5858 1
5860 2
5863 1
5869 1
5877 1
5880 2
5882 4
5884 3
5885 1
5886 2
5888 1
5899 4
5902 1
5903 1
5904 1
5908 2
5921 2
5922 1
5925 1
5928 1
5930 1
5932 2
5938 1
5939 1
5940 1
5944 1
5945 1
5947 2
5949 1
5951 1
5956 1
5958 1
5961 1
5962 1
5970 1
5971 1
5973 1
5981 3
5990 1
5994 1
5999 3
6006 1
6009 2
6019 1
6021 1
6024 1
6028 1
6029 2
6032 2
6037 1
6038 1
6039 1
6040 3
6041 1
6047 1
6048 1
6049 2
6056 3
6057 1
6060 1
6062 1
6063 1
6064 1
6065 4
6066 2
6080 2
6084 1
6085 1
6088 2
6089 1
6091 3
6094 1
6111 1
6120 1
6129 3
6131 2
6134 1
6138 1
6142 1
6143 2
6144 1
6146 1
6150 1
6152 1
6153 3
6154 2
6161 2
6167 1
6169 1
6173 2
6181 1
6182 2
6183 1
6189 1
6195 1
6196 2
6200 2
6203 2
6205 1
6206 2
6207 2
6212 1
6218 1
6222 3
6224 1
6225 4
6226 1
6234 2
6236 3
6237 2
6246 1
6247 2
6248 1
6250 1
6254 1
6255 1
6262 2
6263 1
6266 1
6267 2
6268 1
6271 1
6275 1
6277 1
6281 1
6284 1
6286 1
6287 1
6298 1
6299 1
6300 1
6301 1
6306 1
6308 1
6312 1
6320 3
6321 2
6323 1
6325 1
6327 1
6329 1
6331 2
6336 1
6339 2
6347 1
6366 1
6369 1
6378 1
6379 2
6380 1
6382 1
6386 2
6387 2
6388 1
6392 1
6394 2
6395 1
6398 2
6399 3
6400 4
6406 2
6411 1
6421 2
6424 1
6425 1
6431 1
6434 1
6443 1
6458 1
6466 2
6470 1
6471 1
6474 1
6478 1
6494 2
6496 3
6503 1
6504 1
6506 1
6510 5
6511 1
6512 2
6514 1
6515 1
6517 1
6525 1
6533 1
6535 1
6540 1
6550 2
6552 1
6553 1
6556 1
6564 2
6570 1
6571 1
6580 1
6582 1
6583 2
6584 1
6587 1
6588 1
6589 1
6591 3
6595 1
6598 1
6600 1
6603 1
6604 1
6606 1
6610 1
6613 2
6616 2
6621 1
6625 2
6626 1
6631 1
6632 1
6633 1
6636 1
6641 1
6644 3
6648 1
6650 1
6653 1
6656 3
6663 1
6665 1
6667 1
6668 3
6673 1
6692 2
6693 1
6696 2
6699 1
6701 1
6702 2
6704 1
6705 2
6706 2
6711 1
6712 1
6717 1
6720 1
6727 2
6729 1
6732 1
6750 1
6753 1
6759 2
6760 1
6766 1
6769 1
6776 3
6778 2
6780 2
6785 1
6788 1
6790 1
6798 4
6802 1
6809 1
6810 1
6811 1
6812 1
6814 1
6819 3
6828 1
6845 2
6847 1
6849 3
6856 1
6860 2
6861 2
6869 1
6877 3
6888 1
6889 1
6893 1
6895 3
6904 1
6905 1
6906 2
6920 1
6923 1
6926 1
6927 1
6932 2
6937 2
6938 2
6939 1
6940 1
6941 2
6943 1
6944 2
6946 1
6948 1
6949 1
6953 1
6958 1
6961 3
6963 2
6968 1
6973 3
6974 2
6978 2
6980 2
6984 2
6987 1
6992 1
6993 1
6994 1
6996 1
7001 1
7003 1
7005 1
7008 1
7009 1
7015 1
7017 1
7019 1
7025 1
7027 1
7028 1
7036 1
7048 1
7051 1
7052 1
7053 1
7056 1
7058 1
7065 2
7067 1
7070 1
7074 1
7076 1
7078 2
7082 1
7085 1
7086 6
7090 1
7091 1
7092 1
7098 1
7101 1
7109 2
7110 1
7121 1
7122 1
7128 1
7130 1
7133 1
7134 1
7139 1
7141 1
7149 1
7150 1
7152 3
7160 1
7164 1
7168 2
7180 1
7188 1
7189 2
7192 2
7196 1
7200 1
7206 1
7209 2
7212 1
7224 1
7225 1
7227 1
7229 1
7233 1
7237 2
7239 2
7240 2
7242 1
7244 3
7245 1
7246 1
7252 1
7258 1
7261 1
7262 2
7264 1
7265 2
7266 1
7269 2
7277 1
7279 1
7289 1
7296 2
7303 1
7308 1
7309 3
7310 2
7311 5
7312 3
7322 5
7325 1
7326 3
7327 3
7329 1
7334 2
7341 2
7347 1
7348 1
7352 6
7354 1
7359 1
7362 2
7365 1
7370 1
7376 1
7378 1
7382 1
7384 6
7391 1
7393 2
7398 5
7401 1
7402 1
7404 1
7409 1
7411 1
7414 1
7422 1
7425 1
7434 1
7435 3
7436 1
7439 2
7440 1
7441 3
7443 1
7449 1
7452 4
7454 1
7459 2
7460 1
7468 1
7469 1
7470 1
7472 1
7473 1
7474 1
7477 1
7486 1
7487 1
7488 1
7489 1
7495 2
7496 1
7498 1
7500 1
7506 1
7510 1
7513 1
7515 1
7518 1
7520 1
7523 1
7529 1
7534 7
7537 4
7539 1
7540 1
7541 1
7542 1
7544 1
7546 2
7569 2
7573 2
7575 1
7577 1
7580 1
7584 1
7597 1
7603 1
7605 1
7607 1
7611 1
7616 1
7619 1
7627 2
7635 1
7644 1
7648 1
7650 1
7655 1
7659 1
7664 1
7678 1
7680 2
7683 1
7687 1
7689 1
7698 1
7701 2
7707 1
7709 1
7722 1
7724 1
7728 1
7730 1
7732 1
7735 2
7744 1
7749 1
7752 1
7755 1
7756 1
7771 1
7773 1
7776 1
7778 1
7781 1
7784 1
7786 1
7789 1
7793 4
7794 1
7800 1
7802 1
7803 1
7814 1
7817 4
7819 1
7827 1
7831 1
7833 1
7835 1
7840 1
7842 2
7847 2
7855 1
7868 1
7869 1
7872 2
7878 1
7893 1
7895 1
7907 1
7915 1
7924 1
7926 1
7928 1
7934 1
7935 1
7937 1
7938 1
7942 1
7947 1
7951 1
7955 1
7963 1
7964 2
7965 1
7968 1
7976 1
7985 1
7994 1
7996 2
8017 1
8018 3
8027 4
8030 1
8031 2
8032 1
8036 1
8046 1
8070 1
8071 1
8101 1
8110 1
8122 3
8123 1
8125 2
8128 1
8145 1
8149 1
8154 1
8165 1
8170 1
8187 1
8190 1
8192 3
8199 1
8201 1
8228 1
8235 2
8239 1
8245 1
8255 2
8259 1
8260 1
8263 1
8267 3
8275 1
8278 2
8281 1
8285 1
8286 1
8287 1
8295 1
8299 2
8301 2
8309 1
8313 1
8330 2
8341 1
8346 1
8352 1
8363 1
8368 2
8379 1
8391 1
8393 1
8410 1
8416 2
8421 1
8424 1
8426 1
8427 1
8443 1
8449 1
8451 1
8460 1
8462 1
8471 2
8497 1
8502 1
8506 1
8509 1
8513 1
8514 1
8516 1
8523 1
8530 1
8534 1
8535 2
8553 1
8564 1
8569 1
8574 1
8578 1
8580 1
8581 1
8586 1
8592 1
8593 1
8601 1
8604 1
8607 1
8608 1
8612 1
8638 1
8645 1
8646 1
8651 1
8656 1
8663 1
8668 1
8669 5
8671 1
8672 1
8675 2
8676 1
8677 1
8693 1
8704 1
8709 1
8716 1
8723 1
8730 1
8734 1
8739 1
8742 1
8752 1
8755 1
8756 1
8763 1
8764 1
8765 2
8782 1
8784 1
8791 1
8805 1
8809 2
8814 1
8824 2
8826 2
8827 1
8832 3
8837 1
8838 1
8840 1
8845 1
8851 1
8853 1
8856 3
8858 2
8882 1
8883 1
8900 1
8901 1
8912 1
8933 1
8938 2
8939 1
8943 1
8947 1
8948 1
8950 1
8977 2
8982 1
8994 1
9010 1
9011 1
9014 1
9021 18
9034 1
9038 2
9040 1
9043 1
9048 1
9057 1
9061 2
9064 1
9066 1
9073 1
9074 1
9095 1
9107 1
9120 3
9123 3
9129 1
9133 2
9136 2
9137 1
9148 1
9152 1
9156 2
9162 1
9177 1
9183 1
9188 3
9190 1
9191 1
9195 1
9201 2
9203 1
9209 2
9216 2
9221 1
9222 1
9224 1
9228 1
9230 1
9235 4
9246 2
9248 1
9249 1
9251 1
9254 3
9257 1
9264 1
9271 1
9275 1
9291 1
9292 14
9300 1
9301 1
9304 1
9312 1
9315 2
9318 2
9321 1
9326 1
9328 1
9331 1
9341 2
9342 1
9352 1
9356 2
9362 2
9369 1
9376 2
9387 1
9389 1
9392 1
9396 1
9404 1
9408 1
9411 1
9418 1
9423 1
9424 1
9434 1
9477 1
9489 1
9502 1
9507 1
9513 1
9516 4
9522 3
9531 1
9545 1
9546 1
9552 1
9583 1
9586 1
9614 1
9618 1
9623 1
9657 1
9659 1
9661 1
9665 1
9670 2
9682 1
9691 1
9694 1
9700 1
9701 1
9705 1
9707 1
9728 1
9731 2
9741 1
9751 8
9754 1
9756 4
9761 2
9775 2
9777 3
9785 1
9790 1
9794 1
9795 1
9798 1
9799 3
9810 1
9813 1
9820 1
9823 4
9826 1
9827 1
9828 1
9829 1
9832 2
9849 1
9850 1
9852 1
9860 1
9861 1
9862 1
9863 2
9883 1
9891 1
9896 1
9909 2
9911 1
9926 2
9938 1
9942 1
9944 2
9953 2
9954 1
9958 1
9967 1
9974 1
9977 1
9991 2
9999 2
10006 1
10013 1
10014 1
10017 2
10035 1
10036 1
10043 1
10046 2
10055 4
10088 1
10093 3
10095 1
10101 1
10111 1
10120 1
10132 1
10141 2
10147 1
10148 1
10155 1
10156 3
10159 1
10160 3
10173 1
10183 1
10189 3
10190 1
10198 1
10199 5
10207 1
10208 1
10219 1
10226 2
10257 3
10260 1
10263 1
10277 1
10280 1
10281 1
10287 1
10322 1
10323 1
10359 1
10364 2
10376 1
10383 1
10391 1
10398 2
10400 1
10405 1
10409 1
10413 1
10414 1
10424 2
10426 1
10431 1
10467 1
10498 1
10513 1
10519 1
10540 1
10568 1
10577 1
10598 1
10600 1
10602 1
10609 3
10619 1
10620 1
10631 1
10633 2
10662 1
10675 3
10685 3
10693 1
10699 1
10702 1
10706 1
10708 1
10710 1
10712 2
10713 1
10738 1
10740 2
10745 1
10752 2
10758 2
10778 2
10781 1
10782 1
10783 1
10785 1
10787 1
10795 1
10800 1
10802 3
10804 1
10805 1
10808 3
10812 1
10817 3
10821 1
10822 1
10826 1
10839 1
10852 2
10861 2
10863 1
10869 3
10870 1
10871 1
10878 1
10885 1
10889 1
10890 3
10897 1
10901 1
10902 2
10910 1
10911 1
10914 1
10924 1
10928 1
10934 6
10936 1
10937 1
10944 3
10949 1
10956 1
10960 1
10965 1
10973 4
10976 6
10978 1
10979 1
10983 1
10989 1
10993 1
10994 2
11010 1
11015 2
11022 1
11031 1
11034 1
11037 1
11038 1
11039 1
11044 1
11047 1
11051 1
11053 1
11057 8
11060 1
11066 2
11068 1
11084 2
11086 1
11088 1
11092 1
11095 2
11096 2
11097 1
11104 1
11108 3
11109 1
11114 1
11118 2
11121 1
11122 1
11133 1
11139 1
11145 1
11146 1
11160 1
11163 2
11165 1
11170 1
11173 1
11178 1
11181 1
11182 1
11184 1
11193 1
11200 1
11202 1
11206 2
11223 2
11224 4
11225 1
11227 2
11228 1
11249 1
11251 1
11257 1
11262 2
11263 1
11264 1
11278 1
11280 1
11287 1
11288 1
11289 1
11297 1
11300 1
11303 1
11313 1
11321 1
11324 1
11327 7
11338 1
11357 1
11367 1
11389 1
11406 1
11412 1
11414 1
11420 1
11422 1
11426 1
11430 1
11474 1
11478 1
11488 1
11490 2
11491 1
11493 3
11494 2
11502 1
11506 3
11516 1
11525 2
11530 2
11535 1
11546 1
11552 1
11555 2
11560 1
11572 1
11581 1
11584 2
11591 1
11596 2
11601 1
11604 1
11607 2
11614 1
11622 2
11628 2
11629 1
11648 2
11656 2
11663 1
11669 1
11676 1
11679 2
11688 1
11693 2
11694 1
11697 1
11698 1
11700 1
11703 1
11724 4
11727 1
11736 1
11762 3
11763 1
11764 1
11772 1
11776 1
11790 1
11799 2
11803 1
11804 1
11809 1
11812 1
11826 2
11837 2
11847 1
11849 1
11851 1
11861 1
11864 1
11866 1
11869 1
11879 2
11884 2
11893 1
11908 1
11910 1
11925 1
11935 2
11937 1
11948 1
11967 1
11988 1
11999 1
12008 1
12011 1
12018 1
12026 1
12028 2
12032 1
12039 2
12043 1
12047 1
12063 2
12080 1
12087 1
12093 2
12098 1
12100 1
12116 1
12117 1
12121 2
12124 1
12128 1
12143 1
12167 4
12173 2
12177 5
12182 1
12188 1
12190 1
12209 3
12213 1
12215 2
12218 1
12226 1
12233 1
12241 1
12244 1
12251 1
12271 1
12276 1
12288 9
12301 1
12304 2
12305 2
12307 1
12314 3
12323 1
12332 1
12360 1
12362 1
12365 1
12367 3
12368 1
12372 2
12378 1
12380 3
12385 3
12386 1
12388 2
12390 2
12391 1
12395 1
12431 1
12441 1
12459 1
12472 1
12482 1
12491 2
12494 2
12511 1
12520 2
12521 1
12523 1
12535 3
12543 3
12550 2
12553 2
12554 1
12567 2
12573 1
12575 1
12579 1
12580 1
12593 1
12599 2
12604 1
12605 1
12614 1
12619 1
12627 2
12632 2
12635 1
12658 2
12673 1
12682 1
12687 1
12688 2
12693 1
12712 2
12740 1
12742 3
12746 1
12757 1
12767 1
12769 1
12774 1
12793 1
12811 1
12841 2
12870 1
12874 1
12875 1
12878 1
12888 2
12903 1
12906 1
12910 1
12926 1
12934 1
12945 3
12963 1
12971 1
12997 1
13015 1
13020 1
13026 1
13028 1
13042 1
13044 1
13045 1
13049 1
13050 2
13059 1
13064 1
13079 2
13081 4
13103 4
13108 1
13123 1
13128 1
13130 1
13133 1
13135 2
13138 1
13139 2
13163 1
13164 1
13176 1
13190 1
13195 1
13196 2
13204 1
13207 1
13225 2
13227 1
13233 1
13242 2
13255 1
13280 1
13281 1
13284 1
13308 1
13309 1
13310 1
13312 4
13318 1
13319 1
13323 2
13324 1
13334 1
13336 1
13339 1
13341 1
13346 1
13364 1
13365 1
13370 1
13374 1
13381 1
13382 1
13386 1
13397 2
13399 1
13451 1
13456 1
13463 1
13474 1
13485 1
13488 1
13494 1
13511 1
13533 1
13535 1
13544 2
13554 3
13561 1
13564 1
13568 1
13573 1
13578 2
13580 1
13590 1
13603 1
13617 1
13635 1
13637 2
13643 1
13646 1
13651 1
13657 1
13664 1
13670 1
13673 2
13675 1
13685 1
13691 2
13703 1
13711 1
13726 2
13736 3
13743 2
13748 1
13781 1
13782 1
13783 1
13797 1
13801 1
13809 2
13824 1
13832 1
13841 1
13860 2
13861 2
13873 1
13946 1
13950 1
13956 4
13957 1
13961 1
13969 1
13978 1
13990 1
13993 1
13995 1
13996 1
13997 5
13998 2
14009 1
14017 1
14022 1
14031 1
14081 1
14088 2
14091 1
14093 3
14099 1
14115 2
14117 1
14137 1
14139 1
14168 2
14170 1
14174 1
14181 1
14184 1
14189 1
14203 1
14204 1
14206 1
14209 1
14273 2
14275 1
14277 1
14280 1
14290 1
14297 1
14314 1
14315 1
14325 1
14332 1
14336 3
14348 1
14349 1
14362 1
14388 1
14417 1
14428 1
14433 1
14461 1
14463 1
14466 2
14485 1
14486 2
14514 1
14524 2
14529 1
14555 1
14576 1
14591 2
14612 1
14615 1
14627 1
14632 1
14633 2
14656 1
14657 1
14659 1
14667 1
14669 1
14672 1
14678 1
14686 1
14700 1
14716 1
14722 2
14724 3
14732 1
14736 1
14741 1
14743 1
14745 1
14771 1
14772 1
14785 2
14793 1
14823 1
14826 1
14832 1
14841 1
14857 1
14864 1
14867 1
14868 1
14869 1
14870 1
14872 1
14874 2
14889 1
14897 1
14904 1
14908 1
14923 2
14952 1
14957 1
14959 2
14987 1
14988 1
15034 2
15036 2
15062 1
15076 2
15077 2
15083 1
15094 1
15096 1
15098 1
15100 1
15111 1
15117 1
15138 1
15140 1
15142 1
15165 1
15173 1
15174 3
15179 1
15181 1
15188 1
15203 1
15224 1
15226 1
15229 1
15236 1
15242 1
15243 1
15254 1
15279 1
15285 1
15289 2
15303 1
15315 1
15317 1
15346 2
15353 1
15356 1
15365 2
15404 2
15430 1
15440 2
15445 1
15453 2
15468 2
15474 1
15476 1
15484 2
15496 1
15524 1
15533 1
15543 2
15547 1
15560 1
15576 1
15600 3
15624 2
15625 3
15652 1
15662 1
15684 1
15700 1
15731 2
15754 1
15762 1
15772 2
15809 1
15812 1
15818 1
15844 2
15846 1
15862 1
15865 2
15872 1
15875 1
15877 1
15915 3
15926 1
15934 1
15943 3
15949 1
15951 1
15968 2
15970 3
15974 2
15982 1
15983 2
16006 1
16011 1
16020 1
16024 2
16033 1
16036 1
16041 1
16065 2
16068 1
16071 1
16087 1
16091 1
16097 1
16101 1
16109 1
16122 1
16131 4
16141 1
16164 1
16165 1
16170 5
16202 1
16203 1
16205 1
16206 6
16222 1
16224 2
16232 1
16243 2
16247 1
16271 1
16296 1
16364 1
16366 3
16377 1
16381 3
16384 4
16387 1
16399 1
16402 1
16414 1
16444 1
16449 1
16451 2
16452 2
16453 1
16468 1
16485 1
16489 1
16492 2
16509 2
16514 1
16538 1
16543 1
16547 1
16550 1
16551 1
16554 1
16557 1
16568 1
16588 1
16599 2
16616 1
16630 1
16647 1
16648 2
16652 1
16657 2
16680 1
16688 1
16724 1
16754 1
16759 1
16778 1
16781 1
16784 1
16790 1
16791 2
16824 1
16848 1
16863 1
16871 1
16892 1
16894 1
16895 1
16896 1
16909 1
16927 2
16932 1
16935 1
16936 1
16938 1
16959 1
16971 1
16984 1
16986 1
17019 1
17035 1
17060 1
17063 1
17080 1
17108 1
17112 1
17113 2
17117 2
17127 1
17145 1
17153 1
17160 1
17182 1
17216 1
17292 1
17293 1
17299 1
17311 1
17354 1
17358 1
17360 1
17373 2
17400 1
17432 1
17447 1
17452 1
17472 1
17488 1
17506 1
17520 1
17521 1
17530 1
17532 1
17559 1
17562 1
17576 1
17583 1
17585 1
17603 1
17614 1
17630 1
17631 1
17647 1
17682 1
17690 1
17692 1
17695 1
17698 1
17706 2
17709 2
17741 1
17753 1
17763 1
17768 1
17795 2
17796 2
17801 1
17830 1
17841 1
17870 1
17889 2
17926 1
17948 1
17984 1
18021 1
18058 2
18065 2
18068 2
18073 2
18079 1
18086 2
18128 2
18132 1
18152 1
18158 1
18179 1
18180 1
18185 1
18193 1
18201 1
18217 1
18232 1
18244 1
18250 2
18260 1
18271 1
18272 1
18275 1
18284 1
18296 1
18325 1
18327 1
18331 1
18335 2
18346 1
18353 1
18362 1
18363 1
18376 1
18396 1
18397 1
18432 1
18433 1
18458 1
18464 1
18465 1
18488 1
18522 1
18532 2
18552 1
18554 1
18561 1
18596 1
18612 1
18616 1
18617 1
18636 1
18659 1
18664 2
18672 2
18677 1
18685 6
18694 1
18695 1
18704 2
18708 2
18807 1
18811 1
18858 1
18871 2
18894 1
18905 1
18919 2
18920 2
18936 1
18938 1
18940 1
18947 1
18959 1
18960 1
18981 1
18989 3
18999 2
19002 1
19018 3
19034 1
19043 1
19052 1
19072 5
19079 1
19134 2
19166 2
19194 1
19195 1
19200 3
19227 3
19231 1
19234 1
19238 1
19242 1
19243 1
19250 1
19267 1
19275 1
19301 1
19303 1
19318 2
19323 1
19335 1
19355 1
19358 2
19370 1
19409 1
19431 1
19438 1
19449 1
19483 1
19487 2
19508 1
19510 3
19512 1
19514 1
19525 1
19570 1
19575 1
19576 1
19583 1
19585 1
19600 1
19607 1
19625 1
19636 1
19638 1
19649 1
19654 1
19662 1
19678 1
19688 1
19698 2
19747 1
19751 2
19758 1
19762 2
19796 1
19807 1
19809 1
19874 1
19940 1
19944 2
19972 1
19974 1
19991 1
20013 1
20036 1
20075 1
20077 1
20104 2
20127 1
20144 1
20162 2
20195 1
20206 1
20212 1
20216 1
20247 1
20253 3
20267 1
20279 1
20282 1
20297 1
20337 1
20342 1
20348 1
20416 1
20424 1
20427 1
20428 1
20434 1
20451 1
20456 1
20459 1
20462 1
20463 1
20480 10
20497 1
20530 1
20578 1
20579 1
20591 1
20608 1
20611 1
20617 1
20656 7
20682 2
20689 1
20729 1
20734 1
20752 1
20765 1
20771 1
20820 1
20825 1
20853 1
20887 1
20892 1
20896 1
20914 1
20924 1
20951 1
20968 1
20992 1
21009 2
21022 1
21038 2
21064 1
21071 1
21081 1
21096 1
21125 1
21141 1
21163 2
21185 2
21206 3
21214 1
21216 1
21229 1
21241 1
21242 4
21257 1
21261 2
21269 1
21335 1
21337 7
21353 1
21368 1
21387 1
21422 1
21460 2
21488 1
21501 1
21504 2
21508 1
21552 1
21560 1
21569 2
21575 1
21596 2
21606 1
21611 1
21616 1
21627 1
21646 1
21687 1
21690 1
21704 1
21706 1
21724 1
21729 1
21772 1
21792 1
21802 2
21811 1
21816 4
21840 1
21882 1
21906 1
21935 1
21951 1
21976 1
21981 1
22003 2
22034 1
22045 1
22054 1
22075 2
22076 1
22081 1
22082 2
22087 1
22091 1
22102 1
22103 1
22107 1
22112 1
22121 1
22130 1
22152 1
22210 1
22211 1
22221 2
22249 1
22260 1
22276 1
22292 1
22299 1
22309 1
22363 1
22365 1
22379 1
22430 1
22508 1
22513 2
22545 1
22552 1
22577 1
22649 1
22660 1
22687 2
22711 1
22718 1
22739 1
22772 1
22780 1
22824 2
22825 2
22867 3
22884 1
22896 1
22919 1
22922 1
22946 1
22952 4
23005 1
23010 1
23032 1
23061 1
23067 1
23117 1
23139 1
23165 1
23193 1
23227 1
23239 1
23245 1
23262 1
23266 1
23285 1
23320 1
23348 1
23386 2
23401 2
23416 1
23422 1
23445 1
23472 1
23500 1
23501 1
23506 1
23511 1
23554 1
23566 2
23577 1
23583 1
23585 1
23593 1
23603 3
23611 1
23624 1
23628 1
23649 1
23661 8
23671 1
23734 1
23785 1
23804 1
23806 1
23905 1
23912 1
23913 1
23914 1
23944 1
23976 1
24003 1
24017 1
24026 1
24059 1
24068 2
24076 1
24079 1
24095 2
24101 1
24105 3
24138 1
24145 1
24210 3
24217 1
24224 1
24225 1
24234 1
24237 1
24239 1
24243 2
24244 1
24251 1
24255 1
24280 1
24307 1
24315 2
24331 1
24339 1
24360 1
24428 1
24431 1
24450 1
24466 1
24480 2
24502 1
24506 1
24550 1
24576 2
24601 2
24611 1
24637 2
24644 1
24660 1
24676 2
24698 1
24722 1
24729 1
24786 2
24808 1
24826 1
24828 1
24833 1
24861 1
24869 1
24880 1
24887 1
24907 1
24910 2
24925 1
24945 1
24953 1
24957 1
24958 1
24994 1
25022 1
25042 1
25055 1
25060 1
25061 2
25088 1
25089 1
25094 1
25120 1
25132 1
25138 1
25150 2
25164 1
25176 1
25198 2
25223 1
25225 1
25226 1
25229 1
25250 2
25254 1
25270 1
25300 1
25313 1
25319 1
25321 1
25324 1
25327 1
25372 1
25390 1
25419 1
25436 2
25483 1
25491 1
25497 1
25556 2
25576 1
25579 1
25600 1
25608 1
25613 1
25638 1
25658 2
25678 1
25732 1
25740 1
25742 1
25756 1
25771 1
25776 1
25779 1
25825 1
25904 1
25914 1
25970 1
25972 1
25975 1
25983 1
26000 1
26013 1
26016 1
26018 1
26040 1
26059 1
26062 1
26063 1
26088 1
26098 1
26104 1
26168 2
26190 1
26216 1
26226 1
26233 1
26243 1
26276 1
26280 1
26295 4
26309 1
26314 1
26328 1
26331 2
26359 1
26371 1
26390 1
26400 1
26421 1
26454 1
26459 2
26498 1
26509 1
26550 1
26556 1
26563 1
26566 1
26570 1
26574 1
26611 1
26624 1
26675 1
26704 1
26707 1
26723 1
26738 1
26744 2
26800 1
26818 1
26824 1
26842 3
26853 1
26874 1
26980 1
26987 1
26995 1
26998 5
27008 3
27027 4
27047 1
27063 1
27085 1
27090 1
27116 1
27135 1
27181 1
27210 1
27224 1
27234 1
27275 1
27296 1
27313 1
27314 1
27340 1
27464 1
27475 2
27504 2
27508 1
27527 2
27532 1
27597 1
27610 1
27648 2
27652 2
27653 2
27666 1
27880 1
27888 2
27911 1
27917 1
27926 2
27934 1
27953 1
27954 1
27968 2
27975 1
27977 2
28012 2
28096 1
28124 1
28154 1
28155 1
28160 1
28175 5
28182 1
28197 1
28212 10
28233 1
28268 1
28284 1
28331 1
28337 1
28357 1
28483 1
28485 1
28599 1
28610 1
28653 1
28672 7
28680 1
28700 3
28722 1
28729 3
28756 1
28805 2
28872 1
28920 1
28961 1
28965 1
29032 1
29052 2
29147 2
29153 1
29171 2
29179 1
29222 1
29228 3
29237 1
29280 1
29317 1
29323 1
29377 2
29382 1
29413 1
29419 1
29458 1
29494 2
29539 1
29549 2
29550 1
29567 1
29571 1
29577 1
29593 1
29602 1
29615 1
29683 1
29698 1
29712 1
29777 1
29815 1
29839 1
29851 1
29852 1
29862 1
29880 1
29897 3
29904 1
29980 1
29989 1
30033 2
30039 1
30070 1
30074 1
30076 1
30078 1
30086 1
30090 1
30091 1
30112 5
30115 1
30123 1
30125 1
30138 1
30154 1
30163 1
30229 2
30234 2
30254 1
30269 1
30295 1
30357 1
30385 1
30418 1
30428 1
30432 1
30462 1
30468 1
30483 1
30508 1
30527 1
30575 1
30622 1
30628 1
30632 1
30649 1
30656 1
30660 2
30682 1
30730 2
30732 1
30742 2
30750 1
30756 2
30787 1
30820 1
30851 1
31000 2
31031 4
31033 1
31044 1
31052 1
31101 3
31189 1
31212 1
31314 2
31346 1
31349 1
31352 1
31362 2
31372 1
31374 2
31377 3
31381 2
31496 1
31501 1
31507 2
31542 1
31578 1
31649 1
31833 1
31883 1
31937 1
31942 1
31955 1
31977 1
31980 1
32057 2
32077 1
32131 1
32135 1
32151 1
32153 1
32282 1
32304 3
32337 4
32354 1
32379 2
32432 1
32491 1
32522 1
32529 1
32588 1
32637 1
32645 2
32676 1
32760 1
32768 6
32803 1
32804 1
32808 1
32875 5
32878 1
32904 1
32931 1
32937 1
32951 1
32969 1
32972 1
33004 2
33011 1
33028 1
33059 1
33123 1
33155 1
33157 1
33215 2
33259 1
33339 1
33364 1
33365 1
33378 1
33402 1
33404 1
33409 3
33486 1
33496 1
33528 1
33576 1
33591 2
33596 1
33605 1
33619 1
33640 1
33655 2
33660 2
33666 1
33749 1
33753 1
33772 1
33786 1
33792 2
33794 1
33805 1
33831 1
33837 1
33840 1
33861 1
33875 8
33904 2
33909 1
33962 2
33974 1
33987 1
33994 1
34000 1
34002 1
34003 1
34008 2
34014 1
34022 1
34044 1
34056 1
34060 1
34062 1
34084 1
34085 3
34241 1
34304 1
34330 1
34343 1
34378 2
34380 1
34421 1
34448 1
34491 1
34492 1
34493 3
34494 2
34507 1
34582 1
34588 1
34656 1
34663 1
34667 1
34781 2
34799 1
34816 2
34820 4
34823 2
34829 1
34933 1
34970 1
35001 1
35060 1
35079 1
35097 1
35110 1
35216 2
35251 1
35252 1
35303 1
35313 1
35326 2
35350 1
35407 1
35437 1
35519 1
35531 1
35535 3
35544 1
35555 1
35588 1
35605 1
35617 1
35631 1
35664 1
35756 1
35760 1
35773 1
35840 1
35993 1
36087 2
36107 1
36134 1
36268 1
36300 2
36305 1
36337 2
36356 2
36435 1
36533 1
36588 2
36611 2
36616 1
36636 1
36650 2
36678 2
36704 1
36828 1
36836 1
36864 4
36878 1
36942 1
37002 1
37036 1
37090 2
37115 1
37118 1
37136 1
37240 1
37363 1
37387 1
37396 1
37419 1
37487 1
37518 1
37529 1
37765 5
37888 1
37900 1
37904 1
37944 1
37947 2
38099 2
38134 1
38190 1
38193 1
38207 3
38271 1
38293 1
38326 1
38339 2
38393 1
38437 1
38568 1
38643 2
38694 1
38714 1
38715 1
38725 3
38738 2
38779 1
38781 1
38902 1
38908 1
38952 1
38988 1
39026 1
39030 1
39031 3
39121 3
39134 1
39167 2
39233 1
39270 1
39280 1
39320 1
39506 2
39516 2
39595 1
39708 1
39712 1
39764 1
39766 1
39792 1
39794 1
39796 1
39855 2
39896 1
39898 2
39900 2
39902 2
40015 3
40044 1
40062 1
40065 1
40083 2
40104 1
40112 1
40114 1
40165 19
40182 1
40210 1
40245 5
40255 1
40315 1
40317 1
40348 1
40365 2
40405 1
40459 1
40566 2
40621 2
40639 1
40727 2
40775 1
40792 2
40819 5
40880 1
40884 1
40940 4
40960 3
41016 1
41104 1
41151 1
41161 1
41166 1
41168 1
41175 1
41193 1
41307 2
41333 1
41362 1
41417 2
41461 2
41488 1
41620 1
41647 1
41659 1
41666 1
41683 1
41716 1
41829 1
41844 2
41852 1
41868 1
41870 2
41899 1
41982 1
42026 2
42136 1
42140 1
42142 1
42189 1
42283 1
42403 1
42502 1
42625 1
42717 1
42949 1
43025 1
43120 1
43144 2
43208 1
43263 1
43413 1
43439 5
43452 2
43539 2
43609 1
43752 1
43760 1
43832 1
44032 1
44071 1
44197 1
44211 7
44214 1
44287 1
44358 1
44407 2
44465 8
44468 7
44521 1
44548 1
44567 1
44573 2
44598 1
44602 1
44695 1
44696 1
44697 1
44758 1
44787 1
44866 5
44889 1
44975 1
44976 1
44988 1
45056 3
45065 1
45103 1
45136 1
45166 1
45310 1
45369 1
45403 1
45423 2
45464 1
45497 1
45523 1
45659 2
45681 1
45722 1
45830 1
45924 1
46000 1
46043 2
46072 1
46077 1
46081 1
46086 1
46165 1
46302 1
46349 1
46355 1
46395 1
46397 1
46400 2
46402 1
46412 1
46421 1
46438 1
46620 1
46667 1
46684 1
46822 4
46825 1
46836 1
46842 1
46894 1
46897 1
46938 2
46983 1
46996 1
47000 1
47284 1
47315 3
47420 1
47423 1
47538 1
47549 1
47704 1
47802 1
47885 1
47920 1
47984 1
47990 1
48015 1
48100 1
48128 2
48132 1
48292 1
48445 1
48597 1
48677 1
48722 1
48809 1
48814 1
48870 1
48894 2
48933 1
48952 1
49076 1
49094 1
49130 2
49132 2
49152 1
49188 1
49276 1
49465 1
49559 1
49592 1
49610 1
49623 1
49731 1
49829 1
49831 2
49929 1
50146 1
50182 18
50424 1
50496 1
50544 1
50552 1
50672 1
50776 1
50824 1
50936 1
51048 1
51073 1
51143 1
51191 1
51200 1
51207 1
51317 1
51345 1
51368 2
51382 1
51414 1
51444 1
51462 1
51484 1
51577 1
51588 1
51703 2
51789 1
51829 1
51843 1
51892 2
51931 2
52076 1
52269 5
52288 1
52325 1
52326 1
52383 1
52432 1
52455 1
52643 1
52726 1
52820 1
52917 1
53028 1
53094 1
53183 1
53187 1
53248 1
53491 1
53626 1
53736 1
53843 1
53875 1
53896 1
53941 1
54037 1
54146 1
54303 1
54338 1
54403 1
54456 1
54511 1
54667 2
54724 1
54783 1
54784 1
55037 1
55562 1
56100 1
56341 1
56350 2
56448 1
56488 1
56532 1
56543 1
57011 1
57040 1
57226 1
57272 1
57300 2
57344 1
57531 1
57632 1
57692 1
57760 1
58267 1
58289 1
58315 1
58957 1
58996 2
59199 2
59337 1
59361 1
59432 1
59539 1
59856 1
60212 1
60418 1
60523 1
60572 1
60888 1
61001 1
61049 1
61058 1
61077 1
61171 2
61486 1
61527 1
61642 2
61780 1
61934 1
61961 1
61993 1
62016 1
62183 1
62234 1
62260 1
62275 1
62446 1
62594 1
63040 1
63578 1
63579 1
64000 2
64047 1
64083 1
64139 1
64149 2
64512 1
64719 1
64927 2
64978 1
65030 1
65078 1
65157 1
65415 1
65833 1
66041 2
66065 1
66149 1
66527 2
66560 1
66564 1
66800 5
67210 1
67486 1
67525 1
67689 1
67899 1
67904 1
68549 1
68726 1
68763 1
68899 1
68956 2
69264 1
69317 1
69487 1
69497 1
69521 4
69522 1
69523 1
69530 1
69541 1
69671 1
69694 1
69729 1
69798 2
69920 1
70202 1
70359 2
70379 1
70687 1
70743 1
70802 1
70827 1
71680 1
71997 1
72132 1
72259 1
72355 4
72388 1
72406 1
72503 1
72693 1
72944 1
73082 1
73680 5
73805 1
74096 1
74114 1
74216 2
74737 1
74906 1
75066 1
75164 1
75315 1
75321 1
76104 1
76111 1
76367 2
76903 1
77076 1
77378 1
77824 1
77912 1
77965 1
78092 1
78209 1
78257 1
78290 1
78436 1
78532 1
78640 1
78850 1
79077 2
79320 1
79399 1
79731 1
80047 1
80240 1
80242 1
80361 2
80878 1
81374 1
81519 1
81562 1
81609 1
81732 1
81846 1
82492 1
82556 1
82641 1
82869 1
83311 1
83421 1
83808 1
83870 1
83925 1
84354 1
84601 1
84616 2
84905 1
85098 2
85129 1
85144 1
85564 2
85646 1
85861 1
86064 1
86361 1
86409 1
86507 1
86642 1
86805 1
86809 1
86817 1
86984 1
87254 1
87327 1
87346 1
87669 1
87750 2
88083 1
88196 1
88197 1
88411 2
88481 1
88626 1
88777 4
89383 1
89456 1
89660 2
90455 1
91136 2
91206 1
91268 1
91403 1
91508 1
91590 1
91845 1
92672 1
92696 1
93482 1
93823 1
93858 1
94198 1
94503 1
94720 1
94949 2
95437 1
96026 1
96309 1
96473 1
96785 1
97376 1
97774 1
97784 1
98010 2
98560 1
98855 1
98971 1
99021 1
99329 1
99447 1
99681 2
99758 1
99891 4
99946 1
100597 3
101173 1
101322 1
101654 1
102400 1
103692 1
103710 1
103862 2
104187 1
104367 2
104375 1
104448 1
104567 1
104595 1
104703 1
104879 1
105372 1
105466 1
105472 1
105534 1
105584 1
106471 1
106496 1
106885 1
107182 1
107559 1
107607 1
107692 1
107743 1
107852 1
107977 1
108256 1
108608 1
108731 1
109587 1
109849 1
110179 1
110840 3
111708 2
112047 1
114000 1
114294 2
114547 1
114637 1
116394 1
117328 1
117344 2
117515 1
117760 1
118106 1
118458 2
120297 1
120580 1
120641 1
120732 1
121010 1
121025 2
121188 1
122417 1
122519 1
122730 2
122880 3
123236 2
123238 4
123479 1
123501 1
123616 1
123791 5
123809 1
124451 1
124738 1
124776 3
126852 1
127195 2
127684 1
128440 1
128819 1
129664 2
130659 1
130837 1
131347 1
132203 1
132645 2
132647 3
133168 2
133640 1
133671 1
133745 1
133987 1
134248 1
135156 1
135931 2
135959 1
136672 1
136897 1
137020 1
138240 1
138412 1
139408 1
140766 1
141562 1
141580 1
142069 1
142153 1
142557 1
142572 2
142656 1
142920 1
144207 1
145056 2
145869 1
146481 1
146519 1
146537 1
146601 3
147434 1
147966 1
148164 1
148264 1
148362 1
148392 1
148461 1
148495 5
148961 1
149957 1
152511 1
153600 1
154788 1
155404 2
158810 2
161584 1
161654 1
161713 1
161820 2
162225 1
164234 1
166153 6
166372 1
166742 1
169678 1
169771 1
170343 1
170425 1
170426 1
170701 1
171157 1
171651 1
173340 1
174454 1
175596 1
177651 1
177844 1
178176 1
179200 1
179368 2
179430 2
180198 2
180481 5
180676 1
180734 1
180931 6
181248 1
182394 2
183055 5
183702 6
184822 2
186186 1
186822 1
186920 1
188395 1
188584 1
188639 1
190349 1
190989 1
191215 1
192403 1
193763 1
195546 1
198094 1
199141 2
199469 1
199673 1
200046 1
200153 1
200182 1
201378 1
202566 3
204085 1
204503 1
208283 1
209231 1
209693 1
210385 5
212240 1
213722 1
213943 1
215219 2
215625 3
216504 5
218015 1
222205 1
222853 1
223472 6
224548 1
224796 1
226543 1
226580 2
228320 1
230404 1
233908 1
235692 1
237726 2
239459 1
240196 1
243202 1
243254 3
243283 1
243402 1
243473 4
245760 1
245980 2
246784 1
246810 1
248701 1
248704 1
249747 1
250447 1
250876 1
253291 1
255656 1
255700 1
256718 1
256725 1
259561 1
260203 3
262064 1
264880 1
266684 1
268588 1
268603 1
271882 1
272303 1
274356 1
276664 1
282811 1
283627 1
284593 1
284897 1
288140 2
293782 1
295707 1
296247 1
298180 1
298754 1
303111 1
303224 2
305996 2
307200 1
311796 1
314682 1
317382 1
320165 1
322148 1
324914 1
325261 1
331188 1
340748 1
342881 1
343797 1
353858 1
357963 1
363940 1
369533 1
373248 1
376262 1
379491 1
380928 2
381268 1
384391 2
386786 1
393508 2
396520 1
400165 1
403308 1
406322 1
408184 1
413736 2
431762 1
440755 2
450154 1
466685 1
469780 1
481890 1
491520 2
500182 2
513264 1
514023 1
524288 2
532480 1
544801 1
581632 1
591762 1
606336 1
621508 1
621563 2
621618 4
625436 1
640377 1
641475 1
649492 1
649868 1
656296 1
657507 3
657617 1
660307 1
665600 1
666977 1
672668 1
686080 1
691316 1
753557 2
756792 1
801629 2
809582 1
810794 1
813564 1
843471 1
848966 1
904208 4
975248 1
975264 1
975328 2
1000182 1
1000264 1
1055876 1
1073152 1
1182563 1
1183744 1
1209856 1
1230274 1
1326247 1
1360391 3
1373847 1
1384733 1
1639131 1
1640567 1
1691344 6
1691360 1
1691392 1
1691424 2
2124874 1
2130633 1
2130698 1
2313932 1
2351997 1
2354225 1
2581970 1
2613248 1
2681344 3
2943394 1
2970448 1
3036672 1
3240295 1
3534848 1
3563520 1
4194304 3
5311153 2
5570560 1
5636096 1
7536640 1
7856128 1
12845056 1
13107200 1
13363200 1
15728640 1
21457572 1
