0 9
1 1
5 1
10 2
24 24
25 1
61 1
67 1
93 1
158 1
228 1
229 1
340 1
342 2
371 2
376 1
378 1
380 1
406 1
416 2
421 2
431 1
668 1
693 1
720 2
876 1
939 12
940 1
941 2
1024 42
1153 1
1360 1
1486 2
1523 1
1541 1
1641 4
1696 3
1697 1
1698 1
2048 3
2974 1
3113 1
3515 1
3527 1
4223 1
4260 1
4361 1
4643 1
5641 1
5669 1
5871 1
7046 1
8173 1
9795 1
10376 1
11398 1
11499 1
11804 1
12087 1
12926 1
15733 1
15884 1
16343 1
16384 2
17072 1
18508 1
20144 1
22956 1
25179 1
28272 1
33569 1
45805 1
46560 1
59295 1
74968 1
89355 1
90198 1
103291 1
104607 1
113231 1
114144 1
118950 1
126753 1
139095 1
147823 1
149030 1
150978 1
172228 1
191834 1
235841 1
249545 1
272132 1
282034 1
503440 1
549692 1
1768408 1
2449408 1
2927012 1
6847000 1
285212672 1
