0 354
1 1
2 23
3 4
4 8
5 5
6 4
7 3
8 4
9 8
10 19
12 6
13 21
14 1
20 2
21 1
23 1
24 165
25 12
27 477
28 1
29 1
34 3
35 1
36 1
38 3
39 52
40 1
41 87
42 92
43 26
44 7
45 8
46 14
47 4
48 9
49 6
50 328
51 10
52 2
53 59
54 3
55 3
56 1
57 6
58 2
59 41
61 10
62 3
63 1
64 2
65 2
66 3
67 329
68 5
69 83
70 27
72 23
73 18
74 6
75 5
77 2
78 54
79 47
80 15
81 9
82 48
83 14
84 1
85 4
86 23
87 3
88 4
89 2
90 57
91 57
92 3
93 44
94 22
96 19
97 16
98 9
99 6
100 1
101 2
102 2
103 32
105 1
106 5
107 6
108 1
109 1
110 8
111 5
112 14
113 2
114 4
115 6
117 4
118 16
119 2
120 3
121 27
122 2
123 2
124 4
125 2
126 1
127 1
128 3
130 1
131 5
132 7
133 5
138 6
139 3
140 1
141 6
142 68
144 13
145 2
147 3
148 17
150 5
151 2
152 2
153 5
154 3
155 2
156 2
157 1
158 1
159 3
160 1
161 222
162 1
164 2
165 1
166 4
167 4
168 23
170 13
172 7
173 6
174 4
175 2
176 5
177 5
178 2
179 7
180 6
182 1
183 56
184 5
185 9
186 2
187 1
188 2
189 18
190 2
191 12
193 22
194 6
195 2
196 17
197 9
198 1
199 2
200 13
202 3
203 2
205 3
206 3
207 7
208 2
210 1
211 2
212 2
214 1
215 6
217 3
219 2
220 2
222 1
224 1
225 2
227 2
228 7
229 3
230 1
231 3
233 1
234 1
235 2
237 1
238 4
241 1
242 8
245 1
246 1
247 49
249 3
251 1
252 9
255 3
257 2
259 1
261 4
262 4
264 1
266 6
269 5
271 15
272 1
274 2
276 68
281 2
282 1
284 14
285 1
287 2
288 1
290 3
292 4
295 1
298 6
299 4
300 4
301 13
303 13
305 18
309 1
310 1
311 2
313 5
315 1
316 2
317 12
318 1
319 1
320 1
321 4
323 2
324 3
325 1
329 1
331 1
333 1
334 2
336 1
337 2
338 5
339 3
340 1
342 1
345 1
346 6
352 1
357 1
360 3
361 1
362 2
365 1
367 57
368 46
369 4
371 2
375 1
378 1
379 1
381 2
384 2
385 4
386 6
387 2
388 5
390 1
391 1
393 1
394 2
396 35
397 1
400 2
402 1
403 2
404 1
405 1
406 2
407 3
408 2
410 3
415 1
417 6
418 1
420 1
422 3
423 1
425 12
429 1
430 3
431 4
433 1
434 1
436 1
437 1
439 1
441 1
442 1
443 2
444 1
445 2
446 1
447 6
450 2
452 1
453 13
454 1
457 3
458 1
459 1
460 1
463 2
464 3
466 2
467 2
468 8
469 3
470 1
471 3
472 3
473 8
474 1
475 1
476 2
479 2
484 2
485 2
486 7
488 3
489 1
490 1
491 1
492 6
495 2
496 3
497 1
498 1
501 34
502 1
503 1
505 1
508 2
509 2
510 1
511 6
513 1
514 2
517 7
519 1
520 3
522 2
523 6
525 1
526 1
527 2
529 1
530 37
531 3
532 1
535 1
536 7
537 4
540 2
542 1
544 4
546 3
547 1
548 5
549 3
550 11
551 2
552 1
555 1
556 6
557 8
558 2
559 4
560 2
562 2
563 5
564 1
565 4
566 2
568 2
570 13
571 1
572 1
573 2
577 1
578 12
580 2
584 6
586 4
587 2
588 10
589 2
593 1
594 1
596 3
598 2
601 1
602 1
605 2
606 3
609 1
610 1
611 3
613 1
614 1
617 1
619 1
620 1
621 1
622 1
623 2
624 2
625 1
628 1
630 5
631 2
632 4
633 17
634 6
635 5
636 6
637 3
639 2
640 2
641 1
643 1
647 5
650 5
651 11
652 2
655 2
656 7
659 1
661 2
662 3
666 11
667 6
669 4
673 2
674 1
675 2
680 3
681 2
682 2
685 2
686 1
687 2
688 4
689 1
691 2
692 1
693 1
694 1
695 1
696 1
697 1
698 1
699 1
701 4
702 2
703 1
704 1
707 1
708 3
709 1
710 5
711 3
713 1
715 53
718 1
720 1
722 2
723 1
724 1
725 1
726 2
729 5
730 9
731 2
732 6
734 1
735 2
736 1
737 1
738 2
740 1
741 2
742 7
743 3
744 3
745 1
747 1
748 2
750 1
753 1
754 1
755 20
757 3
759 1
761 4
764 1
765 14
767 8
768 4
769 1
770 1
776 2
779 1
781 3
787 1
788 1
789 1
796 3
797 1
798 2
799 2
800 4
803 1
806 7
808 1
809 3
810 2
812 2
813 1
814 3
815 1
816 1
817 1
818 4
819 5
820 1
821 2
822 3
823 5
824 11
826 1
827 7
830 1
831 2
832 3
835 4
836 2
837 2
839 3
840 1
841 1
842 4
843 1
845 3
852 1
854 4
857 1
859 1
861 1
863 27
867 1
870 3
871 1
872 1
874 1
876 6
880 1
882 7
884 1
888 5
891 1
901 3
902 1
909 1
910 1
911 1
914 3
919 3
920 2
921 2
927 2
931 1
932 3
933 2
937 1
940 1
942 1
945 1
948 1
949 1
950 1
952 7
956 4
958 1
960 3
962 1
966 1
969 1
970 1
972 1
973 2
976 2
977 2
981 1
984 1
989 3
1009 1
1014 1
1015 1
1020 1
1022 1
1024 1282
1025 2
1026 1
1029 1
1036 2
1037 1
1039 1
1044 2
1046 11
1049 4
1051 3
1053 4
1057 1
1058 2
1060 6
1061 2
1063 1
1080 1
1082 1
1084 2
1086 1
1088 2
1092 1
1094 1
1095 3
1096 1
1098 1
1099 2
1100 2
1102 3
1104 1
1105 1
1106 1
1107 2
1109 1
1111 1
1112 2
1114 1
1116 2
1117 2
1118 1
1121 1
1122 1
1123 38
1124 3
1125 1
1126 1
1127 2
1133 1
1136 4
1137 1
1140 1
1143 1
1144 1
1148 3
1165 1
1168 1
1173 1
1175 2
1181 8
1184 1
1185 1
1187 1
1190 1
1192 2
1194 6
1195 1
1205 1
1206 1
1207 1
1211 1
1213 2
1217 2
1219 1
1223 40
1225 1
1228 2
1235 1
1236 1
1238 1
1244 1
1247 1
1252 2
1254 2
1255 3
1266 2
1268 1
1269 2
1271 2
1276 1
1280 4
1286 1
1289 1
1292 1
1293 2
1294 1
1296 7
1297 1
1301 1
1310 1
1319 1
1325 1
1326 1
1327 1
1329 1
1330 2
1340 1
1344 2
1349 1
1350 1
1353 1
1359 1
1361 1
1365 1
1367 1
1369 1
1372 2
1374 2
1375 1
1381 1
1382 1
1388 3
1391 1
1395 2
1398 1
1405 1
1410 6
1411 3
1414 1
1421 2
1422 3
1423 3
1426 1
1429 3
1430 1
1432 1
1433 2
1437 2
1438 6
1439 1
1442 4
1445 21
1448 1
1451 1
1452 1
1455 2
1474 1
1476 4
1477 2
1478 1
1488 1
1498 2
1501 2
1505 3
1511 2
1512 1
1514 1
1516 1
1526 1
1528 2
1530 1
1531 1
1534 1
1535 1
1541 1
1542 3
1543 2
1548 1
1549 1
1559 1
1563 1
1567 2
1588 1
1594 2
1601 2
1611 2
1613 1
1614 1
1616 2
1618 1
1635 1
1636 3
1655 1
1661 2
1666 3
1671 2
1672 1
1681 1
1683 1
1684 5
1687 3
1689 2
1692 1
1696 1
1701 1
1708 1
1709 2
1711 3
1717 1
1720 1
1726 1
1731 2
1734 1
1739 2
1740 2
1742 1
1745 1
1749 3
1751 1
1755 1
1759 3
1760 1
1761 1
1764 1
1765 1
1766 2
1768 1
1770 2
1780 1
1781 1
1783 3
1784 1
1796 1
1808 1
1812 1
1813 1
1816 2
1824 1
1828 3
1829 1
1842 3
1846 3
1847 1
1848 2
1856 1
1857 1
1862 1
1865 1
1867 1
1874 1
1879 1
1882 1
1885 2
1887 2
1894 1
1907 1
1908 1
1909 1
1911 1
1914 1
1918 1
1922 1
1923 1
1925 1
1937 3
1940 2
1948 1
1953 1
1958 2
1959 1
1960 1
1983 1
1984 2
1994 2
1995 1
1998 1
1999 2
2000 1
2002 1
2004 1
2006 2
2013 1
2032 1
2048 49
2062 1
2074 1
2076 1
2078 1
2084 1
2086 1
2088 1
2099 2
2102 1
2106 1
2109 1
2110 2
2111 1
2114 34
2118 1
2126 1
2127 1
2128 1
2142 2
2143 1
2148 2
2150 2
2163 1
2167 3
2173 1
2178 1
2188 1
2194 34
2195 4
2198 1
2208 1
2212 1
2214 3
2216 1
2217 1
2218 1
2219 1
2222 1
2231 2
2242 1
2245 1
2256 5
2257 2
2262 1
2264 1
2268 1
2271 1
2282 1
2296 1
2298 1
2307 1
2310 1
2313 1
2314 17
2324 2
2337 1
2338 1
2340 1
2343 1
2347 1
2359 1
2360 1
2365 1
2378 1
2392 1
2401 1
2404 1
2406 1
2411 1
2413 1
2415 1
2416 2
2418 1
2419 1
2421 1
2424 4
2431 1
2432 3
2441 1
2442 1
2447 1
2452 1
2456 17
2464 1
2467 2
2479 4
2482 1
2483 2
2489 1
2498 1
2500 5
2502 1
2504 10
2506 2
2510 1
2512 1
2514 1
2518 2
2520 1
2542 1
2550 1
2553 1
2554 3
2556 1
2557 1
2563 1
2573 1
2579 2
2582 1
2586 1
2591 2
2606 1
2610 1
2612 1
2622 1
2624 1
2626 1
2632 1
2640 4
2663 1
2701 1
2724 1
2740 1
2743 1
2747 1
2753 2
2762 1
2766 1
2778 1
2790 1
2795 1
2804 1
2810 1
2812 1
2813 1
2815 1
2819 2
2823 2
2831 2
2837 18
2851 4
2867 1
2870 1
2883 1
2887 2
2893 1
2897 1
2898 1
2899 1
2909 1
2910 2
2917 1
2927 1
2933 1
2944 9
2951 3
2981 1
2984 2
2986 3
2987 4
2988 5
2995 2
2997 1
2998 2
3003 1
3009 1
3024 1
3037 3
3045 1
3062 1
3067 2
3070 1
3072 19
3073 9
3075 1
3088 1
3090 2
3098 2
3108 1
3126 1
3131 1
3134 1
3153 5
3156 1
3162 1
3164 1
3170 1
3171 1
3184 1
3196 1
3210 1
3211 1
3222 1
3227 1
3240 1
3248 1
3250 1
3265 1
3283 1
3296 1
3301 1
3338 1
3339 1
3343 1
3348 1
3351 1
3354 26
3355 1
3368 1
3378 1
3383 1
3403 1
3416 1
3418 1
3429 1
3440 5
3445 10
3449 3
3456 1
3469 1
3471 1
3476 1
3483 1
3514 4
3517 2
3528 1
3554 2
3567 1
3634 2
3657 1
3660 1
3666 1
3667 1
3697 1
3700 2
3710 1
3737 1
3741 1
3802 1
3824 1
3827 14
3835 6
3848 1
3850 14
3858 5
3866 1
3870 1
3873 1
3880 2
3881 1
3901 1
3915 4
3920 1
3952 2
3960 1
3965 1
3966 1
3987 1
3990 1
4073 1
4080 1
4090 2
4096 5
4104 1
4115 1
4116 11
4138 1
4148 1
4152 1
4160 1
4173 1
4174 1
4182 1
4184 1
4194 1
4197 1
4245 1
4252 2
4268 9
4271 3
4280 5
4290 2
4308 1
4324 3
4332 4
4361 1
4372 1
4373 1
4377 1
4381 1
4382 1
4409 2
4413 1
4420 1
4423 1
4427 2
4430 2
4436 5
4441 1
4450 1
4461 2
4467 1
4470 1
4472 1
4473 1
4483 1
4484 1
4524 1
4535 2
4571 1
4581 1
4601 1
4624 1
4641 1
4655 1
4657 1
4658 1
4672 1
4683 1
4691 2
4718 1
4734 1
4744 1
4779 2
4780 1
4783 1
4790 1
4801 1
4802 1
4812 2
4824 2
4826 1
4841 1
4860 1
4868 1
4873 1
4877 1
4878 1
4883 1
4884 2
4888 1
4891 1
4898 2
4911 1
4913 1
4918 1
4936 1
4942 1
4954 2
4963 1
4965 1
4975 1
4987 1
5003 1
5007 1
5008 1
5014 1
5026 1
5043 1
5046 1
5110 2
5140 1
5152 1
5155 1
5202 1
5216 1
5221 1
5223 1
5227 1
5243 1
5252 2
5262 1
5266 1
5324 1
5328 1
5351 1
5364 1
5378 1
5386 1
5394 1
5399 1
5402 2
5412 1
5414 1
5458 2
5468 1
5471 2
5472 1
5474 2
5475 3
5482 1
5491 13
5500 2
5514 1
5516 1
5533 1
5554 1
5556 3
5562 1
5571 1
5587 1
5593 1
5594 1
5608 1
5612 1
5640 1
5642 1
5664 1
5690 2
5722 1
5726 1
5732 1
5735 1
5761 1
5785 1
5795 1
5810 1
5830 1
5835 1
5841 1
5842 1
5848 1
5855 1
5863 1
5866 1
5881 1
5893 1
5903 1
5920 1
5921 2
5926 1
5965 2
5975 2
5987 1
5999 1
6005 1
6040 1
6044 1
6059 1
6064 1
6103 1
6116 1
6144 2
6183 1
6206 2
6209 1
6220 1
6228 1
6235 1
6244 1
6268 2
6274 1
6281 1
6288 1
6297 1
6298 1
6307 1
6331 1
6353 2
6369 1
6373 1
6379 1
6390 1
6402 2
6406 1
6413 2
6415 1
6419 1
6430 2
6437 1
6439 1
6442 1
6457 1
6468 1
6473 1
6519 1
6522 1
6532 1
6550 1
6575 1
6593 1
6597 1
6629 1
6634 1
6640 1
6669 1
6673 1
6710 1
6714 1
6727 1
6754 1
6761 2
6764 1
6772 1
6803 1
6828 1
6860 2
6861 1
6882 1
6886 1
6930 1
6934 1
6945 1
6957 4
6988 1
7001 1
7010 1
7013 4
7040 2
7041 1
7113 2
7125 1
7168 4
7169 1
7235 3
7252 1
7261 1
7271 2
7277 1
7323 1
7364 1
7523 1
7537 2
7581 1
7594 1
7600 2
7612 1
7636 81
7660 1
7678 1
7696 1
7699 1
7706 1
7745 1
7746 1
7786 2
7790 1
7806 1
7810 1
7822 1
7842 2
7847 1
7848 1
7858 2
7872 1
7908 1
7975 1
8016 1
8022 1
8044 1
8080 1
8130 1
8188 1
8192 2
8273 3
8275 2
8317 1
8319 1
8325 1
8345 1
8392 1
8446 1
8498 1
8577 1
8625 1
8628 1
8684 1
8691 1
8692 1
8741 1
8807 1
8830 1
8842 1
8855 1
8862 1
8866 1
8901 1
8911 1
8950 1
8965 1
8995 2
9040 1
9104 1
9155 1
9168 1
9171 1
9173 1
9198 1
9209 1
9216 1
9227 1
9338 1
9358 1
9360 1
9403 1
9412 1
9415 1
9431 1
9433 12
9464 1
9582 1
9601 1
9617 1
9637 2
9691 1
9698 1
9700 2
9711 1
9712 1
9716 1
9718 1
9738 1
9750 1
9770 1
9775 1
9822 1
9852 1
9912 1
9966 1
9993 1
10030 1
10129 1
10174 1
10179 1
10196 1
10197 1
10201 1
10215 1
10307 1
10360 1
10364 1
10472 1
10519 1
10552 1
10556 2
10575 1
10609 1
10628 1
10633 1
10667 1
10746 1
10778 1
10798 1
10878 1
10951 1
10952 1
10983 1
11012 1
11022 1
11025 1
11045 1
11050 1
11096 1
11124 1
11158 1
11195 1
11201 1
11223 1
11232 1
11288 1
11355 1
11434 1
11466 1
11501 1
11601 1
11602 1
11607 1
11635 1
11656 1
11768 1
11799 1
11801 1
11806 2
11807 1
11809 1
11819 2
12170 1
12192 1
12195 1
12251 1
12256 2
12281 1
12288 2
12292 2
12300 1
12358 2
12366 2
12406 1
12422 1
12479 2
12493 1
12518 1
12531 1
12554 2
12558 1
12564 1
12592 1
12623 1
12771 1
12785 1
12799 1
12800 1
12813 1
12898 1
12922 1
12949 1
13023 1
13084 3
13125 1
13129 1
13133 1
13171 1
13186 1
13270 1
13271 2
13279 3
13312 3
13385 2
13418 2
13448 1
13468 1
13492 1
13513 1
13636 1
13682 1
13704 1
13711 1
13808 1
13821 1
13876 1
13882 2
13951 1
13968 2
13991 2
14014 1
14255 1
14306 1
14344 1
14536 1
14542 1
14694 1
14756 1
14838 1
14841 2
14942 1
14964 1
15030 1
15046 1
15077 1
15080 1
15084 1
15100 1
15142 1
15162 1
15174 1
15231 1
15326 1
15331 2
15337 1
15391 1
15394 1
15407 1
15639 1
15640 1
15641 2
15643 1
15646 1
15655 2
15671 1
15736 1
15800 1
15841 1
15862 2
15867 1
15886 1
15943 1
15963 1
15965 1
15966 1
15999 1
16015 1
16038 1
16129 1
16155 1
16186 1
16320 1
16358 1
16361 1
16364 1
16384 4
16397 3
16400 1
16589 1
16637 1
16720 2
16734 1
16754 1
16756 1
16770 1
16780 1
16855 1
16890 1
16959 1
16998 3
17188 1
17201 1
17205 1
17228 1
17246 1
17269 1
17359 1
17408 2
17441 2
17497 2
17525 1
17557 1
17564 1
17570 1
17609 1
17623 1
17635 1
17703 1
17748 1
17756 1
17760 1
17825 1
17911 1
18132 1
18265 1
18270 1
18370 1
18403 1
18414 1
18415 1
18447 1
18487 1
18636 1
18642 1
18744 1
18750 1
18761 1
18777 1
18820 1
18839 1
18844 1
18945 1
18955 2
19069 1
19130 1
19144 1
19146 1
19187 1
19228 1
19253 1
19260 1
19288 1
19338 1
19372 1
19392 1
19426 1
19470 1
19480 1
19524 1
19544 1
19551 1
19559 1
19572 1
19596 1
19664 1
19756 1
19803 1
19841 1
19846 1
19873 3
19884 1
19909 1
19923 1
19930 1
19943 1
20109 1
20141 2
20371 1
20384 1
20424 2
20455 1
20480 1
20510 2
20538 1
20557 1
20658 1
20804 1
20844 1
20876 1
21122 1
21195 1
21479 1
21796 1
21821 1
21917 1
22016 1
22145 1
22167 1
22368 1
22512 1
22518 1
22576 1
22842 2
22888 6
22956 1
23118 1
23154 1
23163 1
23171 1
23251 1
23362 1
23519 1
23524 1
23552 2
23583 1
23586 1
23706 1
23920 1
24047 1
24048 1
24154 1
24266 1
24324 1
24445 1
24456 1
24466 2
24480 1
24508 1
24576 1
24728 1
24882 2
24886 1
24898 1
24982 2
25062 1
25074 1
25314 1
25320 1
25376 2
25384 2
25414 1
25699 1
25772 1
25807 2
25872 1
25936 1
26208 1
26218 1
26555 2
26624 2
26630 1
26751 1
26868 1
26957 1
27020 1
27285 1
27326 1
27558 1
27623 1
27648 2
27685 1
28124 1
28179 1
28285 2
28346 2
28411 1
28542 1
28954 1
28966 1
29132 1
29222 2
29228 10
29493 1
29516 1
29696 2
29741 1
29826 1
29898 1
30360 1
30385 1
30634 1
30657 1
30724 1
30736 1
30799 1
31031 1
31089 1
31155 1
31346 1
31431 1
31510 1
31534 1
31712 1
31728 1
31784 1
31808 5
32055 1
32199 1
32204 3
32334 1
32492 1
32586 1
32687 1
32753 1
32768 2
33082 1
33142 1
33286 2
33446 3
33524 2
33527 1
33644 2
33730 1
33792 2
33952 1
34088 3
34175 1
34197 1
34228 1
34241 1
34270 3
34354 1
34427 2
34428 2
34518 1
34519 1
34523 1
34524 1
34816 2
34933 1
34950 1
34985 1
35031 1
35070 1
35137 1
35177 1
35199 1
35242 7
35471 2
35525 1
35624 2
35798 3
35803 3
35860 1
35866 1
35942 1
35945 1
36132 1
36142 1
36147 2
36163 1
36165 2
36315 2
36440 2
36487 1
36513 1
36515 1
36528 1
36605 1
36637 1
36690 2
36692 1
36707 1
36774 1
36829 1
36880 2
36922 2
36967 2
37115 1
37190 1
37337 2
37436 2
37528 2
37586 1
37653 2
37912 2
38066 1
38127 1
38497 1
38502 2
38520 1
38679 1
38923 1
38991 2
39118 2
39308 2
39347 1
39422 1
39621 1
39804 2
40182 1
40312 1
40512 1
40830 1
40863 1
40868 1
40906 1
40960 1
41149 1
41235 2
41244 2
41671 1
41674 2
42157 1
42167 2
42170 3
42173 2
42180 1
42193 1
42196 1
42206 1
42242 1
42375 1
42385 1
43015 1
43144 11
43273 1
43398 1
43480 1
43534 1
43637 2
43640 1
43666 1
43727 1
43728 1
43730 2
43731 2
43759 1
43867 2
43868 2
43904 1
43905 1
44005 1
44149 1
44211 1
44212 2
44213 3
44214 2
44215 1
44216 1
44227 2
44228 2
44270 2
44271 1
44272 1
44287 1
44288 1
44303 1
44312 1
44439 1
44440 1
44470 1
44644 1
44658 1
44776 3
44883 1
44976 3
45221 1
45517 1
45538 1
45692 4
45850 1
46436 1
46584 1
46586 1
46617 1
46666 1
46768 1
46776 1
46795 1
46834 1
47129 1
47131 1
47144 1
47360 1
48369 1
48431 1
48726 1
48727 1
49152 2
49236 1
49297 1
49311 1
49601 1
49702 2
49855 1
51014 1
51102 1
51314 2
51513 1
51537 2
51631 1
51796 2
52020 2
52284 2
52431 1
52726 1
52864 1
52983 1
53310 1
53856 2
53893 1
54200 1
54210 1
54231 2
54543 1
54675 1
55239 1
55408 1
55520 2
56244 2
56282 1
56464 1
56742 1
56780 1
56932 1
56948 2
57257 1
57975 1
58080 1
58141 1
58326 1
58467 1
58498 1
60752 4
60834 1
61064 2
61440 1
62096 2
62618 1
63182 1
63422 2
63488 1
63556 1
64072 1
64282 2
64344 2
64491 1
64576 2
64935 1
67752 1
68221 1
68490 1
69270 1
70816 1
70926 1
71781 1
72360 1
72446 1
72474 1
72704 2
73148 2
73280 1
73424 1
73648 2
73718 1
74971 1
75073 1
75570 1
76250 1
79389 1
80848 1
82121 1
82128 1
82203 1
82800 1
83249 1
83252 1
83350 1
83365 1
83376 1
83450 1
85937 1
86420 2
87599 1
87637 1
91136 1
93591 1
97144 1
98152 1
100540 1
102400 1
103911 1
104746 1
105560 1
106778 1
106888 1
107516 2
107632 1
109308 1
109962 1
111272 1
111457 1
112299 1
112488 2
112684 1
115481 1
118784 2
118910 1
119308 1
121037 1
121148 1
122540 1
122604 1
125821 1
128362 1
131608 1
138856 3
141965 1
143641 1
144667 1
146644 1
146671 1
152131 1
152660 1
153352 1
157528 1
160999 1
161513 1
164157 1
166760 1
167292 1
169984 1
171168 1
172032 1
172566 1
173780 1
174932 1
177084 1
180224 1
184320 1
184552 1
184584 1
184629 1
187858 1
187933 1
188548 1
189733 1
190353 1
192004 1
192378 1
194037 3
194837 1
196520 1
199635 1
200047 1
200534 1
201014 1
204197 1
206209 1
207206 3
209794 1
210832 1
214442 8
214517 1
214766 1
220758 17
221190 1
223775 1
226154 1
231501 1
232690 1
240949 1
241808 1
242271 1
249279 1
249471 1
257744 1
262844 1
265793 1
267345 1
269016 1
270072 1
270317 1
272628 1
274632 1
282624 1
290680 1
290816 1
292855 1
296982 1
301568 1
306974 1
315299 1
317447 1
339968 2
340826 1
345664 1
347493 1
355543 1
356506 2
358039 1
364544 1
366592 1
370688 1
382252 1
392236 1
400233 2
402044 1
404505 1
435486 1
435764 1
442156 1
442976 1
446973 1
448075 1
448772 1
453874 2
497398 1
528384 1
532832 1
570333 1
573440 1
577087 1
580558 1
580749 1
585362 1
586036 1
593522 4
594676 2
599079 1
606267 1
609652 1
609887 1
612614 1
613972 1
625258 1
627796 1
631427 1
677809 1
706483 1
706850 1
738172 1
742765 2
745755 1
746452 1
780352 1
792576 1
794315 2
795012 2
798720 1
800225 1
808733 1
823296 1
827392 1
839680 1
851399 1
892892 1
903532 1
905364 1
912115 1
931868 2
937324 1
960608 1
975532 1
980332 2
985075 1
986472 1
989939 2
991448 1
995614 1
1000654 1
1009454 1
1011467 1
1013607 1
1019299 1
1049932 1
1056136 1
1060467 1
1064072 2
1066174 1
1066668 1
1073581 2
1075784 2
1078464 1
1088033 1
1090753 1
1102584 1
1103564 2
1107944 2
1120673 1
1121580 1
1126694 1
1154132 2
1162764 1
1164408 2
1169208 2
1174761 1
1184708 2
1241944 1
1258767 1
1312414 9
1344391 1
1365508 1
1376432 1
1523312 1
1524103 1
1540917 1
1557599 1
1563836 1
1595725 1
1606172 2
1616732 1
1634423 1
1647894 1
1691548 2
1721015 2
1741988 1
1876154 1
1901133 1
1902408 1
1902624 1
2140663 1
2161368 1
2228972 1
2235944 1
2344744 1
2346144 1
2347647 1
2350201 1
2360600 2
2793472 1
3036672 2
3258579 1
3431603 1
3551976 2
3590950 2
3801836 1
3840516 2
4237781 2
4238456 2
4308424 1
4352163 1
4422472 2
4426144 2
4474841 2
4916539 1
5111451 1
5184751 1
5185604 1
6118769 1
6582259 1
6667849 1
7200344 2
