0 473
1 52
2 52
3 10
4 9
5 16
6 9
7 21
8 108
9 7
10 29
11 16
12 29
13 26
14 19
15 10
16 15
17 5
18 23
19 8
20 12
21 16
22 35
23 11
24 276
25 15
26 17
27 5
28 8
29 4
30 11
31 10
32 10
33 24
34 18
35 4
36 26
37 9
38 26
39 11
40 14
41 30
42 19
43 4
44 6
45 34
46 6
47 4
48 6
49 32
50 307
51 13
52 6
53 10
54 3
55 10
56 31
57 21
58 60
59 64
60 62
61 12
62 34
63 11
64 12
65 21
66 32
67 30
68 13
69 5
70 18
71 31
72 19
73 21
74 11
75 2
76 11
77 15
78 6
79 22
80 6
81 25
82 1
83 13
84 7
85 4
86 5
87 2
88 4
89 1
90 21
91 28
92 9
93 16
94 5
95 4
96 10
97 13
98 3
99 8
100 11
101 4
102 10
103 8
104 19
105 8
106 6
107 11
108 22
109 27
110 12
111 12
112 19
113 4
114 23
115 4
116 2
117 4
118 8
119 12
120 37
121 19
122 5
123 16
124 7
125 8
126 14
127 7
128 13
129 6
130 7
131 11
132 11
133 8
134 4
135 12
136 7
137 6
138 8
139 14
140 9
141 4
142 21
143 9
144 5
145 6
146 4
147 3
148 9
149 5
150 10
151 5
152 11
153 10
154 5
155 11
156 19
157 5
158 8
159 8
160 12
161 62
162 9
163 3
164 6
165 9
166 14
167 3
168 10
169 5
170 2
171 4
172 7
173 8
174 6
175 2
176 6
177 4
178 11
179 4
180 4
181 5
182 8
183 4
184 3
185 7
186 6
187 12
188 3
189 2
190 7
191 5
192 15
193 6
194 14
195 18
196 7
197 10
198 7
199 13
200 8
201 3
202 3
203 1
204 12
205 7
206 4
207 4
208 18
209 14
210 22
211 8
212 7
213 4
214 3
215 5
216 9
217 7
218 3
219 5
220 6
221 9
222 2
223 18
224 11
225 3
227 5
228 8
229 6
230 2
231 16
232 6
233 2
234 10
235 15
236 26
237 7
238 5
239 10
240 5
241 5
242 10
243 4
244 22
245 9
246 11
247 14
248 6
249 12
250 10
251 10
252 12
253 6
254 8
255 3
256 18
257 3
258 9
259 6
260 14
261 21
262 8
263 13
264 17
265 21
266 9
267 5
268 8
269 8
270 4
271 12
272 5
273 3
274 10
275 10
276 7
277 11
278 21
279 20
280 15
281 7
282 6
283 11
284 6
285 6
286 7
287 8
288 12
289 2
290 18
291 6
292 4
293 7
294 4
295 8
296 4
297 10
298 5
299 4
300 11
301 12
302 3
303 17
304 8
305 7
306 18
307 16
308 13
309 3
310 10
311 12
312 4
313 7
314 5
315 11
316 2
317 15
318 5
319 3
320 2
321 7
322 3
323 13
324 9
325 15
326 11
327 10
328 8
329 12
330 7
331 7
332 2
333 7
334 7
335 9
336 8
337 12
338 12
339 8
340 13
341 13
342 6
343 3
344 7
345 8
346 4
347 8
348 18
349 5
350 6
351 7
352 6
353 8
354 5
355 7
356 4
357 7
358 6
359 6
360 6
361 11
362 5
363 22
364 8
365 7
366 6
367 36
368 13
369 6
370 8
371 9
372 5
373 3
374 4
375 5
376 12
377 4
378 7
379 8
380 2
381 12
382 6
383 3
384 8
385 6
386 7
387 8
388 5
389 9
390 7
391 4
392 9
393 8
394 3
395 18
396 8
397 10
398 5
399 8
400 10
401 8
402 4
403 8
404 1
405 4
406 5
407 5
408 7
409 11
410 9
411 3
412 8
413 2
414 6
415 5
416 3
417 6
418 5
419 4
420 3
421 2
422 7
423 5
424 9
425 16
426 4
427 4
428 3
429 5
430 6
431 18
432 4
433 6
434 5
435 7
436 15
437 9
438 5
439 1
440 6
441 5
442 6
443 3
444 3
445 5
446 10
447 7
448 3
449 4
450 12
451 4
452 8
453 6
454 7
455 4
456 6
457 8
458 8
459 9
460 16
461 7
462 8
463 7
464 1
465 6
466 10
467 2
468 5
469 2
470 2
471 6
472 3
473 18
474 4
475 10
476 6
477 2
478 9
479 10
480 5
481 7
482 1
483 8
484 2
485 3
486 7
487 4
488 4
489 6
490 3
491 4
492 7
493 2
494 6
495 7
496 5
497 12
498 3
499 2
500 8
501 7
502 5
503 7
504 16
505 5
506 3
507 2
508 3
509 3
510 5
511 12
512 18
513 10
514 7
515 6
516 8
517 5
518 5
519 5
520 3
521 6
522 9
523 3
524 3
525 2
526 3
527 11
528 2
529 4
530 4
531 9
532 6
533 16
534 6
535 12
536 10
537 2
538 7
539 6
540 4
541 5
542 5
543 6
544 9
545 14
546 2
547 6
548 9
549 3
550 12
551 9
552 6
553 3
554 8
555 5
556 13
557 10
558 6
559 9
560 16
561 6
562 11
563 11
564 1
565 7
566 5
567 4
568 1
569 5
570 11
571 6
572 5
573 4
574 5
575 2
576 3
577 7
578 16
579 7
580 4
581 10
582 3
583 4
584 1
585 3
586 10
587 4
588 17
589 6
590 5
591 6
592 6
593 3
594 5
595 7
596 8
597 5
598 9
599 2
600 4
601 3
603 3
604 4
605 3
606 5
607 4
608 8
609 7
610 16
611 4
612 7
613 9
615 3
616 6
617 6
618 6
619 12
620 3
621 8
622 5
623 3
624 2
625 7
626 7
627 3
628 7
629 9
630 7
631 6
632 5
633 5
634 5
635 11
636 5
637 1
638 7
639 4
640 8
641 2
642 4
643 4
644 6
645 3
646 3
647 2
648 8
649 5
650 4
651 4
652 3
653 7
654 1
655 1
656 4
657 6
658 1
659 2
660 9
661 5
662 4
663 6
664 15
665 7
666 13
667 8
668 8
669 6
670 6
671 10
672 4
673 10
674 5
675 6
676 12
677 5
678 7
679 7
680 9
681 12
682 12
683 10
684 9
685 9
686 9
687 8
688 20
689 4
690 7
691 7
692 7
693 7
694 7
695 3
696 4
697 6
698 6
699 5
700 4
701 9
702 8
703 10
704 4
705 2
706 4
707 6
708 6
709 5
710 6
711 4
713 3
714 7
715 45
716 5
718 3
719 7
720 6
721 2
722 6
724 7
725 6
726 7
727 3
728 5
729 2
730 4
732 8
733 7
734 7
735 2
736 4
737 7
738 5
739 7
740 12
741 2
742 7
743 1
744 5
745 2
746 3
747 6
748 2
749 3
750 1
751 5
752 3
753 6
754 6
755 6
756 1
757 7
758 6
759 3
760 5
761 6
762 3
763 3
764 9
765 3
766 2
767 2
768 5
769 4
770 6
771 4
772 3
773 5
774 1
775 5
776 12
777 3
778 10
779 2
780 13
781 4
782 10
783 7
784 5
785 24
786 7
787 8
788 2
789 2
790 6
791 3
792 2
793 5
794 3
795 6
796 6
798 4
799 1
800 11
801 6
802 5
803 6
804 4
805 1
806 3
807 1
808 4
809 8
810 6
811 5
812 8
813 8
814 7
815 5
816 6
817 7
818 2
819 6
820 7
821 2
822 4
823 4
824 5
825 6
826 6
827 8
828 1
829 7
830 13
831 10
832 9
833 11
834 2
835 3
836 6
837 7
838 6
839 5
840 3
841 1
842 4
843 2
844 4
845 3
846 3
847 3
848 5
849 6
850 5
851 1
852 10
853 5
854 9
855 1
856 4
857 2
858 4
859 1
860 4
861 4
862 6
863 3
864 12
865 6
866 6
867 4
868 2
869 4
870 5
871 3
872 4
873 4
874 10
875 5
876 11
877 6
878 5
879 5
880 10
881 8
882 3
883 2
885 4
886 1
887 7
888 4
889 2
890 5
891 1
892 4
893 4
894 5
895 5
896 2
897 5
898 6
899 3
900 7
901 3
902 5
903 13
904 5
905 5
906 1
907 1
908 5
909 7
910 6
911 5
912 3
914 5
915 1
916 8
917 5
918 7
919 7
920 4
921 9
922 3
923 4
924 6
925 6
926 5
927 3
928 9
929 3
930 4
931 6
932 1
933 7
934 5
935 1
936 6
937 3
938 3
939 5
940 11
941 3
942 4
943 6
944 8
945 4
946 7
947 3
948 1
949 6
950 4
951 5
953 7
954 3
955 2
956 9
957 4
958 6
959 2
960 1
961 5
962 6
963 4
964 4
965 4
966 2
967 8
968 3
969 8
970 6
971 6
972 2
973 6
974 5
975 4
976 5
977 1
978 5
979 9
980 4
981 3
982 11
983 1
984 6
985 2
986 5
987 2
988 8
989 7
990 7
991 2
992 4
993 1
994 8
995 3
996 3
997 4
998 3
999 1
1000 6
1001 4
1002 5
1003 4
1004 5
1005 4
1006 3
1007 3
1008 4
1009 2
1010 4
1011 5
1012 5
1013 11
1014 3
1015 4
1016 12
1017 2
1018 2
1019 8
1020 4
1022 5
1023 1
1024 2452
1025 3
1026 9
1027 3
1028 3
1029 3
1030 6
1031 3
1032 5
1033 3
1034 4
1035 3
1036 1
1037 3
1038 4
1039 9
1040 10
1041 5
1042 3
1043 4
1044 4
1045 9
1046 6
1047 2
1048 7
1049 6
1051 10
1052 6
1053 8
1054 3
1055 5
1056 5
1058 6
1059 2
1060 7
1061 4
1062 4
1063 1
1064 5
1065 1
1066 3
1067 3
1068 6
1069 4
1070 1
1071 5
1072 5
1073 5
1074 3
1075 3
1076 4
1077 2
1078 4
1079 4
1080 3
1081 6
1082 2
1083 1
1084 4
1085 1
1086 1
1087 5
1088 6
1089 3
1090 3
1091 3
1092 5
1093 2
1094 3
1095 3
1096 3
1097 2
1098 2
1099 1
1100 2
1101 1
1102 1
1103 4
1104 2
1105 4
1106 2
1107 4
1108 2
1109 6
1110 4
1111 8
1112 5
1113 4
1114 2
1115 7
1116 4
1117 4
1118 3
1119 4
1120 5
1121 2
1122 7
1123 3
1124 4
1127 6
1128 4
1129 2
1130 6
1131 10
1132 7
1133 3
1134 2
1135 4
1136 2
1137 4
1138 2
1139 2
1140 3
1141 4
1142 1
1143 6
1144 4
1145 3
1146 2
1147 3
1148 1
1149 2
1150 3
1151 3
1152 4
1153 2
1154 5
1155 11
1156 4
1157 1
1158 5
1159 3
1160 1
1161 5
1162 7
1163 4
1165 3
1166 4
1167 5
1168 2
1169 3
1170 3
1171 6
1172 8
1173 7
1174 6
1175 5
1176 2
1177 3
1178 6
1179 4
1180 3
1181 3
1182 7
1183 3
1184 2
1185 2
1186 2
1187 2
1188 3
1189 4
1190 2
1192 3
1193 2
1194 7
1195 5
1196 7
1197 2
1198 5
1199 4
1200 4
1201 1
1202 3
1203 1
1204 7
1206 5
1207 7
1208 7
1209 3
1210 2
1211 3
1212 2
1213 1
1214 4
1215 5
1216 5
1217 11
1218 4
1219 7
1220 4
1221 4
1222 4
1223 4
1224 6
1225 4
1226 2
1227 3
1228 8
1229 1
1230 3
1231 3
1232 7
1233 2
1234 1
1235 2
1236 2
1237 3
1238 4
1239 5
1240 2
1241 2
1242 3
1243 3
1244 4
1245 2
1246 1
1247 2
1248 3201
1249 3
1250 5
1251 7
1252 9
1253 3
1254 2
1255 5
1256 5
1257 7
1258 5
1260 5
1261 6
1262 13
1263 6
1264 2
1265 3
1266 9
1267 5
1268 4
1271 6
1272 1
1273 1
1274 5
1275 3
1276 3
1277 1
1278 5
1279 4
1280 7
1281 5
1283 2
1284 3
1285 2
1286 2
1287 1
1288 4
1289 1
1290 2
1291 2
1292 2
1293 7
1294 3
1295 1
1296 5
1298 8
1299 2
1300 7
1301 2
1302 1
1303 5
1304 4
1305 4
1306 4
1307 1
1308 1
1309 2
1310 14
1311 2
1312 7
1313 3
1314 3
1315 1
1316 4
1317 2
1318 3
1319 1
1320 4
1321 4
1323 2
1324 3
1325 4
1326 9
1327 4
1328 3
1329 5
1330 3
1331 3
1332 8
1333 1
1334 2
1335 3
1336 4
1337 3
1338 4
1339 1
1340 2
1341 7
1342 2
1343 3
1344 5
1345 2
1346 3
1347 6
1348 6
1349 1
1350 3
1351 3
1352 3
1353 2
1354 8
1355 5
1356 4
1357 4
1358 1
1359 1
1360 3
1361 3
1362 8
1363 3
1364 5
1365 2
1366 3
1367 5
1368 2
1369 5
1370 2
1371 4
1372 4
1373 4
1374 3
1375 7
1376 3
1377 3
1378 1
1379 3
1380 4
1381 7
1382 5
1383 3
1384 3
1385 5
1386 4
1387 2
1388 3
1389 4
1390 4
1391 4
1392 7
1394 6
1395 3
1396 4
1397 2
1398 6
1399 1
1400 9
1401 4
1403 3
1404 5
1405 6
1406 6
1407 2
1408 4
1409 7
1410 5
1411 6
1412 11
1413 5
1414 8
1415 4
1416 5
1417 1
1418 6
1419 3
1420 2
1421 4
1422 3
1423 6
1424 3
1425 1
1426 4
1427 23
1428 4
1429 1
1431 4
1432 2
1433 7
1434 9
1435 3
1436 7
1438 3
1439 2
1440 4
1441 2
1442 6
1443 1
1444 5
1446 3
1447 4
1448 13
1449 3
1450 2
1451 5
1452 8
1454 6
1455 2
1456 9
1457 3
1458 2
1459 4
1460 2
1461 4
1462 5
1463 2
1465 7
1466 8
1467 4
1468 5
1469 5
1470 2
1471 3
1472 3
1473 1
1474 3
1475 5
1476 8
1477 5
1478 4
1479 1
1480 4
1481 1
1482 4
1483 3
1484 3
1485 1
1486 5
1487 7
1488 9
1489 11
1490 18
1491 5
1492 7
1493 4
1494 12
1495 3
1496 13
1497 6
1498 4
1499 5
1500 4
1501 8
1502 10
1503 8
1504 9
1505 5
1506 12
1507 9
1508 7
1509 1
1510 9
1511 3
1512 12
1513 3
1514 3
1515 5
1516 13
1517 2
1518 3
1519 10
1520 20
1521 4
1522 1
1523 8
1524 6
1526 6
1527 13
1528 14
1530 6
1531 11
1532 15
1533 1
1534 8
1535 4
1536 17
1537 2
1538 4
1539 7
1540 9
1541 2
1542 4
1543 4
1544 4
1545 2
1546 2
1547 6
1548 9
1549 1
1550 1
1551 3
1552 2
1553 2
1554 8
1555 1
1556 9
1557 5
1558 2
1559 2
1560 29
1561 5
1562 19
1564 4
1566 7
1567 4
1568 10
1570 1
1571 9
1572 3
1574 2
1575 1
1576 4
1577 5
1578 8
1579 7
1580 5
1581 5
1582 4
1583 3
1584 7
1585 5
1586 3
1587 3
1588 3
1589 1
1590 1
1591 1
1592 5
1593 4
1594 7
1595 4
1596 2
1597 2
1598 8
1599 4
1600 3
1601 4
1602 2
1603 1
1604 2
1605 3
1606 2
1607 3
1608 4
1609 3
1610 3
1611 3
1612 1
1613 4
1614 4
1616 5
1617 3
1618 4
1619 4
1620 3
1621 2
1622 4
1623 3
1624 2
1625 3
1626 6
1627 4
1628 6
1629 1
1630 3
1631 4
1632 20
1633 3
1634 11
1635 1
1636 2
1637 2
1638 3
1639 2
1640 3
1641 1
1642 2
1643 4
1644 3
1645 4
1646 3
1648 308
1649 1
1652 3
1653 1
1654 4
1655 1
1656 3
1657 4
1659 4
1660 3
1661 1
1662 2
1664 1
1665 2
1666 4
1667 2
1668 9
1669 2
1670 7
1671 1
1672 5
1673 4
1674 9
1675 2
1676 9
1677 1
1678 1
1679 3
1680 1
1681 2
1682 2
1684 6
1685 2
1686 2
1687 5
1688 7
1689 7
1690 2
1691 1
1692 1
1693 1
1694 4
1695 3
1696 2
1697 1
1698 4
1699 1
1700 1
1701 5
1702 3
1703 3
1704 5
1705 3
1706 2
1707 2
1708 3
1709 2
1710 17
1711 3
1712 3
1713 3
1714 1
1715 5
1716 6
1717 3
1718 5
1720 3
1721 1
1722 7
1723 1
1724 6
1725 5
1726 1
1727 3
1728 2
1731 4
1733 4
1734 1
1736 2
1737 1
1738 3
1739 3
1740 1
1742 1
1743 3
1744 6
1745 3
1746 2
1747 4
1748 4
1749 2
1750 1
1751 5
1752 3
1753 3
1754 1
1755 4
1756 11
1757 3
1758 1
1759 5
1760 1
1761 3
1762 4
1763 3
1764 1
1765 3
1766 4
1767 5
1768 1
1769 1
1772 5
1773 8
1774 4
1775 1
1776 3
1777 2
1778 1
1779 1
1781 3
1783 2
1784 5
1785 2
1786 1
1787 2
1788 2
1789 1
1790 5
1791 3
1792 2
1793 4
1794 3
1795 4
1796 2
1797 1
1798 2
1800 2
1801 2
1802 3
1803 2
1804 2
1805 4
1807 3
1808 2
1809 1
1810 3
1811 1
1812 2
1813 6
1814 1
1815 1
1816 4
1817 2
1819 5
1821 1
1822 3
1823 2
1824 2
1825 4
1826 3
1827 3
1828 1
1829 2
1830 3
1831 1
1833 2
1834 4
1835 4
1836 3
1837 4
1838 1
1839 2
1840 1
1841 1
1842 5
1843 2
1844 2
1845 3
1846 4
1847 1
1848 1
1849 1
1850 1
1851 3
1852 1
1853 3
1855 4
1856 1
1857 3
1859 1
1860 3
1861 2
1862 3
1863 1
1864 3
1865 1
1866 3
1867 2
1868 1
1869 3
1870 2
1872 2
1873 3
1874 1
1875 3
1876 1
1877 1
1878 2
1879 1
1880 1
1882 6
1883 5
1884 3
1885 3
1891 8
1892 3
1893 1
1894 1
1895 5
1896 1
1899 2
1900 1
1901 2
1902 1
1903 3
1905 2
1906 6
1907 1
1908 2
1909 3
1911 2
1912 2
1914 2
1915 1
1916 1
1917 2
1918 2
1921 1
1922 1
1923 5
1924 3
1925 1
1926 2
1927 3
1928 2
1929 1
1931 3
1933 7
1935 1
1937 2
1938 1
1939 2
1940 2
1941 2
1942 4
1944 4
1945 3
1948 4
1949 5
1950 1
1952 1
1953 2
1954 5
1955 2
1956 3
1958 1
1959 1
1960 4
1961 5
1962 1
1963 6
1964 2
1965 1
1966 1
1967 4
1969 3
1970 1
1971 2
1972 4
1973 4
1977 2
1978 2
1979 1
1980 1
1981 2
1982 2
1983 1
1984 1
1986 2
1987 1
1988 4
1989 2
1990 3
1991 1
1992 2
1993 1
1994 2
1995 6
1996 1
1997 1
1998 1
1999 3
2001 3
2002 2
2005 2
2007 1
2008 2
2009 3
2010 1
2011 2
2014 2
2015 2
2016 33
2017 1
2018 2
2019 3
2020 1
2021 1
2022 3
2023 2
2024 1
2025 1
2026 3
2028 1
2029 2
2030 1
2033 2
2034 4
2035 3
2036 4
2037 3
2038 5
2039 2
2040 1
2044 4
2045 1
2046 4
2047 11
2048 104
2050 5
2051 1
2052 9
2053 1
2054 3
2055 1
2056 1
2057 3
2059 3
2060 1
2061 1
2063 4
2064 3
2065 1
2066 1
2067 2
2068 5
2070 1
2071 2
2072 3
2073 2
2074 2
2075 4
2076 3
2077 2
2078 2
2079 1
2080 3
2081 1
2082 1
2083 1
2084 2
2086 2
2087 7
2088 1
2090 3
2091 1
2092 1
2093 1
2094 5
2095 1
2096 2
2097 1
2098 1
2099 1
2100 2
2103 2
2104 1
2105 3
2106 1
2108 1
2109 3
2113 3
2114 3
2115 1
2116 3
2117 3
2118 3
2119 2
2120 1
2121 1
2122 2
2124 1
2125 1
2126 2
2127 2
2129 2
2131 1
2132 6
2133 2
2134 2
2135 3
2137 6
2138 1
2139 2
2140 1
2141 1
2144 3
2146 2
2147 2
2148 4
2149 2
2150 4
2151 2
2152 2
2153 1
2154 3
2155 2
2156 1
2157 1
2158 2
2159 1
2161 3
2162 3
2163 1
2164 2
2165 5
2166 5
2167 2
2168 3
2169 3
2170 3
2171 3
2172 4
2173 2
2174 3
2175 1
2176 3
2177 2
2178 5
2179 3
2180 3
2182 11
2183 2
2184 4
2185 2
2186 5
2187 1
2188 1
2189 5
2190 10
2191 6
2192 3
2193 5
2194 5
2195 2
2196 1
2197 3
2198 7
2199 1
2200 1
2202 8
2203 2
2204 2
2205 1
2206 10
2207 3
2208 3
2209 1
2210 5
2211 1
2212 1
2213 3
2214 2
2215 2
2216 1
2218 1
2219 4
2220 1
2222 4
2224 1
2225 2
2226 4
2227 3
2228 1
2230 1
2231 3
2232 2
2233 2
2234 1
2235 2
2237 3
2238 16
2239 4
2240 5
2241 1
2242 1
2243 2
2244 3
2245 5
2246 2
2247 1
2248 1
2249 1
2250 1
2251 4
2252 2
2253 1
2254 3
2256 1
2258 2
2260 1
2261 3
2262 4
2264 1
2265 1
2267 1
2268 3
2270 1
2271 2
2272 1
2273 2
2276 5
2278 2
2279 1
2280 1
2281 1
2282 1
2283 1
2284 2
2285 3
2288 1
2289 3
2290 1
2291 3
2293 4
2294 2
2295 3
2296 2
2297 2
2298 1
2300 3
2301 1
2302 4
2304 2
2306 6
2308 1
2309 3
2310 1
2311 2
2312 2
2314 1
2315 3
2317 2
2318 6
2319 1
2321 1
2322 1
2323 1
2324 5
2325 2
2326 1
2329 2
2331 1
2333 1
2334 3
2335 1
2336 2
2337 1
2338 2
2339 4
2341 2
2342 7
2344 3
2347 2
2349 4
2350 2
2351 2
2352 1
2354 1
2357 3
2358 1
2359 1
2361 1
2362 3
2363 3
2364 4
2365 3
2366 1
2367 2
2368 1
2369 1
2370 1
2371 1
2372 5
2373 3
2374 5
2376 2
2377 1
2378 4
2379 2
2380 1
2381 1
2382 6
2383 2
2384 1
2385 2
2386 1
2387 3
2388 4
2389 4
2392 2
2393 2
2394 1
2395 2
2396 3
2398 8
2399 1
2401 3
2402 1
2403 3
2404 3
2405 2
2406 1
2407 3
2408 4
2409 2
2411 2
2412 2
2413 2
2414 1
2415 3
2417 2
2418 1
2419 5
2421 2
2422 3
2423 3
2425 3
2426 1
2427 2
2428 1
2429 3
2430 1
2431 2
2432 1
2433 1
2434 2
2435 4
2437 2
2438 2
2439 1
2440 5
2441 3
2442 3
2443 4
2444 1
2445 1
2446 3
2447 2
2448 4
2449 3
2450 1
2454 2
2455 1
2456 2
2457 1
2459 2
2460 4
2462 1
2463 3
2464 2
2465 1
2466 2
2467 1
2468 2
2469 1
2470 4
2471 1
2472 3
2474 1
2475 3
2476 3
2477 2
2478 3
2479 1
2480 1
2481 1
2482 1
2484 3
2486 1
2488 4
2490 6
2491 3
2492 3
2494 1
2495 3
2497 2
2498 1
2499 2
2502 1
2504 3
2505 3
2506 2
2507 3
2508 8
2509 2
2512 3
2513 2
2514 1
2515 1
2516 3
2517 1
2518 3
2520 5
2521 2
2522 2
2523 1
2525 1
2526 5
2527 2
2528 1
2529 1
2530 5
2531 2
2533 1
2536 2
2537 2
2539 3
2541 2
2543 4
2546 2
2548 1
2549 1
2550 3
2553 3
2554 1
2555 2
2556 1
2557 1
2558 1
2559 1
2560 3
2561 1
2562 1
2564 2
2566 1
2567 2
2568 4
2569 1
2570 2
2571 2
2572 3
2573 1
2574 2
2577 1
2578 1
2579 2
2580 1
2583 1
2584 1
2585 3
2586 3
2587 3
2590 3
2591 1
2592 2
2593 1
2594 1
2597 1
2598 1
2600 1
2601 1
2602 1
2603 2
2604 2
2605 7
2608 1
2609 7
2610 1
2611 2
2612 1
2614 1
2615 2
2616 1
2618 6
2619 1
2620 2
2622 1
2623 2
2624 4
2625 3
2627 1
2628 1
2629 1
2632 1
2634 4
2635 1
2636 1
2638 4
2640 1
2641 1
2642 160
2644 1
2646 2
2648 2
2649 3
2650 3
2651 2
2652 1
2653 5
2654 1
2655 2
2657 1
2658 1
2660 3
2661 2
2663 2
2666 2
2667 2
2672 1
2674 4
2675 5
2676 1
2677 2
2678 5
2680 1
2681 2
2682 1
2683 1
2684 1
2685 1
2687 4
2689 1
2690 6
2694 1
2695 1
2696 1
2697 1
2699 2
2700 2
2702 1
2703 3
2705 3
2706 2
2708 1
2709 1
2711 1
2712 4
2717 2
2719 1
2720 1
2721 4
2723 2
2724 1
2727 2
2728 3
2729 3
2730 4
2736 8
2737 3
2738 1
2740 3
2742 1
2744 1
2745 3
2746 2
2747 2
2748 1
2749 2
2750 1
2753 1
2754 3
2755 1
2756 1
2757 1
2759 1
2760 2
2761 2
2762 1
2763 1
2764 2
2766 2
2768 11
2769 2
2770 2
2771 1
2772 4
2773 1
2774 2
2775 3
2776 1
2777 4
2778 1
2779 1
2780 3
2781 1
2782 3
2783 2
2784 2
2785 1
2788 2
2790 1
2793 2
2794 1
2796 1
2798 1
2799 2
2800 3
2801 1
2802 1
2803 1
2805 1
2806 1
2808 5
2809 1
2810 5
2811 1
2812 3
2813 1
2814 2
2816 2
2817 2
2820 2
2822 3
2823 1
2824 1
2825 2
2826 5
2828 1
2830 1
2835 2
2836 2
2837 1
2838 2
2839 2
2840 3
2842 4
2843 5
2844 2
2845 1
2846 3
2847 1
2848 9
2852 3
2853 1
2854 4
2856 2
2858 1
2859 1
2860 1
2861 1
2864 2
2866 1
2867 1
2868 3
2869 1
2870 2
2871 2
2873 1
2874 1
2875 1
2876 1
2877 1
2878 2
2880 5
2881 1
2884 1
2885 1
2886 1
2887 4
2889 2
2890 2
2892 1
2893 1
2894 5
2895 1
2898 1
2900 2
2902 1
2903 2
2904 1
2905 1
2909 1
2911 2
2914 2
2917 1
2919 3
2920 2
2921 1
2922 2
2923 3
2924 1
2926 1
2927 2
2928 2
2929 1
2930 8
2932 4
2935 2
2936 1
2937 2
2938 1
2939 2
2941 1
2942 3
2943 1
2944 4
2945 1
2946 1
2948 2
2949 1
2950 9
2951 1
2952 2
2954 3
2957 4
2958 1
2964 1
2965 3
2966 1
2968 6
2970 4
2971 1
2972 2
2974 3
2978 1
2979 1
2980 2
2983 2
2984 3
2985 2
2986 2
2987 5
2988 5
2991 2
2992 2
2993 1
2994 5
2995 1
2996 7
2998 2
2999 1
3000 2
3001 1
3004 1
3006 3
3007 4
3008 2
3011 1
3012 1
3013 2
3014 1
3015 1
3016 5
3018 3
3019 1
3021 1
3025 2
3026 60
3027 1
3028 2
3031 1
3032 3
3033 3
3035 2
3036 3
3037 1
3039 2
3040 2
3041 2
3042 2
3044 4
3045 1
3047 2
3048 4
3050 2
3051 1
3053 2
3054 1
3055 1
3056 3
3057 1
3058 1
3061 1
3063 4
3064 2
3065 1
3066 3
3067 2
3068 1
3069 1
3070 5
3072 36
3073 1
3074 1
3075 4
3076 3
3077 1
3078 1
3080 1
3081 1
3082 2
3083 1
3084 3
3086 4
3087 3
3088 1
3089 3
3090 2
3091 3
3092 2
3094 1
3095 2
3096 7
3097 1
3098 4
3099 4
3100 2
3102 1
3104 8
3105 1
3107 1
3108 2
3110 1
3111 1
3112 5
3113 1
3114 2
3115 1
3116 1
3117 2
3118 2
3120 2
3121 1
3122 1
3123 3
3124 1
3125 1
3126 1
3128 3
3129 1
3130 1
3132 1
3133 1
3138 2
3139 1
3140 8
3142 1
3144 1
3146 5
3147 1
3150 4
3151 3
3152 1
3156 2
3157 2
3158 1
3159 1
3161 1
3162 1
3164 2
3166 1
3167 3
3169 1
3170 1
3171 2
3175 3
3178 2
3179 2
3180 2
3181 1
3183 1
3185 1
3186 1
3187 1
3190 1
3191 1
3193 2
3194 1
3196 2
3200 1
3201 1
3202 1
3206 1
3207 2
3208 2
3209 1
3210 1
3212 1
3213 2
3215 1
3216 1
3217 2
3219 2
3220 2
3221 1
3223 2
3224 3
3226 1
3230 1
3231 7
3232 2
3233 1
3236 3
3239 1
3240 2
3241 1
3242 2
3243 3
3244 2
3245 2
3246 2
3247 1
3249 2
3250 4
3251 1
3252 2
3253 6
3256 1
3257 1
3260 1
3261 2
3262 1
3264 8
3265 20
3266 48
3267 72
3268 38
3269 14
3270 7
3271 3
3273 1
3274 4
3275 3
3276 1
3277 1
3278 3
3279 1
3281 6
3282 2
3283 13
3284 10
3285 8
3286 6
3287 7
3288 13
3289 18
3290 31
3291 9
3292 12
3293 7
3294 2
3295 2
3296 2
3297 1
3299 1
3301 1
3303 4
3304 1
3306 2
3308 4
3309 2
3310 4
3311 3
3312 2
3313 2
3314 2
3316 7
3317 2
3320 2
3322 2
3323 1
3324 3
3325 1
3328 4
3329 1
3330 10
3332 1
3334 4
3335 1
3336 1
3337 2
3338 1
3341 3
3343 1
3344 1
3346 1
3347 1
3348 1
3349 1
3351 1
3355 6
3356 4
3363 2
3364 10
3366 1
3367 3
3371 1
3372 1
3373 1
3374 1
3375 1
3376 5
3378 3
3380 3
3382 2
3383 1
3384 17
3385 1
3386 2
3387 1
3388 2
3389 1
3390 2
3392 2
3394 2
3397 3
3398 1
3400 1
3403 2
3408 2
3409 1
3410 2
3412 3
3413 2
3414 2
3419 1
3421 1
3422 2
3425 1
3426 3
3427 5
3428 1
3430 4
3431 2
3432 1
3433 1
3434 3
3435 2
3438 1
3440 1
3442 2
3445 1
3446 1
3447 1
3449 1
3452 3
3454 1
3456 1
3459 1
3460 4
3461 1
3464 1
3465 2
3467 1
3468 3
3469 4
3471 1
3472 1
3474 1
3475 2
3478 2
3481 1
3485 2
3486 1
3488 1
3493 1
3494 2
3496 1
3497 1
3500 1
3502 1
3503 1
3504 2
3505 2
3506 2
3507 2
3508 3
3514 2
3520 1
3521 2
3522 1
3523 1
3524 1
3528 2
3531 1
3534 4
3535 2
3536 1
3537 1
3538 6
3539 2
3540 1
3542 2
3543 1
3549 1
3551 3
3552 5
3555 3
3557 1
3559 2
3566 1
3567 1
3570 3
3572 2
3573 1
3574 2
3576 1
3578 3
3579 1
3580 1
3581 2
3584 7
3587 1
3591 1
3593 1
3596 1
3598 1
3601 2
3602 1
3603 2
3604 1
3605 1
3609 5
3610 2
3614 1
3615 3
3619 2
3620 1
3621 12
3622 6
3624 2
3625 1
3629 1
3631 1
3632 3
3635 1
3643 1
3644 1
3645 1
3647 1
3648 2
3652 1
3653 1
3656 2
3658 2
3659 1
3660 1
3661 1
3662 3
3663 1
3665 1
3671 2
3672 1
3676 1
3677 1
3678 1
3679 1
3680 2
3682 2
3684 1
3686 2
3689 1
3691 2
3694 3
3696 1
3697 1
3698 2
3699 1
3700 1
3702 1
3703 1
3705 3
3706 1
3708 2
3710 1
3712 1
3716 2
3717 1
3718 1
3719 2
3720 3
3721 1
3722 3
3723 1
3724 2
3727 2
3729 2
3733 3
3735 1
3736 2
3740 1
3743 1
3750 1
3751 2
3752 1
3753 1
3758 1
3760 3
3763 1
3764 3
3765 2
3767 1
3768 1
3769 1
3770 6
3773 1
3775 1
3776 1
3780 1
3786 2
3787 1
3789 2
3791 1
3794 2
3799 2
3802 1
3804 1
3805 1
3806 1
3807 1
3811 1
3812 1
3813 1
3814 1
3816 4
3817 2
3819 1
3820 1
3821 3
3823 1
3824 1
3825 1
3826 2
3827 3
3828 3
3830 3
3832 1
3834 1
3835 1
3836 1
3838 1
3840 1
3842 2
3844 1
3845 2
3848 3
3853 2
3857 1
3860 2
3861 1
3864 1
3865 1
3868 1
3874 1
3875 1
3876 2
3878 1
3880 9
3882 1
3883 1
3884 5
3888 1
3891 1
3892 2
3893 1
3894 9
3898 1
3900 2
3901 3
3902 4
3904 2
3905 1
3906 6
3908 1
3909 1
3911 1
3914 1
3917 1
3921 1
3924 2
3925 1
3926 2
3927 16
3928 2
3931 1
3932 1
3935 1
3937 1
3938 2
3939 2
3946 1
3948 3
3951 4
3952 2
3953 1
3956 3
3957 1
3962 1
3963 1
3967 1
3968 1
3969 1
3974 4
3978 2
3979 2
3981 5
3982 1
3984 1
3986 2
3988 1
3989 1
3992 1
3993 2
3996 1
3999 1
4000 1
4002 1
4004 1
4006 1
4007 1
4008 2
4010 2
4011 2
4012 2
4013 2
4014 4
4016 1
4019 2
4021 1
4024 3
4027 2
4029 1
4030 1
4031 2
4032 1
4034 1
4035 1
4036 1
4037 1
4038 1
4042 1
4044 5
4046 1
4047 1
4048 1
4049 1
4054 1
4056 1
4057 1
4063 1
4064 3
4067 1
4068 2
4070 2
4071 1
4073 2
4074 2
4076 1
4078 1
4079 2
4081 1
4082 1
4085 2
4086 1
4088 1
4089 2
4090 2
4091 2
4092 3
4093 2
4095 1
4096 285
4097 1
4098 1
4099 3
4100 8
4101 2
4102 2
4104 3
4105 1
4110 2
4111 1
4113 3
4114 1
4115 1
4116 2
4117 1
4119 2
4120 1
4122 1
4124 1
4125 2
4128 2
4129 2
4132 3
4133 1
4135 2
4138 1
4140 1
4144 1
4148 1
4150 5
4151 2
4154 3
4156 2
4157 1
4159 2
4162 1
4163 2
4165 1
4167 1
4170 1
4172 1
4174 1
4175 2
4176 1
4178 1
4179 1
4180 3
4181 1
4182 1
4186 2
4187 2
4188 1
4193 1
4197 1
4198 1
4199 1
4200 1
4201 1
4204 3
4206 1
4208 3
4210 1
4215 3
4216 1
4220 1
4226 3
4227 2
4228 1
4236 1
4242 1
4244 3
4245 2
4247 1
4248 1
4250 2
4252 1
4254 2
4255 1
4259 1
4263 3
4265 1
4266 1
4267 1
4269 1
4271 3
4272 1
4273 2
4276 1
4278 1
4280 1
4281 2
4283 1
4285 2
4287 1
4288 1
4289 2
4290 1
4291 2
4292 1
4293 1
4294 1
4298 2
4300 1
4302 1
4304 2
4305 1
4306 3
4308 1
4310 4
4311 1
4313 1
4314 3
4316 1
4319 1
4322 2
4324 1
4325 2
4330 1
4334 1
4337 1
4338 1
4339 1
4340 1
4342 1
4346 1
4347 3
4348 1
4349 1
4352 1
4354 1
4355 3
4358 1
4359 1
4360 2
4365 1
4367 1
4368 2
4369 1
4370 1
4373 1
4376 2
4381 4
4382 2
4383 1
4384 1
4385 2
4387 1
4390 1
4392 2
4393 3
4394 1
4401 1
4402 1
4403 1
4404 1
4406 30
4408 2
4409 2
4410 1
4414 1
4418 1
4419 1
4421 1
4423 1
4425 3
4427 1
4430 1
4432 3
4436 2
4439 1
4440 1
4441 1
4442 1
4445 2
4446 1
4447 1
4448 5
4449 1
4451 1
4458 2
4464 2
4465 2
4466 2
4468 1
4470 1
4471 1
4472 1
4473 2
4474 5
4475 1
4476 1
4478 2
4481 1
4482 3
4483 1
4484 1
4485 2
4486 2
4488 1
4490 1
4491 2
4493 1
4494 1
4498 14
4500 10
4504 1
4505 3
4506 1
4507 1
4509 1
4510 1
4511 1
4513 1
4515 2
4516 1
4517 1
4518 1
4519 1
4520 1
4521 2
4522 2
4523 1
4524 1
4525 1
4526 2
4527 1
4528 2
4531 1
4532 1
4536 2
4539 1
4540 1
4542 1
4543 1
4544 1
4549 1
4553 1
4556 2
4557 2
4560 1
4561 1
4563 1
4565 1
4570 1
4571 2
4574 1
4575 1
4576 2
4578 2
4584 4
4585 1
4587 1
4590 1
4592 1
4598 2
4600 1
4602 1
4603 1
4606 1
4608 6
4609 1
4610 3
4612 2
4614 1
4615 1
4616 2
4618 1
4619 1
4620 1
4623 1
4624 1
4627 1
4629 1
4633 2
4635 1
4639 1
4640 7
4641 2
4642 1
4644 1
4645 2
4647 3
4651 1
4654 1
4656 1
4658 3
4659 1
4660 1
4664 1
4665 2
4667 1
4669 3
4672 1
4677 1
4678 1
4680 1
4682 6
4684 1
4685 1
4686 2
4687 1
4689 1
4691 1
4692 2
4694 1
4695 1
4696 1
4697 1
4701 1
4704 1
4708 2
4709 3
4712 1
4716 1
4718 1
4720 1
4722 1
4726 1
4729 1
4732 2
4734 2
4736 7
4737 1
4739 3
4740 1
4741 1
4742 3
4744 1
4745 1
4746 1
4748 1
4749 1
4751 4
4753 1
4755 2
4758 1
4759 2
4760 3
4762 3
4769 1
4771 6
4777 2
4778 1
4780 2
4785 2
4787 2
4788 1
4790 1
4793 1
4795 1
4800 3
4802 1
4809 4
4810 2
4811 1
4812 11
4814 1
4815 1
4816 1
4817 1
4821 1
4822 1
4824 1
4826 1
4830 1
4832 1
4835 1
4840 1
4842 1
4843 1
4844 4
4847 1
4848 2
4850 1
4851 1
4858 1
4859 1
4861 2
4862 1
4866 2
4869 1
4870 1
4872 3
4873 1
4875 1
4884 1
4886 1
4891 1
4892 2
4893 1
4895 1
4896 2
4897 2
4898 1
4899 3
4903 1
4905 1
4911 1
4912 1
4913 1
4916 1
4917 2
4920 1
4921 1
4923 1
4924 2
4931 1
4932 3
4935 1
4937 3
4938 1
4939 1
4940 2
4943 1
4950 2
4951 2
4952 1
4954 2
4956 3
4958 3
4960 2
4961 1
4963 2
4965 1
4966 1
4968 1
4972 3
4973 1
4975 1
4977 2
4978 4
4980 2
4981 3
4982 2
4983 2
4985 2
4989 1
4992 1
4993 1
4994 1
4995 1
4997 1
5001 1
5002 1
5004 1
5005 2
5015 1
5016 2
5018 1
5019 2
5021 2
5023 1
5027 1
5028 2
5029 2
5030 2
5032 2
5035 2
5036 1
5038 2
5040 5
5044 2
5047 1
5048 1
5049 2
5050 1
5052 1
5055 2
5058 1
5060 2
5063 1
5064 1
5066 2
5067 1
5068 4
5069 1
5075 1
5076 1
5077 1
5079 1
5081 1
5082 1
5086 2
5087 1
5088 1
5090 1
5091 1
5092 1
5095 3
5096 1
5098 1
5100 1
5105 1
5108 1
5110 2
5120 8
5122 1
5123 1
5125 3
5128 3
5130 1
5133 1
5134 2
5137 1
5140 2
5143 2
5145 2
5146 1
5147 1
5149 3
5150 1
5152 1
5153 3
5156 1
5157 2
5165 1
5166 1
5172 1
5173 1
5174 3
5175 1
5180 1
5181 1
5186 1
5187 1
5189 1
5192 1
5193 1
5196 1
5205 1
5212 1
5213 1
5214 1
5219 1
5220 1
5222 1
5223 1
5228 1
5229 1
5232 1
5235 2
5239 1
5240 1
5241 1
5247 1
5248 1
5252 1
5254 1
5255 2
5258 1
5260 1
5264 1
5270 1
5274 1
5276 5
5278 2
5281 1
5284 1
5286 16
5287 1
5289 1
5291 1
5292 1
5296 1
5304 1
5307 2
5308 1
5309 1
5311 1
5313 1
5314 1
5315 1
5317 1
5320 1
5326 1
5329 1
5330 2
5336 1
5337 2
5341 1
5344 2
5345 1
5346 1
5347 3
5348 2
5352 1
5354 1
5359 1
5360 3
5365 1
5366 1
5369 1
5371 1
5373 1
5376 1
5380 1
5383 3
5384 1
5385 1
5388 2
5392 2
5396 1
5397 1
5398 1
5399 1
5402 1
5414 1
5415 2
5419 1
5422 1
5424 1
5425 2
5426 1
5434 1
5435 1
5438 2
5439 2
5440 1
5441 2
5443 1
5446 1
5449 1
5453 1
5456 1
5457 1
5459 4
5461 1
5462 1
5464 1
5465 2
5467 1
5468 2
5470 1
5471 2
5472 3
5474 4
5475 3
5476 2
5477 1
5478 1
5480 1
5482 1
5485 3
5486 1
5491 9
5492 1
5493 2
5499 1
5500 1
5505 1
5506 2
5508 1
5515 2
5517 1
5520 1
5521 1
5524 1
5525 1
5527 1
5528 1
5529 1
5540 1
5541 7
5548 1
5550 1
5551 2
5553 1
5554 1
5558 2
5561 1
5564 1
5565 1
5567 2
5569 1
5572 2
5573 1
5575 1
5579 2
5581 1
5583 1
5584 1
5585 1
5588 2
5592 1
5595 2
5597 1
5598 3
5602 1
5603 1
5604 2
5605 5
5608 2
5609 1
5617 8
5618 1
5626 1
5627 1
5628 2
5632 4
5633 29
5634 2
5636 2
5638 1
5639 1
5640 1
5642 1
5643 1
5655 1
5660 1
5661 2
5662 1
5664 1
5670 1
5672 1
5677 1
5680 1
5682 1
5687 2
5689 1
5696 5
5697 1
5698 2
5700 1
5702 1
5703 1
5705 1
5707 1
5709 1
5716 1
5717 2
5718 1
5720 1
5728 2
5730 2
5731 1
5732 2
5733 1
5735 1
5747 1
5748 8
5749 3
5751 1
5752 1
5756 2
5759 3
5760 1
5761 2
5765 1
5767 2
5771 1
5772 1
5774 1
5776 2
5777 3
5783 2
5788 3
5794 1
5795 1
5797 1
5798 1
5801 2
5807 1
5815 1
5819 1
5820 1
5822 2
5824 3
5825 4
5826 1
5830 2
5832 1
5836 1
5838 1
5840 1
5841 1
5842 1
5847 1
5849 2
5851 2
5853 3
5855 2
5856 1
5859 1
5864 1
5867 1
5868 1
5870 3
5872 2
5876 1
5877 2
5881 1
5883 4
5884 3
5886 1
5887 2
5892 2
5893 2
5896 4
5899 1
5900 3
5901 1
5902 1
5903 1
5906 1
5907 1
5910 1
5915 1
5916 1
5918 1
5920 4
5922 1
5923 1
5925 3
5926 1
5928 3
5932 1
5936 1
5938 2
5939 1
5940 3
5942 1
5944 2
5945 1
5948 1
5949 1
5968 1
5969 3
5971 1
5973 1
5975 1
5977 1
5982 1
5984 2
5986 4
5987 1
5991 3
5993 1
5998 2
5999 1
6000 1
6012 1
6014 1
6015 1
6019 1
6021 1
6024 5
6032 1
6033 2
6034 2
6036 1
6038 1
6044 1
6045 3
6050 1
6051 2
6055 2
6059 1
6063 1
6064 1
6067 1
6068 3
6072 1
6073 4
6074 1
6077 1
6081 1
6083 1
6084 1
6087 1
6088 3
6089 1
6092 3
6094 4
6101 2
6103 1
6106 1
6108 4
6109 1
6115 2
6116 2
6120 1
6122 1
6123 1
6125 1
6127 1
6128 1
6133 1
6134 1
6141 2
6144 6
6150 1
6151 1
6152 2
6153 3
6156 2
6162 1
6163 1
6164 1
6166 2
6167 1
6170 1
6171 1
6181 2
6182 1
6184 3
6186 2
6189 1
6190 1
6194 1
6196 1
6204 3
6206 1
6207 2
6210 1
6212 1
6214 2
6215 4
6216 1
6221 2
6225 2
6229 1
6230 1
6234 2
6243 1
6244 1
6245 3
6248 1
6256 5
6260 1
6262 126
6265 1
6268 1
6269 1
6270 1
6272 2
6275 1
6279 1
6282 1
6283 3
6290 1
6291 3
6294 2
6297 1
6299 1
6303 1
6304 1
6305 1
6309 1
6310 1
6311 2
6313 1
6314 1
6317 1
6320 1
6322 1
6328 1
6329 1
6333 1
6337 1
6341 1
6343 2
6346 1
6351 3
6352 1
6357 1
6358 1
6359 1
6366 2
6368 1
6369 1
6370 1
6371 1
6372 3
6373 1
6380 2
6381 1
6382 1
6383 1
6388 1
6389 1
6390 1
6391 4
6392 1
6395 2
6396 2
6407 1
6409 1
6411 1
6414 1
6416 1
6418 1
6422 3
6423 2
6431 3
6434 1
6436 1
6437 1
6439 1
6449 1
6456 1
6459 1
6464 2
6466 1
6467 1
6472 1
6475 2
6476 1
6478 4
6480 1
6483 1
6484 2
6485 2
6487 1
6491 1
6494 2
6495 1
6496 2
6497 1
6498 1
6503 1
6504 8
6506 1
6511 1
6515 1
6519 1
6523 1
6529 1
6534 2
6535 3
6536 1
6537 1
6542 2
6548 1
6550 2
6553 3
6558 2
6559 1
6569 3
6571 1
6575 2
6576 2
6577 1
6582 1
6583 3
6587 1
6593 1
6598 1
6600 1
6602 3
6603 1
6604 2
6606 1
6610 1
6612 3
6613 1
6615 1
6620 1
6621 1
6622 2
6623 2
6624 1
6627 1
6628 2
6634 1
6635 2
6637 1
6643 1
6644 2
6650 3
6652 2
6653 1
6655 1
6656 4
6657 1
6660 1
6662 1
6664 1
6669 1
6670 1
6671 1
6672 1
6678 1
6680 3
6683 1
6696 1
6699 1
6702 2
6703 1
6704 2
6705 2
6709 1
6710 1
6711 1
6712 1
6716 1
6719 1
6720 1
6726 1
6727 2
6729 1
6731 5
6736 1
6740 1
6742 1
6744 2
6747 2
6749 1
6750 1
6752 1
6753 1
6754 2
6756 2
6757 1
6762 1
6765 2
6766 2
6767 1
6768 1
6772 3
6774 1
6775 1
6783 1
6785 1
6792 1
6795 1
6799 1
6804 1
6805 1
6806 1
6811 1
6812 3
6818 1
6820 1
6823 1
6824 4
6826 1
6828 1
6831 1
6834 1
6835 1
6836 1
6839 2
6840 2
6844 1
6847 1
6848 2
6860 1
6862 3
6871 2
6875 1
6881 1
6890 1
6891 4
6892 1
6893 1
6898 1
6902 1
6906 2
6909 2
6910 1
6912 2
6914 1
6921 1
6925 1
6928 2
6933 1
6934 1
6935 2
6936 1
6937 2
6940 2
6943 1
6944 2
6945 1
6950 1
6952 1
6957 1
6959 2
6960 1
6961 2
6965 1
6966 1
6972 3
6974 2
6979 1
6980 1
6983 4
6984 2
6985 3
6987 1
6988 4
6989 1
6995 2
6996 2
7000 1
7001 2
7002 1
7004 3
7007 1
7009 3
7012 2
7020 2
7022 1
7023 1
7025 1
7028 1
7036 1
7038 1
7047 1
7048 1
7049 1
7050 2
7051 1
7052 2
7053 2
7054 3
7055 1
7058 1
7069 1
7071 1
7075 1
7076 1
7078 1
7082 1
7092 1
7097 1
7099 1
7100 1
7101 2
7103 1
7104 1
7106 1
7110 3
7113 2
7114 1
7116 1
7120 1
7124 1
7128 1
7132 1
7136 2
7142 4
7145 1
7148 2
7150 2
7151 1
7160 1
7161 1
7164 2
7166 1
7168 4
7169 2
7171 1
7182 1
7183 3
7184 3
7189 7
7190 1
7191 2
7196 1
7212 3
7216 1
7217 1
7218 2
7223 2
7224 2
7227 1
7228 2
7229 1
7232 1
7239 1
7240 1
7242 1
7244 2
7248 2
7249 1
7250 1
7252 2
7254 1
7255 2
7256 1
7257 1
7259 1
7260 1
7264 1
7267 1
7268 1
7276 1
7277 1
7278 1
7283 1
7288 2
7290 1
7291 2
7292 1
7296 1
7297 1
7298 1
7303 1
7310 3
7316 1
7319 1
7322 1
7323 1
7325 1
7326 2
7329 2
7330 1
7331 1
7337 1
7339 1
7341 1
7356 1
7357 2
7360 1
7363 1
7368 1
7372 1
7375 1
7379 6
7380 2
7382 1
7386 1
7387 1
7388 2
7394 1
7396 1
7397 1
7400 1
7404 1
7407 2
7409 3
7410 1
7414 3
7415 1
7417 1
7419 1
7432 1
7438 1
7444 1
7448 1
7455 2
7458 1
7459 1
7460 1
7462 1
7463 2
7470 1
7472 1
7474 1
7478 1
7485 1
7489 1
7492 2
7499 1
7500 2
7502 1
7505 1
7506 4
7522 1
7531 1
7534 3
7535 1
7540 1
7545 1
7549 1
7555 1
7556 1
7558 1
7563 1
7564 1
7568 2
7571 1
7572 1
7581 1
7592 1
7599 2
7600 2
7604 1
7613 1
7615 2
7641 1
7644 2
7647 1
7648 2
7653 1
7656 2
7657 1
7663 1
7664 2
7666 1
7668 2
7669 1
7670 1
7671 1
7673 1
7674 1
7677 1
7686 3
7689 2
7691 3
7692 1
7696 1
7698 1
7704 1
7711 1
7716 1
7722 1
7727 1
7730 1
7731 1
7732 1
7736 2
7738 2
7739 1
7750 1
7761 1
7765 1
7771 1
7775 2
7776 1
7777 2
7778 1
7780 1
7789 1
7792 2
7795 1
7797 1
7804 1
7805 1
7806 2
7807 1
7811 1
7813 1
7814 1
7828 2
7832 1
7833 1
7835 1
7847 1
7848 1
7857 1
7858 2
7862 1
7864 1
7868 1
7869 1
7880 1
7883 1
7891 1
7893 1
7897 1
7903 1
7908 3
7916 2
7920 1
7923 3
7931 1
7938 1
7942 1
7945 2
7951 1
7952 1
7955 2
7957 1
7958 1
7960 1
7964 1
7966 1
7973 1
7974 1
7976 1
7978 1
7979 1
7981 1
7986 1
7989 2
7990 1
7991 1
7994 1
7995 2
7996 1
8000 1
8005 1
8013 2
8016 2
8021 4
8024 1
8025 1
8030 1
8031 1
8032 1
8038 1
8047 1
8053 1
8055 2
8057 1
8059 1
8060 1
8062 1
8073 1
8074 1
8075 2
8077 2
8079 1
8080 1
8081 2
8085 1
8086 3
8088 2
8090 1
8099 1
8102 1
8104 2
8108 1
8117 1
8119 1
8122 1
8123 1
8129 1
8131 1
8132 1
8134 1
8146 1
8147 1
8148 1
8149 2
8162 1
8164 1
8176 1
8183 1
8190 1
8191 1
8192 140
8194 1
8202 1
8204 1
8205 2
8206 1
8214 1
8217 2
8230 3
8231 2
8232 1
8238 1
8239 1
8240 1
8245 1
8247 1
8252 1
8256 1
8264 1
8266 2
8273 1
8276 1
8280 1
8302 2
8308 1
8314 1
8325 1
8332 1
8346 3
8351 1
8356 1
8358 1
8359 1
8361 1
8365 2
8370 1
8375 2
8377 2
8378 4
8379 1
8382 2
8388 1
8403 2
8410 1
8424 1
8428 3
8433 1
8438 1
8441 1
8442 2
8445 2
8446 1
8459 1
8461 1
8463 1
8464 1
8471 3
8473 1
8479 1
8482 1
8488 1
8494 2
8496 3
8497 1
8498 1
8499 1
8500 1
8506 1
8521 1
8527 1
8528 1
8536 1
8538 1
8544 1
8546 1
8550 1
8552 1
8558 1
8560 1
8561 1
8564 1
8568 1
8581 1
8582 1
8583 2
8600 1
8602 2
8603 2
8609 1
8616 2
8618 2
8620 1
8623 1
8624 1
8632 1
8636 1
8639 1
8640 1
8641 1
8642 2
8649 1
8651 1
8654 1
8656 2
8657 1
8662 1
8668 4
8671 1
8673 1
8675 1
8676 1
8679 1
8684 2
8685 1
8686 1
8691 1
8694 1
8698 1
8704 2
8705 1
8709 1
8712 1
8720 1
8728 1
8732 2
8738 1
8740 1
8748 2
8756 1
8765 3
8771 1
8774 2
8778 1
8780 1
8785 2
8787 1
8797 1
8802 2
8808 2
8810 1
8816 1
8818 1
8826 1
8838 1
8839 1
8840 2
8844 1
8856 1
8857 2
8858 1
8863 1
8865 1
8867 1
8868 2
8874 2
8885 2
8897 1
8901 175
8905 1
8909 1
8912 1
8924 1
8925 1
8926 3
8928 1
8931 1
8940 3
8949 3
8951 1
8952 1
8961 1
8962 1
8966 1
8975 1
8977 2
8986 1
8988 1
8989 1
8997 1
9000 2
9008 3
9011 2
9014 1
9018 1
9023 2
9028 1
9030 2
9033 1
9034 1
9042 1
9051 1
9054 1
9057 1
9062 1
9064 1
9065 1
9068 1
9073 1
9075 2
9077 1
9086 1
9088 4
9089 1
9102 1
9105 1
9106 6
9115 1
9116 1
9129 1
9133 1
9136 1
9137 2
9138 1
9142 1
9150 1
9157 1
9158 1
9160 1
9162 2
9164 3
9171 1
9173 1
9188 2
9204 1
9207 1
9208 2
9209 1
9212 1
9214 1
9215 1
9216 8
9226 1
9230 3
9235 3
9251 1
9254 1
9257 1
9264 2
9269 1
9272 2
9274 1
9280 1
9287 1
9294 1
9299 1
9300 1
9302 1
9303 1
9317 1
9319 1
9321 1
9322 1
9326 1
9328 1
9329 2
9335 1
9338 2
9340 1
9342 1
9344 1
9345 1
9349 1
9352 1
9354 1
9356 1
9364 2
9371 1
9373 1
9383 1
9384 1
9385 2
9386 2
9387 7
9388 7
9396 1
9403 1
9404 2
9413 1
9420 1
9421 2
9425 1
9429 1
9441 1
9457 1
9460 1
9466 1
9468 1
9471 1
9477 1
9480 1
9496 1
9498 1
9501 1
9506 5
9511 1
9513 1
9514 2
9520 2
9523 1
9524 2
9525 1
9530 1
9535 1
9541 1
9549 1
9551 1
9557 1
9563 2
9566 1
9570 2
9580 1
9581 1
9584 1
9586 3
9592 1
9594 1
9600 2
9602 1
9604 1
9606 4
9608 1
9616 1
9623 2
9634 1
9644 1
9650 1
9665 1
9670 1
9674 2
9685 2
9687 2
9690 1
9692 1
9694 1
9700 3
9703 2
9704 1
9712 1
9713 1
9716 1
9728 2
9741 1
9747 1
9749 1
9750 1
9756 2
9761 1
9773 1
9774 2
9775 1
9776 1
9779 1
9780 1
9786 2
9791 1
9794 1
9797 1
9802 1
9804 1
9816 1
9824 1
9825 1
9827 1
9832 1
9834 1
9841 1
9842 1
9843 1
9851 1
9854 1
9856 1
9858 2
9861 1
9862 2
9863 1
9866 1
9868 1
9876 1
9880 1
9882 1
9884 1
9888 2
9908 1
9920 2
9934 1
9935 1
9937 1
9941 1
9948 1
9950 2
9954 2
9956 1
9958 1
9959 3
9963 1
9972 1
9973 1
9975 1
9977 1
9980 1
9994 1
9996 1
9999 1
10007 1
10008 2
10011 1
10016 1
10026 1
10031 1
10033 1
10043 1
10044 4
10045 1
10050 1
10054 1
10064 1
10069 1
10079 1
10080 1
10087 1
10089 1
10091 1
10092 1
10100 1
10101 1
10102 1
10104 1
10108 1
10132 1
10133 1
10150 1
10152 2
10156 1
10157 1
10159 1
10167 2
10168 2
10188 2
10197 1
10198 1
10200 1
10202 1
10207 1
10208 1
10215 2
10218 1
10234 2
10235 1
10239 1
10240 9
10244 1
10245 1
10246 3
10249 1
10250 2
10252 1
10255 1
10256 3
10264 2
10267 3
10275 2
10277 1
10281 2
10284 2
10294 2
10304 1
10305 1
10308 1
10322 1
10324 1
10330 2
10336 3
10337 1
10340 1
10342 1
10344 1
10359 1
10363 3
10364 1
10367 1
10369 2
10373 1
10375 4
10380 1
10384 1
10385 2
10386 1
10393 4
10396 1
10407 3
10415 1
10427 1
10428 1
10443 2
10444 2
10450 1
10456 1
10457 1
10460 1
10464 2
10467 1
10470 1
10474 1
10480 1
10481 2
10484 1
10491 1
10492 2
10499 1
10501 1
10506 1
10508 2
10512 2
10514 2
10526 1
10528 1
10538 1
10543 1
10546 2
10547 1
10550 2
10551 2
10552 1
10569 1
10574 1
10577 1
10586 1
10598 1
10602 1
10615 3
10619 1
10621 1
10626 1
10628 1
10630 1
10632 1
10637 1
10643 3
10646 1
10647 1
10651 1
10653 1
10656 1
10666 1
10671 1
10678 2
10680 1
10683 1
10692 2
10704 1
10705 1
10712 1
10714 1
10720 2
10721 1
10723 1
10729 1
10736 1
10738 3
10739 1
10741 1
10743 1
10747 1
10752 2
10753 1
10755 1
10758 1
10769 1
10772 1
10779 1
10782 1
10787 1
10793 1
10799 1
10800 1
10809 1
10812 1
10821 3
10824 1
10829 1
10832 1
10833 2
10834 1
10838 1
10839 1
10841 2
10844 1
10854 3
10857 4
10860 15
10869 2
10875 2
10880 1
10882 1
10888 1
10889 1
10891 1
10896 1
10917 1
10933 1
10953 1
10954 1
10963 1
10967 1
10968 1
10969 1
10981 7
10983 1
10994 2
10999 1
11007 1
11008 2
11011 1
11012 1
11015 2
11023 1
11025 1
11027 1
11029 1
11036 1
11041 1
11044 1
11057 1
11066 1
11070 1
11071 1
11079 1
11080 1
11083 1
11086 2
11088 1
11089 1
11093 1
11095 1
11100 1
11122 2
11136 2
11139 2
11147 1
11150 1
11152 1
11153 1
11154 2
11161 1
11162 1
11166 1
11173 1
11176 1
11177 1
11184 1
11201 1
11224 1
11234 1
11248 1
11257 1
11262 2
11264 9
11265 1
11280 1
11287 2
11289 1
11301 1
11312 306
11334 1
11354 1
11356 3
11371 1
11380 1
11386 1
11389 1
11390 1
11398 2
11400 1
11404 1
11415 1
11422 1
11425 1
11427 1
11428 1
11435 1
11446 2
11452 1
11459 1
11460 2
11472 1
11474 1
11484 1
11486 1
11492 1
11496 1
11500 2
11501 2
11505 1
11517 1
11519 1
11520 1
11523 1
11524 2
11525 3
11529 1
11546 1
11548 2
11555 1
11560 1
11561 1
11569 1
11572 1
11575 1
11586 1
11590 2
11593 1
11596 1
11603 1
11604 1
11619 2
11620 1
11623 3
11631 1
11634 1
11635 1
11636 1
11637 1
11640 1
11643 1
11648 2
11649 1
11653 1
11666 1
11672 2
11679 2
11680 1
11681 4
11682 4
11687 2
11691 1
11694 1
11696 2
11706 2
11712 1
11718 1
11724 2
11732 2
11740 1
11744 1
11757 1
11768 1
11769 1
11770 1
11774 1
11776 6
11784 2
11788 1
11797 1
11802 1
11803 1
11808 1
11814 1
11832 1
11833 3
11836 2
11837 1
11839 1
11846 1
11856 1
11859 1
11861 3
11864 1
11876 1
11878 1
11882 1
11887 1
11901 1
11903 1
11906 3
11909 1
11917 2
11924 1
11925 1
11929 1
11941 1
11944 1
11945 1
11948 1
11970 3
11972 1
11983 1
11992 1
11994 1
11998 3
11999 1
12001 2
12012 1
12013 5
12016 1
12025 1
12027 1
12028 1
12033 1
12047 1
12050 2
12068 4
12076 1
12091 1
12103 1
12104 3
12106 1
12110 3
12116 1
12117 2
12124 1
12133 1
12143 1
12148 1
12152 1
12153 1
12159 1
12166 1
12184 1
12187 3
12192 1
12197 1
12204 3
12215 1
12217 2
12221 1
12226 1
12234 1
12237 1
12244 3
12246 1
12248 1
12249 1
12252 1
12264 1
12266 1
12268 1
12272 1
12288 60
12296 4
12299 1
12303 1
12307 1
12312 2
12321 1
12326 1
12328 2
12336 1
12344 3
12351 1
12352 1
12359 1
12361 2
12367 1
12368 1
12372 3
12380 1
12386 2
12388 1
12408 2
12415 1
12417 1
12433 2
12435 1
12447 1
12449 1
12469 1
12472 1
12483 1
12489 1
12493 1
12495 1
12502 19
12504 1
12508 1
12517 1
12523 1
12529 1
12531 1
12536 1
12556 2
12558 12
12563 1
12565 1
12566 2
12569 1
12579 1
12588 1
12594 1
12597 2
12613 1
12618 1
12620 1
12621 1
12622 1
12626 1
12628 2
12639 1
12640 1
12653 3
12657 2
12666 2
12678 1
12684 2
12688 2
12690 1
12697 1
12703 1
12709 1
12716 1
12726 1
12727 2
12745 1
12761 1
12768 1
12769 1
12772 1
12775 1
12776 2
12785 1
12800 4
12827 1
12832 3
12833 1
12836 1
12852 1
12854 1
12856 2
12868 2
12869 2
12870 1
12871 1
12876 1
12878 1
12880 1
12886 1
12895 1
12896 1
12897 1
12902 1
12913 1
12916 2
12925 1
12928 1
12933 1
12941 1
12942 1
12946 1
12948 2
12951 1
12971 1
13002 1
13038 1
13047 1
13049 1
13057 1
13066 1
13067 1
13074 1
13084 1
13108 2
13114 1
13129 2
13139 2
13141 1
13145 1
13151 1
13155 1
13182 1
13192 1
13196 2
13197 1
13198 1
13204 1
13209 1
13220 2
13222 1
13230 1
13242 2
13249 1
13303 1
13304 1
13312 2
13314 1
13322 1
13335 1
13339 1
13341 1
13342 1
13344 1
13350 1
13356 2
13360 1
13364 1
13365 1
13370 1
13371 1
13372 1
13376 1
13395 2
13396 1
13403 1
13417 1
13426 1
13437 2
13438 4
13440 1
13450 1
13455 1
13460 1
13461 1
13465 1
13474 1
13488 1
13500 3
13506 2
13519 1
13580 1
13583 1
13591 1
13594 3
13596 1
13599 1
13617 1
13635 2
13643 1
13655 2
13660 1
13669 1
13671 1
13673 1
13680 1
13692 1
13697 1
13710 1
13720 1
13724 3
13733 1
13740 1
13751 1
13779 1
13780 1
13797 3
13801 1
13808 2
13812 2
13824 1
13826 1
13831 1
13838 1
13867 1
13884 1
13902 1
13904 2
13914 1
13925 1
13944 2
13947 1
13950 1
13962 1
13972 1
13978 1
13979 1
13984 3
13993 1
14006 1
14031 1
14045 1
14046 1
14060 1
14062 3
14069 1
14073 1
14086 1
14096 1
14108 1
14127 1
14129 1
14142 1
14144 1
14152 2
14159 2
14164 1
14170 1
14180 1
14181 2
14184 2
14188 1
14193 1
14196 1
14200 1
14208 1
14212 1
14214 1
14239 1
14240 1
14241 3
14263 1
14264 1
14266 2
14280 1
14281 1
14282 1
14283 1
14286 1
14288 1
14299 2
14307 1
14321 1
14322 1
14323 4
14324 3
14327 1
14328 1
14330 3
14332 1
14340 1
14345 1
14347 1
14348 1
14358 1
14364 1
14368 1
14371 2
14377 1
14381 1
14390 1
14397 1
14399 2
14418 1
14428 1
14440 1
14458 1
14472 1
14473 1
14480 1
14499 1
14510 1
14512 2
14514 1
14524 2
14535 1
14551 1
14568 1
14570 2
14590 1
14594 1
14605 1
14614 1
14615 1
14621 2
14633 2
14640 1
14641 1
14648 1
14657 1
14661 1
14664 1
14667 1
14669 1
14681 1
14692 1
14693 3
14700 1
14716 1
14717 1
14723 2
14729 2
14730 1
14731 1
14739 1
14750 1
14752 1
14774 1
14777 1
14792 1
14813 1
14820 1
14821 2
14832 1
14848 3
14854 1
14855 2
14856 1
14867 1
14874 2
14884 1
14896 1
14904 2
14920 1
14927 1
14952 1
14957 1
14958 1
14963 2
14964 3
14965 3
14966 5
14967 14
14968 9
14969 6
14970 15
14971 15
14972 16
14973 7
14974 12
14975 13
14976 12
14977 11
14978 9
14979 7
14980 5
14981 6
14982 6
14983 4
14984 4
14985 6
14986 4
14987 2
14988 3
14989 2
14990 2
14991 1
14992 3
14993 2
14994 1
14995 2
14996 2
14998 1
15001 1
15002 2
15005 1
15006 1
15010 1
15019 1
15021 1
15024 1
15028 1
15029 1
15030 1
15032 1
15034 2
15038 1
15039 1
15040 1
15041 1
15043 2
15045 1
15047 2
15050 1
15051 2
15055 1
15058 1
15059 2
15060 1
15061 1
15063 2
15066 3
15067 1
15068 1
15070 2
15071 1
15072 1
15078 1
15081 1
15082 1
15084 1
15087 1
15088 2
15089 1
15096 1
15099 1
15100 2
15101 1
15104 1
15108 1
15111 2
15124 1
15128 1
15138 1
15144 1
15157 2
15159 1
15161 1
15168 1
15176 1
15180 1
15202 2
15206 2
15225 1
15233 1
15234 2
15241 2
15242 1
15246 1
15247 1
15249 1
15255 1
15256 1
15262 3
15266 1
15285 1
15292 1
15296 2
15299 1
15308 1
15317 1
15336 1
15359 1
15360 1
15378 1
15392 1
15421 1
15422 1
15426 1
15430 2
15432 1
15444 1
15446 1
15450 3
15458 1
15469 1
15500 1
15506 1
15508 4
15510 3
15524 1
15526 1
15530 1
15535 1
15547 1
15551 1
15556 1
15563 1
15565 1
15570 2
15573 1
15578 1
15589 1
15594 1
15596 1
15598 1
15630 1
15634 1
15644 1
15649 1
15669 2
15692 1
15700 1
15701 2
15702 1
15711 1
15716 1
15718 1
15719 1
15720 1
15735 1
15748 1
15754 1
15764 1
15774 1
15783 1
15784 1
15793 1
15798 1
15799 1
15806 1
15812 1
15826 2
15833 1
15839 1
15849 1
15867 1
15895 1
15907 1
15908 1
15918 1
15919 1
15921 1
15928 1
15945 1
15952 1
15969 2
15978 1
15983 2
15996 1
16000 1
16004 2
16008 1
16009 1
16021 1
16028 1
16032 1
16036 2
16044 1
16045 1
16048 4
16060 2
16063 1
16069 1
16081 1
16088 1
16106 1
16107 1
16120 1
16124 2
16127 1
16128 1
16130 1
16131 1
16138 1
16142 1
16151 1
16158 2
16162 1
16166 1
16176 1
16179 1
16182 1
16192 1
16198 2
16199 1
16208 1
16214 1
16218 1
16231 1
16247 1
16250 1
16252 1
16256 1
16260 1
16271 1
16273 1
16275 1
16288 2
16292 1
16298 1
16311 1
16329 1
16348 1
16353 1
16355 2
16360 1
16362 1
16363 1
16376 2
16378 1
16380 4
16384 17
16386 1
16396 1
16400 1
16426 1
16427 1
16445 2
16447 1
16449 2
16450 2
16451 1
16452 1
16455 2
16465 1
16467 2
16468 1
16481 1
16489 1
16490 1
16494 1
16496 1
16506 1
16507 1
16512 1
16517 1
16518 2
16534 1
16537 1
16538 1
16552 2
16553 1
16555 1
16559 1
16560 1
16562 1
16564 1
16565 1
16567 1
16570 1
16574 1
16575 1
16576 1
16579 1
16581 1
16588 1
16589 1
16591 1
16595 1
16598 4
16601 1
16608 1
16619 1
16628 2
16640 1
16642 1
16644 2
16646 1
16648 1
16656 1
16658 2
16662 1
16663 1
16667 1
16669 1
16670 1
16672 1
16673 1
16677 2
16680 3
16681 2
16684 1
16690 1
16692 1
16693 1
16694 1
16697 1
16702 1
16703 1
16706 1
16708 1
16710 1
16719 2
16720 1
16722 1
16727 1
16731 3
16735 3
16738 2
16739 1
16740 1
16741 1
16744 2
16746 2
16748 3
16749 1
16752 1
16754 1
16757 2
16759 3
16760 2
16766 1
16767 2
16768 1
16771 1
16780 1
16782 1
16783 1
16787 1
16789 1
16791 2
16795 1
16796 1
16802 1
16803 1
16805 1
16809 1
16812 1
16813 1
16816 2
16818 1
16820 1
16823 1
16824 1
16826 1
16828 2
16829 1
16830 1
16831 1
16833 1
16836 1
16839 1
16840 1
16843 1
16844 1
16847 1
16848 1
16851 1
16854 1
16865 1
16866 2
16870 1
16877 2
16882 2
16885 1
16892 1
16893 1
16896 3
16902 1
16903 2
16908 1
16910 1
16912 1
16913 1
16914 2
16915 13
16921 1
16922 1
16927 1
16929 1
16935 1
16956 2
16960 1
16962 1
16986 1
16987 1
17010 1
17019 1
17054 1
17062 1
17083 1
17102 1
17103 1
17120 3
17129 1
17135 2
17145 1
17149 1
17171 1
17181 2
17197 3
17202 1
17208 2
17211 1
17212 1
17214 1
17221 1
17224 1
17236 1
17239 1
17254 1
17255 1
17284 1
17295 1
17300 1
17301 1
17311 1
17312 1
17320 1
17336 1
17348 2
17350 1
17351 1
17353 3
17359 1
17392 1
17408 1
17422 1
17432 1
17450 2
17461 1
17483 1
17507 1
17520 1
17525 1
17530 1
17532 1
17541 1
17556 1
17559 1
17584 1
17589 1
17593 1
17597 4
17601 1
17605 1
17613 1
17622 1
17631 2
17635 1
17641 1
17646 1
17656 1
17663 1
17665 1
17669 1
17687 1
17692 1
17706 2
17716 1
17733 1
17739 1
17765 1
17768 1
17789 1
17881 1
17889 1
17891 1
17904 1
17913 2
17920 1
17921 1
17943 1
17974 1
17983 1
18001 1
18003 1
18011 1
18013 1
18034 1
18038 1
18039 1
18046 4
18061 2
18069 1
18074 1
18088 1
18090 1
18110 2
18119 1
18136 5
18141 1
18143 1
18160 1
18163 1
18172 1
18185 1
18208 1
18232 1
18253 1
18257 1
18259 1
18271 1
18278 1
18280 1
18294 1
18297 1
18333 1
18346 7
18363 2
18366 1
18370 2
18376 1
18380 1
18389 1
18391 1
18401 1
18425 1
18432 2
18436 1
18450 2
18460 1
18463 1
18483 1
18502 1
18512 1
18526 2
18536 1
18567 1
18580 1
18588 1
18602 1
18607 1
18609 1
18634 1
18680 1
18682 1
18690 2
18705 1
18714 2
18730 2
18764 1
18780 1
18788 2
18817 1
18820 1
18837 3
18840 1
18848 1
18867 1
18894 1
18903 1
18916 1
18921 2
18944 1
18948 1
18957 1
18981 1
18986 1
19009 1
19016 1
19037 1
19039 1
19044 1
19048 1
19055 2
19058 1
19061 2
19104 1
19133 1
19135 1
19164 2
19166 2
19169 3
19172 1
19197 1
19198 1
19205 1
19206 1
19222 1
19228 1
19259 1
19266 1
19349 2
19363 2
19367 1
19393 1
19433 1
19438 1
19448 2
19455 1
19456 1
19468 1
19471 1
19476 1
19486 1
19487 1
19488 2
19516 1
19550 2
19554 1
19565 1
19566 1
19568 1
19569 2
19570 1
19571 1
19580 1
19588 1
19605 1
19607 1
19611 2
19619 1
19632 2
19634 1
19644 2
19665 1
19666 1
19681 1
19683 1
19686 1
19687 1
19695 1
19696 1
19700 1
19702 1
19706 1
19717 1
19721 1
19725 1
19734 1
19751 1
19758 1
19825 1
19832 1
19833 1
19840 1
19843 1
19856 1
19878 1
19890 1
19904 1
19924 1
19931 1
19940 1
19954 1
19955 1
20010 1
20041 1
20082 1
20086 1
20127 1
20128 1
20137 1
20146 1
20159 1
20168 1
20182 1
20197 2
20208 1
20209 1
20210 1
20228 1
20234 1
20237 1
20244 2
20247 1
20248 1
20266 1
20267 4
20271 2
20276 1
20315 1
20319 2
20352 1
20380 1
20385 1
20406 1
20422 1
20428 1
20429 1
20459 1
20476 1
20480 29
20490 1
20510 2
20515 1
20520 1
20542 2
20544 3
20547 1
20548 1
20556 2
20562 1
20568 2
20586 2
20591 1
20595 1
20598 2
20609 2
20610 1
20614 1
20617 4
20619 1
20624 2
20625 1
20630 1
20631 1
20633 1
20649 1
20659 1
20674 1
20686 1
20699 1
20706 1
20710 1
20727 1
20732 1
20734 3
20736 1
20738 1
20741 1
20748 1
20757 1
20766 2
20775 4
20778 1
20798 1
20799 1
20807 1
20810 1
20813 1
20826 1
20835 1
20850 1
20855 1
20859 1
20862 1
20876 1
20879 1
20894 3
20895 1
20917 1
20944 1
20948 1
20961 1
20970 1
20973 1
20980 1
21000 1
21003 1
21004 1
21012 2
21018 1
21022 1
21065 1
21102 1
21111 1
21123 2
21130 1
21153 1
21160 1
21169 1
21177 1
21206 2
21214 1
21233 1
21240 1
21250 1
21261 1
21290 1
21308 3
21328 2
21334 1
21340 2
21365 1
21367 1
21370 1
21388 1
21405 1
21439 1
21496 1
21508 1
21529 1
21532 1
21537 1
21538 1
21560 1
21573 1
21574 1
21575 1
21604 1
21607 1
21611 1
21628 1
21630 1
21648 1
21651 1
21652 1
21653 1
21656 1
21665 1
21693 1
21704 1
21740 1
21749 1
21756 2
21803 1
21858 1
21859 1
21863 1
21870 1
21892 2
21893 1
21897 1
21907 1
21920 1
21926 1
21928 1
21933 1
21941 1
21964 1
21970 2
21990 2
22022 1
22024 2
22028 1
22030 1
22056 1
22057 1
22067 1
22072 1
22092 1
22096 1
22102 1
22107 1
22145 1
22172 1
22184 1
22190 1
22227 1
22236 2
22241 1
22259 1
22264 1
22284 1
22320 3
22324 1
22382 1
22401 1
22462 2
22470 1
22472 1
22488 1
22500 1
22517 1
22528 2
22539 1
22561 1
22562 2
22616 1
22621 1
22636 1
22649 1
22676 1
22679 1
22688 1
22692 1
22694 1
22703 1
22711 1
22716 2
22722 1
22727 2
22732 1
22733 2
22744 1
22747 1
22750 2
22764 1
22834 1
22920 1
22935 1
22938 1
22946 1
22965 1
22986 1
23011 1
23040 1
23057 1
23068 1
23083 1
23100 2
23111 1
23112 1
23123 1
23135 1
23156 1
23158 1
23264 1
23276 2
23286 1
23291 1
23306 3
23344 1
23355 1
23357 1
23362 1
23374 1
23393 1
23402 1
23425 1
23435 1
23464 1
23480 1
23506 1
23511 1
23512 1
23520 1
23534 1
23541 1
23552 1
23555 2
23560 1
23568 1
23572 1
23573 1
23592 1
23594 1
23610 1
23616 1
23621 1
23631 1
23634 1
23652 1
23655 1
23671 1
23676 1
23732 1
23752 1
23772 1
23776 1
23777 1
23786 1
23808 1
23828 1
23851 1
23856 1
23881 1
23903 1
23907 1
23922 2
23926 1
23928 1
23966 1
23977 1
23980 1
24008 1
24016 1
24042 1
24054 1
24074 1
24116 1
24128 1
24131 2
24139 1
24145 1
24156 1
24162 1
24171 2
24189 1
24229 1
24244 1
24260 1
24271 1
24323 1
24360 1
24386 1
24395 1
24399 1
24425 1
24432 1
24435 1
24473 1
24515 1
24517 1
24520 1
24543 1
24562 1
24564 2
24576 16
24580 1
24584 1
24590 1
24592 1
24616 1
24617 1
24671 1
24696 1
24698 1
24732 1
24739 1
24740 2
24751 2
24770 1
24792 1
24802 1
24822 1
24837 1
24849 1
24856 1
24870 1
24876 1
24887 1
24917 1
24943 1
24951 1
24962 2
24990 1
24996 1
24998 1
25000 1
25002 1
25005 1
25010 1
25012 3
25038 1
25041 1
25050 1
25064 1
25074 1
25079 2
25087 1
25102 1
25125 1
25132 1
25152 2
25163 1
25180 1
25200 1
25226 1
25234 1
25242 1
25268 1
25281 1
25292 1
25358 1
25368 1
25394 1
25402 1
25403 2
25420 1
25436 1
25481 1
25500 1
25533 1
25600 2
25688 1
25690 1
25705 1
25720 1
25740 1
25746 2
25750 2
25760 1
25786 1
25803 2
25808 1
25843 1
25894 1
25932 1
25985 1
26043 1
26047 1
26056 1
26057 1
26058 1
26088 1
26112 1
26116 1
26126 1
26130 1
26144 1
26152 1
26173 1
26176 1
26203 1
26232 1
26246 1
26254 2
26255 1
26283 1
26284 1
26314 1
26332 1
26340 1
26357 1
26358 1
26420 1
26423 1
26427 1
26452 1
26533 1
26576 1
26591 1
26624 78
26664 1
26689 1
26722 1
26743 1
26763 2
26786 1
26789 1
26852 1
26907 1
26928 1
26980 2
27007 1
27016 1
27045 1
27054 1
27060 1
27138 1
27151 1
27157 1
27158 1
27206 1
27215 2
27220 1
27227 1
27266 1
27305 1
27306 1
27328 1
27371 1
27385 1
27406 1
27418 1
27430 1
27453 1
27472 1
27552 1
27572 1
27575 1
27582 1
27625 1
27640 1
27641 1
27648 2
27693 1
27735 1
27738 1
27794 1
27805 1
27874 1
27937 1
27945 1
27946 2
28012 2
28050 1
28098 1
28107 1
28114 1
28121 1
28127 1
28148 1
28157 1
28160 4
28189 1
28211 1
28228 2
28284 1
28299 1
28325 3
28331 1
28350 1
28360 1
28398 2
28403 1
28438 1
28464 1
28472 1
28480 1
28492 1
28501 1
28521 1
28548 2
28555 2
28569 1
28584 2
28591 1
28593 1
28628 2
28630 2
28631 2
28639 2
28653 2
28670 1
28672 2
28690 1
28722 1
28729 1
28732 4
28740 1
28752 1
28755 1
28772 1
28794 1
28796 2
28800 1
28817 1
28844 1
28846 1
28847 2
28857 1
28891 1
28900 1
28904 1
28912 1
28920 1
28934 1
29018 1
29033 1
29036 1
29067 1
29080 1
29084 1
29105 1
29117 1
29126 1
29150 1
29153 2
29164 1
29165 1
29177 2
29200 1
29217 1
29228 1
29236 3
29256 1
29262 1
29348 1
29351 6
29390 2
29402 1
29433 1
29434 1
29459 1
29464 2
29477 1
29483 1
29517 2
29536 1
29549 2
29554 1
29591 2
29649 1
29668 2
29684 1
29685 2
29696 4
29712 1
29752 1
29760 4
29779 1
29808 1
29816 1
29818 2
29829 3
29831 2
29837 1
29838 1
29845 1
29886 2
29956 2
29960 1
30000 1
30016 1
30038 1
30085 1
30176 3
30194 2
30205 1
30208 3
30213 1
30241 2
30253 1
30261 1
30285 4
30294 1
30303 1
30309 2
30312 1
30386 1
30471 3
30504 1
30511 1
30520 2
30521 1
30522 1
30531 1
30550 1
30576 1
30580 1
30584 1
30610 1
30612 1
30635 1
30720 1
30727 1
30758 1
30759 2
30774 1
30812 1
30924 1
30952 1
30961 1
30962 1
30985 1
31003 1
31006 1
31022 1
31036 1
31052 1
31064 1
31102 2
31104 1
31126 1
31164 1
31174 1
31180 1
31185 3
31189 1
31204 1
31205 1
31228 1
31262 1
31297 1
31317 1
31328 1
31390 1
31563 2
31587 1
31633 1
31720 2
31728 1
31733 1
31739 1
31745 1
31765 1
31848 1
31852 1
31908 1
31924 1
31938 1
31976 2
31981 2
31996 2
31999 1
32003 1
32033 1
32041 1
32042 16
32052 1
32070 1
32076 1
32091 1
32108 20
32125 1
32204 1
32217 1
32240 1
32242 1
32248 2
32256 3
32319 2
32400 1
32408 1
32475 1
32481 1
32504 1
32526 1
32547 1
32558 2
32562 1
32574 2
32605 1
32606 1
32610 1
32625 1
32636 4
32640 1
32660 1
32707 1
32711 1
32728 1
32764 1
32768 17
32775 1
32784 1
32808 1
32823 1
32886 3
32924 1
32931 4
32937 1
32950 1
33081 1
33083 1
33087 1
33169 1
33210 1
33258 1
33280 1
33291 2
33400 1
33436 2
33453 1
33490 1
33542 2
33544 1
33550 2
33551 2
33645 1
33646 1
33657 1
33718 1
33732 2
33759 1
33777 1
33858 1
33866 1
33875 1
33914 1
33939 1
33962 1
33984 2
33987 2
34020 2
34216 1
34238 1
34268 1
34274 1
34325 1
34328 1
34344 2
34425 1
34443 2
34465 1
34467 2
34488 1
34498 1
34512 1
34570 2
34578 1
34591 1
34668 1
34689 1
34731 1
34735 1
34743 1
34749 2
34816 2
34900 1
34984 1
34992 1
35001 1
35020 1
35037 1
35068 1
35073 1
35094 1
35106 1
35120 1
35210 1
35219 1
35232 2
35235 1
35370 1
35372 1
35407 1
35410 1
35434 1
35442 1
35446 1
35484 1
35517 1
35530 1
35595 1
35628 1
35640 2
35670 1
35684 1
35707 1
35736 2
35816 1
35830 1
35832 1
35877 1
35883 1
35940 1
36021 1
36031 1
36044 1
36045 1
36087 1
36121 1
36136 1
36140 1
36157 1
36175 1
36181 1
36206 1
36288 3
36309 1
36319 1
36352 2
36360 4
36369 2
36385 1
36400 1
36406 1
36428 1
36478 2
36510 1
36550 1
36642 2
36703 1
36730 1
36762 1
36767 1
36864 2
36878 1
36884 1
36889 1
36908 1
36962 1
37052 1
37084 1
37090 1
37112 1
37130 1
37152 1
37179 1
37190 1
37220 1
37248 1
37260 1
37385 1
37444 1
37465 5
37467 1
37470 2
37478 2
37479 1
37514 1
37551 1
37570 1
37584 1
37619 1
37628 2
37637 1
37657 1
37664 2
37674 1
37691 1
37752 1
37776 1
37786 1
37825 1
37855 1
37888 1
37892 1
37893 1
37961 1
37984 2
38006 11
38048 1
38053 1
38064 2
38090 1
38099 5
38232 1
38270 2
38273 2
38275 1
38276 1
38282 1
38283 2
38376 1
38410 1
38411 1
38413 2
38469 1
38548 1
38616 2
38640 1
38643 2
38648 1
38650 1
38699 4
38719 1
38733 4
38758 1
38783 1
38811 1
38819 1
38840 2
38876 1
38877 1
38886 1
38912 1
38942 1
38955 1
38976 1
38989 1
39008 1
39052 1
39107 1
39109 1
39119 2
39131 2
39188 1
39202 1
39212 1
39237 1
39239 1
39244 2
39371 1
39549 1
39631 1
39636 1
39662 1
39668 1
39704 1
39714 1
39746 1
39750 1
39768 1
39778 1
39804 1
39828 1
39843 1
39900 3
39916 1
39974 1
40003 1
40007 1
40011 1
40013 1
40015 1
40044 1
40142 1
40182 1
40219 1
40223 1
40263 1
40285 1
40317 1
40351 1
40405 1
40432 2
40493 1
40558 1
40567 1
40610 1
40713 1
40721 1
40735 1
40737 1
40744 2
40788 1
40812 2
40841 3
40916 1
40960 4
40979 1
41073 1
41161 1
41230 1
41257 1
41298 1
41392 1
41412 1
41438 1
41440 2
41471 1
41492 1
41524 1
41526 1
41648 1
41693 1
41737 1
41953 1
41958 1
42015 1
42042 1
42156 1
42166 1
42169 1
42226 1
42231 1
42240 1
42288 1
42344 1
42392 1
42408 1
42478 1
42496 1
42516 1
42523 1
42546 1
42561 1
42599 1
42815 1
42850 1
42892 2
42925 1
42946 2
42983 1
42997 1
43001 1
43071 1
43104 1
43144 1
43294 1
43302 1
43415 1
43424 3
43477 1
43481 1
43486 1
43487 1
43490 1
43537 1
43646 1
43681 1
43771 1
43773 1
43816 3
43863 1
44056 1
44077 1
44082 2
44097 1
44114 1
44154 1
44202 1
44214 1
44220 2
44257 1
44262 1
44280 1
44287 1
44310 1
44351 1
44364 2
44464 1
44475 1
44501 1
44502 1
44578 1
44584 1
44601 1
44628 2
44651 1
44812 1
44816 2
44898 1
44907 1
44917 1
44919 1
45000 2
45056 4
45097 1
45168 1
45216 1
45268 1
45300 1
45304 1
45334 1
45406 2
45426 1
45495 1
45530 1
45568 1
45576 1
45615 1
45648 2
45692 1
45720 1
45722 1
45748 2
45760 1
45845 1
45893 1
45896 1
45920 1
45994 1
46040 1
46080 1
46130 1
46152 1
46160 1
46188 1
46194 1
46332 2
46355 1
46377 2
46436 1
46438 1
46459 1
46478 1
46500 2
46524 1
46552 1
46592 1
46598 1
46629 1
46678 1
46736 1
46743 1
46756 2
46815 1
46844 2
46886 1
46887 2
47061 1
47071 1
47076 1
47104 3
47127 1
47132 1
47187 1
47236 1
47340 1
47362 1
47366 1
47369 3
47452 1
47520 4
47576 1
47755 1
47756 1
47779 1
47796 1
47828 1
47862 2
47864 1
47921 1
47928 1
47987 1
48015 1
48033 1
48155 1
48162 1
48240 105
48246 2
48359 1
48379 1
48480 1
48488 1
48544 1
48555 1
48572 1
48574 1
48626 1
48653 1
48669 2
48754 1
48756 1
48784 1
48791 1
48796 1
48799 1
48875 1
48927 1
48952 2
49034 1
49036 1
49072 1
49076 1
49110 2
49127 1
49152 8
49198 1
49217 1
49270 2
49273 1
49289 1
49369 1
49380 1
49408 1
49467 1
49498 1
49616 1
49625 2
49882 1
49943 1
49968 1
50008 1
50044 1
50112 1
50128 1
50149 1
50158 1
50186 2
50206 2
50266 1
50268 1
50328 1
50456 1
50544 1
50614 1
50688 1
50725 1
50745 1
50804 1
50814 2
50815 1
50849 2
51072 1
51101 1
51133 1
51142 1
51164 1
51178 1
51188 1
51200 2
51281 1
51294 1
51332 1
51588 1
51672 1
51694 2
51698 1
51712 4
51741 1
51745 1
51746 1
51747 1
51752 1
51762 1
51772 2
51778 1
51816 2
51847 1
51848 1
51866 2
51916 1
51940 2
52005 1
52047 1
52125 1
52231 1
52304 1
52327 1
52399 1
52412 2
52414 1
52418 1
52424 1
52455 1
52481 1
52515 1
52519 1
52590 1
52761 1
52778 1
52877 1
52898 1
52899 1
52936 2
52967 1
53044 2
53057 1
53060 1
53171 1
53248 11
53355 1
53380 1
53398 1
53525 1
53570 2
53585 2
53594 1
53632 1
53760 1
53953 1
54016 1
54041 1
54048 1
54137 1
54308 2
54387 3
54416 2
54495 1
54514 1
54639 1
54716 1
54780 2
54784 1
54824 2
54954 1
55002 1
55022 1
55035 2
55084 1
55127 2
55192 2
55197 1
55346 1
55439 2
55456 1
55856 1
55884 1
56038 16
56144 1
56257 2
56261 1
56304 1
56534 1
56544 1
56715 2
56736 3
56904 1
56917 1
56940 1
56966 2
56980 1
57066 16
57115 1
57117 1
57153 2
57168 1
57254 1
57320 2
57329 1
57344 8
57364 1
57394 1
57442 1
57479 1
57484 2
57537 1
57578 1
57656 1
57766 1
57776 1
57912 1
57934 1
58034 2
58122 2
58132 3
58143 1
58146 1
58171 1
58190 1
58212 1
58316 1
58368 2
58407 1
58412 1
58475 1
58502 1
58568 1
58744 2
58762 1
58770 1
58779 1
58809 1
58834 1
58856 1
58940 1
58955 1
58960 1
58990 1
59049 1
59078 1
59135 1
59167 1
59192 1
59236 2
59350 1
59392 4
59477 1
59519 1
59621 1
59689 1
59731 1
59781 1
59883 1
60010 1
60052 2
60147 1
60171 1
60218 1
60267 1
60393 1
60416 1
60447 1
60497 1
60534 1
60578 1
60606 2
60615 1
60651 1
60724 2
60857 2
60860 2
60881 1
60976 1
61037 1
61048 1
61049 1
61053 1
61124 2
61213 1
61216 1
61238 1
61308 1
61440 1
61460 1
61521 1
61663 1
61668 1
61741 1
61871 1
61921 1
61980 1
62153 1
62190 1
62200 1
62203 1
62256 1
62263 1
62267 1
62356 2
62399 1
62502 1
62599 1
62699 1
62832 1
62833 1
62985 1
63050 1
63053 1
63316 1
63327 1
63398 1
63488 2
63556 2
63636 1
63672 1
63766 1
63768 2
63769 2
63770 4
63771 3
63772 1
63773 1
63776 1
63786 1
63793 1
63831 2
63888 1
64125 1
64161 1
64240 1
64279 4
64704 1
64740 1
64820 1
64824 2
64887 1
64951 1
65136 1
65144 1
65231 1
65360 2
65516 1
65536 5
65560 1
65570 2
65628 1
65667 1
65672 1
65728 2
65788 2
65869 1
65874 1
66020 1
66300 1
66323 2
66500 1
66687 2
66908 1
66912 2
67011 2
67044 1
67128 1
67135 1
67203 1
67224 1
67268 1
67275 1
67292 1
67492 1
67561 1
67644 1
67676 1
67748 1
67772 1
67796 2
67807 1
67818 1
67856 2
67920 1
68084 1
68320 1
68390 1
68415 1
68483 1
68527 1
68642 1
68792 1
68844 2
68852 2
68862 2
68990 2
69210 1
69337 1
69368 1
69494 1
69555 1
69632 9
69641 1
69656 1
69788 1
69798 1
69844 1
69845 1
69948 1
69964 1
70121 1
70122 1
70143 1
70340 1
70352 1
70428 1
70620 1
70695 1
70802 1
70825 3
70872 2
71015 1
71168 1
71241 1
71276 1
71366 2
71388 2
71422 2
71436 1
71527 1
71588 2
71680 1
71711 1
71794 1
71812 2
71892 2
71917 1
72213 1
72424 1
72471 1
72474 1
72666 1
73439 1
73460 2
73474 1
73475 2
73500 1
73670 1
73728 3
74055 2
74363 1
74423 1
74703 1
75016 1
75164 1
75233 1
75264 1
75351 1
75467 1
75501 1
75524 1
75596 2
76035 1
76085 1
76188 1
76259 1
76828 2
76924 1
77068 1
77076 1
77197 1
77556 1
77585 1
77799 1
77824 2
77948 1
78064 1
78209 1
78296 1
78301 1
78555 1
78629 1
78701 1
78873 1
79086 1
79091 1
79095 1
79096 1
79097 2
79099 2
79100 1
79103 1
79107 1
79116 1
79129 1
79145 1
79148 2
79150 1
79153 1
79157 1
79162 1
79163 1
79166 1
79169 1
79188 1
79244 1
79367 1
79403 1
79461 1
79477 1
79507 1
79596 1
79623 1
79746 1
79810 1
79916 1
80177 1
80292 1
80323 2
80436 1
80458 2
80535 2
80618 1
80707 1
80723 1
80857 1
80861 1
80935 1
80939 1
80943 1
81011 1
81061 1
81080 1
81101 1
81145 1
81167 1
81170 1
81212 1
81214 1
81260 1
81266 1
81292 1
81306 1
81312 1
81315 1
81334 1
81363 1
81443 1
81518 1
81532 1
81587 1
81670 1
81692 1
81734 1
81833 1
81911 1
81915 1
81920 5
81988 1
81995 1
82037 1
82060 1
82302 1
82420 1
82456 1
82508 1
82561 1
82612 2
82836 1
82853 1
82872 1
82886 1
83080 1
83188 1
83241 1
83247 1
83268 2
83332 2
83349 1
83369 1
83647 1
83664 1
83904 1
83938 1
83968 1
83981 1
84280 1
84295 2
84333 1
84372 1
84384 2
84399 1
84406 1
84699 1
84764 1
84992 1
85005 1
85113 1
85268 3
85300 2
85328 2
85576 1
86015 1
86016 2
86027 2
86409 1
86528 1
86566 6
86680 2
86796 1
86815 1
86879 1
86894 1
87040 1
87052 1
87134 1
87158 1
87186 2
87355 1
87498 1
87567 1
87599 1
87863 1
87885 2
88119 2
88133 1
88187 1
88215 1
88225 1
88240 1
88242 2
88253 3
88321 1
88344 1
88643 1
88686 1
88738 1
89201 1
89303 1
89383 1
90000 1
90072 1
90112 2
90120 1
90180 1
90256 1
90643 1
90744 1
90828 2
91104 1
91136 1
91455 1
91516 1
91548 2
91592 1
91612 1
91717 2
91965 1
92243 1
92367 1
92448 1
92477 1
92608 2
92846 1
92848 1
93157 1
93158 1
93204 1
93419 1
93524 1
93705 1
93940 1
94103 4
94208 3
94261 1
94279 1
94331 3
94340 1
94396 2
94401 1
94694 2
94704 1
94754 1
94756 1
94772 1
94850 3
94922 1
95032 1
95220 2
95582 1
95586 1
95588 1
95959 1
96209 1
96256 1
96261 1
96287 2
96844 1
96881 1
96912 1
96980 2
96982 1
96986 1
97028 1
97130 1
97176 1
97243 1
97695 1
97760 1
98259 1
98304 2
98400 1
98424 1
98707 9
98911 1
99652 1
100109 1
100128 1
100160 2
100352 1
100472 1
100704 1
101829 1
101858 1
101860 1
101867 1
101868 1
101919 2
102290 1
102400 2
102742 1
102939 1
103472 2
103623 1
103738 2
103911 1
104241 1
104282 1
104396 1
104416 1
104472 1
104573 2
104584 1
104595 1
104725 1
104879 1
105542 1
105547 1
105791 1
106106 1
106262 2
106408 1
106496 3
107041 1
107047 1
107158 2
107260 2
108363 1
108990 1
109176 1
109228 2
110132 1
110404 1
110592 1
110772 1
110958 1
110981 1
111257 2
111264 1
111363 1
111421 1
111424 2
111478 1
111594 1
111724 1
111768 1
111807 2
112640 1
112986 1
113371 1
113885 4
114104 1
114359 1
114738 1
115037 1
115481 1
115768 1
115808 1
117308 1
118106 1
118202 2
118220 1
118237 2
118708 1
118784 2
119480 1
119784 1
120264 1
120290 2
120632 1
121025 1
121032 1
121322 1
121563 1
121609 1
122168 1
122715 2
122721 2
122906 2
123104 2
123363 1
123881 1
123894 2
124119 1
124426 1
124609 1
124710 1
125308 1
125654 1
125856 1
125924 1
126048 1
126084 2
126872 1
126976 1
127387 2
127511 1
128135 2
128680 2
128693 1
129036 1
129133 1
129344 2
129864 2
130297 1
130405 1
130776 1
131213 1
131279 1
131669 1
132160 2
132169 2
132214 1
132398 1
132731 1
132897 1
133731 2
133732 2
134149 1
134462 1
135097 2
135168 1
135205 1
135315 1
135681 1
135710 1
135821 1
135860 2
136093 1
136262 2
136299 1
136357 1
136912 1
137216 2
137404 2
137415 1
137753 1
138216 1
138706 2
138913 1
138989 1
139147 1
139840 1
140137 1
140751 1
140931 1
140968 1
141170 2
141312 1
141647 1
143308 1
143360 1
143459 1
143535 1
143803 1
143922 2
143957 1
144525 1
144649 1
145152 1
145369 1
145408 1
145704 1
146547 1
146721 1
147282 1
147692 2
148164 1
148292 1
149100 1
149554 1
150241 1
150855 1
150924 1
151552 1
151858 1
151859 1
153311 2
154685 1
154890 3
154926 2
155404 2
155468 1
155938 1
156020 2
156264 1
156624 1
157144 1
157160 1
157163 2
157456 1
157574 1
157672 1
157755 1
157832 1
158072 1
158189 1
158424 5
158676 1
159165 1
159211 1
159323 2
159354 2
159588 1
159722 1
159744 3
159777 1
160144 1
160155 1
160736 1
161251 1
161278 1
161279 4
161280 5
161283 1
161286 3
161287 1
161288 1
161304 1
161305 1
161321 1
161323 2
161327 1
161330 1
161488 3
162168 1
162858 1
163413 1
163793 1
163863 1
164096 2
164100 1
164132 1
164311 1
164312 2
164346 2
164762 1
165059 2
165165 1
165551 1
165793 1
165901 1
165904 1
167435 1
169280 1
169652 1
169968 1
170038 1
170156 2
171621 1
171785 1
171817 1
172703 1
172765 1
173016 1
173120 2
173176 2
173200 1
173221 1
174136 1
174560 1
174761 1
175061 2
175836 2
176829 2
178984 1
179430 1
179958 1
180000 1
180030 1
180066 3
180194 1
180224 2
181919 1
182632 1
182976 1
183344 1
183557 1
183561 1
183562 3
184259 2
184320 1
184793 1
185102 1
186217 1
187915 1
189709 4
189769 2
191713 1
191844 1
191845 1
191879 1
191973 1
192975 1
192984 1
196462 2
196612 1
196834 1
197124 1
197780 1
198426 1
198555 2
200704 2
200899 1
202508 1
202752 1
203012 1
203817 1
204800 3
205040 1
205245 1
206116 1
207136 2
207978 3
208013 2
208564 2
208896 1
209176 9
209560 1
209740 1
210483 1
210696 1
210944 1
212094 1
212351 1
213319 2
213381 1
216312 1
216763 2
217088 1
217328 3
217472 3
217538 3
217762 2
219136 1
220304 2
222153 2
223232 1
224482 1
224909 1
225220 1
225783 1
225996 1
226303 1
226491 1
227328 1
227840 1
228320 1
228457 1
230119 1
233135 2
233472 1
235520 1
235945 1
236692 1
237726 2
238320 2
239358 1
240664 1
241244 2
241259 1
243756 1
243832 1
243869 1
245980 1
247044 1
247315 1
247512 1
247983 2
248400 1
248445 1
248604 1
250417 1
250540 1
250664 1
251190 2
252444 1
252882 2
253736 2
254901 1
255032 2
255622 1
256193 1
256947 1
259112 1
259198 1
259272 1
259594 2
260184 2
261172 1
262248 1
264192 1
265134 1
265752 2
266067 1
266481 1
267136 2
267907 1
268728 1
271882 1
272384 1
272716 1
274790 1
276480 1
277113 1
278528 1
278832 1
281098 1
282624 1
286720 1
287509 1
287675 2
287804 1
288140 1
288343 1
292753 1
292864 1
294077 1
294798 1
295884 2
295995 1
297209 1
300072 1
300248 1
301859 1
303197 1
304293 1
304505 1
305024 1
305815 1
305924 2
306491 1
306548 1
307787 2
308050 1
308293 1
308640 2
308884 1
310350 1
310420 1
312040 2
312732 1
313344 1
314596 1
316418 1
316632 2
316872 1
318563 2
320189 1
320196 1
320697 1
321950 1
324705 1
325080 2
325103 1
329153 1
329997 1
331776 1
333566 1
335834 1
337389 1
340312 1
340443 1
342563 1
343803 1
345144 1
346800 1
348188 1
349005 1
349648 1
350208 1
352256 2
352880 1
353336 2
354199 3
355210 1
357234 1
361928 1
364416 1
365379 1
366017 1
370663 1
371328 1
374581 2
377005 1
377664 1
378047 1
379912 1
382556 1
387248 1
388346 1
392008 1
394741 1
396376 2
399682 1
399693 1
409281 1
409894 1
413595 1
413890 1
415231 1
417733 1
417792 2
421284 1
421789 1
424871 1
429585 1
435038 1
435262 1
438735 1
442853 1
443583 1
444921 1
445632 1
445785 1
447668 2
447972 3
448321 1
454787 1
455168 2
463088 1
469679 1
470375 1
478003 1
480147 1
481280 1
489617 1
492542 1
492741 1
495774 1
497326 1
497398 1
501782 1
502112 1
504184 1
505347 1
509668 2
509840 2
516988 1
521224 1
521988 1
523374 1
524903 1
527045 1
528384 1
529364 1
532911 1
540672 1
540893 1
541418 1
541686 1
544134 2
544768 1
546624 1
550760 2
550890 6
557532 1
558870 1
560321 1
561152 1
565136 1
565294 1
565916 1
566049 1
567296 1
567552 1
570112 1
573506 1
574509 1
580637 1
584354 1
590638 1
593854 2
594810 2
595244 1
597403 1
602828 1
613256 1
623538 1
624167 1
636928 1
637198 2
642448 2
647168 1
652538 1
652762 1
655360 1
659791 1
660637 1
660837 1
661691 1
662032 1
662160 1
669735 1
673737 2
675229 1
675552 1
677152 1
681060 1
684141 1
686083 1
689909 1
690574 1
694272 1
705932 1
706789 1
707637 1
712704 1
725740 15
727444 1
731019 1
733226 1
745633 1
747213 1
753664 2
761121 1
774919 1
779977 2
784741 2
791065 1
807522 1
808325 2
808378 2
809160 1
810006 1
811003 1
820574 1
833181 1
868713 1
876818 1
880726 1
888653 2
896187 1
896776 1
900347 1
902670 1
921600 2
922077 1
925532 1
929199 1
929862 1
949759 1
957732 2
960858 1
994503 2
1002762 1
1015812 2
1016268 1
1017207 1
1024509 1
1036173 1
1053772 1
1054293 1
1071797 1
1075729 1
1092879 1
1139660 1
1183155 1
1197021 1
1197125 1
1204378 1
1209630 1
1232096 1
1234535 1
1242845 1
1242848 1
1265666 1
1266100 6
1287224 1
1292484 1
1303549 1
1314036 1
1317723 1
1318520 1
1324262 1
1332202 2
1370476 1
1410180 1
1410220 1
1415633 1
1443084 2
1448034 2
1480908 2
1480943 2
1487774 1
1529259 1
1568768 2
1584822 1
1630208 1
1710728 2
1712128 1
1747279 1
1773111 1
1806540 1
1869740 1
1875968 1
1919193 1
1926624 1
1982464 4
2004779 1
2165893 1
2190251 1
2230638 1
2245215 1
2339089 1
2359296 1
2386360 1
2417612 1
2631206 2
2705324 2
2707176 1
2793472 1
2850067 2
2850069 2
2850072 2
2976268 1
3035504 3
3036672 2
3538374 1
3599994 1
4722815 1
4722975 1
4915657 1
5379724 1
6574467 1
6795153 1
7321020 1
7716864 1
8422106 1
8422107 1
8422147 1
9832823 2
10257283 1
12918156 1
113586314 1
