0 73
1 1
2 5
3 1
4 7
5 5
6 7
7 5
8 7
9 5
10 21
11 184
12 6
13 1
14 3
15 2
17 3
18 4
20 8
21 3
22 2
24 102
25 4
26 1
30 12
32 2
33 2
34 1
35 1
36 2
37 2
38 25
40 14
42 3
43 7
45 1
46 1
47 1
48 5
49 9
50 10
51 3
52 11
53 6
54 14
55 6
56 6
57 1
58 1
59 3
61 2
63 5
64 6
66 3
67 2
68 1
70 2
71 3
74 1
75 3
76 4
77 1
79 1
81 1
82 1
83 10
84 8
85 23
86 16
87 22
88 10
89 11
90 28
91 14
92 7
93 4
94 3
95 2
96 4
97 1
100 5
101 1
102 9
103 1
105 2
106 2
107 40
108 3
110 1
111 3
112 25
113 3
114 3
115 2
117 5
118 2
120 1
121 1
122 1
123 1
125 1
126 4
127 2
128 2
129 2
130 1
131 2
133 3
134 1
135 3
137 1
138 1
139 2
140 2
141 2
142 3
144 1
145 1
146 2
150 1
151 7
152 2
154 3
155 1
156 1
157 6
159 4
160 1
161 3
162 8
163 8
164 5
165 4
166 1
167 7
168 5
169 2
170 2
171 3
172 3
173 1
174 1
175 6
176 5
177 3
178 2
179 6
180 5
181 2
182 11
183 3
184 2
185 10
186 1
187 3
188 7
189 9
190 4
191 10
192 8
193 3
194 2
195 5
196 2
197 5
198 4
199 7
200 5
201 11
202 5
203 6
204 3
205 5
206 10
207 5
208 4
209 3
210 3
211 7
212 5
213 5
214 6
215 6
216 8
217 25
218 7
219 5
220 4
221 3
222 6
223 3
224 1
225 4
226 2
227 2
229 2
230 3
231 4
232 6
233 3
234 1
235 1
237 5
238 2
239 4
240 3
241 3
242 3
243 3
244 3
245 2
246 4
247 2
248 5
249 6
250 7
251 13
252 10
253 12
254 2
255 5
256 3
257 4
258 3
259 5
260 4
261 3
262 2
263 1
264 2
265 3
266 4
268 2
269 3
270 4
271 5
272 7
273 2
275 5
276 2
277 6
278 5
279 3
280 4
281 13
282 1
283 5
284 7
285 2
286 4
287 4
288 3
289 5
290 2
291 4
292 3
293 12
294 4
295 4
296 15
297 2
298 4
299 3
300 8
301 3
302 8
303 5
304 4
305 4
306 2
307 3
308 3
309 3
310 7
311 7
312 1
313 4
314 5
315 8
316 6
317 4
319 3
320 106
321 4
322 4
323 1
324 2
325 3
326 3
327 5
328 3
329 7
330 3
331 1
332 5
333 2
334 9
336 3
337 8
338 1
339 6
340 6
341 3
342 3
343 4
344 4
345 2
346 4
347 4
348 4
349 1
350 1
351 8
352 3
353 1
354 4
355 2
356 4
357 3
358 4
359 1
360 2
361 4
362 2
363 3
364 2
365 2
366 2
367 5
368 2
370 6
371 3
373 3
375 4
377 3
378 4
379 4
380 3
381 3
382 3
383 7
384 1
385 2
386 1
387 2
388 4
389 4
390 6
391 5
392 3
393 3
394 3
395 7
396 11
397 6
398 5
399 4
400 2
401 5
402 3
403 1
404 3
405 5
407 1
408 5
409 7
411 1
412 1
413 5
414 6
415 1
416 4
417 2
418 1
419 5
421 1
422 7
423 6
424 3
425 5
426 3
428 3
429 1
430 3
431 2
432 4
433 3
434 3
435 6
436 3
437 6
438 2
439 4
440 6
441 8
442 7
443 7
444 4
445 9
446 3
447 1
448 7
449 5
450 11
451 6
453 6
454 4
455 2
456 4
457 1
458 4
459 3
460 1
461 4
462 4
463 6
464 3
465 3
466 2
467 4
468 2
469 2
470 4
471 5
472 3
473 2
474 3
475 5
476 6
477 3
478 6
479 1
482 3
483 4
484 4
485 1
486 3
487 1
488 6
489 3
490 3
491 6
492 2
493 2
494 2
495 2
496 2
497 1
498 3
499 2
500 6
501 3
502 4
503 1
504 5
505 1
506 3
507 5
508 4
509 2
510 6
511 2
512 7
513 1
514 7
515 2
516 4
517 2
518 3
519 3
520 2
521 5
522 5
523 4
524 2
525 1
526 4
527 3
528 9
529 5
530 4
531 3
532 6
533 3
534 5
535 5
536 1
537 6
538 4
539 4
540 2
541 1
542 5
543 6
544 2
545 1
546 7
548 5
549 5
550 1
551 4
552 7
553 8
554 3
555 3
556 9
557 1
558 6
559 4
560 2
561 3
563 3
564 3
565 3
566 2
567 4
568 4
569 5
570 5
571 3
572 6
573 1
574 6
575 5
576 3
577 3
578 1
579 4
580 4
581 1
582 1
583 3
584 4
585 3
586 3
587 7
588 5
589 5
590 1
591 3
592 1
593 4
594 5
595 2
597 6
598 3
599 2
600 5
601 1
602 1
603 5
604 3
605 2
606 5
607 2
608 9
609 4
610 5
611 5
612 1
614 3
615 2
616 1
617 2
619 1
620 8
621 2
622 5
623 3
624 1
625 9
626 2
628 1
629 5
630 4
631 1
632 5
633 4
634 5
635 4
636 3
637 2
638 3
639 4
640 1
641 3
642 5
643 1
644 3
645 4
646 5
647 6
648 3
649 1
650 5
651 2
652 1
653 1
654 5
655 6
656 2
657 2
658 1
659 2
660 3
661 2
662 5
663 2
664 4
665 5
666 4
667 2
668 2
669 3
670 4
671 3
672 4
673 2
674 3
675 2
676 1
677 9
678 3
679 8
680 4
681 2
682 1
683 1
684 4
685 2
686 2
688 4
689 1
690 1
691 6
692 5
693 1
694 5
695 4
696 4
697 3
698 2
699 3
700 8
701 3
702 2
703 3
704 5
705 3
706 2
708 4
709 6
710 4
711 9
712 3
713 1
714 3
715 70
716 4
717 3
718 1
719 3
720 6
721 6
722 1
723 3
724 3
725 24
726 3
727 4
728 22
729 4
730 5
731 4
732 6
733 3
734 6
735 3
736 3
737 6
738 4
739 1
740 1
741 3
742 14
743 4
744 6
745 6
746 2
747 11
748 4
749 5
750 1
751 2
752 4
754 4
755 4
757 1
758 2
759 3
760 1
761 2
762 6
763 1
764 1
765 2
766 1
767 3
768 1
769 4
772 1
773 1
774 5
775 5
776 3
777 3
778 6
779 6
780 2
781 4
782 4
783 2
785 6
786 1
787 3
788 4
789 4
790 4
791 2
792 2
793 3
794 2
795 1
796 5
797 3
798 4
799 2
800 2
801 2
802 2
803 4
804 5
805 3
806 3
808 2
809 4
810 1
811 6
813 4
814 6
815 1
816 2
817 1
818 6
819 4
820 3
821 1
822 1
823 5
824 5
825 3
826 2
827 3
828 2
830 3
831 6
832 1
833 1
834 4
835 6
836 3
839 5
840 4
841 6
842 2
843 4
844 4
845 5
846 1
847 8
848 3
849 5
850 6
851 4
853 2
854 6
855 1
856 2
857 3
858 4
859 8
860 1
861 2
862 2
863 3
864 1
865 2
866 4
868 4
869 1
870 2
871 3
872 1
873 1
874 2
875 7
876 2
877 6
878 3
879 1
880 4
881 3
882 4
883 2
884 6
885 4
886 4
887 3
888 7
889 7
890 3
891 3
892 1
893 2
894 3
895 10
896 10
897 1
898 5
899 4
900 4
901 4
902 3
904 7
905 8
906 8
907 2
908 2
909 4
911 2
913 5
914 2
915 5
916 5
918 2
919 7
920 3
921 6
922 4
923 7
924 8
925 10
926 4
927 4
928 4
929 6
930 1
931 4
933 7
934 2
935 2
936 3
937 7
938 5
939 3
940 2
941 11
942 3
943 7
944 5
945 4
946 2
947 9
948 4
949 9
950 6
951 1
952 5
953 3
955 10
956 1
957 5
958 6
959 4
960 5
961 2
963 4
964 2
965 2
966 2
967 7
968 1
969 2
970 8
971 7
972 3
973 4
974 3
975 5
976 1
977 4
978 4
979 5
980 7
981 4
982 3
983 2
984 5
985 4
986 2
987 3
988 5
989 2
990 110
991 5
992 6
993 5
994 1
995 3
996 8
997 5
999 4
1000 2
1001 2
1003 4
1005 2
1006 2
1007 2
1008 5
1009 7
1010 3
1011 4
1012 1
1014 1
1015 11
1016 2
1017 2
1018 2
1019 3
1021 4
1022 2
1023 1
1024 1010
1025 1
1026 3
1027 2
1028 4
1029 4
1030 4
1031 6
1032 1
1033 4
1035 3
1036 4
1037 3
1038 1
1039 6
1040 5
1041 4
1043 5
1045 5
1047 2
1048 2
1049 1
1050 7
1051 2
1052 1
1053 2
1054 2
1055 2
1057 2
1058 4
1059 4
1060 5
1061 3
1062 2
1063 4
1064 1
1065 2
1066 2
1067 1
1068 7
1069 3
1070 2
1071 1
1072 5
1073 1
1074 1
1075 2
1076 2
1077 2
1078 1
1079 5
1080 3
1081 4
1082 5
1083 2
1084 5
1085 4
1086 1
1087 2
1088 2
1089 1
1090 3
1091 5
1092 4
1094 1
1095 4
1096 4
1098 3
1101 1
1102 4
1103 1
1105 4
1107 2
1109 1
1110 3
1112 2
1113 4
1114 3
1115 2
1116 3
1117 4
1118 2
1119 9
1120 5
1121 4
1122 2
1123 1
1124 7
1125 2
1126 2
1127 2
1128 2
1129 22
1130 2
1131 4
1132 1
1134 28
1135 6
1136 5
1137 2
1138 2
1139 16
1140 2
1141 4
1142 2
1143 5
1144 19
1145 3
1146 2
1147 2
1148 4
1149 5
1150 5
1151 6
1153 3
1154 1
1155 1
1156 3
1157 3
1158 2
1159 1
1161 2
1162 3
1164 5
1165 2
1166 1
1167 3
1168 4
1171 3
1172 5
1173 2
1174 4
1175 6
1176 2
1177 2
1178 3
1179 2
1180 5
1181 2
1182 8
1183 3
1184 5
1185 1
1186 5
1187 1
1188 1
1190 4
1191 1
1193 2
1194 3
1195 2
1198 2
1199 2
1200 3
1201 2
1202 2
1203 2
1204 2
1205 8
1206 1
1208 2
1209 4
1211 2
1212 4
1213 1
1214 2
1215 1
1217 4
1218 1
1219 4
1220 3
1221 3
1222 1
1223 1
1224 2
1225 4
1226 1
1227 3
1228 6
1229 6
1230 1
1231 2
1232 4
1233 3
1234 4
1235 4
1236 5
1237 7
1238 3
1239 2
1240 5
1241 3
1242 1
1243 6
1244 3
1245 2
1246 2
1247 1
1248 3
1249 3
1250 12
1251 1
1252 7
1253 6
1254 1
1255 4
1256 3
1257 13
1258 2
1260 4
1261 5
1263 4
1264 16
1266 6
1267 4
1268 1
1269 6
1270 5
1271 15
1272 2
1273 5
1274 18
1275 5
1277 3
1278 3
1279 10
1280 2
1281 6
1282 2
1283 7
1284 7
1285 3
1286 1
1287 1
1288 5
1289 4
1290 3
1291 7
1292 3
1293 1
1294 4
1296 5
1297 2
1299 4
1300 2
1301 8
1302 3
1303 8
1304 5
1305 4
1306 3
1307 2
1308 4
1309 1
1310 7
1311 4
1312 2
1313 1
1314 4
1315 2
1316 6
1318 1
1319 2
1321 2
1322 1
1324 1
1325 2
1326 3
1327 2
1328 2
1329 4
1330 4
1332 2
1334 2
1336 3
1337 3
1338 2
1339 1
1340 2
1341 8
1343 3
1344 5
1345 1
1346 1
1347 5
1348 4
1349 4
1350 4
1351 7
1352 4
1353 1
1354 2
1355 4
1356 2
1358 1
1359 2
1360 1
1361 1
1362 3
1363 4
1364 1
1365 3
1366 3
1367 5
1368 1
1369 3
1370 3
1371 5
1372 1
1373 4
1374 1
1375 1
1376 2
1377 5
1378 4
1379 1
1380 2
1381 8
1382 5
1383 1
1384 2
1385 3
1386 2
1387 3
1388 4
1389 3
1391 2
1392 1
1393 5
1395 1
1398 2
1399 2
1400 1
1401 1
1402 3
1403 4
1404 4
1405 1
1406 4
1407 1
1408 2
1409 3
1410 4
1411 1
1413 2
1414 1
1415 6
1416 2
1418 1
1419 3
1420 5
1421 1
1422 2
1423 1
1424 3
1425 3
1426 5
1427 1
1428 2
1429 1
1431 3
1432 7
1433 6
1434 2
1435 3
1436 1
1437 1
1438 1
1439 1
1440 5
1443 1
1444 1
1446 5
1447 7
1448 3
1450 3
1451 2
1452 1
1453 1
1454 4
1455 5
1457 2
1459 3
1460 3
1461 4
1463 1
1464 2
1465 7
1469 1
1470 2
1471 1
1472 2
1473 5
1475 2
1476 2
1477 5
1479 2
1480 1
1481 5
1482 2
1483 2
1485 2
1486 1
1487 2
1488 6
1489 2
1490 4
1491 3
1492 4
1493 1
1494 2
1495 2
1496 1
1497 1
1498 4
1499 1
1500 1
1501 2
1502 3
1503 3
1504 2
1505 6
1506 4
1507 2
1508 2
1509 6
1510 2
1511 4
1512 1
1513 7
1514 1
1516 8
1517 3
1518 2
1519 2
1520 2
1521 5
1522 1
1523 2
1524 3
1525 2
1526 3
1528 2
1529 1
1530 2
1531 2
1532 4
1533 1
1534 1
1535 1
1536 2
1537 4
1538 1
1539 1
1541 2
1542 1
1543 1
1544 1
1545 2
1546 1
1547 2
1548 3
1549 6
1550 1
1551 2
1552 1
1553 2
1554 2
1555 26
1557 1
1558 1
1561 2
1562 2
1563 1
1564 6
1565 1
1566 1
1568 1
1569 1
1570 2
1571 5
1572 2
1574 7
1575 5
1576 1
1577 1
1578 3
1579 3
1580 4
1581 2
1582 1
1584 4
1586 5
1587 4
1588 1
1589 3
1591 4
1593 1
1594 2
1595 2
1596 2
1597 2
1598 2
1600 1
1601 3
1602 2
1604 4
1606 2
1607 1
1608 7
1609 2
1611 4
1612 1
1613 4
1614 2
1615 3
1616 1
1618 6
1619 1
1620 3
1622 2
1625 2
1626 4
1627 6
1628 2
1629 6
1630 3
1631 1
1632 2
1633 3
1635 1
1637 3
1638 2
1640 4
1641 1
1642 3
1643 2
1644 3
1646 1
1647 2
1648 3
1649 3
1651 3
1654 1
1655 2
1657 2
1658 2
1659 3
1660 2
1662 3
1663 3
1664 2
1665 2
1667 2
1668 3
1669 3
1670 3
1671 4
1672 2
1673 2
1674 6
1675 2
1677 1
1678 4
1679 3
1680 1
1681 4
1682 6
1684 3
1685 1
1686 4
1687 1
1688 4
1689 2
1690 1
1692 3
1693 2
1694 2
1697 2
1698 1
1699 2
1700 1
1701 4
1702 3
1703 2
1704 2
1705 1
1706 1
1707 2
1708 4
1709 1
1710 1
1711 3
1712 5
1713 1
1714 5
1715 2
1716 3
1717 4
1718 6
1720 1
1721 1
1722 2
1723 3
1724 3
1725 4
1726 7
1728 4
1729 4
1730 6
1732 3
1733 3
1734 2
1736 4
1738 3
1739 3
1741 4
1743 3
1744 1
1745 2
1747 1
1748 2
1750 4
1751 2
1752 3
1754 2
1755 1
1756 6
1758 4
1759 3
1760 5
1761 3
1762 6
1763 1
1764 3
1765 6
1766 11
1767 1
1768 3
1769 4
1770 1
1773 2
1774 2
1775 4
1776 5
1777 2
1778 3
1779 1
1780 3
1781 2
1782 1
1783 1
1784 3
1785 3
1787 2
1788 2
1789 2
1790 1
1791 1
1792 7
1794 1
1795 3
1796 1
1798 1
1799 3
1800 7
1802 5
1803 2
1804 1
1805 1
1806 4
1807 3
1808 2
1809 1
1810 5
1811 2
1812 2
1813 2
1814 3
1816 4
1817 2
1818 1
1819 1
1820 1
1821 2
1822 1
1823 1
1824 1
1825 3
1827 2
1828 5
1829 2
1831 3
1832 2
1833 3
1834 2
1835 2
1836 4
1838 1
1839 4
1840 3
1841 2
1842 1
1843 7
1844 3
1845 2
1846 1
1847 3
1848 1
1850 3
1851 6
1853 2
1854 2
1855 3
1856 1
1857 1
1858 2
1859 2
1860 2
1861 1
1862 2
1863 4
1864 2
1866 3
1869 4
1870 1
1871 1
1872 3
1873 1
1874 1
1875 5
1876 3
1877 2
1878 2
1880 4
1881 1
1882 4
1883 4
1884 4
1885 1
1886 4
1887 1
1888 3
1889 5
1890 3
1891 5
1892 1
1893 8
1894 1
1895 8
1896 1
1897 3
1898 10
1899 3
1900 1
1901 4
1902 2
1903 19
1904 1
1905 1
1906 2
1907 3
1908 25
1909 3
1910 3
1911 1
1912 1
1913 18
1915 4
1916 3
1917 1
1918 21
1919 2
1920 2
1921 2
1922 1
1923 1
1924 2
1925 2
1926 1
1927 2
1928 7
1931 2
1934 5
1935 2
1937 5
1938 1
1939 3
1941 8
1942 3
1943 4
1945 3
1946 2
1948 4
1949 2
1950 4
1952 8
1953 5
1954 1
1956 1
1957 2
1959 6
1960 5
1961 2
1962 3
1963 4
1964 4
1965 4
1967 1
1968 1
1969 1
1970 2
1972 3
1974 1
1975 1
1976 3
1977 2
1978 2
1979 1
1981 2
1982 3
1983 2
1984 1
1985 3
1986 5
1987 4
1989 3
1991 4
1994 3
1996 3
1997 4
1998 2
1999 3
2000 2
2001 8
2003 1
2005 1
2006 1
2007 2
2008 3
2009 5
2012 4
2013 2
2014 5
2015 4
2016 2
2017 1
2018 2
2019 2
2020 2
2021 2
2022 2
2023 3
2025 1
2026 1
2027 2
2029 2
2030 3
2031 3
2032 2
2033 4
2034 2
2035 2
2036 2
2037 2
2038 3
2040 2
2041 4
2042 7
2044 3
2045 1
2046 1
2047 2
2048 20
2049 3
2050 2
2051 2
2052 1
2053 3
2055 3
2056 3
2057 1
2058 2
2059 1
2060 2
2061 5
2062 2
2064 1
2065 1
2066 3
2067 5
2071 5
2072 2
2073 3
2074 3
2075 5
2076 2
2077 4
2078 4
2080 5
2081 2
2082 1
2083 3
2084 3
2085 4
2086 1
2087 1
2088 3
2089 4
2092 2
2093 3
2095 4
2096 1
2097 2
2099 4
2100 2
2101 1
2102 1
2103 2
2106 2
2107 3
2108 1
2110 5
2112 3
2113 3
2114 2
2115 2
2116 1
2117 4
2118 1
2119 2
2122 4
2123 3
2124 3
2125 1
2126 6
2127 2
2128 7
2129 4
2130 2
2131 1
2132 4
2133 3
2135 2
2136 5
2138 1
2140 2
2141 1
2143 2
2144 2
2145 2
2146 5
2147 2
2148 2
2150 1
2151 4
2152 1
2153 2
2154 2
2155 2
2157 1
2159 3
2161 3
2162 2
2163 3
2164 2
2165 1
2168 3
2169 3
2170 6
2171 1
2173 2
2174 2
2175 1
2176 1
2177 1
2179 2
2180 1
2181 2
2183 2
2184 1
2185 2
2187 3
2188 2
2189 4
2191 1
2192 2
2193 1
2194 2
2195 1
2196 3
2199 3
2202 2
2203 1
2205 2
2206 6
2207 4
2208 1
2209 1
2212 2
2213 1
2214 5
2216 4
2217 2
2218 1
2220 1
2221 1
2223 1
2224 1
2227 6
2228 2
2229 2
2230 3
2231 4
2232 2
2234 1
2235 2
2236 2
2238 2
2239 4
2240 2
2241 2
2242 3
2243 2
2245 1
2246 3
2247 2
2248 2
2249 4
2250 3
2251 3
2253 5
2254 5
2255 1
2256 2
2258 4
2259 1
2260 3
2261 3
2262 3
2263 4
2264 3
2265 1
2267 7
2268 3
2269 6
2270 4
2271 5
2272 1
2273 4
2275 2
2276 14
2278 1
2280 2
2282 3
2283 4
2284 2
2285 1
2286 1
2287 4
2288 1
2289 3
2290 2
2291 4
2292 3
2293 3
2294 1
2295 1
2296 1
2297 1
2298 3
2299 3
2300 1
2301 2
2302 2
2303 1
2304 2
2305 1
2307 1
2308 2
2310 1
2311 1
2312 2
2313 2
2315 4
2316 1
2317 4
2320 2
2321 1
2322 1
2324 4
2327 3
2328 1
2330 1
2333 1
2334 1
2335 3
2336 2
2337 1
2338 1
2339 3
2340 1
2341 1
2344 1
2345 3
2346 1
2347 2
2348 1
2350 4
2351 1
2352 2
2353 3
2354 2
2355 1
2359 2
2360 2
2361 1
2363 1
2364 1
2365 1
2366 2
2368 1
2369 1
2371 1
2372 1
2374 4
2375 4
2376 1
2377 2
2378 1
2379 2
2380 4
2381 1
2384 3
2385 1
2386 3
2387 3
2388 1
2389 2
2390 3
2392 2
2393 2
2394 2
2395 1
2396 2
2397 1
2398 2
2399 4
2400 4
2401 4
2402 1
2404 1
2407 3
2408 1
2411 1
2412 2
2413 1
2414 1
2416 1
2417 3
2419 2
2420 4
2422 4
2423 1
2425 4
2426 1
2427 1
2428 1
2429 3
2431 1
2432 2
2433 1
2434 5
2437 1
2438 1
2439 1
2440 3
2443 1
2444 2
2446 2
2447 1
2448 2
2449 1
2450 3
2455 1
2456 1
2457 2
2458 2
2459 3
2461 2
2462 3
2463 1
2464 1
2465 2
2466 1
2467 2
2470 1
2471 2
2473 5
2474 2
2477 2
2480 4
2482 2
2483 2
2485 2
2486 4
2488 2
2489 1
2491 3
2494 1
2496 2
2498 3
2500 1
2501 1
2503 1
2504 2
2506 1
2507 2
2508 3
2511 1
2512 4
2513 3
2515 1
2516 1
2517 1
2518 10
2519 2
2520 2
2521 1
2522 2
2523 6
2524 1
2525 2
2526 1
2529 2
2530 2
2531 2
2532 1
2533 2
2534 2
2536 2
2537 5
2539 4
2540 1
2541 4
2543 1
2545 1
2548 1
2549 1
2551 3
2552 1
2554 1
2557 3
2558 5
2560 2
2561 3
2563 3
2564 1
2565 1
2566 2
2569 1
2575 4
2576 1
2578 1
2582 1
2584 1
2586 1
2587 1
2588 3
2589 1
2590 2
2593 1
2595 2
2596 1
2597 2
2599 1
2600 1
2602 1
2603 1
2605 1
2608 1
2609 1
2610 2
2612 1
2613 2
2614 1
2615 1
2617 2
2621 1
2623 2
2626 1
2627 1
2629 1
2630 2
2631 1
2632 2
2633 1
2636 3
2638 2
2639 1
2640 2
2645 2
2647 1
2648 2
2650 1
2651 3
2652 2
2653 4
2654 2
2656 4
2657 8
2659 4
2660 4
2661 1
2662 5
2663 3
2664 1
2665 4
2666 4
2668 1
2669 3
2671 4
2672 1
2674 2
2677 1
2678 3
2679 1
2680 3
2681 2
2683 2
2684 1
2685 1
2689 5
2690 1
2692 1
2693 3
2695 1
2696 2
2697 1
2698 1
2699 3
2700 1
2701 3
2703 2
2704 2
2705 1
2707 1
2708 1
2709 1
2710 3
2711 2
2713 2
2714 1
2716 2
2719 2
2720 4
2722 4
2726 2
2727 1
2729 2
2731 1
2732 1
2734 1
2735 2
2736 3
2737 1
2740 2
2741 3
2744 2
2745 1
2749 4
2750 1
2751 1
2752 3
2753 1
2755 1
2756 3
2758 3
2759 3
2761 1
2762 2
2764 2
2765 1
2766 1
2767 1
2768 2
2770 2
2771 1
2774 3
2775 1
2776 4
2777 1
2779 1
2780 1
2781 2
2782 1
2783 2
2785 1
2788 3
2789 1
2791 1
2792 3
2793 1
2794 1
2795 1
2796 1
2797 1
2798 1
2800 2
2804 1
2805 2
2806 2
2807 1
2809 4
2811 1
2812 2
2813 2
2815 2
2818 2
2819 3
2821 1
2822 1
2825 3
2826 1
2827 1
2828 2
2830 2
2833 4
2835 1
2836 1
2837 1
2838 2
2840 3
2841 1
2842 3
2844 2
2845 1
2846 3
2849 1
2850 1
2852 3
2853 1
2855 1
2858 3
2860 2
2861 2
2862 1
2863 4
2864 6
2866 2
2867 2
2869 2
2870 1
2872 1
2873 4
2876 2
2877 3
2878 1
2879 4
2880 1
2881 1
2883 3
2884 3
2885 2
2887 1
2888 2
2889 2
2890 3
2891 2
2892 2
2894 2
2895 1
2896 1
2897 4
2899 1
2900 3
2902 2
2903 1
2905 4
2906 1
2907 1
2908 5
2909 2
2911 2
2913 1
2914 2
2915 3
2916 1
2917 1
2918 1
2920 2
2921 1
2922 2
2923 2
2926 3
2927 2
2928 1
2929 2
2930 5
2934 1
2935 1
2936 1
2937 1
2939 2
2941 1
2945 3
2947 2
2948 1
2949 1
2951 7
2954 2
2955 1
2956 1
2957 2
2960 4
2962 2
2963 3
2964 2
2965 2
2966 2
2967 1
2968 1
2969 3
2971 1
2972 4
2973 1
2974 3
2975 1
2977 1
2978 1
2981 1
2982 1
2984 8
2985 5
2989 2
2990 3
2991 1
2992 1
2993 1
2994 1
2995 1
2996 1
2998 4
2999 4
3000 1
3001 2
3002 1
3004 3
3005 2
3006 2
3007 1
3008 5
3009 1
3010 1
3014 3
3017 1
3020 2
3022 3
3023 6
3025 1
3026 3
3027 3
3028 1
3029 4
3031 1
3032 3
3033 2
3037 2
3040 1
3041 2
3043 2
3045 1
3047 1
3049 4
3050 4
3052 1
3053 2
3056 1
3058 4
3059 3
3061 2
3063 1
3065 2
3066 1
3067 3
3070 6
3071 1
3072 11
3073 2
3074 2
3075 1
3077 1
3080 1
3082 1
3083 1
3086 3
3087 1
3088 2
3089 2
3091 2
3092 2
3093 2
3094 2
3095 2
3097 3
3100 5
3104 1
3107 2
3108 1
3109 1
3110 1
3113 1
3115 4
3116 2
3118 2
3120 5
3121 1
3124 1
3125 3
3126 1
3127 110
3128 1
3129 2
3130 34
3131 2
3132 1
3133 3
3135 24
3137 1
3139 2
3140 18
3141 2
3143 1
3145 20
3146 2
3148 1
3150 3
3151 1
3152 2
3154 3
3158 1
3163 1
3164 5
3165 2
3166 1
3169 1
3170 1
3171 2
3172 2
3174 1
3175 1
3177 1
3179 3
3181 3
3182 2
3183 1
3184 1
3187 2
3188 2
3189 1
3190 1
3192 2
3193 3
3194 2
3196 3
3198 1
3200 7
3203 1
3206 3
3208 1
3211 1
3212 3
3214 3
3217 3
3220 1
3222 1
3223 3
3224 2
3226 1
3227 1
3228 2
3230 3
3233 1
3235 1
3236 1
3239 2
3240 1
3241 2
3242 3
3244 2
3247 4
3248 3
3249 2
3251 2
3252 1
3253 1
3254 4
3257 1
3258 2
3259 4
3260 1
3262 2
3263 2
3264 1
3266 5
3268 3
3269 1
3271 2
3273 1
3274 1
3275 2
3276 1
3277 1
3278 3
3280 2
3283 1
3284 1
3286 4
3287 3
3288 2
3292 2
3293 2
3294 1
3295 1
3296 1
3298 3
3299 2
3301 1
3304 1
3307 1
3308 5
3309 1
3310 2
3312 3
3313 1
3316 3
3317 2
3318 1
3325 1
3328 3
3329 2
3331 3
3332 1
3333 1
3334 4
3335 1
3337 1
3338 1
3339 1
3340 3
3341 1
3343 1
3346 1
3347 1
3350 1
3351 1
3353 2
3358 5
3360 5
3361 3
3362 2
3364 2
3365 4
3367 4
3368 1
3370 3
3371 1
3372 1
3374 3
3376 2
3377 2
3380 2
3382 2
3384 1
3385 1
3386 1
3387 1
3392 1
3393 1
3395 2
3396 1
3397 2
3398 1
3400 2
3402 1
3404 1
3406 1
3407 1
3410 1
3412 2
3413 1
3414 1
3415 4
3416 2
3418 1
3419 1
3420 1
3421 3
3424 1
3425 1
3428 1
3431 3
3432 3
3433 2
3434 3
3442 1
3443 1
3445 5
3446 4
3448 3
3450 2
3452 2
3455 1
3458 1
3460 1
3461 4
3463 1
3464 3
3466 1
3469 2
3470 2
3472 1
3473 1
3474 1
3475 1
3476 1
3478 2
3479 1
3482 1
3487 1
3488 2
3490 4
3491 1
3493 1
3494 3
3496 2
3497 2
3500 1
3503 1
3505 3
3506 1
3507 1
3509 2
3514 1
3515 1
3516 1
3517 2
3520 5
3521 3
3524 1
3529 2
3530 1
3531 2
3532 1
3533 2
3535 2
3536 1
3538 2
3539 3
3541 1
3542 1
3545 1
3547 1
3552 2
3554 2
3556 2
3557 2
3558 1
3559 2
3560 1
3562 4
3563 1
3564 2
3569 1
3570 1
3571 6
3572 2
3574 2
3577 2
3578 1
3579 1
3581 1
3584 2
3585 3
3587 2
3590 1
3592 2
3593 1
3595 1
3598 1
3601 2
3604 1
3605 1
3606 2
3607 1
3608 1
3611 1
3612 1
3613 1
3614 2
3615 1
3616 1
3617 2
3619 2
3620 1
3622 2
3624 2
3626 1
3628 1
3629 2
3630 1
3631 1
3632 1
3635 1
3640 1
3641 2
3643 1
3644 3
3646 2
3651 1
3652 1
3654 2
3655 1
3657 1
3658 3
3659 1
3660 2
3661 1
3662 2
3665 2
3667 1
3670 1
3671 1
3672 2
3673 2
3676 1
3677 1
3678 1
3680 3
3682 2
3688 2
3689 3
3694 1
3700 1
3702 1
3704 1
3705 1
3709 2
3710 1
3711 2
3712 1
3715 2
3716 4
3718 1
3721 2
3722 1
3724 3
3725 1
3727 1
3728 1
3731 1
3737 2
3739 2
3740 1
3742 3
3743 1
3745 3
3751 1
3752 1
3754 1
3755 1
3759 1
3763 2
3764 1
3766 2
3767 2
3770 1
3771 1
3772 1
3773 1
3775 2
3776 1
3778 3
3782 2
3783 1
3790 1
3791 1
3792 1
3793 1
3795 1
3798 3
3799 2
3800 1
3801 2
3802 1
3805 1
3806 1
3808 1
3817 4
3818 2
3820 1
3823 2
3824 2
3825 1
3826 1
3827 1
3829 2
3833 1
3834 1
3835 1
3836 1
3837 1
3839 1
3840 2
3844 1
3850 1
3853 1
3854 1
3859 1
3860 1
3862 2
3863 1
3865 1
3866 1
3867 1
3869 1
3872 1
3874 1
3878 1
3880 2
3881 1
3884 2
3890 1
3892 3
3893 1
3894 1
3896 2
3897 1
3898 1
3899 2
3902 1
3903 1
3905 2
3907 1
3908 2
3913 2
3914 1
3919 1
3920 1
3924 1
3926 1
3928 2
3931 2
3932 2
3935 2
3937 1
3940 1
3943 3
3946 1
3947 1
3949 1
3950 1
3955 1
3956 2
3957 1
3958 5
3964 1
3965 1
3968 3
3970 1
3972 7
3973 3
3976 2
3977 1
3980 2
3982 1
3988 3
3989 2
3991 1
3992 2
3995 3
3996 4
3997 2
4000 8
4001 1
4004 3
4007 2
4008 2
4013 1
4015 1
4016 6
4019 2
4025 1
4028 3
4030 1
4036 2
4042 1
4043 1
4045 1
4047 1
4051 1
4052 1
4054 2
4066 2
4070 1
4072 1
4073 1
4075 2
4077 1
4079 2
4080 2
4086 2
4088 1
4092 1
4093 1
4096 9
4103 1
4109 2
4111 1
4112 1
4116 2
4117 3
4119 1
4120 2
4124 1
4125 1
4129 3
4130 1
4133 2
4136 1
4139 2
4141 1
4142 3
4143 1
4144 1
4146 1
4147 1
4148 2
4152 1
4153 2
4154 1
4157 1
4160 1
4161 1
4162 1
4169 1
4174 2
4175 1
4176 1
4177 1
4178 1
4180 1
4182 1
4183 1
4184 1
4188 1
4193 1
4196 1
4199 1
4200 2
4201 4
4202 3
4203 1
4205 2
4206 1
4210 1
4211 1
4213 2
4220 1
4222 1
4223 1
4225 1
4229 1
4232 3
4234 1
4237 2
4239 1
4240 2
4241 1
4243 1
4246 5
4247 1
4248 1
4250 2
4253 2
4256 1
4258 2
4259 1
4261 2
4262 1
4267 1
4271 1
4276 1
4278 2
4279 1
4282 1
4285 1
4286 1
4288 1
4291 2
4292 2
4293 1
4294 1
4295 3
4300 1
4303 1
4306 1
4307 1
4308 2
4309 2
4310 1
4312 1
4314 1
4315 1
4316 3
4320 1
4322 2
4324 1
4332 1
4334 1
4335 2
4339 2
4340 1
4341 1
4343 1
4349 2
4354 1
4355 2
4358 1
4359 1
4360 1
4362 1
4366 2
4369 1
4376 1
4377 1
4379 1
4380 4
4381 1
4384 9
4387 1
4388 1
4392 3
4393 1
4396 5
4397 2
4400 2
4402 1
4403 1
4404 2
4409 1
4411 1
4412 6
4414 2
4416 8
4418 1
4420 4
4423 1
4424 1
4427 3
4432 1
4436 1
4440 1
4441 1
4444 4
4446 2
4447 3
4448 3
4452 1
4453 2
4454 1
4456 2
4457 1
4458 2
4462 1
4463 2
4465 5
4466 2
4469 1
4470 3
4471 1
4478 1
4480 8
4481 3
4483 1
4486 2
4488 1
4495 1
4496 1
4497 2
4498 1
4499 6
4500 1
4503 1
4505 1
4507 1
4512 1
4518 1
4519 1
4522 1
4523 1
4525 1
4527 1
4529 1
4533 1
4537 2
4539 2
4540 3
4544 2
4545 1
4546 3
4547 2
4548 1
4549 1
4552 4
4553 3
4554 2
4555 1
4557 1
4558 2
4559 1
4560 1
4561 1
4564 1
4567 2
4571 3
4578 1
4581 2
4582 1
4583 1
4587 2
4588 1
4590 2
4591 1
4592 1
4593 4
4596 3
4598 1
4600 1
4602 2
4603 1
4604 2
4606 2
4607 1
4608 6
4609 2
4613 1
4615 1
4616 1
4618 1
4620 1
4621 2
4622 2
4628 2
4629 1
4632 1
4634 1
4635 1
4636 1
4637 1
4640 5
4641 1
4644 2
4647 3
4651 1
4652 1
4653 2
4654 1
4655 2
4657 1
4659 1
4660 3
4661 2
4664 1
4670 1
4672 3
4673 1
4674 1
4675 1
4676 1
4681 1
4683 1
4685 2
4688 1
4691 1
4694 1
4695 1
4697 1
4699 1
4700 2
4707 1
4714 1
4715 1
4718 1
4721 1
4723 1
4726 3
4727 1
4728 1
4732 2
4737 1
4739 1
4740 1
4741 1
4744 2
4745 1
4752 1
4754 1
4759 1
4760 1
4763 1
4769 1
4771 1
4772 2
4774 1
4777 1
4778 2
4781 1
4783 1
4784 1
4786 1
4792 1
4793 2
4796 1
4799 1
4800 5
4802 1
4803 1
4804 1
4807 1
4810 1
4812 2
4814 1
4816 2
4817 1
4820 2
4823 1
4826 1
4831 2
4832 2
4835 2
4840 1
4843 1
4847 1
4852 1
4853 3
4854 1
4855 2
4858 1
4859 2
4860 1
4861 1
4865 1
4872 1
4873 1
4876 2
4879 1
4880 1
4884 1
4886 2
4890 2
4892 1
4896 1
4897 2
4898 1
4900 1
4903 2
4907 1
4910 1
4915 2
4924 1
4929 1
4936 1
4942 2
4943 1
4948 1
4955 1
4957 1
4960 7
4964 1
4965 2
4966 1
4967 1
4971 1
4974 1
4976 2
4978 1
4981 1
4982 1
4983 1
4984 1
4987 4
4988 1
4989 1
4991 1
4994 1
4997 1
5001 1
5008 1
5010 1
5015 1
5020 1
5022 1
5024 1
5026 2
5029 22
5031 1
5033 1
5036 1
5037 1
5038 1
5042 1
5045 2
5047 1
5054 2
5055 1
5056 1
5057 1
5058 1
5062 1
5063 1
5067 2
5069 1
5072 1
5075 1
5077 1
5083 1
5087 2
5090 1
5092 1
5095 1
5099 1
5101 2
5105 1
5106 1
5108 2
5114 1
5119 1
5120 15
5122 1
5123 1
5129 3
5134 1
5137 1
5146 1
5147 2
5152 1
5155 1
5156 1
5158 3
5160 1
5161 1
5162 1
5167 1
5171 1
5180 1
5183 2
5186 1
5190 1
5191 1
5192 1
5194 2
5200 1
5201 1
5202 1
5203 2
5204 2
5206 2
5212 1
5213 1
5214 1
5217 1
5219 1
5222 2
5224 1
5230 1
5232 1
5235 1
5240 1
5241 1
5242 1
5244 1
5246 2
5248 1
5255 1
5257 1
5263 1
5264 1
5266 1
5267 1
5272 1
5279 3
5280 13
5282 1
5285 1
5288 1
5290 1
5291 1
5294 1
5302 1
5303 1
5306 1
5309 1
5312 1
5314 2
5315 1
5318 1
5320 1
5321 1
5323 1
5327 1
5330 1
5335 1
5336 4
5338 2
5339 1
5350 2
5354 1
5356 2
5359 2
5362 1
5364 2
5369 1
5374 1
5375 1
5377 1
5384 1
5386 1
5388 2
5389 1
5393 3
5395 1
5396 2
5401 2
5402 1
5404 1
5407 1
5410 1
5411 1
5413 1
5417 1
5418 1
5419 1
5420 3
5421 2
5424 3
5425 1
5426 1
5428 3
5434 1
5435 2
5436 2
5440 11
5442 1
5443 1
5446 1
5447 1
5454 1
5457 1
5458 2
5459 1
5461 1
5466 1
5467 1
5468 1
5471 2
5473 2
5474 1
5475 1
5478 1
5483 1
5485 1
5486 1
5489 1
5492 3
5493 1
5496 1
5501 1
5504 2
5506 1
5507 1
5516 1
5517 1
5521 1
5524 2
5525 2
5527 2
5530 1
5531 3
5537 3
5538 1
5544 1
5550 1
5551 1
5554 1
5556 1
5558 1
5561 1
5565 1
5567 2
5569 1
5570 3
5571 2
5572 2
5574 1
5576 1
5579 2
5585 1
5587 1
5589 1
5590 1
5593 3
5594 1
5595 2
5600 11
5602 2
5603 1
5605 1
5607 1
5608 1
5614 1
5615 2
5616 1
5618 3
5619 3
5623 1
5624 1
5625 1
5626 1
5628 2
5631 1
5632 2
5636 4
5637 2
5639 2
5641 1
5644 1
5646 1
5647 1
5662 1
5667 1
5669 3
5671 2
5673 1
5675 1
5676 1
5678 1
5679 1
5680 1
5683 1
5686 1
5693 1
5696 1
5697 1
5701 1
5707 1
5712 1
5713 1
5714 1
5715 4
5722 1
5725 1
5727 1
5728 1
5730 1
5733 1
5737 2
5738 3
5743 1
5745 1
5746 2
5749 3
5750 1
5752 2
5753 1
5754 3
5756 1
5759 1
5760 12
5761 1
5766 2
5771 2
5772 1
5775 1
5776 1
5777 2
5780 1
5782 2
5783 1
5785 2
5787 2
5788 2
5795 1
5800 1
5806 1
5808 1
5810 2
5811 1
5813 1
5814 1
5815 1
5818 1
5826 1
5827 7
5829 2
5831 3
5832 1
5840 1
5841 1
5844 1
5845 1
5846 2
5847 2
5849 2
5852 1
5855 1
5858 4
5859 1
5863 1
5866 1
5868 1
5870 1
5873 1
5875 2
5876 1
5887 1
5888 1
5890 3
5892 4
5896 1
5899 1
5900 1
5902 1
5907 1
5909 2
5910 1
5912 1
5915 1
5918 1
5919 1
5920 9
5921 1
5922 2
5928 1
5930 1
5934 1
5936 1
5940 4
5943 1
5945 3
5947 2
5948 1
5949 2
5951 1
5956 2
5961 1
5962 1
5963 1
5967 1
5968 2
5969 1
5972 1
5974 1
5986 1
5987 1
5989 1
5990 1
5991 1
5998 1
5999 2
6001 1
6003 1
6008 2
6010 1
6011 1
6013 1
6018 1
6019 1
6020 2
6021 1
6022 3
6026 1
6027 1
6029 1
6031 1
6038 1
6042 1
6043 2
6044 2
6048 3
6052 1
6053 1
6055 1
6059 1
6060 1
6063 2
6064 1
6066 1
6067 1
6068 1
6073 1
6074 1
6077 2
6080 7
6081 1
6083 2
6084 1
6087 2
6090 1
6095 1
6096 1
6098 1
6100 1
6101 1
6103 1
6109 2
6115 1
6117 2
6118 2
6123 1
6125 2
6126 1
6128 1
6136 1
6144 5
6145 1
6146 2
6148 1
6151 2
6153 1
6156 1
6162 1
6166 1
6167 1
6168 1
6169 1
6170 1
6174 1
6175 1
6179 1
6183 1
6186 2
6188 1
6192 2
6193 1
6194 1
6203 1
6206 2
6208 1
6209 1
6210 1
6215 1
6217 1
6218 1
6219 2
6221 1
6227 1
6230 2
6232 1
6234 2
6237 1
6240 8
6243 2
6252 1
6253 2
6258 1
6263 1
6266 1
6268 1
6269 1
6270 1
6272 1
6278 1
6282 1
6286 1
6287 1
6291 3
6295 1
6297 1
6302 1
6307 1
6312 1
6314 2
6318 3
6319 1
6323 2
6324 1
6325 1
6329 1
6332 1
6333 1
6334 1
6336 2
6343 1
6344 2
6352 1
6354 1
6364 3
6365 1
6370 1
6372 1
6380 2
6386 1
6391 2
6393 1
6399 2
6400 1
6401 2
6404 1
6406 1
6412 3
6414 1
6416 1
6417 2
6424 1
6425 2
6427 1
6429 1
6433 1
6434 1
6435 1
6437 1
6438 1
6440 2
6442 1
6444 1
6447 1
6453 1
6458 2
6460 3
6468 2
6473 1
6479 2
6480 2
6481 1
6494 1
6496 1
6497 1
6499 1
6505 1
6507 1
6512 1
6513 1
6518 1
6519 1
6520 1
6523 1
6525 1
6527 1
6529 1
6533 1
6536 1
6537 1
6538 2
6539 1
6549 1
6554 1
6556 3
6557 1
6560 2
6568 2
6570 2
6572 1
6573 1
6576 1
6577 1
6578 1
6580 1
6582 2
6583 1
6588 1
6590 1
6593 1
6594 1
6598 2
6601 1
6603 1
6609 1
6612 1
6615 1
6616 2
6619 1
6622 7
6624 1
6630 2
6632 1
6638 1
6642 1
6643 1
6655 2
6656 1
6657 1
6658 1
6661 1
6663 1
6671 1
6673 1
6674 1
6681 2
6684 2
6689 1
6700 2
6702 2
6703 1
6705 1
6708 1
6713 1
6715 1
6720 2
6726 1
6728 1
6730 1
6733 2
6746 1
6754 1
6757 1
6761 2
6763 2
6765 2
6775 1
6783 1
6788 1
6789 1
6794 1
6804 1
6806 1
6812 1
6813 1
6818 1
6825 1
6827 1
6828 1
6829 1
6837 1
6846 3
6853 1
6861 1
6880 4
6885 1
6890 1
6892 1
6893 1
6895 2
6898 1
6903 2
6907 1
6908 1
6913 1
6915 2
6916 1
6918 1
6921 2
6923 1
6929 2
6942 1
6946 1
6947 2
6948 1
6949 1
6952 1
6953 1
6954 1
6955 2
6956 1
6957 1
6961 1
6962 1
6964 1
6967 1
6968 1
6971 2
6976 1
6980 1
6989 1
6997 1
7001 1
7004 1
7006 1
7013 1
7014 1
7015 1
7017 1
7019 1
7022 1
7023 1
7025 1
7027 1
7028 1
7038 1
7040 1
7041 1
7047 1
7048 1
7057 2
7059 1
7062 1
7066 1
7069 1
7074 1
7076 2
7077 1
7079 1
7082 1
7084 1
7087 1
7093 2
7100 2
7106 1
7108 1
7113 2
7116 1
7127 1
7131 1
7132 1
7134 1
7136 1
7138 1
7140 2
7141 1
7145 1
7147 4
7150 1
7160 1
7163 1
7168 2
7170 1
7173 1
7177 1
7188 1
7200 1
7201 1
7202 1
7203 1
7205 1
7209 1
7212 1
7214 2
7218 1
7222 1
7225 1
7235 1
7241 1
7243 1
7247 1
7253 1
7256 1
7261 1
7267 4
7275 1
7277 1
7279 1
7280 1
7283 2
7288 1
7290 1
7292 1
7295 1
7296 2
7311 1
7320 2
7324 1
7325 1
7327 1
7334 1
7340 1
7344 1
7348 1
7349 1
7353 2
7354 1
7355 1
7357 2
7358 1
7361 2
7371 1
7372 2
7373 1
7374 1
7377 1
7378 1
7379 1
7381 1
7386 1
7394 1
7403 1
7405 1
7411 1
7428 1
7435 1
7438 1
7441 1
7447 1
7448 2
7449 1
7450 1
7451 1
7456 1
7461 2
7463 1
7464 1
7465 1
7467 2
7469 1
7471 1
7474 1
7478 1
7488 1
7491 1
7493 1
7497 1
7505 1
7513 1
7529 1
7534 1
7535 1
7560 2
7566 1
7568 1
7574 1
7577 1
7581 1
7586 2
7587 2
7589 2
7595 1
7597 1
7598 1
7600 1
7601 1
7610 1
7612 1
7615 2
7617 1
7618 1
7619 1
7622 1
7625 1
7628 1
7634 3
7637 1
7643 1
7656 1
7657 1
7659 3
7666 1
7673 1
7680 2
7682 1
7686 1
7688 1
7693 2
7696 2
7703 2
7711 2
7722 1
7724 2
7730 1
7732 1
7734 1
7736 1
7740 3
7743 1
7749 1
7751 1
7753 1
7757 1
7761 1
7765 1
7766 1
7779 1
7781 3
7787 1
7794 1
7800 1
7803 1
7810 1
7821 2
7825 11
7840 2
7842 1
7847 1
7854 1
7865 1
7883 1
7898 1
7900 1
7902 1
7903 1
7904 1
7905 1
7911 1
7914 1
7915 3
7917 1
7921 1
7922 1
7924 1
7925 1
7927 1
7957 1
7960 1
7968 3
7971 2
7972 1
7979 2
7981 1
7982 2
7988 1
7990 1
8000 1
8010 2
8011 1
8012 1
8013 1
8014 2
8017 1
8021 1
8028 1
8036 1
8042 2
8046 1
8049 1
8051 1
8052 2
8053 1
8063 1
8068 1
8071 1
8072 1
8080 1
8091 1
8094 1
8099 1
8102 1
8104 1
8114 1
8120 3
8125 1
8127 1
8130 2
8138 1
8141 1
8145 1
8148 1
8151 1
8156 2
8158 1
8161 1
8169 1
8172 1
8173 2
8177 1
8178 1
8179 1
8180 1
8181 1
8182 1
8184 1
8189 1
8192 9
8196 1
8198 1
8205 3
8218 1
8243 1
8244 1
8250 1
8254 1
8257 1
8258 1
8259 1
8260 1
8261 11
8263 1
8267 1
8271 1
8272 2
8273 1
8275 1
8284 1
8295 1
8301 1
8314 1
8315 1
8322 1
8323 1
8326 2
8327 1
8338 1
8354 1
8360 2
8382 1
8384 1
8386 1
8392 1
8395 1
8401 1
8403 1
8406 1
8413 1
8416 1
8424 5
8427 1
8435 1
8444 2
8445 1
8457 1
8458 2
8462 1
8465 1
8469 2
8480 1
8489 1
8491 1
8504 1
8507 2
8508 1
8512 1
8523 1
8526 1
8540 1
8542 1
8548 1
8553 1
8564 1
8568 1
8576 1
8578 1
8580 1
8584 1
8593 1
8595 1
8597 2
8613 1
8618 2
8631 1
8637 1
8639 1
8647 1
8650 1
8651 1
8661 1
8674 1
8685 1
8688 1
8692 1
8699 1
8721 1
8730 1
8735 1
8736 1
8738 1
8739 1
8744 1
8751 1
8757 1
8758 1
8770 1
8771 3
8782 2
8800 3
8809 2
8812 1
8816 2
8819 1
8835 1
8836 1
8843 1
8852 1
8857 1
8858 1
8862 1
8868 1
8874 1
8923 1
8925 1
8927 1
8928 1
8938 1
8942 1
8946 1
8955 1
8956 1
8959 1
8960 1
8961 1
8972 2
8973 2
8985 1
8986 2
9019 1
9025 1
9029 1
9031 1
9037 1
9042 1
9045 1
9046 1
9058 1
9068 2
9071 1
9081 1
9082 1
9084 1
9090 1
9095 1
9102 1
9110 1
9112 1
9126 1
9132 1
9147 1
9164 1
9165 1
9168 2
9194 1
9196 1
9201 3
9202 1
9216 1
9222 2
9223 1
9227 1
9242 1
9253 1
9255 9
9260 1
9263 1
9269 1
9271 1
9284 1
9285 2
9301 2
9306 1
9310 1
9316 1
9323 1
9328 1
9331 1
9349 1
9363 1
9377 1
9382 1
9391 1
9395 1
9404 1
9405 1
9406 1
9407 1
9412 2
9420 1
9422 1
9433 1
9460 1
9462 1
9465 1
9475 1
9480 1
9488 1
9496 1
9498 1
9500 1
9516 1
9526 1
9531 1
9557 1
9569 1
9571 1
9583 1
9596 2
9604 1
9607 1
9615 2
9616 1
9620 1
9623 1
9656 1
9658 1
9659 1
9661 1
9676 1
9679 1
9690 1
9695 2
9719 2
9721 1
9727 1
9740 1
9758 1
9794 1
9798 1
9811 1
9836 1
9842 1
9853 1
9858 1
9861 1
9864 2
9866 1
9867 2
9870 2
9873 1
9875 1
9893 1
9919 1
9920 1
9921 1
9924 1
9927 1
9934 1
9937 1
9950 1
9961 1
9986 2
9992 1
10013 1
10018 1
10037 1
10048 1
10063 1
10064 2
10066 1
10078 2
10079 1
10082 2
10088 1
10100 1
10121 1
10128 1
10137 1
10147 1
10153 1
10155 1
10161 1
10186 1
10190 1
10200 1
10212 1
10240 1
10256 2
10272 1
10282 1
10286 1
10289 1
10321 1
10326 2
10340 1
10358 1
10362 2
10368 1
10386 1
10394 1
10396 2
10421 1
10422 1
10434 2
10439 2
10440 1
10442 1
10451 2
10458 1
10464 1
10468 1
10483 1
10501 1
10503 1
10507 1
10519 1
10520 2
10540 1
10550 2
10561 1
10562 1
10574 1
10576 2
10585 1
10586 1
10597 1
10598 1
10600 1
10605 1
10607 1
10610 1
10611 1
10625 1
10632 2
10636 1
10640 1
10641 1
10644 1
10662 1
10670 1
10675 1
10680 1
10682 2
10727 1
10766 1
10770 1
10798 1
10806 1
10821 1
10824 1
10844 1
10847 1
10860 1
10862 1
10898 1
10916 1
10926 2
10936 2
10948 1
10950 1
10955 1
10956 1
10962 1
10980 1
10995 2
11003 1
11005 1
11007 1
11013 1
11050 1
11069 1
11070 2
11075 1
11086 1
11094 1
11101 1
11110 1
11128 1
11129 1
11130 1
11135 1
11138 1
11154 1
11161 1
11163 1
11173 2
11183 1
11195 1
11196 1
11201 1
11208 1
11215 1
11223 1
11250 1
11251 1
11255 1
11260 2
11263 1
11264 2
11279 1
11302 1
11324 1
11335 2
11358 1
11372 1
11379 1
11382 1
11383 3
11384 1
11393 1
11403 2
11409 1
11411 1
11417 2
11419 1
11426 1
11428 1
11452 1
11455 1
11462 2
11475 2
11482 1
11513 1
11564 1
11596 1
11598 1
11612 1
11615 2
11673 1
11677 1
11685 1
11689 1
11704 1
11710 1
11713 1
11719 1
11760 1
11806 1
11829 1
11840 1
11844 1
11847 1
11860 2
11863 1
11869 1
11905 1
11908 1
11923 1
11946 1
11947 1
11953 1
11975 1
11986 1
11991 1
11999 2
12017 1
12020 1
12024 1
12030 1
12040 1
12069 1
12073 1
12083 1
12092 1
12096 4
12105 1
12107 1
12123 1
12157 1
12192 1
12199 1
12226 1
12254 1
12258 1
12276 1
12288 32
12296 1
12304 1
12323 1
12331 2
12333 1
12339 1
12349 1
12358 1
12364 2
12382 1
12416 1
12423 1
12424 1
12429 1
12435 1
12453 1
12456 1
12460 1
12471 1
12511 1
12514 1
12544 1
12566 1
12611 2
12612 1
12616 1
12644 2
12650 1
12658 1
12661 1
12708 1
12716 2
12717 3
12729 1
12732 1
12741 1
12742 1
12747 2
12779 1
12788 1
12789 1
12797 1
12801 1
12824 1
12825 1
12829 1
12837 2
12858 1
12877 1
12905 1
12908 1
12914 1
12925 1
12945 2
12986 1
13011 1
13013 1
13020 1
13039 1
13042 1
13054 3
13069 2
13075 3
13083 1
13086 1
13105 1
13118 1
13135 1
13151 1
13166 1
13183 1
13194 1
13200 1
13207 1
13210 1
13266 1
13280 1
13290 1
13317 1
13333 1
13339 1
13343 1
13348 1
13361 1
13431 1
13443 1
13505 2
13541 2
13552 1
13557 3
13566 1
13576 1
13591 1
13603 1
13609 1
13637 1
13638 1
13640 2
13648 1
13691 1
13708 1
13757 1
13771 1
13798 1
13806 2
13816 1
13845 1
13860 1
13880 1
13910 1
13922 1
13925 1
13950 1
13956 2
13973 1
14007 1
14010 1
14058 1
14075 1
14085 1
14103 1
14106 1
14112 1
14124 1
14134 1
14139 1
14141 1
14144 2
14145 1
14153 1
14163 1
14166 1
14169 1
14176 1
14187 1
14193 1
14195 1
14198 1
14234 1
14240 1
14242 2
14248 1
14252 1
14290 1
14301 1
14316 1
14336 2
14337 1
14340 1
14341 3
14353 1
14371 1
14388 1
14443 1
14449 2
14472 1
14498 1
14519 1
14522 1
14527 1
14532 1
14536 1
14542 2
14593 1
14606 1
14640 1
14703 1
14705 1
14732 1
14738 1
14741 1
14780 1
14781 1
14817 4
14821 1
14867 1
14870 1
14888 2
14918 1
14929 1
14932 1
14939 1
14942 1
14947 1
14981 1
14985 1
14986 1
14992 1
15000 1
15004 1
15034 1
15044 1
15049 1
15058 1
15060 2
15062 1
15083 1
15100 1
15168 4
15220 2
15230 1
15232 1
15247 1
15264 1
15272 1
15363 2
15397 1
15410 1
15436 1
15492 1
15509 1
15517 1
15524 1
15542 1
15552 1
15573 1
15592 1
15615 1
15631 1
15645 1
15691 1
15791 1
15793 1
15809 1
15825 1
15836 1
15844 2
15868 1
15900 1
15910 1
15912 4
15962 1
15984 1
16000 2
16008 1
16009 1
16066 1
16084 1
16114 1
16124 1
16125 1
16144 1
16145 2
16192 5
16208 1
16239 1
16245 1
16253 1
16264 1
16276 1
16278 1
16294 2
16313 1
16328 2
16329 1
16340 1
16361 1
16362 2
16364 1
16368 1
16372 1
16382 1
16383 1
16384 195
16405 1
16413 1
16425 1
16432 1
16448 1
16452 1
16480 1
16482 1
16483 1
16492 1
16496 1
16505 1
16578 2
16583 1
16586 1
16596 3
16622 1
16635 1
16636 1
16654 1
16661 1
16663 1
16668 1
16688 1
16793 1
16803 1
16815 1
16828 1
16884 1
16931 1
16945 1
17003 1
17004 1
17006 1
17014 1
17040 1
17055 1
17062 1
17068 1
17120 1
17197 2
17212 1
17213 2
17289 1
17310 1
17371 2
17388 2
17415 1
17421 2
17441 1
17442 1
17453 2
17473 1
17476 1
17493 2
17501 1
17513 1
17519 1
17604 1
17620 2
17638 1
17656 1
17660 1
17683 2
17694 1
17707 1
17752 1
17783 1
17787 2
17790 1
17841 1
17852 1
17874 1
17887 1
17995 1
18004 1
18012 1
18017 1
18036 1
18068 2
18078 1
18124 1
18159 1
18193 1
18236 1
18249 1
18268 1
18334 1
18335 1
18357 1
18401 1
18416 1
18419 1
18432 5
18446 1
18470 1
18472 2
18510 1
18514 1
18536 1
18616 1
18623 2
18644 3
18651 1
18691 1
18742 1
18752 3
18788 1
18807 1
18823 1
18824 1
18833 1
18863 1
18906 1
18975 1
18992 1
19005 1
19016 1
19046 1
19095 1
19104 1
19113 1
19159 1
19166 1
19180 1
19209 1
19210 1
19228 1
19300 1
19366 2
19376 2
19436 1
19458 1
19480 1
19528 1
19530 2
19600 1
19611 1
19627 1
19675 2
19701 1
19737 1
19753 1
19769 1
19770 3
19776 1
19797 1
19818 1
19840 1
19850 1
19852 1
19920 1
19971 1
20008 2
20029 1
20056 1
20066 1
20075 1
20083 1
20095 1
20160 1
20180 1
20236 1
20242 1
20248 1
20251 1
20284 1
20288 3
20292 1
20299 2
20349 1
20358 1
20401 1
20452 1
20480 119
20496 1
20497 1
20591 1
20595 1
20607 1
20671 1
20692 1
20742 1
20752 1
20757 1
20823 1
20905 1
20926 1
20947 1
20956 1
20983 1
21002 1
21068 1
21080 1
21094 1
21118 1
21136 1
21154 1
21177 1
21218 1
21253 1
21319 1
21376 1
21423 1
21427 1
21451 1
21476 1
21516 2
21518 2
21529 1
21571 1
21574 1
21578 3
21584 1
21585 1
21601 1
21628 1
21641 1
21643 1
21655 2
21676 1
21719 1
21721 1
21742 1
21783 1
21786 2
21859 1
21901 1
21960 1
21978 1
21991 1
22010 1
22062 2
22119 1
22120 1
22144 1
22204 1
22215 1
22249 1
22261 1
22284 1
22292 1
22318 1
22336 5
22338 1
22366 2
22371 1
22374 1
22377 1
22391 1
22433 1
22434 1
22436 1
22528 5
22531 1
22594 1
22642 1
22666 1
22676 2
22680 1
22739 2
22741 1
22743 2
22749 1
22754 1
22765 1
22793 1
22862 1
22900 1
22912 1
22929 1
22936 1
22974 1
22981 1
23051 1
23056 2
23109 2
23120 1
23152 1
23215 1
23239 1
23307 1
23408 1
23430 1
23437 1
23440 2
23482 1
23507 1
23556 2
23584 1
23607 2
23608 1
23614 1
23620 1
23623 1
23662 1
23690 1
23749 2
23752 1
23763 1
23800 1
23851 1
23858 1
23878 1
23937 2
23996 1
24007 1
24011 1
24019 1
24036 1
24072 1
24121 1
24148 1
24157 1
24256 1
24305 1
24352 1
24364 1
24376 1
24384 4
24427 1
24466 2
24518 1
24553 1
24576 68
24656 1
24685 1
24777 1
24826 1
24840 1
24844 1
24947 1
24980 1
25005 2
25032 1
25096 2
25100 1
25166 1
25182 1
25232 1
25304 1
25347 3
25373 1
25376 1
25408 2
25413 1
25442 1
25617 1
25846 1
25944 1
25964 1
25990 1
26046 1
26111 1
26151 1
26153 1
26162 1
26206 1
26359 1
26442 1
26449 1
26464 1
26503 1
26544 1
26552 1
26624 4
26717 1
26722 1
26767 1
26815 1
26928 1
27084 1
27109 1
27118 1
27175 1
27244 2
27269 1
27386 1
27412 1
27420 1
27448 1
27452 1
27484 1
27526 1
27541 1
27593 1
27626 1
27662 1
27763 1
27820 1
27956 1
27960 1
28061 1
28070 1
28244 1
28313 1
28666 1
28672 46
28834 1
28860 1
28916 2
28940 1
29007 1
29098 1
29149 1
29290 1
29341 1
29440 1
29456 1
29467 1
29484 1
29504 2
29580 1
29607 1
29624 1
29696 1
29707 2
29815 1
29887 1
29935 1
29979 1
30032 1
30059 1
30072 1
30266 1
30306 1
30490 1
30720 2
30737 1
30913 1
30964 1
30969 1
31000 1
31041 1
31055 1
31160 1
31253 1
31521 1
31559 1
31663 1
31671 1
31722 1
31849 1
32025 1
32056 1
32205 1
32229 1
32270 1
32292 1
32296 2
32381 1
32463 1
32474 1
32576 1
32625 1
32680 1
32768 33
32781 1
33112 1
33181 1
33296 1
33324 1
33448 3
33526 1
33765 1
33779 1
33821 1
34083 1
34096 1
34261 2
34332 1
34699 1
34793 1
34816 2
34954 1
35006 1
35103 1
35402 1
35468 1
35495 2
35869 1
35936 2
35952 1
36113 1
36245 1
36594 1
36672 2
36732 1
36735 1
36781 1
36864 19
36868 1
37081 1
37100 1
37432 1
37456 1
37523 1
37788 1
37969 1
37983 1
38035 1
38096 1
38246 2
38660 2
38775 1
38912 3
39272 1
39681 1
39712 1
40163 1
40313 1
40460 1
40489 1
40768 3
40777 1
40821 1
40960 25
41088 1
41394 1
41512 1
41714 1
42393 2
42525 1
42692 1
42715 1
42901 2
42977 1
43162 2
43364 1
43408 1
43545 1
43602 1
43866 1
43979 1
44031 1
44077 1
44472 1
44574 1
44678 1
44814 1
44852 1
44986 1
45013 1
45035 1
45040 1
45056 22
45488 1
46315 1
46470 1
46761 1
46825 1
47104 2
47142 1
47214 1
47384 1
47626 1
48026 1
48114 1
48205 1
48300 1
48398 1
48903 1
48936 1
48958 1
49152 20
49424 1
49566 1
49632 1
50517 1
50694 1
50931 1
51100 1
51147 1
51200 1
51241 1
51414 1
51451 1
51557 1
51840 1
51931 1
51982 1
52156 1
52377 1
52532 1
52580 1
53248 12
53276 1
53840 2
53872 2
54047 1
54218 1
54446 1
54855 1
54904 1
54980 1
55182 1
55296 3
55359 1
56263 1
56349 1
57071 1
57344 14
57838 1
58457 1
58540 1
58580 2
58621 1
59121 1
59522 1
59671 1
59888 1
60137 1
60178 1
60384 1
60627 1
60717 1
61084 1
61440 16
61980 1
63880 1
64007 1
64430 1
65462 1
65536 7
66137 1
66509 1
66560 1
66860 1
66902 1
67520 1
67584 1
68055 1
69063 1
69193 1
69632 8
69680 1
69790 2
69880 2
69918 1
69956 1
70184 1
70494 1
70610 1
70968 1
71680 1
72354 1
72834 1
73428 1
73728 8
73772 1
73825 1
74016 1
74052 2
74202 1
74619 1
74892 1
75241 1
75363 1
76197 1
76204 1
76768 1
77366 1
77437 1
77824 8
78504 1
78735 1
80439 1
80463 1
80556 1
80810 1
80853 1
81894 1
81920 9
81994 1
82668 2
82956 1
83712 1
84460 1
84578 1
85516 1
86016 4
86988 1
87080 1
87376 1
87576 1
88484 1
89880 1
90112 7
90435 1
90436 2
90956 1
91110 1
91239 1
91583 1
91738 1
92160 3
93098 1
93234 1
94208 8
94360 1
95045 1
95204 1
95648 1
97331 1
97409 1
97757 1
98248 1
98304 5
98537 1
98597 2
98900 1
99608 1
99904 1
100656 1
100758 1
101832 1
101963 1
102208 1
102400 1
102724 1
103255 1
103293 1
103387 1
103412 1
103956 1
106496 7
106643 1
108005 1
108544 2
110592 6
111344 1
113049 1
113646 1
114366 1
114368 1
114388 1
114688 8
116491 1
116964 1
117975 1
118784 10
120409 1
120568 1
121124 1
121401 1
122033 1
122124 1
122880 5
123087 1
123989 1
125201 1
126064 1
126264 1
126868 1
126976 2
130236 1
131072 8
132606 1
133120 1
135168 7
135422 1
136274 1
137216 2
138082 1
139264 6
140398 1
143360 11
143744 1
144027 1
144578 1
145264 1
145426 1
146466 1
146854 1
147456 7
147990 1
148304 1
148405 1
149391 1
151170 1
151236 1
151552 5
152590 1
152598 1
153317 1
153491 1
154156 1
154562 1
155648 4
157990 1
158923 1
159005 1
159720 1
159744 3
161394 1
162503 1
162593 1
163251 1
163840 3
165447 1
166633 1
167936 2
168738 1
168782 1
169640 1
170272 1
170898 1
170995 1
171961 1
172032 12
172044 1
172314 1
172356 1
172608 1
173020 1
173052 1
176128 5
177674 1
178176 1
179736 1
179795 1
180224 4
180718 1
180752 1
181697 1
183325 1
183328 1
183708 1
184320 2
185064 1
186336 2
186982 1
187842 1
188416 1
190368 1
190413 1
190801 1
190877 1
191572 1
192512 5
192702 1
193188 1
193415 1
194832 1
195132 1
196360 1
196508 1
196592 1
196608 1
196628 1
196859 1
197853 1
199680 1
200495 1
200704 5
202857 1
202900 1
203431 1
204800 1
206155 1
208004 1
208896 2
209298 1
209333 1
210944 1
211960 1
212676 1
212992 3
216083 1
217088 1
219176 1
221039 1
221084 1
221184 1
222404 1
222633 1
223004 1
223460 1
224074 1
225280 2
226685 1
227196 1
227328 2
229376 2
230188 1
232572 1
233472 3
236969 1
237019 1
237568 1
241289 1
241664 3
245609 1
245760 2
256000 3
258428 1
260096 1
260420 1
260684 1
262144 5
264326 1
265018 1
265420 1
266240 2
268288 1
270336 2
270788 1
270960 1
271374 1
272303 1
273237 1
274432 2
276108 1
277204 1
278528 1
279048 1
280267 1
281227 1
281342 1
281837 1
281965 1
282008 1
282624 1
282796 1
284702 1
284845 1
285580 2
286922 1
288768 1
291402 1
291726 1
292864 1
294720 1
294912 1
294962 1
295626 1
296223 1
297441 1
298636 1
298875 1
298921 1
299042 1
300248 1
300848 1
301133 1
302601 1
303105 1
306011 1
307922 1
308000 1
308329 1
309315 1
310306 1
311065 1
311110 1
311188 1
311296 1
313821 1
313857 1
314527 1
315415 1
316056 1
316954 1
317440 1
320600 1
320623 1
321538 1
323596 1
324448 1
325841 1
328740 1
329258 1
329699 1
330324 1
331480 1
331945 1
332186 1
335872 3
341666 1
344012 1
344064 1
344139 1
345417 1
347033 1
351674 1
352068 1
352325 1
352781 1
356352 3
357533 1
360123 1
360964 1
361001 1
361133 1
364544 2
368640 1
369788 1
376932 1
380928 1
383842 1
385024 2
387765 1
389120 1
392804 1
397312 1
405504 1
409600 1
413696 1
421440 1
436076 1
438272 1
443724 2
444416 2
450560 1
454656 1
458752 1
459945 1
462848 2
464896 1
466944 1
468992 1
470757 1
475380 1
475792 1
483328 1
483532 1
487424 1
491520 2
491903 1
507916 1
509170 1
515507 1
516096 1
535588 1
561064 1
573440 1
583680 1
585728 1
593920 1
594764 1
602112 1
606208 1
614400 1
634880 1
638976 1
642825 1
643100 1
648176 1
692224 3
696320 1
702464 2
707584 1
712704 1
757760 1
770438 1
794624 2
815104 1
817979 1
846039 1
846601 1
879588 1
925192 1
939976 1
954368 1
1017856 1
1059504 1
1069056 1
1077248 1
1093632 1
1114112 1
1145252 1
1185928 1
1280256 1
1331432 1
1343470 1
1405980 1
1474436 1
1501764 1
1536000 1
1647912 1
1675264 1
1683456 1
1708032 1
1716224 1
1760408 1
1861546 1
1863020 1
1936288 1
2011074 1
2023424 1
2027520 2
2056192 4
2138152 2
2166784 1
2201940 1
2314240 1
2420736 1
2437120 1
2449408 1
2465792 1
2560000 2
2617344 1
2680712 1
2796656 1
2871296 1
2936912 1
3039232 1
3518464 1
4251648 1
4276224 1
4337664 1
4358144 1
4378624 1
5222400 1
