0 57
1 2
3 1
4 1
7 2
8 4
9 2
10 30
13 30
23 3
24 413
25 21
28 2
30 2
31 1
33 1
34 1
35 1
37 1
39 1
41 2
42 2
43 2
44 1
45 1
47 5
49 2
52 13
54 2
57 1
58 1
59 3
61 1
62 2
63 5
64 1
65 1
66 7
68 4
69 4
70 9
72 2
73 10
74 1
75 3
76 21
77 2
78 7
79 5
80 3
81 1
82 41
83 32
84 6
85 6
86 9
89 4
91 5
92 1
93 7
94 4
95 4
96 4
98 5
99 1
100 2
101 3
102 11
103 13
104 4
105 1
106 6
107 6
110 2
111 7
112 4
113 3
114 1
115 13
116 4
117 6
119 4
120 1
121 89
122 1
123 34
124 6
125 1
126 24
127 4
128 3
129 31
131 4
132 32
133 12
134 8
135 25
136 4
137 9
138 12
139 2
140 9
141 22
142 5
143 8
144 2
145 2
146 7
147 10
148 2
149 2
150 2
151 10
152 3
153 3
154 13
155 2
157 3
158 5
159 16
160 2
161 1
162 1
164 2
165 1
166 3
168 1
169 3
170 5
171 37
173 1
174 8
175 8
176 10
177 19
178 6
179 32
180 4
181 1
182 10
183 3
184 3
185 8
186 1
187 2
188 5
190 4
191 2
192 2
193 6
194 9
196 13
197 2
198 14
199 2
201 7
202 1
203 11
204 4
206 1
207 5
208 13
209 10
210 3
211 6
212 4
213 3
214 4
215 5
216 2
217 2
218 5
219 2
221 2
222 4
225 8
226 1
227 1
228 7
229 6
231 2
232 7
233 2
234 4
235 5
236 1
237 2
238 3
239 7
240 6
241 2
242 2
243 3
244 1
245 5
246 2
247 2
248 1
249 2
250 3
251 1
252 6
254 5
255 4
256 2
259 8
262 21
263 2
264 3
266 4
267 16
268 1
269 4
270 2
271 8
272 6
273 1
274 16
275 6
276 7
277 4
278 5
279 5
280 1
281 13
282 1
283 1
284 4
286 2
287 3
288 9
289 1
290 6
291 8
292 10
293 1
294 8
295 4
296 3
297 1
298 1
300 4
301 1
302 2
303 33
304 2
305 2
307 1
308 3
309 3
311 7
312 3
314 15
315 4
316 1
317 27
318 3
320 5
321 10
322 1
323 3
324 1
325 2
326 3
327 4
328 1
329 1
330 1
331 2
332 1
335 2
336 12
338 3
339 2
340 1
343 2
344 1
345 16
346 2
348 7
349 1
350 1
351 1
353 3
354 19
355 1
357 4
358 1
359 7
360 1
361 1
362 3
363 7
365 2
366 3
367 2
368 3
369 2
370 3
371 3
372 5
374 3
375 1
376 4
377 2
378 1
379 3
380 2
383 2
385 1
386 1
387 1
389 1
390 1
391 1
392 2
394 1
395 3
396 2
397 2
398 1
400 1
402 2
404 6
405 1
406 4
407 1
410 1
412 3
413 1
414 2
415 2
416 2
417 4
421 1
422 4
423 3
424 7
425 26
426 3
427 2
428 1
431 2
432 2
433 10
434 3
437 1
438 1
440 3
441 2
443 2
444 2
445 3
447 3
448 1
449 2
450 3
451 3
452 5
453 1
454 5
455 5
456 4
457 4
458 2
459 8
460 1
461 1
462 5
463 26
464 3
465 2
466 10
467 1
468 9
470 2
471 4
472 7
473 9
474 6
475 3
476 1
477 10
479 2
480 6
481 3
482 1
483 3
484 4
485 5
486 1
491 2
493 1
494 3
495 2
496 4
497 1
498 1
499 1
500 1
501 1
503 3
504 2
505 1
506 1
508 2
509 4
510 1
511 2
512 2
513 4
514 2
515 3
517 4
518 4
519 2
520 6
521 1
522 1
524 3
525 2
526 4
527 2
528 5
529 3
530 4
531 1
533 12
534 1
535 2
536 1
537 3
538 2
539 6
541 2
543 2
544 6
545 1
546 2
547 1
548 23
549 1
550 36
551 5
552 5
553 3
554 1
555 7
556 4
557 13
558 2
559 7
561 1
563 16
564 1
568 2
569 3
570 22
571 4
572 1
573 4
575 1
576 4
577 7
578 25
579 7
581 7
583 2
588 3
589 1
590 2
591 2
592 4
593 1
594 1
595 1
596 1
597 3
598 3
599 3
600 4
601 9
602 3
603 3
604 1
605 2
607 1
608 4
609 2
610 4
611 3
612 3
613 6
614 2
615 3
616 7
617 4
618 4
620 1
621 5
623 11
624 1
625 11
626 1
627 1
628 13
629 4
630 4
636 6
639 1
642 5
644 1
646 1
647 1
648 3
649 6
650 2
652 4
655 2
657 2
658 3
659 1
664 2
665 16
666 5
667 3
668 1
670 2
671 1
672 1
673 2
675 1
677 1
681 3
683 1
685 1
686 4
689 1
693 1
694 3
696 4
698 1
700 2
701 2
702 2
703 3
704 3
705 6
706 2
707 2
708 2
709 4
710 2
711 6
712 1
714 2
715 43
716 1
717 2
719 6
720 3
723 1
725 1
726 1
727 3
728 1
730 1
731 2
732 2
733 3
734 15
735 1
736 5
737 1
738 5
740 6
746 3
747 3
750 4
751 3
752 30
753 2
754 8
755 3
756 2
758 5
759 7
760 1
761 1
762 2
764 7
765 1
766 1
768 1
769 3
773 1
774 6
776 1
777 1
778 5
779 1
781 1
784 3
786 2
788 6
790 8
791 5
793 2
794 5
796 1
797 1
798 2
801 1
806 3
808 3
810 1
813 1
814 1
815 2
816 1
817 1
820 1
825 2
827 1
831 1
832 2
833 5
834 1
836 1
838 1
840 2
842 1
843 1
844 6
845 3
846 2
848 3
849 1
850 1
851 4
852 3
856 2
857 1
858 2
861 1
862 7
865 1
868 2
869 2
871 1
872 1
873 4
874 4
876 1
877 1
878 1
879 1
881 2
882 1
883 2
885 4
886 5
887 5
888 1
890 2
891 1
893 3
894 1
897 1
900 1
902 1
903 2
905 1
911 1
916 2
917 1
921 1
922 1
924 5
925 1
928 1
929 2
930 1
933 2
935 1
936 1
938 1
939 1
942 3
946 1
948 2
951 3
954 1
955 1
956 3
958 1
960 2
961 1
963 1
968 1
971 1
976 2
977 1
978 4
979 1
981 3
982 1
984 1
985 1
988 1
989 2
990 4
993 2
994 3
995 1
997 1
998 1
999 3
1000 1
1002 1
1003 3
1005 1
1006 1
1007 2
1009 2
1012 1
1013 1
1014 1
1015 1
1016 2
1017 3
1018 1
1020 2
1024 816
1026 1
1029 4
1034 5
1038 1
1040 1
1041 1
1042 1
1044 1
1045 1
1047 3
1048 1
1049 1
1050 1
1051 4
1052 1
1053 7
1054 1
1056 3
1058 2
1059 1
1060 3
1061 1
1063 1
1064 1
1065 1
1066 1
1067 2
1070 2
1072 1
1076 3
1079 1
1081 4
1083 1
1084 1
1086 1
1089 2
1090 2
1093 1
1095 1
1096 3
1099 2
1101 2
1104 1
1105 1
1106 2
1107 1
1108 3
1109 1
1110 4
1112 4
1113 1
1115 1
1117 1
1118 5
1120 1
1121 2
1124 4
1126 1
1127 1
1129 1
1130 1
1132 3
1133 1
1135 2
1138 4
1139 1
1141 1
1146 3
1148 1
1149 2
1152 2
1153 3
1157 2
1158 1
1159 3
1160 3
1162 1
1163 1
1164 1
1167 4
1170 1
1171 3
1172 3
1173 1
1174 3
1176 2
1181 1
1182 2
1183 1
1184 2
1185 3
1187 2
1189 1
1190 2
1191 1
1193 3
1197 1
1199 1
1200 4
1201 2
1203 2
1206 3
1207 1
1208 1
1209 3
1210 3
1212 6
1213 17
1215 1
1219 1
1220 12
1221 1
1223 1
1225 1
1227 2
1228 1
1230 1
1233 2
1242 1
1243 2
1246 6
1248 3
1250 3
1257 1
1259 3
1261 1
1262 1
1266 3
1267 1
1269 1
1271 1
1276 1
1277 1
1279 1
1284 1
1286 2
1287 1
1288 1
1289 2
1290 2
1293 1
1295 3
1296 3
1297 2
1298 2
1299 3
1301 1
1303 1
1304 3
1305 4
1306 1
1308 2
1310 1
1311 1
1312 1
1313 2
1314 4
1315 1
1316 1
1318 1
1319 5
1320 2
1321 12
1322 4
1323 3
1324 15
1327 3
1328 5
1330 6
1331 1
1336 1
1338 1
1339 1
1346 1
1347 1
1348 2
1351 2
1358 1
1359 1
1362 4
1363 6
1364 1
1365 3
1366 1
1367 1
1368 2
1369 4
1370 13
1371 2
1372 1
1375 1
1377 2
1378 1
1379 1
1380 3
1381 1
1383 7
1386 1
1390 4
1391 1
1392 1
1394 1
1396 2
1397 3
1399 1
1408 1
1409 1
1414 2
1418 1
1419 2
1420 6
1421 12
1422 2
1423 5
1424 1
1426 2
1429 1
1432 1
1433 1
1434 1
1437 1
1444 1
1446 3
1447 1
1448 1
1449 1
1450 1
1451 1
1453 2
1454 2
1457 3
1458 1
1463 1
1464 1
1466 1
1468 1
1469 1
1471 1
1473 7
1474 1
1475 1
1478 1
1480 1
1483 2
1486 1
1487 1
1488 5
1489 2
1493 2
1495 1
1496 1
1499 1
1501 1
1503 1
1504 4
1505 1
1509 1
1510 3
1512 1
1513 1
1514 1
1516 1
1517 1
1518 1
1519 1
1521 1
1522 1
1524 1
1525 1
1526 1
1530 3
1531 1
1539 2
1542 4
1546 2
1547 3
1549 1
1550 1
1551 1
1553 3
1554 2
1559 4
1560 1
1562 1
1568 1
1569 1
1570 4
1573 1
1574 1
1576 2
1577 2
1578 12
1579 1
1580 4
1581 4
1583 3
1584 1
1585 1
1586 4
1587 2
1591 2
1595 1
1596 1
1597 1
1598 1
1599 1
1600 1
1601 1
1603 1
1607 3
1611 2
1614 1
1615 2
1616 1
1617 1
1618 2
1620 3
1621 1
1622 1
1623 2
1624 1
1625 1
1627 1
1628 1
1631 1
1634 5
1635 2
1636 7
1637 1
1638 1
1640 2
1644 1
1646 1
1648 1
1649 8
1651 1
1653 1
1656 4
1658 3
1660 1
1662 4
1665 2
1668 1
1670 1
1673 1
1676 4
1680 2
1681 3
1682 2
1684 1
1685 1
1686 3
1687 2
1689 2
1690 1
1692 1
1693 1
1695 5
1698 1
1701 1
1713 1
1715 1
1718 2
1721 1
1726 2
1729 3
1730 1
1734 1
1737 1
1738 4
1741 3
1742 3
1743 1
1745 1
1748 1
1749 4
1750 1
1751 1
1752 3
1753 1
1754 3
1755 1
1756 1
1757 1
1758 1
1759 2
1763 2
1764 2
1765 1
1768 2
1770 1
1774 1
1777 1
1779 2
1780 6
1781 4
1782 4
1783 1
1784 1
1786 4
1788 1
1792 1
1793 1
1795 1
1797 5
1798 1
1802 2
1806 1
1810 1
1814 5
1819 1
1820 4
1823 1
1831 1
1834 1
1839 3
1840 2
1842 1
1846 1
1851 5
1854 1
1859 1
1861 2
1862 1
1872 1
1874 3
1876 4
1880 2
1883 1
1886 2
1887 1
1902 1
1903 1
1904 1
1910 1
1911 1
1916 1
1919 1
1925 2
1926 6
1936 2
1939 1
1940 1
1942 1
1949 2
1956 1
1958 3
1960 1
1961 1
1988 1
1992 1
1993 4
1997 1
1999 1
2001 2
2006 3
2007 1
2024 1
2025 1
2027 1
2030 1
2031 2
2032 1
2033 2
2034 1
2037 1
2039 1
2044 1
2048 36
2055 3
2056 2
2057 1
2061 1
2064 1
2065 1
2067 2
2068 1
2071 1
2073 1
2074 1
2075 3
2076 1
2080 3
2084 1
2085 1
2089 1
2091 2
2103 1
2120 2
2122 2
2127 1
2134 1
2136 1
2142 5
2145 1
2148 2
2150 1
2157 1
2165 1
2168 2
2173 1
2175 2
2180 2
2189 1
2191 1
2192 1
2196 1
2199 1
2201 1
2204 1
2216 3
2228 2
2231 1
2234 1
2241 2
2265 3
2266 1
2267 1
2269 1
2273 1
2274 1
2284 3
2293 1
2299 1
2300 1
2310 1
2311 1
2320 1
2323 1
2325 2
2331 2
2334 1
2339 3
2340 1
2342 1
2347 1
2352 1
2358 1
2366 1
2382 1
2384 2
2387 1
2395 1
2396 5
2400 1
2408 1
2418 1
2420 1
2430 2
2434 1
2435 1
2438 1
2441 1
2449 1
2460 1
2464 1
2470 1
2472 5
2475 1
2482 1
2483 1
2488 3
2489 5
2495 4
2517 1
2520 1
2522 1
2534 2
2558 1
2564 1
2569 4
2573 3
2578 1
2582 3
2585 1
2592 2
2593 3
2596 1
2599 1
2618 1
2628 1
2630 1
2637 1
2644 1
2657 2
2659 1
2676 3
2684 3
2686 1
2690 1
2705 1
2717 1
2721 1
2725 1
2727 1
2728 1
2729 1
2740 1
2750 1
2752 1
2755 1
2756 2
2759 1
2768 1
2782 1
2786 1
2789 1
2794 1
2797 1
2802 2
2803 2
2808 1
2810 4
2814 1
2815 1
2820 1
2824 1
2826 1
2830 1
2840 1
2847 3
2848 1
2866 1
2877 1
2899 1
2920 1
2924 1
2929 2
2930 1
2949 2
2951 2
2960 1
2972 1
2983 3
2984 3
2985 3
2987 9
2988 5
2990 1
2995 3
2998 1
2999 1
3004 1
3007 1
3011 1
3018 1
3019 1
3025 1
3070 6
3071 1
3072 6
3080 1
3089 2
3096 2
3101 1
3106 1
3134 1
3138 1
3145 1
3156 2
3171 1
3174 1
3184 1
3188 1
3212 2
3215 1
3242 1
3244 1
3255 1
3266 1
3270 1
3271 1
3273 1
3276 3
3290 1
3303 1
3333 3
3335 1
3353 1
3371 1
3372 1
3390 1
3392 1
3396 1
3398 1
3402 1
3418 4
3427 1
3442 3
3454 1
3456 2
3457 1
3478 2
3480 1
3488 2
3507 1
3533 1
3541 8
3556 1
3612 1
3623 1
3659 1
3668 3
3695 1
3704 1
3726 1
3736 2
3737 3
3739 2
3740 1
3753 1
3755 1
3767 1
3816 2
3825 1
3833 1
3835 1
3847 1
3863 1
3864 2
3865 1
3880 1
3889 1
3899 1
3909 5
3913 1
3928 2
3932 4
3948 3
3959 1
3974 1
3989 1
3996 1
4000 1
4010 5
4016 1
4017 1
4042 1
4043 3
4046 2
4055 1
4094 1
4096 3
4112 1
4121 3
4123 1
4128 1
4130 4
4144 1
4167 1
4188 2
4199 1
4220 1
4236 2
4239 2
4268 1
4274 1
4275 3
4285 1
4303 1
4310 1
4317 1
4324 1
4328 1
4330 1
4335 1
4357 2
4374 1
4380 1
4389 1
4391 1
4398 2
4404 2
4406 1
4425 1
4428 1
4436 2
4460 1
4468 1
4469 1
4482 1
4521 1
4544 1
4547 1
4567 1
4572 1
4574 1
4577 1
4580 1
4583 1
4589 1
4593 1
4629 1
4636 1
4700 1
4709 1
4712 1
4725 1
4732 1
4734 1
4746 2
4749 1
4750 1
4752 1
4753 1
4762 1
4768 1
4777 1
4807 1
4825 1
4839 4
4844 1
4885 1
4900 1
4955 1
4984 1
4998 1
5003 1
5011 1
5029 1
5051 1
5068 1
5078 1
5103 1
5110 1
5120 5
5151 1
5228 1
5247 1
5313 1
5315 1
5345 1
5348 1
5354 1
5375 1
5384 1
5400 1
5435 1
5471 2
5474 2
5475 3
5491 23
5524 1
5534 1
5555 1
5579 1
5584 1
5602 1
5603 1
5605 1
5656 1
5669 1
5672 1
5690 1
5788 4
5790 1
5792 1
5799 1
5801 1
5832 2
5840 1
5867 1
5877 1
5893 1
5901 1
5903 1
5904 1
5909 1
5933 1
5966 1
6001 1
6010 1
6029 1
6041 1
6064 1
6066 1
6073 1
6087 1
6096 1
6097 1
6098 1
6118 2
6122 2
6123 1
6127 1
6144 1
6147 1
6153 1
6158 1
6177 1
6184 1
6206 1
6209 1
6214 1
6240 1
6254 1
6258 1
6275 1
6311 1
6322 1
6323 1
6327 1
6383 1
6450 1
6456 1
6466 2
6476 1
6521 1
6550 1
6583 1
6596 2
6608 3
6609 2
6612 1
6756 1
6765 3
6769 1
6771 1
6772 1
6798 1
6810 1
6886 1
6897 1
6902 1
6906 1
6912 1
6938 1
6969 1
6984 1
7018 3
7025 1
7057 2
7088 2
7090 1
7091 1
7135 1
7142 2
7146 1
7203 1
7212 1
7213 1
7216 1
7287 1
7312 1
7317 1
7321 1
7340 1
7361 1
7379 1
7387 1
7389 1
7426 1
7441 1
7446 1
7470 1
7483 1
7502 1
7514 1
7520 1
7587 1
7600 2
7608 1
7624 1
7625 1
7632 1
7641 1
7650 2
7658 2
7663 1
7700 1
7730 1
7732 1
7736 1
7738 4
7746 2
7758 1
7787 1
7838 1
7878 1
7888 1
7906 1
7914 2
7940 1
7948 1
7996 1
8004 2
8028 1
8096 1
8101 1
8110 8
8166 1
8179 1
8192 2
8269 1
8311 1
8333 1
8344 1
8351 1
8406 1
8501 1
8519 1
8531 1
8577 2
8587 1
8594 2
8604 1
8617 1
8626 1
8640 1
8655 1
8693 1
8711 1
8717 1
8740 1
8746 1
8749 1
8807 1
8811 1
8818 1
8820 1
8827 1
8829 1
8839 1
8927 1
8947 1
8954 1
8990 1
9014 1
9029 2
9071 3
9087 1
9094 1
9121 1
9131 1
9137 1
9139 1
9140 1
9154 1
9229 1
9244 1
9261 1
9269 1
9274 1
9281 1
9304 1
9306 1
9307 1
9344 1
9354 1
9368 1
9379 1
9388 1
9430 1
9442 1
9471 1
9488 1
9494 1
9503 5
9514 1
9550 1
9582 1
9604 1
9654 1
9672 1
9676 2
9694 1
9794 1
9797 1
9810 1
9834 2
9880 3
9894 1
9923 1
9968 1
9993 1
10000 1
10012 2
10028 1
10042 1
10119 1
10167 2
10169 1
10192 1
10212 2
10219 2
10221 1
10240 1
10310 1
10381 1
10386 1
10414 1
10426 1
10450 1
10464 1
10466 4
10518 1
10525 1
10600 1
10689 1
10691 1
10702 3
10713 1
10716 1
10734 1
10736 2
10749 1
10789 1
10815 1
10874 2
10970 1
10975 1
10994 1
11033 2
11067 1
11069 1
11211 1
11214 3
11225 1
11237 1
11248 1
11252 1
11277 1
11300 1
11311 1
11324 1
11336 2
11342 1
11435 1
11456 1
11566 1
11591 1
11602 1
11613 1
11625 1
11628 1
11629 1
11634 2
11643 3
11675 1
11681 1
11695 1
11698 1
11706 1
11722 1
11724 1
11863 1
11875 1
11890 1
11902 1
11904 1
11921 1
11965 3
11967 2
11984 1
11990 1
12159 1
12282 1
12324 1
12363 1
12369 1
12461 1
12480 1
12507 1
12540 1
12578 1
12686 1
12706 2
12707 1
12709 1
12711 1
12770 2
12835 1
12885 1
12899 2
12900 2
12936 1
12943 1
13021 1
13033 2
13038 1
13160 1
13207 1
13312 2
13366 2
13396 1
13416 1
13449 1
13468 2
13480 2
13486 1
13490 1
13517 1
13614 1
13644 2
13690 3
13723 1
13780 1
13802 1
13825 1
13858 1
13862 1
13944 1
13980 1
13992 1
14000 1
14001 1
14038 4
14040 1
14051 1
14065 1
14091 1
14092 3
14094 1
14095 1
14209 2
14210 5
14211 2
14217 1
14225 2
14230 7
14287 1
14336 2
14360 1
14370 3
14372 1
14585 1
14657 1
14708 1
14725 2
14726 1
14733 1
14993 2
15251 1
15471 1
15560 1
15592 1
15624 1
15740 2
15867 1
15874 1
15888 1
15894 1
15910 1
15918 2
16384 1
16432 1
16468 1
16544 5
16644 1
16859 1
17196 1
17242 2
17273 1
17408 2
17607 1
17609 1
17611 1
17627 1
17673 1
17681 1
17811 1
18054 1
18106 1
18129 1
18182 1
18346 2
18360 1
18378 2
18432 2
18567 1
18609 1
18624 1
18782 1
19028 1
19066 1
19118 3
19237 1
19542 1
19640 1
19678 1
19759 1
19786 1
19948 2
19966 2
20066 1
20101 3
20222 1
20372 1
20374 2
20618 2
20747 1
20802 1
21132 1
21157 2
21264 1
21317 1
21342 4
21399 2
21420 2
21508 2
21516 1
21565 2
21754 1
22261 1
22357 1
22419 1
22603 1
22610 2
22656 1
22683 1
22800 1
22842 1
22890 1
23018 1
23185 1
23504 1
23505 1
23593 1
23692 1
23772 1
23936 1
24152 1
24224 1
24496 1
24527 1
24576 1
24587 1
25102 1
25200 2
25212 2
25234 1
25368 1
25425 1
25600 1
25778 2
25846 1
25927 1
25969 1
26042 1
27175 1
27198 1
27570 2
27747 1
28411 3
28713 1
28947 1
29072 2
29287 1
29352 1
29600 1
29812 1
30091 1
30324 2
30814 1
31133 1
31712 1
31714 1
31979 2
32482 1
32768 10
33502 1
33520 2
33884 1
34642 2
34710 1
34816 1
35219 1
35552 5
35840 1
36300 2
36631 1
36636 2
36664 3
36991 1
37050 2
37157 1
37323 2
37888 1
38550 1
39743 6
39936 1
40618 1
40619 1
40888 2
40932 2
40960 1
41415 2
41878 1
42203 1
42472 2
42609 1
43372 1
43668 2
44644 3
45276 2
45627 1
45658 1
45818 2
46109 1
46548 1
47104 1
47154 1
47190 2
48390 1
48556 1
48698 2
48718 1
48720 2
49735 1
50129 1
51200 1
53248 3
54096 1
54175 2
54284 1
54566 6
54586 1
55277 1
57504 2
59129 6
59819 1
62808 1
63342 1
63879 1
64844 1
65513 1
65536 1
65606 2
66862 1
67865 2
67872 2
68292 3
68320 1
68693 1
68816 2
70120 2
71508 1
72704 3
72957 1
73522 1
73528 3
73680 2
74752 1
75888 1
76272 3
77367 1
77824 3
82102 1
83175 1
84189 2
84778 1
86016 2
87040 1
87580 1
88064 2
91136 1
91482 1
92160 3
93184 2
94208 2
94876 2
97052 3
97564 1
97573 1
98009 6
98144 1
98153 1
98475 3
102796 1
103478 6
103488 1
103815 2
107164 1
108544 2
109759 1
109999 1
111034 1
112746 2
116682 1
117779 3
127624 2
128020 1
129426 1
132650 1
134044 2
138168 3
140742 2
140746 1
148750 2
164736 1
166912 2
167936 7
168096 3
169152 2
180560 3
189264 2
189944 1
191779 2
191794 1
192015 1
204288 2
208262 2
212573 2
228320 1
232783 2
232788 2
235115 2
235116 2
241462 1
242402 1
244790 2
245471 2
247981 6
249660 1
249995 2
252106 6
254677 1
255992 1
291554 1
332711 1
449811 1
479724 1
481411 1
550437 1
577605 3
589217 2
631529 1
636222 1
674832 2
717708 1
854510 2
902963 2
942828 1
1710080 1
1793024 2
12381184 1
