0 4
2 1
10 13
13 19
24 61
25 11
27 2
29 6
30 31
31 3
32 4
46 1
52 1
53 2
56 1
57 2
59 2
62 4
63 1
64 4
70 3
75 1
79 1
81 1
88 1
89 1
91 1
92 3
93 5
95 1
96 1
110 1
111 2
113 2
114 1
115 1
116 1
117 2
120 3
121 28
125 1
126 1
141 1
143 1
147 1
151 1
152 2
154 1
155 1
158 1
159 1
160 1
161 1
162 2
163 1
164 2
165 3
167 1
170 1
171 3
173 1
176 1
177 1
191 3
192 2
194 7
195 2
196 6
197 2
198 4
199 2
200 2
207 1
208 1
209 3
210 1
211 2
212 2
216 1
218 2
223 2
224 1
225 3
226 1
229 6
238 1
242 1
244 1
252 4
257 1
267 1
270 3
275 1
278 1
290 1
296 2
303 12
311 3
313 1
315 1
317 11
319 1
326 1
327 1
336 1
346 1
347 1
351 1
355 3
368 2
369 1
401 1
404 1
414 1
415 2
416 2
419 1
425 11
430 1
455 2
466 3
468 1
470 1
473 5
488 2
491 1
501 1
505 1
506 1
511 1
520 1
523 1
524 1
526 1
530 1
534 2
537 2
539 1
544 1
545 1
548 9
550 1
557 6
559 4
570 12
578 11
588 2
605 2
616 1
624 1
638 1
647 1
654 1
655 1
661 2
666 1
695 1
703 1
715 24
770 1
831 1
849 1
864 1
879 1
912 1
948 1
1024 174
1053 4
1178 1
1183 1
1202 1
1217 1
1241 1
1252 1
1367 2
1392 1
1446 1
1486 1
1490 1
1492 2
1506 1
1561 1
1574 1
1580 1
1662 1
1719 2
1723 2
1727 4
1744 1
1776 1
1861 1
1924 1
1950 1
1975 2
2048 7
2062 1
2182 1
2186 1
2190 2
2202 1
2256 1
2264 1
2315 2
2317 1
2337 1
2338 1
2339 1
2465 1
2968 1
2969 1
2983 1
2984 3
2986 1
2987 3
2988 3
2994 1
2995 1
2996 2
3052 1
3064 1
3072 1
3091 1
3187 1
3203 1
3265 1
3278 1
3330 1
3442 1
3451 1
3474 1
3613 1
3632 1
3649 1
3650 1
3748 2
3758 1
3793 1
3863 1
3905 1
4108 1
4238 2
4283 1
4419 1
4430 1
4445 1
4526 1
4670 1
4702 1
4726 1
4742 1
4804 1
4888 1
4897 1
4949 1
5009 1
5024 1
5051 1
5060 1
5071 1
5081 1
5120 1
5132 1
5135 1
5470 1
5472 1
5474 2
5482 2
5491 12
5585 1
5639 1
6159 1
6170 2
6172 1
6563 1
6715 2
7097 1
7276 1
7855 2
8192 1
8237 1
8332 1
8476 1
8507 1
8602 1
8705 1
8843 1
8879 2
9156 1
9835 2
10055 1
10126 2
10687 1
12066 1
12841 1
13254 1
13809 1
13907 1
14720 1
15112 1
15308 1
15604 1
15842 1
15900 1
16119 1
16224 2
16553 1
16682 1
16915 1
17296 1
17818 1
17890 1
18269 1
18511 1
19309 1
19755 1
20691 1
21278 2
21414 2
22121 1
23168 1
25649 1
25748 1
26073 1
26838 1
26945 1
28623 1
29874 2
32478 1
32768 1
33950 1
34130 1
35478 1
36742 1
38351 1
40055 1
44051 1
48553 2
57987 1
60751 1
65689 1
69419 1
70969 1
72799 2
75307 1
77229 1
78175 2
86545 1
86637 1
86665 1
86681 1
86689 1
86723 1
86727 1
86737 1
86739 1
86753 1
86759 1
86771 1
86815 1
86819 1
86835 1
90565 1
90657 1
90703 1
90709 1
90739 1
90775 1
90777 1
90821 1
90851 1
90945 1
90983 1
90991 2
91065 1
91089 1
93529 1
97665 1
97711 1
97739 1
97831 1
98009 1
98017 1
98019 1
98055 1
98057 1
98083 2
98093 1
98107 1
98115 1
98169 1
101987 1
102009 1
102051 1
102201 1
102293 1
102299 1
102309 1
102315 1
102325 1
102367 1
102373 1
102379 1
102387 1
102413 1
102451 1
106373 2
112965 2
114413 1
164303 1
169648 1
176873 1
199753 2
202896 1
209413 2
221693 1
228320 1
247775 2
272715 2
286039 1
335872 1
830955 1
1008627 1
1827787 1
2793472 1
3036672 1
3073641 1
7324127 1
