0 227
1 10
2 10
3 7
4 2
5 3
6 13
7 3
8 90
9 11
10 35
11 7
12 23
13 30
14 7
15 8
16 11
17 4
18 12
19 7
20 9
21 10
22 31
23 9
24 110
25 21
26 12
27 11
28 22
29 7
30 18
31 11
32 14
33 27
34 15
35 36
36 8
37 3
38 11
39 7
40 6
41 6
42 12
43 7
44 1
45 10
46 2
47 4
48 12
49 4
50 9
51 1
52 8
53 1
54 17
55 5
56 1
57 6
58 2
59 3
60 5
61 3
62 13
63 7
64 3
65 2
66 7
67 4
68 9
69 3
70 16
71 5
72 7
73 5
74 70
75 2
76 37
77 26
78 7
79 11
80 15
81 6
82 2
83 4
84 41
85 6
86 28
87 31
88 36
89 10
90 3
91 12
92 3
93 23
94 6
95 3
96 8
97 7
98 17
99 6
100 5
101 3
102 12
103 1
104 8
105 11
106 7
107 26
108 1
109 2
110 6
111 6
112 20
113 2
114 5
115 3
116 8
117 5
118 8
119 1
120 7
121 19
122 5
123 1
125 5
126 12
127 2
128 4
129 4
130 4
131 4
132 2
133 3
134 2
135 4
136 2
137 2
138 4
139 36
140 10
141 4
142 4
143 3
144 1
145 5
146 7
147 9
148 2
149 11
150 4
151 6
152 4
153 3
154 2
155 1
156 6
157 7
158 3
159 59
160 5
161 4
162 1
163 5
164 2
165 13
166 2
167 4
168 8
169 2
170 6
171 40
172 6
173 6
174 9
175 6
176 7
177 4
178 3
179 3
180 5
181 8
182 28
183 7
184 5
185 4
186 4
187 8
188 5
189 15
190 5
191 6
192 2
193 2
194 4
195 9
196 2
197 11
198 6
199 9
200 3
201 3
202 6
203 5
204 9
205 3
206 3
207 5
208 13
209 9
210 5
211 1
212 1
213 10
214 2
215 2
216 11
217 4
218 6
219 2
220 6
221 2
222 3
223 1
224 3
225 3
227 9
228 3
229 12
230 6
231 5
232 2
233 2
234 1
235 12
236 5
237 2
238 9
239 7
240 4
241 3
242 3
243 2
244 7
245 5
246 11
247 8
248 2
249 1
250 11
252 8
253 4
254 2
255 5
256 2
257 2
258 8
259 4
260 7
261 2
262 4
263 5
264 9
265 8
266 4
267 3
268 4
269 5
270 3
271 1
272 5
273 2
274 16
275 3
276 3
277 4
279 1
280 2
281 1
282 6
283 7
284 2
285 4
286 7
288 6
289 4
290 5
291 2
292 1
293 5
294 7
295 4
296 1
297 4
298 3
299 4
300 3
301 3
302 5
303 12
304 10
305 5
306 5
307 4
308 3
309 1
310 4
311 4
312 2
313 6
314 8
315 10
316 8
317 10
318 1
319 6
320 7
321 10
322 7
323 9
324 3
325 2
326 3
327 3
328 7
329 3
330 2
331 5
332 10
333 1
334 10
335 3
336 5
337 3
338 7
339 7
340 3
341 48
342 7
343 2
344 4
345 7
346 1
347 2
348 9
349 2
350 6
351 11
352 8
353 4
354 7
355 5
356 5
357 3
358 7
359 7
360 6
361 34
362 15
363 3
364 2
365 4
366 3
367 2
368 3
369 15
370 4
371 11
372 8
373 10
374 4
375 6
376 3
377 5
378 3
379 7
380 3
381 2
382 7
383 3
384 7
385 6
386 1
387 14
388 8
389 11
390 4
391 6
392 2
393 11
394 5
395 2
396 3
397 1
398 3
399 3
400 3
401 7
402 6
403 6
404 5
405 9
406 5
407 1
408 7
409 3
410 4
411 4
412 1
413 8
414 3
415 8
416 6
417 2
419 4
420 4
421 4
422 4
423 5
424 4
425 13
426 6
427 4
428 6
429 15
430 11
431 5
432 9
433 16
434 13
435 29
436 15
437 6
438 2
439 9
440 2
441 7
442 4
443 2
444 5
445 3
446 4
447 2
448 4
449 4
450 2
451 5
452 5
453 1
454 7
455 4
456 6
457 1
458 4
460 4
461 3
462 2
463 2
464 2
465 3
466 7
467 1
468 4
469 14
470 3
471 3
472 2
473 14
474 7
475 4
476 2
477 3
478 2
479 10
480 8
481 11
482 2
483 3
484 8
485 3
486 3
487 2
488 2
489 6
490 5
491 4
492 3
493 6
494 4
495 4
496 15
497 5
498 1
499 6
500 2
501 8
502 6
503 1
504 3
505 2
506 3
508 7
509 8
510 2
511 3
512 2
513 1
515 4
516 1
517 1
518 4
519 1
520 6
521 2
522 5
523 3
524 5
525 6
527 1
528 6
529 3
531 1
532 6
533 6
534 3
535 2
536 8
537 4
538 3
539 7
540 2
541 10
542 2
543 3
544 3
545 4
546 2
547 7
548 5
549 8
550 9
551 4
552 4
553 4
554 4
555 7
556 5
557 12
558 7
559 7
560 3
561 3
562 4
563 2
564 3
565 5
566 11
567 1
568 4
570 8
571 1
572 1
573 2
574 2
575 4
576 2
577 3
578 12
579 2
580 6
581 1
582 1
583 6
584 5
585 6
586 6
588 7
589 6
590 1
592 5
593 3
594 3
595 1
596 5
597 3
598 6
600 7
601 5
602 11
603 2
605 2
606 4
608 3
609 6
610 5
611 11
612 2
613 2
614 2
615 6
616 1
617 2
619 1
620 4
622 5
623 5
624 3
625 6
626 4
627 5
628 2
629 2
631 1
632 4
635 3
636 6
637 2
638 2
639 1
640 2
641 4
642 2
643 1
644 2
645 3
646 1
647 2
648 3
649 2
650 3
651 4
652 2
653 6
654 5
655 5
656 2
657 2
659 1
660 1
661 2
662 1
663 2
664 7
665 3
667 1
668 2
670 1
671 8
672 1
673 1
674 2
675 2
676 2
677 3
678 3
679 2
680 2
681 10
682 3
683 8
684 5
685 1
686 1
687 3
688 4
690 1
691 10
692 4
693 2
694 1
695 1
696 3
697 3
699 2
700 4
701 5
702 4
703 2
704 2
705 3
706 2
707 4
708 1
709 1
710 2
711 1
712 4
713 3
714 3
715 74
716 1
717 4
718 4
719 2
720 5
721 3
722 4
723 3
724 2
725 1
726 1
727 3
728 6
729 1
732 3
733 3
734 2
735 3
736 1
737 4
738 1
740 5
741 1
742 1
743 2
744 7
745 1
746 2
747 15
748 4
749 2
750 6
751 3
752 3
753 2
754 1
755 1
756 3
758 2
759 2
760 4
761 3
762 2
763 1
764 2
766 2
767 1
768 4
769 4
770 4
771 1
773 3
774 3
775 1
776 3
777 6
778 2
779 3
780 1
781 11
782 5
783 5
784 11
785 13
786 16
787 22
788 21
789 23
790 17
791 12
792 6
793 3
794 6
795 2
796 4
797 3
798 1
799 2
800 1
801 3
802 4
803 3
804 1
805 2
806 1
807 4
808 1
809 3
810 3
811 3
812 2
813 2
814 3
815 5
816 2
817 1
818 4
819 1
820 3
821 4
822 4
823 5
824 3
827 4
828 4
829 4
830 2
831 4
832 8
833 6
835 5
836 2
837 8
838 1
839 2
840 1
842 5
843 4
845 3
847 1
848 3
849 2
851 1
852 1
853 4
854 1
855 6
856 2
857 9
859 2
860 1
861 6
862 2
863 3
864 2
865 2
866 6
867 1
868 1
869 1
870 3
872 2
874 2
875 2
877 2
878 3
879 2
880 1
881 4
882 1
883 1
884 4
885 2
886 2
887 1
888 1
889 2
890 1
891 2
892 2
893 3
894 5
895 8
896 3
897 1
898 3
899 5
900 7
901 3
902 5
903 1
905 2
906 2
908 4
910 4
911 1
912 2
913 2
914 6
915 2
916 4
917 2
918 3
919 8
920 3
921 4
922 3
923 4
924 2
925 1
926 1
927 2
928 11
929 1
931 5
932 9
933 1
934 1
935 2
936 3
937 3
938 2
939 1
940 2
942 1
943 1
944 2
945 2
947 1
948 4
949 2
950 2
951 3
952 4
953 2
954 2
955 6
956 1
957 1
958 2
959 2
960 2
961 1
962 5
963 3
964 5
965 2
966 1
968 6
969 1
970 3
971 4
972 2
973 3
974 2
975 2
977 1
978 1
980 4
981 4
983 2
984 2
985 5
986 2
987 2
988 3
989 4
990 3
991 3
992 6
993 4
995 6
996 5
997 3
999 5
1000 1
1001 7
1003 2
1004 6
1005 4
1006 1
1007 2
1008 1
1009 2
1010 5
1011 1
1012 5
1013 10
1014 1
1015 1
1016 1
1017 2
1018 1
1019 1
1020 3
1021 3
1022 2
1023 3
1024 1279
1025 1
1026 4
1027 1
1028 5
1029 1
1030 1
1031 4
1032 1
1033 3
1034 2
1035 1
1036 4
1037 2
1038 2
1040 5
1041 3
1042 2
1043 3
1044 1
1046 6
1047 2
1048 4
1049 1
1050 2
1051 2
1052 4
1053 5
1054 1
1055 5
1056 3
1057 1
1058 7
1059 2
1060 1
1061 3
1062 6
1063 2
1064 4
1065 3
1066 1
1067 2
1068 2
1069 5
1070 1
1071 4
1072 3
1073 3
1074 1
1075 2
1076 5
1077 3
1079 3
1080 2
1081 3
1083 1
1084 2
1085 1
1086 4
1087 4
1089 2
1090 3
1091 4
1092 6
1093 2
1094 2
1095 3
1096 1
1097 3
1098 3
1099 5
1100 1
1102 3
1103 2
1104 4
1105 3
1106 4
1107 3
1108 6
1109 1
1110 2
1111 7
1112 2
1113 2
1114 5
1115 3
1116 2
1117 6
1118 5
1119 2
1120 3
1121 3
1122 5
1123 3
1124 3
1125 4
1127 2
1128 3
1129 2
1130 2
1131 2
1132 1
1133 1
1134 6
1135 2
1136 1
1137 1
1138 3
1141 4
1143 6
1144 4
1145 1
1146 2
1147 3
1148 1
1149 1
1150 2
1151 4
1152 1
1153 2
1154 4
1155 1
1156 1
1157 5
1158 2
1159 3
1160 1
1162 2
1164 2
1165 3
1166 6
1167 1
1168 2
1169 1
1170 2
1171 8
1172 3
1173 1
1174 8
1175 2
1176 3
1177 1
1181 4
1182 4
1184 1
1186 1
1187 3
1188 20
1189 2
1190 3
1191 3
1192 2
1193 3
1194 1
1196 1
1198 3
1199 1
1200 1
1202 2
1205 3
1206 2
1207 2
1210 5
1211 1
1212 5
1213 2
1214 3
1215 2
1216 3
1217 1
1218 3
1219 2
1220 8
1221 2
1222 1
1223 5
1224 3
1225 1
1226 5
1227 3
1229 2
1230 1
1231 1
1232 1
1236 1
1237 2
1239 1
1240 5
1241 2
1242 3
1243 4
1244 2
1245 4
1246 4
1247 3
1248 1
1250 3
1251 1
1252 4
1253 1
1255 3
1256 1
1259 1
1260 3
1261 1
1262 3
1263 1
1264 2
1265 1
1266 2
1268 1
1269 2
1271 4
1273 1
1274 2
1275 1
1276 9
1277 2
1278 2
1279 1
1280 2
1281 3
1282 3
1283 3
1284 2
1285 4
1286 2
1287 1
1288 1
1289 1
1290 4
1291 1
1292 4
1293 7
1294 5
1295 3
1296 2
1298 5
1299 5
1300 1
1301 1
1302 2
1304 2
1305 3
1306 5
1307 2
1308 3
1309 3
1310 2
1312 1
1313 3
1314 1
1315 2
1316 4
1318 1
1319 4
1320 1
1321 2
1323 3
1324 1
1325 5
1326 5
1328 4
1330 3
1331 3
1332 4
1333 1
1334 2
1335 4
1336 1
1337 2
1338 2
1340 4
1341 2
1342 6
1343 8
1344 2
1345 4
1347 3
1349 5
1352 1
1353 3
1354 8
1355 1
1356 2
1357 4
1358 1
1359 1
1361 5
1362 3
1363 2
1364 5
1365 1
1366 3
1367 3
1368 5
1369 4
1370 4
1371 5
1372 2
1373 1
1374 2
1375 2
1376 4
1377 3
1379 2
1380 7
1381 4
1382 1
1383 2
1384 3
1386 3
1387 3
1388 3
1389 3
1390 1
1391 5
1392 3
1393 1
1395 3
1397 3
1398 1
1399 2
1400 2
1401 1
1402 3
1403 2
1404 2
1405 3
1406 2
1407 1
1408 2
1409 1
1410 2
1412 6
1413 4
1414 1
1415 1
1416 3
1417 1
1418 2
1419 2
1420 6
1421 4
1422 1
1424 3
1425 2
1427 2
1428 2
1429 3
1430 1
1432 3
1434 1
1435 5
1436 2
1437 1
1438 2
1439 3
1440 1
1441 4
1442 2
1443 5
1444 1
1445 1
1446 5
1447 2
1448 4
1449 2
1450 3
1451 2
1452 1
1453 2
1454 2
1456 2
1457 2
1458 4
1461 1
1462 1
1463 4
1464 1
1465 4
1466 2
1467 1
1468 6
1470 1
1471 2
1472 1
1474 3
1475 1
1476 2
1477 4
1478 3
1480 1
1481 1
1482 2
1483 1
1484 3
1485 1
1486 1
1487 2
1488 3
1489 1
1490 4
1491 4
1492 1
1494 1
1496 1
1497 2
1498 3
1499 2
1501 2
1504 4
1505 1
1506 2
1507 2
1508 1
1509 3
1510 3
1511 4
1512 3
1513 2
1514 2
1515 2
1516 2
1517 4
1518 1
1519 1
1520 4
1521 4
1523 3
1525 3
1526 1
1527 2
1529 1
1531 3
1532 1
1533 3
1534 4
1535 1
1536 19
1537 4
1538 2
1539 1
1540 1
1541 6
1542 3
1543 3
1544 1
1545 3
1546 1
1547 1
1548 3
1551 1
1552 3
1553 3
1554 1
1555 4
1556 10
1558 2
1559 1
1560 5
1561 2
1563 2
1564 3
1565 4
1566 6
1567 1
1568 1
1569 2
1570 4
1571 2
1573 1
1575 4
1576 1
1577 1
1578 2
1580 1
1581 9
1583 1
1584 5
1585 8
1586 3
1587 1
1588 1
1589 1
1591 1
1592 2
1594 1
1596 2
1597 1
1599 1
1600 2
1601 2
1602 1
1603 1
1604 4
1605 3
1606 3
1607 1
1609 2
1610 1
1611 2
1612 1
1614 1
1615 1
1616 3
1617 1
1618 2
1619 3
1621 1
1622 4
1623 1
1624 1
1626 1
1627 1
1629 2
1630 1
1631 4
1633 5
1634 4
1635 3
1636 3
1637 2
1638 1
1639 4
1640 1
1641 2
1642 1
1643 2
1644 1
1646 1
1649 1
1650 1
1652 1
1653 1
1654 2
1655 1
1656 3
1657 1
1658 2
1659 4
1660 4
1661 2
1662 1
1663 2
1665 5
1666 2
1667 3
1668 4
1671 1
1672 1
1673 5
1674 4
1675 3
1676 1
1677 2
1679 5
1680 3
1681 3
1682 5
1684 5
1685 6
1686 2
1687 7
1688 2
1689 4
1690 4
1691 2
1692 2
1697 1
1699 1
1700 1
1701 1
1702 2
1704 3
1705 6
1706 1
1707 1
1708 2
1710 2
1712 5
1713 2
1714 2
1715 1
1716 5
1717 1
1718 1
1719 1
1720 1
1721 1
1722 3
1723 3
1724 3
1726 2
1727 1
1728 2
1729 6
1730 3
1731 3
1734 2
1735 4
1738 1
1740 3
1741 4
1742 3
1744 1
1747 1
1750 2
1752 3
1753 1
1754 1
1756 1
1757 3
1758 1
1759 8
1760 1
1762 2
1763 3
1764 1
1765 1
1767 4
1769 2
1770 1
1772 3
1773 1
1775 1
1776 4
1777 2
1778 1
1779 2
1780 1
1782 2
1783 1
1784 3
1786 1
1788 6
1789 3
1790 3
1793 4
1794 1
1795 1
1796 1
1798 1
1799 2
1800 1
1801 1
1802 7
1803 1
1805 6
1807 1
1808 5
1809 3
1810 2
1811 2
1812 2
1814 1
1815 1
1816 7
1817 1
1819 1
1820 1
1821 1
1823 1
1825 1
1827 2
1829 1
1830 1
1831 1
1832 3
1833 2
1834 2
1835 2
1836 3
1837 2
1838 1
1839 1
1840 2
1842 5
1843 1
1844 2
1846 2
1847 1
1848 2
1849 1
1850 1
1852 3
1853 1
1854 1
1855 1
1858 4
1859 2
1860 4
1861 3
1862 1
1863 1
1864 2
1868 4
1869 1
1870 2
1872 2
1873 1
1874 3
1875 4
1876 1
1878 3
1879 3
1880 1
1881 1
1882 1
1883 1
1886 1
1887 1
1888 2
1889 2
1890 1
1891 1
1892 5
1893 3
1895 1
1897 2
1898 1
1899 1
1901 2
1902 1
1903 1
1904 2
1905 1
1906 6
1907 1
1908 2
1909 1
1911 2
1912 2
1913 1
1914 2
1916 1
1918 2
1919 3
1921 3
1925 3
1927 1
1928 3
1929 2
1930 1
1933 3
1934 3
1936 2
1937 1
1938 2
1940 1
1943 3
1944 3
1945 4
1946 2
1947 2
1949 4
1950 2
1951 1
1952 1
1953 1
1954 1
1957 2
1958 1
1959 2
1960 3
1961 3
1962 1
1965 2
1966 3
1967 2
1968 2
1971 2
1972 3
1976 3
1977 1
1979 2
1980 2
1981 3
1982 1
1983 3
1984 1
1985 2
1988 1
1991 1
1992 1
1993 1
1995 1
1996 2
1997 1
1998 1
1999 3
2000 2
2003 1
2005 1
2006 4
2007 1
2008 1
2010 1
2011 1
2012 2
2013 1
2014 2
2015 3
2016 3
2017 2
2018 3
2020 3
2021 1
2022 1
2023 2
2024 1
2025 2
2026 2
2027 3
2029 1
2031 2
2033 2
2034 2
2035 1
2037 4
2038 1
2039 2
2041 1
2042 1
2043 5
2045 2
2048 82
2049 3
2050 1
2052 3
2053 1
2055 2
2056 2
2057 2
2059 6
2060 3
2061 2
2063 1
2064 2
2066 1
2068 4
2069 1
2070 2
2071 2
2072 2
2074 2
2077 1
2078 2
2079 3
2080 2
2081 1
2082 1
2083 3
2085 1
2086 1
2087 6
2088 3
2090 3
2092 4
2093 1
2094 4
2095 2
2096 1
2097 1
2098 1
2100 2
2101 1
2102 1
2103 2
2104 1
2106 2
2107 1
2108 1
2110 2
2111 3
2114 3
2115 1
2118 1
2120 3
2121 4
2123 1
2124 1
2125 2
2126 1
2127 2
2128 1
2130 1
2131 1
2132 2
2133 2
2135 1
2136 1
2137 1
2138 1
2139 1
2141 1
2142 6
2144 1
2145 2
2146 1
2147 1
2148 4
2149 2
2150 1
2151 1
2152 1
2153 1
2154 1
2155 3
2156 1
2157 1
2158 3
2159 2
2160 2
2162 2
2164 3
2165 1
2166 1
2167 2
2171 1
2172 1
2173 2
2174 1
2175 4
2177 2
2178 3
2179 4
2180 3
2182 1
2183 1
2185 3
2186 1
2188 1
2189 1
2190 2
2191 1
2192 2
2193 1
2194 3
2198 1
2200 1
2202 2
2203 2
2206 2
2208 1
2211 3
2212 1
2213 1
2214 3
2215 2
2216 1
2217 3
2218 3
2219 2
2224 1
2225 2
2227 3
2228 1
2229 1
2230 2
2231 3
2232 2
2234 1
2235 1
2237 1
2241 3
2242 4
2244 2
2245 1
2246 2
2247 1
2248 2
2249 2
2250 1
2253 2
2255 2
2256 3
2257 2
2258 2
2261 1
2263 2
2264 1
2265 2
2266 2
2267 1
2268 3
2269 1
2270 2
2272 1
2273 2
2277 1
2280 2
2282 2
2283 2
2284 1
2285 21
2288 2
2289 3
2290 1
2291 1
2292 2
2294 1
2295 1
2296 1
2297 1
2299 1
2300 2
2301 1
2302 1
2304 1
2305 1
2306 2
2309 3
2311 2
2314 1
2315 3
2317 2
2318 1
2320 1
2321 1
2323 1
2325 1
2326 1
2328 2
2329 1
2331 2
2332 4
2333 1
2334 1
2335 4
2336 5
2338 1
2339 4
2340 1
2343 2
2345 1
2346 2
2348 2
2349 3
2350 3
2351 3
2352 3
2353 1
2354 3
2357 3
2358 1
2359 1
2360 1
2361 2
2362 1
2366 1
2367 1
2369 1
2370 2
2372 3
2373 1
2375 1
2376 2
2378 2
2381 2
2382 2
2383 1
2384 2
2385 1
2388 1
2390 2
2391 1
2392 1
2395 1
2396 3
2397 1
2398 5
2399 1
2401 1
2403 3
2404 1
2405 1
2406 3
2408 2
2409 1
2410 1
2412 1
2413 1
2414 1
2416 3
2419 1
2423 1
2424 1
2425 2
2428 1
2429 2
2432 4
2433 2
2434 3
2436 2
2437 1
2438 1
2439 2
2440 1
2441 1
2445 1
2446 2
2449 1
2450 1
2451 2
2452 1
2454 3
2455 1
2456 7
2457 1
2458 1
2459 1
2460 4
2461 1
2462 3
2463 2
2464 1
2465 1
2466 3
2467 1
2469 1
2470 3
2472 2
2473 1
2475 1
2478 2
2479 1
2480 1
2481 3
2482 1
2483 1
2484 1
2487 4
2488 4
2489 3
2490 1
2491 2
2494 1
2495 2
2497 1
2498 1
2499 1
2500 1
2501 2
2502 1
2503 3
2504 1
2505 1
2507 4
2510 2
2512 1
2513 1
2514 4
2515 2
2516 2
2519 4
2520 2
2521 1
2522 2
2523 1
2524 1
2525 1
2526 1
2527 5
2528 1
2530 1
2531 1
2532 2
2533 1
2537 1
2539 3
2543 3
2547 2
2549 1
2551 2
2552 2
2554 1
2555 3
2556 2
2558 1
2559 3
2560 9
2562 1
2563 1
2564 3
2565 1
2566 4
2568 3
2569 2
2574 1
2576 1
2577 3
2579 1
2581 1
2582 1
2583 2
2584 3
2585 1
2586 1
2587 2
2589 1
2590 1
2591 1
2593 1
2594 1
2597 2
2600 1
2601 1
2602 2
2603 1
2604 1
2605 7
2606 1
2607 1
2608 1
2610 1
2614 1
2615 3
2617 4
2618 1
2619 2
2620 2
2621 2
2624 3
2627 1
2629 1
2630 1
2633 2
2636 3
2638 1
2640 1
2642 3
2643 2
2644 1
2647 1
2648 1
2649 2
2650 1
2651 1
2652 2
2653 1
2657 1
2659 1
2660 1
2661 1
2666 1
2667 2
2668 1
2669 1
2671 1
2672 1
2673 1
2674 1
2676 2
2678 4
2681 2
2682 2
2686 1
2690 1
2691 2
2694 2
2696 4
2697 1
2700 1
2701 1
2702 1
2704 1
2705 2
2707 1
2710 1
2713 1
2714 1
2715 1
2716 1
2717 2
2718 2
2720 1
2721 3
2723 1
2724 1
2726 1
2730 3
2731 1
2733 3
2734 1
2737 1
2739 1
2741 3
2742 1
2743 1
2744 1
2745 2
2746 2
2748 4
2750 2
2752 2
2753 1
2755 4
2757 4
2758 3
2759 5
2760 3
2761 2
2762 2
2764 1
2766 3
2767 1
2768 3
2770 2
2772 1
2773 4
2774 2
2778 1
2780 2
2781 1
2782 1
2783 3
2785 1
2786 1
2787 2
2788 6
2789 1
2790 2
2792 1
2793 3
2794 1
2795 1
2797 2
2799 1
2800 2
2803 1
2804 1
2805 1
2807 2
2810 1
2811 3
2812 1
2813 1
2815 2
2816 1
2817 1
2819 1
2822 4
2825 1
2830 1
2831 1
2834 1
2836 2
2838 2
2841 1
2842 3
2843 5
2844 1
2845 2
2846 2
2847 2
2848 3
2851 1
2854 6
2855 1
2856 2
2859 1
2861 4
2863 1
2864 1
2866 1
2868 1
2869 1
2871 2
2874 2
2875 1
2876 1
2877 1
2879 2
2881 1
2886 2
2887 2
2891 1
2893 3
2896 13
2898 8
2900 1
2901 1
2903 1
2904 2
2907 1
2911 1
2916 1
2917 2
2918 2
2919 2
2921 1
2925 1
2926 1
2927 1
2928 4
2930 2
2931 1
2932 2
2934 2
2935 1
2936 3
2938 2
2939 1
2941 1
2942 1
2944 4
2945 1
2947 1
2950 1
2952 1
2956 2
2958 1
2959 1
2963 1
2968 3
2969 1
2970 1
2971 2
2972 2
2974 1
2975 1
2977 1
2979 2
2982 1
2983 2
2985 1
2986 1
2987 4
2988 1
2989 1
2990 1
2992 2
2993 2
2994 1
2995 1
2999 1
3000 1
3004 1
3007 1
3008 2
3009 1
3012 1
3015 1
3017 1
3018 1
3019 1
3021 2
3023 3
3025 1
3026 1
3030 1
3031 1
3034 1
3035 1
3036 5
3037 1
3040 2
3041 2
3044 1
3046 2
3047 1
3048 2
3050 3
3052 1
3053 2
3054 2
3055 2
3058 2
3059 1
3060 1
3061 1
3064 2
3065 1
3066 3
3067 1
3069 2
3070 1
3072 27
3075 1
3076 1
3078 1
3080 3
3082 1
3083 1
3085 1
3086 3
3087 6
3088 2
3089 2
3090 1
3093 1
3095 1
3096 1
3098 3
3100 2
3102 2
3103 1
3104 2
3108 2
3112 3
3113 1
3115 1
3116 1
3117 2
3118 1
3119 1
3120 1
3122 1
3123 4
3126 2
3129 1
3130 2
3131 1
3132 2
3133 4
3135 2
3143 1
3146 3
3151 4
3153 1
3156 2
3157 1
3158 3
3160 1
3163 1
3164 1
3166 2
3170 1
3171 1
3172 1
3174 1
3177 1
3178 1
3182 1
3183 1
3184 1
3185 1
3188 3
3190 2
3193 1
3197 1
3198 4
3199 2
3208 1
3210 1
3211 1
3213 1
3214 1
3215 1
3216 1
3217 4
3219 1
3221 2
3222 1
3223 1
3224 3
3225 1
3227 3
3229 1
3231 3
3235 1
3236 1
3237 2
3238 2
3239 1
3244 1
3245 1
3248 1
3250 1
3252 1
3253 1
3256 2
3262 1
3263 1
3264 8
3265 15
3266 33
3267 51
3268 27
3269 9
3270 3
3271 7
3272 1
3273 1
3274 2
3275 7
3276 1
3277 1
3280 2
3281 3
3282 4
3283 11
3284 8
3285 7
3286 1
3287 4
3288 6
3290 4
3295 1
3296 2
3300 1
3302 1
3303 4
3304 3
3305 1
3307 3
3308 3
3310 4
3314 1
3315 1
3316 3
3317 1
3320 3
3322 1
3324 1
3325 1
3326 1
3327 2
3329 1
3330 6
3331 2
3332 1
3337 1
3338 1
3341 1
3343 1
3344 2
3351 1
3352 1
3354 1
3356 1
3357 2
3359 3
3362 2
3363 2
3364 1
3365 1
3366 1
3367 1
3372 2
3374 1
3375 2
3378 4
3379 2
3380 1
3383 3
3384 1
3386 1
3390 3
3391 2
3392 1
3393 1
3398 1
3399 1
3404 1
3405 2
3407 1
3408 4
3409 1
3410 1
3412 1
3416 1
3417 2
3420 1
3421 1
3423 1
3424 1
3425 4
3426 1
3427 1
3428 1
3429 3
3430 1
3431 1
3436 2
3438 4
3440 2
3442 1
3444 1
3445 1
3448 3
3452 2
3453 2
3454 2
3457 1
3458 2
3460 2
3461 1
3462 3
3465 2
3468 1
3469 1
3470 1
3471 1
3472 2
3474 2
3475 2
3476 1
3477 1
3480 3
3481 2
3483 1
3485 3
3488 1
3490 1
3494 3
3495 1
3496 1
3501 1
3502 1
3503 1
3504 1
3507 1
3508 1
3509 2
3513 1
3515 1
3517 2
3518 1
3519 1
3522 1
3525 1
3528 2
3529 2
3530 4
3532 1
3535 4
3538 3
3542 1
3545 2
3548 4
3550 2
3551 2
3552 3
3554 3
3556 1
3560 1
3561 1
3563 1
3564 2
3570 1
3572 1
3576 1
3577 1
3579 1
3581 1
3583 1
3584 7
3587 1
3590 1
3591 2
3597 1
3598 1
3604 4
3607 1
3608 1
3609 4
3610 1
3615 2
3616 1
3618 1
3619 3
3622 1
3626 1
3627 1
3628 1
3629 1
3638 1
3639 1
3640 1
3644 2
3645 2
3646 1
3648 2
3649 2
3650 1
3654 1
3655 2
3664 1
3669 1
3670 1
3671 4
3672 2
3674 1
3675 2
3680 3
3681 1
3682 1
3688 4
3691 1
3694 1
3695 1
3697 4
3698 2
3703 1
3704 4
3705 3
3706 1
3709 1
3710 2
3711 2
3712 1
3714 1
3718 1
3721 1
3722 1
3730 1
3734 1
3735 1
3738 1
3741 1
3745 1
3748 4
3750 2
3755 1
3756 3
3762 1
3763 1
3764 1
3765 1
3766 1
3768 4
3769 2
3770 6
3774 2
3776 1
3777 2
3778 1
3779 1
3786 2
3788 2
3789 1
3790 1
3791 1
3792 1
3796 3
3798 1
3804 1
3813 1
3816 1
3817 1
3821 2
3822 2
3827 2
3828 1
3829 1
3832 2
3834 1
3840 2
3841 1
3842 2
3843 1
3851 1
3852 1
3853 1
3854 1
3855 4
3858 1
3863 1
3864 1
3868 1
3871 1
3872 1
3874 2
3875 1
3880 1
3881 1
3884 5
3885 2
3886 1
3887 2
3888 1
3890 3
3892 1
3894 13
3900 1
3901 1
3902 1
3903 1
3904 1
3905 2
3906 1
3908 1
3909 5
3910 1
3912 3
3915 1
3916 1
3917 1
3918 1
3919 3
3921 2
3923 1
3927 10
3928 1
3929 1
3930 1
3931 1
3934 1
3935 1
3937 2
3938 1
3939 1
3941 1
3944 1
3945 1
3946 1
3947 4
3948 2
3950 2
3957 2
3958 1
3962 1
3966 1
3967 1
3969 3
3970 2
3972 1
3975 2
3977 1
3978 5
3981 5
3982 2
3986 2
3987 6
3988 2
3989 3
3994 1
3995 1
3997 1
3998 1
4001 1
4003 3
4007 1
4008 2
4010 2
4011 1
4013 2
4014 3
4015 1
4020 2
4024 2
4027 2
4028 1
4032 1
4041 4
4042 1
4043 1
4044 4
4045 2
4046 1
4049 1
4060 2
4063 2
4064 4
4066 1
4067 1
4068 1
4069 2
4073 1
4075 1
4076 1
4077 2
4078 1
4079 1
4080 1
4084 1
4086 1
4088 1
4089 1
4091 1
4092 2
4096 17
4099 1
4100 2
4102 5
4103 1
4105 1
4106 2
4108 3
4109 1
4113 1
4115 1
4116 2
4120 1
4123 2
4125 1
4126 1
4131 1
4140 3
4142 2
4143 3
4144 1
4146 2
4150 6
4151 2
4153 2
4157 1
4160 1
4162 1
4164 3
4167 2
4171 2
4172 1
4173 1
4176 1
4183 1
4184 1
4186 1
4187 2
4188 2
4189 1
4190 1
4193 1
4194 1
4196 3
4197 1
4198 1
4200 1
4202 1
4205 1
4208 2
4210 1
4211 3
4213 1
4216 2
4217 2
4224 2
4227 1
4228 2
4230 3
4231 1
4235 1
4238 1
4240 1
4244 1
4249 2
4251 1
4255 1
4256 1
4260 1
4262 1
4263 2
4266 2
4271 1
4272 1
4283 1
4284 2
4286 1
4290 1
4291 1
4294 1
4297 2
4298 1
4300 1
4306 1
4308 1
4310 2
4311 1
4313 1
4314 1
4316 1
4319 1
4320 1
4323 1
4326 2
4332 1
4336 1
4339 1
4340 1
4341 1
4342 1
4347 3
4350 1
4351 1
4352 1
4354 2
4357 1
4358 1
4360 1
4362 1
4364 1
4368 2
4370 2
4371 2
4378 1
4379 1
4381 2
4384 1
4385 1
4386 1
4387 1
4393 2
4399 2
4400 2
4413 2
4415 1
4416 1
4418 1
4423 1
4424 2
4425 1
4430 2
4431 1
4432 1
4435 2
4436 3
4439 1
4440 2
4441 2
4442 1
4444 1
4450 1
4451 1
4453 1
4455 2
4459 1
4463 1
4465 3
4468 1
4470 1
4479 1
4480 3
4481 1
4486 2
4488 7
4489 1
4494 1
4498 1
4499 1
4500 1
4501 1
4505 1
4507 2
4519 1
4521 2
4525 1
4529 1
4531 1
4532 1
4536 1
4538 1
4539 1
4542 1
4543 1
4544 1
4548 3
4560 1
4564 2
4566 1
4569 1
4570 2
4575 2
4576 15
4579 1
4581 1
4582 2
4585 3
4586 2
4595 1
4599 1
4602 1
4604 1
4613 1
4618 1
4626 1
4627 1
4629 1
4632 1
4643 1
4644 1
4647 2
4648 1
4650 1
4652 3
4656 1
4657 1
4659 1
4661 2
4664 26
4665 3
4669 3
4673 2
4679 2
4683 1
4684 1
4688 3
4689 1
4692 1
4701 1
4703 2
4709 2
4710 1
4712 1
4713 2
4721 1
4724 1
4725 1
4727 1
4728 2
4729 1
4730 1
4732 6
4733 2
4734 2
4735 1
4739 1
4740 2
4744 1
4745 1
4746 1
4751 1
4752 36
4753 2
4755 2
4760 2
4761 1
4764 1
4766 1
4769 1
4770 2
4771 7
4772 1
4775 1
4777 3
4782 2
4785 1
4788 1
4797 18
4800 1
4801 1
4808 4
4809 5
4816 1
4817 1
4818 2
4824 1
4826 1
4832 1
4833 1
4840 42
4844 1
4847 2
4848 1
4850 1
4853 1
4855 1
4856 1
4858 1
4859 1
4860 1
4863 1
4865 1
4867 1
4868 1
4869 1
4870 1
4871 1
4872 1
4875 1
4882 1
4883 1
4885 2
4886 1
4891 3
4892 1
4895 1
4896 2
4897 4
4900 3
4901 1
4907 1
4908 5
4909 2
4910 1
4914 1
4915 1
4917 4
4918 2
4920 1
4922 1
4928 71
4931 1
4935 1
4937 1
4940 2
4944 1
4945 3
4947 2
4954 3
4956 1
4958 3
4964 1
4967 2
4972 1
4974 1
4975 1
4978 3
4984 2
4993 3
4996 1
4997 2
4998 1
5002 1
5004 1
5005 4
5006 1
5009 2
5012 1
5014 3
5016 113
5019 1
5024 1
5027 1
5029 2
5032 4
5033 1
5034 1
5036 2
5037 2
5042 1
5047 1
5061 2
5063 1
5064 1
5072 1
5074 1
5075 3
5082 2
5090 2
5092 1
5095 3
5096 1
5097 3
5098 2
5104 49
5107 3
5108 1
5110 2
5117 1
5120 10
5121 1
5128 5
5131 1
5134 5
5136 1
5139 4
5142 1
5144 2
5145 2
5147 1
5148 1
5149 1
5151 1
5153 1
5154 3
5155 3
5157 1
5160 1
5164 1
5173 1
5188 1
5192 10
5193 2
5194 2
5206 1
5212 1
5214 3
5215 1
5220 1
5222 1
5225 1
5228 1
5230 1
5231 3
5232 1
5239 1
5244 1
5246 1
5260 1
5273 1
5276 1
5277 1
5280 3
5281 3
5292 1
5294 2
5296 1
5300 1
5312 1
5315 1
5318 1
5328 1
5331 1
5334 1
5346 2
5347 1
5348 1
5349 2
5351 1
5352 1
5359 2
5364 1
5367 2
5368 33
5375 3
5377 2
5379 1
5383 2
5384 1
5385 1
5387 1
5390 1
5392 4
5397 2
5399 1
5401 1
5402 4
5404 1
5405 1
5406 1
5408 2
5413 1
5415 1
5416 2
5417 1
5419 3
5425 3
5431 1
5436 2
5438 1
5441 1
5445 1
5446 1
5449 2
5451 1
5461 2
5462 2
5464 1
5467 1
5470 1
5473 3
5474 4
5475 2
5479 5
5480 3
5482 1
5483 1
5484 2
5490 2
5491 9
5492 1
5493 1
5494 1
5498 1
5505 1
5506 2
5507 1
5512 4
5513 2
5517 1
5523 1
5525 1
5528 4
5531 1
5536 1
5539 1
5541 1
5547 1
5553 2
5556 3
5562 1
5565 1
5570 1
5575 2
5578 2
5581 1
5587 1
5592 1
5595 3
5596 1
5597 1
5598 1
5603 1
5605 2
5606 1
5609 2
5612 1
5614 1
5616 1
5617 1
5618 1
5624 1
5625 3
5628 2
5632 5
5633 1
5636 1
5639 1
5643 2
5645 4
5646 1
5650 1
5655 2
5656 1
5660 1
5664 2
5666 3
5668 1
5670 1
5677 2
5684 1
5685 1
5686 1
5687 2
5688 1
5689 1
5693 1
5696 3
5698 1
5700 1
5704 1
5705 1
5707 1
5709 1
5716 1
5717 1
5721 1
5726 1
5727 1
5729 2
5733 1
5735 1
5736 1
5741 1
5742 1
5747 2
5749 1
5750 1
5751 1
5752 1
5754 2
5760 1
5764 2
5768 1
5777 1
5778 1
5785 1
5787 1
5793 1
5794 1
5796 1
5797 1
5799 2
5801 3
5806 1
5808 1
5810 1
5811 1
5813 1
5814 1
5817 2
5829 1
5831 1
5832 1
5833 1
5836 3
5840 1
5841 1
5844 2
5853 4
5854 1
5855 3
5856 3
5858 3
5861 1
5863 1
5864 1
5866 1
5868 1
5869 2
5872 1
5873 1
5876 1
5880 1
5881 1
5884 2
5886 1
5888 1
5889 1
5891 1
5896 1
5897 1
5904 1
5907 3
5910 1
5912 1
5913 1
5914 1
5915 3
5919 2
5920 2
5921 1
5926 2
5930 2
5935 1
5936 1
5941 1
5942 1
5945 1
5956 2
5963 1
5964 3
5969 5
5971 1
5973 1
5976 3
5982 1
5984 1
5986 1
5988 1
5997 1
5999 1
6000 2
6001 2
6002 1
6003 1
6007 2
6010 1
6014 1
6018 1
6020 1
6021 1
6024 6
6027 1
6028 2
6030 1
6032 1
6035 3
6043 1
6044 2
6047 1
6048 1
6052 1
6060 1
6064 1
6067 1
6071 1
6077 2
6080 1
6081 1
6083 1
6087 1
6091 1
6095 1
6098 1
6115 2
6117 1
6118 1
6121 3
6127 1
6131 1
6136 3
6144 12
6145 1
6159 1
6174 2
6181 1
6182 1
6185 1
6186 1
6190 1
6191 1
6192 1
6194 2
6196 1
6198 1
6199 1
6201 1
6204 1
6207 2
6217 1
6220 2
6223 1
6225 2
6226 3
6231 1
6232 1
6234 1
6237 1
6238 2
6247 1
6249 4
6253 2
6254 1
6259 1
6262 1
6266 1
6267 2
6268 4
6269 1
6271 1
6275 1
6283 1
6284 2
6285 1
6289 1
6296 1
6299 1
6301 1
6308 1
6311 1
6313 1
6316 1
6317 1
6320 2
6323 1
6324 1
6325 1
6330 1
6331 1
6332 2
6337 1
6339 2
6341 2
6342 2
6346 1
6351 2
6352 1
6355 1
6362 1
6363 1
6364 1
6368 1
6371 1
6378 2
6383 2
6387 1
6388 2
6395 1
6396 1
6397 1
6400 2
6401 1
6402 1
6408 4
6411 2
6412 2
6413 1
6422 1
6427 1
6431 3
6432 1
6435 2
6440 1
6449 1
6451 1
6456 1
6459 3
6464 1
6470 1
6472 1
6478 3
6480 1
6484 2
6491 1
6498 1
6501 1
6504 5
6507 1
6509 1
6525 1
6528 1
6530 1
6531 4
6532 3
6534 1
6535 2
6538 1
6541 1
6546 1
6550 1
6552 2
6554 1
6555 1
6558 2
6567 2
6568 1
6569 2
6575 1
6576 1
6581 1
6584 1
6585 1
6586 2
6595 2
6598 1
6601 1
6603 1
6607 1
6608 1
6616 1
6618 2
6622 3
6624 1
6630 1
6631 1
6645 1
6646 1
6648 2
6652 3
6658 1
6659 1
6664 1
6672 1
6675 1
6680 3
6685 1
6687 1
6698 1
6700 1
6704 2
6712 1
6721 1
6726 1
6728 1
6745 1
6750 1
6752 1
6757 1
6763 1
6765 1
6767 1
6774 1
6781 2
6793 1
6812 1
6816 1
6818 2
6820 2
6823 2
6824 4
6825 1
6832 1
6833 1
6839 3
6842 5
6851 1
6856 1
6862 1
6866 1
6871 2
6881 1
6887 1
6896 3
6904 1
6907 1
6910 1
6912 1
6919 1
6920 2
6921 2
6924 1
6928 1
6936 1
6939 1
6944 1
6945 1
6948 1
6951 1
6956 3
6957 1
6958 1
6959 2
6961 1
6963 1
6974 1
6975 2
6978 1
6980 1
6983 7
6988 2
6989 1
6990 2
7009 1
7020 1
7025 1
7027 2
7028 1
7031 1
7036 1
7038 1
7041 1
7043 1
7044 1
7052 1
7055 1
7056 1
7057 1
7060 2
7062 1
7069 1
7075 1
7078 1
7085 1
7087 1
7099 1
7115 4
7127 2
7141 1
7143 1
7154 1
7166 1
7168 3
7175 1
7176 1
7180 2
7198 2
7199 1
7205 1
7206 1
7216 3
7229 1
7232 2
7234 1
7242 1
7244 3
7246 1
7258 1
7259 3
7260 2
7267 1
7269 1
7281 1
7283 2
7286 1
7294 1
7297 2
7306 1
7310 3
7312 1
7314 1
7316 1
7323 1
7333 1
7335 1
7336 2
7338 1
7345 2
7347 2
7348 1
7352 2
7359 2
7363 1
7366 2
7368 1
7376 3
7378 1
7384 2
7386 2
7387 1
7391 1
7394 1
7395 1
7396 1
7403 1
7409 1
7412 1
7413 1
7418 1
7420 1
7426 1
7427 1
7429 1
7453 1
7454 1
7455 3
7460 1
7463 2
7475 1
7488 2
7489 1
7510 1
7512 1
7513 1
7519 2
7524 1
7527 1
7537 1
7541 1
7542 1
7545 1
7547 2
7560 2
7573 1
7577 1
7585 1
7586 2
7588 1
7589 1
7591 1
7593 1
7600 1
7601 1
7611 1
7612 2
7648 1
7660 4
7664 2
7665 2
7667 1
7668 1
7670 1
7680 3
7691 3
7696 2
7708 1
7711 1
7712 1
7715 2
7728 1
7733 1
7743 1
7745 1
7748 1
7760 1
7761 1
7765 1
7768 1
7771 1
7775 3
7779 1
7782 2
7795 1
7805 1
7807 1
7820 1
7828 1
7835 1
7839 1
7842 1
7862 3
7877 1
7890 1
7895 1
7896 1
7898 1
7900 1
7903 2
7907 2
7909 1
7916 3
7917 1
7920 1
7923 5
7928 1
7929 1
7935 1
7938 2
7940 1
7951 1
7952 1
7958 1
7960 1
7967 1
7970 1
7981 1
7984 3
7998 1
8005 2
8008 3
8009 1
8025 1
8029 2
8030 1
8041 1
8051 1
8055 3
8058 1
8079 2
8081 2
8086 3
8092 3
8097 1
8109 1
8117 1
8124 1
8125 1
8127 1
8129 1
8139 1
8140 1
8151 1
8152 2
8155 1
8160 1
8164 1
8165 1
8170 1
8176 1
8192 24
8203 2
8205 1
8216 1
8218 2
8232 1
8234 1
8235 1
8248 1
8252 1
8275 2
8288 1
8291 1
8294 1
8297 1
8300 1
8318 1
8320 1
8329 1
8335 1
8340 1
8345 1
8346 4
8360 2
8367 2
8377 3
8387 2
8397 1
8399 1
8402 4
8407 1
8408 2
8417 2
8428 3
8436 1
8437 1
8453 1
8454 1
8457 1
8458 1
8461 2
8477 1
8494 2
8505 1
8506 1
8512 2
8540 2
8551 1
8556 2
8563 1
8565 1
8579 1
8602 1
8603 4
8608 1
8611 1
8616 4
8632 1
8645 1
8652 1
8666 1
8669 1
8672 1
8673 2
8674 1
8684 1
8692 2
8695 1
8698 1
8720 2
8746 1
8750 1
8758 1
8759 1
8762 1
8769 1
8779 1
8780 2
8783 1
8792 1
8800 1
8801 2
8809 1
8812 1
8816 1
8819 1
8828 1
8829 1
8834 1
8853 3
8861 1
8889 1
8901 1
8914 2
8930 1
8934 1
8954 1
8964 1
8971 1
8976 1
8982 1
8994 1
8996 1
9000 1
9001 1
9010 1
9017 1
9023 3
9034 1
9036 1
9038 1
9039 2
9058 2
9076 1
9087 2
9088 3
9092 4
9096 2
9101 1
9104 1
9113 1
9114 1
9115 1
9122 1
9124 1
9127 1
9128 2
9131 1
9133 1
9137 2
9138 1
9139 1
9149 1
9167 1
9169 1
9173 1
9176 1
9177 1
9179 1
9180 2
9182 3
9183 1
9192 1
9201 1
9202 1
9216 2
9218 1
9224 1
9228 1
9229 1
9235 1
9239 1
9240 3
9270 1
9271 2
9273 1
9276 4
9279 1
9286 1
9290 1
9293 1
9295 1
9296 1
9300 1
9301 1
9303 1
9306 1
9316 1
9322 1
9330 1
9332 2
9335 1
9338 1
9339 1
9345 2
9356 2
9364 1
9365 1
9366 1
9376 1
9386 2
9391 1
9412 1
9413 1
9424 1
9431 1
9433 1
9434 1
9442 1
9452 1
9453 1
9455 1
9460 2
9462 1
9469 1
9480 1
9488 1
9497 3
9503 1
9514 1
9528 1
9531 1
9537 1
9541 4
9546 1
9556 1
9559 1
9563 1
9570 1
9571 1
9577 1
9580 1
9586 3
9590 3
9591 1
9598 1
9600 3
9610 1
9618 1
9626 1
9630 1
9635 1
9638 1
9661 1
9675 1
9681 1
9684 3
9686 1
9687 1
9689 1
9716 1
9718 1
9726 1
9731 1
9739 1
9741 2
9744 1
9748 1
9792 1
9796 1
9814 1
9815 1
9816 2
9818 2
9842 1
9852 2
9853 1
9856 1
9858 1
9896 2
9897 1
9905 1
9906 1
9907 2
9911 1
9918 1
9922 1
9943 1
9948 2
9953 2
9957 1
9959 1
9960 1
9972 1
9975 1
9988 1
10004 1
10008 3
10011 2
10019 1
10034 1
10035 1
10039 3
10041 1
10043 1
10045 3
10048 1
10053 1
10054 1
10059 1
10073 1
10096 1
10129 1
10136 2
10137 2
10139 1
10141 1
10147 1
10160 1
10173 1
10174 1
10177 2
10203 1
10207 1
10212 1
10219 1
10221 1
10240 9
10256 4
10263 3
10275 1
10284 1
10288 2
10305 1
10312 1
10322 1
10327 1
10329 1
10341 1
10357 2
10358 2
10368 1
10369 3
10375 7
10376 2
10379 1
10384 1
10386 1
10395 1
10403 1
10405 1
10407 1
10410 1
10412 1
10438 1
10444 1
10448 1
10451 1
10464 1
10468 1
10472 1
10477 1
10479 1
10486 1
10512 3
10518 1
10520 1
10543 1
10546 3
10555 1
10570 1
10571 1
10575 1
10612 1
10624 1
10634 1
10642 1
10643 3
10650 1
10659 1
10660 1
10683 2
10686 1
10692 1
10694 1
10696 1
10701 1
10722 1
10738 2
10741 4
10749 1
10752 1
10753 1
10754 1
10767 1
10769 1
10779 2
10781 1
10784 1
10796 1
10798 1
10814 1
10816 1
10817 2
10818 1
10830 1
10840 1
10844 1
10849 2
10876 1
10877 1
10884 1
10905 1
10914 1
10921 1
10939 1
10942 2
10945 2
10954 1
10963 1
10964 1
10983 1
10995 1
10997 1
10999 1
11001 2
11003 1
11011 2
11015 3
11029 1
11040 2
11052 1
11066 1
11068 1
11069 1
11074 1
11086 3
11088 3
11114 1
11116 1
11117 1
11120 1
11134 1
11141 1
11145 1
11154 1
11155 1
11171 1
11175 1
11184 1
11186 1
11188 1
11193 2
11194 1
11213 1
11214 2
11225 1
11227 2
11259 1
11260 1
11264 3
11266 1
11269 1
11276 1
11278 1
11279 2
11286 1
11290 1
11299 1
11304 1
11311 5
11324 2
11333 2
11337 2
11338 1
11349 1
11351 1
11358 2
11374 1
11378 1
11392 3
11395 1
11400 1
11404 1
11410 1
11429 1
11437 1
11441 1
11446 3
11449 2
11495 1
11497 1
11498 1
11507 1
11509 1
11514 1
11517 2
11519 1
11543 1
11544 1
11548 1
11549 1
11560 1
11570 1
11580 2
11603 1
11605 1
11623 2
11630 1
11648 1
11657 1
11660 1
11681 3
11696 1
11697 1
11698 1
11706 3
11711 1
11713 1
11737 1
11741 1
11744 1
11746 1
11752 1
11753 2
11775 1
11777 2
11788 1
11791 1
11797 1
11798 1
11802 1
11804 2
11810 1
11825 1
11831 1
11837 1
11839 1
11848 1
11856 1
11864 2
11887 1
11891 1
11906 1
11907 1
11913 2
11924 2
11925 1
11926 2
11927 1
11952 1
11964 1
11971 1
11972 1
11975 1
11979 1
12011 1
12013 8
12035 1
12039 1
12043 1
12046 1
12051 2
12052 1
12076 2
12091 1
12097 1
12100 1
12108 1
12109 1
12112 1
12116 1
12119 2
12132 1
12136 1
12137 2
12140 1
12146 1
12151 1
12159 1
12169 1
12187 1
12193 2
12219 1
12244 1
12272 2
12285 1
12288 17
12303 2
12311 1
12330 1
12339 1
12340 1
12363 1
12370 1
12377 1
12379 1
12382 2
12383 1
12386 3
12389 1
12416 1
12417 1
12435 1
12439 1
12447 1
12461 1
12470 1
12478 1
12487 1
12493 1
12497 3
12511 4
12516 1
12523 1
12544 2
12556 1
12559 1
12560 1
12571 1
12572 1
12588 1
12598 1
12613 1
12616 1
12620 3
12624 1
12632 1
12646 2
12664 1
12684 1
12693 1
12715 1
12729 1
12732 1
12760 2
12771 1
12774 1
12790 1
12799 1
12818 1
12831 2
12855 1
12884 1
12889 1
12896 1
12913 5
12917 1
12924 2
12925 1
12937 1
12941 1
12951 2
12957 2
12960 1
12965 1
12968 1
12974 1
12978 1
12981 1
13002 1
13012 1
13032 1
13050 1
13054 2
13056 2
13069 2
13074 1
13081 1
13087 1
13092 2
13093 1
13098 1
13103 1
13120 1
13123 2
13129 2
13155 1
13156 1
13159 3
13165 1
13171 1
13203 1
13207 1
13226 1
13250 1
13256 1
13298 1
13307 1
13312 2
13327 1
13331 1
13337 2
13339 1
13352 1
13375 2
13377 1
13380 2
13381 1
13384 1
13406 2
13408 2
13412 1
13414 1
13466 1
13476 1
13486 1
13491 1
13495 1
13500 1
13510 1
13511 1
13520 1
13522 1
13535 1
13556 1
13564 1
13568 1
13582 1
13594 1
13603 1
13618 1
13622 1
13643 2
13648 1
13649 1
13654 2
13655 1
13665 1
13669 1
13687 1
13693 1
13703 1
13711 1
13716 1
13731 1
13742 1
13751 2
13766 1
13801 1
13811 1
13813 1
13841 1
13845 1
13860 2
13880 1
13911 1
13916 2
13921 1
13952 1
13961 2
13962 2
13963 1
13969 1
13993 1
14006 1
14029 1
14038 1
14039 1
14045 1
14048 1
14070 1
14072 1
14079 1
14095 1
14103 2
14128 2
14159 3
14170 1
14178 1
14180 1
14190 1
14202 1
14209 1
14212 1
14235 1
14239 1
14241 3
14248 2
14255 2
14258 2
14259 1
14269 1
14275 3
14281 2
14282 1
14292 1
14313 1
14320 1
14325 1
14327 1
14333 1
14336 28
14356 1
14370 1
14384 1
14407 1
14429 1
14445 1
14479 1
14495 1
14521 1
14522 1
14529 1
14531 1
14537 1
14538 1
14544 1
14568 1
14572 1
14574 1
14576 1
14599 1
14601 1
14609 1
14641 2
14643 1
14648 1
14650 1
14653 1
14671 1
14676 2
14678 2
14684 1
14709 1
14732 1
14746 1
14772 1
14776 1
14778 1
14796 1
14798 3
14813 1
14818 1
14828 1
14834 1
14835 1
14852 3
14854 2
14858 2
14861 1
14875 1
14885 1
14908 1
14926 2
14932 1
14942 1
14950 1
14962 1
14978 1
14988 1
14990 2
15002 2
15008 1
15013 1
15014 1
15019 2
15021 1
15031 1
15039 1
15051 1
15056 1
15086 1
15095 2
15097 1
15112 1
15114 1
15119 2
15122 1
15138 1
15167 1
15183 1
15185 1
15199 3
15204 1
15234 1
15247 1
15248 1
15249 1
15251 2
15262 1
15271 1
15282 1
15283 1
15295 1
15335 1
15342 1
15346 1
15354 1
15355 1
15360 8
15413 1
15416 1
15418 1
15421 2
15423 1
15424 1
15434 1
15450 3
15467 1
15493 1
15495 1
15507 1
15508 1
15511 1
15515 1
15546 1
15550 2
15555 21
15558 1
15583 1
15587 1
15596 1
15607 1
15615 1
15633 1
15644 1
15647 1
15678 1
15701 3
15703 1
15704 1
15739 1
15749 1
15763 1
15765 1
15772 1
15784 2
15787 3
15793 1
15799 22
15809 1
15824 1
15829 2
15833 2
15834 1
15837 1
15838 1
15849 1
15932 1
15944 1
15980 1
15989 1
16001 2
16002 1
16009 1
16010 1
16020 1
16024 2
16027 2
16029 3
16030 1
16070 1
16111 2
16118 1
16141 1
16148 1
16151 10
16161 10
16162 1
16171 2
16177 2
16179 1
16181 1
16200 1
16212 1
16239 2
16246 1
16250 1
16258 3
16275 1
16288 2
16363 1
16384 28
16385 1
16390 1
16408 2
16409 2
16424 2
16433 1
16438 1
16448 1
16450 3
16452 1
16457 1
16471 1
16479 1
16508 2
16530 1
16531 1
16534 1
16541 1
16542 1
16554 1
16564 1
16567 2
16575 2
16578 2
16596 2
16635 1
16653 1
16666 1
16711 1
16719 2
16744 1
16775 1
16777 1
16801 1
16803 1
16823 1
16847 1
16853 1
16864 1
16867 2
16883 2
16900 1
16923 1
16956 1
16970 1
16973 1
16989 1
16992 2
17009 2
17029 1
17043 1
17056 1
17100 1
17129 1
17132 1
17142 1
17158 1
17161 1
17171 1
17173 1
17201 1
17209 1
17213 1
17214 1
17220 1
17231 2
17253 1
17283 1
17284 1
17287 1
17334 1
17336 1
17351 1
17353 2
17360 1
17368 2
17387 1
17402 1
17403 1
17408 2
17422 1
17423 1
17436 1
17438 1
17444 1
17452 1
17458 1
17464 1
17468 1
17473 1
17482 1
17489 1
17496 1
17504 1
17507 1
17513 1
17515 1
17520 1
17525 1
17540 1
17549 1
17554 1
17557 1
17587 1
17591 1
17615 1
17646 2
17647 1
17672 1
17674 1
17688 1
17705 1
17712 1
17716 1
17749 1
17756 1
17776 1
17819 1
17850 1
17862 1
17865 3
17867 1
17878 1
17901 1
17903 1
17911 1
17912 1
17926 1
17931 1
17935 2
17941 1
17952 1
17977 1
17982 1
17983 2
17995 1
18016 1
18019 1
18027 1
18058 1
18092 1
18094 1
18103 1
18141 1
18155 1
18175 1
18176 1
18186 1
18187 1
18213 1
18238 1
18253 1
18285 1
18330 1
18356 1
18358 1
18389 1
18430 1
18432 4
18439 1
18452 1
18472 1
18474 1
18477 2
18494 1
18527 1
18536 1
18543 1
18565 1
18568 1
18588 1
18651 2
18655 1
18672 1
18674 1
18679 1
18703 1
18704 2
18705 1
18730 2
18744 2
18758 1
18776 1
18787 1
18791 3
18792 1
18800 2
18805 1
18807 1
18817 1
18823 1
18827 1
18838 2
18848 3
18855 2
18859 1
18867 2
18881 1
18886 1
18888 1
18892 1
18894 1
18898 1
18900 1
18901 1
18906 1
18907 2
18944 1
18945 1
19000 1
19008 1
19037 1
19040 1
19049 2
19069 1
19086 2
19110 1
19115 1
19150 2
19170 1
19181 1
19183 1
19209 2
19225 1
19228 1
19237 2
19299 1
19322 1
19337 1
19359 1
19366 1
19368 1
19376 9
19389 2
19391 1
19393 1
19395 1
19398 1
19407 1
19412 1
19417 1
19429 1
19456 4
19457 1
19459 1
19466 1
19475 1
19483 1
19486 2
19509 1
19511 1
19542 2
19549 1
19556 1
19561 1
19565 1
19573 1
19588 2
19602 1
19626 1
19634 1
19644 1
19646 1
19656 1
19665 1
19681 1
19722 1
19747 2
19752 3
19762 1
19768 1
19772 1
19776 1
19777 1
19800 1
19840 1
19873 1
19879 1
19908 1
19914 3
19924 2
19938 1
19944 2
19981 1
20010 1
20013 1
20031 1
20041 1
20083 1
20088 1
20123 1
20142 1
20151 1
20169 1
20181 1
20198 1
20200 1
20206 1
20216 1
20224 1
20236 2
20243 1
20260 1
20262 1
20267 3
20272 2
20287 1
20297 1
20339 1
20344 1
20363 1
20374 1
20377 1
20380 1
20387 1
20415 1
20416 1
20443 1
20451 1
20472 1
20480 32
20481 1
20486 1
20510 2
20527 1
20543 1
20555 1
20593 1
20602 1
20604 1
20608 1
20611 1
20623 1
20625 1
20628 2
20629 2
20630 1
20631 1
20632 1
20650 1
20668 1
20713 1
20719 1
20741 1
20743 1
20753 1
20754 1
20773 1
20775 4
20807 1
20824 1
20832 1
20889 1
20957 1
21003 1
21004 1
21008 1
21028 1
21029 3
21031 2
21032 1
21045 1
21062 1
21068 2
21102 1
21109 1
21125 1
21151 1
21167 1
21169 2
21176 1
21180 1
21184 4
21216 1
21219 1
21265 1
21280 2
21306 1
21309 1
21322 1
21336 1
21347 1
21391 1
21420 1
21429 1
21432 1
21474 1
21483 1
21490 1
21504 5
21516 1
21524 1
21536 2
21562 1
21578 1
21587 1
21591 1
21670 1
21687 1
21690 1
21744 1
21745 1
21756 1
21791 1
21805 1
21829 1
21842 1
21863 2
21888 1
21930 1
21940 1
21956 1
21993 1
22001 1
22010 1
22015 1
22032 1
22052 1
22062 1
22085 1
22117 1
22119 1
22158 1
22184 1
22200 2
22208 2
22227 3
22232 1
22235 1
22236 3
22268 1
22287 2
22288 2
22293 1
22314 1
22318 1
22363 1
22372 1
22395 1
22429 2
22438 1
22440 1
22448 1
22486 1
22520 1
22528 7
22552 1
22564 1
22592 1
22634 1
22677 1
22697 1
22704 1
22716 1
22727 1
22798 1
22822 1
22827 1
22833 1
22849 1
22862 2
22864 1
22901 1
22906 1
22916 1
22966 1
22971 1
22974 2
23005 1
23014 1
23032 2
23047 1
23119 3
23124 1
23137 1
23180 1
23208 2
23212 1
23232 2
23279 1
23281 1
23340 2
23352 1
23382 1
23385 1
23409 1
23444 1
23490 1
23513 1
23552 2
23567 1
23640 1
23699 1
23713 1
23732 1
23733 1
23755 1
23774 1
23794 1
23825 2
23840 1
23857 1
23873 1
23878 1
23916 1
23917 2
23920 2
23981 1
24003 1
24009 2
24013 1
24026 1
24027 1
24064 1
24080 1
24126 1
24145 1
24156 1
24157 1
24296 1
24348 1
24361 1
24413 1
24476 1
24498 1
24513 1
24576 14
24616 1
24620 1
24645 1
24693 1
24696 2
24742 1
24754 1
24759 1
24821 1
24823 1
24870 2
24912 1
24921 1
24934 1
24962 1
24963 1
25019 1
25027 1
25037 1
25047 2
25050 2
25088 1
25092 1
25146 1
25161 1
25190 1
25202 1
25208 2
25211 1
25213 1
25242 1
25255 1
25309 1
25352 3
25362 1
25373 2
25376 1
25389 1
25433 1
25479 1
25488 1
25523 1
25539 1
25547 1
25562 1
25567 1
25568 1
25574 1
25590 1
25597 1
25617 3
25640 1
25685 1
25728 1
25733 1
25736 1
25737 1
25740 1
25762 1
25793 1
25795 1
25816 2
25817 1
25846 2
25992 1
26004 1
26093 1
26112 2
26139 1
26144 1
26191 1
26212 1
26213 1
26225 1
26249 1
26275 1
26289 1
26298 1
26318 2
26325 1
26329 1
26339 1
26349 1
26351 1
26395 1
26406 2
26408 1
26432 1
26438 1
26445 1
26449 1
26471 1
26480 1
26481 1
26496 1
26522 1
26523 1
26536 1
26616 1
26624 5
26636 3
26642 1
26702 1
26747 1
26786 2
26792 1
26840 1
26893 1
26896 1
26898 1
26899 1
26939 1
26978 1
26985 1
26989 1
27006 1
27011 1
27023 1
27059 1
27136 1
27141 1
27183 1
27220 1
27230 2
27262 1
27268 1
27295 1
27296 1
27303 1
27304 2
27310 1
27328 2
27363 2
27364 1
27457 1
27536 2
27544 1
27590 1
27599 1
27672 1
27697 1
27783 1
27798 1
27890 1
27901 1
27921 1
28000 1
28025 1
28043 1
28047 1
28052 2
28067 1
28103 1
28140 1
28160 1
28188 1
28191 1
28205 1
28228 1
28262 1
28322 1
28357 1
28380 1
28399 1
28416 7
28424 1
28435 1
28448 1
28469 4
28475 2
28533 2
28544 1
28626 1
28647 1
28650 1
28672 6
28713 1
28719 1
28731 1
28738 1
28756 1
28777 1
28796 3
28799 1
28801 1
28844 1
28847 1
28848 1
28860 2
28880 1
28888 2
28912 1
28922 1
28923 1
28984 1
29044 1
29072 1
29102 1
29120 1
29124 1
29126 1
29142 1
29150 2
29172 1
29177 1
29200 2
29228 1
29239 1
29242 1
29256 1
29264 1
29276 1
29278 1
29304 1
29317 1
29321 1
29352 1
29392 1
29424 1
29450 1
29480 1
29502 1
29519 1
29545 1
29611 2
29615 1
29618 1
29622 1
29673 1
29696 1
29708 1
29718 2
29781 1
29784 1
29791 1
29795 2
29829 3
29832 2
29856 1
29880 1
29898 1
29903 1
29922 1
29931 1
29980 1
30011 1
30051 1
30098 1
30117 1
30165 1
30207 1
30214 1
30254 1
30285 1
30294 1
30324 1
30424 1
30440 1
30477 1
30480 1
30490 1
30521 1
30545 1
30584 1
30604 1
30618 1
30635 2
30647 1
30691 1
30720 4
30724 1
30736 3
30775 1
30825 1
30828 1
30937 1
30973 1
31000 2
31022 1
31026 2
31027 1
31028 1
31029 1
31030 1
31042 1
31071 1
31094 1
31108 1
31138 1
31146 1
31152 1
31176 1
31232 1
31253 2
31305 1
31351 1
31377 1
31445 1
31463 2
31472 1
31480 1
31498 2
31536 1
31582 1
31593 1
31612 2
31618 2
31674 3
31684 1
31711 1
31724 1
31744 5
31860 1
31904 1
31908 1
31930 1
31934 1
31954 1
31981 2
32007 1
32010 1
32017 1
32057 1
32136 1
32163 1
32230 1
32256 1
32316 1
32342 1
32387 2
32391 1
32428 2
32437 2
32452 1
32500 1
32505 1
32547 1
32611 1
32654 1
32666 2
32687 1
32737 1
32768 8
32814 1
32816 1
32892 1
32952 1
32965 1
32977 1
33058 1
33154 1
33188 1
33222 1
33235 1
33251 1
33256 1
33306 2
33394 1
33448 1
33452 1
33455 1
33472 1
33496 1
33565 1
33609 1
33615 1
33692 1
33709 2
33718 2
33792 2
33831 1
33840 1
33842 1
33879 1
33887 1
33912 1
33914 1
33968 1
34058 1
34100 1
34110 1
34196 1
34206 1
34224 2
34286 1
34304 1
34401 1
34435 1
34472 1
34485 2
34504 1
34684 1
34816 3
34830 1
34883 1
34956 3
34991 1
35073 1
35088 1
35154 1
35160 3
35215 1
35235 1
35256 1
35279 1
35291 1
35302 1
35397 1
35433 1
35478 2
35560 2
35579 1
35581 1
35693 1
35798 1
35840 1
35869 1
35903 2
35926 1
35941 2
35964 2
35965 3
35966 3
35967 1
35968 3
35969 3
35988 1
36008 1
36074 1
36075 3
36076 3
36082 1
36249 2
36252 1
36303 5
36335 1
36341 5
36344 1
36352 1
36365 4
36366 3
36368 4
36369 3
36449 1
36451 1
36454 1
36475 4
36476 3
36508 2
36510 1
36626 1
36627 1
36641 1
36759 1
36766 2
36767 2
36769 2
36826 1
36833 2
36864 5
36876 2
36908 1
36940 1
36966 1
36987 1
37054 1
37120 1
37166 1
37169 1
37216 1
37222 1
37236 1
37255 1
37276 1
37298 1
37302 1
37312 1
37340 1
37358 1
37375 1
37495 1
37514 1
37525 1
37560 1
37628 3
37656 1
37665 1
37667 1
37707 1
37709 2
37724 2
37743 1
37764 1
37797 1
37800 1
37823 1
37888 1
37892 1
37905 1
37910 1
37925 1
37937 1
37988 1
38023 1
38026 1
38032 2
38040 1
38092 1
38123 1
38127 1
38179 1
38204 1
38282 1
38283 3
38290 1
38298 2
38475 1
38526 1
38552 1
38558 1
38624 1
38705 1
38768 1
38871 1
38886 1
38912 10
38961 1
38964 1
38976 1
38986 1
39109 1
39119 2
39132 1
39255 1
39280 1
39332 1
39416 1
39424 1
39453 1
39463 2
39505 1
39535 1
39560 1
39561 1
39586 1
39588 1
39589 1
39671 1
39690 1
39750 2
39752 1
39786 1
39802 1
39808 2
39874 1
39900 1
39936 3
40030 2
40044 1
40080 1
40081 1
40090 1
40202 1
40207 1
40216 1
40249 1
40267 1
40360 2
40399 1
40589 1
40591 1
40648 1
40661 1
40809 1
40860 1
40918 1
40928 1
41023 1
41034 1
41073 4
41091 1
41227 1
41301 1
41365 1
41400 1
41512 1
41544 1
41695 1
41699 1
41725 1
41755 1
41759 1
41776 1
41839 1
41858 1
41864 1
41872 1
41877 1
41889 1
41894 2
41898 1
41904 1
41948 1
41954 1
41958 1
41964 1
41965 1
41966 1
41968 2
41970 1
41971 1
41972 2
41975 1
41976 1
41982 1
41983 2
41984 2
41988 1
41989 1
41990 1
41992 2
42000 1
42004 1
42005 1
42025 1
42027 1
42030 1
42034 1
42045 1
42059 1
42064 1
42085 1
42088 1
42089 1
42092 1
42095 1
42112 1
42136 1
42200 2
42217 1
42223 1
42235 1
42256 1
42260 1
42269 1
42274 1
42288 1
42321 1
42322 1
42332 1
42334 1
42345 1
42357 1
42358 1
42402 1
42444 1
42457 1
42461 1
42464 1
42470 1
42479 1
42518 1
42528 1
42560 1
42594 1
42612 1
42614 1
42687 2
42747 1
42768 2
42790 1
42804 1
42809 1
42855 2
42862 1
42864 1
42931 1
42953 1
43002 1
43008 4
43113 1
43144 1
43157 1
43174 1
43223 1
43254 1
43274 1
43349 1
43407 1
43411 1
43456 1
43459 1
43477 1
43496 2
43552 1
43598 1
43719 1
43736 3
43746 1
43770 1
43815 1
43879 1
43946 1
43960 2
43980 1
44007 1
44008 1
44015 1
44016 1
44019 1
44050 1
44195 1
44268 1
44312 1
44331 1
44463 1
44503 1
44512 1
44518 1
44619 1
44632 1
44691 1
44692 1
44749 1
44807 1
44813 1
44944 1
44956 1
45015 1
45043 1
45045 1
45051 1
45056 3
45096 1
45102 1
45203 1
45210 1
45307 1
45309 1
45322 1
45347 1
45354 1
45379 2
45386 1
45407 1
45415 1
45451 1
45531 1
45571 1
45644 1
45672 1
45688 1
45690 1
45698 1
45746 1
45822 1
45835 1
45916 1
45935 1
46003 1
46075 1
46077 1
46080 2
46157 1
46161 1
46189 1
46193 1
46202 1
46261 1
46276 1
46277 1
46368 1
46377 1
46406 1
46427 1
46451 1
46485 1
46494 1
46586 2
46592 1
46598 2
46606 1
46628 1
46688 1
46700 1
46723 1
46805 1
46827 1
46844 1
46865 1
46895 1
46964 1
46997 1
47001 1
47083 1
47090 1
47104 4
47108 1
47190 1
47192 1
47207 1
47236 1
47266 2
47315 1
47415 1
47445 1
47504 1
47579 1
47588 1
47607 2
47616 1
47686 1
47724 1
47774 1
47775 1
47859 1
47917 1
47921 1
47952 1
47978 1
48025 1
48048 1
48126 1
48128 2
48180 1
48359 1
48384 1
48438 2
48519 2
48549 1
48584 1
48640 2
48644 1
48669 3
48674 1
48699 2
48754 1
48758 1
48776 1
48785 1
48804 1
48934 1
48951 1
48952 1
48982 1
49152 3
49157 1
49164 1
49166 1
49230 1
49240 1
49270 1
49295 1
49409 1
49540 1
49541 1
49599 1
49644 2
49675 1
49746 1
49809 1
49813 1
49830 4
49835 1
49864 2
49902 1
49905 1
49940 1
49989 1
50027 1
50085 1
50167 1
50171 1
50220 1
50281 1
50295 2
50308 1
50385 1
50408 1
50478 1
50508 1
50525 1
50574 1
50578 1
50614 1
50636 2
50650 1
50694 1
50736 1
50792 1
50809 6
50813 1
50815 3
50859 1
50969 1
51066 2
51073 1
51119 1
51228 1
51266 1
51276 1
51324 1
51334 1
51403 1
51435 2
51530 1
51552 2
51646 1
51678 1
51694 3
51732 1
51787 1
51895 1
51926 1
51936 1
51945 1
51972 1
52015 1
52119 1
52155 1
52224 1
52255 1
52271 1
52279 1
52292 1
52333 1
52342 1
52399 1
52407 1
52418 1
52550 1
52572 1
52678 1
52709 1
52740 1
52771 1
52854 1
52860 1
52869 1
52873 1
52886 1
52901 1
52930 1
52964 1
52979 1
53006 2
53008 2
53136 1
53219 1
53248 2
53252 1
53262 1
53268 1
53269 1
53392 1
53443 1
53573 1
53762 1
53763 1
53803 1
53913 1
53975 1
53981 1
53991 1
54047 2
54162 1
54272 1
54290 1
54296 1
54391 1
54441 1
54474 1
54495 1
54499 2
54501 1
54555 1
54612 1
54629 1
54697 1
54765 1
54810 1
54816 1
54828 1
54838 1
54954 2
55047 2
55055 1
55069 1
55087 1
55106 1
55318 2
55339 1
55352 1
55400 1
55404 1
55471 1
55663 1
55682 1
55824 1
55920 1
55964 1
55971 1
56031 1
56051 1
56065 1
56071 1
56132 1
56168 1
56198 1
56214 1
56227 1
56295 1
56351 1
56410 1
56435 1
56441 1
56526 1
56535 1
56538 1
56781 1
56835 1
56862 1
56866 1
56922 1
56959 1
56978 1
57110 1
57114 1
57183 1
57254 1
57306 1
57319 1
57325 1
57344 3
57397 1
57468 1
57578 1
57591 1
57596 1
57623 1
57742 1
57831 1
57834 1
57911 1
57912 1
57934 2
57942 1
58108 1
58143 1
58174 1
58212 1
58320 2
58367 1
58401 1
58475 2
58501 1
58563 1
58639 1
58678 1
58752 1
58788 2
58806 2
58870 1
59078 1
59141 1
59162 1
59166 1
59186 1
59290 1
59306 1
59323 1
59373 1
59535 1
59542 1
59548 1
59674 1
59678 1
59688 1
59779 3
59786 10
59837 1
59859 1
59940 1
59966 1
60021 1
60080 1
60174 1
60183 3
60186 1
60215 1
60264 2
60345 1
60397 3
60426 1
60497 1
60588 1
60669 1
60726 1
60750 2
60806 1
60845 1
60859 1
60915 1
60963 1
60978 1
60993 1
60996 1
61015 1
61028 1
61164 1
61216 2
61317 1
61326 1
61366 1
61386 1
61440 3
61451 1
61616 1
61722 1
61803 1
61845 1
61857 1
61884 2
61909 1
61938 1
61995 1
62077 1
62145 1
62168 1
62235 1
62256 2
62263 1
62292 1
62362 1
62451 1
62464 1
62467 1
62523 1
62562 1
62613 1
62642 1
62690 1
62713 2
62769 1
62833 1
62902 1
62978 1
62985 2
63015 1
63018 1
63027 1
63063 1
63171 1
63173 1
63228 1
63297 1
63322 1
63423 1
63472 1
63646 1
63678 1
63784 1
63831 3
63925 1
63976 3
64008 1
64087 3
64164 1
64317 1
64360 1
64365 1
64419 1
64445 1
64512 2
64734 1
65124 1
65173 1
65252 1
65368 1
65369 1
65462 1
65536 2
65591 1
65608 1
65812 1
65941 1
65957 1
66225 1
66273 1
66392 1
66447 1
66471 1
66760 1
66788 1
66820 1
66859 1
66886 1
66908 1
66912 3
66917 1
66987 1
67075 1
67332 1
67357 1
67510 1
67590 1
67747 2
67748 1
67749 1
67772 2
67818 3
67856 3
67875 1
67956 1
67964 1
68096 1
68141 1
68358 1
68369 1
68607 1
68688 1
68698 1
68761 1
68837 3
69174 1
69312 7
69337 2
69368 2
69427 1
69435 1
69632 1
69844 3
69903 2
70073 1
70254 1
70380 1
70389 1
70711 1
70977 1
71052 1
71120 2
71275 1
71302 1
71303 1
71314 1
71329 1
71360 1
71369 1
71457 3
71527 1
71655 1
71725 1
71829 1
72035 1
72085 1
72141 1
72495 1
72536 2
72696 1
72702 1
72753 1
72779 1
72824 1
72930 1
73072 1
73176 1
73254 1
73583 1
73632 1
73728 1
74139 1
74176 1
74300 1
74310 1
74432 1
74516 1
74620 1
74761 1
75018 1
75079 1
75128 1
75428 1
75460 1
75784 1
75789 3
76002 1
76032 1
76140 1
76162 1
76302 3
76349 1
76353 1
76875 1
77322 1
77340 1
78074 1
78084 1
78162 1
78232 1
78238 1
78251 1
78252 1
78275 1
78303 1
78323 1
78570 1
78661 2
78673 1
78788 1
78857 1
78894 1
79056 1
79075 1
79218 1
79280 1
79299 1
79507 2
79519 1
79570 2
79643 1
79750 1
79861 1
79872 1
79947 1
80294 1
80352 1
80433 1
80481 1
80506 1
80838 1
80896 2
81011 2
81415 1
81648 1
81920 4
81937 1
82271 1
82533 1
82944 1
83032 1
83108 1
83312 1
83320 1
83355 1
83619 1
83968 2
84004 1
84084 1
84112 1
84250 1
84267 1
84384 2
84410 1
84635 1
84643 1
84857 1
84932 1
85080 1
85085 1
85113 3
85328 3
85336 1
85546 1
85561 1
85915 1
85916 1
86841 1
86941 1
86976 1
87560 1
87635 1
87642 1
87739 1
87749 1
88015 1
88209 2
88410 1
88423 1
88478 1
88857 1
88858 1
88976 1
89262 1
89397 1
89508 1
89910 1
90112 2
90120 1
90165 1
90369 1
90745 1
90801 1
90937 1
90996 1
91136 1
91545 1
92018 1
92195 2
92206 1
92267 1
92270 1
92271 1
92281 1
92340 1
92803 1
93040 2
93258 1
93459 1
93552 1
93879 1
93960 1
94041 1
94208 5
94386 1
94453 1
94460 1
94469 1
94476 2
94619 1
94730 1
94932 1
95013 1
95346 1
95421 2
95442 1
95494 1
95499 1
96261 2
96353 1
96413 1
96468 1
96579 1
96667 1
96695 1
97446 1
97767 1
98036 1
98091 1
98171 1
98320 1
98334 1
98415 1
98750 1
98769 1
98911 1
99015 1
99105 1
99231 1
99233 1
99308 1
99328 1
99448 1
99838 1
99954 1
100387 1
100683 1
101532 1
101832 1
101852 1
102124 1
102400 4
102408 3
102912 1
102939 1
103056 1
103424 2
103623 1
104188 1
104331 1
104448 2
105240 1
105367 1
105450 1
105472 1
105562 1
105677 1
106074 1
106077 2
106188 1
106297 1
106328 1
106358 1
107008 1
107518 1
107856 1
107868 3
108797 1
108804 1
109329 1
109714 1
110024 1
110079 1
110328 1
110744 1
111024 1
112069 1
112596 1
112868 1
113229 2
113307 1
113472 1
114223 1
114482 1
114688 1
114864 2
115047 1
115270 1
115328 1
115666 1
116148 1
116561 1
116944 1
118763 1
119591 1
120356 1
121322 1
121498 1
121856 1
122745 1
122880 1
123598 1
123727 1
124007 1
124280 1
124967 2
125180 1
125453 1
125792 3
125961 1
126976 1
127070 1
127071 1
127072 2
127233 1
127332 1
127413 1
127414 2
127494 1
129133 1
129761 1
131072 2
131300 1
131302 1
131318 1
131461 1
131505 1
131535 1
131543 1
131669 2
131712 1
131858 1
131898 1
131899 1
132073 1
132216 1
133098 1
133133 1
134072 1
134281 1
134450 1
135567 1
135695 1
135734 1
135821 1
136084 1
136093 1
136683 1
136805 1
136912 2
137463 1
137771 1
138488 1
138691 1
138909 3
139304 1
139523 1
140137 2
140384 1
140650 1
141289 1
141512 1
141776 1
141857 1
141945 1
142360 1
142435 1
142532 2
142911 1
143145 1
143360 1
143768 1
144055 1
144430 1
144820 2
145144 1
146396 1
146400 1
146644 1
147104 1
147456 1
147595 2
147765 1
147888 1
147965 1
148471 1
148692 1
148754 1
149267 1
149283 1
150617 1
151534 1
151552 2
152368 1
152833 1
152885 1
153075 1
153184 1
154902 1
155055 1
155319 1
155642 1
155648 2
155806 1
156692 1
156868 1
158424 8
158805 1
159948 1
160641 1
160763 1
160846 1
161098 1
161205 1
161272 1
161280 1
161387 1
161741 1
162283 1
162304 2
162615 1
163234 1
163985 1
165059 3
165104 1
165394 1
165396 1
166280 1
166455 1
166628 1
167294 1
167435 1
167497 1
168050 1
168224 10
168225 5
168507 1
168511 1
170913 1
171153 1
171621 1
171817 1
172142 1
172961 1
174169 1
175791 1
176015 1
177489 1
179468 1
180224 3
180786 2
180797 1
181343 2
181844 1
182864 1
183361 1
183481 1
183510 2
183518 1
183684 1
184583 1
185102 1
186080 2
186814 1
187783 1
188416 3
189460 2
189981 1
190041 1
191844 1
192112 1
192289 1
192512 4
197454 1
197908 1
198357 2
198368 1
198511 1
198592 1
200087 1
200569 1
203632 1
203785 1
203943 1
204588 1
204782 1
206133 1
207411 1
208226 1
208236 1
209815 1
210377 1
210788 1
211152 2
211572 1
213670 1
214551 1
217129 1
217395 1
217693 1
219324 1
220968 1
221223 1
223514 2
223593 1
225280 2
227405 1
227663 1
228320 1
229376 3
232703 1
232883 1
232949 1
233472 5
234146 1
236629 1
238587 2
239320 1
239624 1
241306 1
241582 1
242202 1
242354 1
242780 1
243326 1
243712 1
243913 1
244076 1
244984 1
245365 1
245415 1
247107 1
247808 1
248055 2
248310 1
248391 1
249120 1
250389 1
250854 1
251121 1
252468 1
253293 1
253917 1
258623 1
258723 1
260096 1
261675 1
261846 1
261872 1
262144 2
262811 1
265782 1
265920 1
266491 1
267034 1
267514 1
268587 1
270177 1
270336 1
271980 1
272150 1
272181 1
272322 1
272635 1
273630 1
273882 1
274071 4
274585 1
274681 1
274993 1
276448 1
277113 2
278509 1
278528 1
278636 1
280740 1
282624 1
283565 1
283648 1
284672 5
286720 1
290816 1
291840 1
292320 1
293620 1
293643 1
295264 1
297051 1
297201 1
297738 1
298556 1
298878 1
299133 1
299553 1
300790 1
300850 1
301470 1
303104 2
304801 1
306113 1
307651 1
308109 1
308764 1
309732 1
310150 1
311296 1
312312 1
315392 2
315612 1
315964 1
315968 1
316737 1
316857 2
319187 1
319663 2
320538 1
320765 1
321960 1
322184 1
322980 2
324093 1
324614 1
327375 1
327727 1
328060 1
328642 1
331602 1
331776 4
332052 1
335872 1
335905 1
336036 1
336069 1
336407 1
336848 1
336950 1
337097 1
337452 1
340243 1
342955 1
344278 1
345651 1
346112 1
348160 1
349192 1
349671 1
350568 1
353289 4
354597 1
355038 1
355065 1
357013 1
362050 2
366731 1
367009 1
368173 1
370753 1
370869 1
373644 1
374458 1
374581 3
379959 1
380235 1
383804 1
385715 2
388387 1
389120 1
391168 1
392112 1
400103 1
403264 2
403456 1
404505 2
405941 1
406608 1
407091 1
407397 2
409243 1
415451 2
415462 1
415758 1
420069 1
421888 2
422922 2
422933 1
423244 1
424348 1
428672 1
428919 1
432798 1
437424 1
439109 1
442407 1
444921 1
445632 2
447759 1
448321 1
451328 1
451549 1
451584 2
452991 1
453821 1
453962 1
455750 1
455803 1
455804 1
462803 2
467259 2
472125 1
472287 1
472365 1
477250 1
478067 1
479220 1
480018 3
481280 1
484938 1
487359 2
497664 1
501760 4
505309 1
506859 1
508757 1
508783 1
509357 1
510023 1
511187 1
515077 1
516123 1
520732 2
525528 2
527003 1
528611 1
536235 1
538894 1
541760 1
548352 1
554512 1
554715 1
555550 1
556384 1
556979 1
557056 1
562441 1
565916 1
566817 1
566917 1
568526 1
570018 1
570637 1
570924 1
571494 1
571507 1
582740 1
588560 1
606208 2
607573 1
608056 1
608060 1
608896 1
609121 2
609734 1
610848 1
611761 1
614526 1
619288 1
624167 1
631812 1
635836 1
638696 1
655387 1
656597 1
658005 2
660190 1
664951 1
675840 2
676236 1
687884 1
690355 1
694272 2
694758 1
705928 2
724100 1
725089 2
725100 1
728456 1
739911 2
739922 1
741515 1
742589 1
742617 1
768087 1
778240 2
790528 1
800632 1
804177 1
804925 1
837689 1
838951 1
841139 1
844136 1
863545 2
886265 1
915238 1
915286 1
929064 1
950407 1
952962 1
979689 1
980497 1
991501 1
1004634 1
1021283 1
1034322 1
1037930 1
1041721 1
1048211 1
1049733 1
1055431 1
1063826 1
1065059 1
1085376 1
1088484 1
1124875 1
1131756 1
1156361 1
1156695 1
1171616 1
1184147 1
1205224 1
1207428 1
1214744 1
1214926 1
1217822 1
1232096 1
1254064 1
1265666 2
1296224 1
1312414 1
1324872 1
1325609 1
1346606 1
1361148 2
1370937 1
1389859 1
1400832 2
1411114 1
1421312 1
1520033 2
1536543 1
1568768 2
1604901 1
1609223 1
1623900 1
1632256 1
1640348 1
1651719 1
1653516 1
1655344 2
1662604 1
1681563 1
1682214 1
1705446 1
1723563 1
1760502 1
1855488 2
1878952 1
1968603 1
2024172 1
2064384 1
2140160 1
2165685 1
2166768 1
2174976 2
2198276 1
2400256 1
2402304 1
2632379 1
2690702 1
2692448 1
2783185 1
2793472 1
2794976 1
2857881 1
2857906 1
2920924 2
2930233 1
3014656 1
3036672 2
3117056 1
3155470 1
3469312 1
3647109 1
4009788 1
4336812 1
4560409 1
4730551 1
4825088 1
4884394 1
4943870 1
5354349 1
5753344 1
6040959 1
6359535 1
7716864 1
7794688 1
7795712 1
7982810 1
8571904 2
8667136 1
8929331 1
8957952 1
9131201 1
9140317 1
9203250 1
9971668 1
9980491 1
11650388 1
15571968 1
16451584 2
16701440 1
19211132 1
29674496 1
34805410 1
35803940 1
