0 52
1 2
3 4
4 1
10 5
11 2
12 4
13 1
16 126
21 1
24 132
36 1
51 1
54 1
56 1
69 1
70 1
78 1
82 1
85 2
100 1
101 1
103 46
106 1
109 1
142 1
144 1
158 1
178 2
181 1
182 1
185 1
186 1
188 1
196 1
198 4
199 7
204 1
210 1
213 1
219 1
228 1
271 2
275 2
281 12
300 1
318 1
324 1
355 1
364 1
389 2
431 1
437 2
450 1
466 8
474 2
519 1
542 1
549 1
550 2
551 1
565 1
571 2
584 1
607 1
612 2
627 3
631 3
638 1
648 1
669 1
695 1
701 1
707 1
712 1
714 2
717 1
718 1
805 1
810 1
868 1
898 1
927 1
1024 136
1098 1
1237 1
1281 1
1516 1
1908 1
1954 1
1973 1
1984 1
2036 1
2077 1
2108 1
2155 1
2357 1
2635 1
3449 7
3769 1
3800 1
4092 1
4093 1
4134 1
4198 1
4218 1
4239 1
4252 2
4284 1
4430 1
4713 1
4734 1
5496 1
5879 1
6102 1
6989 1
7088 1
7168 1
7806 1
7853 1
8669 1
9527 1
9789 1
10266 1
11901 1
11943 1
12370 1
12433 1
13158 1
14132 1
15016 1
15156 1
16308 1
16384 1
22528 1
25120 1
25247 2
26505 1
26876 1
27040 1
27583 1
34226 1
35514 1
35830 1
38174 1
43617 1
58523 1
117323 1
