0 28
1 4
3 1
9 1
11 3
16 178
20 1
24 120
36 1
54 1
56 2
70 3
89 1
92 1
96 1
100 3
101 2
103 50
106 2
108 3
128 2
131 1
139 2
142 2
144 1
150 1
159 4
181 1
182 2
188 2
198 1
199 2
204 2
205 1
210 2
219 1
223 1
228 2
248 1
271 2
281 3
318 1
324 2
357 1
390 1
431 2
441 3
450 1
466 5
504 1
512 2
521 1
551 1
565 1
597 1
615 1
617 1
624 2
646 1
669 1
687 1
714 2
805 1
810 2
815 1
898 1
899 1
1024 162
1085 1
1100 1
1141 1
1154 1
1157 1
1272 1
1579 1
1872 1
2194 1
2224 1
2436 1
2466 1
2648 1
2650 1
2657 1
3484 1
3491 1
4011 1
4920 1
4961 11
5587 6
6144 1
6543 1
7566 1
7798 1
8233 1
8244 1
8498 1
8838 1
8849 1
10007 1
10140 1
11011 1
15360 1
16330 1
18845 1
22676 1
32768 1
35095 1
35211 1
35465 1
37609 1
39491 1
40062 1
43125 1
44665 1
49639 1
52298 1
54603 1
60887 1
65458 1
65578 1
67356 1
67918 1
69461 1
69697 1
71180 1
71601 1
73971 1
75421 1
77631 1
78095 1
80479 1
103376 1
156799 1
174770 1
176572 1
177474 1
192687 1
202031 1
205385 1
210255 1
221305 1
247483 1
250310 1
274097 1
299552 1
1515520 1
