0 51
1 9
9 1
11 3
15 1
16 271
24 185
29 1
31 1
53 2
56 2
64 1
69 1
70 4
77 1
89 2
94 1
100 2
101 2
103 50
106 2
108 1
125 2
127 1
131 1
142 2
150 1
153 1
159 1
162 1
178 1
182 2
185 1
188 2
199 8
204 2
205 1
210 2
223 1
228 2
271 1
272 1
275 2
281 8
312 1
313 1
315 1
321 2
324 1
338 1
396 2
444 1
466 11
475 1
511 2
561 1
566 2
571 1
595 1
601 1
617 1
638 1
646 1
652 1
714 2
810 2
1024 171
1109 1
1119 1
1124 1
1141 1
1154 1
1193 1
1670 1
1918 1
1965 1
2137 1
2164 1
2190 1
2332 1
2410 1
2513 1
2556 1
2684 1
2702 1
2824 1
3304 1
3491 1
3576 1
3675 1
3815 1
3859 1
3884 1
4096 1
4349 1
4578 1
4723 1
5263 1
5799 1
6784 1
7381 1
7934 1
8239 1
8442 2
8468 1
8550 1
9216 1
10092 1
10291 1
10842 1
10876 1
11015 1
11471 1
11651 1
12562 1
12806 1
13578 1
14778 1
14846 1
15613 1
17408 1
18332 1
20251 1
25855 1
29642 1
31366 1
32765 1
34091 1
34723 1
35003 1
37339 1
41162 1
41631 1
55304 1
61731 1
90716 3
117229 1
1059466 1
