0 116
1 2
2 1
3 2
4 7
5 3
6 3
7 9
8 6
9 29
10 24
13 4
14 5
15 7
16 2
17 6
18 5
19 4
20 124
21 3
22 7
23 5
24 29
25 4
26 5
27 3
28 2
29 11
30 3
31 2
32 4
33 5
34 4
35 1
36 13
37 3
38 15
39 8
40 2
41 5
42 3
43 4
44 2
45 5
46 4
47 1
49 1
52 3
54 2
55 2
56 4
57 2
58 5
59 2
60 2
61 3
62 4
63 1
64 2
65 2
67 2
68 4
69 10
70 8
71 3
72 3
73 1
74 4
75 1
76 31
77 38
78 68
79 21
80 14
81 5
82 73
83 63
84 15
85 13
86 7
87 5
88 13
89 22
90 134
91 30
92 7
93 84
94 15
95 34
96 8
97 7
98 5
99 1
100 5
101 8
102 6
103 14
104 1
105 1
106 6
107 5
108 11
109 9
110 5
111 26
112 4
113 22
114 4
115 36
116 3
117 66
118 5
119 157
120 13
121 552
122 14
123 13
124 40
125 246
126 374
127 614
128 730
129 619
130 521
131 173
132 233
133 140
134 129
135 59
136 245
137 694
138 937
139 691
140 281
141 53
142 28
143 205
144 55
145 6
146 14
147 69
148 19
149 163
150 8
151 35
152 4
153 52
154 28
155 7
156 21
157 32
158 10
159 48
160 29
161 13
162 17
163 7
164 18
165 720
166 5
167 6
168 9
169 10
170 4
171 77
172 12
173 16
174 18
175 18
176 23
177 37
178 31
179 26
180 30
181 16
182 18
183 23
184 17
185 9
186 7
187 9
188 11
189 4
190 8
191 1
192 7
193 4
194 9
195 4
196 12
197 12
198 19
199 15
200 7
201 7
202 5
203 8
204 10
205 9
207 11
208 9
209 15
210 5
211 9
212 7
213 7
214 10
215 5
216 5
217 2
218 9
219 7
220 5
221 10
222 16
223 8
224 6
225 9
226 11
227 8
228 9
229 4
230 4
231 10
232 7
233 4
234 12
235 10
236 10
237 8
238 30
239 95
240 47
241 11
242 12
243 13
244 4
245 18
246 4
247 109
248 270
249 528
250 604
251 848
252 816
253 963
254 812
255 762
256 975
257 496
258 638
259 483
260 189
261 226
262 171
263 99
264 155
265 132
266 156
267 158
268 80
269 84
270 115
271 81
272 63
273 66
274 68
275 36
276 45
277 98
278 59
279 22
280 124
281 26
282 51
283 50
284 53
285 16
286 49
287 38
288 68
289 39
290 27
291 18
292 22
293 12
294 20
295 16
296 21
297 23
298 18
299 17
300 18
301 26
302 23
303 24
304 18
305 15
306 22
307 17
308 18
309 32
310 19
311 34
312 55
313 58
314 60
315 62
316 56
317 66
318 27
319 39
320 45
321 17
322 23
323 24
324 25
325 15
326 13
327 16
328 13
329 14
330 14
331 12
332 31
333 25
334 19
335 14
336 19
337 16
338 21
339 26
340 21
341 34
342 38
343 26
344 29
345 44
346 20
347 34
348 39
349 12
350 49
351 18
352 17
353 30
354 21
355 26
356 45
357 37
358 53
359 63
360 31
361 38
362 54
363 54
364 33
365 61
366 30
367 57
368 36
369 14
370 17
371 42
372 24
373 33
374 14
375 24
376 24
377 43
378 47
379 88
380 55
381 55
382 71
383 48
384 36
385 63
386 117
387 148
388 170
389 141
390 166
391 217
392 86
393 64
394 33
395 61
396 45
397 39
398 12
399 66
400 13
401 31
402 13
403 33
404 64
405 39
406 47
407 42
408 13
409 38
410 9
411 55
412 8
413 53
414 20
415 11
416 19
417 33
418 7
419 16
420 12
421 31
422 3
423 15
424 12
425 26
426 24
427 20
428 18
429 32
430 7
431 18
432 8
433 24
434 15
435 20
436 18
437 22
438 9
439 17
440 13
441 15
442 26
443 17
444 21
445 45
446 22
447 27
448 13
449 33
450 19
451 43
452 26
453 26
454 17
455 41
456 33
457 38
458 34
459 31
460 30
461 39
462 34
463 24
464 38
465 40
466 28
467 13
468 30
469 22
470 25
471 19
472 30
473 26
474 31
475 18
476 25
477 35
478 21
479 19
480 29
481 25
482 22
483 13
484 30
485 35
486 22
487 32
488 27
489 38
490 11
491 19
492 16
493 20
494 19
495 23
496 30
497 20
498 33
499 25
500 31
501 31
502 25
503 21
504 23
505 22
506 21
507 22
508 15
509 22
510 33
511 33
512 25
513 32
514 29
515 53
516 24
517 42
518 37
519 25
520 61
521 32
522 27
523 10
524 25
525 48
526 17
527 16
528 23
529 24
530 48
531 12
532 18
533 42
534 27
535 25
536 16
537 20
538 20
539 22
540 14
541 27
542 34
543 41
544 37
545 81
546 26
547 27
548 24
549 19
550 29
551 30
552 24
553 21
554 96
555 18
556 18
557 71
558 23
559 23
560 22
561 27
562 17
563 30
564 24
565 18
566 86
567 40
568 41
569 30
570 26
571 30
572 28
573 26
574 20
575 75
576 26
577 31
578 29
579 27
580 17
581 23
582 30
583 25
584 20
585 39
586 12
587 27
588 23
589 18
590 29
591 20
592 27
593 12
594 18
595 9
596 6
597 17
598 20
599 22
600 16
601 17
602 22
603 16
604 8
605 16
606 13
607 10
608 23
609 7
610 61
611 12
612 37
613 11
614 16
615 13
616 13
617 16
618 19
619 49
620 14
621 16
622 25
623 51
624 79
625 38
626 70
627 126
628 76
629 54
630 29
631 26
632 17
633 35
634 45
635 79
636 46
637 35
638 31
639 50
640 20
641 35
642 32
643 38
644 27
645 38
646 49
647 23
648 20
649 39
650 62
651 24
652 13
653 23
654 27
655 35
656 14
657 23
658 35
659 18
660 19
661 14
662 53
663 8
664 16
665 17
666 18
667 22
668 37
669 15
670 9
671 27
672 19
673 17
674 17
675 19
676 10
677 31
678 16
679 48
680 15
681 20
682 22
683 9
684 17
685 22
686 15
687 20
688 18
689 22
690 15
691 16
692 12
693 9
694 15
695 24
696 20
697 23
698 20
699 25
700 26
701 12
702 32
703 22
704 19
705 18
706 20
707 27
708 48
709 41
710 23
711 37
712 15
713 23
714 25
715 10
716 32
717 24
718 36
719 23
720 28
721 18
722 20
723 14
724 14
725 23
726 52
727 34
728 16
729 16
730 25
731 11
732 11
733 14
734 19
735 10
736 10
737 14
738 8
739 9
740 5
741 12
742 37
743 8
744 5
745 21
746 10
747 10
748 16
749 36
750 10
751 5
752 14
753 19
754 16
755 23
756 13
757 15
758 37
759 16
760 6
761 17
762 23
763 30
764 13
765 4
766 17
767 5
768 57
769 12
770 14
771 23
772 14
773 17
774 11
775 12
776 17
777 13
778 75
779 14
780 5
781 13
782 14
783 36
784 23
785 6
786 20
787 11
788 21
789 23
790 12
791 11
792 19
793 13
794 7
795 8
796 6
797 25
798 10
799 14
800 9
801 9
802 23
803 13
804 10
805 21
806 10
807 8
808 7
809 5
810 7
811 8
812 6
813 13
814 12
815 21
816 3
817 29
818 8
819 5
820 6
821 4
822 11
823 9
824 7
825 27
826 21
827 15
828 19
829 9
830 21
831 13
832 13
833 12
834 15
835 10
836 8
837 11
838 15
839 16
840 5
841 8
842 5
843 12
844 13
845 5
846 11
847 15
848 2
849 4
850 8
851 8
852 3
853 3
854 8
855 30
856 20
857 15
858 8
859 3
860 20
861 12
862 22
863 15
864 32
865 9
866 13
867 8
868 13
869 14
870 41
871 47
872 4
873 30
874 10
875 32
876 20
877 3
878 52
879 31
880 11
881 7
882 11
883 14
884 12
885 41
886 9
887 27
888 11
889 3
890 6
891 62
892 5
893 7
894 54
895 6
896 54
897 9
898 17
899 10
900 12
901 7
902 22
903 22
904 49
905 9
906 16
907 23
908 21
909 35
910 8
911 18
912 46
913 8
914 48
915 10
916 26
917 8
918 3
919 10
920 17
921 7
922 8
923 8
924 12
925 20
926 12
928 35
929 4
930 8
931 1
932 28
933 5
934 9
935 8
936 5
937 6
938 54
939 12
940 9
941 6
942 12
943 6
944 9
945 8
946 8
947 4
948 11
949 11
950 2
951 9
952 7
953 3
954 12
955 3
956 7
957 3
958 5
959 3
960 5
961 7
962 9
963 6
964 5
965 12
966 3
967 34
968 10
969 16
970 4
971 12
972 6
973 5
974 7
975 3
976 6
977 6
978 11
979 5
980 5
981 11
982 10
983 6
984 8
985 3
986 4
987 7
988 6
989 7
990 9
991 2
992 6
993 25
994 3
995 6
996 8
997 5
998 12
999 9
1000 5
1001 2
1002 2
1003 15
1004 6
1005 3
1006 4
1007 5
1008 4
1009 6
1010 7
1011 4
1012 10
1013 7
1014 12
1015 8
1016 24
1017 2
1018 7
1019 7
1020 11
1021 6
1022 13
1023 15
1024 6793
1025 3
1026 9
1027 12
1028 3
1029 5
1030 12
1031 15
1032 3
1033 4
1034 12
1035 4
1036 1
1037 6
1038 12
1039 6
1040 5
1041 8
1042 19
1043 6
1044 9
1045 8
1046 20
1047 11
1048 16
1049 27
1050 23
1051 7
1052 9
1053 8
1054 5
1055 4
1056 3
1057 4
1058 19
1059 7
1060 15
1061 3
1062 4
1063 6
1064 4
1065 10
1066 8
1067 14
1068 10
1069 6
1070 9
1071 5
1072 7
1073 9
1074 5
1075 9
1076 8
1077 1
1078 8
1079 6
1080 3
1081 8
1082 8
1083 7
1084 6
1085 14
1086 10
1087 8
1088 8
1089 11
1090 5
1091 6
1092 8
1093 11
1094 9
1095 12
1096 9
1097 5
1098 11
1099 18
1100 4
1101 8
1102 8
1103 1
1104 8
1105 9
1106 3
1107 6
1108 41
1109 16
1110 3
1111 7
1112 8
1113 6
1114 29
1115 3
1116 8
1117 38
1118 10
1119 4
1120 10
1121 7
1122 4
1123 40
1124 21
1125 3
1126 6
1127 9
1128 5
1129 26
1131 7
1132 14
1133 15
1134 2
1135 8
1136 4
1137 6
1138 5
1139 4
1140 8
1141 10
1142 6
1143 6
1144 3
1145 6
1146 5
1147 4
1148 10
1149 5
1150 4
1151 5
1152 5
1153 8
1154 9
1155 13
1156 7
1157 9
1158 6
1159 3
1160 4
1161 8
1162 4
1163 13
1164 8
1165 7
1166 4
1167 4
1168 5
1169 5
1170 4
1171 13
1172 4
1173 8
1174 7
1175 8
1176 7
1177 13
1178 5
1179 7
1180 8
1181 5
1182 7
1183 18
1184 14
1185 8
1186 8
1187 6
1188 5
1189 13
1190 16
1191 10
1192 5
1194 3
1195 9
1196 5
1197 6
1198 8
1199 10
1200 13
1201 2
1202 17
1203 5
1204 8
1205 3
1206 2
1207 13
1208 9
1209 6
1210 9
1211 5
1212 4
1213 24
1214 10
1215 13
1216 4
1217 4
1218 9
1219 10
1220 12
1221 5
1222 5
1223 5
1224 11
1225 18
1226 3
1227 4
1228 7
1229 4
1230 131
1231 7
1232 6
1233 8
1234 4
1235 10
1236 20
1237 2
1238 3
1239 80
1240 4
1241 4
1242 6
1243 9
1244 5
1245 19
1246 7
1247 4
1248 7
1249 15
1250 7
1251 50
1252 2
1253 7
1254 193
1255 10
1256 8
1257 6
1258 13
1259 16
1260 4
1261 12
1262 84
1263 13
1264 2
1265 13
1266 14
1267 11
1268 18
1269 53
1270 4
1271 20
1272 63
1273 4
1274 11
1275 10
1276 9
1277 9
1278 107
1279 8
1280 6
1282 3
1283 22
1284 30
1285 2
1286 149
1287 3
1288 2
1289 6
1290 6
1291 5
1292 8
1293 38
1294 2
1295 7
1296 36
1297 7
1298 13
1299 30
1300 5
1301 39
1302 17
1303 6
1304 5
1305 1
1306 3
1307 1
1308 56
1309 9
1310 117
1311 9
1312 9
1313 15
1314 3
1315 3
1316 10
1317 40
1318 5
1319 8
1320 10
1321 8
1322 6
1323 5
1324 8
1325 27
1326 24
1327 5
1328 7
1329 5
1330 7
1331 10
1332 22
1333 2
1334 5
1335 7
1336 7
1337 8
1338 4
1339 6
1340 10
1341 6
1342 3
1343 20
1344 4
1345 9
1346 9
1347 9
1348 4
1349 3
1350 6
1351 28
1352 4
1353 7
1354 8
1355 6
1356 4
1357 14
1358 2
1359 9
1360 2
1361 2
1363 9
1364 2
1365 11
1366 9
1367 3
1368 8
1369 9
1370 17
1371 5
1372 5
1373 8
1374 2
1375 1
1376 1
1377 2
1378 9
1379 8
1380 3
1381 8
1382 4
1383 5
1384 10
1385 13
1386 5
1387 5
1388 7
1389 4
1390 9
1391 11
1392 5
1393 3
1394 9
1395 9
1396 25
1397 4
1398 4
1399 6
1400 10
1401 5
1402 3
1403 19
1404 5
1405 7
1406 6
1407 10
1408 27
1409 7
1410 4
1411 2
1412 4
1413 5
1414 3
1415 10
1416 4
1417 1
1418 4
1419 6
1420 6
1421 18
1422 4
1423 8
1424 1
1425 5
1426 8
1427 5
1428 3
1429 3
1430 5
1431 19
1432 10
1433 13
1434 5
1435 11
1436 3
1437 12
1438 4
1439 2
1440 1
1441 8
1442 3
1443 11
1444 3
1445 3
1446 7
1447 7
1448 6
1449 6
1450 2
1451 4
1452 2
1453 5
1454 8
1455 6
1456 7
1457 6
1458 5
1459 4
1460 4
1461 5
1462 4
1463 1
1464 6
1465 5
1466 12
1467 6
1468 4
1469 7
1470 9
1471 9
1472 7
1473 3
1474 7
1475 2
1476 10
1477 10
1478 7
1479 6
1480 6
1481 7
1482 14
1483 3
1484 11
1485 3
1486 6
1487 5
1488 6
1489 5
1490 8
1491 7
1492 10
1493 28
1494 3
1495 3
1496 5
1498 3
1499 13
1500 9
1501 2
1502 2
1503 8
1504 4
1505 5
1506 5
1507 4
1508 5
1509 12
1510 4
1511 7
1512 3
1513 7
1515 7
1516 6
1517 6
1518 19
1519 4
1520 8
1521 4
1522 3
1523 7
1524 28
1525 5
1526 3
1527 1
1528 29
1529 3
1530 4
1531 4
1532 3
1533 6
1534 5
1535 5
1536 3
1537 4
1538 4
1539 5
1540 2
1541 16
1542 3
1543 8
1544 8
1545 5
1546 6
1547 3
1548 7
1549 8
1550 3
1551 11
1552 7
1553 7
1554 5
1555 3
1556 6
1557 7
1558 6
1559 8
1560 10
1561 13
1562 2
1563 6
1564 5
1565 14
1566 6
1567 10
1568 9
1569 8
1570 11
1571 7
1572 6
1573 6
1574 7
1576 13
1577 4
1578 16
1579 3
1580 6
1581 6
1582 3
1583 3
1584 3
1585 10
1586 5
1587 10
1588 8
1589 4
1590 16
1591 14
1592 5
1593 4
1594 6
1595 6
1596 19
1597 6
1598 6
1599 4
1600 5
1601 4
1602 9
1603 3
1604 9
1605 3
1606 1
1607 4
1608 9
1609 4
1610 9
1611 9
1612 5
1613 16
1614 7
1615 10
1617 5
1618 24
1619 6
1620 3
1621 8
1622 16
1623 5
1624 4
1625 5
1626 7
1627 5
1628 16
1629 5
1630 7
1631 4
1632 7
1633 2
1634 6
1635 6
1636 5
1637 5
1638 16
1639 14
1640 14
1641 9
1642 10
1643 6
1644 8
1645 5
1646 7
1647 5
1648 23
1649 4
1650 4
1651 9
1652 13
1653 17
1654 10
1655 8
1656 8
1657 20
1658 8
1659 9
1660 3
1661 2
1662 6
1663 5
1664 14
1665 8
1666 12
1667 8
1668 17
1669 15
1670 6
1671 6
1672 16
1673 1
1674 9
1675 11
1676 7
1677 9
1678 12
1679 5
1680 1
1681 18
1682 4
1683 1
1684 8
1685 5
1686 4
1687 8
1688 2
1689 2
1690 3
1691 6
1692 12
1693 10
1694 8
1695 1
1696 8
1697 2
1698 7
1699 1
1700 3
1701 3
1702 2
1703 7
1704 4
1705 7
1706 7
1707 11
1708 4
1709 5
1710 5
1711 4
1712 4
1713 9
1714 7
1715 3
1716 1
1717 4
1718 14
1719 3
1720 9
1721 8
1722 1
1723 10
1724 6
1725 5
1726 8
1727 7
1728 2
1729 4
1730 9
1731 3
1732 9
1733 9
1734 4
1735 3
1736 2
1737 4
1738 7
1739 8
1740 4
1741 7
1742 2
1743 12
1744 2
1745 6
1746 2
1747 4
1748 6
1749 7
1750 7
1751 12
1752 8
1753 2
1754 13
1755 6
1756 11
1757 12
1758 8
1759 18
1760 7
1761 10
1762 3
1763 3
1764 7
1765 11
1766 4
1767 11
1768 9
1769 7
1770 30
1771 4
1772 8
1773 10
1774 14
1775 7
1776 4
1777 4
1778 3
1779 5
1780 2
1781 13
1782 7
1783 5
1784 2
1785 5
1786 4
1787 4
1788 4
1789 1
1790 3
1791 4
1792 4
1793 5
1794 9
1795 8
1796 4
1797 10
1798 12
1799 24
1800 6
1801 3
1802 8
1803 12
1804 7
1805 11
1806 10
1807 4
1809 7
1810 4
1811 5
1812 21
1813 11
1814 6
1815 13
1816 7
1817 14
1818 6
1819 10
1820 12
1821 5
1822 11
1823 8
1824 4
1825 9
1826 6
1827 5
1828 7
1829 12
1830 10
1831 8
1832 7
1833 3
1834 3
1835 12
1836 2
1837 13
1838 3
1839 4
1840 8
1841 2
1842 6
1843 4
1845 9
1846 6
1847 1
1848 5
1849 8
1850 2
1851 4
1852 6
1853 1
1854 1
1855 14
1856 2
1858 7
1859 6
1860 10
1861 14
1862 6
1863 7
1864 3
1865 4
1866 6
1867 4
1868 16
1869 10
1870 4
1871 2
1872 7
1873 10
1874 3
1875 4
1876 3
1877 13
1878 3
1879 2
1880 8
1881 4
1882 5
1883 6
1884 9
1885 3
1886 3
1887 8
1888 3
1889 1
1890 7
1891 4
1892 2
1893 2
1894 2
1895 3
1896 3
1897 4
1898 4
1899 7
1900 3
1901 4
1902 3
1903 8
1904 9
1905 8
1906 1
1907 4
1908 5
1909 1
1910 2
1911 3
1912 3
1913 1
1914 8
1915 7
1916 5
1917 5
1918 6
1919 1
1920 11
1921 5
1922 1
1923 2
1924 2
1925 3
1926 2
1927 2
1928 11
1929 2
1930 3
1931 6
1932 6
1933 16
1934 3
1935 8
1936 4
1937 3
1938 5
1939 11
1940 11
1941 4
1942 14
1943 3
1944 1
1945 4
1946 5
1947 7
1948 21
1949 2
1950 3
1951 6
1952 3
1953 2
1954 12
1955 2
1956 1
1957 1
1958 3
1959 2
1960 5
1962 3
1963 5
1964 3
1965 2
1966 9
1967 8
1968 2
1969 13
1970 6
1971 9
1972 9
1973 5
1974 3
1975 2
1976 5
1977 10
1978 3
1979 3
1980 1
1981 8
1982 5
1983 4
1984 5
1985 7
1986 7
1987 6
1988 4
1989 12
1990 4
1991 7
1992 2
1993 5
1994 11
1995 9
1996 5
1997 4
1998 7
1999 2
2000 7
2001 4
2002 6
2003 7
2004 9
2005 9
2006 6
2007 2
2008 3
2009 3
2010 5
2011 2
2012 5
2013 8
2014 5
2015 12
2016 3
2017 8
2018 6
2019 9
2020 4
2021 9
2022 6
2023 5
2024 5
2025 14
2026 6
2027 1
2028 10
2029 7
2030 9
2031 7
2032 6
2033 4
2034 5
2035 1
2036 4
2037 10
2038 2
2039 21
2040 5
2041 9
2042 9
2043 8
2044 28
2045 3
2046 5
2047 8
2048 44
2049 6
2050 8
2051 4
2052 8
2053 1
2054 5
2055 7
2056 2
2057 3
2058 3
2059 3
2060 5
2061 6
2062 7
2063 11
2064 8
2065 5
2066 5
2067 6
2068 3
2069 6
2070 3
2071 1
2072 2
2073 4
2074 5
2075 3
2076 4
2077 8
2078 6
2079 4
2080 7
2081 4
2082 4
2083 5
2084 13
2085 6
2086 6
2087 13
2088 5
2089 8
2090 3
2091 4
2092 6
2093 6
2094 14
2095 1
2096 3
2097 4
2098 1
2099 1
2100 5
2101 2
2102 9
2104 5
2105 6
2106 3
2107 6
2108 5
2109 12
2110 5
2111 2
2112 4
2113 5
2114 4
2115 12
2116 7
2117 5
2118 3
2119 1
2120 6
2121 4
2122 4
2123 1
2124 1
2125 3
2126 6
2127 4
2128 2
2129 12
2130 5
2132 7
2133 1
2134 7
2135 7
2136 2
2137 6
2138 7
2139 2
2140 5
2141 4
2142 6
2143 8
2144 3
2145 4
2146 7
2147 22
2148 4
2150 2
2151 5
2152 3
2153 2
2154 1
2155 1
2156 5
2157 4
2158 4
2159 6
2160 2
2162 3
2163 3
2164 3
2165 9
2166 6
2167 2
2168 1
2169 4
2170 4
2171 5
2172 5
2173 14
2174 5
2175 11
2176 7
2177 1
2178 2
2179 2
2180 4
2181 9
2182 4
2183 3
2184 5
2185 10
2186 4
2187 4
2188 13
2189 15
2190 1
2191 6
2192 4
2193 3
2194 6
2195 8
2197 4
2198 2
2199 4
2200 5
2201 5
2202 1
2203 7
2204 4
2205 2
2206 4
2207 4
2208 3
2209 11
2210 1
2211 2
2212 5
2213 5
2214 7
2215 20
2216 2
2217 5
2218 1
2219 8
2220 11
2221 19
2222 2
2223 6
2224 2
2225 5
2226 1
2227 9
2228 4
2229 10
2230 1
2231 10
2232 12
2233 9
2234 4
2235 1
2236 3
2237 17
2238 4
2239 3
2240 2
2241 9
2242 12
2243 2
2244 19
2245 18
2246 1
2247 1
2248 5
2249 16
2250 6
2251 7
2252 4
2253 8
2254 8
2255 6
2256 8
2257 4
2258 10
2259 3
2260 6
2261 2
2262 1
2263 22
2264 2
2265 11
2266 7
2267 4
2268 2
2269 15
2270 5
2271 1
2272 2
2273 3
2274 1
2275 12
2276 7
2277 6
2278 7
2279 2
2280 8
2281 8
2282 5
2283 6
2284 4
2285 5
2286 2
2287 12
2288 2
2289 4
2290 10
2291 4
2292 6
2293 9
2294 14
2295 7
2296 4
2297 8
2298 4
2299 7
2300 19
2301 12
2302 6
2303 3
2304 3
2305 10
2306 3
2307 2
2308 4
2309 7
2310 5
2311 13
2312 9
2313 2
2314 7
2315 8
2316 15
2317 17
2318 6
2319 3
2320 5
2321 4
2323 17
2324 7
2325 5
2326 4
2327 11
2328 1
2329 2
2330 2
2331 2
2332 3
2334 12
2335 2
2336 4
2337 3
2338 5
2339 12
2340 8
2341 2
2342 11
2343 5
2344 3
2345 5
2346 4
2347 1
2348 5
2349 4
2350 4
2351 18
2353 1
2354 2
2355 4
2356 5
2357 7
2358 3
2359 1
2360 5
2361 2
2362 4
2363 6
2364 2
2365 5
2366 5
2367 1
2368 6
2369 1
2370 2
2371 6
2372 4
2373 6
2374 19
2375 13
2376 3
2377 6
2378 5
2379 12
2380 1
2381 3
2382 6
2383 4
2384 5
2385 5
2386 1
2387 5
2388 5
2389 6
2390 2
2391 2
2392 5
2393 10
2394 2
2395 3
2396 3
2397 2
2398 3
2399 1
2400 5
2401 7
2402 7
2403 6
2404 10
2405 2
2406 3
2407 5
2408 1
2409 4
2410 3
2411 13
2412 4
2413 7
2414 1
2415 4
2416 2
2417 3
2419 4
2420 5
2421 4
2422 3
2423 1
2424 2
2425 4
2426 14
2427 8
2428 9
2429 4
2430 5
2431 4
2432 10
2433 5
2434 4
2435 6
2436 3
2437 1
2438 5
2439 2
2440 3
2441 5
2442 4
2443 2
2444 9
2445 4
2446 8
2447 4
2448 2
2449 6
2450 5
2451 5
2452 5
2453 14
2454 5
2455 7
2456 4
2457 8
2458 5
2459 4
2460 7
2461 8
2462 6
2463 5
2464 6
2465 5
2466 4
2467 6
2468 3
2469 2
2470 8
2471 2
2472 5
2473 2
2474 5
2475 6
2476 4
2477 10
2478 6
2479 3
2480 5
2481 6
2482 8
2483 3
2484 2
2485 3
2486 5
2487 3
2488 2
2489 3
2490 2
2491 4
2492 3
2493 3
2494 10
2495 1
2496 2
2497 1
2498 4
2499 12
2500 1
2501 6
2502 4
2503 6
2504 8
2505 3
2506 10
2507 5
2508 9
2509 5
2510 5
2511 6
2512 1
2513 5
2514 4
2516 5
2517 8
2518 6
2519 4
2520 16
2521 5
2522 2
2523 5
2524 3
2525 5
2526 1
2527 5
2528 3
2529 5
2530 4
2531 2
2532 5
2533 11
2534 7
2535 4
2536 3
2537 4
2538 1
2540 1
2541 5
2542 7
2543 6
2544 17
2545 4
2546 1
2547 5
2548 6
2549 6
2550 7
2551 2
2552 3
2553 3
2554 2
2555 6
2556 4
2557 2
2558 6
2559 4
2560 1
2562 9
2563 16
2564 5
2565 5
2566 2
2567 6
2568 9
2569 6
2570 5
2571 5
2572 14
2573 5
2575 1
2576 3
2577 6
2578 4
2579 5
2580 13
2581 8
2582 1
2583 3
2584 6
2585 3
2586 2
2587 3
2589 2
2591 1
2592 1
2593 6
2594 5
2595 4
2596 8
2597 1
2598 1
2599 1
2600 1
2601 3
2602 3
2603 2
2604 7
2605 1
2606 7
2607 3
2608 2
2609 2
2610 4
2611 4
2612 2
2613 3
2614 5
2615 2
2616 2
2617 1
2618 3
2619 3
2620 1
2621 3
2622 2
2623 2
2624 5
2625 4
2626 1
2628 3
2629 2
2630 4
2631 5
2633 2
2634 1
2635 4
2636 1
2637 1
2638 3
2639 1
2641 3
2642 6
2643 7
2644 2
2645 4
2646 1
2647 3
2648 2
2649 2
2650 7
2651 10
2652 3
2653 1
2654 14
2655 6
2656 1
2657 1
2658 3
2659 11
2660 1
2661 7
2662 2
2664 5
2665 3
2666 3
2667 5
2668 5
2669 12
2670 6
2671 5
2672 7
2673 9
2674 6
2675 2
2676 3
2677 6
2678 1
2679 8
2681 4
2682 5
2684 5
2685 9
2687 6
2688 4
2689 2
2690 4
2691 1
2692 5
2693 4
2694 3
2695 7
2696 3
2697 2
2698 1
2699 1
2700 1
2701 6
2702 3
2703 5
2704 1
2705 6
2706 3
2708 5
2709 2
2710 1
2711 2
2712 4
2713 4
2714 4
2715 2
2717 5
2718 2
2719 2
2720 6
2721 1
2722 4
2723 2
2724 5
2725 7
2726 2
2727 1
2728 4
2729 6
2730 2
2731 6
2732 7
2733 3
2735 7
2736 3
2737 5
2739 10
2740 5
2741 5
2742 3
2743 1
2745 5
2746 2
2747 2
2748 4
2749 9
2750 1
2751 10
2752 8
2753 6
2754 10
2755 2
2756 3
2757 3
2758 1
2759 6
2760 1
2761 5
2762 4
2763 2
2764 6
2765 2
2766 2
2768 6
2769 4
2770 2
2772 1
2773 1
2775 3
2776 2
2777 4
2778 4
2779 7
2780 6
2781 4
2782 2
2783 4
2785 4
2786 6
2787 2
2788 2
2789 1
2790 4
2793 2
2794 4
2795 2
2796 2
2798 3
2799 2
2800 2
2801 3
2802 3
2803 2
2805 1
2806 6
2807 4
2808 3
2809 5
2811 2
2812 3
2813 2
2814 4
2815 3
2816 2
2817 9
2818 6
2819 7
2820 9
2821 2
2822 4
2823 3
2824 4
2825 2
2826 6
2827 6
2828 6
2829 4
2830 4
2831 6
2832 5
2833 3
2834 3
2835 4
2836 3
2837 5
2838 4
2839 5
2840 8
2841 3
2842 9
2843 7
2844 4
2845 9
2846 7
2847 3
2848 4
2849 11
2851 5
2852 4
2853 3
2854 5
2855 6
2856 4
2858 1
2859 3
2860 8
2861 2
2862 1
2864 6
2865 2
2866 4
2867 3
2868 2
2869 1
2870 7
2871 1
2872 7
2873 9
2874 7
2875 1
2876 4
2877 5
2878 6
2879 4
2880 6
2881 6
2882 3
2883 1
2885 1
2887 7
2888 3
2889 4
2890 1
2891 4
2892 2
2893 2
2894 2
2895 1
2896 7
2897 2
2898 4
2900 1
2901 6
2902 4
2903 8
2904 2
2905 4
2906 6
2907 5
2908 2
2909 2
2910 1
2911 2
2912 4
2913 1
2914 2
2915 2
2916 5
2917 7
2918 6
2919 4
2920 3
2921 2
2922 1
2923 2
2924 1
2925 4
2926 2
2927 4
2928 10
2929 2
2930 5
2932 1
2933 2
2934 5
2935 2
2936 2
2937 3
2938 4
2939 5
2940 1
2943 10
2944 5
2945 5
2946 3
2947 4
2948 2
2949 4
2950 3
2952 1
2953 1
2954 5
2955 2
2957 1
2958 1
2959 4
2960 5
2961 2
2962 3
2963 1
2964 2
2965 3
2966 2
2967 3
2968 1
2969 4
2970 4
2971 5
2972 1
2973 4
2974 2
2975 1
2977 5
2978 2
2979 3
2980 2
2983 3
2984 1
2985 1
2986 3
2987 1
2988 3
2989 5
2991 1
2992 2
2993 18
2994 3
2995 4
2996 2
2997 2
2998 4
3000 5
3001 1
3002 1
3003 3
3004 1
3005 3
3006 2
3008 4
3009 1
3010 6
3011 5
3012 1
3013 4
3014 1
3015 4
3016 1
3019 8
3020 5
3021 4
3023 2
3024 1
3025 1
3026 2
3027 6
3028 1
3029 4
3030 1
3031 1
3032 1
3033 3
3034 2
3037 2
3038 8
3039 3
3040 6
3041 1
3042 1
3043 4
3044 5
3045 6
3046 1
3047 1
3048 1
3049 3
3051 4
3052 3
3055 3
3056 2
3057 1
3058 5
3059 3
3060 1
3061 3
3062 1
3063 3
3064 2
3065 1
3066 1
3067 2
3068 1
3069 3
3070 4
3071 2
3072 27
3073 1
3074 1
3076 1
3078 6
3079 2
3080 1
3081 4
3083 1
3084 2
3085 1
3086 1
3087 3
3088 2
3089 1
3090 1
3091 1
3092 11
3093 2
3094 2
3095 2
3096 4
3097 2
3099 3
3100 3
3101 4
3102 10
3103 3
3104 2
3105 1
3106 1
3107 3
3108 1
3109 1
3110 2
3112 3
3113 6
3114 4
3115 1
3116 1
3117 5
3118 1
3119 3
3120 1
3121 2
3122 1
3123 1
3124 3
3126 3
3127 5
3128 2
3129 2
3133 2
3134 4
3135 1
3136 5
3137 2
3138 3
3142 1
3143 2
3145 3
3146 1
3147 4
3149 6
3150 11
3151 1
3152 3
3153 6
3154 5
3155 2
3156 1
3157 3
3159 9
3160 6
3161 1
3162 2
3163 7
3164 5
3165 5
3166 3
3167 5
3168 3
3169 2
3170 6
3171 5
3172 3
3173 1
3174 4
3175 5
3176 10
3178 1
3179 1
3180 2
3181 3
3182 1
3183 1
3185 3
3186 2
3187 3
3188 1
3189 1
3190 7
3191 3
3194 1
3195 2
3196 1
3197 4
3198 1
3199 1
3200 1
3201 1
3203 1
3204 2
3205 2
3206 3
3208 5
3209 1
3210 1
3211 3
3212 2
3214 2
3215 1
3216 1
3217 5
3218 2
3219 5
3220 1
3221 3
3224 6
3225 2
3226 2
3228 9
3229 1
3230 2
3231 3
3232 2
3233 1
3234 2
3235 1
3236 2
3237 2
3238 5
3240 3
3242 3
3243 3
3244 1
3245 4
3246 2
3247 2
3248 2
3250 3
3251 1
3252 8
3253 3
3254 3
3255 3
3256 1
3257 4
3258 3
3259 13
3260 2
3261 2
3262 1
3263 1
3264 5
3265 10
3266 2
3267 6
3269 5
3271 3
3272 3
3273 3
3274 5
3275 2
3276 6
3277 3
3278 1
3279 2
3280 1
3281 1
3282 2
3283 4
3284 3
3285 2
3286 8
3288 11
3289 4
3290 4
3291 3
3292 2
3293 4
3294 2
3295 4
3296 2
3297 3
3298 6
3299 8
3300 4
3301 8
3303 6
3304 1
3305 7
3306 7
3307 5
3308 4
3309 7
3310 3
3312 1
3313 1
3314 1
3315 4
3317 1
3318 1
3319 2
3320 1
3321 1
3322 2
3323 2
3324 8
3325 2
3326 8
3327 4
3328 3
3329 7
3330 2
3331 3
3332 4
3334 4
3335 3
3336 4
3337 2
3338 3
3339 1
3341 9
3342 3
3343 2
3344 13
3345 2
3346 2
3347 5
3348 4
3349 4
3350 1
3351 3
3352 5
3353 6
3354 4
3355 2
3356 2
3357 2
3358 4
3359 5
3360 3
3361 2
3362 7
3363 4
3364 1
3365 7
3366 2
3367 2
3368 3
3369 2
3371 5
3372 7
3374 20
3375 6
3376 4
3377 4
3378 1
3379 1
3380 1
3381 2
3383 2
3384 5
3385 2
3386 2
3387 6
3388 1
3389 5
3390 5
3391 5
3393 4
3394 4
3395 2
3396 5
3397 3
3398 6
3399 1
3400 2
3401 2
3402 3
3404 28
3405 6
3406 2
3407 3
3408 5
3409 3
3410 4
3411 7
3412 5
3413 14
3414 5
3415 14
3416 8
3417 10
3418 5
3419 5
3421 27
3422 1
3423 5
3424 11
3425 8
3426 1
3427 17
3428 2
3429 13
3430 2
3431 5
3433 3
3434 23
3435 4
3436 2
3437 16
3438 8
3439 3
3440 3
3441 2
3442 6
3443 6
3444 3
3445 5
3446 6
3447 6
3448 5
3449 2
3450 3
3451 3
3452 6
3453 3
3454 9
3455 5
3456 6
3457 3
3458 4
3461 2
3462 3
3463 4
3464 10
3466 3
3467 4
3468 5
3470 5
3471 1
3472 6
3473 9
3474 7
3475 14
3476 5
3477 3
3478 6
3479 3
3480 3
3481 6
3482 4
3483 2
3484 8
3485 7
3486 5
3487 3
3488 1
3490 3
3491 2
3492 4
3493 2
3494 2
3495 3
3496 4
3497 5
3498 3
3499 2
3500 6
3501 1
3502 4
3503 3
3505 4
3506 2
3508 2
3509 7
3510 1
3511 2
3512 2
3513 5
3514 4
3516 1
3518 3
3519 3
3520 6
3523 2
3524 2
3525 1
3527 6
3528 2
3529 4
3530 4
3531 1
3532 2
3533 6
3534 3
3535 6
3536 7
3537 5
3538 1
3539 6
3540 5
3541 1
3542 5
3545 3
3546 2
3547 1
3548 4
3549 2
3550 1
3551 2
3552 1
3553 7
3554 2
3555 5
3556 3
3557 3
3558 3
3559 3
3560 5
3561 5
3563 3
3564 2
3565 2
3566 2
3567 1
3568 3
3569 2
3570 5
3571 1
3572 5
3573 1
3574 2
3575 7
3577 2
3578 2
3579 1
3580 2
3581 1
3582 2
3583 3
3586 5
3588 2
3589 1
3590 1
3591 4
3592 2
3593 1
3594 3
3595 1
3596 1
3597 1
3599 1
3600 4
3601 2
3603 1
3605 3
3606 5
3607 4
3608 5
3609 1
3610 10
3612 10
3613 1
3614 2
3615 1
3617 1
3618 1
3619 4
3620 1
3621 9
3622 4
3623 5
3624 6
3625 2
3626 4
3627 1
3628 2
3629 2
3630 3
3631 6
3632 1
3633 6
3634 3
3636 4
3637 4
3638 1
3639 4
3640 7
3641 7
3642 1
3643 4
3646 3
3647 7
3649 1
3651 1
3653 1
3654 1
3656 1
3657 3
3658 2
3659 15
3660 2
3661 3
3662 1
3663 3
3664 4
3665 2
3666 1
3667 6
3669 2
3670 7
3672 2
3673 1
3674 2
3675 2
3676 3
3677 2
3678 4
3681 7
3682 1
3684 2
3685 4
3687 3
3688 5
3689 1
3690 3
3691 6
3692 2
3693 2
3694 6
3695 1
3696 2
3697 3
3698 1
3699 2
3700 2
3701 6
3702 2
3703 18
3704 4
3705 2
3706 8
3707 1
3708 2
3710 2
3711 6
3712 1
3713 1
3715 4
3717 1
3719 1
3720 1
3722 1
3723 2
3724 2
3725 3
3726 2
3727 4
3728 2
3729 1
3730 1
3731 1
3732 1
3733 2
3734 8
3735 3
3736 6
3737 1
3739 1
3741 2
3742 1
3743 2
3745 4
3747 1
3748 4
3750 3
3754 3
3755 1
3756 1
3757 3
3758 1
3759 3
3761 1
3762 1
3763 3
3764 1
3765 5
3766 1
3767 2
3768 4
3769 2
3771 2
3772 1
3773 5
3774 4
3775 1
3776 6
3777 1
3778 3
3780 3
3781 3
3782 2
3783 2
3784 2
3786 2
3787 4
3788 3
3789 5
3790 2
3791 10
3792 1
3793 1
3794 2
3796 3
3797 2
3798 7
3799 1
3801 2
3803 1
3804 1
3805 5
3806 1
3807 5
3808 11
3809 1
3810 2
3811 15
3812 2
3813 1
3814 5
3815 3
3816 3
3817 1
3818 1
3819 2
3821 3
3822 1
3823 1
3824 3
3825 2
3826 4
3827 8
3828 2
3829 4
3830 1
3831 2
3832 1
3833 3
3834 8
3835 3
3836 4
3837 2
3838 7
3839 2
3840 6
3841 5
3842 5
3843 2
3844 5
3845 9
3846 1
3847 13
3848 7
3849 8
3850 2
3851 2
3852 2
3854 1
3855 1
3856 5
3858 2
3859 1
3860 1
3861 4
3862 4
3863 12
3864 1
3865 8
3866 3
3867 4
3868 1
3869 14
3870 2
3871 3
3872 2
3873 1
3874 2
3875 4
3876 4
3877 2
3878 1
3879 1
3880 1
3881 4
3882 1
3883 9
3884 3
3885 2
3887 3
3888 1
3889 1
3890 1
3891 2
3893 1
3895 1
3896 2
3897 2
3898 2
3899 4
3901 1
3902 3
3903 4
3904 3
3905 3
3907 5
3908 4
3909 4
3911 4
3912 4
3913 4
3914 4
3915 8
3916 6
3917 6
3918 1
3919 5
3920 3
3921 1
3922 4
3923 3
3924 3
3926 2
3929 1
3930 5
3931 3
3932 8
3933 1
3934 2
3935 4
3937 1
3938 5
3939 3
3940 7
3941 5
3942 7
3943 7
3944 4
3945 3
3946 11
3948 10
3949 13
3950 13
3951 3
3952 7
3953 3
3954 10
3955 3
3956 2
3957 2
3958 7
3959 4
3960 5
3961 4
3962 2
3963 3
3964 3
3965 2
3966 2
3967 7
3968 7
3969 3
3970 3
3971 1
3973 2
3974 1
3975 1
3976 1
3977 1
3978 10
3979 1
3980 1
3981 3
3982 4
3983 8
3984 8
3986 4
3987 5
3988 1
3989 4
3990 1
3991 2
3992 3
3993 5
3994 6
3995 3
3996 2
3997 4
3998 9
3999 6
4000 3
4002 3
4003 2
4004 4
4005 2
4006 3
4007 9
4008 5
4009 1
4010 3
4011 8
4012 3
4013 3
4014 10
4015 6
4016 11
4017 3
4018 3
4019 3
4020 3
4021 5
4022 2
4023 1
4024 7
4025 2
4026 2
4027 2
4030 4
4032 4
4033 4
4034 1
4036 4
4038 2
4039 4
4040 1
4041 2
4042 3
4043 1
4046 1
4047 1
4048 6
4049 4
4050 6
4051 6
4052 3
4053 6
4054 3
4055 10
4056 3
4057 5
4058 7
4059 8
4060 5
4061 7
4062 3
4063 10
4064 2
4065 2
4066 3
4067 8
4068 2
4069 4
4071 1
4072 2
4073 15
4077 2
4078 2
4079 1
4080 5
4081 3
4082 14
4083 1
4084 3
4085 8
4086 2
4087 2
4089 4
4090 3
4091 3
4093 3
4094 1
4095 4
4096 23
4097 1
4098 1
4100 2
4101 3
4102 1
4103 6
4104 5
4105 1
4106 3
4107 2
4108 4
4109 2
4110 4
4111 4
4112 2
4113 3
4114 2
4115 3
4117 2
4119 6
4120 1
4122 2
4123 1
4124 2
4125 3
4127 1
4128 1
4129 5
4130 6
4131 2
4132 4
4133 3
4134 3
4135 7
4136 1
4138 3
4139 1
4140 2
4141 2
4143 2
4144 1
4145 2
4147 1
4150 1
4151 7
4152 2
4153 2
4155 1
4156 2
4157 3
4158 2
4159 1
4160 1
4161 5
4162 3
4163 3
4164 1
4165 2
4167 4
4168 1
4169 1
4170 2
4174 4
4175 4
4176 1
4177 2
4178 1
4179 8
4181 1
4183 1
4184 2
4189 2
4192 1
4193 3
4194 1
4195 2
4196 2
4197 1
4199 1
4201 3
4203 1
4204 4
4205 2
4207 1
4210 3
4211 2
4212 3
4213 3
4214 2
4215 1
4216 1
4218 1
4219 3
4220 3
4221 2
4222 1
4224 1
4225 1
4227 2
4228 2
4230 9
4234 1
4235 4
4236 2
4238 1
4239 1
4240 5
4241 1
4242 1
4243 1
4244 1
4245 1
4246 1
4250 2
4251 1
4253 2
4255 1
4256 3
4257 1
4258 5
4259 3
4264 4
4265 1
4267 3
4269 3
4270 2
4271 2
4275 2
4276 2
4277 7
4278 1
4280 1
4282 4
4283 4
4284 1
4286 1
4287 3
4288 1
4289 1
4295 1
4296 1
4299 2
4300 1
4301 1
4302 6
4304 1
4305 9
4306 1
4308 2
4311 4
4313 1
4314 1
4315 2
4317 1
4318 3
4319 1
4323 1
4324 2
4325 2
4326 1
4327 2
4328 4
4329 3
4331 1
4332 2
4333 2
4335 5
4337 1
4338 2
4342 4
4343 1
4344 4
4345 1
4346 1
4347 2
4349 1
4350 1
4351 2
4352 1
4353 5
4354 4
4355 5
4356 5
4357 1
4358 1
4359 1
4360 5
4363 3
4364 1
4366 1
4367 1
4368 4
4369 2
4371 4
4372 3
4374 1
4375 1
4376 4
4380 5
4381 2
4382 2
4383 1
4384 1
4386 2
4387 3
4389 2
4390 1
4391 2
4393 4
4395 1
4396 1
4397 2
4399 1
4400 1
4404 5
4406 5
4407 2
4408 3
4410 1
4411 3
4412 4
4413 1
4414 1
4415 3
4416 4
4417 10
4418 4
4419 5
4420 2
4422 2
4424 4
4425 3
4428 4
4429 4
4430 2
4431 2
4432 4
4433 2
4434 3
4435 1
4436 2
4437 1
4438 1
4439 1
4440 4
4441 2
4443 3
4445 1
4446 2
4448 1
4450 2
4451 3
4452 2
4453 1
4454 1
4455 1
4460 7
4461 2
4462 2
4463 1
4464 1
4467 2
4468 1
4470 1
4471 1
4474 1
4477 2
4479 2
4481 2
4482 2
4483 3
4485 1
4490 2
4492 2
4494 2
4496 1
4497 2
4500 2
4503 1
4504 2
4506 1
4507 1
4510 1
4511 1
4512 3
4513 1
4516 2
4517 3
4518 2
4519 2
4521 4
4522 1
4525 2
4527 1
4528 2
4533 1
4534 3
4535 1
4538 2
4540 5
4541 2
4542 2
4543 5
4545 1
4546 2
4547 5
4548 3
4551 1
4552 6
4553 2
4554 2
4556 2
4559 1
4560 3
4561 1
4562 6
4563 3
4564 2
4565 1
4568 1
4569 1
4572 1
4573 1
4575 1
4576 3
4578 2
4579 2
4580 3
4581 6
4582 4
4584 1
4585 2
4587 5
4588 6
4589 1
4591 2
4592 1
4593 2
4594 3
4595 3
4596 5
4597 3
4599 6
4600 5
4601 1
4602 4
4603 2
4604 1
4606 2
4607 1
4608 1
4614 1
4615 1
4616 1
4617 1
4618 2
4623 1
4627 1
4628 1
4629 1
4632 3
4633 1
4634 2
4635 2
4636 4
4638 1
4640 1
4641 2
4642 2
4643 1
4644 5
4645 4
4646 1
4647 1
4649 1
4650 2
4651 2
4652 2
4653 3
4654 4
4656 2
4657 7
4658 3
4659 1
4660 9
4661 2
4662 2
4663 1
4664 2
4665 2
4666 1
4668 1
4670 1
4671 5
4672 3
4674 2
4679 1
4682 1
4685 2
4688 1
4690 2
4691 4
4692 15
4693 18
4694 7
4695 3
4696 1
4697 1
4698 1
4699 2
4700 2
4702 1
4703 5
4707 1
4708 1
4710 2
4712 2
4714 2
4715 3
4716 2
4717 2
4718 2
4721 2
4723 2
4725 3
4726 1
4727 1
4728 3
4729 1
4732 4
4733 2
4734 2
4736 1
4737 1
4739 1
4740 3
4741 2
4742 1
4743 1
4745 2
4746 5
4747 1
4748 2
4751 1
4752 4
4753 1
4755 2
4756 3
4757 1
4758 3
4760 1
4761 2
4762 3
4763 3
4764 2
4765 1
4770 1
4771 1
4774 1
4775 2
4777 2
4781 2
4788 3
4789 3
4791 1
4792 3
4793 2
4794 2
4795 1
4796 1
4797 1
4798 4
4799 2
4800 2
4801 4
4803 1
4805 3
4806 1
4808 2
4809 2
4811 5
4813 1
4815 8
4816 1
4818 1
4819 1
4820 2
4822 2
4824 3
4825 4
4826 5
4827 3
4828 1
4830 1
4831 3
4832 1
4833 3
4834 2
4835 1
4837 1
4839 3
4841 1
4842 2
4843 1
4844 1
4845 2
4846 2
4848 1
4849 2
4850 1
4851 3
4853 1
4854 1
4855 2
4856 1
4857 1
4860 1
4861 1
4862 2
4863 2
4865 1
4867 2
4869 1
4870 2
4871 1
4872 1
4877 1
4878 2
4879 2
4880 2
4881 1
4882 2
4883 1
4884 1
4885 1
4886 1
4887 1
4888 1
4889 5
4891 2
4892 1
4897 2
4899 1
4900 1
4901 1
4902 1
4905 3
4907 1
4912 2
4913 2
4914 1
4915 1
4916 2
4917 1
4918 2
4919 2
4921 2
4922 2
4923 4
4924 1
4927 2
4928 1
4929 1
4930 5
4933 1
4935 3
4936 1
4937 2
4939 3
4940 2
4941 3
4942 1
4943 3
4944 1
4945 1
4947 1
4948 1
4949 5
4951 1
4952 2
4953 1
4954 2
4955 1
4956 1
4957 1
4958 1
4960 1
4961 2
4962 6
4964 4
4965 3
4966 1
4967 6
4973 1
4977 1
4978 2
4979 1
4980 1
4981 2
4982 2
4984 3
4986 1
4987 1
4988 1
4991 3
4994 1
4996 2
4998 3
4999 1
5000 2
5003 1
5004 2
5006 1
5008 1
5011 1
5012 2
5014 1
5017 1
5018 1
5020 1
5022 1
5025 2
5026 1
5028 3
5029 1
5032 1
5033 3
5035 4
5036 1
5037 1
5038 1
5039 2
5041 1
5042 1
5045 1
5046 3
5048 4
5049 1
5052 3
5053 1
5054 1
5055 2
5056 4
5057 2
5058 2
5059 1
5060 1
5061 3
5062 1
5064 1
5065 3
5067 1
5068 1
5070 2
5071 1
5072 2
5073 2
5076 4
5077 1
5078 4
5079 1
5080 2
5081 1
5082 4
5087 1
5088 4
5089 3
5090 2
5091 1
5092 3
5093 2
5094 3
5096 1
5097 3
5098 3
5101 1
5107 1
5108 1
5109 5
5110 1
5111 2
5113 1
5116 1
5117 5
5118 2
5119 6
5120 15
5121 2
5122 1
5123 6
5125 2
5127 3
5128 1
5129 10
5132 3
5133 1
5134 2
5135 2
5136 1
5137 3
5138 1
5139 1
5142 5
5143 2
5144 6
5147 1
5150 1
5153 3
5154 2
5156 3
5158 1
5161 2
5163 3
5164 1
5167 3
5170 2
5171 2
5174 1
5175 2
5176 1
5177 1
5178 2
5179 2
5180 3
5181 1
5182 5
5183 1
5184 2
5185 1
5187 5
5191 3
5192 3
5194 4
5195 2
5198 1
5199 1
5200 4
5204 2
5205 2
5207 2
5210 2
5211 2
5212 5
5214 1
5215 2
5216 2
5217 2
5219 2
5220 2
5222 5
5223 1
5224 2
5225 5
5226 2
5227 7
5228 4
5229 1
5231 3
5232 3
5233 3
5234 3
5235 1
5236 1
5237 3
5238 1
5239 1
5240 1
5241 2
5242 4
5243 3
5244 3
5245 1
5246 1
5247 8
5248 3
5249 5
5251 2
5252 4
5253 1
5254 2
5255 2
5256 3
5257 3
5258 5
5259 2
5261 3
5262 1
5263 1
5264 1
5265 1
5266 1
5267 1
5268 2
5269 1
5270 2
5272 1
5273 3
5274 1
5276 1
5278 2
5279 1
5280 2
5282 1
5285 1
5287 3
5288 2
5290 2
5291 1
5293 2
5295 1
5296 5
5297 6
5298 10
5299 1
5300 4
5302 1
5303 4
5304 1
5305 3
5311 1
5313 3
5314 1
5315 2
5316 1
5317 4
5318 4
5319 1
5321 1
5322 4
5323 5
5324 6
5325 3
5326 1
5327 2
5329 4
5330 4
5332 1
5333 1
5334 4
5335 3
5337 2
5338 2
5339 1
5344 2
5345 6
5346 2
5347 3
5348 1
5349 4
5350 3
5351 2
5352 3
5353 3
5357 1
5358 3
5359 2
5360 1
5361 1
5362 2
5364 1
5365 1
5366 4
5367 1
5368 1
5370 1
5371 1
5372 1
5373 1
5374 3
5375 2
5376 2
5378 1
5379 3
5380 1
5381 3
5382 1
5383 1
5385 1
5386 7
5387 4
5388 4
5389 5
5390 1
5391 9
5392 1
5395 1
5396 1
5397 2
5399 1
5401 2
5403 2
5404 3
5405 5
5406 2
5407 3
5408 3
5411 2
5414 2
5418 1
5420 2
5422 2
5423 1
5424 1
5425 1
5426 1
5427 1
5432 1
5434 4
5435 1
5437 2
5438 6
5439 2
5440 11
5441 2
5442 2
5443 2
5444 1
5445 1
5447 2
5448 3
5449 1
5450 3
5455 1
5457 2
5459 1
5460 1
5463 2
5464 2
5466 3
5467 1
5468 1
5469 1
5470 1
5471 1
5474 2
5475 1
5476 1
5477 2
5478 1
5479 1
5480 1
5482 1
5483 1
5484 10
5485 3
5486 2
5487 4
5488 4
5489 3
5490 1
5491 1
5492 1
5493 6
5494 4
5495 8
5496 1
5497 7
5498 1
5499 4
5500 4
5501 2
5502 2
5504 2
5506 3
5507 2
5508 5
5509 3
5510 5
5511 1
5512 4
5513 3
5514 3
5515 5
5516 3
5517 1
5518 2
5519 2
5520 2
5521 4
5522 2
5523 1
5524 2
5526 1
5527 2
5528 3
5531 1
5534 1
5535 6
5536 3
5537 1
5538 5
5539 3
5540 2
5541 7
5542 2
5543 1
5544 1
5545 4
5548 2
5550 1
5552 5
5554 2
5555 1
5556 5
5557 4
5558 2
5559 5
5560 3
5561 3
5562 9
5563 2
5564 5
5565 8
5566 3
5567 6
5568 7
5569 8
5570 4
5571 3
5572 8
5573 2
5574 8
5575 4
5576 3
5577 1
5578 2
5579 3
5581 3
5582 2
5583 3
5585 5
5586 3
5587 2
5588 4
5589 6
5591 3
5593 3
5594 3
5595 2
5596 7
5597 2
5598 1
5599 7
5600 9
5601 3
5602 8
5603 2
5604 5
5605 1
5606 4
5607 6
5608 2
5609 6
5610 1
5611 2
5613 3
5614 3
5615 1
5616 3
5618 3
5619 2
5620 2
5621 3
5623 6
5625 3
5627 4
5628 1
5629 3
5630 4
5632 3
5633 1
5634 2
5635 2
5636 3
5637 7
5638 3
5639 8
5640 3
5641 2
5642 5
5643 1
5644 2
5645 1
5646 5
5647 1
5648 3
5649 2
5650 2
5651 10
5652 5
5653 1
5655 1
5656 1
5657 1
5658 8
5659 2
5660 2
5661 1
5662 2
5663 7
5664 1
5665 3
5666 1
5667 4
5668 14
5669 1
5670 2
5671 1
5672 2
5673 1
5674 2
5675 6
5676 2
5677 1
5678 5
5679 4
5680 4
5681 2
5682 1
5683 3
5684 4
5685 2
5687 1
5688 5
5689 2
5690 4
5691 3
5692 2
5694 1
5696 2
5697 2
5698 1
5699 2
5701 4
5703 2
5704 3
5705 1
5706 7
5707 3
5708 2
5709 1
5710 3
5711 1
5713 1
5715 1
5717 2
5719 1
5720 1
5721 1
5723 3
5725 3
5729 3
5730 2
5731 2
5732 4
5733 1
5734 1
5735 1
5736 1
5737 1
5738 2
5739 3
5740 2
5741 4
5742 3
5743 1
5744 2
5745 4
5746 1
5747 2
5748 1
5749 2
5750 2
5751 2
5752 1
5753 2
5755 1
5756 1
5757 2
5759 2
5760 1
5762 1
5763 3
5764 3
5765 1
5766 3
5767 3
5768 2
5769 1
5770 1
5771 2
5772 4
5773 2
5774 4
5776 2
5777 3
5778 1
5779 2
5780 3
5781 1
5782 3
5784 1
5785 2
5786 6
5788 2
5789 1
5790 7
5791 1
5792 5
5793 4
5794 4
5795 2
5796 3
5797 5
5798 5
5799 6
5800 1
5801 2
5802 2
5803 5
5804 4
5805 3
5806 2
5807 1
5808 2
5809 1
5812 1
5813 2
5814 2
5815 3
5816 3
5817 2
5818 2
5819 1
5820 2
5821 4
5822 1
5823 5
5824 2
5825 3
5826 3
5827 6
5828 4
5829 4
5830 3
5831 3
5832 8
5833 8
5834 4
5835 5
5836 4
5837 6
5838 7
5839 8
5840 7
5841 6
5842 5
5843 2
5844 4
5845 3
5846 5
5847 2
5848 3
5849 3
5851 6
5852 9
5853 8
5854 5
5855 3
5856 9
5857 6
5858 5
5859 6
5860 1
5861 3
5862 1
5863 6
5864 2
5865 6
5866 4
5867 6
5868 4
5869 6
5870 4
5871 8
5872 3
5873 3
5874 11
5875 5
5876 4
5877 6
5878 8
5879 1
5880 5
5881 8
5882 9
5883 3
5884 7
5885 7
5886 7
5887 7
5888 4
5889 3
5890 6
5891 3
5892 4
5893 3
5894 3
5895 2
5896 3
5897 2
5898 6
5899 4
5900 2
5901 9
5902 2
5903 3
5904 5
5905 4
5906 1
5907 5
5908 4
5909 2
5910 4
5911 5
5912 1
5913 1
5914 2
5915 4
5916 1
5917 2
5918 1
5919 1
5920 4
5921 3
5922 4
5923 3
5924 1
5925 3
5926 1
5927 2
5928 4
5929 3
5931 3
5932 2
5933 3
5934 1
5935 1
5936 4
5937 2
5938 2
5939 2
5942 2
5943 3
5944 7
5945 9
5946 8
5947 1
5948 2
5949 3
5950 2
5951 4
5952 3
5953 2
5954 3
5955 2
5956 2
5957 4
5958 2
5959 2
5960 1
5962 1
5963 3
5964 1
5966 2
5967 1
5968 5
5969 1
5970 3
5971 1
5972 3
5975 5
5977 1
5978 4
5979 2
5980 3
5981 5
5982 3
5983 2
5985 1
5986 2
5987 2
5988 2
5995 1
5996 1
5997 1
5998 2
5999 1
6000 1
6001 2
6002 2
6004 1
6006 2
6007 2
6008 2
6009 1
6010 2
6012 5
6013 8
6014 3
6015 7
6016 2
6017 5
6018 9
6019 3
6020 6
6021 4
6022 4
6023 7
6024 1
6025 2
6026 1
6027 3
6028 1
6029 2
6030 1
6031 1
6032 3
6033 2
6034 3
6035 1
6038 3
6039 2
6040 5
6041 3
6042 4
6043 5
6044 3
6045 4
6046 3
6047 6
6048 3
6049 5
6050 2
6051 1
6052 2
6053 1
6054 1
6055 3
6056 1
6057 2
6058 2
6059 1
6061 3
6063 2
6065 4
6066 4
6068 2
6069 4
6071 3
6072 2
6073 4
6074 2
6075 2
6076 3
6077 4
6078 4
6079 2
6080 3
6081 1
6083 1
6084 1
6085 4
6086 1
6088 2
6089 1
6090 1
6091 3
6092 1
6094 3
6095 1
6096 3
6097 4
6098 1
6099 1
6100 1
6101 2
6102 1
6103 1
6104 4
6105 2
6107 6
6109 5
6110 1
6111 2
6112 5
6113 3
6114 2
6115 3
6116 3
6117 3
6118 2
6119 2
6120 3
6121 2
6122 6
6123 8
6124 4
6125 2
6126 1
6127 4
6128 6
6129 1
6130 1
6131 2
6132 7
6133 3
6134 1
6135 3
6138 2
6140 6
6141 1
6142 2
6143 1
6144 17
6146 4
6147 2
6149 3
6150 2
6151 3
6152 6
6153 2
6154 3
6155 7
6156 3
6157 5
6158 2
6159 3
6160 2
6161 1
6162 3
6163 1
6164 5
6165 2
6166 1
6167 2
6168 6
6169 3
6170 1
6171 2
6172 2
6173 3
6174 2
6175 4
6176 3
6177 4
6178 2
6179 2
6180 3
6182 2
6183 2
6184 5
6185 3
6186 6
6187 4
6188 4
6191 1
6192 2
6193 2
6194 1
6196 1
6197 3
6198 1
6201 1
6202 1
6203 2
6204 2
6205 1
6206 1
6207 3
6208 1
6209 2
6210 1
6211 1
6212 2
6213 1
6214 2
6215 1
6217 1
6218 2
6219 3
6220 2
6222 2
6224 2
6225 2
6229 2
6230 2
6231 2
6234 1
6235 3
6237 1
6238 2
6240 1
6241 2
6243 2
6244 3
6245 2
6246 4
6247 1
6248 7
6249 1
6250 1
6251 1
6253 3
6254 4
6256 2
6257 2
6259 2
6260 1
6263 3
6264 1
6265 2
6268 4
6269 1
6271 2
6272 6
6273 2
6274 2
6275 4
6278 1
6279 3
6280 2
6281 2
6282 2
6283 3
6284 1
6285 1
6286 1
6287 1
6288 2
6289 1
6290 2
6292 2
6294 1
6295 2
6297 4
6298 8
6299 3
6300 3
6301 2
6302 2
6303 4
6304 1
6305 4
6306 1
6307 4
6308 2
6309 5
6310 2
6311 2
6312 1
6313 2
6314 5
6315 1
6316 2
6317 1
6318 2
6319 6
6320 1
6321 2
6322 3
6324 2
6325 4
6326 2
6327 2
6328 4
6329 6
6330 3
6331 10
6332 3
6333 4
6334 3
6335 3
6336 6
6338 4
6339 2
6341 2
6342 9
6343 7
6346 1
6347 2
6348 1
6349 5
6350 3
6351 8
6352 6
6353 1
6354 5
6355 4
6356 3
6357 2
6358 2
6360 2
6361 1
6362 2
6363 3
6365 1
6366 1
6368 2
6369 1
6370 1
6371 1
6372 2
6376 1
6377 1
6378 1
6379 2
6380 1
6381 2
6382 3
6387 3
6388 1
6396 2
6399 1
6400 1
6402 2
6404 4
6405 1
6407 2
6408 1
6409 1
6410 3
6411 3
6413 1
6414 2
6415 1
6416 3
6417 6
6418 2
6419 1
6420 1
6421 3
6422 2
6423 1
6424 3
6425 2
6426 4
6427 1
6428 3
6429 1
6430 1
6431 1
6432 2
6434 2
6435 2
6436 4
6437 1
6438 2
6439 35
6440 4
6441 5
6442 4
6443 3
6445 3
6446 1
6448 3
6451 1
6452 1
6453 1
6454 2
6455 1
6456 2
6457 4
6458 4
6460 4
6461 3
6462 1
6464 1
6465 1
6467 1
6468 2
6469 2
6472 1
6476 3
6477 1
6479 1
6481 1
6483 1
6484 1
6485 1
6486 2
6487 4
6489 3
6490 2
6491 1
6492 3
6493 3
6494 6
6495 5
6496 7
6498 6
6499 1
6500 3
6501 1
6502 1
6503 5
6504 4
6505 2
6506 3
6507 5
6508 3
6509 1
6510 2
6512 2
6514 1
6515 1
6516 2
6517 1
6518 4
6519 2
6520 1
6521 4
6522 1
6523 1
6525 1
6526 1
6530 1
6531 3
6532 2
6534 1
6535 3
6536 2
6538 2
6539 2
6540 2
6543 1
6545 4
6546 4
6548 2
6549 2
6550 2
6551 3
6552 1
6554 2
6556 1
6557 4
6558 1
6559 1
6561 2
6562 2
6564 1
6565 1
6566 3
6569 2
6570 1
6571 3
6572 5
6573 2
6574 5
6577 3
6578 3
6579 2
6580 3
6581 2
6582 1
6583 3
6584 1
6585 3
6586 2
6587 2
6588 2
6589 2
6592 3
6593 3
6594 3
6595 2
6596 2
6597 1
6598 3
6599 5
6600 3
6601 3
6602 2
6603 2
6604 6
6605 1
6607 3
6608 2
6609 1
6610 5
6611 5
6612 2
6613 3
6614 2
6615 1
6616 1
6617 3
6618 1
6619 1
6622 1
6623 1
6626 1
6627 1
6631 3
6634 2
6635 1
6636 2
6638 2
6639 2
6640 2
6641 4
6642 1
6644 2
6645 1
6646 1
6647 3
6648 1
6650 3
6652 2
6655 3
6658 2
6659 3
6660 2
6662 1
6663 2
6664 1
6665 4
6666 4
6667 1
6668 1
6669 2
6670 1
6671 2
6672 3
6673 1
6674 1
6675 3
6676 1
6679 1
6680 3
6681 5
6682 2
6683 2
6684 1
6685 1
6687 1
6688 2
6689 2
6690 1
6691 1
6692 3
6693 11
6694 1
6696 1
6697 4
6698 1
6700 1
6703 1
6704 1
6706 3
6707 1
6708 2
6710 2
6711 4
6712 1
6714 2
6716 2
6717 2
6718 3
6721 4
6722 1
6723 2
6724 1
6725 3
6726 4
6727 3
6729 2
6730 4
6735 1
6736 1
6737 2
6738 1
6739 2
6740 1
6741 9
6742 5
6743 6
6744 1
6745 1
6747 3
6748 1
6750 1
6751 2
6753 4
6754 3
6755 1
6756 3
6757 5
6758 2
6759 1
6761 4
6762 3
6763 2
6764 3
6765 4
6766 1
6768 4
6769 1
6771 2
6772 1
6773 5
6774 1
6775 3
6776 6
6777 1
6778 3
6779 1
6781 1
6782 2
6783 1
6785 2
6787 2
6788 6
6789 1
6790 2
6791 1
6792 2
6793 3
6795 2
6796 1
6797 4
6800 2
6801 5
6802 2
6803 3
6804 6
6805 1
6806 2
6807 1
6809 3
6810 4
6811 8
6812 1
6813 3
6814 5
6815 1
6817 4
6818 3
6820 2
6821 1
6822 4
6824 3
6825 5
6826 2
6827 4
6828 7
6829 8
6830 2
6831 5
6832 2
6833 1
6834 3
6835 2
6836 4
6837 2
6838 1
6839 2
6840 3
6842 5
6843 1
6845 2
6846 2
6847 2
6848 1
6849 1
6850 2
6851 2
6852 2
6853 2
6856 1
6857 5
6861 2
6863 6
6866 3
6871 1
6875 1
6877 4
6883 1
6886 5
6887 2
6888 1
6889 1
6891 5
6892 1
6893 3
6897 1
6898 3
6899 1
6900 4
6901 1
6902 2
6903 2
6904 1
6905 1
6906 3
6907 1
6910 2
6911 2
6912 1
6913 3
6916 1
6917 1
6918 1
6919 3
6920 1
6923 1
6924 6
6926 2
6927 1
6928 1
6930 1
6931 1
6932 2
6935 1
6936 3
6938 2
6940 1
6944 2
6946 3
6947 3
6948 2
6950 1
6954 2
6955 2
6956 2
6957 3
6958 2
6959 2
6960 1
6961 2
6962 4
6963 1
6965 1
6966 2
6967 2
6968 3
6969 3
6970 4
6971 2
6972 1
6973 1
6975 1
6977 3
6978 1
6982 3
6983 2
6984 1
6985 2
6986 3
6987 1
6988 2
6989 1
6990 2
6991 2
6994 1
6995 2
6996 1
6998 2
7000 1
7001 1
7005 1
7008 1
7010 2
7012 2
7015 1
7020 1
7024 1
7025 3
7032 1
7034 1
7035 2
7038 1
7039 1
7042 2
7043 1
7045 1
7052 3
7054 1
7055 1
7057 2
7059 2
7060 1
7062 1
7063 1
7066 2
7073 1
7076 1
7078 3
7081 1
7087 1
7092 4
7093 1
7096 2
7102 1
7106 2
7109 1
7110 1
7112 1
7113 1
7114 1
7116 3
7117 3
7118 2
7119 2
7120 1
7121 1
7125 1
7126 2
7127 3
7128 2
7129 2
7130 2
7131 1
7132 3
7133 3
7134 6
7135 6
7136 7
7137 2
7138 5
7139 1
7140 2
7143 3
7144 4
7148 1
7150 1
7153 1
7156 2
7162 2
7164 2
7165 4
7166 3
7168 8
7172 1
7175 1
7176 1
7179 2
7187 1
7188 2
7189 2
7190 2
7194 1
7197 1
7199 1
7203 3
7205 2
7211 3
7212 4
7213 1
7218 1
7219 1
7223 1
7226 1
7229 1
7231 1
7232 1
7236 1
7237 3
7238 2
7240 3
7242 1
7243 3
7244 3
7245 1
7246 3
7248 2
7249 1
7250 1
7251 2
7252 1
7253 2
7254 2
7255 1
7256 1
7262 2
7263 1
7265 1
7266 1
7267 1
7268 2
7270 2
7272 2
7273 1
7275 2
7276 1
7278 2
7279 1
7280 1
7281 2
7283 1
7285 1
7287 2
7288 1
7290 1
7293 2
7294 1
7295 1
7296 1
7297 1
7298 2
7299 3
7300 1
7301 4
7302 3
7303 2
7304 1
7305 2
7306 1
7307 1
7308 1
7309 2
7310 1
7311 1
7314 1
7315 4
7316 1
7317 2
7318 1
7319 3
7320 1
7321 5
7322 4
7323 1
7324 3
7325 2
7326 1
7328 1
7329 1
7330 1
7331 3
7332 3
7333 1
7334 1
7336 1
7337 1
7340 2
7346 1
7347 1
7349 2
7350 2
7351 2
7354 1
7355 2
7356 2
7358 4
7359 1
7360 3
7362 1
7363 1
7364 2
7365 1
7366 3
7367 2
7370 2
7371 1
7373 2
7374 1
7375 1
7376 3
7377 1
7379 1
7380 1
7381 2
7382 5
7383 5
7384 4
7385 1
7386 2
7387 2
7388 2
7389 3
7391 2
7392 1
7393 4
7395 1
7396 1
7397 2
7398 3
7399 2
7402 4
7403 4
7406 1
7407 1
7409 2
7411 1
7414 1
7417 1
7419 1
7420 1
7422 1
7424 1
7426 3
7431 1
7432 3
7433 1
7435 1
7440 2
7441 1
7444 1
7445 1
7447 2
7449 2
7451 1
7453 1
7454 1
7456 3
7460 2
7466 1
7470 1
7475 1
7479 2
7480 2
7481 1
7482 1
7483 1
7487 2
7488 3
7489 2
7491 1
7495 1
7496 1
7497 1
7498 1
7499 2
7502 2
7503 1
7505 1
7510 1
7511 1
7513 1
7515 2
7516 2
7519 1
7520 2
7521 1
7523 1
7525 1
7527 1
7528 1
7529 1
7533 2
7535 1
7536 3
7538 2
7540 2
7541 2
7542 3
7544 1
7545 3
7546 2
7548 1
7549 1
7553 2
7554 1
7555 2
7556 2
7557 1
7558 1
7561 2
7562 2
7564 3
7565 3
7566 2
7572 1
7573 1
7575 2
7577 2
7581 1
7585 2
7586 3
7587 2
7588 1
7591 2
7592 3
7593 2
7594 2
7595 2
7598 6
7599 1
7600 1
7601 1
7604 1
7605 1
7606 1
7607 1
7608 2
7609 1
7610 3
7612 2
7613 2
7614 2
7616 3
7617 2
7618 1
7622 1
7625 1
7626 1
7627 1
7628 3
7629 2
7632 3
7634 2
7635 2
7636 1
7637 1
7638 2
7640 2
7641 5
7642 4
7643 8
7644 4
7645 1
7646 5
7647 1
7649 4
7650 1
7651 3
7652 3
7653 5
7654 1
7655 1
7656 4
7657 1
7658 6
7659 3
7660 2
7662 1
7663 3
7664 5
7665 2
7666 1
7667 1
7668 2
7669 3
7670 1
7671 1
7674 1
7675 3
7676 2
7678 1
7679 3
7686 1
7690 1
7691 3
7694 1
7695 1
7698 1
7700 3
7704 5
7710 4
7716 1
7717 1
7721 1
7722 1
7725 1
7726 1
7727 2
7729 4
7732 2
7733 2
7734 2
7736 4
7737 3
7739 1
7741 1
7745 4
7746 5
7747 4
7748 4
7749 2
7751 1
7753 2
7754 9
7755 1
7756 2
7757 5
7758 4
7759 2
7760 1
7761 5
7762 1
7763 5
7764 6
7765 2
7766 1
7767 3
7768 1
7770 2
7771 5
7772 1
7773 2
7775 1
7777 2
7778 1
7779 2
7780 2
7781 4
7782 3
7783 1
7784 2
7785 2
7786 4
7787 1
7788 3
7789 5
7790 2
7791 1
7792 2
7793 1
7796 1
7797 1
7798 2
7800 2
7802 3
7807 2
7809 2
7811 3
7812 2
7813 4
7814 1
7815 1
7816 2
7817 3
7818 4
7819 3
7820 5
7821 1
7822 5
7823 5
7824 4
7825 1
7826 3
7827 2
7828 4
7830 7
7832 1
7833 3
7834 1
7835 6
7836 7
7837 2
7838 6
7839 4
7841 4
7843 2
7844 1
7845 2
7846 2
7847 1
7848 2
7850 3
7851 2
7852 5
7853 4
7854 4
7855 3
7856 2
7857 1
7858 1
7859 4
7860 2
7861 3
7862 6
7863 4
7864 3
7865 2
7866 1
7867 1
7868 2
7870 2
7871 1
7872 1
7873 1
7874 3
7876 3
7877 2
7879 3
7880 1
7881 3
7882 6
7883 6
7884 7
7885 4
7886 2
7887 2
7888 1
7889 3
7890 5
7892 1
7893 1
7894 1
7895 2
7896 1
7897 1
7898 2
7899 1
7900 3
7901 1
7903 3
7904 4
7905 3
7906 3
7907 5
7909 3
7910 1
7911 1
7912 2
7913 4
7914 1
7915 1
7916 3
7917 3
7918 2
7919 2
7920 3
7921 2
7922 1
7923 4
7924 1
7925 1
7926 5
7927 1
7928 2
7929 1
7930 2
7932 2
7933 1
7934 2
7935 1
7936 3
7937 3
7938 1
7939 1
7941 1
7942 2
7944 1
7945 2
7946 2
7947 1
7949 2
7953 1
7954 1
7955 3
7956 3
7957 1
7958 2
7959 2
7960 2
7961 1
7963 2
7965 5
7966 1
7967 1
7968 3
7969 3
7970 2
7971 4
7973 1
7974 2
7975 4
7976 3
7977 3
7978 2
7980 1
7981 1
7983 1
7985 1
7986 3
7987 1
7988 3
7989 2
7990 1
7991 2
7993 2
7994 5
7995 7
7996 1
7998 3
7999 5
8000 3
8002 4
8003 2
8004 2
8005 3
8006 1
8007 2
8008 4
8009 1
8010 1
8011 2
8012 5
8013 6
8014 5
8015 1
8018 4
8019 5
8020 1
8021 2
8022 4
8024 2
8025 3
8028 6
8032 5
8033 2
8034 3
8035 1
8038 1
8039 2
8040 3
8041 1
8042 5
8043 3
8044 1
8046 1
8048 1
8051 2
8054 2
8055 3
8056 1
8057 2
8058 1
8059 1
8060 1
8064 3
8065 2
8066 4
8067 4
8068 1
8069 3
8070 2
8071 2
8072 3
8075 1
8076 3
8077 3
8078 2
8080 3
8081 5
8082 2
8083 3
8084 3
8085 1
8087 1
8088 1
8090 1
8092 1
8093 3
8094 3
8095 3
8096 5
8097 2
8098 3
8099 1
8100 4
8101 3
8102 7
8103 2
8104 2
8105 4
8106 4
8107 3
8108 6
8109 3
8110 6
8111 4
8112 4
8113 1
8114 1
8115 3
8116 4
8117 2
8119 1
8120 3
8121 3
8122 3
8123 1
8124 1
8125 2
8127 1
8128 1
8129 1
8130 2
8131 3
8132 2
8134 1
8136 3
8137 1
8138 2
8140 1
8142 1
8143 3
8144 2
8145 6
8147 1
8148 3
8149 2
8150 2
8151 3
8152 3
8153 4
8154 1
8156 5
8157 3
8158 1
8159 2
8160 1
8163 1
8164 4
8165 1
8168 3
8169 3
8170 2
8171 1
8172 5
8173 2
8174 2
8175 1
8176 4
8177 1
8178 6
8179 4
8180 3
8181 3
8182 1
8183 3
8184 2
8185 4
8186 1
8187 1
8189 2
8191 1
8192 9
8193 1
8194 4
8196 1
8197 5
8198 4
8199 4
8200 7
8201 4
8204 2
8205 1
8207 3
8209 1
8210 1
8215 1
8216 3
8217 1
8218 4
8219 1
8220 1
8221 2
8222 2
8223 2
8224 3
8225 3
8226 1
8227 4
8228 3
8229 1
8230 3
8231 2
8232 4
8233 1
8234 5
8235 2
8236 5
8237 1
8238 3
8239 1
8243 1
8244 1
8245 6
8247 1
8248 1
8249 1
8250 3
8251 3
8252 6
8253 2
8255 1
8256 1
8257 1
8258 1
8259 2
8260 1
8262 2
8263 2
8264 1
8265 1
8267 2
8268 2
8269 1
8270 1
8271 2
8273 2
8274 3
8275 1
8277 1
8278 3
8280 1
8281 1
8282 1
8283 1
8284 1
8286 1
8287 2
8288 2
8289 2
8290 3
8292 4
8293 1
8297 1
8298 1
8301 1
8307 2
8309 2
8311 5
8314 1
8316 1
8317 1
8318 1
8319 2
8320 1
8321 1
8322 3
8323 1
8324 1
8326 7
8330 1
8331 2
8332 2
8333 3
8334 1
8337 3
8340 1
8342 2
8345 13
8346 1
8347 1
8348 1
8349 1
8350 2
8352 2
8353 2
8354 1
8355 1
8358 2
8360 1
8361 3
8362 1
8364 2
8366 1
8368 1
8373 4
8375 1
8377 2
8379 2
8380 3
8382 1
8386 4
8388 1
8390 1
8391 1
8392 1
8394 1
8397 5
8398 2
8399 1
8400 2
8404 1
8405 1
8406 2
8407 1
8412 1
8419 3
8420 1
8421 6
8422 5
8423 7
8424 4
8425 3
8426 1
8428 3
8429 1
8430 2
8431 3
8432 8
8433 3
8434 8
8436 1
8437 1
8438 1
8442 1
8443 1
8444 2
8445 1
8446 5
8447 7
8448 6
8449 8
8450 5
8451 5
8452 1
8453 1
8455 2
8456 2
8460 1
8464 2
8465 5
8467 2
8468 1
8469 1
8470 1
8471 4
8472 2
8475 2
8484 2
8485 1
8487 1
8488 2
8490 1
8493 1
8495 1
8496 1
8499 1
8502 1
8503 1
8504 2
8508 1
8514 1
8518 2
8519 1
8523 5
8524 2
8525 2
8526 2
8527 2
8528 1
8530 2
8531 1
8534 1
8537 1
8538 2
8539 5
8540 2
8542 1
8543 2
8545 1
8546 1
8547 1
8549 1
8556 2
8557 1
8558 4
8562 2
8563 2
8564 2
8567 1
8568 3
8569 5
8570 1
8571 3
8572 3
8573 1
8576 2
8578 1
8583 2
8585 2
8586 1
8587 4
8590 3
8593 1
8594 1
8596 1
8597 2
8598 2
8599 2
8600 3
8601 3
8602 1
8604 3
8605 3
8606 1
8608 3
8609 1
8610 3
8612 1
8613 1
8614 2
8615 1
8616 1
8618 2
8619 3
8620 2
8621 3
8622 2
8623 5
8624 6
8625 1
8627 2
8628 1
8629 1
8632 1
8633 2
8636 5
8637 4
8638 3
8640 1
8641 1
8644 2
8645 3
8646 2
8647 1
8648 1
8650 3
8651 3
8652 2
8653 3
8654 6
8655 2
8656 2
8657 2
8658 1
8659 2
8661 2
8662 2
8663 1
8664 2
8665 4
8666 3
8667 3
8668 3
8669 1
8672 1
8673 1
8675 3
8676 3
8677 1
8680 1
8682 1
8683 2
8684 3
8685 3
8687 1
8688 3
8690 1
8692 2
8693 4
8694 1
8695 4
8696 3
8697 1
8699 1
8704 1
8706 1
8707 1
8708 1
8709 2
8710 2
8712 1
8714 1
8715 3
8716 3
8718 2
8720 1
8724 2
8727 1
8728 3
8729 1
8730 2
8731 2
8732 1
8733 3
8734 2
8735 1
8736 3
8738 2
8740 2
8742 1
8743 2
8745 1
8746 3
8749 5
8750 2
8751 2
8753 2
8754 3
8756 2
8757 1
8758 4
8759 2
8760 2
8761 6
8762 5
8763 2
8765 4
8766 4
8767 2
8768 1
8772 3
8773 3
8775 1
8776 4
8777 5
8779 3
8780 4
8782 2
8784 1
8785 1
8786 1
8787 1
8790 4
8791 2
8792 4
8793 9
8794 4
8795 5
8796 1
8797 4
8798 4
8799 1
8800 3
8801 1
8802 1
8803 1
8804 2
8805 4
8807 3
8808 1
8809 1
8810 8
8811 3
8812 5
8813 3
8814 1
8815 1
8818 1
8819 3
8820 1
8822 6
8824 1
8826 1
8827 7
8829 2
8830 2
8831 1
8832 1
8834 2
8835 2
8836 2
8837 1
8839 3
8840 1
8844 2
8845 1
8846 1
8847 1
8848 1
8849 3
8851 2
8852 1
8853 3
8855 3
8856 2
8857 3
8858 3
8859 1
8860 2
8862 1
8865 2
8866 2
8867 1
8868 2
8869 2
8870 1
8871 1
8872 1
8874 1
8875 2
8876 3
8879 1
8881 1
8882 1
8883 2
8884 3
8885 1
8886 2
8887 8
8888 1
8890 1
8891 2
8892 3
8893 8
8894 5
8895 6
8896 6
8897 7
8898 5
8899 1
8900 1
8901 1
8902 2
8903 3
8904 3
8905 2
8906 1
8907 3
8908 4
8909 3
8910 4
8911 6
8912 4
8913 1
8915 2
8916 1
8917 1
8919 3
8920 3
8921 5
8922 3
8923 3
8924 2
8926 1
8928 1
8929 1
8932 1
8933 3
8934 3
8935 4
8936 1
8937 2
8938 2
8939 2
8940 2
8941 3
8942 6
8944 2
8945 2
8946 1
8947 2
8948 4
8949 5
8950 6
8951 2
8952 1
8953 2
8954 4
8955 3
8956 4
8957 2
8958 2
8960 1
8961 3
8962 3
8963 2
8964 1
8965 1
8966 4
8967 4
8968 2
8969 2
8971 2
8972 1
8974 1
8975 2
8976 2
8977 2
8978 2
8980 1
8981 1
8983 2
8984 1
8985 3
8986 1
8989 4
8990 1
8991 3
8992 3
8994 2
8996 2
8997 1
8999 3
9000 3
9001 1
9002 1
9003 4
9004 1
9006 2
9007 3
9008 2
9009 4
9010 1
9011 4
9012 2
9013 6
9014 2
9017 1
9019 1
9020 3
9021 2
9022 1
9023 2
9024 3
9025 2
9027 1
9028 1
9030 3
9031 1
9034 1
9035 2
9036 1
9038 5
9039 1
9040 1
9041 1
9043 1
9044 1
9045 3
9047 7
9048 4
9049 6
9050 1
9052 1
9053 4
9055 1
9056 1
9057 4
9058 1
9059 3
9061 2
9062 2
9063 2
9064 3
9065 4
9066 1
9070 1
9071 3
9072 2
9074 1
9075 1
9076 4
9077 1
9078 1
9079 3
9080 1
9081 4
9082 1
9083 1
9085 2
9086 2
9087 6
9088 2
9089 1
9090 2
9091 2
9095 2
9097 1
9098 1
9101 2
9102 2
9103 1
9104 1
9106 1
9107 1
9109 1
9112 1
9113 1
9114 3
9115 2
9117 1
9119 2
9120 1
9121 2
9122 1
9123 3
9124 3
9126 3
9127 1
9129 2
9130 3
9131 1
9132 3
9133 5
9134 4
9135 2
9136 2
9137 2
9138 1
9139 1
9143 1
9145 2
9147 5
9148 3
9149 4
9150 2
9151 1
9152 2
9153 3
9154 2
9155 3
9156 5
9157 3
9158 2
9161 2
9162 1
9163 1
9164 1
9165 1
9166 3
9167 5
9168 1
9169 2
9170 4
9171 4
9173 1
9175 1
9176 2
9177 3
9178 2
9179 5
9180 4
9182 1
9183 1
9184 3
9185 4
9186 1
9188 2
9189 4
9190 1
9191 4
9192 5
9193 1
9194 1
9197 3
9200 1
9201 1
9205 2
9206 1
9207 1
9211 1
9212 2
9213 3
9214 1
9215 1
9216 6
9217 2
9218 3
9219 8
9220 2
9221 1
9222 1
9224 1
9226 1
9227 1
9228 3
9229 1
9231 1
9234 1
9236 3
9237 1
9238 1
9239 4
9240 1
9242 4
9243 3
9244 1
9245 1
9246 2
9247 1
9248 3
9249 4
9250 10
9251 3
9252 6
9253 6
9254 2
9257 1
9258 1
9259 4
9260 1
9261 1
9262 2
9264 1
9266 1
9267 1
9268 1
9269 2
9271 2
9272 1
9273 1
9276 1
9278 4
9280 2
9281 2
9284 1
9286 2
9287 2
9288 1
9289 1
9291 1
9293 2
9294 2
9296 3
9297 1
9298 1
9299 1
9302 1
9304 2
9305 3
9306 1
9307 1
9308 1
9309 1
9310 1
9311 1
9312 4
9313 2
9316 1
9319 1
9320 1
9321 3
9322 1
9324 2
9325 1
9326 1
9327 6
9329 2
9330 2
9331 1
9333 3
9335 3
9337 2
9339 2
9340 1
9343 2
9346 1
9347 3
9348 4
9349 3
9351 1
9352 1
9353 1
9354 2
9355 3
9358 1
9361 1
9363 3
9366 1
9371 1
9372 2
9373 1
9375 1
9376 1
9378 2
9379 1
9380 4
9381 8
9382 7
9383 6
9384 3
9385 3
9386 3
9387 4
9389 1
9390 1
9391 1
9393 1
9394 3
9395 2
9396 2
9397 2
9398 2
9399 2
9400 2
9402 1
9403 1
9405 1
9406 2
9411 1
9412 1
9413 1
9414 2
9415 1
9416 2
9417 4
9418 5
9419 1
9420 3
9421 1
9422 2
9423 1
9424 1
9425 1
9426 3
9429 1
9430 2
9431 1
9432 2
9433 2
9435 7
9436 3
9437 2
9438 1
9439 1
9440 1
9441 2
9442 2
9445 4
9447 1
9448 1
9450 3
9453 2
9454 2
9457 1
9459 2
9460 4
9461 1
9462 1
9463 2
9464 1
9465 1
9466 1
9467 1
9468 3
9469 1
9471 2
9472 1
9474 3
9475 3
9477 2
9478 2
9479 6
9480 7
9481 5
9482 2
9485 2
9486 2
9487 3
9488 1
9490 1
9491 2
9492 1
9493 2
9496 1
9497 1
9498 1
9499 2
9502 2
9503 1
9506 3
9507 2
9508 1
9509 1
9510 6
9511 1
9512 1
9513 1
9515 2
9517 1
9519 1
9520 1
9525 1
9527 1
9529 5
9530 3
9537 1
9539 1
9540 1
9542 1
9544 1
9546 3
9547 3
9548 3
9549 1
9550 1
9554 1
9559 3
9560 1
9561 8
9563 2
9565 3
9566 3
9567 3
9569 1
9570 1
9571 1
9572 2
9573 3
9575 2
9576 1
9578 1
9579 1
9580 2
9581 1
9582 2
9583 1
9585 2
9589 1
9590 1
9592 2
9593 1
9594 2
9595 2
9596 1
9601 6
9602 1
9603 2
9604 5
9605 1
9607 1
9608 1
9609 1
9612 2
9615 1
9616 1
9617 1
9619 1
9625 3
9627 3
9628 1
9629 1
9630 1
9634 1
9635 5
9636 3
9637 1
9639 3
9641 2
9642 2
9644 2
9645 1
9646 2
9647 3
9651 1
9652 1
9653 2
9654 2
9655 1
9657 2
9658 3
9659 1
9660 1
9664 2
9665 1
9666 2
9668 1
9671 2
9674 1
9675 1
9676 1
9678 1
9679 2
9682 2
9684 1
9685 2
9687 2
9688 2
9689 3
9693 1
9694 1
9695 2
9696 2
9697 1
9698 2
9699 3
9700 2
9703 1
9704 2
9705 2
9708 1
9711 1
9712 2
9715 1
9716 2
9717 1
9718 1
9719 1
9720 1
9723 1
9724 1
9725 1
9727 1
9728 6
9732 3
9733 1
9734 4
9737 2
9738 1
9739 2
9740 4
9741 2
9742 4
9743 1
9744 3
9745 2
9746 1
9747 2
9748 3
9752 2
9753 1
9754 3
9755 2
9756 1
9758 4
9759 2
9761 5
9762 1
9763 1
9764 1
9768 1
9769 2
9770 2
9771 1
9772 2
9774 1
9775 4
9777 2
9779 1
9785 1
9787 1
9789 2
9790 1
9792 2
9793 1
9796 5
9798 1
9799 2
9803 2
9804 1
9805 1
9806 1
9807 2
9809 4
9811 2
9812 1
9813 1
9815 3
9816 4
9817 3
9818 1
9820 1
9822 2
9823 1
9824 1
9825 4
9826 1
9827 4
9829 2
9830 1
9831 1
9832 2
9836 2
9841 1
9845 1
9848 1
9851 1
9852 2
9854 2
9855 1
9856 2
9858 2
9859 2
9860 3
9861 1
9862 1
9865 2
9868 1
9871 1
9876 1
9877 1
9879 1
9881 1
9882 1
9885 1
9886 1
9889 1
9890 1
9891 2
9892 1
9894 1
9895 1
9896 1
9898 1
9900 1
9902 1
9903 1
9904 1
9905 1
9906 2
9907 2
9909 2
9912 3
9913 2
9914 1
9916 1
9919 6
9920 2
9921 1
9923 2
9925 1
9926 2
9927 2
9928 2
9930 2
9931 1
9932 1
9933 1
9935 1
9936 2
9938 2
9939 2
9942 2
9945 4
9946 1
9947 1
9949 1
9953 2
9954 1
9955 1
9956 3
9957 2
9959 1
9960 1
9966 2
9967 1
9968 4
9969 2
9970 2
9975 2
9976 2
9977 3
9979 1
9981 1
9982 1
9983 2
9984 1
9985 1
9988 1
9989 1
9992 2
9993 2
9997 4
9998 3
9999 2
10001 1
10003 2
10004 4
10005 1
10006 2
10007 4
10008 1
10009 3
10012 1
10013 2
10014 1
10015 5
10016 2
10017 1
10018 1
10021 1
10022 1
10025 1
10026 3
10027 5
10028 4
10029 2
10033 2
10036 2
10037 1
10040 2
10041 1
10042 5
10047 4
10048 5
10049 1
10050 5
10052 1
10053 1
10055 2
10058 2
10062 4
10064 1
10066 1
10067 1
10069 5
10071 1
10072 2
10073 1
10080 1
10083 1
10084 4
10085 4
10086 3
10087 2
10088 1
10089 2
10091 1
10092 1
10093 2
10094 3
10096 6
10097 4
10098 4
10100 1
10106 3
10107 2
10108 8
10112 3
10113 1
10114 2
10115 6
10117 1
10118 1
10119 6
10120 1
10121 1
10122 2
10123 3
10124 4
10125 5
10126 3
10127 2
10128 3
10129 2
10131 2
10133 1
10134 1
10135 3
10136 2
10137 2
10138 3
10140 4
10141 3
10142 2
10143 5
10144 1
10145 3
10146 1
10147 2
10148 1
10149 1
10150 8
10151 3
10152 1
10153 5
10155 1
10156 1
10157 5
10158 1
10159 1
10160 4
10161 1
10162 2
10163 5
10164 1
10165 4
10166 1
10167 1
10168 5
10169 1
10171 5
10172 5
10177 3
10179 2
10181 2
10182 3
10183 2
10184 2
10186 1
10188 1
10189 2
10190 2
10194 2
10195 1
10196 1
10197 1
10199 1
10200 2
10201 1
10204 1
10205 1
10206 1
10207 1
10210 1
10212 3
10213 3
10214 1
10215 1
10219 5
10220 2
10221 1
10222 1
10223 5
10224 1
10225 2
10226 1
10227 2
10229 2
10230 1
10231 1
10232 1
10234 2
10236 1
10237 1
10238 2
10239 2
10240 4
10241 3
10242 1
10243 5
10244 1
10249 1
10253 2
10255 1
10256 5
10258 1
10259 4
10260 3
10261 1
10262 1
10263 2
10264 3
10266 1
10268 1
10269 1
10270 1
10271 2
10272 1
10275 2
10277 2
10278 2
10279 2
10280 4
10281 3
10284 4
10292 1
10293 1
10295 1
10296 1
10297 1
10298 3
10299 1
10300 1
10302 1
10303 1
10304 3
10305 5
10306 1
10309 3
10310 1
10312 2
10313 1
10314 1
10316 1
10317 3
10318 1
10319 2
10320 2
10321 2
10322 3
10323 6
10325 4
10326 2
10327 1
10328 1
10329 3
10330 1
10331 1
10332 1
10333 4
10334 1
10335 1
10336 1
10337 1
10338 1
10339 1
10341 1
10342 4
10343 1
10345 2
10346 1
10347 1
10350 1
10357 1
10358 2
10364 1
10365 4
10366 3
10367 1
10368 4
10369 1
10370 2
10371 2
10372 2
10373 1
10374 4
10375 5
10376 3
10377 2
10378 2
10380 1
10382 3
10383 4
10384 2
10385 3
10386 3
10387 1
10388 1
10391 2
10392 2
10399 2
10401 2
10403 1
10404 1
10405 1
10406 2
10407 4
10408 1
10410 1
10411 1
10412 1
10413 1
10414 1
10415 3
10418 1
10419 5
10420 1
10423 2
10424 1
10425 3
10427 1
10428 3
10429 5
10432 5
10433 4
10434 3
10435 5
10436 3
10437 6
10443 4
10444 1
10446 2
10447 2
10448 2
10449 1
10450 3
10451 2
10452 3
10454 1
10455 2
10459 2
10461 1
10462 2
10464 4
10465 2
10469 1
10470 1
10471 3
10472 1
10473 2
10475 1
10476 3
10477 1
10478 3
10479 1
10480 1
10481 3
10482 2
10483 3
10484 1
10485 3
10486 3
10487 5
10488 3
10489 1
10490 1
10497 1
10498 3
10499 1
10500 1
10504 2
10505 5
10507 1
10508 1
10509 5
10512 3
10513 4
10514 3
10515 3
10516 2
10518 2
10519 1
10521 1
10523 2
10524 1
10525 2
10526 3
10527 2
10528 1
10529 1
10530 1
10531 3
10532 2
10533 1
10535 2
10536 2
10537 1
10541 1
10542 1
10543 5
10544 4
10547 1
10548 2
10549 4
10550 4
10551 1
10554 3
10556 3
10559 2
10560 1
10561 2
10562 1
10563 2
10564 2
10565 2
10567 1
10570 4
10572 2
10575 2
10576 2
10577 1
10580 1
10581 3
10582 3
10583 1
10584 3
10585 1
10586 1
10588 1
10589 1
10590 1
10592 1
10593 5
10595 1
10600 1
10601 4
10605 1
10606 1
10608 3
10609 5
10613 5
10614 1
10615 2
10619 1
10620 3
10621 2
10623 1
10624 2
10625 1
10627 1
10629 1
10630 2
10631 2
10632 3
10633 2
10636 1
10637 1
10640 1
10642 1
10644 2
10646 2
10648 1
10652 2
10654 2
10656 3
10657 1
10663 2
10666 1
10667 2
10669 1
10672 1
10674 1
10676 1
10677 1
10680 1
10682 1
10683 1
10686 1
10687 2
10688 1
10693 2
10694 1
10695 3
10697 1
10699 2
10701 1
10703 1
10704 2
10705 2
10706 1
10710 3
10711 2
10712 1
10714 1
10715 1
10716 1
10719 1
10722 1
10724 1
10725 1
10726 3
10727 1
10728 3
10730 1
10731 2
10734 2
10735 1
10736 2
10737 2
10739 3
10741 2
10742 2
10743 10
10744 1
10745 4
10748 3
10751 1
10752 1
10753 1
10754 1
10759 2
10760 1
10765 3
10766 3
10767 2
10768 1
10769 2
10771 2
10772 1
10773 2
10775 1
10777 1
10779 1
10782 1
10783 2
10785 1
10786 2
10787 1
10788 2
10790 2
10791 5
10792 7
10793 6
10794 5
10796 3
10802 3
10803 3
10804 1
10805 1
10806 2
10808 3
10809 2
10810 2
10811 2
10812 3
10813 2
10820 1
10821 2
10822 1
10823 3
10824 1
10825 2
10826 1
10838 3
10839 3
10840 2
10843 1
10844 1
10846 1
10847 1
10848 2
10850 1
10851 1
10853 1
10854 2
10857 1
10858 1
10859 3
10862 1
10864 1
10866 4
10873 1
10875 2
10880 1
10881 1
10883 1
10884 3
10885 1
10886 2
10887 3
10889 2
10892 3
10894 2
10900 1
10903 1
10904 1
10908 1
10911 2
10913 9
10917 1
10925 1
10926 3
10929 2
10930 2
10931 1
10932 4
10933 1
10934 3
10935 1
10936 1
10937 1
10938 2
10939 1
10941 1
10943 3
10944 1
10947 1
10948 2
10952 1
10954 2
10956 1
10960 1
10962 7
10964 3
10967 1
10970 1
10971 2
10972 1
10973 1
10976 1
10980 1
10982 1
10987 3
10992 2
10995 1
10996 1
10997 1
11000 1
11001 2
11002 1
11004 1
11007 1
11009 1
11013 1
11016 1
11017 3
11018 2
11027 1
11028 2
11029 1
11031 1
11034 1
11039 1
11040 2
11041 2
11042 1
11047 1
11048 1
11056 3
11057 2
11059 1
11062 1
11064 2
11065 2
11066 1
11067 2
11068 1
11070 1
11073 1
11074 1
11076 1
11079 4
11081 2
11084 1
11086 2
11087 1
11088 1
11090 2
11093 1
11095 1
11096 1
11097 7
11099 1
11102 2
11103 8
11104 1
11105 2
11106 2
11109 1
11110 2
11114 1
11115 2
11118 1
11120 1
11121 1
11122 1
11125 1
11127 1
11128 1
11129 1
11131 1
11133 1
11134 1
11141 2
11146 1
11147 2
11156 1
11157 2
11159 2
11161 1
11162 2
11163 1
11164 1
11165 1
11166 1
11168 1
11173 2
11175 1
11176 2
11177 2
11180 1
11181 1
11182 1
11184 2
11185 2
11186 1
11187 1
11194 1
11195 1
11197 1
11204 1
11206 2
11207 1
11208 1
11210 1
11211 2
11214 1
11216 4
11217 2
11219 1
11220 2
11222 2
11224 1
11225 1
11228 4
11229 2
11230 1
11234 2
11236 2
11237 2
11238 2
11239 2
11248 2
11253 1
11254 2
11256 1
11257 1
11258 2
11260 2
11262 2
11264 2
11265 1
11266 2
11269 1
11270 1
11271 1
11273 1
11277 3
11279 1
11281 1
11283 2
11285 2
11286 1
11288 1
11292 1
11293 1
11296 1
11298 4
11300 1
11302 1
11304 2
11305 2
11308 1
11311 1
11316 2
11318 1
11319 2
11320 1
11322 1
11323 1
11324 2
11325 1
11326 2
11328 2
11329 2
11336 1
11337 1
11338 1
11342 1
11344 1
11345 1
11346 1
11349 1
11358 1
11359 1
11363 3
11366 2
11368 1
11370 1
11372 3
11374 3
11375 1
11376 1
11380 1
11381 1
11385 1
11386 1
11387 1
11390 1
11395 2
11397 1
11399 1
11400 2
11401 1
11402 2
11403 2
11404 2
11411 2
11414 2
11417 1
11418 1
11420 1
11422 2
11424 1
11427 3
11428 3
11429 1
11430 2
11431 1
11432 1
11433 1
11436 3
11438 1
11439 1
11440 1
11442 1
11449 1
11451 2
11452 4
11458 1
11459 1
11460 1
11462 1
11464 1
11465 1
11466 1
11468 2
11471 1
11475 3
11477 4
11479 1
11480 1
11481 1
11483 1
11485 2
11487 1
11488 1
11489 2
11491 1
11492 1
11493 2
11497 1
11499 1
11501 1
11504 1
11506 2
11508 1
11509 3
11510 2
11511 1
11512 1
11514 1
11515 2
11517 1
11520 1
11522 1
11523 1
11527 1
11531 3
11532 2
11533 1
11534 1
11535 2
11538 1
11539 1
11542 1
11549 2
11552 2
11553 2
11554 3
11558 1
11559 1
11561 1
11563 2
11564 1
11569 3
11570 1
11571 1
11572 2
11573 4
11574 1
11575 1
11576 1
11579 1
11581 1
11582 2
11583 2
11585 3
11586 1
11587 2
11589 2
11590 2
11594 1
11600 1
11601 1
11602 3
11603 2
11606 1
11610 1
11613 1
11615 2
11617 2
11621 1
11624 1
11626 1
11628 1
11629 1
11631 1
11633 2
11635 1
11637 2
11639 1
11644 4
11648 4
11649 1
11653 1
11654 1
11662 1
11663 1
11664 1
11666 1
11668 1
11672 1
11677 1
11678 1
11679 1
11680 1
11681 1
11684 1
11685 3
11686 2
11689 1
11690 2
11691 1
11693 1
11694 1
11695 5
11696 1
11697 1
11700 3
11701 2
11707 1
11708 1
11716 1
11717 2
11718 2
11719 1
11722 2
11727 1
11728 1
11731 1
11733 1
11734 2
11736 1
11737 1
11742 1
11745 1
11749 1
11750 5
11756 1
11765 2
11767 1
11769 1
11772 1
11773 3
11774 1
11775 6
11776 2
11780 2
11784 1
11787 1
11790 1
11797 2
11799 2
11805 2
11806 1
11807 4
11813 1
11816 1
11817 1
11818 1
11819 2
11820 1
11823 4
11832 1
11835 1
11836 4
11837 1
11842 1
11845 2
11848 2
11851 1
11853 1
11854 3
11855 2
11859 2
11860 2
11862 5
11863 1
11868 2
11871 1
11872 2
11878 1
11879 1
11886 1
11887 2
11895 1
11897 1
11902 1
11905 2
11907 2
11908 1
11918 1
11921 2
11923 2
11924 1
11931 1
11936 1
11938 1
11940 1
11942 1
11943 1
11946 1
11947 1
11948 2
11949 1
11952 2
11953 2
11964 1
11965 3
11967 2
11969 1
11972 1
11973 1
11975 3
11982 1
11983 1
11984 2
11985 1
11993 2
11995 2
11996 2
12002 3
12005 1
12026 1
12031 1
12033 1
12039 1
12040 2
12041 2
12042 2
12043 4
12044 1
12046 1
12051 1
12053 3
12054 1
12057 1
12058 1
12059 4
12060 1
12061 1
12062 1
12063 1
12066 2
12069 1
12073 1
12074 1
12077 5
12078 1
12079 1
12080 4
12081 6
12082 1
12083 1
12084 1
12085 1
12086 1
12093 2
12096 1
12098 4
12100 1
12101 1
12103 1
12104 1
12105 2
12107 1
12112 2
12114 1
12115 1
12116 3
12117 2
12118 1
12119 2
12122 2
12132 1
12133 2
12135 1
12139 1
12142 2
12145 2
12147 1
12150 1
12153 1
12155 1
12159 2
12160 2
12167 1
12168 1
12169 3
12171 1
12175 1
12176 1
12177 1
12185 1
12190 1
12204 2
12206 1
12207 1
12217 1
12218 3
12219 1
12224 1
12226 1
12234 1
12235 1
12236 1
12244 3
12247 1
12248 1
12250 2
12251 3
12252 2
12253 1
12254 2
12257 1
12264 1
12266 1
12272 1
12273 1
12275 1
12276 1
12278 1
12280 2
12283 1
12285 2
12286 1
12287 1
12288 91
12291 2
12295 1
12296 1
12297 1
12300 1
12302 1
12304 1
12305 2
12308 1
12310 1
12312 1
12313 2
12316 1
12322 3
12323 2
12324 1
12328 1
12333 1
12334 1
12337 1
12344 1
12346 1
12353 1
12358 1
12359 1
12362 1
12370 1
12373 1
12377 1
12378 2
12384 1
12387 3
12392 1
12394 1
12395 2
12396 1
12399 1
12400 1
12402 1
12406 2
12412 1
12413 1
12415 1
12420 3
12424 1
12426 1
12430 1
12431 1
12432 2
12438 2
12444 1
12447 1
12461 2
12464 1
12469 1
12470 1
12471 4
12473 3
12480 1
12482 1
12486 1
12487 1
12489 1
12492 1
12501 1
12502 1
12505 1
12512 1
12514 4
12515 2
12517 1
12518 1
12519 1
12520 1
12523 1
12524 1
12526 1
12530 1
12536 3
12537 2
12539 1
12540 2
12541 1
12542 1
12543 1
12544 1
12546 2
12549 1
12553 1
12554 1
12555 1
12557 1
12569 1
12571 1
12572 1
12573 1
12574 1
12577 1
12578 2
12579 1
12580 3
12582 1
12588 1
12591 1
12593 1
12596 1
12600 1
12605 1
12606 1
12610 1
12611 1
12612 1
12613 1
12615 3
12617 1
12618 2
12620 1
12622 1
12632 1
12636 3
12637 1
12638 3
12642 2
12643 1
12644 5
12652 5
12655 2
12659 1
12660 2
12666 1
12667 1
12670 1
12679 2
12683 1
12684 1
12690 1
12698 1
12699 5
12701 1
12706 1
12707 1
12709 2
12710 4
12711 4
12721 1
12722 1
12723 1
12724 2
12725 2
12726 4
12727 1
12728 1
12737 1
12743 1
12744 1
12745 1
12748 1
12749 1
12750 1
12752 1
12753 2
12755 1
12757 1
12761 1
12769 1
12774 1
12776 1
12781 1
12782 1
12795 1
12803 1
12806 2
12809 1
12816 1
12817 1
12821 2
12854 1
12855 1
12863 1
12864 1
12866 1
12869 1
12870 2
12875 1
12877 3
12888 2
12890 1
12891 1
12894 1
12895 1
12896 2
12897 1
12903 1
12907 1
12908 1
12912 2
12920 1
12924 2
12926 1
12927 1
12929 1
12932 1
12938 1
12940 1
12942 1
12947 1
12950 1
12952 1
12968 1
12971 1
12972 1
12978 1
12986 1
12987 2
12988 2
13009 1
13010 2
13023 1
13024 1
13026 1
13027 1
13052 1
13061 1
13066 1
13067 2
13072 2
13077 1
13080 1
13084 1
13086 1
13090 1
13096 2
13097 1
13106 3
13111 2
13112 3
13113 1
13114 1
13121 1
13126 1
13127 2
13128 2
13129 1
13130 1
13131 3
13132 3
13133 1
13136 1
13147 1
13148 1
13161 2
13164 2
13168 1
13171 5
13172 1
13173 1
13174 2
13176 2
13179 1
13182 1
13183 1
13185 2
13186 1
13187 1
13188 1
13190 2
13191 4
13192 2
13194 3
13195 1
13208 1
13210 1
13212 1
13221 1
13223 2
13224 1
13225 1
13226 1
13227 1
13229 1
13239 1
13241 2
13248 1
13250 3
13260 1
13261 3
13262 1
13263 2
13267 1
13276 1
13293 1
13294 1
13296 1
13299 2
13301 1
13303 1
13305 2
13309 1
13310 1
13311 1
13312 6
13314 1
13317 1
13318 1
13319 1
13320 1
13325 1
13327 5
13328 2
13330 1
13331 1
13333 1
13337 1
13338 1
13339 2
13340 1
13341 2
13343 4
13344 1
13345 1
13347 1
13354 2
13357 1
13361 4
13362 3
13363 2
13364 4
13365 1
13366 3
13367 1
13369 2
13373 1
13375 1
13376 1
13377 2
13379 2
13381 2
13386 1
13389 1
13391 1
13392 2
13395 2
13397 1
13398 1
13399 1
13400 1
13403 2
13404 1
13405 1
13406 1
13412 1
13416 1
13424 1
13425 1
13426 1
13427 1
13428 1
13430 1
13435 1
13451 1
13452 1
13455 1
13461 1
13464 3
13465 1
13468 2
13470 1
13472 2
13473 1
13476 2
13479 1
13481 1
13483 1
13485 1
13486 1
13488 1
13490 1
13491 1
13495 2
13499 1
13504 1
13505 3
13517 2
13521 1
13522 1
13527 4
13530 1
13531 3
13533 2
13534 1
13546 1
13548 1
13557 1
13560 5
13561 2
13565 1
13566 2
13573 5
13575 2
13577 2
13578 1
13579 1
13583 1
13587 1
13595 1
13597 1
13599 2
13614 2
13615 1
13616 1
13619 1
13629 1
13630 1
13631 1
13650 1
13652 1
13653 1
13655 1
13659 1
13664 1
13666 1
13671 1
13674 1
13675 1
13677 1
13695 2
13699 1
13701 1
13715 1
13716 1
13719 1
13721 1
13723 2
13728 1
13736 1
13742 1
13746 1
13752 1
13759 2
13773 2
13780 2
13789 2
13792 1
13794 1
13801 1
13803 1
13804 1
13814 2
13815 1
13816 1
13817 1
13822 1
13829 3
13831 1
13837 1
13840 2
13844 2
13864 1
13868 2
13871 1
13874 1
13879 1
13883 2
13884 2
13905 1
13906 2
13922 2
13923 1
13924 1
13925 1
13926 4
13927 4
13932 1
13935 1
13936 2
13944 1
13948 1
13951 1
13954 2
13956 1
13962 1
13963 1
13972 1
13974 1
13976 2
13980 2
13981 2
13982 1
13986 1
13991 1
13992 1
14004 1
14011 1
14014 1
14016 1
14022 1
14025 1
14029 1
14030 1
14036 1
14039 1
14041 1
14053 1
14063 1
14064 1
14068 1
14069 1
14073 1
14086 1
14101 1
14120 1
14123 1
14125 1
14131 1
14135 1
14136 1
14140 2
14148 1
14162 2
14172 1
14189 1
14190 1
14204 1
14209 1
14219 1
14230 2
14240 1
14244 1
14247 1
14255 1
14256 1
14257 2
14258 1
14259 1
14283 1
14285 1
14287 1
14295 1
14309 2
14313 1
14320 2
14321 1
14323 1
14324 1
14339 3
14343 1
14346 1
14350 2
14351 3
14352 1
14353 1
14357 1
14358 1
14379 1
14386 1
14399 1
14400 1
14401 2
14402 1
14407 2
14418 1
14419 1
14420 1
14429 1
14437 1
14446 1
14447 1
14450 1
14452 1
14454 1
14455 1
14466 1
14469 1
14474 1
14479 1
14480 1
14483 1
14486 1
14492 1
14493 1
14494 1
14495 1
14501 2
14515 1
14517 3
14527 1
14549 1
14558 1
14565 1
14567 1
14568 2
14569 1
14571 1
14573 1
14581 1
14590 1
14591 1
14592 1
14599 1
14605 1
14607 1
14610 1
14615 1
14620 1
14622 1
14626 1
14627 1
14640 2
14653 1
14657 1
14660 1
14677 1
14679 1
14681 2
14682 1
14688 1
14706 1
14708 2
14715 2
14731 1
14733 1
14737 1
14739 1
14747 1
14763 1
14784 1
14787 1
14791 1
14815 1
14816 1
14829 2
14845 1
14847 1
14857 1
14859 1
14870 1
14871 1
14885 1
14891 1
14897 1
14915 1
14920 1
14921 1
14932 1
14946 3
14947 1
14952 2
14956 2
14959 1
14968 1
14971 2
14972 1
14999 2
15001 1
15022 1
15034 2
15035 1
15047 2
15063 1
15064 2
15065 2
15071 1
15078 2
15081 1
15088 1
15094 1
15101 1
15102 2
15103 1
15106 1
15110 1
15127 1
15130 1
15136 1
15144 1
15155 3
15156 1
15180 1
15188 1
15198 1
15206 1
15211 1
15212 1
15220 1
15243 1
15245 1
15246 1
15254 1
15305 1
15316 1
15320 1
15330 1
15360 6
15369 1
15377 1
15387 1
15391 1
15399 1
15407 1
15418 1
15431 1
15437 1
15473 1
15483 1
15503 1
15528 1
15544 1
15548 1
15549 1
15554 2
15556 3
15572 1
15585 1
15597 2
15604 1
15605 1
15606 1
15646 1
15658 1
15660 1
15664 1
15670 1
15688 1
15691 2
15718 1
15720 2
15741 1
15744 1
15759 1
15764 1
15765 1
15766 1
15768 1
15779 2
15780 1
15783 1
15815 1
15818 1
15888 1
15894 1
15900 2
15924 1
15931 1
15937 1
15943 1
15944 1
15991 1
15995 1
16004 1
16014 1
16040 1
16077 1
16088 1
16090 1
16095 1
16108 2
16157 1
16159 1
16165 2
16168 1
16182 2
16187 2
16192 1
16199 1
16208 1
16211 1
16214 1
16226 2
16240 1
16260 2
16264 1
16272 1
16279 2
16280 2
16331 1
16347 1
16367 1
16370 1
16379 1
16384 95
16407 1
16417 1
16462 1
16469 3
16471 1
16493 1
16502 1
16507 1
16512 1
16518 1
16519 2
16521 1
16522 1
16523 3
16542 1
16546 1
16550 1
16551 1
16568 1
16569 1
16570 2
16628 1
16663 1
16693 1
16704 1
16713 1
16724 1
16729 1
16737 1
16758 1
16764 1
16782 1
16783 1
16784 1
16785 1
16789 1
16836 1
16854 1
16860 1
16862 1
16881 1
16892 1
16902 1
16990 1
17023 1
17057 1
17065 1
17090 1
17094 1
17116 3
17117 2
17131 1
17144 1
17153 1
17159 1
17180 2
17181 1
17194 1
17195 2
17212 1
17229 1
17230 1
17234 1
17251 1
17277 1
17278 1
17281 1
17282 1
17284 1
17285 2
17290 2
17291 1
17293 1
17306 2
17310 1
17326 2
17327 1
17328 1
17333 1
17336 1
17337 1
17344 1
17366 1
17388 2
17392 1
17394 1
17400 1
17408 5
17411 1
17432 1
17437 1
17456 1
17465 1
17490 1
17510 1
17525 1
17552 1
17560 1
17565 1
17566 1
17591 1
17592 2
17595 1
17599 1
17608 1
17620 1
17625 1
17632 1
17645 3
17653 1
17656 1
17666 1
17669 1
17675 1
17676 3
17683 1
17685 1
17693 1
17705 2
17708 1
17747 1
17755 1
17756 2
17771 2
17772 1
17777 2
17778 1
17779 1
17781 1
17783 1
17790 1
17793 1
17819 1
17825 1
17849 1
17852 1
17885 1
17887 1
17899 1
17901 1
17908 1
17909 1
17957 1
17958 1
17976 4
17984 1
17991 2
17992 1
18007 1
18008 1
18040 1
18077 2
18079 1
18100 1
18104 1
18125 1
18130 1
18134 1
18149 1
18164 1
18166 1
18169 1
18176 1
18177 2
18186 2
18188 1
18196 1
18199 1
18202 1
18204 1
18222 1
18227 1
18256 1
18259 1
18261 1
18262 1
18267 1
18268 1
18272 1
18279 1
18280 1
18281 1
18282 1
18284 1
18288 1
18290 1
18291 1
18323 2
18324 1
18325 2
18354 1
18371 1
18372 1
18376 1
18378 1
18395 1
18432 4
18445 1
18459 1
18461 1
18467 2
18468 2
18522 1
18525 2
18553 2
18593 1
18595 1
18605 1
18638 2
18648 1
18654 1
18660 1
18664 1
18713 1
18715 1
18741 1
18742 3
18743 2
18752 1
18762 1
18766 1
18767 2
18774 2
18782 2
18796 1
18814 1
18837 1
18846 1
18859 1
18862 1
18868 1
18889 2
18893 2
18894 2
18895 2
18901 2
18926 1
18932 1
18994 1
19028 1
19034 1
19038 1
19040 1
19088 1
19108 1
19133 1
19161 1
19186 1
19212 2
19215 1
19223 1
19237 1
19244 2
19246 1
19264 1
19285 4
19304 1
19324 5
19343 1
19422 1
19432 1
19435 1
19456 2
19475 1
19487 2
19501 3
19505 2
19514 3
19518 1
19531 1
19533 1
19552 3
19567 1
19574 1
19575 1
19580 1
19630 1
19631 1
19675 1
19686 2
19740 1
19780 1
19783 1
19795 1
19819 1
19834 1
19835 1
19860 1
19874 1
19883 1
19887 1
19890 1
19892 1
19902 1
19903 1
19920 1
19923 1
19929 1
19931 1
19977 1
20019 1
20053 1
20086 1
20088 2
20093 1
20095 1
20116 1
20129 1
20133 1
20134 1
20175 1
20196 1
20220 1
20226 1
20231 1
20242 1
20269 1
20289 1
20292 1
20296 2
20297 1
20301 1
20308 2
20314 1
20319 2
20321 1
20329 1
20331 1
20333 2
20334 1
20343 1
20345 1
20389 1
20399 1
20424 1
20447 1
20458 1
20480 54
20492 1
20501 1
20526 1
20561 1
20567 1
20598 1
20610 1
20668 1
20678 1
20688 2
20714 2
20716 1
20731 1
20747 2
20814 1
20828 1
20832 1
20870 1
20880 3
20911 1
20913 1
20935 1
20937 1
20943 1
20945 2
20946 1
20952 1
20953 1
20957 1
20964 1
20966 1
20971 1
20988 1
21010 1
21012 1
21015 1
21016 1
21017 1
21029 1
21041 1
21049 1
21054 2
21062 1
21074 1
21085 1
21130 1
21234 1
21238 1
21240 1
21242 1
21244 2
21246 1
21248 2
21250 1
21255 1
21278 1
21285 2
21308 1
21345 1
21354 1
21380 1
21388 1
21400 1
21404 1
21416 1
21451 1
21494 1
21504 1
21508 1
21510 1
21538 1
21542 1
21543 2
21551 1
21552 1
21618 1
21642 2
21647 1
21666 1
21668 1
21671 1
21681 1
21702 1
21704 1
21828 1
21872 1
21882 1
21907 1
21909 1
21952 1
21982 1
21984 2
22000 1
22032 1
22034 1
22036 1
22047 1
22085 1
22090 1
22096 1
22120 1
22165 1
22215 1
22219 1
22220 1
22224 1
22226 1
22228 1
22230 2
22232 1
22234 2
22236 1
22242 2
22247 1
22250 1
22332 1
22340 1
22361 1
22401 4
22413 1
22466 2
22493 2
22501 1
22515 1
22533 1
22545 1
22595 1
22604 1
22630 1
22647 1
22657 1
22667 1
22677 1
22728 1
22738 1
22761 3
22816 2
22818 1
22828 1
22840 1
22888 4
22919 1
22964 1
22967 1
22968 1
22973 1
23035 2
23057 1
23086 2
23099 2
23117 2
23121 2
23142 1
23185 1
23187 1
23197 1
23221 1
23235 1
23239 1
23240 1
23262 1
23263 1
23266 1
23272 1
23288 1
23291 1
23316 1
23356 1
23357 1
23369 1
23384 1
23413 1
23426 1
23431 1
23432 1
23445 1
23485 1
23487 1
23499 1
23550 1
23553 3
23568 1
23591 1
23630 1
23665 1
23667 1
23673 1
23684 1
23711 1
23803 1
23825 1
23831 1
23841 1
23929 1
23949 1
24001 1
24002 1
24003 1
24010 1
24016 3
24023 1
24062 1
24115 1
24123 1
24125 2
24127 1
24154 1
24160 1
24167 1
24172 1
24181 1
24182 1
24203 1
24208 1
24220 1
24228 1
24230 2
24231 1
24246 1
24251 1
24253 1
24258 1
24259 1
24260 1
24264 1
24277 1
24282 1
24301 1
24307 1
24329 1
24344 1
24360 1
24370 2
24374 1
24391 1
24396 1
24417 1
24423 1
24514 1
24529 1
24540 2
24567 1
24576 52
24579 2
24587 1
24596 1
24625 1
24628 2
24629 1
24630 1
24633 1
24639 2
24643 1
24679 1
24809 1
24812 1
24813 1
24861 1
24874 1
24879 1
24889 1
24891 2
24911 9
24934 1
24949 1
24966 1
24976 2
24994 1
24997 1
25009 1
25014 1
25032 1
25040 1
25070 1
25073 1
25088 1
25093 1
25109 1
25117 1
25120 1
25121 1
25181 1
25185 1
25191 1
25201 1
25203 1
25204 1
25220 2
25222 1
25238 1
25252 1
25261 1
25263 1
25264 3
25266 1
25269 2
25271 1
25273 2
25274 1
25279 1
25280 1
25282 1
25289 3
25295 1
25310 1
25312 2
25319 1
25341 1
25347 1
25350 1
25352 1
25353 1
25355 2
25370 1
25380 1
25382 1
25389 1
25390 1
25394 1
25396 1
25428 1
25435 1
25443 1
25450 1
25456 1
25469 1
25483 1
25491 1
25495 3
25498 1
25512 1
25516 2
25517 1
25525 1
25533 1
25536 2
25540 1
25550 1
25554 2
25560 1
25571 1
25584 2
25587 2
25591 1
25594 1
25610 1
25637 1
25650 1
25689 1
25720 1
25804 1
25841 1
25845 1
25858 1
25864 1
25865 1
25872 1
25884 1
25928 1
25937 1
25961 1
25971 1
25980 1
26023 1
26039 1
26040 1
26053 1
26055 1
26074 1
26099 1
26108 1
26175 1
26187 1
26261 1
26263 1
26270 1
26272 1
26486 1
26507 1
26530 1
26541 1
26554 1
26555 1
26561 1
26603 1
26609 3
26621 1
26627 1
26641 1
26650 1
26661 1
26664 1
26665 1
26667 1
26677 1
26678 1
26679 1
26682 3
26684 1
26688 1
26690 2
26693 1
26694 1
26696 2
26708 1
26712 1
26726 1
26729 1
26737 1
26738 1
26742 1
26744 1
26747 1
26750 1
26769 1
26780 2
26793 1
26804 1
26807 1
26817 1
26822 1
26834 2
26840 1
26841 1
26844 1
26864 1
26867 3
26901 1
26929 2
26935 1
26947 1
26965 2
26976 1
26988 1
26989 1
26991 1
26994 1
26998 1
27011 1
27016 1
27038 2
27040 1
27046 1
27082 1
27097 1
27155 1
27175 2
27179 1
27215 1
27243 1
27288 1
27304 1
27338 6
27342 10
27346 2
27351 4
27355 3
27435 2
27439 2
27443 2
27448 1
27450 1
27456 1
27462 1
27467 2
27471 1
27475 2
27483 1
27484 1
27518 4
27527 1
27530 3
27535 1
27576 2
27584 1
27611 1
27665 4
27692 1
27761 1
27769 2
27775 1
27791 1
27793 3
27812 1
27815 1
27818 1
27841 1
27846 2
27849 1
27855 1
27856 1
27858 1
27862 1
27864 1
27867 1
27876 1
27878 1
27879 1
27880 2
27881 1
27883 1
27896 1
27897 1
27898 1
27901 1
27924 1
27927 1
27933 1
27941 1
27945 1
27963 1
27969 1
27985 1
27999 1
28032 1
28049 1
28056 1
28156 1
28160 1
28192 3
28222 1
28234 1
28356 1
28400 1
28404 2
28421 1
28456 1
28459 2
28466 1
28505 1
28506 1
28526 1
28528 1
28533 1
28554 1
28557 1
28579 1
28587 1
28595 1
28600 1
28625 1
28627 1
28659 1
28672 14
28674 1
28695 1
28699 1
28702 1
28705 1
28717 1
28719 1
28824 1
28844 4
28845 2
28848 1
28859 1
28860 1
28862 1
28910 1
28934 3
29011 1
29014 2
29034 1
29036 1
29102 1
29155 1
29262 1
29263 1
29289 1
29359 2
29363 1
29370 1
29384 2
29391 1
29397 1
29399 1
29403 1
29415 1
29423 1
29461 1
29485 1
29521 1
29554 1
29567 1
29573 1
29575 2
29593 1
29600 1
29614 1
29626 2
29630 1
29638 1
29639 1
29654 1
29776 1
29787 1
29794 3
29803 1
29822 2
29834 1
29854 2
29867 1
29908 5
29986 3
30044 4
30051 1
30085 1
30090 3
30151 1
30184 1
30278 1
30348 1
30372 1
30385 1
30478 3
30501 3
30507 1
30580 1
30665 1
30676 1
30682 1
30712 1
30737 1
30784 1
30874 1
30916 1
30971 1
30982 1
31073 1
31079 1
31085 1
31092 1
31153 1
31197 1
31258 3
31297 1
31313 1
31354 1
31369 1
31377 1
31412 1
31421 1
31491 1
31496 1
31529 1
31538 2
31562 4
31681 1
31808 1
31840 1
31867 1
31920 2
31921 2
31925 1
31935 1
32006 1
32011 1
32036 1
32068 1
32154 1
32157 1
32175 1
32184 1
32195 1
32378 1
32387 1
32446 1
32449 1
32556 3
32566 1
32590 1
32690 1
32768 18
32829 1
32869 1
32964 1
33116 1
33170 1
33271 1
33284 1
33391 1
33405 1
33407 1
33451 2
33460 1
33464 1
33470 1
33846 1
33890 2
34022 4
34127 1
34159 1
34177 1
34190 1
34195 1
34196 2
34197 1
34199 1
34200 1
34232 4
34273 1
34281 2
34313 1
34351 2
34356 1
34389 1
34404 1
34426 3
34548 1
34555 1
34652 1
34755 1
34767 1
34770 1
34797 1
34853 2
34865 1
34988 1
35081 1
35094 1
35111 1
35112 2
35125 1
35136 2
35207 1
35214 1
35315 1
35386 2
35497 1
35512 1
35516 1
35536 1
35609 1
35639 1
35819 2
35980 1
36028 3
36065 4
36139 1
36173 1
36200 3
36211 2
36259 3
36307 1
36318 3
36323 1
36334 1
36371 1
36536 1
36538 1
36539 1
36542 1
36609 2
36627 1
36628 1
36651 1
36691 4
36700 1
36863 1
36864 17
36979 3
36991 1
37003 3
37120 1
37157 1
37260 1
37308 1
37388 1
37504 1
37507 1
37554 1
37707 3
37762 1
37779 1
37788 1
37870 1
37906 1
37931 1
38001 1
38060 1
38096 1
38199 1
38215 1
38287 1
38338 1
38339 4
38403 2
38411 3
38425 3
38509 1
38516 1
38570 1
38593 1
38611 1
38704 1
38872 1
38882 1
38932 1
38963 1
38967 1
38976 1
38996 1
39012 1
39023 1
39032 1
39040 2
39044 1
39046 2
39048 1
39050 1
39061 1
39065 1
39107 1
39108 1
39123 1
39191 1
39250 1
39278 1
39300 1
39348 1
39407 1
39465 1
39505 1
39521 1
39701 1
39784 1
39896 1
39970 1
39979 1
40166 1
40230 1
40360 1
40456 1
40478 1
40495 1
40535 2
40628 1
40640 1
40660 1
40675 1
40783 1
40897 1
40960 16
41072 1
41141 1
41152 1
41159 1
41248 1
41249 1
41264 1
41341 1
41363 1
41365 1
41465 1
41491 1
41532 1
41708 1
41805 2
41815 1
41914 1
41958 1
42053 1
42055 1
42100 1
42113 1
42162 1
42257 2
42414 1
42441 1
42455 1
42572 1
42581 1
42606 1
42708 1
42726 1
42780 1
42783 1
42842 1
42908 1
42918 1
43047 1
43099 1
43111 1
43119 1
43148 1
43181 1
43197 1
43267 1
43364 1
43371 1
43377 1
43453 1
43455 1
43494 1
43497 2
43579 1
43597 1
44206 1
44260 2
44400 1
44403 1
44426 1
44614 1
44676 1
44736 1
44816 1
44909 1
44935 1
44946 2
45041 1
45056 7
45215 1
45340 2
45354 1
45416 1
45420 1
45447 1
45534 1
45584 1
45604 1
45665 1
45709 1
45842 1
45855 1
46001 1
46047 1
46049 1
46053 2
46062 1
46077 2
46083 1
46303 1
46335 1
46383 1
46396 1
46542 1
46600 1
46746 1
46849 1
47036 1
47054 1
47203 1
47204 1
47212 1
47245 3
47422 1
47605 1
47647 1
48292 1
48448 1
48600 1
48673 1
48952 1
49152 96
49159 1
49215 1
49560 1
49569 1
49645 2
49711 1
49736 1
50099 1
50262 1
50302 1
50368 1
50661 1
50765 1
50788 6
50810 6
50813 6
50879 2
51200 1
51221 1
51375 1
51529 1
51626 1
51762 1
51766 1
51799 1
52059 1
52254 1
52355 1
52435 1
52469 2
52493 2
52548 1
52646 1
52922 1
53169 1
53192 1
53248 5
53322 1
53329 1
53396 1
53591 1
53719 1
53837 1
53864 1
53925 1
53982 1
54110 2
54114 1
55004 1
55212 2
55312 1
55329 1
55667 2
56591 1
56644 1
56823 1
56881 1
57060 1
57217 1
57314 1
57344 56
57380 1
57449 1
57676 1
57917 1
58057 1
58280 1
58374 1
59086 1
59612 1
59619 1
59666 1
59890 1
60241 1
60723 1
60904 1
60959 1
61354 1
61440 37
61591 1
61872 1
61960 1
62278 1
62313 1
62628 1
62641 1
62927 1
63579 1
63590 1
64294 1
65012 1
65536 45
65548 1
66564 1
67047 1
67268 1
67303 1
67664 1
67923 1
68062 1
68122 1
68672 1
68790 1
68884 1
69181 1
69632 6
70656 1
70687 1
70828 1
71280 1
71649 1
71687 1
72236 1
72519 1
72537 1
72588 1
72837 1
73507 1
73728 4
73953 1
74066 1
74095 1
74259 2
74420 1
74515 1
74564 1
74568 1
74728 1
74732 1
74818 1
74843 1
75027 1
75238 1
75331 1
75448 1
75894 1
76447 1
76465 1
76811 1
76904 1
77223 1
77479 1
77506 1
77824 42
77876 1
78104 1
78123 1
78646 1
78986 1
79479 1
79670 1
80519 1
80681 1
80755 1
80818 1
80849 1
81390 1
81402 1
81616 1
81628 1
81746 1
81858 1
81920 25
82247 1
82431 1
82522 1
83313 1
83399 1
83544 1
83685 1
83827 1
84517 1
84532 1
85016 1
85246 1
85442 1
85860 1
86016 2
86142 1
86210 1
86514 2
86917 1
87535 1
88290 1
89072 1
89159 1
89171 1
89298 1
89684 1
90112 4
90289 1
90462 1
90560 1
91086 1
91159 1
91791 1
92027 1
92160 1
92421 1
92590 1
92704 1
93889 1
94191 1
94208 5
94720 1
94787 1
95372 1
96077 1
96632 1
96735 1
96748 1
96879 1
97474 1
98034 1
98304 6
99144 1
99328 1
99544 1
100249 1
101142 1
101357 1
102135 2
102453 1
102456 1
102888 1
103131 1
103711 1
104244 1
105198 1
105438 1
106477 1
106496 4
107439 1
108841 1
109198 1
109605 1
109869 1
109934 1
109946 1
110427 1
110468 1
110592 2
111730 1
111883 1
112632 1
113211 1
113274 1
114069 1
114301 1
114522 1
114688 2
114730 1
114805 1
114960 1
116080 1
116559 1
117061 1
117375 1
117464 1
117864 1
118369 1
118784 2
119253 1
120320 1
120832 1
121779 1
122452 1
122665 1
122880 2
123103 1
123670 1
123901 1
125123 1
125648 1
126788 1
126845 1
127315 1
127529 1
127756 1
127911 1
128238 1
128490 1
128755 1
129805 1
130506 1
130747 1
131072 3
131478 1
131965 1
132385 1
132411 1
132440 1
132752 1
133014 1
133274 1
134535 1
135369 1
136812 1
138810 1
139169 1
139264 8
139372 1
140459 1
140478 1
140622 1
140813 1
142356 1
142774 2
143347 1
143360 4
143436 1
145089 1
146252 1
147456 5
147573 1
147896 1
147939 1
150353 6
151552 3
155648 4
156393 1
159121 1
159744 5
160078 1
160088 1
160644 1
161735 1
164358 1
165637 1
165967 1
167936 4
169596 1
171130 1
172032 3
172645 1
176128 2
176219 1
180224 3
180295 1
180673 1
183019 2
183127 2
183853 1
184320 3
187920 1
188416 1
192512 1
192747 1
192936 2
194358 1
196608 3
196634 2
196740 1
197116 1
197867 1
200704 2
201001 1
204324 2
204800 3
208129 1
209661 1
215040 1
216330 1
217564 1
218034 3
218040 1
218065 1
218180 1
224672 1
226372 1
228474 1
229376 3
232126 1
238868 1
243703 1
245356 1
245760 2
246386 1
246759 1
249856 4
251286 1
253440 1
253952 3
258772 1
259254 1
261575 1
262144 1
262272 1
263308 1
264375 1
266240 1
270114 1
271099 3
271978 1
276918 2
279489 1
283648 1
290816 1
294912 1
303104 1
303548 1
311145 1
311296 1
311821 1
314740 1
315392 1
315398 1
321155 1
322632 1
323584 3
324707 1
331197 1
332711 1
332777 1
341709 1
342079 1
349795 2
359931 1
364544 1
370330 1
372736 2
385024 1
386107 2
389772 1
393216 4
395264 1
398490 1
405693 1
412165 1
417150 1
421888 2
431890 1
432460 1
438272 1
440886 1
446464 2
454967 2
459269 1
459560 1
459675 1
466944 1
479232 1
487424 2
488010 1
488239 1
502932 1
512000 1
516096 1
516524 1
517219 2
528384 2
544768 1
571606 1
577605 1
600413 1
629594 1
630784 1
634880 1
638976 1
647168 1
649709 1
650481 1
659968 1
679936 1
686007 1
704512 1
704677 1
753664 1
757248 1
769638 1
770048 2
790528 1
793856 1
797000 1
802816 1
827392 1
841599 2
847872 2
864256 1
888832 1
897024 2
908804 1
913408 1
929792 1
936063 1
954368 2
958464 1
988826 1
1016420 1
1048576 1
1052672 1
1097728 1
1191936 1
1242743 1
1252810 1
1263472 2
1269760 2
1277952 1
1282048 1
1324925 1
1335296 1
1347584 1
1384448 1
1389936 1
1404928 1
1436600 1
1436944 1
1445655 1
1468490 1
1489135 1
1523712 1
1572864 1
1605632 1
1638400 1
1678144 1
1687552 2
1690189 1
1703936 1
1708032 2
1769472 1
1818624 1
1859217 1
1925120 2
1991092 1
2007040 1
2174464 1
2187264 1
2224128 1
2236416 1
2241220 1
2244608 1
2254068 1
2351104 1
2441216 1
3141289 1
3149824 1
3170304 1
3403776 1
3485696 1
3719168 1
3840000 1
5189632 1
5697536 1
5812224 1
5844992 1
6332416 1
6385664 1
7176192 2
7340032 1
8294400 1
10186752 1
10463956 1
10473472 1
13127680 1
13656064 1
16666624 1
16747300 1
17453056 1
18333696 1
21319680 1
26470400 1
27711488 1
28152108 1
29184000 1
30945280 1
