3 1
17 1
22 1
24 2
61 1
71 1
110 1
111 1
121 1
131 1
134 1
139 1
140 1
145 1
163 2
165 1
167 3
168 1
169 1
171 1
174 1
175 1
176 1
177 1
180 1
182 2
188 1
190 2
192 1
195 1
197 1
198 1
201 1
204 1
206 2
207 1
211 1
213 1
214 1
215 2
216 2
222 3
223 1
230 1
231 1
232 2
234 1
238 1
242 1
245 2
246 1
249 1
252 1
254 2
255 3
258 2
259 1
262 1
265 1
273 1
275 1
276 1
277 1
279 2
283 3
287 1
291 1
293 1
296 1
298 3
302 1
303 1
308 1
314 1
315 1
320 1
324 1
325 1
327 2
329 2
332 1
339 6
340 1
351 6
356 1
357 2
361 1
363 2
366 1
367 1
375 2
379 1
381 1
383 1
389 1
394 1
395 1
396 1
397 1
398 1
402 2
404 1
408 1
422 2
423 1
440 1
443 1
449 1
451 1
458 1
469 1
472 1
475 1
477 1
479 1
490 1
500 1
503 1
504 1
521 1
523 1
532 1
543 1
552 1
568 1
570 1
577 1
588 1
593 1
606 1
608 1
622 1
636 1
638 1
639 1
646 1
647 1
654 2
664 1
669 1
674 1
679 1
680 1
688 1
727 1
730 1
734 1
736 1
738 1
739 1
749 1
776 1
792 1
796 1
813 1
842 1
850 1
866 1
871 2
883 1
900 1
904 1
906 1
909 1
924 1
928 1
988 1
992 2
1015 1
1024 28
1027 1
1052 1
1058 1
1110 1
1168 1
1182 1
1186 1
1190 1
1240 1
1250 1
1266 1
1283 1
1289 1
1300 1
1329 1
1350 1
1351 1
1387 1
1393 1
1404 1
1408 1
1451 1
1465 1
1485 1
1488 1
1500 1
1525 1
1530 1
1537 1
1544 1
1548 1
1570 1
1574 1
1608 1
1625 1
1629 1
1632 1
1669 1
1693 1
1714 1
1715 1
1732 1
1756 1
1764 1
1775 1
1777 1
1800 1
1806 1
1812 1
1816 1
1834 1
1836 1
1858 1
1882 1
1934 1
1949 1
1962 1
2026 1
2032 1
2041 1
2048 2
2061 1
2071 1
2074 1
2085 1
2145 1
2164 1
2168 1
2169 1
2170 1
2178 1
2216 1
2258 1
2283 1
2315 1
2317 1
2336 1
2440 1
2449 1
2462 1
2504 1
2518 1
2588 1
2610 1
2629 1
2657 1
2745 1
2749 1
2805 1
2841 1
2892 1
2908 1
3026 1
3029 2
3072 3
3075 1
3089 1
3094 1
3181 1
3249 1
3266 1
3312 1
3350 1
3448 1
3450 1
3535 1
3564 1
3585 1
3654 1
3745 1
3898 1
3903 1
3913 1
3958 2
3992 1
4125 1
4142 1
4308 1
4335 1
4384 1
4458 1
4470 1
4544 1
4546 1
4552 1
4583 1
4653 1
4728 1
4816 1
4965 1
5120 2
5204 1
5336 1
5388 1
5393 1
5524 1
5531 1
5593 1
5595 1
5815 1
5831 1
5930 1
6103 1
6344 1
6380 1
6746 1
7041 1
7666 1
8014 1
8173 1
8192 1
8205 1
8258 1
8323 1
8469 1
8721 1
8809 1
8972 1
9222 1
9328 1
9405 1
9412 1
9695 1
10326 1
10362 1
10458 1
10550 1
10995 1
11075 1
11173 1
11208 1
11260 1
11372 1
11975 1
11986 1
11999 1
12349 1
12611 1
12658 1
12825 1
12837 1
13505 1
13603 1
13956 1
14371 1
14705 1
14817 1
15844 1
16000 1
16145 1
16384 1
16416 1
17787 1
17874 1
19737 1
20299 1
20358 1
20480 3
21002 1
21177 1
21628 1
21742 1
21978 1
22676 1
22749 1
23307 1
23607 1
23800 1
24427 1
24576 1
25413 1
26111 1
26928 1
28672 1
28916 1
29707 1
32381 1
38246 1
42393 1
43866 1
44077 1
50694 1
54980 1
57344 1
60137 1
82830 1
85516 1
118784 1
120568 1
131072 1
151552 1
163840 2
191572 1
219176 1
702464 1
712704 1
815104 1
