0 9
10 1
22 1
24 45
26 1
61 1
160 1
163 1
190 1
330 2
336 1
340 1
341 1
343 1
344 1
345 1
346 1
355 1
364 1
368 4
374 1
376 1
632 1
777 1
805 1
815 2
819 1
857 1
896 3
930 1
1024 58
1153 1
1596 1
1877 1
3762 1
3909 1
4096 1
7518 1
7646 1
7749 1
8050 1
9833 1
9863 1
11317 1
11478 1
12288 1
14550 1
15371 1
16384 2
18329 1
18628 1
19934 1
20036 1
22861 1
24252 1
24266 1
29771 1
38070 1
40960 1
42256 1
49152 1
53248 2
74677 1
88962 1
93699 1
95976 1
96830 1
103359 1
104099 1
111508 1
118784 1
121267 1
129745 1
145048 1
147456 2
158223 1
160755 1
170853 1
176925 1
181295 1
189398 1
192512 1
229376 1
260225 1
262144 1
274432 1
275551 1
279516 1
280319 1
288389 1
298408 1
299008 1
351568 1
438272 1
445404 1
454656 1
516096 2
655360 1
666226 1
778240 1
790528 1
937984 1
977032 1
1175552 1
1196032 1
1444286 1
1576960 1
1792308 1
2154900 1
2473984 1
2596864 1
2876772 1
2945024 1
3145728 1
3262224 1
3424256 2
3821568 1
3874972 1
4372438 1
4444160 2
6668288 1
7630848 1
8130560 1
10159868 1
10923136 1
10980104 1
14257076 1
16814076 1
18849792 1
19677184 1
21741568 2
22831104 1
22835200 1
24707872 1
29102472 2
36322872 1
41457007 1
41457370 1
72526469 1
