0 226
1 2
2 4
3 4
4 8
6 1
7 5
8 3
9 1
10 14
11 14
12 3
13 21
14 1
15 3
16 3
17 2
18 7
21 3
22 11
23 3
24 402
25 10
27 44
29 5
31 2
32 1
33 1
34 5
35 4
36 1
37 2
38 3
39 30
40 1
41 2
42 5
43 38
44 22
45 6
46 13
48 1
49 16
51 13
52 2
53 4
54 9
55 2
56 1
57 26
58 5
59 10
61 24
62 4
63 9
64 9
65 4
66 4
67 1
68 5
69 13
72 3
74 4
75 7
76 3
77 2
78 82
79 10
80 4
81 8
82 35
83 3
84 7
85 9
86 7
87 4
88 1
89 2
90 22
91 15
92 3
93 14
94 2
95 1
96 1
97 6
98 1
99 3
100 3
103 1
104 3
106 5
107 4
108 3
109 2
110 3
112 5
113 2
114 7
115 2
116 1
117 3
119 6
120 23
121 18
122 3
123 3
124 2
125 2
126 11
127 2
128 5
129 1
130 21
131 4
132 2
134 3
136 4
137 22
138 2
143 5
144 1
145 1
146 2
147 2
148 2
149 2
150 4
153 1
156 3
157 4
158 1
159 4
160 4
163 4
164 1
165 1
167 1
168 2
169 3
171 6
172 3
173 2
174 9
176 3
180 1
182 1
184 1
185 3
187 1
189 1
191 1
193 22
194 1
195 1
196 3
198 1
199 2
200 4
203 3
204 1
205 2
206 13
207 4
208 1
210 6
211 5
212 2
213 1
217 2
218 3
220 2
221 2
222 1
223 2
224 3
225 10
226 1
227 7
228 5
229 11
230 4
231 2
233 1
235 1
237 1
238 1
239 1
242 2
243 1
245 3
246 1
247 2
248 2
251 2
252 7
256 2
258 9
259 6
260 3
261 6
263 4
266 3
267 1
268 6
269 6
270 3
271 14
272 12
273 16
274 19
275 12
276 15
277 6
278 7
279 3
280 1
283 2
284 1
285 5
287 2
288 2
290 4
291 3
293 7
294 4
296 1
297 2
298 1
299 2
301 1
302 1
303 15
304 2
306 2
308 1
309 1
310 3
311 2
312 2
313 7
316 3
317 10
320 3
321 3
322 3
325 1
326 1
327 1
328 1
330 1
331 5
332 1
334 5
335 3
336 1
339 3
340 2
342 7
343 1
346 2
348 2
349 1
350 16
352 5
353 1
355 5
356 1
358 1
360 1
361 1
363 4
364 1
366 1
367 11
368 3
369 1
372 2
373 2
374 2
376 3
377 1
378 1
379 1
380 3
381 35
382 12
384 10
385 19
388 3
390 6
391 6
392 1
395 3
396 5
399 6
400 5
401 5
402 7
403 12
404 3
405 4
406 6
407 2
408 2
409 3
410 1
412 3
414 3
415 3
417 11
418 2
419 3
423 1
425 13
427 3
428 1
429 14
430 19
431 86
433 1
434 1
435 6
436 3
437 23
438 17
439 27
440 8
441 18
442 11
443 13
444 8
445 6
446 5
447 7
450 2
452 2
454 2
456 2
458 1
459 3
461 6
465 5
466 4
468 1
471 2
472 2
473 13
474 1
476 1
478 4
479 4
480 1
481 4
482 1
483 1
484 7
485 4
486 1
490 1
491 1
492 1
493 4
494 23
496 2
497 1
498 1
499 2
500 1
501 5
502 4
505 8
506 11
507 2
508 6
509 1
510 2
511 1
513 1
514 3
517 1
518 2
519 2
520 2
521 1
522 8
523 1
524 2
525 2
526 2
528 20
529 4
530 3
532 8
533 11
534 2
535 4
536 1
537 5
538 7
539 7
540 6
541 6
543 7
544 9
545 3
546 4
547 5
548 4
550 6
552 1
553 1
554 2
556 2
557 7
558 6
559 5
560 6
561 2
562 1
563 6
564 1
565 3
566 3
567 2
568 2
569 1
570 2
571 1
572 2
573 12
575 2
578 10
579 1
580 2
581 3
583 2
584 4
585 3
586 3
587 2
588 10
589 4
591 2
592 5
593 7
594 3
595 2
597 1
598 6
599 7
600 4
601 3
602 4
606 7
607 1
608 13
609 3
610 2
611 5
612 2
613 1
614 1
615 2
616 3
617 6
618 2
619 2
620 4
623 4
625 3
626 3
627 2
628 5
629 2
630 2
631 4
633 4
634 18
635 2
636 3
638 1
639 1
641 1
642 3
643 4
644 1
645 6
648 1
649 3
650 1
651 1
652 7
653 8
654 1
655 2
656 5
657 9
658 1
659 3
660 3
661 7
662 4
663 7
664 2
665 1
666 4
667 5
668 4
669 13
670 5
671 5
672 5
673 2
674 14
675 5
676 1
677 8
678 11
679 4
680 8
682 3
684 9
685 1
686 3
687 1
688 2
689 4
691 2
693 3
694 3
695 6
696 2
697 4
698 2
699 1
700 2
702 9
703 3
704 1
705 4
707 1
708 3
709 3
710 1
711 1
712 3
714 2
715 75
716 1
717 9
718 8
719 5
720 3
721 15
723 1
724 1
725 1
726 7
727 1
728 4
732 6
734 9
735 15
736 4
737 3
738 6
739 5
740 4
741 8
742 12
743 1
744 4
745 18
746 3
747 9
748 2
749 2
750 7
751 4
752 7
753 2
754 7
755 8
756 5
757 16
758 3
759 4
760 1
761 3
762 1
763 1
764 7
765 1
766 18
767 2
768 2
769 5
770 3
771 32
772 1
773 4
774 2
775 5
776 2
777 1
778 1
779 2
780 3
782 1
783 5
784 3
785 10
786 9
787 5
788 5
789 8
790 5
791 5
792 3
793 6
794 10
795 6
796 6
797 5
798 11
799 8
800 7
801 14
802 7
803 3
804 14
805 10
806 4
807 14
808 4
809 10
810 6
811 4
812 4
813 2
814 1
815 1
816 2
818 4
819 2
820 4
821 2
822 3
823 2
824 11
825 4
826 8
827 14
828 20
829 13
830 12
831 21
832 19
833 34
834 25
835 10
836 19
837 15
838 23
839 23
840 23
841 37
842 15
843 20
844 12
845 15
846 7
847 9
848 12
849 15
850 22
851 8
852 7
853 11
854 14
855 1
856 5
857 7
858 3
859 6
860 1
861 3
862 5
863 3
864 2
865 3
866 3
867 5
868 2
869 3
870 2
871 2
873 2
874 3
876 13
877 1
878 7
879 4
880 2
882 3
884 1
885 2
886 1
887 3
888 3
889 3
890 3
891 2
892 10
893 2
894 2
896 5
897 7
898 3
899 1
900 2
901 7
902 13
903 6
904 11
905 10
906 8
907 5
908 13
909 3
910 8
911 12
912 7
913 3
914 3
915 8
916 4
917 4
918 7
919 5
920 5
921 1
922 1
923 4
924 4
925 2
926 4
927 4
928 5
929 1
931 1
932 2
933 2
934 1
935 2
936 1
937 2
938 3
939 1
941 4
943 2
944 4
946 4
947 2
948 2
949 7
950 3
952 8
953 3
954 5
955 3
956 6
957 2
958 23
960 1
961 2
962 6
963 3
964 4
965 6
966 2
968 5
969 3
970 1
971 1
972 2
973 1
974 2
976 3
977 3
978 7
979 2
980 3
982 3
983 2
984 3
985 4
986 1
988 2
989 1
990 3
991 4
992 4
993 4
994 1
995 5
997 6
998 3
999 3
1000 3
1001 3
1002 1
1003 2
1005 4
1007 4
1010 1
1011 2
1013 4
1014 5
1015 4
1016 2
1018 4
1019 2
1020 1
1021 7
1022 1
1023 3
1024 2707
1027 3
1028 5
1029 2
1030 3
1031 2
1032 1
1034 1
1035 2
1036 2
1037 7
1038 5
1039 15
1040 4
1041 2
1042 8
1043 3
1044 3
1045 2
1046 1
1047 1
1048 5
1049 6
1050 5
1052 2
1053 13
1054 6
1055 2
1056 3
1057 3
1060 1
1061 2
1062 1
1064 14
1065 3
1066 1
1067 2
1068 3
1069 4
1070 4
1071 1
1072 9
1073 6
1074 1
1075 1
1076 6
1077 1
1078 5
1080 1
1081 4
1082 2
1084 2
1085 1
1086 3
1088 1
1089 4
1090 5
1091 6
1094 6
1095 2
1097 3
1098 1
1099 1
1100 2
1102 4
1103 3
1104 2
1105 3
1106 1
1107 4
1108 1
1109 1
1110 1
1111 20
1112 11
1113 9
1114 1
1115 2
1116 17
1117 15
1118 2
1119 6
1120 6
1121 12
1122 12
1123 4
1124 10
1125 5
1127 1
1128 7
1129 5
1130 25
1131 9
1132 2
1133 3
1134 3
1135 1
1136 9
1137 3
1138 3
1139 4
1140 6
1141 7
1142 1
1143 2
1144 6
1145 2
1146 4
1147 5
1148 3
1149 2
1150 1
1151 3
1152 1
1153 5
1154 10
1155 4
1156 2
1157 2
1158 5
1159 6
1160 3
1161 4
1162 2
1163 2
1164 6
1166 2
1168 5
1169 1
1170 4
1171 4
1173 2
1175 6
1176 1
1177 1
1178 2
1179 6
1181 3
1182 4
1183 4
1184 4
1185 2
1186 2
1187 5
1188 3
1189 5
1190 3
1191 5
1192 4
1193 5
1194 4
1195 5
1196 3
1197 5
1198 1
1199 5
1200 4
1201 2
1202 2
1203 3
1204 11
1206 4
1207 3
1209 2
1210 8
1211 5
1212 2
1213 5
1214 8
1215 3
1217 4
1218 2
1220 2
1221 2
1222 15
1223 4
1225 4
1226 3
1227 1
1228 2
1229 7
1230 5
1231 6
1232 2
1233 6
1235 5
1236 1
1237 5
1238 9
1239 4
1240 6
1241 4
1242 5
1243 1
1244 4
1245 2
1246 1
1247 4
1248 5
1249 1
1250 5
1251 2
1252 6
1253 10
1254 1
1255 3
1256 6
1257 1
1258 2
1259 15
1260 7
1261 7
1262 1
1263 8
1264 1
1265 1
1266 1
1267 1
1268 9
1269 5
1270 2
1271 2
1272 4
1273 1
1274 3
1275 6
1276 1
1277 3
1279 2
1280 4
1281 4
1282 3
1283 2
1284 6
1285 3
1286 3
1287 9
1288 3
1289 1
1290 1
1291 4
1292 3
1293 2
1294 2
1295 4
1296 6
1297 3
1298 1
1299 3
1300 4
1301 9
1302 2
1303 3
1304 7
1305 5
1306 3
1307 2
1308 6
1309 4
1310 4
1311 1
1313 4
1314 8
1315 3
1316 3
1317 2
1318 1
1319 1
1320 3
1321 5
1322 6
1323 6
1324 6
1325 3
1326 6
1327 1
1328 3
1329 2
1330 4
1331 1
1332 3
1333 6
1334 21
1335 5
1336 3
1337 20
1338 6
1339 1
1340 3
1341 4
1342 4
1343 2
1344 1
1345 6
1346 2
1347 3
1348 4
1349 2
1350 2
1351 1
1352 1
1353 1
1354 1
1355 11
1356 2
1357 1
1358 5
1359 9
1360 14
1361 5
1362 1
1363 5
1364 4
1365 5
1366 3
1367 3
1368 3
1370 7
1371 4
1372 4
1373 5
1374 5
1375 3
1376 5
1377 6
1378 4
1379 6
1380 1
1381 7
1382 5
1386 3
1387 2
1388 2
1389 1
1390 4
1391 7
1392 4
1394 1
1395 3
1396 4
1397 3
1398 2
1399 6
1400 2
1401 105
1402 6
1403 4
1404 4
1405 1
1406 3
1407 1
1408 1
1409 3
1410 3
1413 1
1414 1
1415 4
1416 1
1417 1
1418 4
1421 2
1422 3
1423 11
1424 4
1425 3
1426 20
1427 5
1428 2
1429 4
1430 4
1431 11
1432 2
1433 2
1434 3
1435 1
1436 11
1437 1
1438 1
1439 2
1440 1
1441 9
1442 1
1443 6
1444 4
1446 1
1447 7
1448 1
1451 5
1452 1
1453 3
1455 2
1456 3
1457 2
1458 3
1459 9
1460 3
1462 1
1463 5
1465 3
1466 2
1468 1
1469 1
1470 5
1471 2
1472 1
1473 3
1474 3
1475 1
1476 2
1477 2
1478 6
1479 1
1482 3
1483 2
1484 1
1485 1
1486 3
1487 4
1488 3
1489 1
1492 3
1493 3
1494 1
1495 1
1496 2
1497 2
1498 6
1499 1
1501 2
1502 1
1503 4
1504 1
1507 1
1508 2
1509 2
1510 2
1512 1
1516 1
1517 1
1518 1
1519 1
1520 23
1521 4
1522 1
1523 6
1524 2
1525 5
1526 4
1527 4
1528 5
1529 4
1530 6
1531 2
1532 1
1533 2
1534 7
1535 5
1536 7
1537 2
1538 1
1539 26
1540 2
1541 2
1542 3
1543 4
1545 3
1547 3
1548 2
1549 2
1550 1
1553 1
1554 2
1555 1
1559 1
1560 3
1562 2
1563 1
1564 5
1565 3
1566 2
1567 1
1569 2
1570 2
1571 1
1572 7
1573 3
1574 8
1575 1
1576 5
1577 1
1578 2
1579 2
1580 2
1581 1
1582 3
1583 5
1584 3
1585 5
1587 6
1588 10
1589 5
1591 7
1592 2
1593 25
1594 1
1595 2
1596 2
1597 5
1600 6
1601 2
1602 4
1603 1
1604 5
1605 3
1606 4
1607 4
1608 2
1609 1
1610 3
1611 1
1612 6
1613 5
1614 4
1615 3
1616 21
1617 5
1619 3
1620 4
1621 5
1622 20
1623 1
1624 1
1625 4
1627 3
1629 3
1630 5
1631 22
1632 2
1633 1
1634 6
1635 1
1636 17
1637 2
1638 5
1640 1
1641 4
1642 1
1643 1
1644 1
1645 2
1649 1
1650 2
1651 1
1652 4
1653 5
1654 3
1655 1
1657 1
1658 2
1659 3
1660 4
1661 7
1662 2
1663 4
1664 8
1665 4
1666 2
1668 4
1669 2
1670 5
1671 1
1673 4
1674 1
1675 1
1676 3
1677 2
1678 2
1679 2
1680 2
1681 1
1682 5
1684 2
1685 3
1686 4
1687 11
1688 4
1689 19
1690 2
1691 12
1692 6
1693 2
1694 20
1696 8
1700 8
1701 6
1703 1
1706 5
1708 2
1710 4
1711 1
1712 1
1713 2
1714 2
1715 1
1717 4
1718 5
1719 4
1720 2
1721 6
1722 5
1723 6
1724 4
1725 7
1726 5
1727 6
1728 3
1730 2
1731 5
1735 4
1736 2
1737 2
1738 1
1739 1
1740 3
1742 4
1743 2
1744 3
1747 3
1748 19
1749 4
1751 3
1752 1
1754 2
1756 5
1757 3
1759 1
1760 1
1761 7
1762 4
1763 4
1764 2
1765 7
1766 4
1768 2
1770 4
1771 2
1772 4
1773 3
1774 3
1775 3
1776 2
1779 1
1780 3
1781 1
1782 3
1783 2
1784 5
1785 27
1789 6
1790 5
1791 3
1792 1
1793 1
1794 19
1795 4
1796 2
1797 1
1799 3
1800 2
1801 5
1802 3
1803 2
1804 8
1805 2
1806 3
1807 1
1808 5
1809 2
1810 2
1811 1
1812 1
1813 2
1814 3
1815 4
1816 4
1817 2
1818 2
1820 4
1821 1
1822 2
1823 8
1824 3
1825 1
1826 2
1827 3
1828 10
1830 3
1831 2
1832 1
1835 2
1836 1
1837 2
1838 2
1840 3
1842 1
1845 1
1846 1
1847 3
1848 2
1849 7
1850 3
1851 3
1853 7
1854 5
1855 1
1858 3
1859 3
1860 2
1862 5
1863 5
1866 3
1867 2
1868 1
1869 1
1870 2
1872 1
1873 1
1874 1
1877 1
1879 1
1880 3
1881 5
1884 3
1885 2
1887 2
1888 2
1889 1
1890 3
1891 1
1893 1
1894 2
1895 3
1896 1
1897 2
1898 5
1900 2
1901 6
1902 2
1903 2
1905 3
1906 1
1907 1
1909 2
1910 1
1913 2
1916 2
1917 1
1918 3
1919 1
1920 1
1922 2
1923 5
1924 1
1925 1
1926 2
1928 2
1931 2
1932 3
1933 3
1934 1
1936 3
1937 1
1938 4
1940 2
1942 5
1944 6
1945 3
1947 1
1948 6
1949 1
1951 1
1952 1
1954 2
1956 4
1957 1
1958 2
1959 2
1961 2
1963 3
1964 3
1965 1
1966 3
1967 2
1969 1
1974 4
1975 2
1976 1
1978 6
1979 2
1980 1
1981 4
1984 2
1985 1
1988 2
1989 2
1991 2
1992 1
1993 2
1994 1
1996 2
1997 1
1998 5
1999 2
2001 1
2002 7
2004 1
2005 2
2006 1
2007 3
2008 1
2011 3
2012 1
2013 1
2014 1
2015 1
2016 1
2017 1
2019 1
2020 1
2021 4
2023 3
2024 3
2025 6
2026 3
2027 3
2028 3
2029 1
2030 2
2032 1
2033 1
2035 2
2036 3
2037 3
2038 1
2039 6
2044 6
2045 5
2047 2
2048 62
2049 1
2050 1
2051 5
2053 2
2056 1
2057 3
2058 7
2060 4
2061 3
2062 4
2063 6
2064 1
2067 1
2069 5
2070 4
2071 1
2072 3
2073 2
2074 3
2075 4
2076 1
2077 1
2078 3
2079 3
2080 2
2081 1
2082 4
2083 1
2086 1
2088 1
2089 4
2090 1
2092 4
2093 3
2094 1
2098 1
2100 2
2101 4
2103 3
2105 2
2106 3
2107 5
2109 6
2110 1
2111 2
2112 28
2114 6
2115 1
2116 1
2118 2
2119 2
2120 3
2121 2
2123 2
2124 5
2125 2
2127 3
2128 1
2129 4
2130 2
2131 3
2132 2
2135 1
2136 1
2141 2
2142 4
2144 1
2148 3
2149 1
2151 4
2152 1
2155 3
2156 1
2158 8
2160 1
2161 1
2162 3
2163 3
2164 2
2165 1
2166 1
2167 2
2168 4
2169 1
2170 2
2173 11
2174 1
2175 3
2180 3
2181 1
2182 3
2184 5
2185 2
2186 6
2187 6
2188 3
2190 3
2191 3
2192 1
2193 3
2194 6
2195 3
2199 4
2200 1
2201 1
2204 4
2205 2
2206 2
2207 2
2209 1
2210 1
2211 3
2212 3
2213 3
2217 2
2219 2
2221 1
2223 1
2225 1
2226 2
2227 1
2228 1
2229 2
2230 3
2231 1
2233 2
2234 2
2236 1
2237 2
2238 2
2239 2
2240 1
2243 2
2244 1
2245 2
2247 1
2248 1
2249 3
2251 1
2253 1
2256 1
2257 1
2258 2
2260 1
2262 3
2265 1
2268 1
2269 2
2270 1
2271 1
2274 1
2275 1
2276 1
2277 1
2278 1
2283 1
2284 2
2288 2
2289 1
2293 1
2297 3
2299 2
2300 2
2301 1
2302 2
2303 11
2304 1
2305 3
2306 1
2307 1
2308 1
2309 1
2310 3
2311 1
2312 1
2314 1
2315 2
2318 2
2319 1
2321 3
2322 1
2323 2
2324 3
2326 1
2327 1
2332 9
2334 9
2336 1
2339 9
2342 1
2343 1
2344 1
2347 1
2349 2
2350 1
2351 3
2355 1
2356 3
2357 3
2358 1
2360 2
2363 2
2364 2
2366 8
2368 1
2369 3
2370 1
2371 4
2375 1
2376 1
2378 1
2381 1
2383 1
2384 4
2385 1
2386 1
2388 3
2390 1
2391 1
2392 1
2393 1
2396 1
2398 10
2399 1
2403 1
2404 1
2405 1
2406 2
2410 6
2414 2
2416 4
2418 1
2420 3
2424 2
2425 3
2426 1
2430 1
2431 1
2432 2
2433 2
2434 1
2435 3
2437 1
2438 1
2439 1
2440 1
2441 1
2443 1
2444 2
2445 1
2446 5
2448 2
2449 2
2450 1
2451 5
2452 1
2458 1
2460 1
2461 1
2466 4
2467 1
2469 2
2470 1
2471 3
2473 18
2476 3
2479 1
2481 1
2484 3
2485 3
2487 1
2488 1
2491 3
2492 3
2494 2
2495 1
2498 1
2500 4
2503 2
2504 2
2505 3
2507 1
2508 1
2516 2
2522 3
2523 1
2525 1
2526 1
2530 2
2531 1
2534 1
2535 1
2537 1
2539 6
2540 2
2542 1
2543 2
2545 1
2546 1
2548 1
2549 3
2550 1
2551 2
2552 1
2554 3
2556 1
2557 1
2558 6
2560 6
2562 1
2563 6
2567 1
2572 4
2573 2
2574 1
2575 2
2576 5
2578 3
2583 1
2584 1
2586 2
2587 1
2590 1
2592 3
2593 2
2595 1
2599 3
2600 6
2603 1
2604 1
2605 6
2607 1
2608 2
2610 1
2616 1
2620 2
2621 1
2624 1
2627 1
2628 3
2630 7
2632 1
2633 1
2634 2
2635 6
2636 1
2638 1
2640 1
2642 1
2645 1
2646 3
2647 4
2650 1
2652 5
2653 1
2654 1
2661 5
2662 1
2663 1
2664 2
2665 1
2666 1
2667 1
2670 2
2673 1
2676 2
2683 2
2686 1
2688 2
2689 1
2690 2
2693 1
2697 1
2699 1
2701 1
2704 2
2705 8
2707 1
2709 3
2710 3
2711 1
2714 3
2715 4
2716 3
2717 2
2718 4
2719 3
2721 2
2723 2
2724 1
2725 1
2727 6
2728 1
2732 3
2734 2
2735 1
2741 1
2746 2
2747 1
2754 2
2755 2
2758 1
2759 1
2760 1
2764 2
2765 1
2766 2
2768 1
2771 2
2772 2
2774 1
2775 2
2777 1
2779 2
2780 3
2783 1
2786 1
2788 1
2789 1
2790 4
2793 2
2797 1
2801 1
2803 2
2806 1
2807 1
2808 4
2809 1
2810 2
2811 1
2812 1
2814 1
2821 1
2822 2
2831 2
2832 1
2834 1
2836 1
2838 1
2842 1
2845 1
2846 1
2856 1
2857 2
2858 2
2859 3
2860 1
2862 1
2863 1
2864 1
2865 1
2866 2
2867 1
2869 1
2871 1
2872 2
2873 1
2874 2
2875 5
2876 1
2877 1
2878 2
2880 3
2882 1
2883 3
2886 1
2887 1
2888 1
2890 3
2892 1
2894 1
2895 1
2896 2
2897 25
2903 1
2904 4
2907 2
2910 2
2912 5
2914 2
2921 1
2923 1
2924 3
2928 2
2933 2
2937 1
2938 2
2939 1
2941 3
2943 1
2944 2
2947 2
2949 1
2950 1
2953 1
2959 1
2963 2
2967 1
2972 1
2973 1
2976 1
2977 1
2979 1
2983 5
2984 2
2985 2
2986 1
2987 2
2988 4
2989 2
2992 1
2994 2
2996 2
2997 3
2998 1
3000 1
3004 1
3005 1
3006 1
3008 2
3011 1
3014 3
3015 4
3018 4
3020 3
3023 1
3024 1
3025 3
3027 1
3030 1
3031 2
3032 5
3035 2
3037 6
3039 1
3041 4
3042 7
3043 2
3047 2
3050 1
3052 2
3054 1
3055 2
3056 2
3057 1
3058 1
3059 1
3060 7
3061 1
3062 1
3063 1
3065 5
3066 2
3067 3
3068 1
3070 9
3071 2
3072 15
3073 2
3074 1
3075 1
3077 2
3078 2
3080 1
3081 1
3083 1
3084 1
3090 3
3092 1
3093 2
3095 1
3097 1
3098 1
3100 2
3101 3
3103 3
3104 3
3105 1
3108 1
3109 4
3110 2
3111 1
3117 1
3118 5
3120 1
3123 1
3124 1
3125 2
3126 1
3127 2
3129 1
3130 2
3132 2
3133 1
3137 1
3138 2
3143 1
3144 1
3145 2
3147 2
3152 1
3154 2
3156 2
3159 2
3160 1
3161 1
3162 1
3163 4
3166 1
3170 3
3174 1
3176 1
3180 1
3184 1
3186 1
3189 1
3194 1
3197 1
3199 4
3221 1
3223 1
3226 2
3227 1
3228 1
3229 1
3233 1
3238 1
3242 1
3248 1
3250 1
3251 1
3253 1
3258 1
3262 1
3263 1
3266 2
3267 2
3269 1
3271 2
3272 2
3274 1
3275 1
3276 4
3278 1
3284 1
3285 1
3286 1
3287 2
3288 11
3289 1
3294 2
3295 1
3298 2
3299 1
3300 1
3306 1
3311 1
3312 1
3315 1
3316 3
3317 1
3326 1
3328 1
3331 3
3335 4
3344 1
3346 2
3348 3
3350 1
3351 5
3352 1
3353 1
3356 1
3358 1
3360 1
3362 1
3364 4
3366 4
3370 1
3371 2
3374 1
3379 1
3382 2
3385 1
3388 1
3390 2
3392 1
3393 5
3394 1
3396 2
3397 2
3398 1
3399 1
3402 2
3404 1
3410 1
3414 1
3415 1
3416 1
3417 1
3418 2
3419 1
3420 2
3422 1
3425 1
3426 1
3429 1
3430 2
3431 1
3432 3
3433 1
3435 10
3436 1
3440 1
3446 2
3448 3
3449 1
3455 2
3462 2
3464 1
3467 2
3470 1
3471 4
3472 4
3473 1
3474 1
3476 1
3479 1
3483 2
3484 1
3485 1
3487 2
3489 1
3495 1
3496 2
3498 2
3502 1
3506 1
3511 1
3517 3
3520 1
3522 3
3523 1
3532 1
3538 1
3539 1
3541 1
3542 3
3548 3
3549 1
3550 3
3551 1
3552 1
3554 1
3558 1
3561 1
3564 1
3568 3
3570 1
3572 1
3576 1
3578 1
3581 1
3582 1
3583 2
3585 3
3588 1
3591 1
3602 1
3611 1
3614 1
3615 1
3619 6
3623 2
3624 1
3628 2
3630 2
3631 2
3634 1
3635 2
3637 1
3641 1
3643 1
3647 2
3648 1
3653 3
3654 1
3655 1
3661 1
3665 1
3667 1
3670 1
3673 3
3674 1
3676 2
3678 1
3680 1
3686 1
3699 1
3700 1
3702 1
3711 2
3726 2
3727 2
3728 2
3729 1
3736 1
3741 2
3743 1
3750 1
3754 1
3755 1
3758 1
3759 1
3760 1
3763 1
3765 1
3766 2
3772 5
3776 1
3783 1
3784 1
3785 1
3786 3
3790 4
3794 1
3801 1
3802 1
3806 1
3807 1
3821 2
3828 1
3829 1
3832 2
3837 4
3838 1
3839 2
3847 1
3855 1
3869 1
3876 2
3886 1
3887 1
3890 1
3892 1
3895 3
3897 1
3902 1
3904 1
3908 1
3915 1
3919 1
3923 1
3926 1
3928 5
3932 2
3940 2
3946 3
3952 1
3959 1
3969 2
3970 2
3973 1
3974 1
3976 1
3980 1
3982 2
3984 1
3988 1
3998 1
4000 1
4004 1
4009 1
4015 1
4022 5
4023 1
4032 1
4040 1
4050 3
4055 1
4061 1
4067 2
4068 4
4069 2
4079 2
4080 3
4088 1
4089 2
4090 1
4091 1
4092 1
4096 8
4097 1
4104 1
4110 1
4113 1
4116 1
4118 1
4120 2
4123 1
4128 1
4129 6
4131 2
4134 1
4144 1
4146 1
4147 1
4153 1
4154 4
4161 1
4162 2
4167 2
4170 1
4171 1
4173 1
4175 1
4180 1
4185 1
4199 2
4205 1
4208 1
4211 1
4212 1
4219 1
4223 1
4230 1
4242 2
4249 1
4250 1
4253 1
4254 1
4257 2
4264 3
4266 1
4272 2
4273 1
4277 1
4287 1
4300 2
4306 1
4312 1
4317 1
4321 1
4325 1
4336 5
4338 1
4341 1
4343 1
4347 1
4363 1
4372 1
4373 1
4374 2
4379 1
4388 2
4391 1
4394 1
4397 2
4401 1
4404 1
4406 8
4410 1
4412 2
4413 1
4419 2
4421 2
4424 1
4440 2
4459 2
4476 1
4480 2
4489 1
4492 3
4494 1
4495 1
4496 2
4500 3
4501 1
4507 1
4516 1
4522 1
4535 1
4536 4
4546 1
4549 1
4551 2
4562 1
4563 1
4564 1
4565 1
4568 1
4570 2
4572 1
4574 1
4577 2
4581 1
4588 1
4589 1
4591 1
4594 1
4610 1
4614 3
4616 1
4619 1
4622 1
4625 1
4639 1
4641 2
4642 1
4645 1
4647 2
4649 4
4653 1
4656 2
4657 1
4662 1
4666 1
4669 1
4678 1
4684 1
4686 2
4689 2
4693 2
4696 1
4698 2
4699 1
4704 1
4706 1
4708 1
4721 2
4722 4
4723 1
4728 3
4730 5
4731 1
4736 1
4737 1
4738 1
4739 1
4742 2
4746 1
4747 1
4749 1
4750 1
4758 2
4771 1
4772 2
4782 1
4791 1
4800 1
4802 4
4803 1
4820 1
4821 1
4822 1
4827 1
4835 1
4839 3
4848 1
4851 2
4852 1
4854 2
4860 2
4864 4
4866 1
4873 1
4876 1
4879 2
4889 1
4892 1
4897 1
4900 1
4901 3
4906 1
4910 5
4911 1
4912 1
4913 1
4924 1
4925 1
4928 2
4932 2
4933 1
4940 1
4942 1
4945 1
4952 5
4954 2
4956 1
4959 1
4961 2
4963 4
4969 1
4975 1
4982 1
4986 1
4988 1
4990 1
4995 1
4997 2
5017 1
5020 1
5021 1
5022 1
5024 1
5026 1
5028 1
5035 1
5038 1
5043 1
5045 1
5048 2
5055 1
5057 2
5059 1
5082 1
5083 1
5093 1
5096 2
5113 3
5117 3
5119 1
5121 1
5123 2
5124 2
5125 1
5128 3
5131 1
5132 2
5135 1
5137 1
5139 1
5143 1
5147 2
5150 5
5154 5
5159 1
5161 3
5165 2
5166 3
5180 1
5184 1
5185 1
5205 1
5220 1
5221 1
5222 3
5231 1
5233 2
5243 1
5257 2
5265 2
5272 2
5275 3
5279 3
5280 1
5283 2
5284 2
5285 1
5286 2
5288 1
5290 2
5292 1
5297 1
5302 2
5307 3
5311 1
5313 1
5314 1
5315 1
5316 2
5318 1
5324 1
5332 3
5343 2
5344 1
5348 2
5358 2
5363 1
5373 1
5400 1
5417 3
5427 1
5440 1
5461 1
5470 2
5471 1
5473 3
5474 5
5475 1
5478 1
5491 9
5492 1
5499 3
5509 1
5520 1
5533 1
5534 1
5537 2
5540 1
5560 1
5571 1
5572 1
5574 2
5584 2
5587 1
5594 2
5596 2
5598 2
5602 1
5605 1
5612 1
5617 1
5620 1
5631 2
5632 2
5633 2
5642 2
5643 1
5649 1
5660 1
5665 1
5667 2
5670 1
5673 1
5686 1
5687 1
5692 1
5695 4
5696 1
5702 1
5704 1
5733 2
5736 1
5754 3
5760 1
5763 2
5764 1
5767 2
5772 1
5777 1
5784 1
5785 2
5799 1
5806 1
5828 4
5843 1
5854 1
5856 1
5858 1
5861 1
5865 1
5867 3
5883 1
5894 1
5897 2
5907 1
5914 2
5917 1
5923 1
5942 1
5947 1
5958 1
5960 1
5965 1
5973 2
5982 2
5987 2
5994 1
5996 1
6007 2
6008 1
6010 1
6028 1
6033 1
6034 1
6035 2
6040 1
6068 1
6075 1
6085 2
6087 2
6089 3
6097 2
6103 1
6104 1
6107 3
6118 1
6120 2
6122 1
6129 1
6130 1
6131 2
6132 2
6133 1
6137 1
6138 1
6142 1
6143 2
6144 2
6151 1
6178 1
6179 4
6189 1
6214 1
6216 1
6219 4
6236 1
6237 2
6240 1
6241 1
6244 1
6248 1
6253 2
6254 1
6266 1
6273 1
6277 2
6279 2
6288 1
6310 26
6314 1
6318 2
6329 1
6349 1
6373 1
6397 1
6406 1
6408 1
6421 2
6431 1
6435 2
6471 1
6501 1
6513 1
6533 1
6537 1
6538 1
6546 1
6554 10
6561 1
6563 1
6578 3
6596 1
6636 1
6637 1
6642 1
6646 1
6656 1
6662 1
6667 1
6679 1
6684 7
6691 1
6704 1
6707 1
6719 3
6725 1
6738 1
6749 2
6750 2
6762 1
6768 1
6771 1
6785 1
6796 2
6804 1
6826 1
6831 1
6837 1
6840 1
6843 3
6851 1
6865 1
6880 1
6881 5
6883 1
6884 8
6885 3
6888 3
6891 1
6897 1
6900 2
6910 1
6916 2
6917 2
6919 2
6925 2
6926 1
6927 1
6933 2
6939 2
6940 5
6941 2
6952 1
6966 1
6967 1
6970 2
6973 2
6976 2
6990 1
6994 2
6995 1
6998 2
7005 2
7011 1
7012 29
7016 2
7023 1
7034 1
7040 20
7048 1
7049 1
7050 1
7057 1
7058 2
7078 2
7079 1
7080 1
7085 1
7087 1
7089 1
7099 1
7104 1
7128 2
7137 1
7148 1
7157 1
7166 2
7168 3
7182 2
7183 1
7204 1
7209 1
7219 1
7224 1
7228 1
7230 1
7238 1
7254 1
7255 2
7267 2
7269 1
7271 1
7273 1
7285 1
7292 3
7299 1
7320 1
7325 1
7326 1
7342 1
7352 2
7366 1
7371 1
7376 1
7381 3
7386 3
7394 1
7403 1
7406 2
7419 3
7421 1
7425 1
7428 1
7430 1
7441 1
7448 1
7452 2
7454 2
7457 1
7477 2
7483 2
7485 3
7498 1
7499 1
7500 2
7503 1
7505 2
7507 1
7508 2
7521 1
7528 1
7533 1
7541 2
7546 1
7561 1
7571 1
7572 1
7581 6
7585 2
7589 2
7606 3
7607 1
7608 1
7623 3
7624 1
7625 1
7628 1
7631 1
7634 1
7635 3
7636 5
7637 2
7638 1
7649 1
7654 8
7655 1
7658 1
7670 2
7672 3
7676 1
7685 3
7688 2
7690 1
7692 2
7695 3
7697 2
7702 1
7705 1
7706 1
7712 1
7714 13
7716 1
7718 1
7721 1
7723 1
7730 1
7731 2
7734 1
7735 1
7737 1
7749 2
7754 1
7770 1
7776 1
7820 1
7825 1
7829 1
7840 3
7847 18
7848 1
7849 2
7856 1
7861 1
7870 1
7874 2
7885 1
7913 1
7916 1
7927 1
7934 1
7936 1
7938 1
7955 1
7956 1
7967 2
7980 10
7985 1
7992 1
8000 1
8001 2
8002 1
8018 1
8024 1
8026 1
8031 1
8037 1
8038 1
8039 2
8041 1
8047 1
8054 1
8055 1
8060 1
8065 1
8070 1
8074 4
8094 1
8105 1
8113 10
8120 1
8123 3
8125 1
8130 2
8137 1
8138 1
8140 1
8143 1
8146 2
8159 1
8160 1
8162 1
8164 1
8165 1
8168 1
8182 2
8187 1
8189 1
8191 1
8192 3
8195 1
8196 1
8197 1
8199 1
8202 1
8203 1
8205 2
8216 2
8217 1
8221 2
8224 1
8237 2
8246 6
8248 2
8253 1
8259 1
8262 1
8271 1
8279 2
8288 2
8299 1
8300 1
8303 1
8309 1
8310 2
8315 1
8317 1
8332 2
8334 1
8335 2
8338 1
8363 1
8366 1
8372 4
8374 1
8378 1
8379 20
8381 1
8387 1
8390 2
8396 1
8404 1
8414 1
8423 1
8424 1
8430 1
8442 1
8448 1
8467 1
8475 1
8480 1
8486 1
8505 2
8511 2
8512 11
8513 2
8520 1
8522 1
8524 1
8542 1
8544 1
8549 1
8559 1
8565 1
8567 3
8573 1
8585 1
8592 1
8614 1
8617 1
8619 1
8621 1
8629 1
8645 6
8650 1
8667 1
8675 3
8679 1
8680 1
8691 1
8737 1
8742 1
8744 3
8748 2
8754 1
8761 2
8762 2
8770 1
8776 1
8778 7
8779 2
8782 2
8784 1
8788 1
8794 9
8795 2
8803 1
8808 1
8809 1
8812 2
8816 1
8819 1
8821 1
8827 2
8829 1
8834 2
8841 1
8844 1
8849 1
8850 1
8864 1
8867 1
8868 2
8877 1
8878 2
8881 2
8890 1
8898 2
8909 1
8911 10
8913 1
8916 1
8922 1
8923 1
8925 2
8946 1
8962 1
8966 1
8967 1
8978 1
8984 1
8985 1
8990 1
8991 1
8992 1
9003 2
9005 1
9008 2
9009 1
9013 2
9015 1
9016 1
9017 1
9018 1
9025 1
9031 1
9032 2
9039 4
9044 3
9057 1
9063 2
9069 1
9070 2
9072 1
9073 3
9074 1
9075 1
9079 1
9089 1
9091 4
9098 1
9116 2
9119 3
9134 2
9140 1
9141 1
9145 2
9153 1
9167 1
9168 2
9177 1
9194 2
9197 1
9199 9
9205 1
9206 3
9212 1
9215 1
9227 1
9233 1
9240 3
9242 1
9246 2
9248 1
9280 1
9283 1
9285 1
9286 1
9291 1
9310 4
9314 1
9318 1
9319 1
9333 1
9335 2
9340 1
9346 2
9350 1
9352 1
9355 1
9356 2
9360 1
9395 1
9439 1
9443 1
9459 3
9472 1
9488 2
9501 1
9506 1
9528 1
9545 1
9550 2
9558 1
9578 1
9580 1
9589 1
9601 2
9603 1
9604 1
9612 4
9618 2
9620 1
9636 1
9645 1
9680 1
9684 1
9689 1
9709 3
9729 1
9732 1
9735 1
9743 2
9745 2
9749 2
9753 1
9758 2
9761 1
9776 1
9782 1
9799 1
9806 1
9814 1
9819 1
9835 2
9849 2
9860 2
9870 1
9883 1
9893 1
9945 1
9950 1
9984 4
9987 1
9994 1
9997 1
10008 1
10019 2
10031 1
10044 1
10062 1
10063 1
10087 1
10088 1
10089 1
10108 2
10136 3
10149 1
10154 1
10157 1
10158 1
10164 1
10173 1
10182 1
10200 2
10240 1
10264 1
10270 1
10273 1
10276 2
10307 1
10344 1
10350 1
10356 1
10372 1
10380 1
10428 1
10430 1
10435 1
10447 1
10482 1
10497 2
10506 1
10524 1
10529 1
10535 1
10545 2
10560 1
10591 1
10597 2
10602 3
10611 2
10653 2
10655 2
10659 1
10662 1
10701 1
10704 3
10724 2
10745 1
10752 2
10755 1
10781 1
10806 1
10813 1
10852 2
10858 1
10859 1
10873 1
10896 1
10908 1
10921 1
10932 1
10938 2
10946 1
10948 1
10949 2
10959 1
10979 1
11004 2
11005 1
11027 1
11029 1
11037 1
11072 1
11080 1
11118 1
11128 1
11168 1
11172 1
11178 1
11190 1
11231 1
11247 1
11264 1
11269 1
11285 1
11351 2
11360 4
11381 1
11435 1
11465 1
11480 1
11489 1
11499 1
11502 1
11509 2
11524 1
11530 2
11537 1
11540 1
11543 1
11555 4
11598 2
11606 1
11608 1
11620 1
11632 2
11643 2
11650 1
11664 1
11697 1
11698 1
11705 1
11722 1
11726 1
11745 1
11775 1
11820 1
11870 1
11898 1
11944 1
11953 1
11968 1
11999 1
12026 2
12036 1
12056 1
12067 1
12134 1
12188 1
12203 1
12214 1
12235 1
12241 2
12268 1
12288 5
12301 1
12313 1
12347 1
12365 1
12366 1
12409 1
12446 1
12450 1
12464 1
12473 1
12474 1
12501 1
12541 1
12555 1
12561 1
12588 1
12595 1
12611 1
12642 1
12652 1
12655 1
12670 1
12684 1
12714 1
12731 2
12770 1
12791 1
12793 1
12794 1
12888 1
12953 1
13008 1
13084 21
13108 1
13123 1
13193 1
13234 2
13246 2
13292 2
13300 1
13312 3
13358 1
13391 1
13392 2
13435 1
13487 1
13489 1
13509 1
13597 2
13637 1
13672 2
13680 1
13696 1
13731 1
13745 1
13765 1
13824 2
13830 2
13893 3
14085 2
14089 1
14100 1
14119 1
14130 1
14151 1
14170 1
14171 1
14187 1
14217 1
14229 1
14235 1
14272 2
14286 1
14318 1
14324 1
14336 2
14425 1
14515 1
14525 1
14540 1
14634 1
14737 1
14749 1
14865 1
14874 1
14902 1
14905 1
14918 1
14945 2
14952 1
14956 3
15008 1
15080 2
15110 2
15116 1
15164 1
15175 1
15181 2
15187 2
15230 1
15265 1
15284 1
15299 1
15339 1
15341 3
15363 1
15392 2
15407 2
15438 1
15443 3
15461 3
15472 1
15473 1
15501 1
15515 1
15522 1
15563 1
15578 1
15579 2
15591 2
15615 1
15685 1
15721 1
15732 1
15748 1
15771 1
15779 2
15782 1
15834 1
15839 1
15890 1
15924 1
16024 1
16037 2
16048 3
16058 1
16127 1
16182 2
16218 1
16306 2
16369 1
16384 7
16403 1
16491 1
16510 2
16593 4
16701 1
16771 1
16799 2
16839 1
16840 1
16946 1
16974 1
17007 1
17117 1
17164 3
17179 1
17229 1
17233 1
17311 2
17312 3
17314 1
17315 1
17344 2
17408 1
17467 1
17479 1
17496 2
17542 1
17581 1
17613 1
17628 2
17636 1
17676 1
17708 1
17725 1
17732 1
17738 1
17787 3
17805 1
17809 1
17837 1
17859 2
17865 1
17882 1
17885 5
17908 1
17940 1
17942 1
17945 2
17969 2
17994 2
18047 1
18121 1
18127 1
18204 1
18251 1
18259 1
18302 1
18330 4
18336 1
18343 1
18367 1
18382 1
18388 1
18432 3
18502 1
18536 1
18548 1
18560 1
18568 1
18603 1
18613 1
18648 1
18706 1
18708 3
18764 2
18855 2
18902 8
18905 1
18906 1
18929 1
18950 1
18955 1
18972 2
19003 1
19004 4
19016 2
19121 1
19128 1
19188 1
19194 1
19301 1
19340 1
19394 1
19416 1
19498 1
19548 1
19570 1
19596 1
19648 1
19709 1
19762 1
19816 1
19822 1
19863 1
19910 1
19918 2
19921 1
19989 1
20052 1
20056 1
20061 1
20062 1
20184 1
20400 1
20405 1
20464 2
20480 1
20582 1
20610 1
20624 1
20648 1
20666 1
20679 1
20713 1
20914 1
21024 1
21111 1
21151 2
21200 1
21265 1
21282 1
21293 8
21351 1
21357 1
21396 2
21504 1
21525 1
21551 1
21587 1
21605 1
21606 1
21615 1
21686 1
21695 1
21724 1
21759 1
21803 1
21812 1
21893 2
22046 1
22050 1
22053 1
22056 1
22114 1
22257 1
22506 8
22683 1
22694 1
22793 1
22912 1
23164 2
23168 1
23312 2
23396 1
23528 1
23571 2
23588 1
23793 1
24012 1
24138 1
24175 1
24177 1
24179 1
24252 1
24275 1
24354 1
24434 1
24448 1
24524 1
24576 3
24586 2
24600 1
24601 1
24715 1
24770 1
24978 1
25167 1
25184 1
25191 1
25219 1
25234 1
25272 1
25275 1
25363 1
25483 1
25487 1
25548 1
25636 2
25732 1
25870 1
25872 1
25909 1
26127 1
26282 1
26286 1
26295 1
26331 1
26393 1
26410 1
26422 1
26453 1
26463 2
26505 1
26509 1
26624 2
26752 1
26771 1
26795 1
26817 1
26846 2
26855 1
26898 1
27092 1
27165 1
27173 1
27185 1
27322 1
27328 2
27335 1
27596 1
27648 1
27674 1
27842 1
27871 1
27943 1
28110 1
28128 1
28156 4
28212 12
28213 1
28368 1
28440 1
28501 1
28544 1
28672 1
28680 1
28691 3
28932 1
28992 1
29010 1
29046 1
29096 1
29197 1
29228 14
29313 1
29397 1
29423 1
29686 1
29696 2
29725 1
29882 1
29889 1
30027 2
30105 1
30152 2
30405 1
30480 2
30489 1
30505 1
30660 2
30720 2
30740 1
30756 1
30778 1
30823 1
31006 1
31085 3
31104 1
31156 2
31241 2
31486 3
31550 1
31664 1
31677 1
31776 2
31859 2
31966 1
32143 1
32156 1
32226 1
32265 1
32309 2
32337 1
32551 2
32600 2
32677 1
32744 1
32748 1
32768 5
32844 2
32862 1
32864 1
32895 1
32917 1
32936 1
32968 1
32990 1
33007 1
33025 2
33036 1
33299 1
33376 2
33437 1
33460 1
33566 1
33577 1
33684 1
33727 1
33747 1
33792 1
33921 1
33922 1
34024 1
34184 1
34229 1
34331 1
34375 1
34399 2
34440 4
34526 1
34618 1
34637 1
34811 1
34816 1
34920 1
34932 1
35064 1
35095 1
35125 1
35195 1
35280 1
35340 2
35377 1
35523 1
35663 2
35766 1
35840 1
35889 2
36070 2
36432 2
36508 1
36548 1
36557 1
36919 1
36922 1
36970 1
37067 2
37088 4
37215 1
37611 1
37649 2
37691 1
37712 2
37867 1
37984 1
38013 1
38183 1
38400 2
38402 1
38413 1
38590 1
38746 1
38805 2
38830 1
38887 1
39176 1
39256 1
39350 1
39631 1
39726 1
39748 1
39883 1
39942 1
40043 1
40135 1
40228 1
40318 1
40432 1
40698 1
40797 1
40864 1
40866 1
40960 1
40969 1
40996 1
41001 1
41116 1
41413 1
41507 1
42075 1
42106 1
42121 1
42341 1
42674 1
42755 1
42786 1
42791 1
42889 1
42972 1
43068 1
43144 10
43342 1
43434 1
43442 1
43479 1
43608 1
43744 1
43825 1
44029 1
44043 1
44190 1
44294 1
44470 2
44576 2
44692 1
44828 2
45056 1
45492 1
45716 1
45837 1
46254 1
46338 1
46677 1
46722 1
46800 1
47104 2
47129 1
47840 1
47936 2
48599 1
48767 1
48852 2
48902 2
49024 1
49364 1
49385 1
49406 1
49968 1
50786 2
51080 1
51265 1
51306 1
51445 1
51681 1
51698 1
51781 2
51988 2
52114 1
52308 1
52362 1
52451 2
52692 1
52767 1
52819 1
52851 1
52966 1
53020 2
53248 2
53736 1
53763 2
53844 1
54216 1
54316 2
54375 2
54419 1
54522 1
54792 1
55049 1
55135 1
55216 1
55296 1
55438 2
55470 2
55480 1
55484 1
55523 2
55689 1
55692 1
55999 1
56404 1
56510 1
56697 1
56872 1
57200 1
57863 1
58059 2
58184 1
58243 1
58372 1
58400 1
58497 1
58499 1
58635 2
58804 2
59168 1
59324 2
59392 1
59484 1
59614 1
59884 1
59944 1
60157 1
60592 2
60853 1
60952 2
61029 1
61035 1
61045 1
61440 1
61502 1
61657 1
61740 1
62281 1
62706 1
62762 1
62805 2
63092 1
63297 1
63451 1
63682 1
63939 1
63975 1
64011 1
64051 1
64533 1
64800 1
64935 4
65067 1
65375 1
65804 1
66377 1
66433 1
66810 1
67227 1
67584 2
67983 1
68055 1
68073 1
68409 1
68748 1
68928 2
69039 1
69632 1
69705 1
69730 1
70498 1
70599 1
70669 1
72232 1
72700 1
73317 1
73991 1
73997 1
74049 1
74366 1
75551 1
75776 1
75827 1
77137 1
77283 1
77824 1
78372 3
78437 1
78751 1
79445 1
79600 1
79782 1
79872 1
80340 1
80377 1
80384 1
81047 1
81048 1
81286 1
81353 1
81507 1
81583 1
81920 2
82024 1
82271 1
82296 2
82388 1
82904 2
83233 1
84198 28
84405 1
85407 1
85830 1
85861 1
85862 1
85865 1
85905 1
85941 1
85995 1
86011 1
86338 1
86452 1
86618 1
87078 1
87363 1
87448 1
87590 1
87885 1
87946 1
88064 1
88371 1
88912 1
89447 1
89654 1
89944 1
90011 2
91016 2
91136 1
92160 1
92182 1
92445 1
92468 1
92740 2
93351 1
93370 1
93420 1
93438 1
93450 1
93532 1
94365 1
94500 1
95144 1
95803 1
96108 1
96122 1
97013 1
97746 1
97936 1
98012 1
98769 1
99244 1
99450 1
100182 1
100443 1
100552 1
101004 1
101079 1
101362 1
102164 1
102208 2
102700 1
102744 1
103661 1
103959 2
104696 1
105685 1
105735 1
105802 1
105964 1
106115 1
106391 1
106992 1
107086 2
107674 1
107783 1
109136 1
109568 1
109638 2
110406 1
111264 2
111692 1
112658 1
112940 1
113412 1
114785 1
115292 1
115504 2
116250 1
116349 1
118277 1
118457 1
118813 1
119359 1
119887 1
119952 2
120000 1
120001 1
120531 1
120615 1
121722 1
123745 1
124077 1
128213 1
128655 1
128700 1
128980 1
129024 1
129507 1
130048 1
130972 1
131458 1
132184 2
132240 1
132378 1
132583 1
133322 1
134138 1
134502 1
135024 1
136112 4
136892 2
138246 1
139840 1
140321 1
142059 1
144448 1
144888 1
145042 1
145408 1
145471 1
146382 1
147782 1
147890 1
149564 1
152064 1
153251 1
153429 1
154350 1
154901 1
155320 1
155763 2
158424 1
158450 1
158788 1
161644 1
161792 3
162109 1
162458 1
164674 1
165189 1
165419 1
165947 1
166924 2
169539 1
171104 1
171752 2
171753 1
172392 1
173472 1
173535 1
173560 1
174019 1
174024 2
174499 1
175111 1
175791 1
176128 1
176130 1
180030 1
180241 1
181064 1
181402 1
184068 1
185617 1
186272 1
186825 1
187551 1
188305 1
189150 1
189271 1
190105 1
190675 1
190861 1
194294 1
197778 1
199680 2
200130 1
200764 1
202375 1
205780 1
206124 1
207256 1
213342 1
215933 1
216064 1
216137 1
216437 1
221516 1
222507 1
226191 1
227761 1
228320 1
228638 1
229376 2
229579 1
231676 1
234275 1
234828 1
237479 1
237949 1
239196 1
241457 1
241867 1
242397 1
242476 1
247288 2
247832 1
250021 1
250453 1
251608 1
251907 2
252345 1
252610 2
253976 2
255906 1
256093 1
257533 1
264859 1
265092 1
271457 1
274521 1
276674 1
283487 1
284066 1
288381 1
288639 1
289417 1
289539 2
295506 1
299008 1
299684 2
306378 1
309945 1
309991 1
315392 2
318064 1
320000 1
322985 1
323182 1
324381 1
331776 1
333824 1
340480 1
340660 1
341060 1
346112 1
347025 1
348160 2
348740 1
354148 1
354206 1
355409 1
357963 1
358400 1
359986 1
360448 1
375296 1
378151 1
379436 2
384730 1
386876 2
394752 1
400639 1
403456 1
405019 1
415758 1
421422 2
428832 1
434334 1
440890 2
456192 1
457728 1
458752 1
460800 1
466547 1
471834 1
475174 1
477234 1
480952 1
491520 1
501760 1
516314 1
516393 3
521728 1
535552 1
536810 1
541683 1
544028 1
567296 2
571904 2
601088 1
610304 1
613500 2
624162 1
639560 1
645120 1
671043 1
700273 1
703845 1
719327 1
720920 1
729600 1
750592 1
763904 1
765952 1
776254 1
841136 3
841142 3
917263 1
919371 1
932725 1
946893 1
1004544 1
1295492 1
1320211 1
1362292 1
1506028 1
1820672 1
1930240 1
1983764 1
2017280 1
2023424 1
2170880 1
2302700 1
2450958 1
2490564 1
2621440 1
2628608 1
2653166 1
2703360 1
2793472 1
2830508 1
3036672 1
3606016 1
3674889 2
5136896 1
5212672 1
5229056 1
7585792 1
8273920 1
