0 35
10 2
19 3
21 2
24 37
36 1
42 2
54 3
84 1
126 2
148 1
180 3
260 3
283 1
292 1
298 1
408 2
418 1
425 1
430 3
436 1
444 1
477 7
516 1
528 2
587 1
607 3
615 2
652 1
669 1
672 1
711 1
713 1
715 1
778 2
782 1
792 1
795 1
833 1
835 1
861 1
897 1
918 3
994 1
1024 192
1176 1
1321 2
1539 3
1740 1
1838 1
1842 1
1844 1
2048 3
2547 1
2559 3
2569 6
2632 1
2650 1
2794 1
2888 1
2901 1
2989 1
3063 1
3068 1
3072 2
3105 1
3577 1
3640 1
3824 1
4096 1
4587 1
4599 1
4605 1
4622 1
4744 1
4824 2
5532 1
5698 1
6144 138
6950 1
7027 1
7044 2
7141 2
7274 2
7315 2
8673 1
11096 1
12288 13
12424 1
13736 1
14043 3
14764 1
15328 1
16384 2
17428 1
18432 4
19169 1
20123 1
20345 1
20381 1
21564 1
21751 1
24576 5
26587 1
26834 1
28648 1
30165 1
30720 6
34317 1
36864 3
41337 1
42764 1
43008 1
45254 1
47158 1
49152 2
55296 3
61440 1
69832 1
74216 1
74464 1
76750 1
85342 1
92875 1
98304 3
102533 1
103280 1
104369 1
104448 1
106496 1
108032 1
108998 1
109056 1
109568 1
113765 1
116736 2
119077 1
131064 1
147456 1
154339 1
159744 2
165888 2
193025 1
196608 1
221184 1
261169 1
270336 1
281750 1
300212 1
301056 1
329407 1
344064 1
361472 1
374784 1
385651 1
406588 1
430080 1
451398 1
455516 1
509952 1
548864 1
594944 1
630019 1
659456 1
663552 1
669696 1
1110016 1
1966080 3
