0 1052
1 4
2 85
3 5
4 7
6 2
7 4
8 12
10 14
12 8
13 20
14 2
16 3
17 6
18 5
19 4
20 2
21 5
22 6
23 10
24 316
25 7
26 1
27 120
28 1
29 3
30 2
31 4
32 2
33 4
34 3
35 1
36 7
37 6
38 20
39 46
40 79
41 219
42 91
43 107
44 20
45 38
46 29
47 3
48 4
49 2
50 698
51 32
52 5
53 5
54 94
55 7
56 5
57 394
58 2
59 11
60 35
61 367
62 110
63 3
64 78
65 10
66 173
67 22
68 56
69 86
70 161
71 93
72 8
73 141
74 14
75 24
76 31
77 101
78 60
79 94
80 18
81 19
82 69
83 112
84 10
85 12
86 35
87 41
88 5
89 23
90 7
91 84
92 4
93 11
94 3
95 32
96 23
97 53
98 3
99 29
100 14
101 56
102 14
103 45
104 38
105 36
106 12
107 84
108 68
109 68
110 6
111 5
112 20
113 30
114 14
115 9
116 65
117 4
118 42
119 7
120 4
121 19
122 3
123 84
124 58
125 5
126 5
127 3
128 5
129 44
130 1
131 6
132 8
133 10
134 7
135 15
136 10
137 4
138 6
139 2
140 11
141 19
142 9
143 26
144 8
145 13
146 7
147 11
148 64
149 11
150 34
151 12
152 14
153 11
154 15
155 16
156 10
157 15
158 7
159 13
160 12
161 481
162 16
163 18
164 21
165 29
166 15
167 63
168 77
169 7
170 8
171 7
172 5
173 7
174 15
175 28
176 7
177 13
178 4
179 2
180 18
181 9
182 11
183 8
184 1
185 30
186 85
187 7
188 8
189 52
190 18
191 16
192 19
193 60
194 41
195 16
196 6
197 25
198 8
199 32
200 17
201 19
202 14
203 5
204 46
205 25
206 5
207 4
208 5
209 26
210 4
211 15
212 7
213 18
214 13
215 5
216 7
217 12
218 2
219 6
220 10
221 4
222 6
223 15
224 8
225 3
226 2
227 7
228 112
229 11
230 3
231 3
232 2
233 4
234 15
235 6
236 7
237 23
238 4
239 4
240 12
241 4
242 4
243 51
244 7
245 13
246 21
247 2
248 3
249 24
250 16
251 2
252 19
253 3
254 1
255 10
256 13
257 14
258 5
259 10
261 83
262 4
263 41
264 25
265 16
266 7
267 49
268 25
269 29
270 28
271 37
272 7
273 5
274 22
275 18
276 5
277 25
278 8
279 42
280 22
281 42
282 14
283 1
284 18
285 24
286 11
287 9
288 24
289 13
290 10
291 1
293 9
294 3
295 4
296 4
297 7
298 1
299 1
300 7
301 31
302 46
303 40
304 6
305 3
306 2
307 2
308 7
309 12
310 16
311 52
312 4
313 1
314 3
315 6
316 1
317 9
318 28
319 14
320 1
321 45
322 34
323 6
324 43
325 4
326 23
327 3
328 17
329 5
330 31
331 12
332 8
333 7
334 4
335 27
336 4
337 1
338 14
339 16
340 29
341 4
342 1
343 4
344 4
345 2
346 15
347 16
348 7
349 4
350 14
351 29
352 1
353 4
354 6
355 6
356 5
357 2
358 4
359 3
360 8
361 3
362 3
363 1
364 5
365 4
366 1
367 184
368 2
369 5
370 7
371 5
372 3
373 1
374 10
375 26
376 2
377 14
378 9
379 24
380 27
381 7
382 3
383 18
384 15
385 5
386 3
387 20
388 8
389 15
390 20
392 11
393 8
394 13
395 6
396 6
397 1
398 4
399 5
400 8
401 12
402 2
403 1
404 17
405 11
406 26
407 3
408 17
409 3
410 7
411 4
413 10
414 4
415 31
416 2
417 4
419 7
420 12
422 7
423 12
424 9
425 12
426 6
427 8
428 3
429 2
430 6
431 20
432 3
433 1
434 25
435 5
436 4
437 29
438 71
439 3
440 156
441 33
442 3
443 274
444 2
445 761
446 372
447 4
448 14
449 310
450 1
451 3
452 390
453 7
454 3
455 265
456 2
457 5
458 331
459 27
460 4
461 226
462 1
463 11
464 114
465 4
466 32
467 110
468 2
469 2
470 22
471 6
473 44
474 1
475 7
476 42
477 4
478 7
479 5
480 2
481 3
482 14
483 4
484 8
485 36
486 19
487 1
488 6
489 2
490 2
491 4
492 4
493 4
494 7
495 3
496 4
497 23
498 2
499 2
501 4
503 2
504 2
505 3
506 4
507 5
508 4
509 2
510 1
511 4
512 3
513 1
514 1
515 6
516 5
517 2
518 1
519 20
520 4
521 6
522 4
523 4
524 18
525 2
526 3
527 6
528 1
529 2
530 17
531 2
532 1
533 2
534 3
535 3
536 2
537 6
538 2
539 8
540 21
541 5
542 1
543 3
544 3
546 1
547 2
548 2
549 23
550 8
551 5
552 1
553 3
554 16
555 19
556 10
557 9
558 13
559 9
560 4
561 4
563 5
564 21
565 7
566 9
567 6
568 3
569 8
570 14
571 1
573 3
575 3
576 1
577 3
578 9
579 5
580 7
581 2
583 3
584 1
585 14
586 6
587 2
588 5
589 16
590 5
592 1
593 12
594 4
595 2
596 2
597 1
598 1
599 1
600 10
601 5
602 2
603 1
604 1
605 2
606 4
607 2
608 2
609 2
610 4
611 7
613 1
614 3
615 4
616 5
618 2
619 3
620 12
623 2
624 2
625 3
626 1
627 3
628 3
629 2
630 3
631 3
632 3
633 3
634 3
635 5
636 1
637 2
639 2
641 1
642 1
643 2
646 2
647 4
648 3
649 1
651 2
652 1
653 1
654 3
655 1
656 1
657 2
659 4
660 1
661 21
662 1
663 3
665 1
666 2
667 3
668 2
669 3
670 8
671 1
672 2
674 1
675 2
676 4
678 15
679 3
680 5
681 1
682 4
683 1
684 2
685 19
686 13
688 2
689 4
690 24
691 2
693 10
694 3
695 1
696 3
697 3
698 1
699 3
700 2
702 2
703 2
704 2
706 1
707 4
708 1
710 1
712 1
713 5
714 1
715 48
716 2
717 12
718 1
719 1
720 4
721 2
722 2
723 3
724 10
726 6
727 3
728 3
729 5
730 2
731 4
732 5
733 13
734 2
735 6
737 1
738 5
739 1
740 2
742 1
743 2
745 1
746 2
749 3
750 1
751 6
752 2
753 1
754 3
755 6
756 1
757 2
758 4
759 5
760 1
761 2
762 8
763 2
766 7
769 5
770 4
771 1
772 1
773 2
774 1
776 4
777 4
778 4
779 3
780 3
781 2
783 11
785 1
786 1
787 1
789 1
790 1
793 1
794 5
795 1
796 2
797 2
798 3
799 1
800 6
801 3
802 2
803 7
804 3
805 3
806 6
807 3
808 4
809 1
810 4
811 4
812 2
813 2
814 1
815 1
816 4
817 2
818 1
819 2
820 4
821 2
823 1
824 1
825 2
827 11
828 15
829 4
830 3
831 2
833 12
834 24
835 6
836 1
837 2
838 5
839 2
840 4
841 18
842 2
843 2
845 2
846 3
848 2
849 6
850 5
851 2
852 1
853 4
854 2
855 5
856 2
857 2
858 8
859 6
860 7
861 3
863 1
864 1
865 2
866 3
867 13
868 6
869 1
870 1
871 3
872 4
873 1
874 1
875 1
876 2
878 1
879 9
880 5
881 6
882 2
883 4
884 1
885 4
886 1
887 7
888 6
889 12
890 1
891 7
892 2
893 7
894 4
895 23
896 1
897 8
898 3
900 2
901 2
902 2
903 18
904 2
905 1
906 1
907 1
908 3
909 8
911 3
912 4
914 3
915 2
916 1
918 7
919 11
920 1
921 3
922 1
923 4
924 1
925 2
927 7
928 4
929 5
930 1
931 5
932 1
933 2
934 4
935 5
936 2
938 12
939 6
940 1
941 3
942 2
943 3
944 1
946 2
947 2
948 5
949 8
953 3
955 3
956 6
957 2
958 2
959 2
960 3
961 1
962 3
963 2
964 1
966 2
967 1
968 2
969 1
971 1
972 1
973 5
974 1
975 5
976 1
977 2
978 12
979 1
980 5
981 1
982 1
984 1
985 4
986 2
987 8
988 6
989 6
991 3
992 2
993 1
994 1
995 2
996 5
997 2
998 2
999 8
1000 8
1001 3
1002 1
1003 1
1004 1
1005 14
1006 6
1007 5
1010 1
1011 1
1012 5
1013 16
1014 2
1017 2
1018 8
1020 1
1021 4
1022 5
1023 3
1024 3128
1025 1
1026 2
1028 1
1029 1
1030 1
1032 1
1033 1
1034 1
1036 2
1037 5
1038 2
1039 1
1041 2
1044 3
1045 2
1048 1
1051 2
1052 1
1053 5
1055 1
1056 3
1057 1
1059 1
1060 2
1061 1
1064 15
1065 5
1070 2
1072 3
1074 2
1075 26
1077 4
1078 5
1079 1
1080 1
1082 1
1083 2
1084 3
1085 2
1089 1
1090 3
1092 3
1093 1
1094 1
1095 2
1097 1
1098 1
1099 1
1100 1
1102 2
1103 4
1104 1
1105 1
1106 3
1108 1
1109 1
1111 2
1114 1
1115 3
1116 9
1117 2
1118 3
1120 2
1122 2
1123 2
1124 2
1128 2
1130 2
1131 3
1133 3
1134 1
1135 3
1136 1
1138 1
1139 2
1140 3
1141 1
1142 2
1143 4
1144 1
1146 2
1148 3
1149 7
1150 4
1151 1
1152 2
1153 1
1154 3
1155 1
1156 2
1157 3
1159 2
1162 3
1163 1
1164 2
1165 3
1167 12
1169 5
1171 1
1172 1
1173 3
1176 5
1177 4
1178 3
1179 2
1180 4
1182 1
1184 3
1185 1
1186 4
1187 1
1188 1
1189 1
1190 1
1193 2
1195 2
1196 2
1197 2
1198 1
1199 1
1200 1
1203 3
1204 3
1205 1
1206 3
1207 5
1208 2
1211 2
1212 1
1214 1
1215 1
1216 1
1218 2
1219 2
1220 3
1221 3
1222 4
1224 13
1225 1
1226 2
1228 1
1229 3
1232 3
1233 2
1234 3
1235 1
1236 3
1237 3
1238 9
1239 1
1240 1
1242 2
1243 8
1244 3
1246 2
1247 13
1248 2
1249 1
1250 3
1251 15
1252 3
1253 1
1254 2
1255 7
1256 1
1257 1
1259 11
1260 8
1262 1
1263 6
1264 2
1266 2
1267 3
1268 1
1269 3
1271 2
1272 2
1273 1
1274 5
1275 2
1276 1
1277 1
1278 2
1279 2
1281 3
1282 1
1283 3
1284 2
1286 2
1287 1
1288 1
1289 2
1290 2
1292 1
1293 1
1294 3
1295 3
1296 5
1299 11
1301 3
1302 1
1303 3
1305 1
1306 6
1307 1
1308 1
1309 1
1310 1
1312 1
1313 2
1314 2
1315 2
1316 2
1317 1
1319 6
1320 3
1321 2
1322 2
1323 3
1324 4
1325 3
1326 1
1328 2
1329 4
1330 2
1331 5
1332 5
1333 1
1334 1
1335 1
1336 1
1337 2
1338 4
1339 3
1340 1
1341 1
1344 1
1345 3
1347 6
1348 6
1349 4
1350 2
1351 17
1352 56
1353 1
1355 1
1356 2
1357 1
1358 2
1359 3
1363 1
1366 3
1367 4
1368 2
1369 1
1370 1
1371 1
1374 2
1375 1
1376 2
1378 1
1380 5
1381 3
1384 3
1385 2
1386 1
1387 2
1390 1
1391 1
1395 2
1396 1
1397 1
1398 1
1400 1
1401 2
1403 2
1404 3
1405 2
1406 3
1408 2
1409 1
1411 2
1412 1
1414 3
1415 2
1416 2
1417 2
1418 1
1419 2
1422 3
1423 2
1426 1
1427 1
1428 4
1429 8
1430 1
1431 1
1433 22
1434 4
1436 16
1438 11
1439 6
1440 2
1441 2
1442 4
1443 1
1445 3
1447 3
1448 5
1450 1
1451 1
1454 3
1455 1
1456 1
1458 7
1459 1
1460 1
1463 4
1464 4
1466 2
1468 1
1469 4
1470 1
1472 3
1473 3
1474 2
1475 1
1476 1
1478 1
1479 8
1480 16
1481 6
1482 4
1483 2
1484 1
1485 3
1486 4
1488 1
1490 2
1491 1
1492 1
1493 3
1496 2
1497 1
1498 1
1499 1
1500 4
1501 2
1502 1
1504 1
1505 1
1506 1
1507 1
1509 1
1510 3
1512 4
1514 2
1515 2
1516 1
1517 2
1518 2
1520 1
1522 2
1523 2
1524 3
1525 2
1526 2
1527 1
1528 3
1531 2
1532 3
1534 1
1536 6
1537 2
1538 1
1539 2
1540 1
1542 1
1544 2
1545 3
1546 3
1547 2
1549 3
1550 2
1551 1
1552 3
1554 4
1555 1
1556 8
1558 2
1559 1
1560 2
1562 4
1565 1
1566 1
1568 2
1569 2
1570 2
1571 1
1572 1
1573 1
1576 5
1578 6
1580 1
1581 1
1582 3
1583 2
1584 1
1585 2
1586 2
1588 2
1592 2
1593 1
1595 2
1598 2
1599 1
1600 2
1601 1
1602 3
1604 2
1607 3
1612 1
1613 1
1614 2
1615 2
1616 3
1617 1
1618 4
1619 1
1620 2
1621 1
1622 4
1623 3
1624 2
1625 2
1627 2
1628 10
1629 2
1631 1
1632 2
1634 2
1638 2
1639 1
1640 4
1641 1
1642 3
1643 1
1644 1
1646 11
1649 3
1651 2
1652 2
1653 3
1654 2
1655 1
1656 2
1657 1
1658 3
1659 3
1660 1
1661 1
1662 1
1664 4
1665 3
1666 2
1667 1
1668 1
1670 1
1673 2
1675 1
1680 1
1681 2
1683 3
1685 2
1687 2
1688 1
1689 2
1690 2
1691 4
1692 3
1695 1
1696 1
1697 3
1699 7
1703 1
1704 3
1705 1
1707 1
1710 2
1712 5
1713 4
1715 1
1716 2
1717 1
1720 2
1722 1
1723 3
1724 4
1725 1
1726 1
1727 1
1728 2
1730 1
1731 2
1735 11
1739 8
1740 2
1741 1
1742 1
1743 2
1744 1
1745 1
1746 11
1747 3
1749 1
1751 1
1752 1
1753 2
1754 2
1757 1
1758 1
1759 1
1760 1
1767 1
1769 1
1770 5
1771 5
1772 1
1774 1
1775 2
1776 2
1777 1
1778 2
1779 2
1780 1
1781 1
1782 2
1783 1
1786 2
1788 5
1789 2
1790 4
1792 2
1793 2
1794 2
1796 1
1798 2
1800 1
1801 1
1802 3
1803 3
1809 1
1810 1
1812 3
1814 1
1816 3
1817 1
1818 1
1819 1
1821 3
1822 2
1824 1
1825 2
1826 2
1827 1
1828 1
1829 2
1830 1
1832 2
1833 2
1834 1
1836 1
1840 5
1841 2
1844 2
1845 1
1846 1
1848 2
1850 1
1853 3
1857 2
1858 7
1859 3
1861 2
1862 3
1864 9
1866 5
1867 3
1870 2
1871 5
1874 5
1875 1
1876 3
1877 7
1878 1
1879 3
1880 3
1882 2
1883 2
1884 1
1886 3
1887 3
1888 2
1889 2
1890 2
1891 2
1892 2
1893 1
1896 6
1897 1
1899 1
1900 1
1901 3
1902 1
1905 11
1906 1
1911 2
1912 1
1914 1
1916 1
1917 1
1918 1
1919 2
1922 1
1923 1
1926 1
1927 1
1928 1
1929 1
1930 1
1931 1
1934 7
1937 4
1938 1
1939 2
1940 2
1943 1
1944 3
1945 2
1947 7
1948 1
1949 1
1950 2
1951 1
1953 1
1955 1
1959 2
1960 3
1962 3
1964 5
1965 4
1966 1
1967 1
1968 2
1969 1
1971 3
1972 1
1973 1
1975 1
1978 1
1980 3
1981 2
1982 1
1983 1
1984 2
1985 3
1986 2
1987 17
1989 2
1990 2
1991 1
1992 1
1993 7
1994 2
1995 2
1996 4
2000 2
2001 1
2003 3
2004 1
2005 1
2006 1
2008 7
2009 3
2010 2
2011 1
2013 1
2015 1
2016 4
2023 1
2024 1
2025 2
2027 1
2028 1
2030 1
2032 3
2033 2
2034 1
2035 3
2038 1
2039 2
2041 1
2042 2
2045 1
2046 1
2048 123
2049 1
2050 1
2057 1
2060 2
2062 1
2063 2
2064 1
2066 1
2070 1
2071 1
2072 2
2073 2
2074 7
2078 1
2080 2
2081 1
2086 4
2087 2
2088 2
2089 1
2091 1
2092 2
2093 1
2094 1
2095 1
2100 1
2101 1
2102 16
2103 1
2104 1
2105 3
2106 2
2107 2
2108 4
2109 1
2110 2
2111 3
2112 11
2113 1
2114 1
2115 1
2117 1
2118 2
2119 2
2122 2
2123 1
2124 1
2125 1
2127 1
2128 1
2130 2
2132 1
2136 1
2139 2
2142 3
2143 1
2144 14
2145 2
2149 2
2152 1
2156 2
2158 11
2159 14
2161 1
2162 1
2163 2
2165 5
2167 11
2168 1
2169 3
2170 6
2171 4
2173 1
2174 4
2175 1
2177 1
2179 2
2181 1
2184 1
2186 1
2187 2
2188 2
2189 1
2190 6
2193 2
2195 3
2197 2
2198 3
2199 6
2200 13
2202 2
2205 1
2206 1
2207 2
2209 1
2211 1
2212 3
2215 2
2218 1
2219 1
2220 1
2221 6
2222 1
2223 2
2225 2
2228 1
2229 1
2230 2
2231 6
2232 5
2233 1
2234 2
2236 2
2237 1
2238 2
2239 2
2241 1
2243 3
2244 11
2245 3
2246 1
2247 1
2248 1
2249 1
2253 1
2254 1
2257 1
2259 1
2260 9
2262 1
2263 3
2264 3
2266 1
2267 1
2269 1
2270 2
2272 1
2274 1
2277 2
2279 1
2280 1
2281 2
2283 1
2284 14
2285 3
2286 1
2287 1
2288 2
2289 1
2290 1
2291 1
2298 2
2299 1
2300 3
2301 1
2304 1
2308 1
2309 1
2310 3
2311 2
2312 1
2313 1
2315 1
2318 1
2322 1
2325 2
2328 1
2329 1
2331 2
2332 2
2333 1
2334 1
2335 5
2336 1
2337 2
2338 1
2339 2
2340 2
2342 1
2343 1
2345 1
2346 2
2347 2
2349 1
2351 1
2352 2
2354 3
2357 5
2359 3
2360 1
2361 1
2362 1
2363 2
2364 2
2365 2
2369 1
2370 3
2371 16
2372 3
2373 1
2374 2
2375 2
2376 1
2378 3
2379 3
2380 2
2381 1
2384 1
2386 1
2388 1
2389 1
2391 2
2392 1
2393 1
2394 2
2398 2
2399 1
2400 1
2401 2
2402 13
2405 1
2406 4
2407 1
2418 1
2420 1
2421 2
2427 2
2428 3
2429 1
2430 1
2431 2
2437 2
2438 3
2439 1
2441 2
2442 1
2444 2
2447 1
2448 2
2449 1
2450 1
2451 2
2454 2
2455 2
2456 1
2458 1
2459 1
2460 3
2462 1
2465 1
2466 2
2467 1
2469 1
2470 1
2471 1
2472 1
2473 3
2475 1
2476 2
2478 1
2479 1
2480 1
2481 2
2483 1
2489 2
2490 1
2491 1
2494 15
2496 4
2497 1
2500 1
2502 4
2503 10
2505 1
2509 2
2510 2
2511 2
2512 3
2513 3
2514 1
2515 1
2516 1
2517 1
2519 1
2520 1
2521 6
2524 1
2525 2
2529 1
2530 4
2531 2
2532 1
2533 1
2534 1
2537 5
2546 5
2547 1
2548 1
2553 1
2554 2
2556 1
2557 1
2558 1
2560 1
2562 2
2564 2
2566 3
2568 1
2572 1
2574 2
2575 2
2577 2
2582 3
2583 5
2584 1
2585 1
2586 2
2591 1
2593 2
2595 1
2596 2
2597 3
2600 2
2603 1
2604 1
2605 1
2608 1
2609 1
2610 1
2612 4
2614 2
2616 1
2617 3
2618 1
2619 1
2620 1
2621 2
2622 1
2624 1
2626 2
2627 1
2629 3
2631 1
2632 4
2633 2
2639 1
2645 1
2648 5
2649 1
2650 2
2651 2
2652 1
2656 1
2659 1
2666 3
2670 2
2672 3
2673 2
2675 1
2676 1
2677 1
2678 1
2681 1
2684 1
2686 1
2687 3
2689 8
2690 1
2691 1
2692 1
2693 2
2695 4
2696 1
2697 2
2699 2
2701 1
2703 1
2704 2
2705 1
2706 3
2707 2
2708 1
2709 1
2710 1
2711 1
2712 1
2713 3
2714 5
2715 1
2718 1
2719 1
2720 1
2723 3
2727 3
2732 1
2733 3
2735 1
2736 1
2738 12
2740 3
2741 3
2742 3
2743 3
2744 2
2745 1
2747 6
2748 3
2749 3
2750 1
2751 2
2754 2
2757 1
2759 14
2760 6
2761 3
2765 4
2766 3
2767 1
2768 5
2770 1
2771 3
2772 1
2773 3
2774 1
2776 3
2780 2
2781 1
2782 1
2784 1
2786 2
2787 1
2788 3
2791 3
2792 1
2793 1
2794 1
2795 3
2797 1
2801 8
2802 1
2803 2
2804 2
2806 2
2807 2
2809 2
2811 2
2813 2
2814 2
2818 2
2821 1
2822 1
2823 1
2825 1
2826 4
2829 3
2834 1
2837 1
2838 1
2841 1
2843 2
2845 3
2846 1
2848 2
2850 2
2851 4
2852 4
2853 1
2854 2
2856 2
2858 3
2859 2
2861 1
2863 1
2865 1
2867 1
2868 2
2869 2
2870 1
2872 3
2873 2
2874 1
2875 1
2876 3
2877 1
2879 1
2880 3
2882 3
2883 1
2885 1
2886 1
2887 3
2888 4
2889 2
2890 3
2891 2
2893 4
2895 2
2896 8
2898 1
2899 1
2900 1
2901 16
2903 1
2905 9
2906 2
2908 2
2909 1
2911 2
2912 1
2913 1
2914 3
2915 2
2917 2
2918 1
2919 1
2921 1
2925 1
2926 1
2927 1
2928 1
2930 2
2931 1
2935 2
2937 2
2939 8
2941 2
2942 1
2943 1
2944 1
2947 2
2948 4
2952 4
2953 1
2954 2
2956 1
2957 1
2962 2
2963 1
2964 1
2965 1
2966 1
2967 1
2968 1
2969 4
2970 11
2971 2
2972 1
2975 2
2976 2
2978 1
2979 4
2980 1
2981 2
2983 1
2984 3
2985 1
2986 4
2987 1
2988 1
2989 1
2992 1
2993 4
2994 1
2995 6
3004 1
3005 1
3006 1
3008 1
3009 1
3010 1
3012 1
3014 1
3016 4
3017 1
3018 1
3019 2
3020 6
3025 2
3026 1
3027 1
3029 2
3030 4
3031 1
3032 2
3033 1
3037 1
3038 1
3041 14
3042 1
3043 1
3045 2
3046 3
3048 3
3049 1
3050 1
3051 3
3052 3
3054 2
3055 1
3056 1
3057 2
3059 2
3062 1
3064 1
3070 1
3072 15
3074 1
3075 3
3077 1
3078 3
3079 3
3080 1
3086 1
3088 1
3089 4
3094 2
3098 1
3099 1
3101 1
3102 3
3104 1
3105 2
3106 2
3108 1
3110 2
3111 2
3113 1
3114 3
3117 1
3118 2
3123 1
3124 1
3125 3
3126 1
3129 1
3130 1
3132 2
3133 2
3135 1
3137 1
3139 1
3141 2
3142 2
3143 3
3144 2
3149 2
3151 2
3152 1
3153 2
3155 1
3156 1
3157 2
3158 1
3164 1
3166 3
3168 1
3170 3
3171 2
3172 1
3179 1
3188 1
3190 4
3194 2
3195 2
3196 2
3199 1
3203 2
3204 1
3206 1
3208 1
3211 2
3213 1
3214 7
3215 2
3216 1
3217 2
3218 2
3219 1
3220 1
3223 1
3224 1
3225 2
3227 1
3228 1
3229 1
3230 3
3233 2
3234 1
3236 1
3239 1
3240 1
3241 2
3243 1
3245 1
3249 1
3250 1
3252 2
3253 1
3255 1
3256 1
3259 1
3260 3
3263 1
3265 3
3266 1
3267 6
3269 4
3270 3
3272 1
3273 1
3275 5
3277 1
3278 1
3280 2
3281 3
3283 1
3284 3
3289 1
3290 3
3291 2
3293 1
3295 1
3296 1
3300 1
3301 1
3302 1
3303 1
3304 1
3306 2
3313 1
3314 1
3315 1
3316 1
3317 2
3318 2
3319 1
3321 2
3325 1
3326 1
3328 1
3329 1
3331 2
3333 1
3336 3
3338 1
3339 3
3340 2
3342 2
3345 1
3347 2
3352 1
3353 1
3354 1
3356 1
3357 3
3359 2
3361 1
3366 1
3367 1
3369 1
3370 4
3376 1
3380 1
3386 5
3387 1
3391 1
3392 1
3393 1
3394 2
3395 1
3396 2
3398 3
3404 4
3406 1
3407 1
3411 1
3415 1
3417 1
3418 1
3420 1
3421 1
3424 1
3427 2
3431 1
3432 1
3433 2
3437 1
3442 1
3443 1
3444 1
3448 1
3450 1
3452 4
3454 1
3455 1
3456 1
3458 1
3462 1
3463 2
3467 1
3471 1
3472 1
3473 1
3474 1
3477 1
3479 4
3482 1
3484 2
3486 1
3488 1
3489 1
3490 1
3493 1
3494 1
3495 1
3497 1
3498 1
3500 1
3502 1
3510 1
3521 1
3522 1
3534 1
3535 2
3537 1
3538 1
3540 1
3541 1
3542 1
3544 2
3548 2
3549 1
3550 4
3555 2
3557 3
3560 1
3563 3
3565 2
3566 1
3567 1
3568 1
3569 1
3571 1
3572 2
3574 2
3575 2
3578 2
3584 1
3589 1
3591 1
3593 1
3596 1
3601 3
3602 2
3603 1
3604 1
3607 4
3611 1
3612 1
3613 1
3614 2
3616 1
3617 2
3619 3
3622 2
3623 2
3624 1
3627 2
3628 1
3630 1
3631 1
3632 3
3633 1
3639 1
3640 1
3644 2
3645 1
3646 1
3648 1
3650 1
3651 1
3652 1
3658 1
3659 1
3660 1
3663 1
3664 3
3666 1
3670 1
3672 1
3673 1
3676 2
3679 1
3681 1
3683 1
3689 2
3691 1
3692 2
3694 1
3695 1
3698 1
3700 1
3701 1
3703 1
3704 1
3706 1
3707 1
3710 1
3711 2
3712 3
3713 1
3714 1
3715 2
3716 4
3718 1
3720 3
3723 1
3727 1
3731 1
3732 1
3734 1
3735 1
3736 1
3739 2
3744 4
3745 1
3747 2
3754 1
3760 1
3761 1
3766 1
3770 2
3772 2
3775 2
3779 1
3782 1
3783 2
3784 1
3786 2
3789 1
3790 1
3791 2
3794 2
3796 2
3798 1
3802 2
3804 1
3809 1
3812 1
3813 1
3815 1
3817 6
3818 1
3820 1
3821 1
3822 5
3823 1
3824 2
3826 1
3830 1
3831 1
3832 1
3836 1
3837 3
3838 2
3840 1
3844 1
3846 1
3847 1
3852 2
3857 1
3858 1
3860 1
3868 1
3873 1
3876 2
3879 2
3881 2
3885 1
3886 1
3887 1
3888 1
3889 1
3890 1
3896 1
3897 1
3898 5
3901 2
3903 1
3907 1
3909 2
3910 1
3913 1
3914 1
3915 2
3918 1
3920 1
3922 1
3923 1
3924 1
3925 1
3927 2
3930 1
3932 1
3933 1
3939 1
3941 1
3944 3
3945 1
3946 1
3952 1
3953 2
3957 2
3958 1
3963 2
3964 3
3966 2
3969 1
3971 1
3973 2
3977 1
3979 1
3980 3
3982 1
3983 1
3984 3
3986 1
3987 2
3989 1
3991 1
3992 2
3994 1
3996 1
3997 1
3998 1
4001 1
4006 1
4008 4
4009 1
4014 1
4017 1
4024 1
4027 1
4028 1
4029 2
4032 1
4034 2
4038 1
4056 1
4058 1
4059 1
4060 4
4061 1
4068 1
4072 1
4074 1
4079 2
4081 6
4084 1
4085 2
4091 4
4096 5
4097 1
4098 2
4099 2
4100 1
4102 1
4103 1
4109 1
4114 1
4115 1
4118 1
4122 4
4125 2
4127 1
4128 1
4130 2
4137 1
4139 1
4142 2
4145 1
4148 1
4150 1
4151 1
4152 1
4160 3
4162 2
4163 1
4169 1
4171 1
4172 1
4175 1
4179 1
4180 1
4182 1
4186 1
4188 1
4189 1
4191 1
4194 2
4195 1
4200 1
4204 2
4205 1
4207 1
4211 6
4212 2
4213 1
4214 1
4217 2
4218 2
4221 1
4223 1
4224 2
4226 1
4228 3
4237 1
4241 5
4242 2
4246 1
4248 2
4249 1
4250 1
4254 1
4258 1
4261 1
4263 2
4266 3
4267 1
4270 1
4272 1
4273 2
4274 1
4278 2
4279 1
4280 1
4285 1
4286 1
4287 2
4291 1
4292 3
4297 1
4301 1
4302 1
4312 2
4315 1
4316 4
4319 1
4320 1
4321 1
4325 1
4327 2
4332 1
4334 2
4339 1
4342 1
4346 1
4353 1
4355 1
4357 3
4358 1
4359 2
4363 2
4364 1
4366 1
4367 1
4368 1
4369 2
4370 1
4371 2
4375 1
4381 5
4382 1
4389 1
4399 2
4400 2
4401 1
4403 1
4406 1
4407 1
4411 1
4412 2
4418 1
4419 1
4420 1
4421 1
4422 1
4424 2
4427 2
4432 1
4435 1
4438 1
4443 1
4444 2
4445 1
4446 3
4447 2
4452 1
4454 1
4457 1
4458 2
4464 3
4467 4
4468 2
4469 1
4472 1
4473 1
4476 1
4477 2
4480 3
4481 1
4482 2
4485 1
4487 1
4490 1
4495 1
4497 1
4500 1
4507 1
4516 1
4518 1
4525 1
4526 1
4531 1
4532 2
4537 2
4540 1
4542 1
4545 3
4548 2
4549 1
4551 1
4556 2
4560 1
4561 1
4562 1
4565 1
4566 1
4572 1
4574 2
4575 1
4577 1
4581 1
4593 1
4594 1
4597 1
4603 1
4605 1
4608 1
4610 1
4611 1
4613 1
4614 1
4615 2
4618 1
4620 1
4625 1
4635 1
4639 1
4643 1
4646 2
4647 1
4651 1
4652 1
4653 1
4654 1
4663 1
4666 1
4673 1
4674 1
4676 1
4679 2
4681 3
4684 3
4685 1
4689 2
4690 1
4691 1
4692 1
4694 1
4696 2
4699 1
4703 2
4704 1
4706 2
4708 1
4709 1
4710 1
4712 1
4713 1
4714 1
4715 1
4718 2
4719 3
4721 1
4731 1
4735 1
4737 3
4738 1
4739 1
4741 1
4742 1
4749 1
4753 3
4758 1
4761 2
4768 2
4771 1
4774 1
4778 2
4780 2
4781 1
4788 1
4790 1
4792 1
4793 1
4797 1
4798 1
4800 2
4808 1
4810 2
4819 1
4821 1
4826 1
4828 1
4831 2
4835 1
4837 2
4839 4
4844 1
4845 1
4855 1
4859 4
4860 2
4861 1
4863 1
4864 1
4865 1
4868 1
4871 1
4872 1
4875 1
4877 4
4878 2
4879 3
4880 1
4883 1
4884 2
4885 1
4886 1
4888 2
4893 2
4894 1
4895 2
4896 1
4899 1
4900 1
4901 1
4904 2
4906 1
4907 1
4908 1
4911 1
4916 1
4921 1
4926 1
4928 1
4930 1
4933 2
4934 1
4935 1
4942 1
4943 1
4944 1
4953 1
4957 1
4959 1
4965 1
4966 2
4967 3
4968 1
4969 3
4975 1
4978 2
4979 1
4980 3
4991 1
4996 1
4997 1
5000 3
5001 1
5003 1
5004 1
5006 1
5015 3
5016 1
5028 1
5032 1
5034 1
5036 2
5037 1
5039 2
5040 1
5041 1
5048 1
5049 2
5051 3
5052 1
5054 1
5055 5
5059 2
5064 1
5066 1
5068 1
5070 1
5073 2
5076 2
5079 1
5082 2
5093 1
5097 1
5099 2
5105 1
5106 2
5107 1
5109 1
5110 1
5111 1
5112 1
5113 1
5114 1
5115 1
5118 2
5120 6
5121 1
5127 2
5128 1
5129 2
5140 2
5142 9
5146 1
5148 1
5152 1
5153 1
5154 1
5158 1
5161 1
5162 1
5163 2
5166 1
5168 10
5170 2
5174 1
5176 1
5178 1
5181 1
5184 1
5186 1
5187 1
5188 3
5189 1
5191 1
5192 1
5197 2
5203 2
5207 3
5213 1
5218 8
5221 1
5225 1
5227 1
5228 1
5229 1
5230 1
5232 2
5233 1
5234 1
5240 1
5246 2
5247 2
5248 2
5250 1
5251 1
5253 1
5255 8
5256 1
5268 1
5269 1
5274 2
5276 1
5280 1
5281 1
5282 1
5283 1
5290 1
5292 1
5293 1
5303 3
5304 8
5306 1
5308 2
5310 1
5314 1
5317 1
5322 1
5323 1
5324 2
5328 1
5329 1
5330 1
5335 2
5338 1
5339 1
5343 1
5345 1
5346 1
5350 1
5359 1
5363 1
5369 2
5380 3
5387 2
5389 1
5390 2
5391 1
5392 1
5393 1
5395 1
5402 2
5403 2
5404 1
5405 1
5406 1
5407 1
5410 2
5413 1
5415 2
5423 1
5424 3
5427 1
5432 1
5434 1
5440 1
5441 1
5451 1
5454 1
5455 1
5464 1
5468 2
5470 2
5472 3
5473 1
5474 2
5475 2
5476 2
5480 1
5481 2
5484 1
5487 5
5491 9
5494 1
5495 1
5498 1
5501 1
5503 1
5511 1
5512 1
5516 2
5524 1
5526 1
5535 1
5536 1
5539 1
5543 1
5544 1
5553 1
5555 1
5557 1
5558 1
5560 1
5566 1
5568 2
5570 1
5573 1
5578 1
5586 1
5587 1
5590 1
5599 1
5601 2
5602 1
5606 1
5609 2
5610 1
5611 1
5614 1
5616 2
5617 1
5618 1
5625 1
5626 1
5628 1
5629 2
5631 2
5632 2
5638 1
5642 2
5643 2
5644 1
5647 1
5651 1
5655 3
5656 1
5665 1
5666 1
5670 1
5671 2
5674 1
5682 2
5687 1
5689 1
5692 1
5698 1
5699 2
5700 1
5703 1
5704 1
5706 2
5708 1
5709 1
5711 1
5715 2
5719 1
5723 1
5730 1
5732 3
5733 1
5734 2
5735 1
5737 2
5739 4
5747 2
5749 1
5752 1
5754 1
5755 1
5756 2
5759 1
5761 1
5764 1
5769 1
5772 1
5774 1
5776 2
5780 1
5788 1
5794 1
5797 2
5798 1
5799 4
5800 1
5803 1
5807 4
5818 1
5822 1
5824 1
5827 1
5828 1
5832 1
5840 1
5842 1
5845 2
5846 1
5847 1
5849 2
5852 1
5854 1
5857 1
5858 1
5863 2
5864 1
5866 1
5870 1
5875 1
5877 1
5881 1
5883 1
5885 1
5886 1
5893 1
5895 1
5897 1
5902 1
5905 2
5908 1
5909 1
5911 1
5913 1
5914 2
5917 1
5918 1
5919 4
5920 1
5923 1
5924 1
5925 1
5926 1
5930 1
5932 1
5942 1
5944 1
5945 3
5946 1
5952 1
5954 1
5955 1
5961 1
5963 1
5966 1
5972 1
5976 1
5981 1
5984 1
5989 1
5991 2
5992 2
5996 2
5998 1
6001 1
6003 1
6004 1
6008 2
6009 1
6012 1
6013 1
6021 1
6024 1
6025 1
6026 1
6027 1
6032 1
6034 1
6035 1
6040 1
6045 2
6047 2
6050 1
6054 2
6055 1
6059 1
6068 1
6076 2
6077 1
6085 1
6087 1
6088 1
6095 1
6097 1
6099 1
6107 1
6115 1
6121 1
6125 1
6131 2
6135 1
6144 2
6146 1
6153 1
6165 1
6168 1
6169 2
6171 1
6182 1
6183 2
6188 1
6193 1
6194 1
6196 1
6201 1
6203 1
6204 1
6206 2
6207 1
6209 1
6213 1
6217 1
6220 1
6222 2
6224 3
6225 2
6226 1
6228 1
6237 2
6239 1
6248 1
6252 1
6253 1
6256 1
6261 1
6262 2
6263 1
6266 2
6271 1
6283 1
6290 2
6301 1
6302 1
6307 1
6313 1
6314 1
6316 1
6326 3
6328 1
6331 1
6336 1
6339 1
6340 1
6343 1
6348 1
6355 1
6357 1
6360 1
6370 1
6371 1
6372 1
6375 1
6385 1
6386 1
6392 1
6393 1
6395 1
6399 1
6400 2
6406 1
6408 1
6416 1
6419 2
6420 1
6433 3
6441 1
6443 2
6444 1
6448 2
6450 2
6458 1
6466 2
6471 2
6472 1
6473 1
6476 2
6477 1
6480 1
6481 1
6488 1
6490 9
6491 1
6492 1
6494 2
6510 1
6512 1
6516 1
6521 1
6540 3
6541 3
6542 1
6543 1
6544 1
6545 1
6549 1
6552 1
6553 1
6554 1
6558 1
6561 2
6565 1
6570 1
6571 1
6572 1
6575 1
6580 2
6596 4
6604 1
6606 2
6611 1
6612 1
6615 1
6616 2
6618 1
6636 1
6639 1
6642 1
6648 1
6651 1
6653 1
6656 2
6661 1
6664 1
6683 1
6684 1
6685 2
6694 1
6695 1
6699 1
6700 1
6703 1
6707 1
6708 1
6710 1
6711 1
6712 1
6713 1
6716 1
6722 1
6723 1
6726 2
6737 1
6738 1
6748 1
6752 2
6755 1
6756 2
6760 3
6762 1
6777 1
6781 1
6783 1
6793 1
6794 1
6796 1
6802 1
6813 3
6816 1
6822 1
6824 1
6828 2
6834 1
6843 1
6846 1
6847 2
6856 2
6866 1
6869 2
6884 5
6888 1
6892 1
6893 3
6894 1
6897 1
6918 1
6920 2
6925 1
6926 1
6930 2
6932 4
6935 1
6947 1
6948 1
6951 1
6957 5
6961 3
6969 2
6972 1
6974 1
6990 1
6994 1
6996 1
6999 1
7008 1
7016 1
7018 1
7020 3
7027 1
7028 1
7029 1
7041 1
7042 1
7049 1
7056 1
7091 1
7096 2
7099 1
7103 1
7111 1
7112 1
7117 1
7120 1
7121 2
7126 1
7131 1
7136 1
7138 1
7141 2
7146 1
7158 1
7161 1
7162 1
7168 1
7170 1
7173 1
7175 2
7181 1
7183 1
7191 1
7197 1
7200 1
7202 1
7211 1
7212 1
7214 1
7215 1
7218 1
7219 2
7232 1
7233 1
7242 2
7248 1
7254 1
7256 1
7262 1
7264 2
7265 1
7278 1
7280 1
7287 1
7288 1
7291 1
7293 1
7296 2
7314 1
7316 1
7317 2
7324 1
7327 3
7328 2
7335 1
7337 2
7352 2
7353 1
7354 1
7361 1
7374 1
7376 8
7381 1
7385 1
7390 1
7394 1
7399 1
7400 2
7401 1
7409 1
7412 1
7416 2
7420 1
7429 1
7436 1
7441 1
7447 1
7448 1
7457 1
7463 1
7471 1
7474 1
7475 1
7482 1
7488 7
7499 3
7504 1
7513 1
7514 2
7532 1
7533 1
7556 1
7559 3
7571 2
7572 1
7576 1
7580 21
7581 1
7583 1
7588 1
7592 1
7594 1
7597 1
7599 1
7605 1
7608 2
7614 1
7617 2
7621 1
7625 1
7626 1
7637 1
7644 1
7647 1
7655 2
7660 1
7667 1
7668 1
7674 1
7680 1
7681 1
7692 2
7693 1
7696 2
7697 1
7698 1
7705 1
7722 1
7723 1
7727 1
7730 1
7733 1
7740 2
7744 3
7749 1
7752 1
7753 1
7754 1
7756 1
7757 1
7762 1
7766 1
7769 1
7772 1
7784 2
7786 1
7791 1
7792 1
7795 1
7809 1
7812 1
7813 1
7818 1
7830 2
7832 1
7836 1
7841 2
7842 1
7844 1
7845 1
7848 1
7849 1
7854 2
7858 1
7861 1
7872 1
7884 1
7888 1
7893 1
7899 1
7907 1
7911 1
7912 1
7914 1
7915 2
7916 1
7920 1
7939 2
7941 1
7948 1
7974 1
7979 2
7980 3
7983 1
7985 2
7986 1
7991 1
7992 1
7997 1
8000 1
8003 1
8005 1
8016 1
8018 1
8021 1
8027 1
8028 1
8029 1
8030 1
8036 1
8037 1
8040 1
8046 3
8047 1
8048 1
8056 1
8065 1
8067 1
8074 1
8079 1
8103 1
8105 1
8107 1
8114 1
8115 1
8119 1
8131 1
8140 11
8142 1
8143 2
8145 1
8148 9
8154 1
8158 1
8160 4
8161 1
8162 1
8167 1
8168 1
8180 1
8182 1
8186 2
8190 1
8192 3
8196 1
8205 1
8222 1
8228 1
8232 1
8237 2
8244 1
8248 1
8260 2
8265 1
8266 1
8281 1
8285 1
8286 4
8291 1
8300 1
8303 1
8309 1
8311 1
8325 1
8330 2
8334 1
8343 1
8349 1
8357 1
8363 1
8364 1
8369 1
8372 2
8375 1
8378 1
8381 1
8385 1
8396 1
8406 1
8408 1
8419 1
8427 2
8439 1
8443 1
8451 1
8457 1
8463 1
8464 1
8469 2
8471 1
8472 2
8475 2
8480 1
8494 2
8496 1
8497 2
8507 1
8509 2
8515 2
8523 1
8526 1
8536 1
8538 1
8539 2
8542 2
8545 1
8555 1
8556 1
8561 1
8565 1
8570 2
8574 2
8575 1
8577 1
8579 1
8582 1
8583 1
8595 1
8597 1
8600 1
8607 1
8610 1
8613 1
8619 1
8621 1
8624 1
8628 1
8630 2
8635 1
8637 1
8642 1
8651 1
8653 1
8673 1
8674 1
8681 1
8715 1
8717 1
8719 1
8728 1
8730 1
8736 1
8737 1
8738 1
8739 1
8743 1
8751 1
8752 1
8756 1
8758 1
8766 1
8770 1
8778 1
8791 1
8796 1
8798 1
8801 1
8804 1
8811 1
8821 1
8827 1
8835 2
8837 1
8838 1
8840 1
8841 1
8844 1
8848 1
8858 1
8860 1
8866 1
8870 1
8877 1
8880 1
8889 1
8891 1
8893 1
8899 1
8900 1
8903 1
8907 1
8908 1
8910 1
8912 2
8913 1
8925 1
8937 1
8941 1
8944 8
8945 1
8946 1
8951 1
8968 1
8972 1
8979 1
8984 1
8985 2
8986 1
8989 1
8990 1
8992 1
8993 1
8994 1
9012 2
9013 1
9017 1
9019 1
9029 1
9030 1
9040 1
9051 1
9069 3
9072 1
9074 1
9080 2
9083 1
9088 1
9091 1
9110 3
9120 1
9130 1
9137 1
9139 1
9141 1
9142 1
9150 1
9156 1
9162 1
9170 1
9174 1
9195 1
9197 1
9200 3
9201 1
9206 1
9212 1
9216 3
9217 2
9218 1
9227 1
9229 2
9236 1
9237 1
9240 1
9248 1
9250 1
9256 2
9260 1
9265 1
9266 1
9269 1
9272 2
9274 1
9283 1
9292 1
9294 1
9306 2
9315 1
9316 1
9335 1
9339 1
9341 3
9347 1
9349 1
9363 1
9380 1
9392 8
9394 2
9400 1
9402 1
9404 3
9407 1
9408 2
9414 1
9420 2
9424 1
9431 2
9437 2
9440 2
9454 2
9455 3
9456 1
9468 1
9485 1
9491 1
9514 1
9519 2
9533 1
9534 1
9535 1
9536 1
9544 1
9553 1
9554 1
9555 1
9556 1
9558 1
9563 2
9570 1
9577 2
9580 1
9590 1
9596 1
9598 1
9601 1
9603 1
9606 1
9609 1
9614 1
9626 2
9636 1
9637 1
9640 3
9648 1
9650 1
9652 1
9655 2
9661 1
9664 1
9667 1
9671 1
9675 1
9677 1
9678 1
9681 1
9687 1
9692 1
9698 1
9704 2
9719 1
9720 1
9725 1
9728 2
9731 1
9732 1
9737 1
9756 1
9762 1
9774 1
9776 1
9780 1
9784 1
9788 1
9798 1
9803 1
9805 1
9815 1
9821 1
9822 1
9833 1
9848 1
9850 1
9852 1
9866 1
9879 1
9892 1
9908 1
9910 1
9916 1
9917 1
9932 2
9934 1
9935 1
9944 1
9946 1
9956 1
9966 1
9968 1
9970 1
9972 1
9976 2
9978 3
9983 1
9985 1
9991 1
9992 1
9996 1
9997 1
10001 1
10002 1
10009 1
10019 1
10023 1
10038 1
10043 2
10052 1
10056 2
10081 1
10088 1
10095 3
10098 1
10099 1
10108 1
10110 1
10120 2
10128 1
10132 1
10133 1
10138 1
10140 1
10150 1
10158 1
10175 2
10178 1
10189 1
10191 1
10196 1
10204 1
10209 1
10212 1
10215 1
10218 2
10219 2
10237 1
10240 1
10257 1
10258 1
10262 1
10272 1
10273 2
10276 1
10281 1
10282 1
10286 1
10287 1
10288 1
10291 1
10294 1
10295 1
10303 2
10308 1
10319 1
10324 1
10331 1
10336 1
10343 1
10349 1
10350 1
10351 1
10355 1
10356 1
10360 1
10368 1
10376 1
10401 1
10406 2
10410 1
10413 1
10414 2
10417 1
10424 1
10434 1
10437 1
10438 2
10444 1
10460 1
10465 1
10467 2
10470 1
10476 1
10479 1
10495 1
10503 1
10516 1
10520 1
10524 1
10527 1
10528 1
10531 3
10541 1
10544 1
10546 1
10547 1
10551 1
10554 1
10558 1
10563 1
10576 1
10586 1
10587 3
10588 2
10594 1
10595 2
10602 1
10604 7
10606 1
10608 1
10610 2
10621 1
10625 1
10651 1
10655 1
10662 2
10680 1
10682 1
10685 1
10688 1
10693 1
10703 1
10705 2
10713 1
10724 1
10729 1
10735 1
10746 1
10749 1
10764 1
10768 1
10789 1
10791 2
10792 1
10801 1
10811 1
10820 1
10822 1
10840 1
10848 1
10860 1
10871 1
10876 3
10897 1
10899 1
10905 2
10908 5
10914 1
10916 1
10919 1
10921 1
10926 2
10951 1
10953 1
10955 1
10960 3
10961 1
10968 1
10984 1
10986 1
10987 1
10994 1
11004 3
11010 1
11014 1
11020 1
11023 1
11029 1
11036 3
11038 1
11049 1
11050 1
11072 1
11074 2
11089 1
11092 1
11094 1
11095 3
11096 1
11113 1
11114 1
11118 1
11128 1
11145 1
11156 1
11158 1
11169 1
11184 1
11187 2
11194 1
11197 1
11202 2
11204 1
11215 3
11219 1
11221 1
11227 1
11233 1
11242 1
11257 2
11261 1
11264 2
11268 2
11271 1
11276 1
11296 1
11300 1
11307 1
11314 2
11324 1
11332 1
11333 1
11336 1
11337 1
11343 1
11345 1
11361 1
11363 1
11368 1
11374 1
11384 1
11388 1
11391 1
11405 1
11407 1
11416 1
11417 1
11431 1
11432 1
11452 1
11469 1
11489 1
11494 2
11498 1
11502 2
11503 1
11505 1
11507 1
11529 1
11530 1
11535 1
11537 1
11540 15
11542 1
11560 1
11568 1
11569 1
11571 1
11572 1
11591 2
11603 1
11604 1
11608 1
11614 3
11620 1
11624 1
11627 1
11629 1
11631 2
11640 1
11651 1
11653 1
11676 1
11686 1
11714 1
11726 1
11729 1
11731 1
11739 1
11746 1
11768 2
11781 1
11802 1
11805 1
11820 2
11840 1
11841 2
11873 2
11881 1
11892 1
11893 1
11908 1
11916 1
11918 9
11924 1
11928 1
11946 2
11953 1
11956 1
11974 1
11976 1
11982 1
12027 1
12034 1
12035 1
12040 1
12067 1
12070 1
12074 3
12083 2
12091 1
12124 1
12132 2
12139 1
12143 2
12153 1
12172 1
12186 1
12191 1
12195 1
12203 2
12205 1
12212 1
12220 1
12222 1
12231 1
12237 1
12242 1
12245 1
12246 1
12252 1
12257 2
12259 1
12261 1
12281 1
12286 1
12287 6
12288 3
12295 1
12308 2
12310 1
12316 3
12326 1
12328 1
12333 1
12343 1
12344 3
12349 1
12354 1
12357 1
12366 1
12378 1
12384 2
12403 1
12411 1
12412 1
12425 2
12439 2
12441 1
12444 1
12456 1
12473 1
12482 4
12488 3
12494 2
12499 1
12524 1
12526 7
12530 3
12536 1
12546 1
12548 2
12551 1
12564 1
12568 1
12576 1
12585 1
12589 1
12606 1
12607 1
12619 1
12636 1
12638 1
12649 1
12665 1
12705 1
12722 1
12733 1
12759 1
12768 2
12772 2
12787 1
12791 1
12794 1
12813 1
12816 2
12823 1
12847 1
12863 1
12879 1
12884 1
12890 1
12914 1
12918 1
12920 1
12940 1
12943 1
12948 2
12951 1
12953 2
12963 2
12969 1
12988 1
12990 1
12995 1
13032 1
13036 1
13039 1
13047 1
13049 1
13055 2
13059 1
13085 1
13101 1
13107 1
13109 1
13136 2
13137 1
13148 2
13152 1
13160 1
13162 1
13172 1
13200 1
13206 1
13207 2
13213 1
13215 1
13218 1
13240 1
13243 1
13250 1
13261 1
13265 1
13270 1
13271 2
13278 1
13284 3
13292 1
13300 1
13302 1
13308 2
13310 1
13312 3
13313 1
13320 2
13328 1
13334 1
13347 1
13359 1
13369 1
13395 1
13416 1
13438 1
13442 1
13449 1
13457 1
13464 1
13478 1
13487 2
13496 1
13518 1
13520 1
13523 1
13558 1
13592 1
13600 1
13633 1
13641 2
13669 1
13674 1
13689 1
13693 1
13694 1
13699 1
13712 1
13715 1
13736 3
13750 2
13752 1
13759 1
13763 1
13802 3
13810 1
13815 1
13831 1
13849 1
13857 1
13880 19
13895 1
13896 1
13897 1
13907 1
13913 1
13914 1
13918 1
13950 1
13956 1
13965 1
13975 1
13984 1
13988 6
14033 1
14048 1
14052 1
14070 1
14071 1
14083 1
14104 1
14107 1
14111 2
14131 1
14166 1
14193 1
14208 1
14220 1
14233 1
14237 1
14238 1
14240 1
14241 1
14251 1
14261 2
14277 1
14279 1
14281 1
14292 1
14307 1
14309 1
14320 1
14336 2
14346 2
14350 1
14356 1
14370 1
14372 1
14378 1
14383 1
14402 1
14420 1
14425 1
14427 1
14430 1
14433 1
14480 1
14485 1
14496 2
14510 1
14524 1
14525 1
14534 1
14535 1
14549 1
14564 1
14573 1
14581 1
14584 1
14596 1
14602 1
14610 1
14612 2
14636 1
14639 1
14663 1
14664 2
14688 2
14712 1
14716 1
14719 1
14736 1
14737 1
14749 1
14756 1
14760 1
14773 3
14774 1
14775 1
14776 1
14784 1
14820 1
14832 1
14833 1
14838 1
14843 2
14857 1
14863 1
14875 1
14876 2
14878 1
14880 1
14891 1
14908 1
14913 1
14936 2
14940 1
14947 1
14954 1
14960 1
14976 1
14982 1
14999 1
15002 2
15004 1
15019 1
15021 1
15036 1
15048 1
15056 1
15057 1
15078 1
15084 1
15092 1
15107 1
15115 1
15116 1
15124 1
15153 1
15159 1
15160 1
15164 1
15165 1
15172 1
15191 1
15235 1
15238 1
15241 1
15250 1
15256 1
15258 2
15273 1
15284 2
15296 1
15339 1
15341 1
15344 2
15354 2
15356 1
15360 2
15361 1
15383 2
15400 1
15409 1
15434 1
15461 1
15469 1
15471 1
15475 1
15480 1
15482 1
15485 1
15490 1
15496 7
15499 1
15503 1
15504 6
15508 1
15509 1
15512 1
15524 1
15532 1
15575 1
15576 1
15592 1
15596 1
15603 1
15607 2
15616 1
15620 1
15628 1
15671 1
15688 1
15691 1
15698 2
15702 3
15703 1
15744 1
15753 1
15768 1
15769 1
15775 1
15779 1
15804 1
15816 1
15821 1
15825 1
15827 1
15828 3
15832 1
15835 1
15852 1
15856 1
15858 2
15896 1
15899 1
15901 1
15908 1
15937 1
15942 1
15943 1
15951 1
15959 1
15963 1
16004 1
16017 1
16020 1
16023 1
16045 1
16048 1
16056 1
16068 6
16096 1
16097 1
16098 1
16101 1
16103 1
16108 1
16109 1
16110 2
16127 1
16132 2
16156 1
16200 1
16228 1
16233 1
16234 1
16237 1
16286 1
16313 1
16315 1
16346 2
16350 1
16357 1
16361 1
16372 1
16384 23
16399 1
16414 3
16468 2
16471 1
16480 1
16488 1
16501 2
16522 1
16527 1
16551 1
16574 1
16582 1
16595 1
16596 1
16607 1
16630 1
16634 1
16648 1
16668 2
16671 1
16682 1
16705 1
16716 1
16718 1
16756 1
16770 1
16784 1
16791 2
16796 1
16801 2
16804 1
16824 1
16855 1
16862 1
16879 1
16886 1
16891 1
16893 1
16910 1
16928 1
16954 1
16973 1
17002 1
17003 1
17045 2
17065 1
17072 2
17073 1
17076 1
17081 1
17087 2
17116 1
17118 1
17120 3
17126 1
17156 1
17159 1
17177 1
17180 1
17187 1
17198 1
17210 1
17231 1
17233 1
17248 2
17256 1
17259 1
17264 1
17268 1
17275 1
17284 1
17304 1
17312 1
17313 1
17328 1
17329 1
17362 1
17364 1
17394 1
17406 1
17408 4
17417 1
17435 1
17439 1
17450 1
17490 1
17504 1
17506 2
17528 2
17548 1
17554 1
17574 1
17582 1
17595 1
17640 2
17644 1
17656 1
17681 1
17696 1
17703 1
17734 1
17756 1
17804 1
17816 1
17819 1
17844 3
17860 1
17866 1
17903 1
17943 1
17948 2
17965 1
17968 1
17976 1
17977 1
17982 1
18013 1
18014 1
18047 1
18056 1
18073 1
18086 1
18096 1
18108 1
18112 1
18143 1
18152 2
18171 3
18173 1
18201 1
18247 1
18255 1
18272 1
18302 1
18312 1
18327 1
18376 1
18379 1
18383 1
18404 1
18432 2
18495 1
18589 1
18599 2
18601 1
18609 1
18652 2
18657 1
18687 1
18751 1
18783 2
18790 1
18796 1
18808 1
18823 1
18832 1
18840 1
18876 1
18888 1
18894 1
18896 1
18898 1
18911 1
18919 1
18930 1
18958 1
18969 1
18976 1
18978 1
19034 1
19041 1
19064 1
19081 1
19106 1
19112 1
19120 1
19167 1
19171 1
19205 2
19212 2
19213 1
19226 1
19245 1
19263 1
19339 1
19342 1
19361 1
19368 1
19370 1
19374 1
19376 1
19382 1
19415 1
19420 1
19447 1
19450 1
19456 2
19537 1
19542 2
19580 1
19585 1
19590 1
19616 1
19625 1
19632 1
19633 1
19636 1
19637 1
19649 1
19650 1
19679 1
19716 3
19740 1
19772 1
19778 1
19826 2
19837 1
19886 1
19898 1
19908 1
19911 3
19956 1
19989 1
19994 1
20004 1
20037 1
20050 1
20069 1
20076 1
20092 1
20112 1
20121 1
20170 1
20213 1
20216 1
20240 1
20249 1
20251 2
20256 2
20260 1
20282 1
20326 1
20338 1
20368 1
20374 1
20376 2
20378 1
20402 1
20414 1
20439 1
20443 2
20459 1
20462 1
20465 1
20480 12
20487 1
20545 1
20551 1
20572 1
20586 2
20591 1
20651 1
20671 3
20674 1
20680 1
20697 1
20753 1
20770 1
20782 1
20810 1
20835 1
20868 1
20874 2
20889 2
20905 1
20910 1
20927 2
20928 2
20962 1
20967 2
20969 1
20978 3
20980 1
20981 1
20983 2
20992 1
20996 1
21003 3
21046 1
21070 1
21072 2
21073 1
21099 2
21101 6
21104 3
21107 1
21110 2
21123 1
21189 2
21196 1
21200 1
21212 1
21218 1
21261 1
21273 1
21276 1
21286 4
21308 2
21323 1
21324 1
21341 1
21350 1
21357 1
21362 1
21363 1
21368 1
21372 1
21392 1
21407 1
21424 1
21437 1
21441 2
21448 1
21451 1
21457 1
21469 1
21479 1
21484 1
21499 1
21504 7
21515 1
21524 1
21531 1
21532 1
21551 1
21565 1
21594 1
21596 1
21597 1
21600 8
21603 3
21616 1
21618 1
21620 1
21632 1
21638 1
21647 1
21653 1
21657 1
21658 1
21667 1
21681 1
21703 2
21715 5
21718 2
21721 1
21751 1
21783 12
21786 1
21796 1
21802 1
21804 12
21816 3
21842 1
21848 1
21884 1
21889 2
21892 1
21906 1
21948 1
21963 1
21969 1
21978 1
22018 1
22022 1
22034 1
22038 1
22040 1
22048 1
22053 1
22054 1
22082 1
22118 1
22123 1
22128 1
22134 1
22149 1
22175 1
22179 1
22196 1
22200 1
22209 1
22229 1
22256 1
22257 1
22260 1
22269 1
22277 1
22289 1
22299 1
22307 1
22342 1
22363 1
22366 1
22397 1
22410 1
22412 9
22415 1
22418 1
22446 1
22447 1
22462 1
22504 1
22515 1
22528 4
22532 1
22537 1
22552 1
22559 1
22578 1
22588 1
22618 1
22641 2
22644 1
22652 1
22680 1
22689 1
22710 1
22716 1
22719 1
22727 1
22732 1
22740 1
22741 1
22772 1
22782 1
22783 1
22802 1
22813 1
22840 1
22864 1
22932 1
22935 3
22954 1
22969 1
22975 1
22983 1
22990 1
23005 1
23018 1
23033 1
23056 1
23074 1
23086 1
23088 1
23097 1
23103 7
23111 1
23199 1
23211 1
23212 1
23229 1
23236 2
23243 1
23248 1
23255 1
23275 1
23287 10
23288 1
23290 1
23292 1
23311 1
23338 1
23362 1
23393 1
23411 1
23445 1
23481 1
23507 2
23508 1
23513 1
23526 1
23552 5
23571 1
23573 1
23575 1
23596 1
23618 1
23619 1
23665 1
23672 2
23692 1
23716 1
23731 1
23743 1
23751 1
23785 1
23798 1
23828 1
23867 1
23870 1
23876 2
23891 1
23948 1
23961 1
24027 1
24080 2
24108 1
24110 1
24112 1
24120 1
24151 2
24160 1
24167 1
24172 1
24200 1
24221 1
24223 3
24239 1
24244 2
24248 1
24281 1
24320 1
24334 1
24360 1
24361 1
24395 1
24399 1
24411 1
24421 1
24443 1
24461 1
24467 1
24501 1
24508 1
24515 1
24527 1
24529 1
24573 1
24576 10
24590 1
24592 1
24609 1
24627 1
24664 1
24683 1
24720 1
24740 1
24764 1
24796 1
24801 1
24806 1
24865 1
24889 1
24898 1
24900 2
24908 1
24909 1
24913 1
24948 1
25013 1
25048 1
25051 1
25112 1
25219 1
25247 1
25255 1
25296 1
25313 1
25328 1
25337 1
25346 1
25352 2
25367 1
25373 1
25436 1
25444 1
25475 2
25488 4
25497 1
25526 1
25598 1
25600 3
25610 1
25634 1
25651 1
25712 1
25716 1
25727 1
25728 1
25754 1
25780 2
25803 1
25806 1
25821 1
25851 1
25855 1
25880 1
25883 1
25906 1
25938 1
26043 1
26047 1
26050 2
26060 1
26065 1
26072 1
26108 1
26113 1
26125 1
26176 1
26247 1
26259 1
26278 1
26288 1
26296 1
26305 1
26311 1
26326 1
26338 1
26353 1
26386 1
26434 1
26440 1
26456 1
26469 1
26481 1
26540 1
26570 1
26587 1
26594 1
26615 1
26624 11
26631 1
26653 1
26696 2
26738 2
26746 2
26748 1
26843 1
26852 1
26856 1
26876 1
26924 1
26930 1
26974 1
26982 1
26994 1
26997 1
27006 2
27052 1
27060 1
27061 1
27065 1
27071 1
27076 1
27094 1
27130 1
27134 1
27202 1
27209 1
27227 2
27257 1
27299 1
27343 1
27353 1
27372 1
27381 1
27387 1
27395 1
27443 1
27472 1
27518 2
27565 1
27572 1
27610 1
27623 1
27648 4
27692 1
27694 1
27714 1
27755 1
27792 1
27795 1
27810 1
27819 1
27820 1
27830 1
27883 1
27888 1
27897 1
27911 3
27913 1
27937 1
27971 1
27985 1
28000 1
28034 1
28124 1
28140 1
28158 1
28179 1
28180 1
28212 4
28229 1
28252 1
28256 1
28266 2
28316 1
28319 1
28356 1
28359 1
28534 1
28600 1
28608 1
28623 1
28648 1
28653 1
28656 1
28663 1
28672 4
28684 1
28786 1
28788 1
28791 1
28803 2
28889 1
28933 1
28958 1
28960 1
28980 1
29006 1
29022 1
29023 1
29028 1
29041 1
29042 1
29046 1
29072 1
29108 1
29113 1
29172 1
29183 1
29184 1
29188 1
29210 1
29223 1
29228 10
29238 1
29241 1
29242 1
29258 1
29270 1
29300 1
29322 1
29360 1
29392 1
29404 2
29413 1
29415 1
29428 1
29450 1
29551 1
29590 1
29610 1
29626 1
29643 1
29671 1
29696 2
29700 1
29709 1
29744 2
29752 1
29772 2
29776 1
29784 1
29816 1
29832 1
29838 1
29839 1
29855 1
29917 1
29923 1
29979 1
29998 1
30074 1
30084 1
30102 1
30103 1
30123 1
30224 1
30321 1
30357 1
30360 1
30429 1
30432 1
30448 1
30456 1
30468 1
30472 1
30484 1
30508 1
30571 1
30592 1
30613 1
30635 1
30649 1
30660 7
30676 1
30705 1
30720 2
30778 1
30787 1
30832 1
30851 1
30868 1
30924 2
30932 1
30952 1
31140 1
31256 1
31286 1
31336 1
31352 1
31375 1
31383 1
31409 1
31434 1
31445 1
31525 1
31528 1
31571 1
31611 2
31633 1
31651 1
31681 1
31697 1
31711 1
31726 1
31744 2
31780 1
31785 1
31836 2
31860 1
31908 1
31950 1
31953 1
31966 2
31987 1
32002 1
32008 1
32010 1
32038 1
32077 1
32091 1
32107 1
32156 1
32176 1
32189 1
32215 1
32240 1
32242 1
32244 1
32288 1
32312 1
32340 1
32372 1
32428 1
32447 1
32453 1
32458 2
32459 1
32460 1
32466 1
32470 1
32480 1
32516 1
32559 1
32564 1
32600 1
32602 1
32694 1
32722 1
32733 1
32756 1
32768 14
32780 1
32781 1
32784 1
32790 1
32796 1
32804 1
32848 1
32946 1
32983 1
33068 1
33112 1
33123 1
33158 1
33187 1
33217 1
33265 1
33281 1
33302 1
33311 1
33319 1
33329 1
33365 1
33408 2
33410 1
33516 1
33532 1
33536 1
33624 1
33627 1
33652 1
33665 1
33671 1
33716 1
33746 1
33787 1
33792 3
33807 1
33831 1
33852 1
33877 1
33891 1
33922 1
33933 1
33941 1
33994 1
33996 1
34059 1
34066 1
34067 1
34095 1
34104 1
34112 1
34121 1
34147 1
34157 1
34177 1
34191 1
34202 1
34205 1
34256 1
34278 1
34304 2
34309 1
34348 1
34448 1
34458 1
34516 1
34520 1
34535 2
34536 1
34553 1
34640 1
34646 1
34674 1
34693 1
34700 1
34726 1
34752 1
34789 1
34816 1
34830 1
34845 1
34856 1
34890 1
34893 1
34908 1
34911 1
34918 1
34946 1
34997 1
35012 1
35162 1
35182 1
35189 10
35191 1
35208 1
35210 1
35225 1
35260 2
35266 2
35380 1
35409 1
35435 1
35440 1
35463 1
35473 1
35506 1
35550 1
35556 1
35568 1
35587 1
35612 1
35615 1
35634 2
35636 1
35647 1
35648 2
35728 1
35803 1
35805 1
35812 1
35814 1
35816 1
35819 1
35825 1
35837 1
35850 1
35872 1
35891 1
35895 1
36096 1
36127 2
36149 1
36168 1
36194 1
36197 1
36210 1
36219 1
36229 2
36240 1
36247 1
36308 1
36316 1
36337 1
36361 1
36373 1
36379 1
36386 1
36397 1
36470 1
36508 1
36510 1
36516 1
36517 1
36525 1
36544 1
36618 1
36627 1
36641 1
36664 1
36667 1
36699 1
36720 1
36841 1
36860 1
36864 4
36884 1
36896 1
36912 2
36924 1
36939 1
36964 1
36974 1
37005 1
37008 1
37012 1
37038 1
37104 1
37112 1
37115 1
37130 1
37159 1
37171 1
37172 1
37188 2
37226 1
37248 1
37263 1
37268 1
37316 1
37322 1
37372 1
37384 1
37400 1
37487 1
37532 1
37590 1
37616 1
37620 1
37621 1
37634 1
37657 1
37700 1
37770 1
37785 1
37796 2
37803 2
37888 2
37897 1
37903 1
37912 1
37940 1
37957 1
37968 1
37980 1
37997 1
38008 1
38015 1
38024 1
38026 1
38030 1
38057 1
38088 1
38103 1
38118 1
38138 1
38154 2
38195 1
38279 1
38362 1
38417 1
38431 1
38437 1
38538 1
38568 1
38576 1
38601 1
38650 1
38663 1
38688 1
38689 1
38745 1
38765 1
38812 1
38829 1
38985 1
39011 1
39055 1
39088 1
39144 1
39157 1
39167 1
39170 1
39183 1
39252 1
39270 1
39272 1
39290 1
39380 1
39390 1
39402 1
39406 1
39437 1
39462 1
39464 1
39472 1
39496 1
39506 1
39536 1
39542 1
39579 1
39585 1
39637 1
39657 1
39661 1
39671 1
39673 1
39688 1
39702 1
39853 1
39952 1
40070 1
40076 1
40105 1
40125 2
40256 1
40280 1
40439 1
40466 1
40468 1
40484 1
40496 1
40608 1
40619 1
40631 1
40638 1
40640 1
40659 1
40691 1
40739 3
40783 1
40880 1
40918 1
40960 4
41036 1
41083 1
41100 1
41111 1
41151 1
41186 1
41211 1
41255 1
41313 1
41408 1
41577 1
41681 1
41719 1
41751 1
41752 1
41796 1
41852 1
41902 1
41940 1
41984 4
41990 1
41992 1
42095 1
42168 1
42182 1
42188 1
42223 1
42224 1
42298 1
42300 1
42401 1
42404 1
42421 1
42469 1
42512 1
42524 1
42540 1
42551 1
42560 1
42570 1
42656 1
42699 1
42749 1
42828 1
42843 1
42884 1
42947 1
43040 1
43096 1
43144 6
43181 1
43236 1
43256 1
43338 1
43350 1
43384 1
43466 1
43490 1
43513 1
43559 1
43588 1
43756 1
43768 1
43909 1
43971 1
44028 3
44052 1
44146 1
44163 1
44191 1
44270 1
44289 1
44294 1
44306 1
44319 1
44326 1
44375 1
44385 1
44527 1
44528 1
44572 1
44576 7
44698 1
44760 1
44818 1
44892 1
44988 1
45056 2
45164 10
45192 1
45202 1
45305 1
45315 1
45336 1
45360 1
45522 1
45530 1
45697 1
45790 1
45837 1
45843 3
45855 1
45870 1
45937 1
45952 1
45992 1
46080 1
46085 1
46097 1
46168 1
46177 1
46180 1
46264 1
46278 1
46299 1
46332 1
46340 1
46380 1
46396 1
46436 1
46442 1
46516 1
46530 2
46567 1
46632 1
46653 1
46757 1
46771 1
46805 1
46820 1
46852 1
46856 1
46912 1
47033 2
47108 1
47121 1
47204 1
47225 1
47235 1
47337 1
47400 1
47440 1
47452 1
47505 1
47536 1
47570 1
47610 1
47668 1
47832 1
47843 1
47888 1
47900 1
47902 1
47908 1
47924 1
47954 1
47970 1
48000 1
48034 1
48080 1
48099 1
48116 1
48124 2
48128 2
48148 1
48194 1
48223 1
48242 1
48340 1
48362 1
48480 1
48509 1
48529 1
48572 1
48608 1
48678 1
48681 1
48730 1
48741 1
48792 1
48835 1
48956 1
48986 1
48988 1
48996 1
49001 1
49052 1
49063 1
49117 1
49128 1
49132 1
49146 1
49152 6
49176 1
49280 1
49389 1
49393 1
49407 1
49413 2
49422 1
49472 1
49516 1
49517 1
49523 1
49559 1
49665 1
49672 1
49692 1
49713 1
49804 1
49842 1
49933 1
50013 1
50021 1
50051 1
50076 1
50092 1
50144 1
50186 1
50205 1
50262 1
50348 1
50361 1
50398 1
50404 1
50415 1
50434 1
50496 1
50534 1
50612 1
50705 1
50796 1
50807 1
50808 1
50831 1
50853 1
50901 1
50912 1
50918 1
50934 1
50966 1
50981 1
50990 1
51024 1
51059 1
51116 1
51171 1
51333 1
51425 1
51484 1
51523 1
51538 1
51792 1
51807 2
51829 1
51852 1
51859 1
51870 1
51908 1
51917 1
51954 1
52035 1
52155 1
52272 1
52288 1
52485 1
52537 1
52772 1
52849 1
53070 1
53100 1
53178 1
53270 1
53292 1
53455 1
53475 1
53747 1
53762 1
53876 1
53920 1
53946 1
53954 1
53961 1
53982 1
54052 2
54207 1
54272 1
54287 1
54338 2
54477 2
54478 1
54551 1
54629 1
54652 1
54762 1
54811 1
55156 1
55169 1
55221 1
55300 1
55372 1
55451 1
55509 2
55513 1
55514 6
55563 1
55736 1
55933 1
56144 6
56271 1
56303 1
56320 2
56372 1
56426 2
56448 1
56972 1
56985 1
57304 1
57310 1
57344 6
57468 1
57531 1
57600 1
57796 1
57840 1
58067 1
58136 1
58146 1
58148 1
58204 1
58366 1
58368 1
58398 1
58504 1
58568 1
58806 1
58995 1
59127 1
59254 1
59273 1
59336 1
59481 1
59584 1
59648 1
60180 1
60271 1
60311 1
60382 1
60408 1
60424 1
60456 1
60738 1
60865 1
61107 1
61188 2
61248 1
61256 1
61280 2
61440 1
61647 1
61664 1
61825 1
61872 1
61899 1
62004 1
62054 1
62129 3
62131 1
62140 1
62149 1
62257 1
62628 1
62712 3
63049 1
63060 1
63307 2
63353 1
63355 1
63464 1
63488 2
63836 1
63923 1
64037 1
64047 1
64059 1
64078 1
64080 1
64263 1
64353 1
64451 1
64466 4
64498 1
64512 2
64580 1
64652 1
64768 1
64804 1
64817 1
64948 1
64991 1
65032 1
65038 1
65078 2
65132 2
65224 1
65261 1
65386 1
65399 2
65411 5
65427 1
65477 1
65491 1
65493 2
65536 2
65790 1
65880 1
65984 1
66133 1
66421 1
66921 1
66967 1
67065 1
67156 1
67248 1
67260 1
67410 1
67584 1
67630 1
67636 1
68073 1
68124 1
68302 1
68319 1
68431 1
68493 1
68608 2
68634 1
68656 1
68779 1
68928 2
68968 1
69101 1
69116 1
69154 1
69194 1
69298 1
69329 1
69421 1
69632 4
69686 1
69716 1
69884 1
70116 1
70222 1
70248 1
70576 2
70916 2
71004 1
71164 1
71493 1
71973 1
72167 1
72208 1
72424 1
72464 1
72585 1
72742 1
72744 1
72976 1
72979 1
73075 2
73268 1
73344 1
73411 1
73607 1
73664 1
73728 6
73908 1
73947 1
74147 3
74171 1
74301 1
74404 1
74543 1
74586 1
74587 1
74712 1
74752 2
74998 1
75066 2
75264 1
75321 1
75381 1
75491 1
75602 1
75731 1
76187 1
76691 1
76908 11
77036 1
77046 1
77088 7
77092 4
77096 2
77384 1
77410 1
77472 1
77510 1
77824 2
77984 1
78093 1
78143 1
78664 1
78791 1
78848 1
79237 1
79387 1
79521 1
79645 1
79784 1
79810 1
79965 1
80188 1
80235 1
80377 1
80489 1
80869 1
81103 1
81583 1
81701 1
81771 1
81920 3
82189 1
82430 1
82650 1
82959 1
83075 1
83355 1
83384 1
83818 1
84003 1
84188 1
84360 1
84437 1
84439 1
84451 1
84701 2
84884 1
85865 1
86016 2
86092 2
86203 1
86227 1
86760 1
87324 1
87448 1
87916 1
88064 3
88636 1
88800 1
88912 1
89088 3
89176 1
89400 1
89654 1
89728 2
89835 1
89962 1
90038 1
90112 2
90228 1
90248 1
90500 1
90515 1
90530 5
90554 6
90619 9
90745 1
90773 1
90868 1
91006 1
91025 2
91037 2
91040 1
91045 1
91136 1
91335 2
91353 1
91403 1
91827 2
92137 11
92160 1
92225 1
92616 1
92666 1
92729 5
92891 1
93321 2
93380 2
93393 1
93445 1
93505 1
93538 1
94029 1
94036 1
94208 5
94365 1
94383 1
94395 1
94409 1
94644 1
94804 1
94827 1
94907 1
95232 1
95290 1
95353 1
95552 1
95817 1
95859 1
95887 1
96295 1
96491 1
97372 1
97641 1
97903 1
97945 1
98172 1
98304 1
98841 1
98876 1
98900 2
99328 4
99329 1
99409 1
99551 1
99786 1
99832 1
99854 1
100062 1
100352 1
100354 1
100429 1
100557 1
100712 1
100964 1
101003 1
101419 1
101762 1
102045 1
102111 1
102208 2
102400 8
102587 1
102665 1
102685 1
102710 1
103201 1
103828 1
103906 1
104023 1
104057 1
104109 1
104167 1
104173 1
104174 1
104288 1
104337 1
104448 3
104783 1
104861 1
104987 1
105034 1
105100 1
105693 1
106120 1
106467 1
106496 5
106608 1
106841 1
106916 1
106981 2
106998 1
107204 1
107451 1
107662 2
107723 1
108039 1
108717 1
108982 1
109039 1
109096 1
109136 1
109160 1
109529 1
109564 1
109568 1
109622 1
109804 1
110592 6
110726 1
111059 1
111305 1
111356 1
111503 1
111546 1
111616 1
111692 1
111704 1
111719 1
112247 1
112461 1
112640 1
113025 1
113054 1
113213 1
113234 1
113573 1
113590 1
113627 1
114688 2
115156 1
115505 2
115544 1
115964 1
116098 1
116660 1
116944 1
116996 1
117133 1
117663 1
117732 1
117772 1
118218 1
118485 1
118784 1
118795 1
118856 1
119787 1
120160 3
120580 1
120728 1
120832 1
121108 1
121172 1
121290 1
121296 1
121406 1
121684 1
122002 2
122571 1
122584 1
122585 2
122880 2
123008 2
123076 1
124372 1
125316 1
125374 1
125528 1
126046 1
126225 1
126849 1
126915 1
126976 1
127232 1
127280 1
127620 1
127799 1
128365 1
128632 1
128764 1
129552 1
129667 1
129694 1
129883 1
129972 1
130826 1
131072 2
131328 2
131434 1
131458 1
131483 1
131535 1
132099 1
132299 1
132369 1
132448 1
133069 1
133140 1
133155 1
133221 1
133320 1
133322 1
133549 1
133625 1
133726 1
133729 1
134019 1
134144 1
135168 1
135316 1
136590 1
136676 1
137119 1
137148 1
137213 1
138207 1
138264 2
138552 1
139140 1
140071 1
140288 1
140335 1
140479 1
140654 1
141035 1
141312 1
141321 1
141338 1
141577 1
141713 1
141747 1
141779 1
141932 1
142265 1
142341 1
142499 1
142504 1
142571 1
142671 1
142813 1
142833 1
142895 1
142915 1
142945 1
142971 1
142982 1
143167 1
143360 2
143663 1
143671 1
143691 1
143887 1
144069 1
144430 1
144989 1
145938 1
146248 1
146344 1
146382 1
146442 1
147208 1
147456 3
147933 1
148326 1
148825 1
149508 1
149632 1
151552 2
152092 1
152196 1
152651 1
153095 1
153347 1
153600 2
153627 1
154104 1
154333 1
154783 1
155051 1
155307 1
155642 1
155648 1
156188 1
157103 1
157104 2
157249 1
157644 2
158670 1
159722 1
159958 1
160395 1
160655 1
161318 1
162228 1
162816 1
163038 2
163840 1
165388 1
166017 1
166018 1
166507 1
167136 1
167936 3
168815 1
168829 1
169142 1
169852 1
170133 1
170345 1
170471 1
170572 1
170636 1
170701 1
171064 1
171102 1
171119 1
172184 1
172250 1
172692 1
173066 1
173472 1
174020 1
174080 1
174321 1
174548 1
175240 1
176128 2
177103 1
177368 1
177469 1
178036 1
178044 1
178123 1
180224 4
180683 1
180772 1
180889 1
180962 2
181402 1
181640 1
181898 1
182394 2
182426 1
182764 1
183428 1
183532 1
184006 1
184320 2
184655 1
187040 1
187392 1
187814 1
187973 1
188208 1
188332 1
188416 1
188451 1
189540 2
189659 1
189981 1
189984 1
190648 1
191533 1
191838 1
191840 2
191846 1
193923 1
193924 1
193950 1
196608 1
196838 1
197632 1
198743 1
199802 1
200515 1
200715 1
202896 1
204472 1
204612 1
204800 1
205308 1
205364 1
205824 1
207236 2
208389 1
209176 4
209388 1
209567 1
211675 1
212399 1
212747 1
213371 1
213722 1
215500 1
216332 1
216891 1
216945 1
217088 1
218805 1
219411 1
220879 1
221047 1
221184 1
222153 1
223734 1
223970 2
223976 2
224694 1
224865 1
225220 4
225280 1
226282 1
226935 1
227051 1
228320 1
228352 1
228436 1
228745 1
229376 2
230185 1
231856 1
232117 1
237870 1
241014 2
241023 1
242384 1
243283 1
243941 1
244854 1
245821 1
249014 2
249856 1
252549 1
253568 1
253952 1
253974 1
256000 1
256577 1
256820 1
256832 1
256939 1
258288 1
258638 1
261860 1
261938 1
262606 1
264880 1
265177 1
266240 2
266995 2
269473 1
269985 1
270933 1
273859 1
274432 3
275080 1
276599 1
276659 1
277219 1
277377 1
277839 1
278066 1
278459 1
279611 4
280235 1
281903 1
282624 1
283210 1
284226 1
284420 1
284717 1
290218 1
292000 1
292008 1
292315 1
292864 1
294510 1
294798 1
299008 1
303104 2
305901 1
307200 1
308020 2
311296 1
311796 1
315392 2
316350 1
316531 1
319845 1
320377 1
326106 2
327378 2
327451 1
329830 1
330473 1
332236 1
332800 1
335872 2
336568 1
336603 1
336755 1
336811 1
338834 1
340114 1
340196 1
340748 1
344301 1
346490 1
348160 1
351500 2
353615 1
354199 1
354637 1
359612 3
360448 2
360540 1
361899 1
362346 1
363271 1
363896 1
364113 1
364485 1
364504 1
366144 3
369548 1
370743 1
373471 1
373946 1
373950 1
373965 1
376787 1
377005 1
377915 1
380328 1
380928 2
383894 1
384949 1
385348 1
386048 1
397312 1
399360 2
399506 1
403456 1
404702 1
407542 1
409457 2
410511 1
416836 1
417792 2
423722 1
430080 1
430504 1
434093 1
437327 1
438435 1
441681 1
447668 1
448481 1
448512 1
450560 1
451113 1
456309 1
456911 1
456967 1
461773 1
471118 1
472731 1
473722 1
473759 1
474564 4
480147 1
488698 1
490496 1
490888 1
492483 1
493051 1
497398 1
507363 1
512000 1
520192 2
523404 2
523738 1
524288 2
525428 1
527940 2
528384 1
532699 1
532875 1
538668 1
540672 1
548562 1
560321 1
561591 1
566272 1
577711 1
582357 1
586118 1
594677 2
597591 1
598489 1
601088 1
603604 1
605251 1
606461 1
607680 1
614695 1
617922 1
622489 1
630895 2
632907 2
636849 1
643945 1
649472 1
649667 1
649695 1
655360 1
668870 1
669137 1
673381 1
681060 1
688156 1
692224 1
696320 1
706641 1
708180 1
733226 1
734335 1
752295 1
761121 1
765199 1
772292 1
772456 1
773510 1
784741 1
801477 1
813564 1
815104 1
830454 1
843471 2
850235 1
855370 1
860581 2
862817 2
872448 2
905216 1
911360 1
931077 1
956681 1
957003 1
970175 1
997400 1
1024509 1
1048576 1
1065227 1
1078394 1
1092608 1
1114756 1
1118819 1
1121144 1
1192841 1
1209520 2
1233373 1
1275904 1
1285887 1
1294740 11
1294744 3
1299228 1
1305596 9
1313540 1
1313599 1
1401515 1
1421749 1
1456198 1
1484103 1
1484800 1
1593541 1
1672848 1
1689600 1
1708265 1
1715566 1
1792394 1
1816576 1
1903999 1
1909617 2
1919941 1
1919976 1
1938930 1
1959299 1
1959329 1
1990499 1
2217984 1
2311752 1
2579456 1
2592690 1
2697237 1
3204872 1
3539532 1
3539534 1
3728577 1
3733128 1
3919352 1
4204544 1
4271408 1
5160960 1
5926844 1
6189056 1
6483900 1
8886272 1
9203463 1
10239184 1
10239209 1
10841088 1
11994084 1
15142912 1
15679488 1
15794176 1
17162240 1
