0 305
1 5
2 4
3 5
4 3
5 12
7 1
8 3
9 2
10 2
11 2
12 3
13 6
14 3
15 3
16 17
17 1
18 3
20 14
21 12
22 6
23 2
24 380
25 5
26 2
27 3
28 3
29 16
30 39
31 2
32 5
33 3
34 1
35 4
36 3
37 29
38 2
39 22
40 1
41 4
43 45
44 21
45 2
46 10
47 7
48 2
50 14
51 12
52 9
53 13
54 10
55 5
56 7
57 8
58 10
59 13
60 8
61 47
62 6
63 7
64 12
65 19
66 5
67 6
68 3
69 8
70 7
71 11
72 6
73 7
74 16
75 16
76 12
77 7
78 6
79 8
80 6
81 6
82 7
83 5
84 5
85 5
86 10
87 8
88 7
89 11
90 9
91 4
92 38
93 6
94 7
95 5
96 11
97 3
98 3
99 10
100 4
101 12
102 5
103 6
104 4
105 6
106 10
107 9
108 1
109 6
110 7
111 12
112 6
113 3
114 16
115 6
116 6
117 16
118 3
119 2
120 10
121 3
122 2
123 1
124 6
125 4
126 10
127 2
128 1
129 1
130 1
131 5
132 5
133 3
134 7
135 7
136 10
137 2
138 11
139 2
140 11
141 6
142 4
143 4
144 8
145 3
146 6
147 2
148 4
149 3
150 8
151 2
152 5
153 3
154 4
155 1
156 3
157 5
158 5
159 4
160 5
161 5
162 11
163 7
164 7
165 8
166 6
167 4
168 3
169 15
170 9
171 9
172 34
173 7
174 2
175 7
176 11
177 7
178 4
179 7
180 6
181 3
182 6
183 3
184 3
185 7
186 4
187 1
188 4
189 1
190 7
191 8
192 29
193 6
194 11
195 5
196 11
197 11
198 8
199 14
200 8
201 3
202 14
203 2
204 1
205 7
206 11
207 5
208 4
209 16
210 6
211 8
212 7
213 2
214 6
215 19
216 7
217 8
218 5
219 6
220 5
221 2
222 4
223 8
224 5
225 6
226 2
227 31
228 1
229 7
230 9
231 1
232 8
233 7
234 4
235 2
236 4
237 6
238 7
239 3
240 6
241 12
242 9
243 8
244 6
245 1
246 10
247 6
248 14
249 5
250 7
251 6
252 24
253 3
254 4
255 2
256 6
257 5
258 22
259 7
260 7
261 5
262 8
263 3
264 12
265 5
266 6
267 6
268 5
269 5
270 9
271 23
272 20
273 12
274 11
275 29
276 15
277 13
278 19
279 15
280 1
281 8
282 8
283 2
284 35
285 4
286 1
287 11
288 4
289 4
290 11
291 7
292 6
293 10
294 11
295 6
296 13
297 7
298 6
299 10
300 2
301 5
302 2
303 2
304 16
305 10
306 6
307 5
308 9
309 4
310 5
311 3
312 5
313 8
314 2
315 5
316 8
317 3
318 3
319 6
320 6
321 8
322 6
323 5
324 16
325 4
326 4
328 3
329 2
330 7
331 2
332 9
333 9
334 6
335 8
336 3
337 12
338 8
339 6
340 4
341 5
342 6
343 4
344 11
346 1
347 1
348 5
349 5
350 5
351 8
352 2
354 2
355 6
356 6
358 8
359 5
360 6
361 3
362 5
363 8
364 2
365 2
366 1
367 5
368 6
369 7
370 2
371 4
372 6
373 5
374 1
375 3
376 9
377 6
379 6
380 14
381 26
382 22
383 13
384 13
385 8
386 3
387 6
388 7
389 1
390 3
391 3
392 11
393 5
394 4
395 1
396 10
397 7
398 11
399 1
400 1
401 4
402 5
403 8
404 6
405 5
406 4
407 1
408 4
409 5
410 4
411 2
412 10
413 7
414 2
415 1
416 2
417 6
418 3
419 5
420 4
421 7
422 2
423 1
424 6
425 3
426 2
427 3
428 9
429 3
430 4
431 4
432 2
433 1
434 1
435 3
436 5
437 32
438 13
439 25
440 9
441 11
442 14
443 13
444 10
445 6
446 3
447 3
448 1
449 1
450 2
451 8
452 4
453 4
454 5
455 6
456 21
457 16
458 4
459 1
460 2
461 5
462 2
463 7
464 5
465 2
466 13
467 3
468 7
469 2
470 7
471 3
472 3
473 7
474 6
475 3
476 4
477 3
478 9
479 7
480 7
481 4
482 3
483 4
484 2
485 7
486 6
488 6
489 3
490 1
491 6
492 5
493 3
494 3
495 9
496 4
498 4
499 10
500 5
501 1
502 6
503 1
504 5
505 5
506 1
507 3
508 4
510 2
511 5
513 4
514 2
515 5
516 10
517 2
518 2
520 6
521 6
522 6
523 3
524 12
525 4
526 4
527 11
528 9
530 17
531 2
532 5
533 11
534 10
535 5
536 14
537 6
538 2
539 2
540 4
541 3
542 7
543 1
544 3
545 2
546 2
548 5
549 4
550 3
551 5
553 2
554 4
555 6
556 6
557 6
558 1
559 3
560 4
561 1
562 5
563 6
564 7
565 2
566 10
567 1
568 3
570 1
571 3
572 12
573 2
574 5
575 6
576 2
577 4
578 10
580 4
581 8
582 7
583 1
584 3
585 2
586 1
587 2
588 7
589 2
590 4
591 2
592 2
593 3
594 5
595 2
596 1
597 2
598 1
599 15
600 2
601 4
602 3
604 5
605 3
606 3
607 1
608 7
609 3
611 3
612 5
613 2
614 2
615 2
616 1
617 4
618 1
619 7
620 6
621 1
622 3
623 4
624 6
625 1
626 5
627 5
628 5
629 3
630 4
631 6
632 2
633 4
634 2
635 1
636 3
637 5
638 3
639 4
640 6
643 4
645 6
646 5
647 2
648 4
649 3
650 3
651 2
652 5
653 3
654 4
655 6
656 6
657 11
658 4
659 4
660 1
661 4
662 5
663 4
664 5
665 1
666 1
667 4
668 1
670 6
671 1
672 5
673 6
674 3
675 2
676 2
677 5
678 7
679 4
680 5
681 2
682 5
683 4
684 9
685 1
686 5
687 2
688 6
689 2
690 2
692 6
693 9
694 4
695 5
696 3
697 3
698 4
699 5
700 8
701 2
702 2
703 5
704 18
705 4
706 3
707 4
708 6
709 17
710 2
711 10
712 6
713 2
714 5
715 2
716 1
717 2
718 5
719 3
720 4
721 20
722 4
723 1
724 2
726 1
727 2
728 3
730 5
731 1
732 13
733 4
734 9
735 7
736 11
737 2
738 4
739 5
740 19
741 9
742 7
743 3
744 13
745 9
746 8
747 9
748 3
749 5
750 10
751 64
752 10
753 4
754 7
755 6
756 12
757 13
758 1
759 4
760 7
761 2
762 4
763 6
764 5
765 2
766 10
767 5
768 6
770 5
771 26
772 3
773 3
774 3
775 5
776 3
777 6
778 4
779 2
780 7
781 5
782 2
783 8
784 7
785 8
786 8
787 27
788 6
789 4
790 5
791 8
792 13
793 6
794 8
795 8
796 4
797 6
798 7
799 13
800 5
801 13
802 13
803 4
804 12
805 4
806 3
807 20
808 9
809 8
810 3
811 4
812 8
813 5
814 3
815 5
816 4
817 3
818 6
819 9
820 8
821 2
822 2
823 1
824 13
825 3
826 5
827 11
828 20
829 13
830 11
831 16
832 17
833 26
834 17
835 12
836 14
837 13
838 24
839 20
840 16
841 33
842 18
843 18
844 12
845 12
846 8
847 9
848 13
849 18
850 19
851 5
852 8
853 8
854 9
855 3
856 7
857 5
858 4
859 6
860 4
861 5
862 3
863 4
864 14
865 9
866 1
867 5
868 17
869 8
870 3
872 5
874 6
875 1
876 7
877 2
878 1
879 6
880 3
881 5
883 2
884 7
885 3
886 1
887 7
888 7
889 4
890 1
891 16
892 1
893 3
894 3
895 1
896 1
897 4
898 2
899 41
900 9
901 8
902 11
903 8
904 9
905 9
906 5
907 10
908 8
910 8
911 12
912 7
913 3
914 3
915 18
916 7
917 5
918 6
919 6
920 4
921 5
922 4
924 13
925 2
926 2
927 3
928 6
929 3
930 9
931 13
932 4
933 2
934 4
935 5
936 4
937 2
939 5
940 3
941 6
942 7
943 3
944 8
945 4
946 4
948 2
950 5
951 1
952 1
953 4
954 4
955 6
956 4
957 6
958 10
960 3
961 6
962 1
963 4
964 3
965 6
967 6
968 3
969 2
971 2
972 5
973 4
975 2
976 5
977 4
978 4
979 2
980 4
981 1
982 4
983 4
984 6
985 1
986 1
988 24
989 4
990 3
992 14
994 4
995 3
996 1
997 3
998 3
999 19
1000 3
1001 4
1002 5
1003 4
1004 3
1006 5
1007 4
1008 6
1010 1
1011 3
1013 1
1014 4
1015 2
1016 2
1017 1
1018 5
1019 7
1020 18
1021 16
1022 19
1023 3
1024 3104
1026 1
1028 111
1029 4
1030 2
1031 1
1032 5
1033 6
1034 5
1035 2
1036 12
1037 2
1038 2
1039 1
1040 5
1041 7
1042 5
1043 5
1044 1
1045 1
1046 6
1047 7
1048 17
1049 3
1050 4
1051 2
1052 10
1053 4
1054 3
1055 5
1056 7
1057 4
1058 5
1059 2
1060 5
1061 2
1062 3
1063 2
1064 37
1065 4
1066 1
1067 1
1068 1
1069 33
1070 6
1072 2
1073 1
1074 5
1075 2
1076 3
1077 1
1078 6
1079 2
1080 6
1082 3
1083 2
1084 3
1085 5
1086 4
1087 4
1088 3
1090 3
1091 2
1092 6
1093 3
1094 2
1095 6
1096 2
1097 3
1098 1
1099 1
1100 1
1101 1
1102 3
1103 6
1104 4
1105 6
1106 5
1108 1
1109 14
1110 1
1111 11
1112 3
1113 4
1114 1
1115 14
1116 2
1117 2
1118 4
1119 4
1120 4
1121 1
1122 1
1123 1
1124 5
1125 2
1126 4
1127 4
1128 3
1129 1
1130 15
1131 3
1132 9
1133 1
1134 36
1135 4
1136 13
1137 2
1138 132
1139 2
1140 7
1141 3
1142 1
1143 2
1144 5
1145 2
1146 3
1147 3
1148 4
1150 17
1151 3
1152 9
1153 2
1154 3
1155 2
1156 9
1157 2
1158 5
1159 12
1160 3
1161 3
1162 4
1163 2
1164 2
1165 2
1166 1
1167 4
1169 5
1170 5
1171 3
1172 9
1173 2
1174 1
1175 4
1176 7
1177 1
1178 3
1179 34
1180 2
1181 2
1182 3
1183 3
1184 9
1185 2
1186 4
1187 7
1188 4
1189 5
1190 18
1191 4
1192 1
1193 1
1194 5
1195 4
1196 3
1197 7
1198 3
1199 5
1200 2
1201 10
1202 7
1203 2
1204 1
1205 5
1206 1
1207 5
1208 3
1209 3
1210 4
1211 3
1212 7
1213 2
1214 1
1215 3
1216 14
1217 17
1218 6
1219 55
1220 70
1221 3
1222 8
1223 13
1224 18
1225 39
1226 15
1227 1
1228 11
1229 7
1230 5
1231 34
1232 8
1233 4
1234 3
1235 4
1236 14
1237 4
1238 7
1239 2
1240 11
1241 2
1242 1
1243 2
1244 6
1245 3
1246 3
1247 6
1248 8
1249 1
1250 1
1251 1
1252 13
1253 8
1254 1
1255 6
1256 6
1257 4
1258 28
1259 5
1260 12
1261 2
1262 1
1263 6
1264 21
1265 4
1266 2
1267 6
1268 16
1269 2
1270 8
1271 4
1272 17
1273 4
1274 12
1275 1
1276 8
1277 3
1278 1
1279 1
1280 9
1281 8
1283 7
1284 7
1285 6
1286 7
1287 4
1288 9
1289 8
1290 1
1291 4
1292 18
1294 5
1295 6
1296 8
1298 5
1299 1
1300 8
1301 5
1302 5
1303 2
1304 13
1305 3
1306 4
1307 1
1308 13
1309 10
1310 12
1311 3
1312 1
1313 3
1314 2
1315 3
1316 3
1317 3
1318 2
1320 3
1321 1
1322 10
1323 67
1324 4
1325 2
1326 1
1327 2
1328 3
1330 4
1331 3
1332 5
1333 4
1334 12
1335 3
1336 5
1337 13
1338 5
1339 2
1340 1
1341 3
1342 40
1343 2
1344 5
1345 7
1346 1
1347 6
1348 4
1349 3
1350 12
1351 5
1352 2
1353 6
1354 3
1355 4
1356 4
1358 4
1359 3
1360 52
1361 2
1362 2
1363 2
1364 3
1365 7
1366 5
1367 5
1368 3
1369 1
1370 4
1371 4
1372 5
1373 3
1374 6
1375 4
1376 6
1377 2
1378 3
1379 2
1380 8
1381 3
1382 13
1383 2
1384 6
1385 4
1386 4
1387 1
1388 60
1389 1
1390 7
1391 3
1392 4
1393 3
1394 2
1395 1
1396 17
1397 4
1398 4
1399 6
1400 2
1401 53
1402 1
1403 1
1404 7
1405 131
1406 3
1407 5
1408 6
1409 3
1410 38
1411 1
1412 5
1413 3
1414 5
1415 3
1416 7
1417 3
1418 3
1419 4
1420 6
1421 3
1422 66
1423 5
1424 1
1425 1
1426 11
1427 3
1428 5
1429 1
1430 2
1431 2
1432 11
1433 1
1434 3
1435 3
1436 7
1437 2
1438 1
1439 3
1440 14
1441 2
1443 5
1444 6
1445 3
1446 7
1447 2
1448 9
1449 1
1450 2
1451 65
1452 4
1453 1
1454 56
1455 3
1456 15
1457 2
1458 65
1460 13
1461 6
1462 4
1463 2
1464 13
1465 3
1466 1
1467 2
1468 7
1469 1
1470 4
1471 2
1472 5
1473 6
1474 55
1475 2
1476 4
1477 2
1478 12
1479 10
1480 4
1482 2
1483 2
1484 155
1485 4
1486 2
1487 8
1488 10
1489 2
1490 2
1491 1
1492 6
1493 4
1495 2
1496 6
1497 2
1498 4
1499 4
1500 12
1501 8
1503 5
1504 5
1505 3
1506 4
1507 6
1508 9
1509 3
1510 3
1511 2
1512 7
1513 13
1514 102
1515 1
1516 54
1517 2
1518 6
1519 2
1520 6
1521 55
1522 4
1523 2
1524 4
1525 3
1526 68
1527 1
1528 4
1529 54
1530 54
1531 14
1532 4
1533 3
1534 6
1535 52
1536 5
1537 1
1538 3
1540 5
1541 5
1542 2
1543 67
1544 70
1545 2
1546 4
1547 3
1548 1
1549 4
1550 4
1551 5
1552 4
1553 4
1554 4
1555 4
1557 4
1558 3
1560 71
1561 2
1562 1
1563 71
1564 4
1565 1
1566 3
1567 2
1568 9
1569 3
1570 6
1571 4
1572 5
1573 5
1574 69
1575 6
1576 4
1577 5
1578 1
1579 4
1580 119
1581 2
1582 4
1583 47
1585 55
1586 1
1587 17
1588 2
1589 5
1590 3
1591 3
1592 5
1593 5
1594 5
1595 6
1596 4
1597 49
1599 6
1600 6
1601 3
1602 1
1603 47
1604 4
1605 6
1607 4
1608 4
1609 2
1610 2
1612 4
1614 3
1615 6
1616 8
1617 3
1618 2
1619 2
1620 4
1621 3
1622 11
1623 1
1624 7
1626 4
1628 2
1629 3
1630 1
1632 3
1633 3
1634 5
1635 50
1636 60
1637 58
1638 22
1639 5
1640 2
1641 4
1642 2
1643 1
1644 5
1646 3
1647 1
1648 2
1649 20
1650 4
1651 7
1652 4
1653 5
1654 56
1655 7
1656 4
1657 1
1658 4
1660 4
1661 11
1662 8
1663 1
1664 1
1665 2
1666 5
1667 4
1668 6
1669 2
1670 3
1671 2
1672 5
1673 71
1674 2
1675 3
1676 5
1677 5
1678 1
1679 3
1680 4
1682 1
1683 3
1684 1
1685 5
1686 2
1688 6
1689 8
1690 4
1691 1
1692 1
1693 2
1694 14
1696 12
1697 18
1699 3
1700 2
1701 2
1702 2
1703 3
1704 2
1705 6
1706 13
1707 10
1708 49
1710 5
1711 3
1712 7
1713 2
1714 3
1715 1
1716 4
1717 8
1718 2
1719 2
1720 3
1721 2
1722 2
1723 3
1724 3
1725 8
1726 5
1727 6
1728 5
1729 2
1730 6
1731 2
1732 1
1733 1
1734 3
1735 2
1736 2
1737 3
1738 2
1739 3
1740 1
1742 3
1743 2
1744 4
1745 4
1746 1
1747 3
1748 12
1749 5
1750 3
1751 4
1752 3
1753 3
1754 7
1756 2
1757 1
1758 5
1759 3
1761 3
1762 1
1763 3
1764 5
1765 58
1766 4
1767 2
1768 6
1769 1
1770 5
1771 6
1772 5
1773 3
1775 9
1776 4
1777 4
1778 8
1779 2
1780 4
1783 2
1784 5
1786 5
1787 5
1788 5
1789 4
1790 54
1792 4
1793 3
1794 14
1795 50
1796 5
1797 5
1798 6
1799 3
1800 7
1801 3
1802 3
1803 3
1804 5
1805 1
1808 5
1809 3
1810 50
1811 1
1812 2
1813 43
1814 6
1815 66
1816 1
1817 1
1819 2
1820 33
1822 1
1823 2
1824 9
1826 1
1827 5
1828 11
1829 2
1830 7
1831 7
1832 1
1833 28
1834 3
1835 1
1836 3
1837 1
1838 2
1839 3
1840 10
1841 1
1842 2
1843 2
1844 5
1847 7
1848 9
1850 5
1851 2
1852 6
1853 4
1855 3
1856 4
1857 7
1858 3
1859 4
1860 10
1861 4
1862 7
1863 7
1864 1
1865 2
1866 4
1867 2
1868 9
1869 3
1870 11
1871 5
1872 2
1873 1
1874 10
1875 6
1877 1
1879 1
1880 8
1881 2
1882 1
1883 3
1884 4
1886 6
1887 2
1888 4
1889 5
1890 7
1891 1
1892 4
1893 2
1894 62
1895 5
1896 1
1897 3
1898 4
1899 4
1900 7
1901 4
1902 53
1903 5
1904 5
1905 3
1906 3
1907 4
1908 4
1909 2
1912 4
1913 5
1914 1
1915 5
1916 2
1917 4
1918 1
1919 2
1920 2
1921 1
1922 8
1923 8
1924 4
1925 2
1926 3
1927 8
1928 6
1929 2
1930 6
1931 5
1932 6
1933 3
1934 3
1935 2
1936 2
1937 5
1938 3
1940 8
1941 3
1942 2
1943 2
1944 7
1945 2
1946 4
1947 1
1948 4
1949 2
1950 3
1951 1
1952 5
1953 5
1954 6
1955 3
1956 2
1959 1
1960 11
1961 46
1962 4
1963 3
1964 10
1965 2
1966 4
1967 4
1969 2
1970 4
1972 12
1973 1
1974 8
1975 4
1976 4
1977 2
1978 15
1979 3
1980 3
1981 4
1982 3
1983 4
1984 23
1985 2
1986 17
1987 1
1988 1
1990 4
1991 1
1992 6
1993 2
1994 21
1995 18
1996 24
1997 4
1998 5
1999 42
2000 6
2001 3
2002 2
2003 16
2005 1
2006 4
2008 5
2009 1
2010 12
2011 2
2012 14
2013 3
2014 3
2015 1
2016 3
2017 3
2018 2
2019 2
2020 1
2021 6
2022 6
2023 2
2024 2
2025 23
2027 21
2028 6
2029 3
2030 2
2032 4
2033 3
2034 4
2035 2
2036 4
2037 1
2038 4
2039 1
2040 7
2041 1
2043 4
2044 6
2045 2
2046 1
2048 69
2049 4
2050 53
2051 2
2052 4
2053 2
2054 1
2055 2
2056 2
2057 3
2058 2
2059 1
2060 4
2061 5
2062 4
2063 3
2064 6
2065 1
2066 4
2067 6
2068 4
2069 4
2070 1
2071 9
2073 2
2074 2
2075 3
2076 4
2077 1
2078 1
2079 32
2080 3
2081 2
2082 5
2084 2
2085 1
2086 3
2087 1
2088 3
2089 1
2090 4
2091 2
2092 3
2094 1
2095 1
2096 1
2097 3
2098 5
2099 1
2100 5
2101 3
2104 33
2106 30
2107 4
2108 27
2109 2
2110 3
2111 1
2112 6
2113 2
2114 16
2115 3
2116 13
2117 2
2118 4
2120 1
2121 4
2122 8
2123 3
2124 18
2125 2
2126 17
2127 1
2128 2
2129 3
2130 2
2131 1
2132 3
2134 1
2135 1
2136 3
2137 1
2138 1
2139 2
2140 6
2141 2
2142 6
2143 4
2144 3
2145 1
2147 37
2148 3
2149 2
2151 1
2152 1
2153 3
2154 3
2155 2
2156 2
2158 1
2159 1
2160 45
2161 5
2162 32
2163 4
2165 1
2166 2
2167 3
2168 5
2169 8
2170 22
2171 12
2172 16
2173 2
2174 3
2175 4
2176 3
2177 2
2178 3
2179 2
2180 16
2181 1
2182 17
2183 1
2184 2
2185 2
2186 7
2187 1
2188 4
2189 3
2190 3
2191 2
2192 2
2193 3
2194 3
2196 3
2198 6
2199 2
2200 2
2201 1
2202 4
2203 2
2204 3
2205 3
2207 3
2208 3
2209 2
2210 6
2211 7
2212 5
2213 6
2214 1
2215 32
2216 1
2217 2
2218 1
2220 1
2221 4
2224 4
2226 2
2227 2
2228 73
2230 3
2231 2
2232 1
2235 1
2236 4
2237 18
2238 1
2239 3
2241 7
2242 4
2243 5
2244 1
2245 5
2246 1
2247 2
2248 1
2249 2
2250 2
2251 5
2252 7
2255 3
2256 5
2257 2
2258 4
2259 1
2260 1
2261 2
2262 2
2263 5
2264 2
2265 74
2266 1
2267 3
2268 3
2269 3
2270 18
2271 3
2272 1
2273 2
2274 46
2275 1
2276 8
2277 5
2278 2
2279 2
2280 2
2281 1
2282 2
2283 2
2285 5
2286 3
2287 1
2288 2
2289 1
2290 2
2291 6
2292 7
2293 2
2294 3
2295 5
2296 4
2297 3
2298 6
2300 4
2301 1
2302 4
2303 2
2304 36
2305 1
2306 2
2308 2
2309 14
2310 2
2311 2
2312 2
2313 1
2314 3
2315 2
2316 3
2317 2
2319 5
2320 3
2321 4
2322 2
2323 7
2324 13
2325 2
2326 14
2327 4
2328 3
2329 1
2330 2
2331 6
2332 1
2333 3
2334 1
2335 1
2336 5
2337 4
2338 5
2339 19
2342 4
2343 4
2344 1
2345 2
2346 2
2347 2
2348 4
2349 1
2350 17
2351 6
2352 24
2353 1
2354 2
2355 5
2356 9
2357 3
2358 5
2359 4
2360 23
2361 37
2362 1
2363 12
2364 2
2366 2
2367 34
2368 6
2371 4
2372 4
2373 1
2374 29
2375 5
2376 14
2377 7
2378 29
2379 17
2380 2
2383 4
2384 4
2385 4
2386 21
2387 4
2388 2
2389 5
2390 1
2391 1
2393 3
2394 18
2395 6
2396 2
2397 3
2398 24
2400 1
2403 2
2404 3
2405 2
2406 3
2407 4
2408 4
2411 1
2413 13
2414 2
2415 1
2416 2
2417 1
2418 2
2419 1
2421 21
2422 2
2423 2
2424 3
2425 2
2426 2
2428 13
2429 3
2430 2
2431 3
2432 2
2433 26
2435 4
2436 3
2437 1
2438 1
2440 2
2442 2
2443 5
2444 2
2445 6
2446 1
2447 3
2449 2
2450 3
2451 3
2453 1
2454 2
2455 1
2456 4
2457 4
2459 5
2460 3
2461 2
2462 4
2463 2
2464 4
2465 3
2466 2
2467 7
2468 5
2469 2
2470 2
2471 2
2472 2
2473 4
2475 4
2476 2
2477 2
2478 4
2479 3
2480 4
2481 1
2482 2
2485 1
2486 4
2487 5
2488 3
2489 6
2490 17
2491 7
2492 79
2493 6
2494 4
2495 5
2496 3
2497 16
2498 5
2499 10
2500 7
2501 2
2502 2
2503 6
2504 7
2505 1
2506 25
2508 2
2509 1
2510 2
2511 4
2512 1
2514 11
2516 1
2517 3
2518 4
2519 1
2520 7
2521 16
2522 5
2523 17
2524 1
2525 3
2526 1
2527 1
2528 1
2529 3
2530 1
2531 3
2532 6
2533 14
2536 2
2539 1
2540 3
2541 2
2542 5
2543 1
2545 46
2549 2
2550 1
2551 3
2552 2
2553 13
2554 25
2555 1
2556 5
2557 1
2558 7
2559 5
2560 5
2561 3
2562 2
2563 2
2564 3
2566 3
2567 6
2568 1
2569 94
2571 4
2572 7
2573 2
2574 4
2575 3
2576 4
2578 2
2579 2
2580 5
2582 2
2583 3
2584 2
2585 2
2586 2
2587 3
2588 3
2589 4
2590 1
2591 1
2592 3
2594 2
2595 3
2596 1
2597 1
2598 6
2600 1
2601 4
2602 1
2603 14
2604 3
2605 4
2606 21
2607 3
2608 2
2609 6
2610 2
2611 8
2612 5
2613 3
2614 2
2615 1
2616 3
2618 2
2619 1
2620 1
2621 2
2622 1
2623 1
2624 3
2625 1
2626 2
2627 1
2628 2
2629 3
2630 9
2631 1
2634 3
2635 3
2636 2
2638 4
2640 11
2641 2
2642 2
2643 2
2644 6
2645 9
2646 7
2647 3
2648 3
2650 14
2651 4
2652 2
2654 2
2655 7
2656 2
2657 2
2658 1
2660 1
2661 4
2662 3
2663 2
2664 1
2665 2
2666 1
2668 1
2671 5
2673 3
2675 1
2676 4
2677 5
2679 3
2680 2
2681 3
2683 4
2684 3
2685 1
2687 2
2688 1
2690 3
2691 2
2692 2
2693 3
2695 2
2696 4
2697 2
2698 1
2699 2
2700 3
2701 2
2703 4
2704 2
2705 2
2706 2
2707 1
2708 3
2711 3
2712 3
2713 2
2715 3
2717 1
2718 1
2719 1
2720 10
2721 3
2722 1
2723 1
2724 3
2726 2
2727 2
2728 7
2730 2
2731 1
2732 3
2733 1
2735 2
2736 2
2737 2
2738 6
2739 2
2740 1
2741 2
2742 3
2746 3
2747 4
2748 4
2749 5
2751 3
2752 2
2753 1
2754 3
2755 2
2756 2
2758 1
2759 2
2760 1
2761 3
2763 1
2765 6
2766 4
2767 7
2768 1
2770 5
2771 4
2772 1
2774 2
2775 2
2776 2
2778 3
2779 3
2780 3
2781 2
2782 2
2783 5
2784 1
2787 2
2789 1
2790 3
2791 2
2794 1
2795 2
2796 3
2797 4
2799 2
2801 2
2804 1
2805 1
2806 3
2807 1
2808 4
2809 1
2810 3
2811 3
2812 2
2813 1
2814 1
2816 2
2818 8
2819 2
2820 6
2823 1
2824 1
2825 2
2826 1
2827 7
2828 2
2829 4
2830 2
2831 1
2832 4
2833 5
2834 6
2835 1
2836 3
2837 1
2838 2
2839 4
2840 5
2841 1
2843 1
2844 1
2845 2
2846 3
2848 1
2850 4
2851 1
2852 1
2854 3
2855 1
2857 2
2858 1
2859 1
2860 1
2862 4
2864 2
2865 3
2866 1
2867 2
2869 1
2870 3
2871 1
2872 4
2873 2
2874 3
2875 5
2876 3
2877 1
2878 3
2879 4
2880 2
2881 5
2882 2
2883 4
2884 7
2885 1
2888 1
2889 3
2890 5
2893 2
2896 4
2897 1
2899 3
2900 3
2902 1
2903 2
2904 1
2905 4
2906 5
2908 2
2910 7
2911 3
2913 4
2914 5
2916 4
2917 1
2918 8
2920 3
2921 3
2923 7
2924 2
2925 1
2926 1
2928 2
2930 2
2931 1
2932 3
2933 1
2935 2
2936 4
2937 4
2938 2
2939 2
2940 7
2941 7
2942 2
2944 4
2947 3
2948 2
2949 2
2950 5
2951 1
2952 4
2953 3
2954 2
2955 1
2956 2
2957 2
2958 3
2959 2
2960 1
2961 4
2962 4
2963 2
2964 6
2965 2
2966 1
2967 2
2968 1
2969 1
2970 2
2971 2
2972 1
2973 4
2975 2
2976 2
2977 1
2978 1
2980 5
2981 1
2982 3
2983 2
2984 1
2985 3
2986 1
2988 2
2989 3
2990 1
2991 3
2992 1
2993 3
2994 3
2996 2
2997 1
2998 2
3000 2
3002 1
3006 4
3008 1
3009 1
3011 2
3012 2
3013 1
3014 2
3015 2
3016 1
3018 4
3020 1
3021 3
3022 3
3023 1
3025 1
3026 2
3027 1
3028 3
3029 1
3030 3
3032 3
3033 5
3034 7
3035 5
3036 4
3037 4
3038 3
3040 5
3041 4
3043 3
3044 1
3045 3
3047 5
3048 28
3049 4
3050 1
3051 1
3052 3
3053 1
3054 2
3055 3
3056 3
3059 2
3060 3
3061 4
3062 1
3064 2
3065 1
3068 4
3069 1
3070 3
3071 4
3072 60
3073 1
3074 2
3075 1
3076 1
3077 1
3078 2
3079 5
3081 3
3082 7
3083 3
3086 3
3087 2
3088 1
3089 2
3091 2
3093 2
3095 1
3096 4
3097 3
3098 4
3099 2
3100 3
3102 4
3104 6
3105 1
3106 3
3107 2
3108 3
3109 1
3110 6
3111 2
3114 4
3115 1
3116 2
3117 4
3118 1
3119 1
3120 2
3121 2
3122 1
3123 2
3124 3
3125 3
3126 6
3127 3
3128 2
3129 6
3130 2
3131 5
3132 5
3133 3
3134 3
3136 3
3137 3
3138 7
3139 1
3140 5
3142 6
3143 1
3144 1
3145 1
3146 4
3147 3
3148 4
3149 3
3150 3
3151 1
3152 1
3154 4
3155 1
3156 5
3157 3
3159 1
3160 29
3161 1
3163 2
3164 3
3165 2
3166 1
3168 2
3169 1
3170 2
3171 1
3174 2
3178 3
3180 1
3182 3
3183 1
3184 3
3185 1
3186 1
3187 2
3188 4
3189 1
3190 3
3191 1
3192 6
3194 3
3195 2
3196 2
3199 1
3200 6
3201 2
3203 3
3204 1
3205 2
3206 1
3207 1
3208 4
3209 1
3212 2
3213 2
3214 3
3215 3
3216 1
3217 3
3218 5
3220 4
3221 2
3222 3
3223 1
3226 2
3227 3
3228 1
3229 3
3231 2
3232 1
3234 2
3235 5
3236 5
3238 1
3240 3
3241 1
3242 1
3243 2
3244 3
3247 3
3248 2
3249 2
3251 3
3252 3
3253 2
3254 4
3256 3
3257 2
3258 4
3260 1
3261 1
3263 1
3264 5
3265 2
3267 2
3269 2
3270 1
3271 4
3272 2
3274 1
3275 2
3278 4
3279 4
3280 5
3281 3
3282 2
3283 5
3284 5
3285 1
3286 4
3287 4
3288 3
3289 6
3291 3
3292 5
3293 1
3294 1
3295 4
3296 3
3297 2
3298 1
3300 3
3301 3
3302 1
3303 1
3304 4
3305 4
3306 2
3307 3
3308 2
3309 2
3310 3
3311 1
3312 4
3313 1
3314 6
3316 4
3317 2
3318 4
3319 4
3320 1
3321 1
3322 1
3323 4
3324 5
3326 1
3328 1
3329 2
3330 4
3333 1
3334 4
3336 1
3337 2
3338 1
3340 2
3341 7
3343 3
3344 1
3345 1
3346 2
3347 2
3348 2
3350 6
3351 2
3354 1
3355 2
3356 4
3357 1
3358 3
3360 3
3363 2
3364 2
3365 1
3366 1
3368 1
3370 2
3371 1
3372 5
3373 3
3374 2
3375 2
3377 2
3379 5
3380 2
3385 2
3386 1
3387 2
3388 4
3389 3
3390 3
3392 2
3393 2
3394 3
3396 1
3397 2
3398 3
3399 1
3401 1
3402 3
3403 1
3404 1
3405 2
3409 3
3410 2
3411 4
3412 1
3414 1
3415 1
3416 3
3417 1
3418 5
3419 3
3421 1
3422 3
3423 1
3424 2
3426 1
3427 1
3428 2
3429 4
3431 1
3432 2
3433 2
3434 1
3435 5
3436 2
3437 1
3438 1
3439 3
3440 3
3442 2
3444 2
3447 2
3448 4
3449 1
3450 2
3451 5
3452 1
3453 4
3455 2
3457 2
3458 2
3459 2
3460 1
3461 2
3463 1
3465 2
3466 2
3468 1
3469 2
3472 2
3473 1
3474 2
3476 1
3477 2
3478 2
3479 1
3480 1
3481 1
3483 3
3484 4
3485 1
3486 1
3489 3
3491 1
3493 1
3494 1
3496 1
3497 5
3500 5
3503 3
3506 2
3507 3
3509 1
3510 4
3511 3
3512 3
3514 4
3515 3
3516 3
3517 2
3518 2
3519 3
3521 1
3522 2
3523 1
3526 2
3527 2
3528 2
3529 2
3530 3
3531 2
3532 2
3533 7
3534 3
3535 5
3538 4
3539 1
3540 3
3541 1
3542 2
3544 2
3545 1
3546 2
3548 2
3549 2
3550 2
3551 1
3553 4
3554 5
3555 1
3557 4
3558 3
3560 3
3561 1
3562 2
3564 2
3565 3
3566 2
3567 2
3568 4
3569 3
3570 1
3571 5
3572 2
3573 1
3574 1
3575 2
3576 1
3577 3
3578 4
3579 3
3580 5
3581 1
3584 1
3585 2
3588 4
3592 1
3593 1
3594 1
3596 3
3597 2
3598 5
3600 4
3601 6
3602 2
3603 1
3604 1
3605 3
3606 5
3607 3
3609 8
3610 2
3611 6
3613 1
3614 7
3616 3
3617 2
3618 3
3619 1
3620 1
3621 2
3622 5
3623 2
3624 3
3625 3
3626 5
3628 3
3630 3
3631 3
3632 2
3633 1
3634 4
3635 3
3636 2
3637 1
3638 6
3639 1
3640 2
3641 1
3642 1
3643 1
3644 2
3645 2
3646 2
3647 3
3648 3
3649 2
3650 5
3652 1
3653 1
3655 2
3656 2
3657 2
3658 3
3659 2
3660 1
3661 2
3662 4
3664 1
3665 2
3666 2
3667 5
3668 1
3669 1
3670 1
3671 1
3672 2
3673 2
3674 3
3676 2
3677 2
3678 2
3679 2
3680 2
3682 2
3683 4
3684 3
3685 3
3687 3
3688 8
3689 3
3690 5
3691 6
3692 4
3693 8
3694 4
3695 3
3696 8
3697 6
3698 1
3699 1
3700 2
3701 5
3702 2
3703 4
3704 6
3705 5
3707 2
3708 3
3709 2
3710 2
3711 2
3712 4
3713 6
3714 1
3716 3
3717 3
3718 5
3719 2
3720 3
3721 1
3723 3
3724 3
3725 1
3726 4
3728 2
3729 2
3732 2
3733 1
3736 2
3738 4
3739 7
3741 1
3742 2
3743 2
3744 4
3746 3
3747 1
3748 5
3750 1
3751 1
3752 1
3753 2
3754 2
3758 1
3760 2
3761 2
3762 2
3763 2
3764 2
3765 2
3766 1
3767 1
3768 2
3770 2
3772 2
3774 4
3775 1
3776 3
3779 5
3783 2
3785 3
3786 1
3787 1
3789 1
3793 1
3794 1
3795 4
3796 4
3798 5
3800 1
3805 1
3807 2
3808 2
3809 1
3810 2
3811 6
3812 6
3813 1
3814 1
3819 2
3820 2
3821 3
3822 3
3824 2
3825 1
3826 1
3829 4
3830 4
3831 2
3832 3
3834 1
3835 1
3837 2
3839 3
3840 4
3841 8
3844 1
3845 2
3847 1
3848 6
3849 1
3852 2
3853 1
3854 1
3859 4
3861 2
3862 4
3863 5
3864 3
3865 1
3866 4
3867 3
3868 2
3870 2
3871 3
3872 2
3873 2
3874 2
3876 1
3877 1
3878 3
3879 2
3881 2
3882 1
3883 6
3884 1
3886 1
3887 1
3888 2
3890 3
3891 1
3892 1
3894 1
3896 4
3898 2
3899 1
3900 3
3902 1
3903 4
3904 4
3905 3
3907 1
3908 1
3911 2
3912 1
3913 1
3916 1
3917 1
3919 1
3920 1
3921 8
3922 2
3923 1
3924 2
3925 2
3926 3
3927 1
3928 5
3929 2
3931 1
3932 2
3933 1
3934 5
3936 3
3937 2
3938 1
3940 2
3941 1
3942 1
3943 1
3944 5
3945 3
3947 1
3949 2
3950 1
3952 1
3953 1
3954 1
3956 1
3957 2
3958 3
3959 2
3960 1
3961 4
3962 3
3963 2
3964 7
3965 2
3966 1
3967 2
3970 1
3971 1
3972 1
3974 1
3978 4
3979 5
3980 4
3982 2
3983 2
3984 2
3986 4
3987 1
3989 2
3990 2
3993 2
3994 1
3995 4
3996 2
3997 2
3999 1
4000 2
4001 1
4002 1
4004 2
4006 3
4007 1
4008 2
4010 2
4011 1
4013 1
4014 2
4016 4
4017 1
4018 2
4019 1
4021 3
4022 2
4025 2
4027 1
4028 3
4030 3
4031 1
4032 2
4033 1
4035 2
4036 1
4038 4
4040 1
4041 3
4042 2
4044 1
4045 3
4046 1
4047 1
4048 1
4050 4
4051 1
4053 3
4054 2
4055 4
4057 1
4058 1
4059 2
4061 1
4062 2
4063 3
4064 3
4066 2
4067 1
4068 1
4069 1
4070 6
4072 3
4073 1
4074 5
4075 2
4076 1
4078 2
4079 1
4081 1
4082 2
4085 3
4086 1
4088 4
4090 1
4091 2
4092 8
4093 2
4094 1
4096 27
4098 1
4099 1
4101 1
4102 2
4104 1
4105 1
4106 1
4108 5
4112 2
4113 1
4114 1
4115 1
4119 3
4120 2
4121 2
4122 1
4125 4
4126 1
4127 3
4128 1
4131 1
4132 1
4135 1
4136 2
4137 2
4138 1
4139 1
4140 1
4142 1
4144 1
4149 2
4152 2
4153 1
4155 2
4156 8
4164 4
4166 2
4168 1
4169 2
4170 2
4171 2
4172 1
4174 1
4175 2
4178 2
4180 8
4182 2
4183 1
4184 1
4185 3
4186 2
4187 3
4188 1
4189 2
4190 1
4192 1
4194 5
4195 2
4196 1
4198 2
4199 2
4200 1
4201 3
4203 5
4204 3
4205 1
4206 2
4207 1
4208 4
4209 1
4210 1
4211 1
4212 1
4213 5
4214 1
4215 2
4216 2
4218 1
4220 3
4221 2
4222 2
4223 1
4225 2
4226 3
4227 3
4228 1
4232 5
4233 1
4238 2
4239 1
4240 12
4241 1
4242 2
4243 3
4244 2
4245 1
4248 1
4249 1
4252 2
4253 4
4254 1
4255 1
4256 1
4259 1
4260 4
4264 2
4265 2
4266 2
4268 2
4271 3
4272 1
4273 1
4276 4
4278 1
4280 2
4281 3
4283 1
4284 1
4286 2
4287 1
4288 1
4290 1
4291 1
4292 2
4293 1
4295 2
4297 2
4298 2
4301 1
4308 1
4309 1
4310 1
4311 3
4313 2
4315 2
4316 2
4318 3
4320 3
4322 5
4323 1
4324 2
4325 5
4326 1
4327 1
4329 1
4330 3
4332 1
4333 2
4334 3
4336 2
4338 3
4339 2
4340 1
4341 2
4342 1
4343 1
4344 1
4345 1
4346 5
4349 2
4350 2
4351 1
4352 2
4353 2
4354 1
4359 2
4361 2
4362 1
4363 2
4364 4
4366 1
4367 4
4368 4
4369 1
4370 1
4371 5
4372 4
4374 6
4376 2
4378 1
4379 1
4380 4
4382 1
4383 1
4384 3
4385 1
4386 2
4387 3
4388 2
4389 2
4391 2
4393 1
4394 2
4396 2
4397 4
4398 1
4400 1
4401 1
4402 1
4403 2
4404 2
4406 8
4408 4
4409 5
4410 2
4411 1
4414 1
4416 3
4417 1
4419 3
4421 1
4425 1
4427 1
4428 3
4429 2
4430 2
4431 3
4432 3
4436 2
4437 3
4438 2
4440 2
4443 2
4444 1
4445 1
4448 2
4450 3
4451 2
4455 1
4456 2
4459 1
4460 4
4461 2
4462 5
4463 4
4464 2
4465 1
4466 1
4467 1
4470 2
4471 1
4472 1
4474 3
4478 2
4479 1
4480 3
4481 1
4482 1
4484 1
4485 1
4488 1
4490 1
4492 2
4493 4
4496 3
4498 1
4499 3
4500 1
4502 3
4504 1
4505 4
4506 2
4507 1
4510 1
4513 2
4516 2
4517 1
4519 1
4520 2
4524 3
4526 8
4527 1
4528 3
4529 1
4531 1
4532 2
4533 2
4535 3
4536 1
4538 1
4540 4
4541 2
4543 2
4544 1
4545 1
4546 1
4548 2
4550 5
4552 1
4555 1
4556 3
4558 3
4559 2
4564 3
4565 1
4566 1
4568 1
4570 1
4572 2
4573 2
4575 2
4576 2
4577 5
4578 1
4579 1
4580 2
4581 1
4582 1
4583 2
4586 2
4588 2
4592 4
4593 3
4594 2
4596 1
4598 1
4599 1
4601 5
4602 3
4604 1
4605 1
4606 3
4609 2
4610 5
4611 1
4612 2
4613 4
4614 1
4615 2
4616 2
4618 1
4619 2
4620 4
4621 1
4622 1
4623 1
4624 4
4625 1
4627 1
4628 2
4629 2
4631 1
4632 4
4634 1
4635 4
4638 1
4639 1
4640 3
4641 1
4643 2
4644 3
4646 1
4647 2
4648 1
4650 3
4656 3
4659 2
4660 1
4662 3
4664 2
4666 1
4667 2
4668 2
4669 2
4670 2
4671 1
4672 1
4675 1
4676 1
4677 2
4678 1
4680 1
4684 2
4685 1
4686 3
4687 1
4688 1
4690 4
4692 3
4693 3
4695 3
4697 1
4698 1
4700 2
4701 1
4702 2
4705 1
4706 3
4708 3
4709 3
4710 2
4712 3
4713 1
4714 2
4715 1
4716 4
4719 2
4720 1
4721 1
4722 4
4723 1
4724 2
4725 1
4726 1
4727 6
4728 5
4730 2
4732 1
4734 2
4735 1
4736 1
4741 1
4742 1
4743 1
4744 2
4745 2
4749 3
4752 3
4753 1
4754 1
4755 5
4756 3
4758 4
4759 3
4760 1
4762 1
4763 2
4764 5
4765 5
4766 1
4767 1
4768 2
4770 1
4771 4
4776 1
4777 3
4778 2
4779 2
4780 3
4781 1
4782 2
4783 1
4784 1
4787 1
4788 3
4789 1
4790 1
4791 9
4793 3
4794 4
4795 1
4796 1
4800 2
4802 1
4803 1
4804 1
4806 1
4808 1
4812 1
4813 1
4815 2
4820 1
4821 1
4824 1
4828 1
4829 5
4830 2
4832 2
4833 4
4834 2
4836 1
4837 1
4838 1
4840 3
4841 2
4842 1
4843 2
4845 6
4849 1
4852 1
4853 1
4854 2
4855 2
4856 2
4861 1
4862 2
4864 2
4865 4
4867 3
4868 3
4872 4
4873 2
4874 1
4875 1
4876 4
4877 5
4879 1
4880 1
4882 1
4883 1
4886 3
4887 2
4888 2
4889 2
4890 1
4892 1
4893 2
4894 1
4896 1
4897 1
4898 3
4899 2
4900 2
4903 2
4905 1
4906 2
4909 2
4910 2
4911 4
4912 5
4914 1
4916 6
4918 1
4919 2
4920 3
4922 4
4923 2
4925 3
4926 1
4928 3
4930 1
4932 2
4933 2
4934 1
4935 4
4936 3
4938 3
4939 1
4940 1
4941 1
4942 2
4944 2
4945 2
4948 1
4949 4
4950 1
4952 2
4953 5
4954 1
4956 1
4957 3
4960 1
4961 2
4962 1
4963 1
4964 3
4965 2
4966 2
4969 2
4970 1
4972 4
4975 1
4976 2
4977 4
4978 2
4980 2
4981 5
4984 1
4985 1
4987 2
4988 4
4989 4
4992 5
4993 2
4994 1
4995 1
4996 2
4997 2
4999 2
5000 3
5002 2
5004 1
5006 3
5007 1
5009 1
5011 2
5015 1
5020 3
5022 1
5024 3
5028 1
5034 1
5036 3
5037 1
5038 3
5039 1
5041 1
5044 3
5045 1
5046 3
5048 2
5051 3
5052 4
5053 3
5056 3
5058 2
5060 3
5061 2
5062 1
5065 4
5067 2
5068 3
5070 1
5071 3
5073 4
5074 3
5077 2
5079 4
5080 2
5081 2
5082 3
5084 1
5086 2
5087 2
5089 1
5090 3
5092 3
5096 2
5098 3
5102 1
5105 1
5106 2
5108 2
5109 2
5110 1
5113 1
5118 1
5119 1
5120 5
5123 1
5125 4
5126 1
5130 2
5131 1
5132 2
5135 1
5136 1
5137 1
5139 1
5140 2
5141 1
5144 3
5146 7
5150 2
5156 1
5160 3
5164 1
5165 1
5166 2
5169 1
5170 2
5171 1
5173 3
5176 2
5177 2
5178 2
5180 1
5181 2
5182 1
5183 1
5184 2
5185 2
5187 1
5188 2
5189 1
5192 3
5196 2
5197 2
5200 2
5202 2
5203 1
5204 1
5206 1
5207 1
5210 1
5211 2
5214 1
5215 1
5216 2
5219 1
5220 3
5222 1
5232 5
5236 2
5237 2
5239 2
5240 1
5242 4
5244 2
5246 2
5248 2
5249 6
5254 2
5255 1
5258 1
5259 1
5260 1
5261 1
5263 3
5264 3
5269 1
5270 3
5271 1
5272 2
5274 1
5276 3
5277 2
5279 5
5280 1
5284 2
5285 2
5286 1
5288 2
5292 1
5295 2
5296 3
5297 3
5298 1
5300 2
5301 1
5304 1
5306 1
5307 1
5313 1
5314 1
5316 2
5317 2
5318 1
5320 2
5323 2
5324 3
5325 1
5326 2
5327 1
5328 1
5330 2
5332 2
5333 1
5335 3
5336 5
5339 1
5340 5
5341 1
5344 1
5345 1
5348 2
5350 1
5352 2
5353 1
5354 2
5356 3
5357 1
5363 1
5364 3
5367 2
5371 2
5372 1
5373 1
5376 2
5378 1
5380 2
5381 2
5383 1
5385 3
5387 3
5389 1
5390 2
5391 1
5393 1
5394 4
5395 2
5396 1
5398 2
5400 7
5401 2
5402 7
5407 3
5408 2
5412 1
5414 1
5415 2
5416 3
5417 2
5420 3
5421 4
5422 1
5424 1
5425 2
5426 1
5430 2
5431 1
5433 2
5435 2
5437 2
5440 2
5441 2
5442 3
5444 1
5446 3
5448 1
5450 3
5451 2
5452 3
5453 1
5457 1
5459 1
5460 1
5464 5
5465 1
5466 2
5468 2
5475 2
5476 3
5479 1
5480 4
5481 1
5482 3
5483 3
5485 1
5488 5
5489 4
5492 3
5493 1
5494 2
5495 2
5496 3
5497 3
5500 2
5503 2
5504 3
5507 3
5511 4
5512 4
5513 2
5514 2
5517 1
5518 1
5520 2
5523 3
5527 1
5531 1
5534 1
5537 2
5538 3
5541 3
5543 1
5544 1
5546 1
5548 1
5550 4
5553 2
5555 1
5556 1
5559 1
5564 1
5565 1
5566 2
5569 1
5570 2
5572 2
5573 2
5576 5
5578 1
5580 1
5582 2
5585 1
5588 3
5589 2
5590 1
5592 3
5593 1
5594 1
5596 4
5597 3
5598 1
5600 1
5604 3
5605 4
5606 2
5608 3
5610 1
5612 2
5613 2
5615 2
5616 1
5623 3
5624 1
5625 2
5628 3
5630 2
5631 5
5632 2
5635 3
5638 1
5639 4
5640 4
5641 12
5642 2
5643 1
5644 2
5645 2
5648 3
5651 1
5652 2
5654 2
5655 2
5658 1
5660 2
5662 1
5663 1
5664 3
5670 1
5671 3
5672 1
5673 1
5679 1
5681 1
5684 1
5685 1
5688 1
5692 1
5693 1
5694 2
5696 1
5697 1
5698 1
5701 2
5702 1
5704 1
5708 2
5712 2
5713 1
5714 2
5716 3
5717 2
5720 2
5722 1
5724 1
5726 1
5727 2
5728 3
5731 2
5732 2
5735 1
5736 4
5742 1
5743 3
5744 2
5746 1
5748 3
5751 2
5756 1
5757 2
5758 1
5764 1
5765 1
5766 3
5767 6
5770 2
5772 2
5775 3
5777 2
5778 1
5780 1
5783 1
5786 2
5788 4
5792 2
5796 2
5799 1
5800 4
5801 4
5802 2
5804 1
5806 3
5808 1
5812 2
5813 3
5816 2
5817 2
5819 1
5820 2
5825 1
5830 1
5833 1
5834 1
5835 1
5836 2
5838 2
5839 1
5840 1
5841 2
5844 2
5846 1
5847 4
5849 5
5853 1
5854 1
5860 4
5868 2
5870 1
5871 1
5872 3
5873 2
5874 1
5875 2
5876 1
5879 1
5880 1
5882 4
5886 2
5888 3
5891 2
5892 3
5893 1
5894 2
5896 2
5898 3
5899 4
5900 1
5905 1
5906 1
5907 1
5909 1
5910 1
5912 2
5913 2
5914 2
5916 1
5918 5
5920 1
5921 1
5923 1
5924 4
5925 2
5928 2
5929 3
5930 1
5931 1
5932 1
5936 1
5938 1
5939 2
5941 2
5942 4
5944 2
5945 1
5946 2
5948 2
5952 1
5953 1
5955 1
5956 1
5957 1
5958 2
5959 2
5960 2
5962 1
5963 1
5964 1
5965 2
5969 2
5971 2
5973 4
5974 3
5976 4
5981 1
5984 1
5990 2
5994 6
5995 3
5996 2
5997 1
5998 1
6001 2
6002 1
6005 1
6006 1
6007 1
6009 1
6015 1
6016 4
6018 2
6020 5
6021 1
6026 1
6028 2
6031 2
6032 1
6033 1
6035 1
6052 1
6054 1
6056 2
6063 1
6065 1
6066 2
6070 2
6071 1
6072 4
6074 1
6076 1
6079 1
6080 3
6082 1
6083 1
6085 1
6086 2
6087 1
6089 2
6090 1
6092 3
6096 1
6098 1
6101 2
6104 1
6105 1
6108 1
6112 2
6115 1
6116 1
6117 1
6118 2
6121 3
6122 1
6124 1
6125 1
6130 1
6132 1
6133 1
6135 1
6136 1
6138 1
6139 2
6140 2
6142 2
6143 1
6144 8
6145 2
6147 1
6149 2
6150 2
6154 1
6156 1
6159 1
6160 1
6163 1
6164 2
6165 1
6167 1
6168 3
6170 2
6172 3
6176 1
6184 4
6185 4
6186 1
6189 1
6191 4
6196 2
6198 2
6200 3
6204 1
6205 1
6206 2
6207 2
6208 1
6212 2
6216 2
6218 1
6220 1
6228 5
6231 1
6234 2
6236 1
6238 1
6239 1
6240 1
6243 1
6244 2
6245 1
6246 1
6247 1
6248 1
6254 2
6257 1
6260 1
6261 1
6263 3
6265 1
6269 1
6270 4
6272 1
6274 1
6276 2
6279 1
6280 2
6281 1
6284 1
6288 3
6289 1
6292 2
6295 1
6296 2
6297 2
6300 1
6302 1
6304 1
6305 2
6308 1
6315 1
6316 1
6318 3
6320 1
6324 1
6327 1
6330 2
6332 1
6333 3
6336 4
6337 1
6339 1
6340 3
6344 2
6345 3
6347 2
6348 1
6352 1
6355 1
6357 2
6358 1
6360 1
6362 1
6364 2
6367 1
6369 1
6371 1
6372 3
6373 1
6374 2
6375 1
6376 3
6378 1
6379 1
6380 1
6386 2
6390 2
6391 1
6393 1
6396 2
6397 2
6401 1
6404 2
6408 1
6412 6
6413 1
6414 1
6415 1
6417 3
6419 1
6420 1
6421 1
6422 1
6424 2
6430 1
6432 4
6433 4
6434 1
6435 2
6436 4
6437 2
6440 3
6441 1
6445 1
6448 1
6449 1
6456 1
6458 2
6459 3
6461 2
6464 2
6467 2
6468 1
6469 2
6470 1
6472 1
6473 1
6477 1
6479 2
6488 3
6492 2
6496 3
6497 1
6500 4
6501 1
6502 2
6504 2
6508 3
6509 2
6512 2
6520 1
6522 1
6526 4
6528 2
6529 1
6532 2
6536 1
6537 2
6540 1
6544 1
6546 1
6548 1
6549 2
6552 2
6556 1
6557 1
6558 2
6559 1
6561 1
6563 1
6566 1
6568 3
6570 1
6571 1
6572 1
6574 3
6575 1
6576 1
6578 2
6580 1
6586 5
6588 3
6594 1
6595 1
6596 2
6598 1
6599 1
6600 1
6602 3
6604 2
6607 2
6608 2
6609 1
6614 1
6616 2
6620 2
6623 1
6624 2
6626 1
6628 1
6632 1
6634 4
6636 1
6640 1
6641 2
6643 4
6645 1
6646 1
6647 3
6648 1
6649 1
6651 2
6654 1
6655 1
6656 3
6658 2
6665 1
6666 1
6668 1
6672 3
6675 3
6676 1
6677 1
6678 2
6679 3
6680 1
6681 2
6684 1
6688 2
6689 4
6690 1
6696 1
6698 1
6700 1
6705 1
6707 1
6711 1
6712 3
6715 2
6716 4
6720 2
6724 2
6725 2
6730 1
6734 2
6737 1
6740 4
6741 1
6744 1
6748 1
6750 3
6752 1
6753 1
6754 1
6756 1
6760 1
6761 2
6762 1
6764 1
6768 2
6771 2
6773 1
6776 4
6777 1
6778 4
6779 3
6780 1
6784 1
6785 2
6788 1
6790 1
6796 4
6797 1
6799 1
6800 1
6802 2
6804 3
6806 1
6807 1
6808 2
6809 2
6812 1
6816 1
6818 1
6821 2
6824 2
6825 1
6826 1
6828 2
6829 2
6833 3
6834 2
6837 1
6838 3
6840 3
6841 1
6843 1
6844 1
6848 2
6849 3
6852 2
6853 1
6855 4
6856 1
6862 2
6864 2
6868 4
6874 1
6880 1
6881 1
6882 2
6884 5
6887 1
6889 1
6892 1
6893 1
6895 2
6896 1
6897 1
6900 3
6901 3
6906 1
6907 3
6908 1
6916 2
6919 1
6920 1
6922 1
6924 2
6925 1
6926 2
6927 2
6929 3
6931 1
6932 1
6933 1
6936 1
6937 1
6938 1
6940 1
6943 1
6945 1
6948 1
6952 1
6958 1
6960 1
6961 2
6962 2
6965 1
6971 5
6972 1
6973 1
6974 2
6977 2
6978 2
6980 2
6982 2
6984 1
6985 1
6988 1
6993 1
6996 2
6999 1
7000 3
7002 1
7004 4
7007 1
7012 1
7013 1
7015 1
7018 1
7022 2
7023 4
7024 1
7025 1
7027 2
7032 1
7034 1
7036 1
7038 2
7039 2
7040 1
7042 1
7044 2
7045 1
7048 1
7051 2
7052 1
7058 3
7060 2
7061 1
7064 1
7067 1
7068 2
7069 2
7070 1
7074 1
7076 2
7078 1
7079 1
7080 1
7082 2
7083 2
7084 1
7085 2
7087 1
7092 1
7093 2
7097 1
7098 2
7099 1
7100 1
7103 1
7104 4
7106 1
7107 1
7111 2
7112 1
7115 1
7116 2
7124 4
7125 3
7126 1
7131 2
7133 1
7136 1
7139 2
7142 2
7144 1
7145 1
7148 2
7149 1
7164 1
7165 1
7168 10
7172 1
7176 2
7180 2
7183 1
7184 1
7185 1
7188 2
7189 1
7191 1
7192 1
7193 1
7196 1
7197 1
7199 1
7200 3
7201 1
7204 4
7208 1
7210 4
7215 2
7216 1
7220 2
7222 1
7223 1
7224 1
7228 1
7229 1
7230 2
7232 2
7233 1
7234 1
7236 3
7237 1
7238 3
7240 4
7246 2
7248 2
7249 1
7252 1
7255 1
7262 1
7264 1
7268 1
7270 4
7272 1
7273 1
7276 1
7279 1
7281 1
7285 1
7286 2
7288 3
7289 1
7292 1
7293 1
7297 1
7298 2
7299 1
7300 1
7302 1
7304 1
7306 1
7312 2
7316 1
7326 1
7327 2
7331 4
7333 2
7334 4
7336 1
7339 2
7340 2
7341 2
7342 2
7343 2
7344 3
7347 1
7348 2
7350 1
7352 4
7354 1
7355 1
7356 2
7357 1
7360 2
7361 1
7364 2
7366 2
7372 1
7378 1
7380 3
7381 1
7383 2
7384 3
7386 2
7388 2
7392 2
7393 1
7395 1
7399 1
7402 1
7404 1
7406 1
7408 3
7412 2
7414 1
7424 3
7432 1
7433 4
7437 1
7444 2
7445 1
7446 1
7448 1
7450 2
7452 2
7454 2
7456 1
7460 1
7461 1
7464 1
7471 1
7473 1
7474 2
7476 1
7481 1
7482 1
7484 2
7485 1
7486 2
7487 1
7488 2
7493 2
7495 1
7496 2
7497 2
7498 3
7504 2
7507 1
7508 1
7513 2
7514 2
7515 1
7516 3
7520 2
7528 2
7532 1
7536 2
7544 1
7548 2
7551 1
7556 1
7557 1
7558 1
7559 1
7560 4
7564 1
7571 1
7572 1
7573 1
7578 1
7580 1
7581 1
7582 2
7583 2
7588 2
7599 1
7600 4
7607 1
7612 2
7613 3
7616 1
7619 2
7624 1
7626 2
7628 1
7636 1
7643 2
7645 1
7647 1
7654 4
7657 2
7664 1
7672 2
7675 1
7678 1
7679 2
7685 1
7687 2
7688 5
7696 1
7697 3
7700 2
7704 2
7707 4
7708 2
7711 2
7712 1
7713 2
7716 1
7718 1
7720 3
7724 1
7725 1
7726 1
7728 2
7730 1
7736 4
7737 1
7740 1
7744 1
7747 2
7748 2
7751 2
7752 1
7753 1
7756 1
7758 3
7760 2
7761 1
7765 2
7767 3
7768 2
7772 1
7776 4
7780 1
7786 1
7787 1
7788 1
7792 1
7794 2
7796 1
7800 1
7803 1
7804 1
7808 1
7813 1
7815 2
7817 1
7818 1
7819 2
7820 2
7827 1
7828 1
7829 1
7832 1
7833 2
7834 1
7836 1
7839 1
7840 1
7841 2
7843 1
7844 1
7846 1
7849 1
7853 1
7855 2
7862 1
7864 1
7866 1
7867 1
7872 4
7874 1
7877 1
7882 2
7884 1
7888 2
7891 1
7900 4
7904 3
7905 3
7907 1
7911 1
7914 3
7916 3
7917 1
7924 2
7925 3
7927 1
7932 1
7940 2
7943 2
7948 2
7952 1
7953 1
7954 1
7955 1
7956 2
7957 2
7958 2
7959 1
7960 1
7962 1
7964 1
7965 3
7966 2
7967 1
7968 1
7972 2
7973 1
7976 1
7982 1
7984 3
7988 2
7989 1
7990 1
7991 1
7992 4
7993 1
7994 2
7996 2
7998 2
7999 1
8000 5
8001 1
8003 1
8006 1
8008 2
8012 1
8016 1
8020 3
8021 1
8024 3
8028 1
8030 2
8032 4
8033 1
8039 1
8040 1
8042 4
8052 1
8053 2
8056 1
8057 1
8064 1
8065 1
8067 3
8068 2
8072 1
8074 2
8075 1
8076 1
8077 2
8078 2
8080 1
8084 2
8095 2
8096 3
8097 2
8100 1
8103 2
8105 2
8106 1
8107 1
8108 1
8114 1
8118 1
8119 2
8124 1
8128 1
8132 1
8135 1
8140 2
8142 1
8144 1
8146 3
8147 1
8148 2
8157 2
8162 1
8163 2
8164 1
8165 1
8171 1
8174 1
8175 4
8184 3
8186 2
8188 2
8190 1
8192 24
8194 1
8195 1
8201 2
8202 2
8203 2
8204 1
8206 2
8208 2
8210 1
8212 1
8213 1
8214 1
8216 1
8217 1
8232 2
8233 3
8234 1
8237 2
8240 1
8242 1
8243 1
8244 2
8253 2
8260 1
8264 2
8273 1
8276 2
8278 2
8280 2
8283 1
8288 1
8289 1
8292 3
8307 1
8312 1
8313 1
8317 2
8320 2
8322 1
8324 2
8325 1
8328 1
8331 1
8332 1
8335 1
8344 3
8345 2
8354 1
8362 1
8363 1
8365 1
8367 1
8368 2
8371 1
8372 3
8376 3
8377 2
8379 1
8380 2
8381 1
8382 1
8384 1
8388 2
8389 1
8408 1
8412 2
8416 1
8418 2
8423 1
8425 1
8426 2
8429 1
8432 2
8434 1
8440 1
8444 2
8447 1
8448 1
8449 2
8450 1
8451 1
8457 1
8458 1
8463 1
8466 1
8467 1
8472 1
8473 1
8476 2
8478 1
8480 1
8484 1
8488 1
8489 1
8496 2
8498 1
8504 2
8507 1
8508 1
8510 1
8512 2
8516 1
8524 1
8525 1
8526 3
8528 2
8532 1
8534 2
8535 2
8536 1
8540 2
8544 2
8546 3
8553 1
8555 2
8560 3
8564 1
8568 1
8569 2
8574 2
8576 1
8580 1
8584 2
8586 2
8588 2
8592 1
8594 1
8597 1
8600 1
8604 2
8605 1
8606 2
8609 1
8614 1
8616 1
8619 1
8620 1
8621 1
8622 2
8624 1
8627 1
8629 1
8631 1
8632 1
8636 2
8639 2
8640 1
8641 2
8642 1
8644 2
8648 2
8654 1
8660 2
8662 2
8666 1
8667 2
8668 3
8672 1
8673 1
8674 1
8675 1
8679 1
8681 1
8684 2
8685 1
8687 2
8689 1
8690 1
8691 2
8692 4
8696 1
8697 1
8700 2
8705 1
8714 3
8720 1
8723 1
8724 1
8732 1
8736 2
8737 1
8740 1
8741 1
8753 1
8758 1
8760 1
8762 1
8771 3
8773 1
8776 1
8780 2
8782 2
8784 2
8785 1
8786 1
8791 1
8795 1
8799 1
8803 3
8806 1
8812 1
8814 1
8816 1
8817 1
8818 2
8819 1
8822 1
8825 1
8828 1
8832 1
8836 3
8839 2
8840 2
8841 1
8843 1
8845 1
8846 2
8848 1
8850 1
8852 1
8857 1
8860 1
8864 5
8867 1
8873 1
8874 1
8877 1
8878 1
8879 3
8881 1
8882 3
8883 1
8884 3
8885 1
8888 1
8889 1
8896 1
8897 1
8904 1
8908 2
8914 1
8916 1
8917 1
8924 1
8928 2
8932 1
8934 1
8935 1
8936 3
8938 1
8941 1
8943 2
8945 2
8948 1
8953 1
8956 2
8958 2
8960 2
8964 1
8966 2
8980 1
8981 1
8985 1
8988 2
8990 1
8995 2
8996 1
9000 5
9001 1
9004 1
9005 1
9009 1
9010 1
9012 2
9016 2
9020 1
9026 1
9027 1
9029 1
9030 3
9031 1
9035 1
9041 5
9051 1
9053 2
9060 1
9061 2
9064 1
9065 4
9069 1
9072 1
9074 1
9076 1
9080 1
9081 2
9084 1
9085 2
9090 1
9092 1
9095 1
9101 1
9106 2
9115 1
9120 1
9121 3
9122 1
9125 3
9127 1
9128 1
9132 3
9136 2
9141 1
9144 1
9149 1
9156 1
9157 2
9160 2
9166 2
9169 1
9172 2
9177 1
9184 1
9192 1
9195 2
9196 2
9199 4
9204 1
9209 1
9216 10
9218 3
9219 2
9220 1
9222 1
9223 1
9224 1
9225 1
9226 4
9227 5
9228 2
9230 1
9236 1
9237 1
9251 1
9252 1
9254 1
9255 1
9256 2
9261 1
9266 1
9269 4
9276 2
9280 2
9284 2
9286 1
9289 1
9291 2
9295 2
9296 1
9299 1
9300 1
9307 1
9308 1
9310 2
9312 1
9314 2
9316 1
9317 1
9320 2
9324 1
9328 3
9332 1
9341 1
9344 1
9348 2
9350 1
9351 2
9352 2
9355 1
9356 1
9363 2
9364 1
9368 1
9374 2
9386 2
9389 1
9392 1
9398 2
9407 2
9409 1
9410 1
9412 1
9414 1
9415 1
9416 3
9423 1
9424 1
9426 1
9427 1
9429 2
9436 2
9443 1
9444 2
9447 1
9448 1
9455 2
9459 1
9461 1
9464 1
9468 1
9472 1
9480 2
9482 2
9484 1
9486 2
9487 1
9493 1
9495 1
9502 1
9504 2
9506 2
9512 1
9516 1
9517 1
9520 1
9521 1
9522 2
9528 1
9534 1
9536 1
9541 2
9544 1
9547 1
9548 1
9552 1
9554 1
9555 3
9556 2
9560 1
9564 1
9565 1
9567 2
9575 4
9584 1
9586 2
9587 1
9591 2
9592 1
9597 1
9600 1
9602 1
9604 1
9605 1
9609 2
9610 1
9612 1
9616 1
9617 2
9618 1
9620 1
9621 2
9624 3
9628 1
9633 1
9640 1
9644 1
9647 1
9648 1
9655 1
9660 1
9664 1
9668 1
9676 3
9680 1
9681 1
9688 1
9695 1
9696 1
9698 2
9700 1
9704 1
9706 2
9710 2
9712 2
9716 2
9719 1
9728 1
9729 1
9730 2
9732 2
9733 2
9735 1
9740 1
9744 1
9745 1
9746 1
9748 1
9755 2
9760 2
9761 2
9769 1
9772 1
9777 2
9780 2
9787 2
9788 1
9791 3
9794 3
9796 1
9797 2
9802 1
9806 1
9807 2
9815 1
9816 1
9819 1
9828 1
9834 1
9835 2
9839 2
9840 1
9848 1
9849 1
9856 1
9865 1
9876 1
9881 1
9888 1
9892 1
9894 3
9900 1
9902 1
9904 2
9905 1
9910 1
9915 2
9919 2
9922 1
9924 1
9926 1
9928 1
9931 1
9932 3
9936 1
9938 1
9939 2
9940 1
9943 1
9944 1
9950 1
9958 1
9960 1
9966 2
9968 2
9972 1
9978 1
9980 1
9983 4
9984 1
9985 1
9986 2
9988 1
9992 1
9996 1
10005 1
10012 1
10014 1
10021 1
10028 1
10029 2
10032 1
10033 1
10034 1
10036 1
10037 2
10044 1
10047 1
10050 1
10054 3
10056 2
10073 3
10076 1
10087 2
10088 2
10089 1
10092 1
10095 2
10096 2
10100 1
10104 1
10108 2
10113 2
10123 1
10126 2
10130 3
10131 1
10136 1
10138 2
10139 1
10140 2
10144 1
10160 2
10164 1
10168 1
10171 1
10172 1
10178 2
10184 1
10187 2
10191 2
10193 1
10195 1
10200 1
10202 1
10204 3
10208 2
10210 1
10212 3
10215 2
10217 1
10218 2
10225 1
10226 1
10240 3
10243 1
10244 2
10247 2
10268 2
10269 1
10270 1
10276 1
10291 1
10293 3
10299 1
10300 2
10322 2
10328 2
10332 6
10335 1
10336 2
10341 6
10346 1
10347 1
10356 1
10360 1
10372 3
10376 1
10384 1
10396 1
10400 1
10404 2
10408 1
10418 2
10420 2
10424 1
10432 1
10454 1
10464 1
10466 1
10468 1
10476 1
10485 1
10493 2
10498 1
10504 1
10510 2
10516 1
10520 2
10524 1
10528 2
10530 1
10536 1
10543 1
10544 3
10545 1
10546 2
10552 2
10556 2
10566 2
10567 1
10572 1
10574 1
10589 2
10596 1
10597 2
10604 1
10608 2
10610 1
10612 1
10616 1
10617 1
10620 4
10624 1
10625 2
10636 2
10638 1
10640 2
10641 1
10644 2
10649 1
10656 3
10659 1
10661 1
10666 1
10668 1
10676 1
10680 2
10681 1
10688 3
10692 1
10703 1
10704 1
10707 2
10714 1
10719 1
10724 1
10730 1
10732 3
10733 1
10735 2
10738 1
10744 1
10747 2
10756 1
10759 1
10768 1
10776 2
10781 1
10782 1
10786 2
10792 4
10794 1
10796 1
10797 1
10799 1
10802 1
10803 1
10812 1
10816 2
10819 1
10821 1
10823 2
10826 1
10837 2
10840 1
10844 1
10847 1
10850 1
10855 1
10856 1
10861 2
10863 2
10864 2
10867 2
10872 1
10882 2
10883 2
10888 1
10889 1
10902 2
10904 1
10908 1
10914 2
10916 1
10925 4
10928 1
10950 2
10953 4
10955 2
10967 2
10968 1
10975 1
10982 1
10985 3
10986 2
10990 1
10995 1
10997 1
11004 2
11011 1
11016 2
11018 2
11020 1
11022 1
11029 1
11032 2
11035 1
11037 1
11044 2
11048 1
11050 1
11053 1
11055 2
11056 1
11060 2
11066 1
11068 1
11080 1
11087 1
11091 2
11093 1
11096 2
11097 1
11112 2
11122 1
11129 1
11133 1
11135 1
11140 1
11157 1
11159 1
11161 1
11167 1
11168 1
11176 2
11180 1
11188 1
11192 1
11196 1
11204 1
11206 1
11212 1
11219 1
11225 1
11231 1
11234 1
11240 2
11246 1
11252 1
11256 1
11260 1
11264 2
11272 1
11284 1
11285 2
11288 2
11293 1
11296 1
11305 1
11309 1
11312 1
11315 2
11316 2
11331 2
11336 2
11340 1
11344 1
11347 1
11349 1
11351 1
11356 1
11360 1
11366 2
11368 2
11369 1
11370 1
11373 1
11381 1
11387 2
11392 1
11396 1
11400 1
11402 1
11411 1
11412 2
11420 1
11425 1
11427 1
11437 1
11459 3
11461 2
11464 2
11472 1
11482 1
11484 1
11488 1
11496 1
11497 1
11508 2
11516 3
11517 1
11518 2
11520 1
11524 2
11531 1
11532 1
11545 1
11553 1
11568 1
11572 1
11583 3
11592 1
11594 2
11602 1
11604 1
11608 1
11610 1
11616 1
11622 1
11624 2
11625 1
11631 2
11632 1
11636 2
11642 1
11643 1
11645 1
11646 2
11654 3
11664 1
11671 2
11676 1
11678 2
11696 1
11700 2
11707 2
11712 3
11714 1
11717 2
11721 1
11724 2
11731 2
11745 1
11752 1
11753 1
11761 2
11763 1
11764 1
11773 1
11784 2
11788 1
11792 1
11800 2
11801 2
11803 1
11806 1
11808 2
11811 1
11812 1
11820 3
11824 2
11828 2
11831 1
11832 1
11836 2
11841 1
11844 1
11852 3
11854 1
11856 1
11860 1
11872 2
11878 1
11880 3
11884 1
11896 1
11899 1
11901 1
11909 2
11916 1
11917 1
11921 1
11922 1
11923 1
11924 1
11955 1
11968 1
11970 1
11976 1
11980 1
11984 1
11995 1
11996 1
12004 1
12005 1
12008 1
12010 1
12013 1
12030 1
12036 2
12042 1
12044 1
12052 1
12053 1
12060 1
12064 1
12066 1
12074 2
12076 1
12085 1
12096 1
12100 1
12108 1
12112 1
12116 1
12120 1
12133 1
12135 1
12141 2
12144 3
12147 1
12148 1
12156 1
12160 1
12168 1
12177 2
12184 1
12195 1
12198 2
12204 2
12207 1
12208 2
12220 1
12224 2
12225 1
12234 1
12236 1
12239 3
12240 1
12248 1
12253 1
12265 1
12268 2
12270 1
12274 1
12280 1
12283 1
12288 77
12294 1
12296 1
12300 1
12305 1
12311 1
12312 1
12321 1
12339 1
12347 2
12348 1
12352 2
12365 1
12366 3
12375 2
12380 2
12382 2
12391 1
12400 2
12404 1
12405 1
12408 1
12410 1
12414 2
12416 1
12424 3
12439 1
12444 1
12455 2
12459 1
12464 1
12479 1
12480 1
12483 1
12488 5
12497 2
12498 1
12500 1
12505 2
12509 1
12510 1
12515 1
12516 3
12520 1
12526 2
12528 1
12534 1
12539 1
12547 1
12552 1
12557 1
12562 1
12567 1
12576 1
12579 1
12583 3
12584 1
12589 1
12595 2
12600 2
12616 1
12619 1
12620 1
12621 1
12644 1
12648 1
12652 1
12660 1
12663 1
12668 1
12672 1
12674 1
12676 1
12678 1
12682 1
12683 1
12692 1
12696 1
12706 2
12733 1
12736 2
12737 1
12740 1
12744 1
12748 1
12755 1
12756 1
12761 1
12764 1
12772 1
12780 1
12785 1
12786 1
12788 1
12801 1
12815 1
12817 1
12826 1
12836 1
12841 1
12843 1
12845 1
12848 1
12852 2
12854 2
12856 1
12860 1
12862 1
12866 1
12868 2
12894 1
12896 1
12901 2
12902 1
12924 2
12929 1
12945 1
12947 1
12955 1
12984 1
12986 1
12988 1
12991 1
13020 2
13027 1
13034 1
13044 1
13053 2
13064 1
13070 1
13074 1
13084 12
13097 2
13101 4
13113 1
13136 1
13145 1
13152 1
13153 1
13161 1
13173 1
13175 1
13184 2
13188 1
13191 1
13196 1
13198 1
13204 1
13210 1
13212 2
13216 2
13232 2
13234 1
13244 2
13253 1
13254 1
13258 1
13259 1
13263 1
13264 1
13270 1
13271 1
13272 1
13284 1
13288 2
13293 1
13300 3
13301 1
13310 2
13312 19
13316 1
13317 1
13323 2
13328 1
13332 2
13334 2
13339 5
13344 1
13356 1
13360 1
13363 1
13372 1
13390 2
13392 1
13394 1
13419 1
13420 1
13424 1
13428 2
13432 1
13436 1
13440 1
13452 1
13456 1
13466 1
13468 2
13469 2
13472 2
13476 2
13484 1
13492 1
13504 1
13518 1
13523 1
13533 1
13540 1
13548 1
13549 1
13556 1
13560 1
13568 1
13570 1
13575 2
13584 3
13588 1
13596 1
13599 2
13602 1
13603 1
13605 1
13608 2
13609 3
13611 1
13616 1
13621 1
13624 1
13632 1
13636 1
13641 1
13643 1
13648 1
13653 1
13655 3
13660 3
13664 1
13668 1
13672 2
13686 2
13688 1
13696 1
13719 1
13720 1
13724 1
13732 2
13738 1
13744 3
13754 1
13756 1
13759 1
13764 2
13767 3
13782 1
13785 1
13788 1
13793 1
13805 1
13808 1
13809 1
13822 1
13828 2
13832 2
13847 2
13850 1
13861 1
13865 2
13882 1
13884 1
13886 1
13887 1
13888 1
13892 1
13894 2
13906 1
13908 1
13914 1
13923 2
13936 2
13940 1
13955 1
13964 1
13967 1
13973 2
13974 1
13975 1
13984 1
14004 2
14014 1
14015 1
14019 2
14020 1
14037 1
14040 1
14046 1
14057 1
14058 1
14062 1
14068 2
14070 2
14073 1
14079 1
14086 1
14092 1
14101 1
14104 1
14120 1
14124 2
14128 2
14159 1
14175 2
14196 1
14200 2
14216 1
14225 1
14233 2
14236 1
14238 2
14253 1
14255 2
14264 1
14273 1
14293 2
14307 1
14308 1
14312 3
14314 1
14328 1
14332 2
14334 1
14336 21
14341 2
14343 1
14358 1
14369 2
14372 1
14379 1
14380 2
14389 1
14391 1
14392 2
14400 2
14404 1
14412 1
14420 1
14430 1
14433 1
14456 2
14457 1
14459 1
14464 1
14465 1
14469 1
14473 1
14475 2
14484 1
14499 3
14500 1
14516 1
14520 1
14532 1
14539 2
14544 2
14547 1
14552 1
14573 1
14576 1
14580 2
14585 1
14593 2
14594 1
14604 1
14610 1
14612 2
14628 1
14644 2
14650 1
14651 1
14653 1
14657 2
14664 1
14668 1
14676 1
14680 1
14681 1
14692 1
14699 1
14708 1
14715 2
14720 1
14724 1
14739 1
14740 1
14753 1
14759 1
14760 1
14763 1
14792 2
14794 1
14803 1
14832 1
14844 1
14856 2
14859 1
14877 2
14880 1
14888 1
14890 1
14894 1
14903 1
14907 1
14916 1
14919 2
14932 1
14933 1
14940 1
14963 1
14993 1
14997 2
14999 1
15000 1
15004 2
15012 1
15040 1
15044 1
15045 1
15060 1
15064 1
15068 1
15079 2
15080 1
15089 1
15092 1
15093 1
15108 1
15109 1
15110 1
15112 2
15128 1
15135 2
15144 1
15155 1
15160 3
15164 1
15165 1
15168 2
15171 1
15173 1
15181 1
15184 1
15187 1
15196 2
15200 1
15212 2
15213 1
15221 1
15224 1
15226 1
15227 2
15228 2
15232 1
15236 1
15239 1
15244 1
15252 3
15253 1
15255 1
15258 1
15260 1
15268 1
15273 1
15276 2
15279 1
15306 1
15308 2
15309 2
15312 1
15316 1
15335 2
15336 3
15343 1
15349 1
15350 1
15352 1
15360 15
15364 1
15368 2
15382 2
15384 1
15392 1
15396 1
15402 1
15407 1
15420 2
15424 1
15426 2
15432 1
15440 1
15443 1
15444 1
15448 1
15452 1
15461 1
15472 2
15474 1
15476 2
15485 2
15486 1
15491 1
15495 1
15496 2
15497 1
15499 1
15504 1
15510 1
15511 1
15516 1
15518 1
15526 1
15527 2
15538 2
15539 1
15540 1
15541 1
15544 1
15548 1
15549 1
15552 2
15554 1
15565 1
15569 1
15580 2
15582 1
15598 2
15599 1
15600 2
15603 2
15604 1
15616 2
15631 1
15636 1
15644 2
15651 1
15662 1
15672 1
15673 1
15677 1
15685 3
15694 1
15696 2
15703 1
15704 2
15707 1
15710 1
15712 1
15724 1
15725 2
15741 1
15743 1
15744 1
15792 1
15804 1
15808 1
15817 1
15820 1
15824 1
15827 1
15834 2
15842 1
15851 1
15853 1
15854 1
15872 1
15875 1
15884 1
15892 1
15897 1
15899 2
15900 1
15906 1
15910 2
15917 1
15925 1
15930 2
15957 1
15959 1
15961 1
16009 2
16020 1
16021 1
16029 1
16034 1
16036 1
16037 1
16044 1
16048 1
16063 1
16064 1
16068 1
16080 1
16083 1
16107 2
16109 1
16119 1
16133 1
16137 1
16142 1
16144 2
16152 1
16176 1
16181 1
16182 1
16208 1
16211 1
16212 1
16213 1
16224 2
16236 1
16239 1
16256 1
16257 1
16263 1
16266 1
16279 1
16281 1
16285 1
16300 1
16305 1
16309 1
16312 1
16313 1
16316 1
16321 1
16332 1
16336 1
16348 1
16364 1
16369 1
16374 3
16382 1
16384 50
16395 2
16407 1
16420 1
16424 1
16436 1
16454 1
16462 1
16468 1
16476 1
16488 2
16492 1
16508 1
16524 1
16532 1
16540 1
16551 1
16553 1
16572 1
16588 1
16592 2
16598 1
16601 1
16604 1
16620 1
16621 1
16624 1
16628 1
16632 3
16640 1
16658 1
16663 2
16664 1
16666 1
16669 1
16676 1
16682 1
16684 1
16692 1
16708 1
16714 1
16715 2
16719 1
16724 1
16729 1
16732 1
16740 1
16743 1
16748 1
16751 2
16752 1
16770 1
16776 1
16784 1
16788 1
16796 1
16801 1
16812 2
16823 1
16844 1
16848 1
16853 1
16858 1
16859 1
16863 1
16864 2
16868 1
16889 1
16890 1
16892 2
16895 1
16896 1
16903 1
16914 1
16915 1
16924 1
16926 1
16930 3
16932 3
16936 1
16938 1
16948 1
16956 1
16961 1
16967 1
16968 1
16969 1
16980 2
16992 4
16997 1
17000 2
17016 1
17017 2
17024 1
17034 1
17035 1
17040 1
17045 1
17048 2
17064 1
17075 1
17088 2
17100 1
17103 1
17106 1
17110 2
17119 1
17123 1
17124 1
17136 1
17140 1
17144 3
17150 1
17152 3
17160 1
17167 2
17170 1
17172 1
17176 1
17178 1
17184 2
17189 1
17204 2
17207 1
17216 1
17237 1
17259 2
17268 1
17272 1
17292 1
17293 1
17296 1
17297 2
17299 1
17316 1
17322 2
17353 1
17364 1
17388 2
17408 21
17413 1
17419 1
17436 1
17449 1
17461 1
17465 2
17467 1
17472 1
17493 1
17496 1
17502 1
17508 2
17511 1
17526 1
17535 2
17549 2
17552 1
17568 2
17576 1
17582 1
17584 3
17604 1
17607 1
17608 2
17616 1
17624 1
17625 2
17643 1
17651 1
17661 1
17664 1
17680 1
17699 1
17718 2
17724 1
17762 1
17818 1
17843 1
17856 1
17865 2
17867 4
17880 1
17882 1
17884 2
17888 1
17889 2
17890 1
17896 1
17900 1
17904 1
17908 1
17916 1
17919 2
17938 1
17940 1
17956 2
17969 1
17976 1
17986 1
17994 1
18020 1
18022 1
18037 1
18068 1
18072 1
18080 2
18109 1
18112 1
18122 1
18155 1
18163 1
18179 1
18184 1
18190 2
18192 1
18212 1
18231 1
18232 1
18249 2
18261 1
18268 1
18269 2
18272 1
18280 1
18306 1
18330 2
18332 1
18360 1
18362 1
18364 2
18382 1
18383 2
18392 1
18408 1
18410 2
18413 1
18432 17
18436 2
18444 1
18464 1
18470 1
18471 1
18476 1
18482 1
18504 1
18506 2
18511 1
18516 1
18528 1
18529 1
18533 1
18539 1
18543 1
18580 2
18590 1
18604 1
18610 1
18620 2
18623 2
18627 1
18631 1
18632 1
18636 1
18647 1
18648 1
18654 2
18660 1
18662 1
18676 1
18684 1
18687 1
18695 1
18716 1
18717 2
18722 2
18726 1
18736 1
18741 1
18764 3
18769 1
18780 1
18805 1
18808 1
18819 1
18825 2
18832 1
18833 1
18840 1
18855 1
18856 1
18870 1
18876 1
18880 1
18888 1
18896 1
18902 4
18905 1
18912 2
18916 2
18920 1
18948 1
18969 1
18974 1
19012 1
19016 1
19025 1
19034 1
19044 1
19047 2
19052 4
19063 1
19068 1
19071 1
19092 1
19114 1
19150 1
19156 1
19164 1
19172 1
19184 1
19185 2
19186 1
19192 1
19220 2
19248 1
19253 1
19260 2
19269 1
19288 1
19292 1
19309 1
19316 2
19318 1
19320 1
19329 1
19340 1
19343 1
19344 1
19352 1
19367 2
19368 1
19376 1
19384 1
19396 2
19399 2
19418 1
19422 2
19440 1
19448 2
19456 32
19465 1
19472 1
19477 1
19506 1
19512 1
19528 1
19548 1
19572 2
19588 1
19600 2
19617 2
19620 1
19627 1
19629 1
19632 1
19634 2
19647 1
19656 1
19660 1
19663 1
19678 1
19723 1
19737 2
19743 1
19744 1
19755 1
19764 3
19767 1
19784 2
19788 1
19800 1
19812 1
19817 1
19835 1
19836 1
19837 1
19848 1
19856 1
19865 2
19903 1
19910 1
19916 1
19927 2
19936 1
19958 1
19968 1
19976 1
19988 1
19997 1
20016 1
20036 1
20039 1
20048 1
20060 1
20068 1
20071 1
20074 1
20088 1
20096 1
20097 1
20110 1
20129 1
20146 1
20168 1
20195 1
20232 1
20233 1
20282 1
20285 1
20292 1
20296 1
20299 1
20305 1
20318 1
20320 1
20327 1
20328 2
20346 1
20347 1
20349 1
20380 2
20396 1
20404 1
20406 2
20409 1
20412 1
20414 1
20433 2
20451 1
20452 1
20468 1
20480 73
20505 1
20523 1
20541 1
20554 2
20563 1
20564 1
20567 1
20569 1
20577 1
20653 1
20664 1
20672 1
20688 1
20691 1
20693 1
20697 1
20711 2
20724 2
20727 1
20740 1
20770 1
20780 1
20792 1
20794 1
20799 1
20800 1
20808 2
20832 2
20840 1
20868 1
20883 2
20884 1
20892 2
20896 1
20920 1
20924 1
20925 1
20940 2
20944 1
20952 2
20956 1
20968 1
20970 1
20974 1
20992 1
20996 1
21013 1
21037 1
21054 1
21056 1
21100 1
21108 2
21109 3
21132 1
21137 4
21140 1
21160 1
21164 1
21172 1
21195 1
21199 1
21202 1
21204 1
21259 1
21260 1
21264 2
21273 1
21277 1
21278 2
21293 4
21305 1
21324 1
21326 1
21332 1
21352 1
21363 1
21364 1
21384 1
21392 1
21393 1
21396 1
21405 1
21406 1
21412 2
21414 2
21424 1
21432 1
21440 2
21441 1
21448 1
21451 1
21468 1
21476 1
21486 1
21498 1
21503 2
21504 16
21520 1
21524 1
21537 1
21548 1
21552 1
21556 2
21560 3
21564 1
21571 1
21600 1
21604 1
21626 2
21632 1
21636 1
21640 2
21644 1
21645 1
21664 1
21679 1
21692 1
21704 1
21713 1
21723 1
21724 1
21746 1
21749 1
21812 1
21852 1
21856 1
21858 1
21860 2
21889 1
21910 1
21922 2
21933 1
21940 1
21963 1
21964 1
21968 1
21969 1
21972 1
21974 1
21976 1
21980 1
22004 1
22016 1
22023 1
22036 1
22044 1
22046 1
22059 1
22096 2
22099 2
22102 1
22105 2
22121 1
22144 1
22147 1
22168 1
22183 2
22186 1
22192 1
22197 1
22213 1
22232 1
22252 1
22256 1
22260 1
22272 1
22320 1
22340 1
22344 1
22376 1
22377 1
22384 2
22394 1
22412 1
22446 1
22483 1
22488 1
22505 1
22506 4
22510 1
22515 1
22517 1
22521 1
22523 1
22528 13
22551 1
22590 1
22603 1
22622 2
22628 1
22643 2
22651 1
22672 1
22676 1
22751 1
22760 1
22772 2
22775 1
22777 1
22789 1
22793 1
22805 1
22820 1
22836 1
22841 1
22852 1
22860 1
22884 1
22932 1
22936 1
22952 1
22957 1
22967 1
22968 1
22970 1
22977 1
22993 1
23003 1
23006 2
23008 1
23040 1
23048 1
23053 1
23054 1
23056 1
23061 1
23064 1
23069 1
23096 1
23104 1
23108 1
23124 1
23149 1
23160 1
23168 1
23187 1
23192 1
23241 1
23256 1
23292 2
23320 1
23353 1
23356 2
23357 1
23374 1
23392 1
23404 2
23410 1
23416 1
23418 1
23436 1
23440 1
23454 1
23460 1
23476 1
23482 1
23520 1
23532 1
23540 1
23552 9
23561 1
23576 1
23592 2
23614 1
23653 1
23657 1
23668 1
23683 1
23703 1
23704 1
23722 1
23726 1
23744 2
23768 2
23788 1
23790 1
23791 1
23792 1
23816 1
23824 1
23829 1
23830 1
23840 1
23856 1
23859 2
23863 1
23875 1
23876 1
23916 1
23931 28
23937 2
23940 1
23947 1
23948 1
23962 1
23976 1
23992 1
24012 2
24019 1
24075 1
24077 2
24081 1
24084 1
24108 1
24121 1
24124 1
24139 1
24152 2
24173 1
24176 1
24199 1
24204 1
24228 1
24232 1
24240 1
24248 1
24252 1
24255 1
24256 1
24258 2
24282 1
24312 1
24320 1
24328 1
24329 1
24349 1
24368 1
24380 1
24396 1
24408 1
24414 1
24420 1
24422 1
24432 1
24476 2
24477 1
24480 1
24483 1
24494 1
24514 1
24524 1
24529 1
24536 1
24539 1
24544 1
24560 2
24561 1
24562 2
24576 37
24584 1
24586 1
24604 1
24618 1
24624 1
24628 1
24642 1
24652 1
24674 1
24680 1
24694 1
24712 1
24715 2
24765 1
24766 1
24788 1
24792 1
24795 1
24799 1
24802 1
24815 1
24822 1
24828 1
24836 2
24843 1
24848 1
24851 1
24859 2
24873 1
24898 1
24908 1
24912 1
24913 2
24923 1
24959 1
24960 1
24972 1
24985 2
24992 1
25024 1
25028 1
25072 1
25096 1
25117 1
25124 2
25128 1
25228 1
25244 2
25245 2
25252 1
25276 2
25280 1
25338 1
25347 2
25356 1
25359 1
25363 1
25386 1
25388 1
25396 1
25398 1
25408 1
25442 1
25456 1
25499 2
25519 1
25532 1
25545 1
25572 1
25592 1
25600 10
25616 1
25646 3
25649 1
25651 1
25658 1
25660 2
25665 2
25677 1
25690 1
25720 1
25732 1
25743 1
25744 1
25748 1
25752 1
25756 1
25760 1
25798 1
25802 1
25815 1
25836 1
25851 1
25891 1
25898 2
25908 1
25948 1
25969 1
25980 1
25984 1
26004 2
26073 1
26152 2
26156 1
26172 1
26179 1
26184 1
26196 1
26208 1
26224 2
26272 1
26295 2
26307 2
26315 1
26364 1
26378 1
26384 1
26389 2
26404 1
26410 1
26419 2
26424 1
26438 1
26449 1
26460 1
26470 1
26476 2
26488 1
26490 2
26512 1
26520 1
26530 1
26560 1
26606 1
26620 1
26624 16
26640 1
26648 1
26674 2
26686 4
26726 1
26736 1
26746 1
26756 1
26772 1
26780 1
26787 1
26788 1
26808 1
26816 1
26820 3
26836 1
26837 1
26838 2
26849 2
26858 1
26866 1
26872 1
26880 1
26881 1
26884 1
26945 1
26947 1
26949 1
26956 1
26960 1
26962 1
26983 1
26985 1
27001 1
27012 1
27016 1
27037 2
27071 1
27079 2
27088 1
27096 1
27112 1
27120 1
27158 1
27159 1
27165 1
27185 1
27188 1
27212 1
27227 1
27238 1
27239 1
27255 2
27258 1
27264 1
27266 2
27285 1
27286 1
27300 1
27316 1
27344 1
27348 1
27392 1
27400 1
27414 1
27416 2
27456 2
27463 1
27466 1
27468 2
27483 1
27493 1
27516 1
27524 1
27556 1
27559 1
27566 1
27570 1
27584 1
27614 2
27628 1
27629 2
27648 10
27660 1
27667 2
27708 1
27712 1
27716 1
27748 1
27753 1
27764 1
27780 1
27821 1
27836 1
27842 1
27848 1
27856 1
27861 1
27889 2
27900 1
27913 1
27937 1
27943 1
27960 1
27966 1
27981 1
28012 1
28045 1
28048 1
28049 1
28050 1
28056 1
28076 1
28136 2
28150 1
28161 1
28189 1
28212 14
28241 1
28251 1
28296 1
28308 1
28311 1
28312 1
28315 1
28340 1
28364 1
28367 1
28388 1
28392 1
28396 1
28504 1
28540 2
28541 1
28546 1
28570 1
28574 1
28584 1
28623 1
28649 3
28672 54
28711 4
28712 1
28733 2
28748 1
28805 2
28815 1
28832 2
28912 1
28922 2
28928 1
28965 1
28969 1
28976 1
29000 1
29024 1
29036 1
29050 1
29052 1
29060 1
29074 1
29083 1
29087 1
29093 1
29126 1
29128 1
29155 2
29165 1
29188 1
29225 1
29228 3
29232 1
29248 1
29252 1
29304 1
29313 1
29324 1
29336 1
29359 1
29377 1
29398 1
29424 1
29436 1
29450 1
29468 1
29515 1
29520 1
29541 1
29544 1
29552 1
29554 2
29570 1
29584 1
29597 1
29616 1
29623 1
29656 2
29664 2
29668 1
29683 1
29694 1
29696 8
29709 2
29750 2
29800 1
29832 1
29856 1
29864 1
29874 2
29904 1
29908 1
29913 1
29922 2
29923 1
29924 1
29932 1
29936 2
29948 1
29956 1
29962 1
29972 1
29980 1
29981 1
29988 1
30008 1
30021 1
30027 1
30028 1
30044 1
30054 1
30068 1
30076 3
30092 1
30094 2
30144 1
30160 1
30162 1
30184 1
30192 1
30207 1
30218 1
30228 1
30300 1
30320 1
30444 1
30456 2
30464 1
30492 1
30512 1
30520 3
30529 1
30560 1
30564 1
30576 1
30604 1
30612 1
30627 1
30632 1
30636 2
30642 1
30665 2
30688 1
30701 2
30712 1
30720 16
30732 1
30779 1
30784 1
30793 1
30797 1
30832 1
30860 1
30868 1
30876 1
30936 1
30946 1
30951 2
30960 1
30976 1
31006 1
31010 1
31016 1
31024 1
31040 1
31052 1
31079 1
31099 1
31102 1
31105 1
31130 1
31178 1
31212 1
31308 2
31316 1
31332 1
31358 1
31376 1
31400 1
31416 1
31421 1
31452 1
31460 1
31480 1
31496 1
31500 1
31510 1
31576 1
31594 1
31596 1
31609 1
31636 1
31638 1
31649 1
31696 1
31704 1
31744 10
31764 1
31774 1
31776 1
31796 1
31812 1
31853 1
31856 1
31904 1
31916 1
31920 1
31924 1
31944 1
31949 1
31968 1
32006 2
32032 2
32080 1
32082 1
32103 1
32116 1
32127 1
32135 1
32176 2
32180 1
32196 1
32232 1
32265 1
32290 2
32309 1
32341 1
32348 1
32442 2
32455 1
32456 1
32464 1
32478 1
32480 1
32496 1
32512 1
32540 1
32551 1
32577 1
32588 1
32600 2
32677 1
32686 1
32704 1
32721 1
32722 1
32728 1
32748 1
32768 50
32796 1
32832 1
32882 1
32887 1
32908 1
32950 1
32964 1
33003 1
33020 3
33223 1
33232 1
33247 1
33284 1
33290 1
33296 1
33348 2
33367 1
33371 1
33416 1
33420 1
33424 1
33425 1
33448 1
33472 1
33523 1
33532 1
33539 1
33540 1
33556 1
33566 1
33600 1
33615 1
33683 1
33695 1
33720 1
33727 1
33732 1
33748 1
33756 1
33768 1
33780 1
33791 1
33792 10
33796 1
33821 1
33832 1
33852 1
33872 1
33880 1
33936 1
33940 1
33950 1
33970 1
34008 1
34024 1
34031 1
34032 1
34036 1
34097 1
34100 1
34130 1
34156 1
34188 1
34222 1
34236 1
34261 2
34276 1
34284 1
34292 1
34299 1
34320 1
34324 1
34352 1
34363 1
34399 1
34402 1
34440 2
34462 2
34469 1
34520 1
34536 1
34552 1
34556 1
34560 1
34604 1
34616 1
34660 1
34736 1
34744 1
34750 1
34753 1
34764 1
34781 1
34816 4
34820 1
34836 1
34877 2
34892 1
34896 1
34908 2
34915 2
34920 1
34960 1
34990 1
35012 1
35028 1
35036 1
35048 1
35073 1
35106 1
35112 1
35138 1
35156 1
35228 1
35280 1
35340 2
35344 1
35352 1
35370 1
35400 1
35404 1
35417 1
35464 1
35478 1
35491 1
35551 1
35564 1
35624 2
35663 1
35676 1
35704 1
35752 1
35763 1
35776 1
35786 1
35840 1
35876 1
35880 1
35890 1
35905 2
35920 1
35936 1
35956 1
36004 1
36040 1
36048 3
36060 1
36070 1
36101 1
36112 1
36168 1
36196 1
36228 2
36365 2
36369 1
36391 2
36424 1
36435 2
36440 1
36512 1
36540 1
36548 2
36568 1
36596 1
36620 1
36684 1
36704 1
36742 1
36778 2
36856 2
36864 41
36897 1
36936 1
36956 1
37004 1
37015 1
37028 1
37031 2
37115 1
37116 2
37136 1
37144 1
37192 1
37256 1
37264 1
37281 1
37412 1
37420 1
37428 1
37531 1
37533 1
37540 1
37649 1
37676 1
37712 1
37715 2
37727 2
37748 2
37752 1
37788 1
37844 1
37853 1
37868 1
37888 3
37901 2
37956 1
38008 1
38060 1
38076 1
38096 1
38112 1
38120 1
38180 1
38212 1
38240 1
38242 1
38268 1
38280 1
38286 1
38289 2
38316 1
38351 1
38353 1
38376 1
38392 1
38412 1
38419 2
38420 1
38445 1
38452 2
38460 1
38516 1
38544 1
38587 1
38599 1
38640 1
38704 1
38716 1
38728 1
38740 1
38744 1
38752 1
38768 1
38784 1
38805 1
38808 1
38864 1
38867 1
38876 1
38882 1
38884 8
38888 1
38908 1
38912 4
38921 2
38932 2
38975 1
38980 1
38996 1
39016 1
39110 1
39115 1
39120 1
39154 2
39189 1
39192 1
39204 1
39208 1
39210 1
39216 1
39220 1
39300 1
39344 1
39372 1
39392 1
39600 1
39620 1
39675 1
39684 1
39716 2
39717 1
39744 1
39784 2
39792 1
39936 4
39976 1
40024 1
40036 1
40044 1
40055 1
40088 1
40128 1
40140 1
40208 1
40214 5
40216 1
40324 1
40341 1
40352 1
40396 1
40420 1
40424 1
40438 1
40440 1
40468 1
40521 1
40584 1
40587 1
40628 1
40660 1
40664 3
40668 1
40674 1
40683 1
40692 1
40786 1
40808 1
40830 1
40852 1
40864 1
40900 1
40920 1
40956 1
40960 27
40969 1
40996 1
41001 1
41008 1
41019 1
41056 1
41071 1
41081 1
41149 1
41167 1
41177 1
41186 1
41201 1
41208 1
41226 1
41276 1
41284 1
41468 1
41520 1
41569 1
41596 1
41686 1
41694 1
41764 1
41768 1
41787 1
41844 2
41952 1
41984 4
42012 1
42043 1
42116 2
42121 1
42140 1
42196 1
42240 1
42248 1
42276 1
42288 1
42328 1
42336 1
42341 1
42348 1
42364 1
42376 1
42404 1
42489 1
42506 1
42536 1
42606 1
42625 2
42644 2
42648 1
42816 1
42828 1
42832 2
42908 1
42910 2
42960 1
43008 6
43068 1
43080 1
43125 1
43144 1
43157 1
43304 1
43348 1
43470 2
43503 1
43508 1
43524 1
43532 1
43542 1
43548 1
43551 1
43602 1
43615 1
43680 1
43759 1
43760 1
43809 1
43825 1
43948 1
43964 1
43986 1
44000 3
44029 1
44032 3
44051 1
44052 1
44160 1
44221 2
44264 1
44300 1
44320 1
44348 1
44432 2
44448 1
44470 1
44472 1
44488 1
44500 1
44508 1
44532 1
44576 1
44597 1
44601 1
44680 1
44688 1
44712 1
44728 1
44736 1
44780 1
44806 1
44823 1
44900 1
44970 1
44971 1
44984 1
45044 1
45056 26
45123 1
45132 1
45146 1
45212 1
45244 1
45272 1
45312 1
45423 1
45448 1
45528 1
45572 1
45580 1
45604 1
45620 1
45622 1
45652 1
45676 2
45736 1
45745 1
45832 1
45892 2
45990 1
46020 1
46038 1
46072 1
46080 6
46089 1
46090 1
46094 1
46113 1
46164 1
46350 1
46406 1
46456 1
46468 1
46492 1
46493 1
46495 1
46556 1
46642 1
46652 1
46703 1
46716 2
46748 1
46760 1
46780 1
46863 1
46867 1
46868 1
46921 1
47004 1
47016 2
47024 2
47055 1
47153 1
47187 1
47188 1
47204 1
47220 1
47231 1
47307 1
47308 1
47312 1
47340 1
47368 1
47375 1
47380 1
47434 1
47460 1
47468 1
47492 1
47495 1
47512 1
47568 1
47570 1
47572 1
47588 1
47592 2
47615 1
47617 1
47642 1
47644 1
47676 1
47756 1
47794 1
47798 1
47826 1
47849 1
47889 1
47912 1
47927 1
47936 1
48000 2
48020 1
48033 1
48062 1
48092 1
48096 1
48155 1
48156 1
48197 1
48212 2
48216 1
48230 1
48241 1
48247 1
48261 1
48272 1
48294 1
48308 1
48368 1
48416 1
48432 1
48458 1
48470 1
48480 1
48509 1
48538 1
48553 2
48568 1
48577 1
48604 1
48605 1
48612 1
48616 1
48647 1
48656 1
48664 2
48667 1
48672 1
48679 1
48681 1
48707 1
48741 1
48778 1
48798 1
48803 1
48815 1
48835 1
48836 1
48845 1
48861 1
48902 1
48904 1
48927 1
48939 1
48956 1
48986 1
48996 1
49015 2
49020 1
49048 1
49084 2
49102 1
49117 1
49124 1
49146 1
49152 9
49176 1
49187 1
49263 1
49381 1
49406 1
49430 1
49437 1
49472 1
49496 1
49517 1
49559 1
49560 1
49632 1
49744 1
49746 1
49760 1
49785 1
49807 1
49860 1
49868 1
49930 1
49943 1
49948 1
49974 1
49993 1
50004 1
50013 1
50076 1
50078 1
50080 1
50096 1
50111 1
50112 1
50136 1
50162 1
50170 1
50176 1
50186 1
50196 1
50241 1
50248 1
50278 1
50312 1
50336 1
50344 1
50348 1
50361 1
50369 1
50380 1
50393 1
50398 1
50414 1
50426 1
50438 1
50439 1
50480 1
50484 1
50496 1
50500 2
50551 1
50581 1
50590 1
50600 1
50637 1
50641 1
50661 1
50665 1
50673 1
50705 1
50744 1
50786 1
50808 1
50831 1
50858 1
50884 1
50900 1
50912 1
50955 1
50960 1
50976 1
50981 1
50990 1
50992 1
50995 1
51009 2
51033 1
51037 1
51041 1
51074 1
51109 1
51131 1
51167 1
51175 1
51193 1
51200 1
51216 1
51232 1
51362 1
51386 1
51416 1
51465 1
51495 1
51526 2
51555 1
51599 1
51615 1
51781 1
51808 2
51920 1
51940 1
51988 1
52000 4
52032 2
52140 1
52153 1
52224 1
52274 1
52312 1
52388 1
52461 1
52486 1
52498 2
52517 1
52541 1
52588 4
52596 1
52603 1
52607 1
52632 1
52768 1
52780 1
52800 1
52858 1
52892 1
52908 1
52923 2
52944 1
53040 1
53044 1
53092 2
53148 1
53200 1
53235 1
53248 12
53276 1
53294 1
53309 2
53332 1
53444 1
53451 1
53462 2
53469 1
53478 1
53524 1
53600 1
53724 1
53726 1
53732 2
53763 1
53769 1
53780 1
53782 1
53788 1
53797 1
53852 1
53853 1
53888 1
53995 1
54032 1
54063 1
54261 1
54272 2
54319 1
54324 1
54375 1
54385 1
54591 1
54602 2
54604 1
54649 1
54683 1
54791 2
54793 1
54816 1
54853 1
54886 1
54892 1
54920 1
55006 1
55032 2
55052 1
55105 2
55133 1
55160 1
55182 1
55208 1
55220 1
55252 1
55268 1
55436 1
55448 1
55470 1
55488 1
56000 9
56078 1
56202 1
56242 2
56320 3
56520 1
56531 1
56572 1
56604 1
56631 1
56640 1
56644 1
56700 1
56728 1
56740 1
56776 1
56876 1
57092 1
57098 1
57130 1
57344 19
57352 2
57408 1
57412 1
57528 1
57540 1
57572 1
57616 2
57639 2
57647 1
57692 1
57804 1
57904 1
57987 1
58003 1
58059 1
58103 1
58144 1
58215 1
58216 1
58291 1
58336 2
58345 1
58388 1
58524 1
58635 1
58644 1
58656 1
58749 1
58790 1
58804 1
58856 1
58868 1
58877 2
58896 1
59024 1
59128 1
59206 1
59312 1
59411 1
59524 2
59560 1
59716 1
59745 1
59780 1
59887 1
59979 1
60224 1
60232 1
60256 1
60271 1
60331 1
60456 1
60468 1
60478 1
60589 1
60606 1
60687 1
60720 2
60751 1
60782 1
60883 1
60932 2
60937 1
61056 1
61124 1
61233 1
61304 1
61339 1
61440 12
61444 5
61509 1
61517 3
61588 1
61593 2
61704 1
61764 1
61862 1
61964 1
62097 1
62156 1
62401 1
62464 1
62712 1
62865 2
63057 2
63077 1
63362 1
63389 1
63472 1
63488 1
63593 1
63677 2
63880 1
63946 1
64000 1
64021 1
64197 1
64204 1
64304 1
64343 1
64403 1
64436 1
64507 1
64516 1
64572 1
64695 2
64740 1
64776 1
64800 1
64888 1
65067 2
65236 1
65281 1
65344 1
65395 1
65485 1
65488 2
65499 1
65513 1
65536 14
65540 2
65615 1
65689 1
65751 2
65796 1
65832 1
65900 1
66043 1
66048 3
66060 1
66377 1
66433 1
66676 1
66846 1
66908 1
66920 1
66928 1
66967 1
67124 1
67140 1
67144 1
67148 1
67154 2
67491 1
67576 1
67584 3
67914 1
68168 1
68204 5
68464 1
68673 1
68708 1
68744 1
69033 1
69055 1
69068 1
69093 1
69124 1
69176 2
69338 1
69415 1
69419 1
69445 1
69632 22
69678 1
69810 1
69828 1
70041 1
70072 1
70227 1
70304 2
70564 1
70777 1
70851 1
70969 1
71002 2
71084 1
71168 1
71316 1
71488 1
71527 1
71680 1
71728 1
71922 2
71933 1
72000 1
72004 1
72008 1
72020 1
72112 1
72170 1
72224 1
72300 1
72501 1
72584 4
72673 1
72704 1
72776 1
72799 2
72960 2
72980 1
73100 1
73128 1
73196 1
73387 1
73592 1
73656 1
73728 19
73853 1
73955 1
74342 1
74602 1
74620 1
74694 1
74736 1
74791 1
74800 1
74904 1
75104 1
75112 1
75128 1
75152 1
75307 1
75315 1
75431 1
75621 1
75652 2
75776 1
75911 1
76321 1
76657 1
77158 1
77229 1
77632 1
77652 2
77752 1
77812 2
77824 19
78111 2
78175 2
78328 4
78519 2
78648 1
78972 2
79092 1
79380 1
79615 1
79619 1
79864 1
80025 2
80558 1
80885 2
80905 1
80928 1
81012 1
81130 1
81356 1
81657 1
81763 1
81794 1
81818 1
81893 1
81920 7
82295 1
82352 1
82520 2
82792 2
82944 2
83192 1
83353 1
83396 1
83588 2
83624 1
83630 1
83796 1
83968 1
84127 1
84315 1
84721 1
84801 2
85008 1
85592 1
85909 2
85956 1
86016 20
86143 1
86444 1
86463 1
86492 1
86545 1
86637 1
86644 1
86665 1
86681 1
86689 1
86723 1
86726 1
86727 1
86737 1
86739 1
86753 1
86759 1
86771 1
86815 1
86819 1
86835 1
86929 1
87028 1
87040 1
87065 1
87136 2
87308 1
87655 6
87673 1
87724 1
87781 1
87948 1
87988 1
88012 1
88056 2
88403 1
88416 2
88664 1
88816 2
88956 2
88974 1
88980 1
88987 1
89382 1
89425 1
89442 1
89790 2
89860 1
90011 2
90033 1
90112 7
90534 1
90565 1
90566 1
90657 1
90703 1
90709 1
90730 1
90739 1
90775 1
90777 1
90821 1
90851 1
90899 1
90911 1
90945 1
90983 1
90991 2
91012 1
91021 1
91065 1
91089 1
91136 1
92047 2
92080 1
92160 1
92195 2
92240 1
92269 1
92433 1
92580 1
92641 2
93295 2
93349 1
93414 1
93465 1
93529 1
93807 1
93811 1
94096 1
94208 5
94573 1
94824 2
94981 1
95232 1
95450 2
96796 1
96825 1
96843 1
96987 2
97231 1
97281 2
97419 1
97665 1
97711 1
97716 1
97739 1
97831 1
97891 2
98009 1
98017 1
98019 1
98055 1
98057 1
98083 2
98093 1
98097 1
98107 1
98115 1
98169 1
98195 2
98196 1
98198 1
98257 1
98304 9
98696 1
98774 1
98943 1
98985 1
99328 3
100520 1
100807 2
101040 1
101314 1
101376 1
101468 1
101599 1
101612 1
101648 1
101775 1
101835 1
101987 1
102009 1
102051 1
102201 1
102240 4
102293 1
102299 1
102309 1
102315 1
102325 1
102367 1
102373 1
102379 1
102387 1
102400 5
102413 1
102451 1
102555 1
102638 1
102766 1
103247 1
103450 1
103710 3
103806 1
103942 2
104164 1
104468 1
104732 1
105412 1
105481 1
105685 1
105896 1
106277 1
106329 1
106373 2
106496 6
106569 1
106608 1
106616 2
106710 1
106780 1
107064 3
107617 1
107699 1
107931 1
108124 1
108259 1
108719 1
108770 1
109350 1
109416 1
109638 1
109892 1
110004 1
110123 1
110272 1
110403 1
110570 1
110592 6
110603 1
110604 1
110736 1
111368 1
111616 1
112231 1
112464 2
112581 1
112640 1
112965 2
113099 1
113140 1
113384 1
113540 1
114413 1
114521 1
114558 1
114688 3
114842 1
115504 1
115962 1
116007 1
116070 1
116342 1
116505 1
117276 1
117515 1
117630 1
117760 2
118552 1
118716 1
118784 5
119293 1
119394 1
119415 1
119746 1
119818 1
120392 1
121274 1
121480 1
121856 2
122472 1
122880 4
124000 1
124928 2
125036 1
125229 1
125696 1
125868 1
126976 5
127087 1
128700 1
129096 1
129507 1
130048 1
130072 1
130192 1
130761 1
130928 1
131072 6
131969 1
131985 1
132059 1
133742 1
134866 1
134913 2
135168 7
135903 1
136365 1
136409 1
137463 1
137514 1
137913 1
138510 1
139264 2
139327 1
140042 1
141064 1
141312 1
141661 1
142125 1
142212 1
142488 1
142577 1
142996 1
143015 1
143063 1
143360 8
143404 1
143435 1
143454 1
143605 1
143833 1
144053 1
144896 1
145408 2
145856 1
146078 1
146199 1
146406 1
146736 1
147456 12
147779 1
147846 1
148115 1
148435 1
148988 1
149063 1
149066 1
149504 1
150440 1
151264 1
151552 3
151662 1
152504 1
152576 2
153024 1
154400 1
155078 1
155648 17
155886 1
156233 1
157036 1
157267 1
157344 1
157463 1
157595 1
157696 1
157717 1
157788 1
158205 1
158328 1
158423 1
159744 6
160000 1
160089 1
160536 1
161257 1
161983 1
163029 2
163803 1
163840 5
164303 1
164527 1
164962 1
165873 1
166190 1
166674 1
166783 1
166844 1
166944 1
167412 1
167424 1
167936 5
168006 1
168056 1
168905 1
169515 1
169648 1
169733 1
170003 1
170839 1
171008 2
171137 1
171272 1
171559 1
172032 8
172555 1
172793 2
172812 1
173323 2
173324 1
173942 1
174024 1
176128 8
176873 1
176905 1
178151 1
178176 2
178606 1
179880 1
180224 2
181352 2
181537 1
182112 1
182466 1
182675 1
183194 1
183296 1
184320 17
184381 1
185218 1
185614 1
185888 1
186629 2
187392 1
188357 2
188416 3
189995 1
190140 1
190654 1
191790 1
192512 1
193904 1
195240 1
196608 5
199753 2
200047 1
200179 1
200389 1
200569 1
200704 5
200709 1
201629 1
202520 1
202896 1
203769 1
205999 1
206348 1
207477 1
207680 1
208896 6
209413 2
210103 1
210240 3
210944 1
211130 1
211464 1
212429 1
212992 2
213381 1
214201 3
214243 2
215040 1
215044 1
216888 1
217088 4
217865 1
219013 1
219136 1
219497 1
220160 1
221184 3
221693 1
224092 1
227328 1
229376 2
229708 3
230188 1
231424 2
231452 1
233472 2
234928 1
237568 2
237649 2
238380 1
239196 1
240487 1
241664 2
244224 3
244228 2
246840 1
247775 2
248400 2
249232 2
249856 1
250880 1
251608 1
252528 1
253952 4
255476 1
258048 6
259200 1
260301 1
260532 1
261135 1
262144 18
262148 1
264056 1
264860 1
265428 1
265612 1
266240 3
266507 1
266694 1
270336 3
270523 2
270685 1
270809 1
270831 2
270886 1
271065 1
271237 1
271596 2
272715 2
273647 1
274432 4
275728 1
278042 1
278528 1
278762 1
279768 1
281600 1
282624 8
283487 1
284672 1
285969 2
286039 1
286616 1
286720 4
288317 1
288896 1
290016 1
290816 8
292864 1
294912 1
299008 2
303104 4
307200 2
309205 2
309229 1
310592 1
311296 1
313710 1
320000 1
323584 2
324355 1
325632 1
327112 1
327680 2
327696 1
331760 2
331776 4
333940 1
334076 1
335872 1
337745 1
337920 1
339144 1
339968 1
344064 2
344756 1
346796 1
347136 1
347648 1
347784 1
348160 1
351810 2
352256 1
354148 1
356352 1
358427 1
360000 2
360448 2
361908 2
363220 1
364544 2
367708 1
368640 1
372736 1
374784 1
374936 1
376832 1
377171 1
380928 1
385024 1
389076 1
389120 1
393216 1
395056 1
397312 3
398979 1
401408 4
403908 1
405504 7
409600 3
411320 1
412212 1
412856 1
415712 1
417792 10
420485 1
421024 1
421888 1
424960 1
425984 4
426480 3
427509 1
427880 1
430080 4
434176 7
436632 1
438272 5
438382 1
438984 1
441344 1
442368 3
446528 1
450107 1
450560 2
453880 1
454656 2
458752 5
460282 1
462848 3
463872 1
466944 6
468941 1
469055 1
471040 5
475136 2
480336 1
483328 6
483721 1
486635 1
487424 3
491520 1
493432 1
495616 4
498708 1
499328 1
500004 1
500876 1
503808 6
507904 4
508080 2
509611 1
510396 1
512000 2
514384 1
516096 2
519832 1
520192 1
524288 3
525070 1
526452 1
527504 1
528384 2
529220 1
531974 1
539900 1
540672 2
542900 1
545632 1
550097 1
552960 1
565248 1
566410 1
569344 2
571904 1
580880 2
581632 3
583937 1
585728 1
589824 1
593920 2
595048 1
598016 1
606208 1
616108 1
620003 1
626688 4
634880 5
638976 5
642212 1
643072 1
646144 1
647168 1
651264 1
655360 1
660281 1
663552 1
666808 1
675840 1
675912 1
679936 1
683473 1
684032 1
688128 1
696320 2
703264 1
705660 1
710864 1
716800 1
741376 1
745472 2
751224 2
757760 1
761856 2
769316 1
773348 1
786432 1
788184 1
789417 1
790528 1
799572 1
815104 4
819860 1
827392 3
830955 1
836768 1
837776 1
843776 1
846840 1
847872 1
860160 2
870608 1
871492 1
888832 2
901120 1
905625 1
907712 1
914150 1
917504 3
935936 1
942080 2
948672 2
954368 1
966656 1
971318 1
973248 2
978944 1
981440 1
981869 1
983044 2
987136 1
988220 1
993944 1
1026496 1
1038784 2
1056768 1
1057920 1
1085440 1
1134592 1
1191936 1
1220608 2
1224704 1
1229510 1
1232896 2
1237888 1
1258688 1
1273856 1
1277952 1
1286144 1
1290240 1
1306624 1
1323008 1
1341888 1
1355776 1
1359872 1
1372160 1
1376256 1
1380352 1
1396736 1
1417216 1
1449984 1
1458176 1
1499136 1
1511424 2
1531904 1
1564672 1
1576960 1
1591744 2
1605632 1
1646592 1
1679360 1
1696404 1
1703936 1
1721583 1
1728512 1
1765376 1
1781760 1
1788352 1
1794048 1
1818624 1
1855488 1
1933596 1
1934575 1
1953792 1
2115904 1
2121728 1
2215936 1
2240512 1
2333112 1
2387872 1
2547712 1
2565972 1
2750912 1
2753264 1
2767296 1
2809856 1
2831300 1
2846720 2
2893212 1
2924544 1
3272704 1
3349709 1
3364079 1
3469312 1
3618816 1
3642316 1
3668416 1
3803584 1
5402624 1
6068704 2
6234112 1
7099092 1
7290880 1
9131772 1
15532032 1
15597568 1
