0 171
1 2
2 2
3 5
4 2
5 2
6 1
8 86
9 4
10 17
11 5
12 7
13 22
14 7
15 5
16 7
17 5
18 1
19 3
20 5
21 5
22 10
23 3
24 117
25 16
26 3
27 5
28 8
29 3
30 20
31 9
32 13
33 11
34 13
35 7
36 14
38 3
39 5
40 10
41 6
42 4
43 5
44 8
45 4
46 5
47 4
48 8
49 7
50 3
51 5
52 4
53 2
54 4
55 2
56 2
57 1
58 3
59 3
60 6
61 1
62 4
63 4
64 4
65 5
66 6
67 6
68 5
69 1
70 3
71 1
72 7
73 3
74 3
75 4
76 2
77 5
78 4
79 2
80 5
81 4
82 5
84 1
85 1
86 10
87 12
88 12
90 5
91 1
92 2
93 12
94 2
95 2
96 3
97 5
98 4
99 3
101 3
102 2
103 8
106 1
107 2
108 6
109 2
111 3
112 9
113 1
114 2
115 3
116 2
117 2
118 3
119 2
120 2
121 26
122 3
123 1
124 6
125 3
127 1
128 10
129 1
130 4
131 3
132 3
133 3
134 1
135 12
136 3
137 1
138 3
140 3
141 4
142 1
143 3
144 3
145 2
146 4
147 1
148 1
149 1
150 4
153 1
154 3
155 2
156 3
157 1
158 1
159 1
160 4
161 1
162 1
163 3
164 1
165 2
166 4
167 1
168 3
169 2
170 2
171 1
172 1
173 1
174 5
175 2
176 1
177 3
178 2
179 1
180 3
182 3
184 1
185 1
186 4
187 1
188 1
189 1
190 1
191 4
193 3
194 4
195 1
196 6
197 2
198 5
199 1
200 12
201 2
202 1
203 5
206 7
207 4
208 9
209 2
210 3
211 5
212 7
213 3
214 1
215 2
216 3
217 2
218 1
219 1
220 4
221 1
222 4
223 4
224 15
227 1
228 6
229 8
230 2
231 3
232 4
234 5
236 3
237 2
238 6
239 11
240 11
241 3
242 2
243 1
244 2
245 2
246 3
247 3
249 9
251 4
252 10
253 7
254 2
255 2
256 3
257 4
258 1
259 2
260 1
261 1
262 2
265 1
266 4
267 2
268 3
269 1
270 5
271 1
272 1
273 2
274 6
275 2
276 6
277 6
278 2
279 1
280 6
281 1
285 2
287 2
288 4
289 2
290 1
292 3
293 6
294 1
295 1
298 1
299 1
301 2
302 2
303 10
304 1
305 1
306 5
307 2
308 3
309 5
310 2
311 4
312 1
313 7
314 1
315 1
316 3
317 13
318 2
319 2
320 3
321 9
322 2
323 4
325 1
326 1
330 18
331 1
332 3
333 2
334 4
336 4
337 2
338 7
339 2
340 6
341 1
342 2
343 4
344 7
345 1
346 1
347 2
349 5
350 3
351 4
352 1
353 3
354 2
356 2
357 1
358 2
359 1
360 1
362 2
363 5
364 1
365 1
366 4
368 2
369 2
370 4
371 3
372 3
373 5
374 50
375 1
376 2
377 1
378 3
379 1
380 4
381 2
382 1
383 5
384 2
385 2
386 1
387 6
388 3
389 1
393 3
394 1
395 4
396 4
397 2
398 2
399 1
400 3
401 3
402 2
403 4
405 4
406 1
408 1
409 2
410 3
411 4
412 2
413 3
414 10
415 3
416 1
417 1
419 1
420 5
421 5
422 1
423 1
424 1
425 14
426 1
427 1
428 2
429 1
430 3
431 3
432 4
434 3
435 1
436 2
438 6
439 2
440 2
441 1
442 3
443 3
444 3
445 3
446 3
447 5
448 4
449 1
450 1
451 3
452 2
453 3
454 6
455 1
456 4
457 2
458 3
459 3
460 2
461 2
462 3
463 3
464 3
465 1
466 2
467 3
468 6
469 2
470 2
471 2
472 3
473 15
474 4
475 5
477 4
479 3
480 3
481 2
482 3
483 2
484 3
485 2
486 2
488 6
490 2
491 2
494 3
495 1
496 2
497 3
498 2
499 1
500 2
501 1
502 4
503 1
504 2
505 6
506 1
507 2
508 2
509 4
510 6
511 8
512 2
513 5
514 1
515 3
516 1
517 1
518 2
519 7
520 3
521 4
522 5
523 4
524 4
525 1
526 2
528 4
529 6
530 2
531 2
532 2
533 2
534 4
535 10
536 3
537 8
538 1
540 2
541 4
542 4
543 2
544 3
545 10
546 2
547 2
548 4
549 1
550 9
552 2
553 4
554 2
555 4
556 1
557 13
558 2
559 10
560 1
561 3
562 4
563 2
564 4
565 1
566 1
567 2
569 3
570 11
574 2
575 1
576 1
577 1
578 14
579 3
580 4
581 7
582 1
584 1
585 2
586 2
587 3
588 5
590 2
591 1
593 1
594 6
595 1
596 6
597 6
598 2
599 4
600 3
601 1
602 6
603 1
604 2
605 1
606 1
607 1
608 6
609 2
610 1
611 2
613 2
614 4
615 5
616 4
617 6
618 3
619 2
620 2
621 3
622 1
624 2
625 4
626 3
627 6
628 2
630 10
631 1
632 5
633 1
635 1
636 5
637 3
639 1
640 3
641 2
643 3
644 3
645 1
646 2
647 3
648 3
649 3
650 4
651 4
653 4
654 2
655 8
656 18
657 4
658 1
659 2
660 4
661 2
662 3
663 4
664 2
665 2
667 1
668 1
669 5
670 3
671 4
672 2
673 3
676 2
679 3
680 2
681 3
682 1
683 3
684 5
686 4
688 3
689 4
690 3
691 2
692 2
693 3
694 6
695 1
696 1
697 2
698 1
700 3
701 4
702 1
703 1
704 1
705 4
706 4
707 1
708 5
709 2
710 3
711 2
712 3
713 2
714 13
715 61
716 6
717 1
718 2
719 3
720 2
721 1
722 6
723 1
724 3
725 4
726 2
727 4
728 50
729 1
730 2
731 2
732 2
734 1
735 2
736 10
737 3
738 3
740 1
741 1
742 1
743 2
744 2
745 3
746 4
747 4
748 1
749 3
750 2
751 3
752 4
753 1
754 2
755 1
756 1
757 1
758 1
759 4
760 6
761 2
762 3
763 3
764 1
765 11
766 4
767 2
768 4
769 5
770 2
771 5
772 2
773 1
774 1
775 8
776 3
777 3
778 3
779 2
780 1
781 3
782 4
785 3
786 6
787 3
788 2
789 2
791 3
793 3
794 1
795 2
796 6
797 3
799 2
800 3
801 1
802 2
803 1
804 4
805 4
806 1
807 6
808 8
809 6
810 2
811 2
812 5
813 2
814 2
816 5
817 3
818 1
821 2
822 6
823 13
824 2
825 2
826 1
827 4
828 1
829 2
830 3
831 5
832 2
834 1
835 1
836 1
837 8
838 2
840 5
841 4
842 3
843 2
844 2
846 4
847 3
848 6
849 2
850 2
851 3
852 8
853 2
854 6
855 1
856 1
857 1
858 3
859 5
860 3
861 5
863 2
864 5
865 2
866 1
868 2
869 5
870 1
871 3
872 2
873 3
874 6
875 4
876 2
877 2
878 4
879 1
881 1
882 1
883 2
884 3
885 4
887 1
888 5
889 6
890 2
891 1
892 2
893 2
894 8
895 1
896 3
897 3
899 3
900 1
901 3
902 2
903 17
904 2
905 4
906 1
907 6
908 9
910 1
911 4
912 4
913 1
914 2
915 1
916 1
918 2
919 2
921 4
922 2
923 3
924 2
926 5
927 2
928 3
930 4
931 3
932 2
933 1
934 1
936 34
937 1
938 1
939 3
940 4
941 2
942 2
943 2
944 1
945 3
946 10
947 2
948 1
949 3
950 2
951 2
952 2
954 1
955 1
956 8
957 1
958 1
959 5
960 9
962 1
964 1
965 1
966 2
967 1
968 1
969 2
970 2
971 6
972 4
976 3
977 1
978 1
980 4
981 1
983 1
984 5
986 2
987 2
989 1
990 5
991 2
992 2
993 2
994 6
995 1
996 2
997 4
998 5
999 4
1000 3
1001 3
1002 3
1003 1
1004 1
1005 1
1007 1
1008 2
1010 1
1011 3
1012 4
1013 1
1014 5
1015 3
1016 1
1018 2
1020 1
1022 3
1024 778
1025 2
1026 4
1027 2
1028 3
1029 1
1030 2
1031 1
1032 4
1036 1
1038 1
1039 1
1040 1
1041 1
1042 5
1043 4
1044 3
1045 2
1046 2
1047 5
1048 8
1050 2
1051 1
1053 12
1054 2
1055 1
1056 3
1057 1
1058 4
1059 3
1060 2
1061 3
1062 7
1063 4
1064 2
1065 2
1067 1
1068 2
1069 1
1070 2
1071 5
1072 2
1073 6
1074 2
1076 2
1077 3
1078 1
1081 3
1082 2
1083 3
1084 1
1085 3
1086 2
1087 5
1089 3
1091 2
1094 1
1096 4
1097 1
1098 2
1099 1
1101 1
1102 4
1103 1
1104 3
1105 4
1106 5
1107 1
1108 4
1109 2
1110 5
1111 4
1112 7
1113 2
1114 1
1115 2
1116 2
1117 3
1118 3
1119 2
1120 5
1121 2
1122 2
1124 6
1125 2
1127 1
1128 1
1129 3
1130 1
1131 3
1133 1
1134 12
1135 3
1136 1
1138 2
1139 1
1140 2
1141 1
1142 1
1143 4
1144 2
1145 2
1146 1
1147 1
1148 2
1149 1
1150 1
1151 1
1153 1
1154 1
1155 1
1156 1
1157 1
1158 1
1159 4
1160 2
1161 3
1162 1
1163 2
1164 2
1165 5
1166 5
1167 1
1168 1
1169 2
1170 2
1171 2
1172 1
1174 4
1175 4
1177 1
1178 4
1179 3
1180 1
1181 1
1182 2
1183 1
1184 1
1186 4
1187 1
1188 2
1189 3
1190 6
1191 3
1192 1
1195 6
1196 4
1197 1
1199 5
1200 3
1203 2
1204 1
1206 1
1207 2
1208 7
1209 1
1210 3
1211 1
1212 2
1216 5
1217 2
1218 3
1219 2
1220 1
1221 1
1222 3
1223 2
1224 2
1225 1
1226 1
1229 2
1230 1
1233 1
1234 2
1235 1
1236 1
1238 1
1239 1
1240 1
1241 2
1243 1
1245 5
1246 1
1247 1
1248 1
1250 1
1251 1
1254 3
1255 3
1256 1
1257 2
1258 1
1259 3
1261 2
1262 2
1263 5
1265 2
1266 4
1267 1
1268 2
1269 1
1270 3
1271 1
1272 1
1273 3
1274 3
1275 2
1276 1
1278 4
1280 1
1281 1
1283 1
1284 4
1286 1
1287 3
1288 2
1290 1
1291 3
1293 1
1294 7
1295 2
1296 4
1297 2
1298 3
1299 1
1300 1
1301 2
1303 4
1304 3
1305 1
1306 1
1307 1
1308 5
1309 1
1310 3
1311 1
1312 2
1313 2
1314 4
1315 1
1317 2
1318 3
1319 6
1320 3
1322 3
1323 3
1324 7
1325 3
1326 2
1327 4
1328 2
1329 2
1330 2
1331 4
1332 5
1333 2
1334 4
1335 1
1336 8
1337 1
1338 1
1339 6
1340 5
1341 3
1342 4
1343 1
1344 1
1345 4
1346 5
1348 3
1349 3
1350 1
1351 7
1352 5
1354 1
1355 3
1356 3
1357 1
1358 2
1359 3
1360 5
1361 4
1362 3
1363 2
1364 2
1365 4
1366 3
1367 4
1368 4
1369 7
1370 5
1371 4
1372 2
1373 2
1374 6
1375 2
1376 4
1377 3
1378 2
1379 2
1380 4
1381 2
1382 3
1383 4
1385 6
1386 4
1387 2
1388 1
1389 3
1390 3
1391 4
1392 2
1393 1
1395 4
1397 2
1398 2
1399 1
1402 1
1403 5
1404 1
1405 4
1406 2
1407 3
1408 9
1409 3
1410 3
1411 4
1412 2
1414 3
1415 2
1416 1
1417 1
1418 2
1420 1
1421 3
1422 1
1423 1
1424 3
1425 1
1426 4
1427 2
1428 5
1429 2
1430 5
1432 6
1433 5
1434 4
1435 1
1436 4
1437 1
1438 3
1439 3
1440 4
1442 1
1445 2
1446 2
1449 8
1450 2
1451 4
1452 3
1453 2
1454 1
1455 2
1456 4
1457 4
1458 3
1459 1
1460 3
1461 7
1462 2
1463 2
1464 4
1465 3
1466 5
1467 6
1468 6
1469 2
1470 5
1471 4
1472 1
1473 6
1474 2
1475 3
1476 5
1477 1
1478 1
1479 2
1480 2
1481 2
1482 2
1483 1
1485 1
1487 1
1488 2
1489 1
1490 4
1492 1
1493 8
1494 4
1497 3
1498 2
1499 1
1500 1
1501 1
1502 5
1503 2
1504 2
1505 4
1506 2
1507 2
1508 4
1509 1
1510 3
1511 1
1513 4
1514 1
1515 5
1516 1
1517 2
1518 1
1519 3
1520 7
1521 3
1522 2
1524 4
1525 2
1526 3
1527 1
1529 1
1530 1
1531 2
1532 3
1533 1
1534 2
1535 3
1536 19
1537 2
1538 4
1539 4
1540 2
1542 4
1543 8
1544 2
1546 7
1547 4
1548 2
1549 5
1550 1
1551 1
1552 9
1554 1
1555 3
1557 5
1558 2
1559 1
1560 1
1561 3
1563 2
1564 1
1565 2
1566 3
1567 1
1568 1
1569 3
1570 2
1571 7
1572 3
1573 4
1575 3
1576 1
1577 3
1578 4
1579 2
1580 4
1581 3
1583 2
1584 4
1585 1
1586 1
1587 3
1588 3
1589 9
1590 2
1591 4
1592 4
1593 1
1594 4
1596 2
1597 2
1598 1
1600 5
1603 3
1604 1
1605 2
1606 1
1607 1
1608 1
1609 2
1610 3
1611 6
1612 1
1613 2
1614 1
1615 3
1616 1
1617 1
1618 1
1619 1
1620 2
1621 2
1622 1
1623 5
1624 2
1625 1
1627 2
1628 1
1629 1
1630 2
1634 1
1635 1
1637 2
1639 1
1640 1
1641 1
1642 2
1645 2
1646 5
1647 2
1649 2
1650 2
1652 3
1655 6
1656 2
1657 1
1658 1
1659 1
1660 2
1661 3
1662 1
1663 4
1665 6
1666 2
1667 2
1669 2
1672 1
1673 2
1674 2
1677 1
1678 1
1679 1
1680 1
1681 1
1682 1
1683 2
1685 1
1687 4
1688 4
1689 3
1690 4
1691 1
1692 2
1693 2
1694 1
1695 2
1696 1
1697 4
1698 1
1699 2
1700 3
1701 5
1703 3
1704 5
1705 1
1706 3
1708 3
1710 4
1711 2
1712 1
1713 4
1714 1
1715 8
1716 1
1717 1
1718 1
1719 1
1720 1
1721 1
1723 2
1724 2
1725 2
1726 5
1727 5
1728 1
1729 1
1730 1
1731 2
1732 1
1734 1
1735 2
1736 4
1738 2
1739 2
1740 1
1741 3
1742 3
1745 3
1746 1
1747 1
1748 2
1750 2
1751 3
1754 2
1755 1
1756 1
1760 3
1761 1
1762 1
1763 1
1764 1
1766 2
1768 1
1769 2
1770 1
1771 1
1777 1
1778 2
1781 1
1782 1
1783 1
1784 2
1785 1
1786 1
1790 1
1792 18
1794 1
1796 2
1797 2
1798 3
1799 4
1801 1
1802 4
1803 4
1804 1
1807 1
1808 1
1809 2
1810 2
1811 1
1812 1
1814 2
1815 1
1816 1
1817 1
1818 1
1820 3
1821 1
1822 2
1826 3
1827 3
1828 1
1829 3
1830 2
1833 4
1835 3
1836 3
1837 1
1838 3
1839 1
1840 2
1841 1
1844 3
1845 2
1846 1
1847 2
1849 3
1851 2
1852 2
1853 1
1854 2
1856 1
1857 1
1858 2
1859 2
1860 1
1862 3
1863 13
1864 1
1865 4
1866 2
1867 7
1868 1
1869 1
1871 4
1873 1
1874 1
1876 2
1877 1
1878 1
1879 2
1880 4
1881 1
1883 2
1884 1
1885 14
1886 13
1887 3
1888 13
1889 3
1891 1
1892 1
1894 1
1896 1
1897 4
1898 3
1899 1
1900 1
1902 2
1903 3
1904 3
1905 2
1906 1
1907 2
1909 3
1910 2
1911 3
1912 1
1915 1
1917 1
1919 1
1920 2
1921 2
1922 2
1923 5
1924 1
1925 1
1927 3
1928 16
1929 1
1931 1
1932 2
1933 2
1935 2
1937 1
1938 1
1940 4
1941 2
1943 1
1944 3
1945 2
1946 3
1947 1
1948 3
1949 3
1951 4
1954 1
1955 4
1956 2
1957 2
1958 1
1959 1
1960 1
1961 1
1962 3
1963 4
1964 1
1965 1
1967 1
1969 2
1970 1
1971 1
1972 2
1973 1
1974 1
1975 1
1978 2
1979 1
1981 1
1983 1
1984 2
1985 2
1987 6
1988 4
1991 1
1993 1
1994 3
1995 1
1996 2
1998 1
2000 1
2001 2
2002 2
2003 2
2005 2
2007 2
2008 1
2009 1
2010 1
2012 4
2014 2
2015 1
2016 2
2017 3
2018 2
2022 1
2023 2
2026 3
2028 1
2030 1
2031 5
2032 1
2034 1
2035 2
2036 1
2037 1
2038 1
2039 1
2044 1
2045 1
2046 5
2047 3
2048 52
2049 3
2050 2
2054 1
2056 1
2060 1
2061 1
2062 1
2063 1
2065 1
2066 1
2067 2
2068 3
2069 3
2070 1
2072 2
2073 1
2075 3
2076 2
2077 1
2078 3
2080 1
2081 4
2082 1
2084 1
2085 1
2086 1
2087 1
2089 2
2090 2
2091 2
2092 2
2093 2
2096 1
2098 2
2099 1
2101 2
2102 1
2103 2
2105 2
2106 2
2107 1
2112 3
2113 1
2114 1
2115 2
2116 2
2117 1
2118 3
2119 3
2120 1
2123 1
2124 3
2125 2
2127 1
2128 2
2131 2
2132 1
2134 2
2135 1
2136 1
2137 2
2138 2
2139 1
2140 4
2141 3
2144 2
2146 1
2147 1
2148 5
2149 3
2150 5
2151 4
2156 2
2157 1
2158 1
2159 3
2160 3
2162 2
2163 4
2164 1
2165 2
2167 1
2169 2
2170 3
2172 1
2173 1
2174 2
2176 2
2177 2
2178 5
2179 2
2180 2
2181 1
2182 3
2183 2
2184 1
2185 2
2186 1
2187 2
2188 2
2189 1
2190 2
2191 1
2192 21
2194 1
2195 1
2196 2
2199 1
2200 1
2202 3
2203 1
2204 3
2205 3
2207 1
2209 1
2210 2
2211 3
2213 1
2214 2
2215 2
2218 2
2221 1
2222 1
2223 3
2224 1
2225 1
2226 1
2227 4
2228 1
2229 3
2230 4
2231 2
2233 2
2234 2
2235 4
2236 1
2237 1
2239 5
2242 2
2243 2
2246 1
2249 1
2250 3
2251 1
2252 2
2253 1
2255 2
2258 1
2259 1
2260 5
2261 2
2262 3
2264 1
2265 2
2266 2
2268 1
2269 1
2270 1
2273 1
2275 1
2276 2
2277 2
2280 2
2287 1
2288 1
2289 2
2290 2
2291 2
2292 1
2294 1
2295 1
2296 4
2303 1
2304 4
2306 2
2307 1
2309 1
2310 1
2311 2
2312 4
2313 1
2317 1
2319 2
2323 3
2325 1
2327 2
2328 2
2329 1
2332 3
2333 1
2334 1
2335 1
2337 2
2338 2
2339 1
2340 1
2341 2
2342 1
2343 2
2345 2
2348 1
2349 1
2350 7
2351 1
2354 3
2359 2
2360 2
2361 2
2365 2
2367 1
2368 1
2370 1
2371 2
2374 1
2375 2
2379 2
2380 1
2382 1
2383 1
2385 1
2386 1
2387 4
2388 3
2389 2
2394 1
2395 1
2396 1
2397 2
2399 2
2401 4
2402 1
2403 1
2404 1
2405 3
2407 3
2408 2
2409 1
2411 3
2413 1
2416 2
2418 1
2419 1
2420 1
2422 3
2424 2
2425 2
2426 1
2429 3
2430 3
2431 1
2432 21
2433 2
2434 1
2435 1
2436 3
2438 2
2441 1
2442 1
2443 1
2448 3
2450 1
2452 3
2454 1
2455 1
2456 3
2457 1
2458 1
2460 2
2462 1
2463 2
2464 1
2465 5
2466 1
2468 1
2469 1
2470 1
2475 1
2476 4
2477 1
2479 1
2483 1
2484 1
2487 3
2490 2
2491 1
2492 1
2496 1
2497 1
2498 1
2499 1
2501 3
2503 1
2505 1
2506 3
2507 4
2510 1
2511 2
2512 1
2513 1
2515 1
2516 1
2517 2
2518 1
2519 3
2522 1
2527 2
2529 2
2532 2
2533 2
2537 1
2538 1
2541 1
2542 4
2543 1
2546 2
2547 1
2550 3
2551 2
2552 2
2553 2
2555 3
2556 4
2558 1
2560 14
2561 1
2562 1
2564 1
2565 1
2568 1
2570 1
2572 1
2574 1
2577 1
2578 1
2580 1
2583 3
2585 1
2587 1
2589 1
2590 1
2591 2
2592 4
2593 6
2594 1
2597 1
2600 1
2601 2
2604 2
2605 1
2608 1
2609 1
2610 1
2612 2
2614 1
2616 1
2619 1
2620 1
2621 5
2622 6
2624 22
2626 6
2628 1
2629 3
2630 1
2634 2
2636 1
2640 3
2643 2
2645 1
2648 1
2649 1
2650 2
2652 5
2654 15
2655 1
2662 2
2663 1
2664 1
2666 1
2667 3
2670 3
2674 1
2677 2
2678 2
2679 2
2680 1
2685 1
2686 2
2688 4
2690 1
2692 1
2694 1
2695 1
2696 1
2697 2
2700 5
2702 1
2703 1
2706 4
2708 2
2710 1
2711 2
2713 2
2715 1
2716 1
2717 3
2718 2
2721 1
2722 3
2723 1
2724 2
2725 1
2726 1
2727 4
2728 1
2729 1
2731 1
2732 2
2733 1
2735 1
2736 2
2737 2
2739 1
2740 3
2741 2
2743 1
2744 3
2745 2
2746 5
2747 3
2748 2
2749 1
2750 3
2751 1
2752 3
2753 1
2754 7
2755 3
2758 3
2760 1
2762 1
2763 2
2764 2
2766 1
2769 3
2772 1
2773 2
2775 3
2777 1
2778 1
2780 2
2785 1
2786 1
2789 1
2792 1
2795 1
2796 1
2797 2
2798 1
2800 1
2802 1
2803 1
2804 1
2805 1
2806 2
2809 1
2811 2
2812 2
2813 1
2816 1
2817 2
2820 3
2821 2
2822 2
2825 1
2828 6
2829 3
2833 2
2834 5
2836 1
2844 1
2845 1
2846 1
2848 1
2852 2
2853 1
2855 1
2856 2
2858 1
2860 1
2861 1
2862 3
2863 1
2864 1
2865 2
2867 3
2869 4
2871 8
2873 2
2880 1
2882 3
2885 1
2887 1
2888 2
2889 1
2891 3
2892 2
2894 1
2895 1
2900 1
2905 1
2910 1
2912 2
2913 1
2916 1
2921 1
2922 1
2923 3
2925 2
2927 1
2928 2
2930 5
2933 1
2934 2
2935 1
2936 1
2937 1
2939 1
2940 1
2941 1
2942 2
2943 1
2945 1
2946 1
2950 1
2952 1
2953 2
2955 1
2956 2
2957 1
2961 1
2963 3
2966 1
2967 2
2969 1
2972 1
2973 1
2974 1
2976 3
2977 7
2978 2
2979 2
2980 1
2981 1
2982 1
2983 2
2984 3
2986 2
2987 5
2988 2
2990 1
2991 1
2992 4
2995 3
2998 1
3000 2
3006 1
3008 1
3010 1
3011 3
3012 2
3013 1
3014 1
3016 2
3017 2
3018 1
3021 1
3026 1
3027 3
3028 2
3029 1
3030 2
3032 1
3034 1
3036 4
3037 3
3038 3
3039 1
3040 3
3041 2
3043 2
3048 3
3053 3
3054 1
3055 1
3056 1
3059 1
3064 1
3071 1
3072 30
3073 1
3074 1
3075 2
3078 1
3080 6
3082 1
3083 3
3084 1
3090 1
3091 2
3095 1
3096 2
3097 1
3100 2
3103 1
3104 1
3105 1
3110 1
3113 2
3114 1
3116 1
3117 1
3119 1
3121 1
3123 1
3127 1
3129 1
3130 2
3133 1
3134 1
3140 1
3145 1
3146 2
3148 1
3149 1
3155 1
3158 1
3159 3
3161 1
3162 4
3165 1
3166 2
3171 2
3172 2
3173 1
3174 1
3175 1
3176 1
3177 1
3179 1
3183 1
3185 1
3186 2
3187 2
3188 2
3191 2
3196 1
3197 1
3199 3
3200 7
3204 2
3205 1
3208 1
3209 1
3212 2
3214 2
3216 1
3217 3
3218 2
3219 4
3221 3
3222 1
3223 3
3224 1
3225 3
3233 2
3234 1
3235 1
3236 1
3237 2
3240 1
3241 2
3244 1
3245 1
3246 1
3249 2
3251 2
3253 1
3254 1
3255 1
3260 1
3262 1
3266 1
3267 1
3268 3
3274 2
3275 1
3276 2
3277 1
3280 1
3281 1
3282 1
3283 1
3287 1
3289 1
3290 1
3294 1
3295 7
3301 1
3303 2
3304 2
3305 1
3306 4
3308 1
3309 1
3313 1
3315 1
3319 1
3320 1
3321 1
3323 3
3326 2
3328 1
3329 1
3332 1
3334 2
3337 1
3339 2
3340 1
3342 1
3343 1
3344 3
3350 1
3354 2
3356 1
3360 2
3362 1
3363 1
3364 2
3369 1
3370 1
3374 1
3376 1
3381 1
3383 2
3390 3
3391 2
3393 1
3402 3
3408 2
3410 1
3411 1
3412 1
3414 2
3417 1
3419 1
3421 1
3423 1
3426 1
3429 1
3431 2
3432 1
3433 1
3435 1
3436 1
3438 1
3439 1
3440 4
3441 3
3442 2
3447 1
3448 1
3451 1
3456 1
3461 2
3463 3
3465 2
3466 1
3467 1
3468 1
3471 1
3472 1
3473 1
3476 1
3478 1
3479 1
3481 1
3482 2
3484 1
3485 1
3486 1
3488 1
3490 1
3493 2
3494 1
3495 1
3496 3
3497 1
3498 3
3500 1
3502 2
3505 1
3508 2
3510 5
3511 1
3513 2
3515 2
3517 1
3525 1
3526 2
3529 2
3530 1
3533 3
3535 1
3536 2
3537 2
3541 1
3547 2
3548 5
3549 1
3550 1
3552 2
3555 2
3558 4
3559 1
3560 1
3565 1
3566 1
3573 1
3574 1
3575 1
3576 1
3577 2
3581 1
3584 8
3585 1
3586 3
3587 1
3588 1
3591 2
3592 1
3593 1
3594 1
3595 1
3609 1
3614 1
3615 1
3618 1
3619 1
3620 1
3624 1
3625 1
3626 2
3627 1
3629 1
3630 2
3634 1
3636 1
3641 3
3642 2
3646 1
3647 1
3649 1
3650 5
3655 1
3656 1
3658 1
3663 2
3665 1
3666 1
3667 3
3669 1
3670 1
3672 1
3675 3
3676 1
3678 1
3680 1
3685 1
3688 2
3691 1
3692 1
3694 1
3697 2
3698 1
3703 3
3704 1
3712 2
3716 1
3718 2
3720 4
3721 1
3723 3
3724 4
3726 2
3728 5
3731 9
3732 6
3737 3
3741 1
3742 1
3743 5
3744 2
3745 2
3746 2
3747 1
3748 1
3749 1
3750 2
3756 2
3762 8
3763 2
3770 1
3778 1
3779 3
3780 1
3781 8
3783 1
3784 2
3788 3
3789 1
3792 1
3795 2
3798 1
3800 5
3801 2
3802 1
3805 1
3806 2
3807 3
3808 1
3810 1
3812 1
3813 2
3814 1
3815 1
3816 2
3818 1
3819 7
3820 1
3822 3
3823 1
3825 1
3826 3
3827 2
3828 2
3831 1
3832 1
3833 1
3834 2
3836 1
3838 12
3842 1
3843 2
3844 2
3845 1
3846 1
3847 1
3848 1
3849 1
3850 1
3852 1
3854 2
3857 9
3864 1
3865 2
3867 1
3869 1
3870 1
3873 1
3875 1
3876 1
3881 1
3886 3
3888 2
3894 1
3895 1
3896 1
3899 2
3901 1
3902 1
3903 1
3904 2
3907 1
3908 1
3910 1
3913 1
3914 1
3916 1
3917 1
3919 2
3921 1
3922 1
3925 1
3927 2
3928 1
3929 1
3931 2
3934 2
3935 1
3940 2
3941 1
3942 1
3945 1
3946 1
3950 1
3953 1
3955 2
3956 1
3957 2
3960 1
3965 1
3966 4
3968 2
3975 1
3976 1
3977 1
3984 2
3985 2
3986 1
3987 7
3989 1
3990 1
3993 1
3994 1
3996 1
3997 1
3998 2
4001 1
4003 1
4006 2
4007 1
4008 2
4009 1
4012 2
4015 1
4016 1
4017 2
4019 1
4020 2
4021 1
4022 1
4028 2
4031 1
4032 1
4033 1
4040 1
4041 2
4042 1
4043 4
4047 2
4048 1
4049 5
4050 1
4057 1
4059 5
4060 1
4061 1
4062 1
4063 2
4064 1
4066 1
4068 1
4072 2
4076 1
4085 2
4088 2
4091 1
4094 1
4096 31
4099 1
4100 2
4101 2
4103 1
4104 1
4105 2
4106 1
4108 1
4111 1
4112 2
4120 1
4121 1
4124 1
4125 2
4128 3
4129 2
4130 2
4134 1
4135 1
4144 1
4145 1
4150 2
4153 8
4159 1
4161 1
4165 1
4166 3
4169 1
4174 1
4175 1
4179 1
4182 1
4184 2
4185 2
4192 1
4193 1
4195 1
4197 6
4206 1
4208 1
4210 3
4212 2
4213 1
4215 1
4217 6
4219 1
4220 1
4221 1
4227 2
4234 1
4237 1
4241 3
4245 1
4246 3
4251 1
4252 1
4255 1
4256 1
4258 1
4260 1
4261 1
4263 2
4264 1
4265 1
4268 1
4269 1
4270 1
4272 1
4277 1
4278 1
4281 1
4288 1
4289 1
4290 1
4291 1
4293 1
4295 1
4298 1
4304 3
4306 1
4308 1
4315 1
4319 6
4325 3
4326 1
4327 1
4335 1
4336 3
4338 1
4341 1
4346 2
4348 2
4349 2
4350 1
4352 4
4356 1
4358 1
4359 1
4364 1
4365 1
4368 1
4372 1
4373 1
4382 2
4383 1
4384 3
4395 2
4396 1
4404 2
4405 1
4411 1
4412 2
4419 2
4421 1
4424 1
4425 1
4427 1
4430 1
4432 2
4435 1
4445 1
4447 1
4448 1
4453 1
4455 5
4457 2
4458 1
4460 1
4463 2
4467 2
4468 1
4473 1
4478 1
4482 1
4483 1
4484 1
4485 1
4486 1
4488 1
4497 3
4500 1
4502 6
4503 1
4504 1
4506 1
4510 2
4512 3
4525 1
4528 1
4532 1
4537 1
4539 2
4540 1
4541 1
4544 2
4546 1
4550 2
4551 3
4552 1
4556 1
4560 1
4561 1
4562 1
4569 1
4575 1
4581 3
4582 1
4588 1
4592 1
4595 1
4597 1
4599 1
4601 2
4603 3
4606 2
4608 35
4612 1
4613 2
4617 1
4619 1
4620 1
4627 1
4634 1
4637 1
4639 1
4649 1
4651 2
4654 1
4655 1
4658 2
4659 1
4666 1
4668 1
4671 1
4672 2
4674 2
4678 1
4680 1
4683 2
4684 2
4685 1
4688 4
4689 3
4695 1
4698 1
4704 5
4710 1
4714 1
4721 1
4723 1
4731 1
4732 1
4734 1
4735 4
4736 1
4737 1
4741 1
4742 1
4745 1
4760 1
4764 1
4767 1
4768 2
4769 1
4773 1
4774 1
4775 1
4776 1
4779 5
4780 2
4783 1
4787 2
4791 2
4792 4
4793 1
4794 2
4800 1
4801 1
4802 1
4808 1
4810 1
4812 1
4813 1
4814 1
4816 1
4820 1
4826 1
4832 1
4839 2
4841 2
4844 1
4845 1
4849 4
4850 1
4851 1
4859 1
4863 2
4864 130
4866 1
4867 1
4869 1
4871 3
4874 1
4876 2
4879 1
4880 1
4883 7
4885 1
4886 6
4889 1
4895 2
4896 1
4898 2
4902 2
4907 1
4910 1
4915 1
4918 1
4929 1
4930 1
4932 2
4933 1
4934 1
4938 2
4940 2
4951 1
4955 1
4959 1
4963 1
4966 1
4971 1
4972 2
4975 1
4976 1
4977 3
4980 1
4983 1
4995 2
4996 2
4997 3
5002 1
5010 1
5011 1
5012 1
5013 1
5016 1
5018 1
5019 3
5020 1
5023 1
5027 2
5031 2
5037 2
5039 1
5041 2
5048 1
5056 1
5057 1
5060 1
5072 1
5078 2
5080 2
5081 2
5083 1
5087 1
5088 3
5089 1
5094 1
5098 1
5100 1
5101 2
5103 3
5107 2
5115 1
5116 1
5118 1
5120 16
5123 1
5124 1
5126 1
5133 1
5134 3
5135 1
5138 1
5146 1
5150 3
5155 1
5160 2
5161 1
5162 1
5164 2
5168 3
5170 8
5172 1
5173 2
5176 2
5183 1
5185 2
5187 4
5189 1
5190 1
5194 1
5196 2
5199 1
5200 1
5201 2
5202 1
5206 1
5210 1
5211 1
5214 3
5216 1
5218 1
5225 2
5226 4
5228 1
5237 1
5238 1
5241 1
5242 3
5245 1
5246 1
5247 1
5248 2
5259 1
5261 6
5262 3
5264 2
5266 1
5277 2
5282 1
5287 1
5288 1
5291 1
5292 1
5293 1
5295 1
5303 1
5304 1
5310 1
5312 3
5314 1
5315 1
5317 4
5328 1
5330 1
5331 2
5333 1
5334 2
5338 1
5339 1
5352 1
5353 4
5357 1
5360 1
5363 2
5373 2
5374 1
5376 1
5379 1
5381 1
5384 2
5385 1
5387 1
5389 1
5391 2
5395 1
5400 1
5403 1
5406 2
5407 1
5410 1
5411 3
5417 2
5418 1
5424 1
5429 1
5433 1
5434 2
5436 2
5437 1
5438 2
5440 1
5441 2
5446 1
5450 1
5451 1
5453 2
5458 1
5459 1
5470 1
5472 1
5473 1
5474 4
5475 4
5476 1
5478 1
5485 3
5491 10
5492 1
5494 1
5495 1
5498 1
5500 1
5502 1
5504 1
5505 1
5506 1
5509 1
5510 3
5514 1
5523 1
5525 1
5527 1
5530 1
5535 1
5541 4
5549 1
5551 1
5553 1
5556 1
5559 1
5567 1
5572 1
5577 1
5580 1
5581 2
5583 1
5586 12
5594 2
5595 2
5606 1
5611 1
5616 1
5617 1
5618 1
5620 1
5622 2
5626 2
5628 5
5632 6
5633 1
5634 2
5636 2
5638 1
5640 1
5643 1
5644 1
5645 2
5654 2
5660 1
5664 2
5666 1
5667 7
5671 1
5683 1
5690 1
5691 1
5694 1
5697 1
5703 1
5710 1
5718 1
5719 3
5720 1
5727 1
5729 1
5732 3
5736 2
5737 1
5738 1
5741 2
5745 1
5750 1
5759 2
5764 1
5768 1
5771 1
5772 1
5778 1
5779 1
5784 2
5785 1
5786 1
5792 2
5795 2
5797 1
5803 1
5808 1
5815 1
5825 1
5830 1
5833 1
5835 2
5837 1
5839 1
5840 1
5841 1
5845 1
5846 1
5856 1
5858 1
5866 1
5867 3
5868 2
5869 1
5871 1
5873 2
5877 2
5881 1
5883 1
5890 1
5891 2
5899 1
5902 1
5910 1
5911 1
5912 1
5913 1
5915 1
5917 1
5919 1
5920 1
5922 3
5923 2
5934 3
5941 1
5945 1
5946 1
5953 1
5956 2
5968 3
5971 1
5972 1
5980 1
5982 1
5983 1
5984 14
5990 1
5992 1
6000 2
6001 2
6004 1
6007 1
6011 1
6013 2
6015 1
6016 1
6017 1
6018 1
6024 2
6025 1
6029 1
6044 1
6054 1
6059 1
6065 1
6066 2
6068 1
6069 1
6072 1
6074 1
6075 1
6082 1
6085 2
6088 1
6090 1
6102 2
6103 1
6105 1
6108 1
6112 2
6115 1
6116 1
6118 1
6120 2
6121 1
6123 2
6124 1
6125 1
6127 2
6129 1
6131 1
6132 1
6136 1
6137 1
6138 1
6140 1
6144 5
6145 1
6147 1
6151 2
6153 2
6155 1
6168 1
6177 1
6184 1
6191 1
6192 1
6194 1
6196 1
6206 1
6212 1
6219 1
6221 1
6224 1
6227 1
6228 1
6230 1
6231 1
6232 1
6233 1
6248 1
6253 3
6261 1
6266 1
6267 2
6269 2
6273 1
6275 1
6282 1
6286 1
6287 1
6288 1
6289 1
6290 1
6292 4
6297 1
6304 2
6305 1
6311 3
6320 1
6322 1
6325 1
6333 1
6336 1
6342 1
6344 2
6348 1
6358 3
6361 2
6364 1
6366 2
6369 1
6370 2
6378 1
6379 2
6381 1
6383 2
6385 2
6396 1
6397 1
6400 28
6407 1
6408 1
6413 1
6415 1
6426 1
6428 1
6430 1
6434 1
6437 1
6438 1
6443 1
6446 1
6455 2
6464 1
6466 1
6467 1
6475 2
6478 2
6485 1
6509 1
6519 1
6520 1
6521 2
6522 1
6526 1
6527 1
6528 1
6530 1
6535 1
6540 1
6544 1
6545 1
6546 1
6557 3
6559 2
6560 1
6568 1
6569 1
6576 1
6577 1
6585 1
6588 2
6597 4
6599 1
6602 1
6603 1
6604 1
6608 1
6623 2
6632 1
6633 1
6634 1
6635 1
6638 1
6641 1
6646 1
6656 13
6658 1
6662 1
6665 1
6667 1
6671 2
6682 1
6686 1
6689 1
6691 1
6700 2
6704 1
6705 1
6706 1
6712 1
6714 1
6730 2
6731 1
6732 1
6734 2
6742 1
6744 2
6750 2
6754 1
6761 4
6765 1
6766 1
6770 1
6772 3
6774 1
6775 1
6776 1
6778 2
6784 1
6785 1
6803 1
6804 1
6808 1
6816 1
6818 1
6819 2
6821 3
6844 1
6850 2
6851 2
6854 1
6855 1
6868 1
6870 1
6877 1
6882 1
6886 1
6895 2
6898 2
6902 1
6910 1
6912 1
6913 1
6914 1
6915 2
6916 1
6922 1
6923 1
6927 2
6930 2
6933 1
6934 1
6935 1
6936 1
6940 1
6947 2
6951 1
6952 2
6956 1
6972 1
6973 1
6981 1
7002 1
7011 1
7014 1
7023 1
7028 2
7029 1
7032 1
7036 2
7038 1
7039 1
7041 3
7046 1
7053 1
7058 1
7066 1
7069 1
7070 1
7073 1
7075 1
7076 1
7082 1
7085 1
7091 1
7093 1
7101 2
7104 1
7106 1
7108 1
7109 4
7117 1
7120 2
7126 2
7133 1
7134 1
7136 1
7137 1
7154 2
7156 1
7160 1
7163 1
7168 16
7169 1
7174 1
7175 2
7177 1
7178 2
7182 1
7184 1
7187 1
7196 2
7201 1
7202 1
7208 2
7210 1
7219 1
7220 2
7222 2
7224 1
7225 1
7232 1
7240 2
7241 1
7242 1
7244 1
7248 1
7256 1
7257 1
7260 1
7262 1
7266 2
7268 2
7278 1
7280 2
7283 1
7284 1
7289 1
7293 1
7299 1
7300 1
7302 1
7307 1
7312 1
7314 1
7325 1
7328 2
7337 1
7343 1
7347 3
7351 1
7354 1
7355 1
7366 1
7367 1
7369 1
7370 1
7374 3
7377 1
7381 1
7384 1
7391 1
7396 1
7400 1
7402 1
7406 2
7408 1
7411 1
7419 1
7434 1
7440 1
7442 1
7446 5
7448 2
7450 1
7453 1
7462 1
7487 1
7498 1
7504 1
7507 1
7509 1
7528 2
7543 3
7550 1
7562 5
7568 1
7578 3
7581 1
7590 1
7597 1
7600 1
7602 1
7613 1
7619 1
7631 1
7636 1
7638 1
7640 1
7644 2
7669 1
7674 1
7676 1
7677 1
7680 6
7690 3
7693 1
7695 1
7698 1
7701 2
7712 2
7718 2
7723 1
7724 1
7731 1
7734 1
7739 2
7744 1
7747 1
7752 1
7753 1
7770 1
7772 1
7776 1
7806 3
7810 1
7824 1
7834 1
7838 1
7839 2
7844 1
7849 1
7864 1
7866 1
7867 1
7870 1
7872 1
7880 1
7887 1
7888 1
7891 1
7903 1
7924 1
7927 1
7931 2
7932 2
7941 1
7946 2
7951 1
7954 1
7955 2
7959 1
7968 2
7976 1
7977 2
7988 1
7993 2
7996 1
8008 4
8010 2
8013 1
8020 1
8026 2
8029 2
8030 1
8031 1
8040 3
8045 1
8053 1
8054 2
8074 1
8078 1
8080 1
8083 1
8085 1
8097 1
8103 1
8104 1
8112 1
8127 1
8131 1
8132 1
8136 1
8137 1
8138 1
8139 1
8141 1
8147 1
8155 1
8157 1
8162 1
8169 1
8181 1
8189 1
8191 1
8192 11
8193 2
8194 1
8195 1
8201 1
8202 1
8208 1
8210 1
8211 1
8223 1
8226 1
8237 2
8243 1
8248 1
8251 2
8261 2
8265 1
8266 1
8268 2
8269 1
8271 1
8275 1
8279 21
8281 1
8284 2
8288 1
8292 1
8302 1
8303 2
8304 1
8313 3
8317 1
8333 1
8338 1
8339 1
8349 1
8356 1
8358 1
8359 1
8368 2
8377 2
8380 1
8399 1
8403 1
8411 1
8417 1
8418 1
8424 1
8427 2
8429 1
8432 1
8434 2
8438 1
8442 1
8444 1
8447 3
8448 1
8462 1
8464 1
8465 2
8468 1
8472 1
8478 1
8499 3
8500 1
8504 1
8511 1
8515 1
8536 3
8539 1
8545 1
8550 1
8552 3
8555 1
8560 1
8565 3
8566 2
8586 1
8588 2
8589 1
8597 1
8604 1
8610 4
8645 1
8649 2
8655 1
8656 2
8659 1
8668 1
8676 1
8695 1
8699 1
8704 4
8707 1
8710 1
8725 1
8734 1
8742 1
8744 1
8754 1
8755 1
8764 2
8768 1
8776 1
8778 1
8779 3
8783 1
8786 1
8797 1
8802 1
8809 1
8816 1
8820 1
8822 1
8830 1
8836 1
8838 1
8841 1
8848 1
8850 1
8862 1
8879 1
8884 1
8903 1
8907 1
8908 2
8913 1
8916 1
8921 1
8923 1
8924 1
8925 1
8933 1
8937 1
8940 1
8941 1
8946 1
8947 3
8957 3
8965 1
8966 1
8968 1
8985 1
8987 2
8988 3
8990 3
8991 1
8992 2
8993 1
8997 1
9003 3
9005 2
9006 3
9007 1
9008 1
9010 2
9013 1
9014 1
9020 1
9025 2
9026 2
9028 1
9034 1
9035 1
9036 1
9053 1
9062 1
9063 3
9065 1
9067 1
9073 1
9077 2
9081 2
9086 1
9088 1
9089 2
9106 1
9126 1
9134 1
9138 1
9150 1
9151 1
9155 1
9157 2
9161 4
9165 1
9170 1
9172 1
9192 1
9193 1
9196 1
9200 1
9203 1
9204 1
9206 1
9207 3
9210 2
9211 1
9214 2
9216 5
9217 1
9218 1
9221 1
9222 1
9223 1
9227 1
9230 1
9231 1
9233 1
9239 1
9242 1
9246 1
9253 1
9254 2
9261 1
9263 1
9264 1
9277 20
9279 1
9280 2
9285 10
9300 1
9301 1
9304 1
9313 3
9318 2
9339 1
9343 1
9346 1
9347 1
9349 1
9354 1
9358 1
9362 1
9369 1
9371 1
9379 2
9382 1
9383 2
9390 1
9391 2
9392 1
9407 1
9415 1
9419 1
9422 1
9434 1
9435 1
9437 1
9438 2
9445 1
9459 1
9462 2
9463 3
9464 1
9474 1
9483 2
9485 1
9493 1
9496 2
9507 1
9514 1
9516 1
9522 1
9527 1
9528 1
9543 1
9544 1
9545 1
9546 1
9547 2
9555 1
9562 1
9565 1
9569 1
9575 1
9578 1
9581 1
9584 3
9588 1
9591 1
9595 3
9603 1
9604 1
9605 1
9606 1
9608 1
9616 1
9617 3
9621 2
9622 1
9627 1
9630 1
9632 1
9634 1
9644 2
9646 3
9648 1
9656 1
9658 1
9661 1
9663 1
9672 1
9682 4
9691 1
9693 1
9695 2
9698 1
9699 1
9703 4
9705 2
9708 1
9717 1
9720 1
9724 1
9728 7
9729 2
9736 2
9737 1
9744 1
9747 1
9756 2
9769 1
9770 1
9776 1
9790 1
9800 1
9803 1
9807 1
9809 1
9825 1
9826 1
9827 1
9829 5
9830 1
9836 1
9837 1
9845 1
9852 1
9858 1
9878 2
9888 1
9889 2
9890 1
9895 2
9903 1
9910 1
9916 1
9918 1
9920 1
9936 1
9937 1
9945 1
9948 1
9956 1
9960 2
9978 1
9981 1
10000 1
10001 1
10003 1
10025 1
10034 1
10035 1
10050 1
10062 1
10064 1
10086 1
10088 1
10093 2
10101 1
10105 1
10110 2
10114 1
10129 2
10144 1
10147 1
10159 1
10161 1
10163 1
10168 1
10176 2
10201 2
10214 2
10216 1
10220 1
10224 1
10227 1
10232 1
10242 1
10243 1
10250 1
10252 1
10256 1
10263 1
10276 1
10290 1
10293 1
10298 1
10302 1
10316 1
10320 1
10334 1
10338 1
10346 1
10357 1
10358 1
10359 1
10364 1
10371 1
10372 1
10378 1
10380 1
10381 1
10388 1
10394 3
10396 1
10398 1
10414 1
10427 1
10439 1
10443 1
10452 1
10455 2
10457 1
10458 2
10460 1
10496 347
10509 2
10513 1
10522 1
10527 1
10529 1
10530 1
10532 1
10537 1
10544 1
10553 1
10557 1
10562 3
10563 1
10582 1
10609 1
10617 2
10620 1
10621 1
10623 1
10628 1
10636 1
10652 1
10655 1
10664 1
10680 1
10683 1
10689 1
10695 1
10698 1
10702 2
10703 1
10720 1
10725 1
10727 1
10731 2
10744 1
10752 1
10768 1
10774 1
10778 1
10780 1
10797 1
10833 1
10836 1
10840 1
10848 1
10852 2
10880 1
10888 1
10902 2
10904 1
10912 1
10918 1
10921 1
10948 1
10951 1
10970 1
10976 1
10990 1
10996 1
11012 1
11013 1
11024 2
11028 1
11033 1
11039 1
11049 1
11055 1
11058 1
11059 1
11075 1
11081 1
11084 1
11092 1
11094 1
11102 1
11104 1
11113 1
11116 1
11120 1
11122 1
11157 1
11165 1
11168 2
11193 2
11199 1
11201 2
11208 2
11235 1
11248 1
11251 1
11256 1
11258 1
11259 2
11263 1
11264 1
11267 1
11275 1
11278 1
11280 1
11284 1
11290 1
11294 1
11320 2
11342 1
11343 1
11346 1
11369 1
11380 2
11385 2
11390 1
11392 1
11413 1
11415 2
11444 1
11450 1
11466 1
11478 1
11481 1
11487 1
11489 1
11494 2
11495 3
11500 1
11526 1
11536 1
11543 1
11548 1
11550 1
11559 1
11570 1
11585 1
11594 1
11598 1
11603 1
11608 1
11610 1
11612 1
11613 1
11619 1
11626 1
11628 1
11637 1
11643 1
11647 1
11658 2
11659 1
11660 1
11666 1
11671 2
11673 1
11674 1
11676 2
11680 1
11698 2
11699 1
11703 1
11727 1
11730 1
11742 2
11746 1
11776 2
11780 2
11782 1
11789 1
11798 1
11799 1
11810 2
11811 1
11817 1
11820 1
11826 1
11830 1
11833 1
11835 1
11842 2
11847 1
11875 1
11879 4
11888 20
11893 3
11896 1
11901 1
11915 1
11916 1
11920 1
11923 1
11953 1
12015 1
12022 1
12032 1
12034 1
12037 1
12046 2
12048 2
12064 1
12066 1
12095 1
12108 1
12109 1
12110 2
12135 1
12141 1
12147 1
12164 1
12165 1
12168 1
12171 2
12178 2
12185 1
12188 1
12195 1
12233 1
12277 1
12278 1
12279 1
12280 1
12288 10
12305 1
12308 1
12309 3
12325 1
12339 1
12350 1
12359 1
12381 2
12389 1
12407 1
12409 1
12459 1
12475 1
12488 1
12494 1
12501 1
12517 2
12522 1
12541 1
12548 1
12572 1
12581 1
12588 2
12592 1
12604 1
12615 1
12622 1
12623 1
12630 11
12633 1
12635 1
12669 1
12670 1
12672 3
12677 1
12699 1
12704 1
12708 2
12717 1
12720 1
12723 2
12738 1
12745 1
12747 1
12750 1
12754 1
12758 1
12762 1
12765 1
12782 1
12792 3
12796 1
12800 1
12813 1
12815 1
12825 1
12836 1
12842 1
12850 1
12859 1
12862 1
12863 1
12865 1
12881 1
12883 1
12896 1
12904 1
12907 1
12918 1
12921 1
12937 1
12940 1
12945 1
12947 1
12954 1
12984 1
12993 2
12994 1
13023 2
13056 1
13058 1
13071 1
13073 1
13084 3
13087 2
13092 2
13103 1
13104 1
13112 1
13114 1
13115 1
13124 1
13126 1
13129 2
13132 3
13134 1
13136 1
13137 1
13140 2
13149 1
13178 1
13195 1
13202 1
13217 1
13233 1
13238 2
13262 1
13302 1
13312 1
13315 1
13318 1
13322 1
13325 1
13335 1
13357 1
13361 1
13365 1
13369 2
13372 2
13374 2
13379 1
13382 1
13390 1
13403 1
13408 1
13412 1
13424 1
13434 1
13444 1
13483 1
13484 1
13492 1
13494 1
13546 1
13551 11
13556 1
13564 1
13601 1
13603 1
13618 1
13648 1
13650 1
13654 1
13663 1
13683 1
13695 1
13705 1
13711 1
13730 1
13736 1
13744 1
13749 2
13752 1
13753 1
13764 1
13765 1
13769 1
13776 2
13788 1
13810 1
13814 2
13821 1
13824 6
13829 1
13831 1
13856 1
13887 1
13892 1
13894 1
13908 1
13912 1
13913 1
13964 1
13973 1
14014 1
14020 1
14033 2
14040 1
14057 2
14064 2
14081 1
14103 1
14106 1
14124 1
14128 1
14137 1
14142 2
14145 1
14156 1
14167 1
14172 1
14178 1
14181 2
14183 1
14186 1
14197 1
14202 1
14207 1
14208 1
14210 1
14230 1
14235 1
14247 1
14273 1
14281 1
14320 1
14336 14
14338 1
14349 1
14352 2
14356 1
14405 1
14412 1
14427 1
14440 1
14449 1
14458 1
14484 2
14524 1
14535 1
14536 1
14547 1
14560 1
14567 1
14575 1
14576 3
14584 1
14585 1
14590 1
14613 1
14621 1
14623 1
14643 1
14666 1
14668 1
14702 1
14709 1
14715 1
14716 1
14733 1
14748 1
14759 1
14765 1
14772 1
14784 1
14785 1
14794 1
14803 1
14817 1
14829 1
14848 2
14871 1
14877 1
14891 1
14892 1
14903 1
14914 1
14922 1
14952 1
14980 1
14981 1
14982 1
14993 1
15010 15
15011 1
15019 1
15021 1
15051 1
15060 1
15073 2
15075 1
15076 4
15085 1
15098 1
15112 1
15118 1
15134 1
15144 1
15155 1
15232 2
15285 1
15291 1
15314 1
15317 1
15328 1
15352 1
15371 1
15373 1
15396 1
15428 1
15468 1
15483 1
15484 6
15494 1
15514 4
15536 1
15553 1
15559 1
15581 1
15586 1
15614 1
15616 1
15640 1
15642 1
15650 1
15652 1
15669 2
15675 1
15680 2
15681 1
15687 1
15694 1
15701 1
15704 1
15715 1
15731 1
15732 1
15740 1
15765 1
15766 1
15789 1
15811 1
15814 1
15820 1
15829 1
15845 1
15848 1
15851 1
15858 1
15872 2
15889 1
15904 1
15920 1
15961 1
15965 1
15986 1
15990 1
16019 1
16030 1
16037 1
16047 1
16054 1
16060 1
16087 1
16100 2
16103 1
16110 2
16112 1
16128 1
16129 1
16160 1
16165 1
16171 1
16176 1
16183 1
16189 1
16190 1
16191 1
16209 1
16215 1
16240 1
16243 1
16267 1
16280 1
16292 1
16298 1
16302 1
16320 1
16339 1
16374 1
16380 1
16384 3
16388 1
16392 1
16415 1
16416 2
16420 1
16437 1
16446 1
16484 1
16485 1
16492 1
16503 1
16533 1
16536 2
16544 1
16546 1
16563 1
16568 1
16570 1
16574 1
16577 2
16612 1
16616 1
16640 1
16661 1
16666 1
16677 1
16680 3
16689 1
16696 1
16710 1
16717 1
16774 1
16797 2
16799 1
16800 1
16811 1
16830 1
16864 1
16875 2
16892 1
16896 2
16897 1
16910 1
16918 1
16938 1
16940 1
16945 1
16997 1
17001 1
17009 1
17032 1
17066 1
17081 1
17093 1
17102 1
17103 1
17107 1
17141 2
17197 1
17200 2
17213 2
17237 1
17242 1
17253 1
17258 1
17263 1
17301 1
17314 1
17322 1
17328 1
17335 1
17351 2
17373 1
17376 2
17408 3
17439 1
17443 1
17525 1
17532 1
17536 2
17540 1
17548 1
17552 1
17557 1
17562 1
17563 1
17574 1
17577 1
17592 1
17595 1
17596 1
17607 2
17638 1
17664 1
17684 1
17686 1
17687 1
17730 2
17762 1
17773 1
17776 1
17818 1
17820 2
17823 1
17827 1
17841 1
17873 3
17898 1
17909 1
17919 1
17924 1
17925 1
17946 2
17949 1
17994 1
18021 1
18046 2
18049 2
18062 1
18076 1
18081 1
18104 1
18106 1
18128 1
18130 1
18134 1
18137 1
18138 1
18142 1
18151 1
18181 1
18184 1
18200 1
18216 1
18231 2
18237 2
18248 3
18253 1
18260 1
18263 1
18264 1
18269 1
18271 1
18288 1
18303 2
18312 1
18334 1
18338 1
18370 3
18404 1
18432 2
18434 1
18448 1
18455 1
18457 1
18458 1
18459 1
18460 2
18461 1
18472 2
18478 1
18479 1
18489 1
18493 2
18503 1
18506 1
18508 1
18512 1
18514 1
18523 1
18536 1
18557 1
18581 1
18601 1
18645 1
18650 1
18662 2
18705 2
18706 1
18707 2
18735 1
18740 1
18756 1
18781 1
18796 1
18812 1
18856 1
18895 1
18896 2
18917 1
18955 4
18980 1
19014 1
19021 1
19033 2
19042 1
19091 1
19101 1
19122 1
19126 1
19164 1
19169 1
19177 2
19180 2
19219 1
19243 1
19259 1
19277 1
19322 2
19328 1
19338 2
19420 1
19428 1
19456 7
19469 1
19511 1
19531 1
19541 1
19542 1
19564 1
19570 1
19578 1
19618 1
19641 1
19679 3
19694 1
19697 1
19707 3
19724 1
19728 1
19734 1
19761 2
19763 2
19769 1
19784 1
19812 1
19816 3
19821 1
19827 1
19856 1
19865 1
19881 1
19889 2
19918 1
19924 1
19932 1
19935 1
19966 3
19968 1
19981 1
20010 2
20086 3
20090 1
20123 1
20177 1
20207 2
20222 1
20226 1
20256 1
20257 1
20270 1
20321 1
20344 1
20356 1
20401 1
20416 1
20421 1
20431 1
20434 2
20461 1
20463 1
20480 1
20494 1
20553 1
20554 1
20572 1
20590 1
20598 1
20603 1
20605 1
20613 1
20632 1
20639 1
20651 1
20656 1
20660 1
20668 1
20694 1
20713 1
20727 1
20736 3
20752 1
20786 1
20810 1
20827 1
20836 1
20857 1
20868 1
20991 1
21035 2
21045 1
21047 1
21066 1
21080 1
21101 1
21156 1
21171 1
21172 1
21177 1
21184 1
21187 1
21189 1
21200 1
21203 1
21216 4
21232 1
21264 1
21298 1
21305 1
21339 1
21358 1
21420 2
21423 1
21439 1
21463 1
21464 1
21477 2
21487 1
21499 1
21504 3
21546 1
21555 1
21572 1
21573 3
21574 1
21596 1
21599 1
21613 1
21639 1
21648 1
21679 1
21694 1
21712 1
21720 1
21764 1
21778 1
21791 2
21805 1
21813 1
21821 1
21829 1
21861 1
21898 1
21900 1
21921 1
21922 1
21932 1
21935 2
21936 1
21957 1
21971 3
21975 1
21976 1
21978 1
21979 1
21982 2
21993 1
22006 1
22007 1
22010 1
22015 1
22016 2
22018 1
22023 1
22028 1
22040 1
22042 1
22043 1
22049 1
22050 1
22052 1
22055 1
22060 1
22062 1
22063 1
22067 1
22069 1
22070 1
22077 1
22084 1
22085 1
22088 1
22096 1
22102 1
22103 1
22110 1
22121 1
22127 1
22158 1
22168 2
22175 1
22182 1
22186 1
22197 1
22202 2
22212 1
22224 1
22231 1
22236 1
22240 1
22259 2
22273 1
22279 1
22284 2
22306 1
22320 1
22323 1
22347 1
22373 2
22377 1
22419 1
22425 1
22426 1
22448 1
22488 1
22495 1
22511 1
22528 2
22533 2
22542 1
22567 2
22571 1
22610 1
22618 1
22632 1
22644 1
22648 1
22681 1
22684 1
22712 1
22717 1
22733 1
22753 1
22755 1
22799 1
22800 1
22801 1
22807 1
22833 1
22865 1
22920 1
22928 1
22931 1
22932 1
23011 1
23034 1
23040 1
23052 1
23054 1
23055 1
23061 1
23072 1
23088 1
23116 1
23122 1
23138 1
23175 1
23180 1
23189 1
23212 1
23213 1
23242 2
23248 2
23288 1
23316 1
23321 1
23327 1
23332 1
23334 1
23339 1
23341 1
23358 1
23360 1
23361 1
23363 2
23368 1
23385 1
23395 1
23400 1
23403 1
23408 1
23424 1
23425 1
23430 1
23431 1
23436 1
23442 1
23449 1
23478 1
23493 1
23494 1
23496 1
23521 1
23522 1
23523 2
23528 1
23546 1
23548 1
23551 1
23560 1
23581 1
23600 2
23602 1
23604 1
23643 1
23677 1
23690 1
23698 1
23701 1
23740 1
23748 1
23771 1
23815 1
23875 1
23879 1
23891 1
23919 1
23927 1
23963 1
23978 3
23998 1
24004 1
24030 1
24036 1
24064 2
24068 1
24094 1
24113 1
24124 1
24131 1
24141 1
24151 2
24155 1
24184 1
24202 1
24217 1
24237 1
24238 1
24252 1
24258 1
24264 1
24275 1
24312 1
24318 1
24319 1
24355 2
24359 1
24360 1
24398 1
24406 1
24410 1
24460 1
24478 1
24484 1
24490 1
24517 1
24530 1
24533 1
24576 3
24577 1
24596 1
24610 1
24618 1
24619 1
24658 1
24660 1
24667 1
24726 1
24741 1
24792 1
24799 1
24810 1
24855 1
24860 1
24908 1
24909 2
24912 1
24916 1
24945 1
24954 1
24970 1
24982 1
24993 1
25002 1
25043 1
25048 1
25070 1
25074 1
25077 1
25088 1
25096 1
25121 1
25149 1
25156 1
25158 2
25162 1
25211 1
25235 1
25248 1
25252 1
25264 1
25268 1
25315 1
25324 1
25332 1
25345 1
25349 1
25353 1
25374 1
25377 1
25383 1
25448 1
25542 1
25545 1
25568 6
25589 1
25595 1
25601 1
25605 1
25670 1
25682 1
25684 1
25740 1
25788 1
25791 1
25794 1
25888 1
25896 1
25910 1
25938 1
25965 1
25989 1
26029 1
26034 1
26038 1
26039 1
26066 1
26086 2
26088 1
26098 1
26109 1
26112 2
26116 1
26118 1
26122 1
26123 1
26127 1
26185 1
26192 1
26204 1
26215 1
26241 1
26261 1
26291 1
26295 1
26360 1
26402 1
26416 1
26420 1
26430 3
26468 2
26515 1
26527 1
26544 2
26590 1
26592 1
26608 1
26610 1
26650 1
26653 1
26654 1
26658 2
26665 1
26666 1
26667 1
26684 1
26718 1
26728 1
26741 1
26761 1
26762 1
26778 1
26784 1
26813 1
26840 1
26852 1
26864 1
26872 1
26938 1
26960 1
26972 1
26997 1
27013 1
27051 2
27067 1
27174 1
27187 1
27214 1
27251 1
27256 1
27297 2
27341 1
27348 1
27359 1
27387 1
27394 1
27446 2
27472 1
27474 1
27493 1
27533 1
27537 1
27539 1
27587 1
27646 1
27648 4
27659 1
27665 1
27679 1
27702 1
27705 1
27755 1
27772 1
27776 1
27778 1
27789 1
27804 1
27816 1
27819 1
27827 1
27829 1
27860 1
27882 1
27883 1
27889 1
27892 1
27899 2
27903 1
27908 1
27913 1
27914 1
27925 1
27931 1
27941 1
28014 1
28158 1
28160 1
28176 2
28246 1
28256 1
28288 1
28304 1
28329 2
28344 1
28356 1
28451 1
28462 1
28488 1
28606 1
28616 2
28671 1
28672 20
28679 1
28704 1
28754 1
28760 1
28772 2
28777 2
28824 1
28837 2
29016 1
29062 1
29080 1
29097 1
29134 1
29141 1
29219 1
29228 1
29256 1
29333 1
29349 1
29473 1
29484 2
29552 1
29588 1
29589 1
29598 1
29616 1
29670 1
29676 1
29686 1
29718 1
29742 1
29764 1
29770 1
29814 1
29828 1
29857 4
29872 1
29916 1
29942 1
29949 1
29952 2
29977 1
30008 1
30040 3
30087 2
30219 1
30226 1
30272 1
30320 4
30352 1
30355 1
30363 1
30380 1
30404 1
30405 1
30408 1
30432 1
30456 1
30496 1
30498 1
30503 1
30558 1
30575 1
30596 1
30600 1
30618 1
30646 1
30662 1
30668 1
30760 1
30811 1
30896 1
30911 1
30917 1
30938 1
30941 1
30972 1
30976 1
30989 1
30996 1
30998 1
31032 1
31038 1
31106 1
31119 1
31165 2
31191 1
31216 2
31222 1
31232 1
31257 1
31259 1
31305 2
31309 1
31322 1
31346 1
31351 1
31358 1
31404 1
31408 1
31429 1
31468 1
31490 1
31499 1
31506 1
31517 1
31523 1
31584 1
31589 1
31626 1
31630 1
31632 1
31641 1
31658 1
31661 1
31686 1
31712 1
31752 2
31827 1
31834 1
31836 1
31866 1
31905 1
31922 1
31955 1
31976 1
31990 2
31993 1
31994 1
31999 1
32022 1
32120 1
32135 1
32150 1
32163 1
32169 2
32181 1
32234 1
32250 1
32256 6
32283 1
32287 1
32322 1
32325 1
32336 1
32356 1
32384 1
32391 1
32393 1
32412 1
32416 1
32423 1
32439 1
32442 1
32443 1
32462 1
32468 1
32495 1
32500 1
32506 1
32515 1
32520 1
32529 1
32533 1
32536 1
32541 1
32546 1
32551 1
32560 1
32567 1
32577 1
32591 1
32598 1
32611 1
32618 1
32627 1
32632 1
32682 1
32687 1
32688 1
32689 1
32709 1
32736 1
32751 2
32759 1
32768 3
32772 1
32844 1
32854 1
32886 1
32900 1
32902 1
32911 1
32919 1
32926 1
32936 1
32937 1
32960 1
32972 1
32976 1
32995 1
32999 1
33024 2
33039 1
33063 1
33072 1
33094 1
33101 1
33120 1
33134 1
33148 1
33152 2
33161 1
33165 1
33193 1
33214 1
33236 1
33270 1
33280 132
33294 1
33312 1
33314 1
33325 1
33328 1
33370 1
33384 1
33397 1
33398 1
33436 1
33458 1
33463 1
33507 1
33519 1
33556 1
33558 1
33581 2
33582 1
33585 1
33613 1
33622 1
33630 1
33647 1
33658 1
33677 1
33678 1
33680 1
33722 1
33729 1
33748 3
33799 1
33858 1
33871 1
33881 1
33883 1
33902 1
33912 2
33953 1
33962 1
33972 1
33980 1
33990 1
34019 1
34037 1
34105 1
34185 1
34200 2
34214 1
34233 1
34250 1
34298 1
34316 1
34390 1
34396 1
34439 1
34453 1
34522 1
34531 1
34573 1
34593 1
34601 1
34602 1
34658 2
34694 1
34736 1
34762 1
34777 2
34816 2
34817 2
34819 2
34825 1
34847 1
34860 1
34920 1
34925 1
34937 1
35063 1
35064 1
35122 1
35189 1
35197 1
35200 1
35209 1
35216 1
35235 1
35250 1
35319 1
35384 1
35445 1
35491 1
35501 1
35520 3
35521 2
35560 1
35563 1
35584 1
35596 1
35701 1
35705 1
35708 1
35741 1
35794 1
35820 1
35826 1
35837 1
36000 1
36044 1
36202 1
36279 1
36313 3
36340 1
36341 1
36345 1
36354 1
36368 1
36386 1
36412 1
36512 1
36549 1
36613 1
36634 3
36654 1
36656 1
36687 1
36777 1
36781 1
36809 1
36853 1
36864 4
36869 1
36872 1
36873 2
36882 1
36902 1
36944 1
36960 7
36971 1
36980 1
37028 1
37040 1
37054 1
37108 1
37153 1
37180 1
37184 1
37197 1
37282 1
37314 1
37376 1
37561 1
37562 1
37622 1
37637 1
37674 1
37675 1
37680 2
37814 1
37824 1
37885 1
37950 1
37964 1
37969 1
37992 1
38039 1
38150 1
38180 1
38264 1
38294 1
38317 1
38338 1
38364 1
38452 1
38518 1
38540 1
38559 1
38692 1
38715 1
38779 1
38784 1
38909 1
38912 1
39050 1
39071 1
39152 1
39168 2
39204 1
39215 1
39328 1
39372 1
39419 1
39424 1
39446 1
39528 1
39600 1
39741 1
39742 1
39771 1
39806 1
39924 1
39934 1
39990 2
39997 1
40000 1
40051 1
40095 1
40100 1
40204 2
40269 1
40276 1
40285 1
40366 1
40382 2
40398 1
40448 1
40508 2
40630 1
40790 1
40837 1
40880 1
40938 1
40960 2
41000 1
41001 1
41128 1
41148 1
41232 1
41280 1
41440 1
41453 1
41472 95
41540 1
41568 1
41600 2
41646 1
41685 1
41844 1
41854 1
41940 2
41984 1
42073 1
42140 1
42246 1
42425 3
42432 1
42442 1
42448 1
42458 1
42592 1
42621 1
42633 1
42744 1
42941 1
42960 1
43008 1
43072 1
43115 1
43120 3
43144 3
43248 1
43413 1
43472 1
43509 1
43531 1
43595 1
43609 1
43664 1
43761 1
43793 1
43820 1
44049 1
44170 1
44244 1
44336 1
44352 1
44544 1
44557 1
44604 1
44631 1
44658 1
44671 1
44736 1
44754 1
44784 1
44785 5
44849 1
44930 1
44946 1
44990 1
44999 1
45056 6
45084 1
45134 1
45167 1
45264 1
45442 2
45457 1
45515 1
45625 1
45635 1
45694 1
45708 1
45760 2
45780 1
45792 2
45966 1
45970 1
46048 4
46064 1
46080 1
46276 1
46298 1
46304 1
46419 1
46530 1
46570 1
46578 1
46612 1
46648 2
46736 1
46746 2
46802 1
46882 1
46889 1
46980 2
47074 1
47101 1
47143 1
47208 1
47210 1
47571 2
47693 1
47776 1
47801 1
47812 1
48059 1
48077 1
48101 1
48208 1
48370 1
48414 1
48441 1
48530 1
48652 1
48765 1
48779 1
48861 1
48867 1
48873 1
48944 1
49060 1
49152 2
49170 1
49234 1
49248 1
49356 1
49366 1
49384 1
49724 1
49775 1
49787 1
49824 1
49826 1
49876 1
49895 1
49916 2
49957 1
49962 1
50139 2
50144 2
50162 1
50181 1
50291 1
50424 1
50449 1
50456 1
50466 1
50551 1
50557 1
50559 1
50654 1
50688 1
51088 1
51110 1
51111 2
51163 1
51200 1
51214 1
51256 1
51305 1
51331 1
51373 1
51435 1
51556 1
51635 1
51745 1
51822 1
51890 1
51940 1
52016 1
52082 1
52090 1
52223 1
52288 1
52453 1
52501 1
52589 1
52612 1
52784 1
52925 2
53064 1
53096 1
53475 1
53516 1
53517 2
53651 1
53652 1
53662 1
53672 1
53687 1
53760 1
53941 1
53946 1
53984 1
53999 1
54081 1
54085 1
54137 1
54225 1
54270 1
54336 1
54412 1
54454 1
54467 1
54514 1
54518 1
54576 1
54596 1
54689 1
54725 1
54819 1
54832 1
54851 2
54861 1
54890 1
54900 1
54949 1
54957 1
55000 5
55031 1
55034 1
55044 1
55114 1
55131 1
55168 1
55199 1
55529 1
55567 2
55655 1
55662 1
55666 1
55673 1
55696 1
55715 1
55725 1
55730 8
56058 1
56065 1
56256 2
56336 1
56341 1
56433 1
56451 1
56461 1
56627 1
56742 1
56845 1
57143 1
57237 1
57238 1
57299 1
57307 1
57344 35
57356 1
57475 1
57483 1
57564 1
57648 1
57666 1
57680 1
57748 1
57803 1
57825 1
57936 1
57942 1
57945 1
57964 1
57965 2
57975 1
57976 1
57981 1
58039 1
58056 1
58331 1
58335 1
58452 1
58512 4
58628 1
58832 1
58833 1
58870 1
58896 1
58994 1
59082 1
59102 1
59103 1
59106 1
59197 1
59223 1
59281 1
59502 1
59702 1
59824 1
59924 1
60069 1
60448 2
60462 1
60479 1
60657 1
60670 1
60703 1
61014 1
61028 1
61048 1
61061 1
61084 1
61149 1
61269 1
61395 1
61440 1
61606 1
61648 1
61656 1
61658 1
61669 1
61702 1
61731 1
61788 1
61802 1
61811 1
61915 1
61918 1
61926 1
61959 1
61960 3
62000 54
62018 1
62260 1
62326 1
62337 1
62576 1
62648 1
62658 1
62856 1
62860 1
62873 1
62904 1
63059 1
63098 1
63104 1
63151 1
63226 2
63231 3
63301 2
63478 1
63559 1
63575 1
63613 1
63820 1
63990 1
64006 1
64020 1
64207 1
64252 1
64405 1
64516 1
64544 1
64651 1
64695 1
64820 1
64935 1
65033 1
65227 1
65254 1
65394 1
65418 1
65419 1
65459 1
65524 1
65536 6
65599 1
65623 1
65692 1
65758 1
65792 1
65853 1
65856 1
65881 1
66015 1
66070 3
66080 1
66113 1
66134 1
66152 1
66157 1
66238 1
66247 1
66304 1
66313 1
66516 1
66528 1
66721 3
66756 1
66823 1
66899 1
66906 1
66968 1
67050 1
67250 1
67483 1
67558 1
67584 6
67731 1
67763 1
67840 1
68000 1
68156 1
68228 2
68376 1
68455 1
68490 1
68576 1
68638 1
68711 1
68784 1
69066 1
69130 1
69136 1
69180 1
69213 1
69217 1
69218 1
69353 1
69366 1
69632 1
69698 1
69760 1
69798 1
70085 1
70141 1
70142 1
70186 1
70320 1
70416 4
70436 1
70519 1
70640 1
70734 1
70813 6
70820 1
70927 1
71029 1
71052 1
71334 1
71486 1
71543 1
71642 1
71678 1
71730 1
71880 1
71966 1
72027 1
72146 1
72158 1
72169 1
72181 1
72255 1
72356 1
72458 1
72474 1
72500 1
72615 1
72984 1
73006 1
73066 1
73141 1
73200 1
73294 1
73396 1
73569 1
73724 1
73781 1
74014 1
74175 1
74275 1
74319 1
74340 1
74413 1
74429 1
74445 1
74493 1
74601 1
74615 1
74618 1
74681 1
74879 1
75032 1
75033 1
75482 1
75490 1
75520 1
75538 1
75579 1
75693 1
75761 1
75776 1
75865 1
75996 1
76030 1
76031 1
76032 2
76140 1
76155 1
76305 1
76321 1
76379 1
76380 1
76390 1
76452 1
76480 1
76762 1
76855 1
77062 1
77413 1
77599 1
77616 1
77646 1
77824 2
78029 1
78172 1
78372 1
78564 1
78732 1
78818 1
78954 1
79054 1
79065 1
79469 1
79546 1
79576 1
79750 1
79804 1
79806 1
79866 1
79872 1
79925 1
80004 1
80143 1
80220 1
80305 1
80362 1
80588 1
80762 1
80770 1
80784 1
80912 1
80945 1
81038 3
81051 1
81312 1
81494 1
81676 2
81728 1
81791 1
81862 1
81920 1
82134 1
82224 2
82241 3
82335 1
82348 1
82356 1
82432 4
82485 1
82608 1
82900 12
82919 1
83120 1
83260 1
83444 1
83456 1
83482 1
83484 2
83823 1
83868 1
83968 2
84048 1
84436 1
84480 1
84575 1
84680 1
84692 1
84712 1
84737 1
84750 1
84787 1
84860 1
84864 1
84905 1
84969 1
85374 2
85672 1
85810 1
86007 1
86016 7
86043 1
86316 3
86692 1
86926 1
87178 1
87368 1
87516 1
87538 1
87642 1
87845 1
87914 1
88089 3
88128 1
88508 1
88552 1
88580 1
88654 1
88735 1
88756 1
89045 1
89153 1
89165 1
89248 2
89392 1
89408 1
89680 1
89684 1
89696 1
89761 1
89777 1
89833 1
89961 1
90051 1
90112 1
90272 1
90624 1
90677 1
90678 1
90831 1
90990 1
91154 1
91270 1
91289 1
91368 1
91408 1
91452 1
91465 1
91547 1
91807 1
91974 2
92145 1
92340 1
92676 1
92707 1
92809 1
92826 1
92909 1
92976 1
92986 1
93025 1
93184 1
93497 1
93629 1
93732 1
93991 1
94279 1
94480 1
95013 1
95200 1
95478 1
95580 1
95590 1
96088 1
96274 1
96302 1
96395 1
96646 1
96908 1
96971 1
97313 1
97487 1
97634 1
97635 1
97656 1
97737 2
97757 1
97792 1
97851 1
97853 1
97875 1
97890 1
97900 1
98106 1
98141 1
98163 1
98245 1
98557 1
98594 1
98598 1
98855 1
98897 1
98944 1
99219 1
99393 1
99549 1
99801 1
100826 1
101096 1
101172 1
101290 1
101291 1
101402 1
101743 1
101916 1
102180 1
102345 1
102792 1
102896 1
102983 1
102985 1
103072 1
103272 1
103428 1
103475 1
103610 1
103636 1
103651 1
103679 1
103710 1
103715 1
103817 1
103938 1
103948 1
104050 1
104118 1
104152 1
104340 1
104379 1
104816 1
104853 1
104946 1
105448 1
105483 1
105810 1
105910 1
105984 1
106221 2
106496 1
106710 1
106795 1
106877 1
107274 1
107318 1
107406 1
107878 1
108115 1
108284 1
108285 1
108448 1
108496 1
108867 1
108876 1
109088 1
109438 1
109447 1
109838 1
110174 1
110364 1
110565 1
111120 2
111267 1
111836 1
111907 1
112000 1
112395 1
112539 1
112870 1
113798 1
113995 1
114688 8
114753 1
114755 1
115194 1
115294 1
115312 1
115668 1
115676 1
116276 1
116402 1
116591 1
116596 1
116632 1
116779 1
116850 1
117752 1
118147 1
118148 1
118660 1
118858 2
118863 1
118864 1
119137 1
119153 1
119296 1
119765 1
119808 1
119819 1
120278 1
120612 6
120706 1
120735 1
120768 2
121465 1
121672 1
122128 1
122540 1
122580 1
122736 1
122746 1
122880 1
122976 2
123008 1
123184 1
123248 1
123401 1
124062 1
124416 1
125024 1
125331 1
125343 1
125625 1
126000 2
126283 1
127377 1
127542 1
127736 1
128195 1
128605 1
128800 1
129216 1
129720 1
129854 1
130192 1
130332 1
130496 1
130640 2
130701 1
130881 1
131072 5
131168 1
132570 1
132619 1
133283 1
133287 1
133427 1
133952 1
134656 1
134728 1
135182 1
135424 1
135680 1
135936 1
136443 2
136720 1
137883 1
139391 1
140273 1
140816 8
140995 1
141461 1
141645 1
142336 1
142640 1
142929 1
143458 1
143774 2
145634 1
146703 1
146864 1
148160 1
148560 1
148992 1
151568 1
152999 1
153072 1
153120 1
155266 1
155538 1
156321 1
157142 5
158366 1
158470 1
159542 1
160307 1
160784 1
161137 1
161323 1
161513 1
161628 1
161837 1
162757 1
163420 1
163600 1
163610 3
163630 2
163640 1
163660 3
163680 2
163700 1
163840 1
164820 1
164836 1
167936 1
168377 1
168960 1
170961 1
171166 1
172198 1
172549 1
173999 1
174072 1
174406 1
176259 1
176322 1
178688 1
180224 3
180688 1
183296 1
183354 1
183376 1
184977 1
185620 1
185934 1
186205 1
188407 1
189604 1
191652 1
194309 1
195507 1
196201 1
196492 1
196543 1
197186 1
197780 1
197967 1
198227 1
200288 1
201130 1
202441 1
202752 1
202800 1
203696 1
204800 1
205312 1
206436 1
210380 1
210655 1
212178 1
213770 1
213862 1
214139 1
214403 1
214491 1
214530 1
214563 1
214634 1
214715 1
214728 1
215308 1
215454 1
215476 1
216193 1
218045 1
220800 1
221184 1
221440 1
222812 1
225280 1
228320 1
228345 1
228479 1
229376 2
229995 1
231195 1
231487 1
232318 1
232553 1
234911 1
236378 1
237892 1
240000 2
240493 1
242327 1
242886 1
244976 1
245103 1
245760 1
247213 1
249504 1
252000 1
256192 1
257852 1
258533 1
259750 1
262108 1
262144 9
262178 1
262680 1
264016 1
265572 1
265962 1
267226 1
268135 1
268782 1
269751 1
270336 1
273303 1
273614 2
273852 1
274388 1
276209 1
278528 1
280377 1
283913 1
286847 1
290064 1
292036 1
293067 1
293772 1
294741 1
300295 1
305732 1
306929 1
307902 1
308262 1
309696 1
310854 1
311296 2
314236 1
314813 1
316640 2
318496 1
321872 1
325120 1
327577 1
327640 2
327680 1
328288 1
328573 1
335065 1
335365 1
344287 1
345797 1
346216 1
360255 1
360464 1
361650 1
367938 1
369462 1
375785 1
377545 1
383904 1
384040 2
385775 1
388460 1
389367 3
393216 18
400143 1
400880 1
401100 1
402557 1
402870 1
403435 1
404412 1
407639 1
413888 1
419511 1
422080 1
423610 1
428672 1
436056 1
442220 1
449836 1
452608 2
456000 5
458752 5
473275 1
473784 1
480945 1
483977 1
484802 1
489949 1
495685 1
504000 2
507484 1
507904 1
512326 1
520000 1
521788 1
524288 1
528994 1
544789 1
560772 1
571265 1
581632 1
584704 1
589164 1
589824 1
606208 1
611604 1
614400 1
616732 1
623727 1
632550 1
635069 1
640640 2
647168 1
658571 1
664976 1
671465 1
675840 1
691800 1
717708 1
754634 1
754678 1
769791 1
780849 1
790881 1
798915 1
800495 1
807664 1
836619 1
836630 1
836797 1
843050 1
851829 1
870400 1
883452 1
885716 3
920584 12
925696 1
927561 1
929160 1
960724 1
992541 1
1014637 1
1048984 1
1049011 1
1049022 2
1058015 1
1105202 1
1112005 1
1140132 1
1164489 1
1170431 1
1171515 1
1175511 1
1194552 1
1196420 1
1255801 1
1408515 1
1440296 1
1441824 2
1441904 1
1444791 1
1454139 1
1701245 1
1802256 1
1819755 1
1826240 1
1900518 1
1908940 2
1913537 1
1997004 1
2018336 1
2043401 1
2314240 3
2332642 1
2343101 1
2361461 1
2366887 1
2504300 1
2751456 1
3145712 2
3211264 1
3330958 1
3706951 1
3965390 1
3967804 1
4358144 1
4441432 1
4448322 1
4874240 1
5431836 1
6191845 1
10428416 1
47834802 1
