0 694
1 2
2 3
3 3
4 6
5 8
6 11
7 8
8 9
9 18
10 19
11 7
12 18
13 34
14 10
15 3
16 13
17 1
18 5
19 2
20 11
21 2
22 5
23 10
24 82
25 41
26 15
27 3
28 22
29 5
30 5
31 1
32 5
33 3
34 7
35 3
36 8
37 2
38 1
39 3
40 6
41 6
42 7
43 2
44 4
46 6
47 2
48 6
49 5
50 2
52 5
53 2
54 2
55 1
56 6
57 2
58 7
59 3
60 6
61 4
62 4
63 5
64 7
65 6
66 4
67 3
68 5
69 3
70 2
71 3
72 2
73 2
74 3
75 3
76 2
77 3
78 2
79 3
80 7
81 6
83 2
84 4
85 1
86 6
87 2
88 4
89 2
90 3
91 1
92 3
93 6
94 2
95 1
96 6
97 2
98 5
99 1
100 2
101 4
102 1
103 1
104 1
106 6
107 1
108 4
109 2
110 2
111 5
112 13
113 1
114 5
115 3
116 2
117 1
118 2
119 1
120 2
121 15
122 2
123 1
124 1
125 1
126 12
128 2
129 2
130 1
131 2
132 2
133 2
134 1
135 5
136 2
138 4
139 1
140 2
142 1
143 3
144 2
145 1
147 2
148 1
150 1
152 3
153 1
155 1
156 1
158 1
159 2
160 3
161 1
162 1
163 2
164 2
168 4
169 1
170 1
172 2
173 1
178 1
179 2
180 2
182 3
183 1
184 2
186 1
188 3
189 2
190 1
192 4
193 1
194 1
195 6
196 1
198 2
199 3
200 3
202 3
204 1
209 3
210 8
211 2
212 1
213 2
215 1
216 1
217 1
224 3
225 1
227 2
228 2
229 4
232 1
233 1
235 2
236 2
238 1
239 1
240 4
241 2
242 1
244 1
245 2
248 1
250 1
251 2
252 11
253 1
254 1
255 1
257 1
260 1
261 1
262 2
264 1
266 2
267 1
268 1
269 1
272 2
273 3
274 1
275 1
276 2
279 3
282 1
284 2
288 5
290 3
291 1
293 1
294 1
296 2
301 1
303 8
307 1
308 1
309 5
310 4
311 1
312 1
313 6
314 1
315 7
316 1
317 8
321 8
322 1
323 1
324 1
325 1
326 1
327 3
328 3
329 1
330 1
331 3
332 1
336 1
338 2
339 1
341 1
343 3
344 1
345 1
346 1
349 3
350 2
351 2
352 2
354 1
363 3
364 1
367 3
368 1
370 1
375 2
376 1
378 1
379 1
382 3
383 2
384 2
387 1
388 2
389 11
390 1
391 2
392 1
397 1
398 2
400 1
402 1
403 1
406 1
407 2
414 3
415 4
417 3
418 1
419 1
425 7
426 1
429 7
438 3
442 1
444 1
445 1
450 3
451 1
453 4
455 2
456 1
458 1
460 1
461 2
462 2
463 1
467 1
468 1
469 8
472 1
473 9
475 2
479 1
480 1
481 4
486 1
488 2
491 2
495 2
504 1
507 1
508 1
509 3
512 1
514 1
515 1
516 3
518 1
519 1
522 1
526 1
527 2
528 12
529 3
533 1
534 1
535 1
536 1
537 6
543 1
545 2
548 3
550 6
552 1
553 1
557 4
559 6
560 3
561 1
562 1
563 1
567 8
570 7
571 1
572 1
577 1
578 10
579 1
583 1
585 2
588 2
591 1
592 1
595 1
596 2
598 3
601 1
602 4
604 2
605 1
606 2
610 1
612 4
613 1
621 2
627 1
628 1
630 1
635 1
640 2
643 1
644 1
645 1
646 3
658 1
665 1
666 1
667 1
669 3
672 16
674 1
679 1
680 1
691 1
695 1
696 2
699 1
700 1
701 2
703 5
706 2
707 2
709 1
711 2
713 1
714 1
715 49
716 1
717 1
724 2
725 1
728 1
730 3
733 1
739 1
743 1
749 2
754 1
756 1
760 1
761 1
763 1
764 1
765 1
775 2
776 3
777 2
778 6
779 2
780 2
781 3
782 1
783 1
788 2
791 1
795 2
798 1
800 2
803 2
807 3
808 1
809 1
812 1
817 1
818 1
820 1
821 1
822 1
827 1
833 1
837 1
839 1
840 3
841 1
854 1
856 1
857 1
866 3
869 1
870 1
875 1
878 1
888 1
891 1
893 1
895 2
897 1
901 2
906 2
911 1
916 2
920 3
930 3
931 1
932 1
933 1
934 1
936 10
940 1
942 1
947 2
950 3
951 1
956 1
957 1
967 1
973 1
974 1
975 1
976 1
978 1
979 1
982 1
983 1
984 1
991 2
996 1
1004 2
1006 2
1008 1
1009 1
1018 1
1019 1
1021 1
1024 590
1025 1
1028 1
1029 2
1031 1
1032 1
1033 1
1036 1
1044 4
1045 1
1048 1
1051 1
1053 3
1074 1
1075 2
1082 2
1083 1
1088 1
1091 1
1092 1
1093 1
1094 1
1096 1
1099 1
1110 1
1111 3
1113 2
1116 1
1127 1
1133 1
1136 1
1138 1
1139 1
1143 1
1147 1
1148 1
1149 2
1150 1
1151 1
1152 1
1155 1
1158 1
1166 1
1168 1
1171 1
1172 1
1173 1
1175 1
1176 4
1177 1
1181 1
1192 1
1193 1
1196 1
1197 1
1206 1
1212 2
1215 1
1217 1
1218 1
1223 1
1227 1
1234 4
1238 2
1250 1
1251 2
1252 1
1253 2
1255 1
1257 1
1260 2
1266 1
1270 1
1276 1
1283 1
1286 1
1294 1
1303 1
1306 1
1323 1
1324 1
1325 1
1327 1
1328 1
1330 1
1338 1
1339 1
1340 2
1353 3
1354 1
1358 1
1359 1
1379 1
1392 1
1393 2
1400 4
1402 1
1407 2
1417 1
1418 1
1429 1
1431 1
1434 1
1440 2
1448 1
1454 1
1455 2
1474 1
1476 1
1478 3
1479 1
1480 1
1488 1
1494 1
1502 2
1516 1
1517 1
1522 1
1528 1
1532 1
1533 1
1534 1
1542 1
1544 1
1550 1
1551 1
1552 2
1553 1
1562 2
1574 1
1579 1
1586 1
1601 3
1602 1
1605 1
1608 1
1613 1
1619 2
1621 1
1630 1
1631 1
1632 1
1638 1
1643 1
1648 1
1652 1
1661 1
1665 1
1666 1
1668 1
1674 2
1679 1
1680 1
1683 1
1685 1
1686 1
1687 1
1689 2
1696 1
1699 1
1700 1
1703 1
1708 1
1713 1
1714 1
1716 1
1719 1
1725 3
1728 3
1729 1
1736 1
1737 1
1748 1
1750 1
1755 1
1763 1
1764 1
1766 1
1777 1
1779 1
1782 1
1785 1
1787 1
1791 1
1792 1
1811 2
1822 2
1833 1
1841 1
1844 1
1854 1
1862 1
1865 1
1887 3
1889 1
1897 1
1902 1
1919 1
1922 1
1944 1
1952 1
1966 1
1968 1
1972 3
1975 1
1978 1
1980 1
1981 1
1982 1
1987 1
1989 2
1991 1
1993 1
2006 2
2008 1
2010 1
2017 1
2021 1
2024 1
2025 1
2035 1
2042 1
2046 1
2048 18
2051 1
2055 2
2057 2
2066 1
2072 1
2082 1
2084 1
2085 1
2087 2
2092 1
2097 2
2108 1
2113 2
2122 2
2126 1
2130 3
2137 1
2148 2
2150 1
2156 1
2160 2
2161 1
2164 1
2165 1
2171 1
2174 1
2186 1
2187 2
2188 3
2209 2
2212 2
2214 2
2215 2
2216 1
2218 1
2232 1
2234 1
2240 3
2241 1
2244 1
2247 1
2248 2
2254 1
2257 1
2271 2
2282 2
2287 2
2289 1
2290 1
2293 1
2294 1
2295 1
2300 2
2301 1
2303 1
2312 1
2314 1
2316 1
2324 1
2328 1
2330 2
2333 1
2347 2
2355 1
2365 1
2366 1
2369 1
2370 1
2375 1
2382 1
2383 1
2394 3
2395 1
2397 2
2404 1
2405 1
2431 1
2440 1
2441 1
2450 1
2452 1
2456 2
2471 1
2472 4
2485 4
2490 1
2497 4
2499 1
2512 2
2516 1
2521 1
2527 2
2528 3
2536 2
2537 2
2540 1
2554 1
2555 1
2560 23
2572 2
2579 1
2587 2
2595 1
2602 2
2604 2
2615 1
2619 1
2622 2
2633 1
2636 1
2643 1
2646 5
2647 2
2650 1
2657 1
2660 1
2662 2
2677 1
2681 1
2685 1
2686 1
2687 4
2703 2
2709 1
2712 2
2713 2
2714 1
2715 1
2717 1
2721 2
2722 2
2723 3
2725 1
2731 2
2742 1
2747 3
2756 1
2760 1
2767 1
2769 1
2772 2
2778 1
2781 1
2788 2
2803 1
2806 1
2816 1
2833 1
2837 2
2845 1
2846 1
2847 2
2852 1
2853 1
2854 1
2857 1
2858 1
2862 2
2866 1
2870 1
2871 1
2873 1
2874 2
2878 2
2883 1
2885 1
2887 3
2888 1
2891 1
2892 1
2897 1
2900 2
2916 1
2920 2
2943 1
2950 1
2962 2
2972 2
2977 1
2985 2
2986 1
2987 1
2988 3
2990 1
3014 1
3030 1
3031 1
3035 1
3038 3
3041 1
3043 1
3046 1
3058 1
3060 1
3064 2
3067 1
3072 4
3073 1
3076 1
3088 1
3094 2
3120 1
3130 1
3142 1
3144 1
3150 1
3154 1
3157 1
3161 1
3178 1
3186 2
3191 1
3216 1
3221 1
3229 1
3232 2
3251 4
3258 2
3262 2
3286 1
3295 1
3297 1
3299 1
3304 1
3307 2
3312 1
3316 1
3318 1
3322 1
3340 1
3363 1
3372 1
3378 1
3380 2
3383 1
3384 1
3386 1
3390 1
3391 1
3398 1
3444 1
3486 1
3502 1
3513 1
3528 1
3530 2
3539 1
3541 1
3544 1
3592 1
3596 1
3603 1
3612 1
3618 2
3620 1
3629 1
3632 1
3638 1
3640 2
3657 1
3662 1
3693 1
3699 1
3700 1
3711 2
3712 1
3718 1
3722 1
3728 1
3768 1
3770 1
3780 2
3786 2
3794 1
3798 1
3803 1
3805 1
3814 1
3818 1
3819 1
3834 2
3837 1
3840 1
3844 1
3848 1
3849 1
3855 1
3857 1
3860 1
3863 1
3866 1
3869 2
3870 1
3873 1
3876 3
3877 1
3878 1
3882 1
3901 2
3904 1
3911 2
3916 1
3924 1
3934 1
3943 2
3974 1
3975 1
3976 1
3983 1
3999 1
4004 1
4043 1
4063 1
4072 1
4073 1
4076 2
4080 1
4086 1
4096 13
4098 1
4130 1
4140 1
4150 1
4173 1
4174 2
4192 1
4211 1
4235 3
4265 1
4267 1
4273 1
4286 1
4303 1
4309 1
4318 1
4330 1
4350 1
4377 1
4386 1
4399 1
4422 1
4425 1
4426 1
4429 1
4430 1
4437 1
4438 1
4450 1
4451 1
4459 1
4463 1
4471 1
4486 1
4500 1
4513 1
4514 1
4520 1
4523 1
4552 1
4568 1
4592 1
4595 1
4620 2
4633 1
4655 1
4657 1
4661 1
4665 1
4677 1
4698 1
4701 2
4709 1
4724 1
4725 2
4736 1
4737 1
4779 1
4783 2
4807 1
4808 1
4809 1
4868 1
4875 2
4884 1
4888 1
4890 2
4892 1
4895 1
4898 1
4899 2
4906 1
4911 1
4920 1
4943 1
4948 1
4954 1
4984 2
5085 1
5088 1
5090 2
5112 1
5120 2
5132 2
5133 1
5155 1
5170 1
5194 1
5293 1
5298 1
5305 1
5306 1
5364 1
5400 2
5401 1
5434 1
5446 1
5459 1
5467 1
5472 1
5473 3
5474 2
5475 1
5479 2
5491 7
5510 1
5527 1
5532 1
5543 1
5557 1
5598 1
5603 1
5634 1
5650 1
5675 1
5712 1
5714 1
5725 2
5728 1
5735 1
5738 1
5751 2
5766 1
5777 1
5782 1
5799 1
5801 1
5810 1
5838 1
5854 1
5878 1
5893 1
5898 1
5906 1
5921 1
5924 1
5926 1
5927 1
5940 3
5951 1
5961 1
5965 1
5993 1
6000 2
6005 1
6024 2
6070 1
6104 1
6144 1
6152 1
6236 1
6240 1
6246 1
6271 1
6280 1
6320 1
6367 1
6396 1
6400 2
6424 1
6427 1
6430 1
6453 1
6465 1
6477 1
6490 2
6515 2
6525 1
6546 1
6549 2
6568 1
6574 1
6576 1
6578 1
6587 1
6591 1
6593 2
6600 1
6603 1
6628 1
6640 2
6648 1
6650 1
6651 1
6655 1
6656 1
6672 1
6673 2
6674 1
6675 1
6685 1
6687 1
6697 1
6699 1
6701 2
6703 1
6706 2
6712 1
6714 2
6715 1
6716 2
6719 1
6720 2
6721 1
6723 1
6727 1
6736 1
6741 1
6743 1
6749 2
6823 1
6827 1
6832 1
6842 1
6843 3
6853 1
6855 1
6856 1
6871 1
6879 1
6883 1
6924 1
6934 1
6950 2
6954 2
6955 1
6958 1
6960 1
6968 1
6974 1
6996 1
7000 1
7053 1
7060 1
7079 1
7084 1
7115 2
7122 1
7151 1
7168 2
7188 1
7212 1
7235 3
7263 2
7268 9
7287 1
7309 1
7337 1
7358 1
7375 1
7390 1
7401 1
7461 1
7504 2
7522 1
7543 1
7564 1
7571 1
7594 1
7599 1
7612 1
7629 1
7686 1
7731 1
7734 1
7740 1
7819 1
7836 1
7843 1
7914 1
7950 1
7966 1
7989 1
7998 2
8004 1
8005 2
8012 1
8137 1
8167 1
8189 2
8192 7
8207 1
8219 1
8227 1
8246 1
8304 1
8323 1
8346 1
8358 1
8404 2
8415 1
8429 1
8452 1
8462 2
8515 1
8530 1
8541 1
8601 1
8682 1
8714 1
8747 1
8805 1
8832 1
8857 1
8948 1
8956 1
8962 1
8972 1
9109 1
9112 1
9171 1
9172 1
9210 1
9239 2
9264 1
9270 1
9286 1
9332 1
9334 5
9340 2
9387 1
9404 2
9432 1
9476 1
9544 1
9545 1
9572 1
9605 1
9625 1
9733 1
9789 1
9851 1
9859 1
9864 1
9869 1
9875 1
9937 1
9950 1
9955 1
9956 1
9968 1
9980 1
10020 1
10022 1
10080 2
10088 1
10099 1
10100 1
10108 2
10138 1
10240 1
10242 1
10249 1
10252 2
10266 1
10271 1
10300 1
10309 1
10322 1
10338 1
10365 1
10380 1
10388 1
10404 2
10457 1
10460 1
10470 1
10496 1
10514 1
10534 1
10561 2
10562 1
10594 1
10596 2
10598 1
10641 1
10643 1
10644 1
10661 1
10676 2
10682 1
10685 1
10695 1
10696 1
10699 1
10701 1
10792 1
10803 1
10822 1
10832 1
10833 2
10843 2
10847 2
10885 1
10898 1
10923 1
10926 1
10928 1
10954 1
11037 1
11057 1
11068 1
11089 1
11102 1
11145 1
11164 1
11173 1
11220 1
11251 1
11262 1
11264 2
11266 2
11274 1
11303 1
11320 1
11322 1
11368 1
11387 1
11389 1
11407 1
11408 1
11409 1
11497 1
11498 2
11499 1
11547 1
11636 1
11637 1
11750 1
11813 1
11866 1
11920 1
11933 1
11962 1
11973 1
11986 2
11999 1
12029 1
12054 2
12110 1
12112 2
12192 1
12193 1
12288 6
12309 1
12320 1
12366 1
12398 2
12410 1
12416 1
12445 1
12521 1
12558 1
12579 1
12583 2
12674 1
12777 1
12816 1
12840 1
13003 1
13026 1
13145 1
13178 1
13184 1
13205 1
13233 1
13240 1
13245 1
13246 1
13282 1
13312 2
13327 2
13342 1
13362 1
13410 1
13429 1
13507 1
13515 2
13524 1
13569 1
13580 1
13587 1
13646 1
13759 1
13871 1
13918 1
13934 1
13950 1
14092 1
14099 2
14145 1
14183 1
14187 1
14261 1
14277 1
14294 2
14322 1
14378 1
14452 1
14499 4
14565 1
14806 1
14877 8
14913 1
14945 1
15009 1
15058 1
15069 1
15076 1
15149 1
15235 1
15317 1
15338 1
15369 1
15401 1
15562 1
15650 1
15713 1
15718 1
15728 1
15798 1
15801 1
15907 1
15960 1
15963 1
15977 1
16070 1
16094 1
16161 1
16194 1
16346 1
16384 3
16479 2
16549 1
16591 1
16608 1
16670 1
16904 1
16911 1
17022 1
17214 2
17225 1
17383 1
17397 1
17408 2
17430 1
17492 1
17858 1
17913 3
18044 1
18070 1
18077 1
18245 1
18397 1
18432 3
18470 1
18569 1
18575 1
18763 1
18867 1
18870 1
18902 1
18915 1
18989 1
18992 2
19000 1
19014 1
19024 1
19027 1
19066 1
19193 1
19245 1
19338 1
19363 1
19570 1
19576 1
19629 1
19790 1
19828 1
19838 1
19840 1
20037 1
20146 1
20164 1
20198 2
20215 2
20233 2
20310 1
20357 1
20431 1
20449 1
20464 1
20465 1
20480 13
20521 1
20556 1
20826 1
20877 1
20917 1
20922 1
20960 1
20964 1
20982 1
21068 1
21811 1
21830 1
21887 1
22211 1
22538 1
22555 1
22616 1
22642 1
22660 1
22845 1
23254 1
23425 1
23636 1
23784 1
23924 1
24184 1
24305 1
24476 1
24576 1
24592 1
24636 2
24714 1
24819 1
24932 1
24941 1
24955 1
25020 1
25122 1
25628 1
26109 1
26110 1
26263 1
26452 1
26624 2
27104 1
27230 1
27648 1
27736 1
27808 1
27856 1
28131 3
28182 1
28388 1
28442 1
28578 1
28672 1
28678 1
28696 2
28708 1
28740 1
28857 2
29013 1
29022 9
29148 1
29208 1
29222 1
29293 1
29536 1
29696 1
29785 1
29830 1
29957 1
29958 1
30165 1
30176 1
30266 1
30499 1
30600 1
30602 1
30942 1
31270 1
31728 1
31888 1
32088 1
32201 1
32207 1
32208 1
32248 3
32479 1
32571 1
32680 1
32768 3
33120 1
33132 1
33340 1
33451 1
33497 1
33709 1
33792 1
34257 1
34387 1
34410 1
34808 1
35018 1
35263 1
35434 2
35539 1
35643 2
35901 1
35912 1
35948 1
35987 1
36335 1
36473 1
36608 1
36672 1
37659 1
37705 1
37756 1
37876 1
37986 1
38272 1
38425 1
38667 1
38670 1
38692 1
38793 1
38880 2
39596 1
39910 2
39979 1
40038 1
40196 1
40228 1
40489 1
40500 1
40520 1
40721 1
40723 1
40860 2
40960 8
41078 1
41319 1
41361 1
41460 1
41472 4
42041 1
42053 1
42689 1
42712 1
42787 1
42808 1
42930 1
43112 1
43349 1
43429 1
43534 1
43678 1
43940 1
44042 1
44067 2
44190 1
44226 1
44627 1
44753 1
45056 4
45358 1
45812 1
45985 1
46032 1
46349 1
46598 2
47062 1
47146 1
47195 1
47258 1
47616 1
48043 1
48128 2
48229 3
48235 1
48473 1
48535 1
48537 1
49152 4
49785 1
49896 1
50079 1
50340 1
50604 1
50785 1
50786 1
50923 1
50958 1
51121 1
51200 4
52021 1
52362 1
52435 1
53117 1
53126 2
53275 1
54251 1
55883 1
55983 1
56057 1
56678 1
56688 1
56734 1
56902 1
57264 1
57605 1
57909 1
58011 1
58105 1
58331 1
58584 1
58848 1
59286 1
59365 1
59392 1
59809 1
60120 1
60416 1
61074 1
61352 1
61440 1
61444 1
61892 1
62671 1
62940 1
63895 1
63899 1
64192 1
64248 2
64358 1
64377 1
64539 1
64935 1
65536 1
65731 1
66219 2
66405 1
66649 1
68437 1
68794 1
69164 1
69749 1
70395 1
70620 1
70629 1
70744 1
70801 1
70851 1
71094 1
71489 1
71680 1
71706 1
71734 1
71744 1
72185 1
72474 1
73289 1
73313 1
73360 1
76047 1
76224 1
76927 1
77352 1
78045 1
78455 1
80240 2
80848 1
81240 1
81746 1
82200 1
82260 1
82369 1
82565 1
83196 1
83435 1
84017 1
84060 1
84239 1
84534 1
84944 1
85433 1
85463 1
85937 1
85984 1
86016 1
86243 1
87599 1
87679 1
88064 1
88403 1
89739 1
90112 1
90911 1
90920 1
91136 1
91264 1
91406 1
91651 1
92417 2
93020 1
95223 1
95273 1
95323 1
95499 1
95517 1
95622 1
95697 1
97758 1
97818 1
97930 1
98198 2
98353 1
98745 3
99299 1
101096 1
101107 1
101278 1
101466 1
101625 1
102162 1
102199 1
102400 1
103373 1
103425 1
103610 1
103652 1
103807 1
103817 1
104536 1
105069 1
105581 1
106020 1
106554 1
106569 1
107086 1
107285 1
108520 1
108770 1
109005 1
110921 2
112274 1
112961 2
113152 1
113924 2
114074 1
114148 1
116505 1
116686 1
117697 2
118040 1
118254 1
118388 1
118604 1
120129 1
120364 1
120619 1
120800 1
120958 1
121143 1
121586 1
122046 1
122833 1
124506 1
124824 1
125133 1
125218 1
125398 1
125588 1
125611 1
126949 1
127271 1
127351 1
127477 1
127478 1
127569 1
127678 1
127718 1
127969 1
128666 1
129508 1
130465 4
130813 1
130835 1
130909 1
131063 1
131072 1
131584 2
131773 1
131858 1
131998 1
132034 1
132096 4
132938 2
132940 1
132944 1
133831 1
133863 1
133864 1
134540 1
134566 1
134596 1
134943 1
135794 1
136433 1
137107 1
137866 1
140191 1
140533 1
141251 1
141530 1
141702 1
142132 1
142212 1
142655 1
143015 1
143404 1
145169 1
145857 1
148103 1
148993 1
149621 1
151225 1
151388 1
151532 2
151814 1
153645 1
154036 1
154119 1
154314 2
154427 2
155196 1
155527 1
156355 1
156427 1
157069 1
157304 1
157463 1
157522 1
157582 1
157628 1
157788 1
158205 1
158682 1
159215 1
160138 1
161105 1
161186 1
161257 1
161474 1
161983 1
162222 1
162666 1
162920 1
163172 2
164094 1
164282 1
164527 1
164704 1
164842 1
164950 1
164959 2
165277 1
166122 1
166242 2
166402 1
166989 1
167457 1
168519 1
169356 1
169920 1
170455 1
170699 1
170839 1
170887 1
171237 1
171359 1
172319 2
172539 1
173653 1
173837 2
174277 1
175182 2
175377 1
177280 1
177946 1
180224 1
180249 1
180392 1
180568 1
181702 1
182258 1
182723 1
183269 1
183736 1
183831 1
184320 1
184513 5
186857 1
187248 1
187584 2
188416 1
189064 1
189416 1
189573 1
189830 1
190025 1
191296 3
193071 1
194560 2
198236 1
198687 1
200927 1
204226 1
211719 1
211777 1
212989 1
214483 1
214516 1
214562 1
216663 1
216758 1
217066 1
217146 1
217856 1
217937 1
217970 1
218016 1
218023 2
218224 1
218379 1
218447 1
218715 1
218936 1
218978 1
219328 1
219869 1
219870 1
220395 2
220707 1
221901 1
221984 1
222169 1
222268 1
222432 1
222506 1
222695 1
223384 1
224656 1
225533 1
226667 1
228093 1
228320 1
228609 1
229376 1
230945 1
231729 1
232867 1
233027 1
233371 1
233400 1
233899 1
235669 1
236677 1
238140 1
238592 1
239660 1
240960 1
241129 1
241965 2
242516 1
245337 1
245971 1
248768 1
249193 1
249551 1
250907 1
251671 1
251904 1
254303 1
255895 1
256533 1
259540 2
261274 1
262144 1
262827 1
262915 1
263846 1
264377 2
264516 1
264928 1
266163 1
266857 1
266858 1
267060 1
268699 1
268726 1
269193 1
269312 1
270455 1
270481 1
270648 1
270971 1
270989 1
271069 1
271881 1
272024 1
272154 1
272802 1
273614 1
274309 1
274729 1
274823 1
275900 1
279552 1
279751 1
280576 1
282797 1
282921 1
285059 1
286740 2
291426 1
292189 1
292620 1
294730 1
295059 1
296995 1
298180 1
301923 1
303000 1
306786 1
311296 1
311739 1
315059 1
317899 1
320179 8
321318 1
321980 1
322459 1
326853 1
326870 1
333824 1
338431 1
338799 1
339968 1
340052 1
343132 1
343200 1
343254 1
344996 1
349737 1
350691 1
366745 1
368602 1
370173 1
370688 2
372736 1
374784 1
378174 1
378647 1
380928 2
381791 1
381909 2
384192 5
387072 1
388175 1
389120 1
398680 1
399657 1
399658 1
400364 1
400595 1
403101 1
403102 1
403855 2
404505 1
405263 1
405316 1
406299 1
406300 1
409806 2
417881 1
417912 1
424871 1
432882 1
435464 2
444928 1
447204 1
448998 1
450361 1
462278 1
466725 1
466797 1
473837 1
473928 1
483205 1
490581 1
500698 1
501344 1
504477 1
514366 1
524119 1
524288 2
524788 1
524800 1
527500 1
540720 1
550045 1
559104 1
562849 1
566535 1
569767 1
571573 1
575488 1
576247 5
581632 1
630235 1
630784 1
637525 1
640523 1
645733 1
652004 2
652410 1
655360 2
674253 1
674301 1
676013 1
676733 1
680148 1
685355 1
685493 1
688330 1
705852 1
729013 1
738172 1
746320 1
766170 1
768512 1
769219 1
786341 1
788853 1
789333 1
794099 3
815104 1
853502 1
859936 1
884921 1
888379 1
892559 2
894738 1
896451 1
902359 1
905912 1
907439 1
908570 1
911066 1
911378 1
918814 1
950134 1
1016491 1
1024509 1
1038336 1
1043185 1
1048576 2
1049259 1
1057264 1
1057303 1
1080587 1
1080935 1
1111578 3
1192633 2
1211054 1
1214464 1
1236235 1
1239511 1
1242644 1
1246336 1
1249378 1
1249599 1
1250899 1
1252563 1
1252693 1
1254526 1
1255839 1
1256281 1
1258296 1
1259154 2
1259349 1
1262443 1
1262885 1
1264068 1
1265628 1
1284212 1
1312414 9
1318734 1
1323723 1
1341914 1
1372670 1
1408465 2
1414084 1
1436019 1
1494020 1
1569945 2
1572025 1
1582503 1
1584934 1
1590355 1
1591733 1
1593540 2
1593826 1
1594554 1
1594723 1
1595906 1
1606631 1
1614678 1
1620047 1
1620489 1
1620541 1
1620814 1
1620840 1
1699932 1
1703963 1
2031616 1
2097152 1
2383195 1
2409475 1
2793472 1
2825221 1
2880471 1
2881446 1
3036672 2
3200179 1
3447003 1
3532800 1
3591848 1
3604283 1
3696680 1
3712808 1
4031147 1
4060904 1
4085760 1
4129453 1
4162219 1
4194987 2
4227755 1
4283760 1
4464640 2
5059072 1
5242880 2
7529739 2
8323072 1
8356523 1
8389291 1
8624297 1
9955085 1
10754696 3
37634696 2
39337997 1
49461854 1
76346348 1
