0 44
1 8
9 1
10 1
11 1
16 113
24 128
25 1
32 1
50 1
53 1
54 2
56 2
61 1
69 1
70 2
96 2
100 2
101 2
103 45
104 1
106 2
108 1
113 1
125 1
132 1
142 4
181 1
182 2
188 2
198 2
199 8
204 2
210 2
223 1
228 2
230 1
242 1
277 1
281 11
284 2
335 1
377 1
380 1
407 2
415 1
431 1
447 1
466 7
542 4
673 1
677 1
695 1
696 3
704 1
707 1
708 1
711 1
714 2
747 1
805 1
810 2
890 1
899 1
931 1
1024 131
1141 1
1343 1
1595 1
1643 1
1765 1
1902 1
1903 1
1911 1
1945 1
1989 1
2048 2
2139 1
2393 1
2394 1
2445 1
2769 1
2790 1
2865 1
3216 1
3468 1
3495 1
3960 1
4411 1
4422 1
4968 1
5195 1
5252 1
5634 1
6200 1
6429 1
6628 1
7168 1
7258 1
7332 1
8192 1
8244 1
8574 1
8834 1
9901 1
11042 1
12100 1
14004 1
14336 1
14673 1
14708 1
15147 1
15333 1
15338 1
15406 1
15407 1
15409 1
15466 1
15547 1
18375 1
30001 1
35469 3
43647 1
44920 1
64722 1
113960 1
117815 1
276376 1
