0 55
1 12
3 1
10 3
11 2
16 92
18 1
21 1
24 145
31 2
34 1
54 1
56 1
64 1
70 2
83 1
96 1
98 1
99 1
100 1
101 1
103 18
106 1
108 3
116 1
131 3
142 1
150 3
159 3
181 1
182 1
188 1
198 1
204 1
205 3
210 1
215 3
223 3
228 1
271 1
276 1
281 2
322 1
324 1
350 1
357 1
379 1
380 2
381 1
396 1
456 1
466 11
474 1
476 1
477 2
480 1
504 1
523 1
551 1
559 3
563 1
567 1
572 1
573 1
576 1
615 1
617 3
646 3
658 1
660 1
668 3
670 1
697 1
714 1
765 1
805 1
810 1
871 1
1024 134
1098 1
1099 2
1141 2
1147 1
1154 3
1157 1
1162 1
1407 1
1447 1
1448 1
1505 2
1612 1
1613 1
1648 1
1671 1
1673 2
1799 1
1851 1
2003 1
2048 1
2110 1
2357 1
2449 1
2561 1
2647 1
2651 1
2771 1
2980 1
3054 1
3077 1
3449 2
3491 3
3639 1
3844 1
3960 1
4070 1
4310 1
4454 1
5457 1
5479 1
5769 1
6014 1
6149 1
6446 1
6926 1
8319 1
10186 1
10288 1
11011 1
11651 2
14108 1
15360 1
19456 1
31143 1
33446 1
36174 2
36195 1
36762 1
41660 1
43645 1
44915 1
65841 1
71294 1
551496 1
