0 151
1 10
2 26
3 13
4 167
5 5
6 3
7 3
8 9
9 13
10 11
11 19
12 14
13 17
14 12
15 11
16 4
17 14
18 14
19 11
20 6
21 22
22 8
23 15
24 17
25 26
26 14
27 5
28 10
29 12
30 7
31 8
32 18
33 11
34 10
35 7
36 7
37 10
38 17
39 7
40 13
41 9
42 9
43 11
44 10
45 12
46 12
47 7
48 14
49 9
50 7
51 8
52 10
53 6
54 6
55 8
56 7
57 5
58 8
59 4
60 12
61 6
62 7
63 8
64 10
65 7
66 4
67 4
68 10
69 6
70 2
71 4
72 10
73 7
74 7
75 9
76 6
77 4
78 6
79 7
80 1
81 4
82 9
83 3
84 5
85 7
86 8
87 3
88 4
89 3
90 4
91 5
92 2
93 1
94 9
95 9
96 5
97 6
98 14
99 2
100 5
101 9
102 6
103 5
105 5
106 4
107 5
108 3
109 6
110 2
111 2
112 1
113 5
114 6
115 1
116 11
117 3
118 3
119 6
120 7
121 5
122 4
123 12
124 3
125 3
126 23
127 6
128 3
129 7
130 7
131 3
132 5
133 10
134 6
135 2
136 1
137 1
138 6
139 12
140 6
141 3
142 4
143 5
144 2
145 3
146 5
147 2
148 2
149 4
150 4
151 4
152 7
153 2
154 3
155 2
156 6
157 2
158 5
159 6
160 4
161 4
162 4
163 8
164 4
165 6
166 7
167 3
168 4
169 8
170 6
171 2
172 3
173 1
174 3
175 7
176 4
177 3
178 5
179 3
180 12
181 3
182 3
183 3
184 2
186 4
187 3
188 5
189 7
190 5
191 6
192 2
194 4
195 6
196 4
197 2
198 1
199 10
200 2
201 5
202 4
203 4
204 12
206 9
207 2
208 2
209 8
210 5
211 2
212 4
213 2
214 5
215 3
216 1
217 2
218 8
219 2
220 1
221 1
222 8
223 3
224 1
225 4
226 4
227 2
228 3
229 2
230 2
231 2
232 3
233 5
234 4
235 6
236 6
237 4
238 1
239 6
240 5
241 5
242 2
243 9
244 4
246 7
247 3
248 5
249 7
250 4
251 8
252 1
253 3
254 7
255 3
256 3
257 5
259 5
260 3
261 12
262 2
263 4
264 6
265 5
266 1
267 9
268 3
269 2
270 5
271 1
272 2
273 1
274 5
275 5
276 2
277 2
278 4
279 7
280 3
281 1
282 1
283 8
284 12
285 1
286 3
287 4
288 1
289 1
290 3
291 2
292 4
293 5
294 2
295 9
296 3
297 3
298 3
299 11
300 8
301 4
302 3
303 4
304 4
305 7
306 11
307 2
308 2
309 1
310 5
311 3
312 1
313 4
314 1
315 7
316 5
317 2
318 9
319 4
320 1
321 4
322 2
323 2
324 4
325 6
326 4
327 2
328 2
329 1
330 4
331 3
332 6
333 2
334 1
335 2
336 9
337 1
339 4
340 6
341 4
342 2
343 1
344 1
345 7
346 7
347 1
348 2
349 3
350 5
351 4
352 1
353 7
354 6
355 4
356 4
357 1
358 3
359 12
360 2
361 4
362 3
363 6
364 2
365 2
366 2
367 1
368 3
369 1
370 4
371 1
372 2
373 3
374 1
375 3
376 5
377 6
378 4
379 5
380 4
381 2
382 3
384 3
385 6
386 1
387 2
388 4
389 5
390 1
391 5
392 4
393 3
394 5
395 7
396 4
397 4
398 3
399 1
400 3
401 3
402 1
403 2
404 4
405 2
406 2
407 3
408 2
409 2
411 2
412 4
413 3
414 7
415 2
416 4
417 5
418 4
419 3
420 2
421 3
422 1
424 3
425 4
426 2
427 5
428 3
429 1
430 2
431 1
432 2
433 6
434 6
435 1
436 2
437 4
438 3
439 2
440 6
441 5
442 7
444 1
445 3
446 3
447 4
448 2
449 5
450 5
451 2
452 2
453 1
454 6
455 2
456 6
457 5
458 4
459 1
460 2
461 2
462 4
463 1
464 1
465 5
466 2
467 3
468 3
469 1
470 2
471 3
472 1
473 1
475 3
476 6
477 2
478 2
479 3
480 3
481 1
482 5
483 6
484 6
485 1
486 3
487 2
488 2
489 3
490 2
491 5
492 4
493 2
494 6
495 3
496 8
497 4
498 2
499 5
500 1
501 3
502 2
503 5
504 3
505 1
506 3
507 3
508 1
509 7
510 3
511 3
512 2972
513 3
514 3
515 3
516 1
517 5
518 1
519 4
520 2
521 4
523 5
524 2
525 4
526 4
527 4
528 4
529 7
530 3
531 3
532 1
533 7
534 2
535 5
536 3
537 3
538 4
539 5
540 3
541 5
542 7
543 2
544 2
545 9
546 3
547 4
548 3
549 2
550 4
551 2
552 3
553 4
554 4
555 4
556 2
557 1
558 2
559 1
560 1
561 4
562 3
563 2
564 3
565 4
566 1
567 3
568 2
569 2
570 4
571 2
572 1
573 4
574 2
575 2
576 1
577 11
578 8
579 4
580 2
581 8
584 4
585 3
586 2
587 3
588 9
589 6
590 5
591 3
594 1
595 5
596 2
597 5
599 5
600 2
601 4
602 3
603 5
604 4
605 3
606 2
608 6
609 2
611 6
612 9
613 2
614 6
616 3
617 2
618 3
619 5
620 3
621 3
622 7
623 5
624 3
625 5
626 5
627 7
628 4
629 4
630 2
631 7
632 3
633 4
634 2
635 3
636 6
637 3
638 1
639 4
640 4
641 3
642 2
643 3
644 2
646 1
647 3
648 6
649 3
650 3
651 5
652 7
653 4
654 4
655 2
656 6
657 2
658 5
659 2
660 2
661 4
662 2
663 4
664 2
665 1
666 2
667 3
668 3
669 3
670 4
671 3
672 3
673 2
674 5
675 5
676 3
677 2
679 2
680 7
681 5
682 4
683 7
684 3
685 2
686 4
687 6
688 2
689 1
690 2
691 5
692 2
693 3
694 4
695 2
696 1
697 3
699 1
700 5
701 4
702 10
704 4
705 1
706 1
707 3
708 4
709 6
710 2
711 2
712 4
713 2
714 5
717 4
718 7
719 1
720 4
722 2
723 1
724 1
725 1
726 4
727 4
728 2
729 1
730 2
731 4
732 5
733 4
734 9
735 4
736 3
737 4
738 1
739 5
740 5
741 2
742 1
743 3
744 3
746 1
747 5
748 1
749 4
750 2
751 2
752 12
753 2
754 4
755 6
756 3
757 5
758 6
759 2
760 4
761 3
762 3
763 2
764 2
765 10
766 8
767 5
768 4
769 10
770 5
771 8
772 3
773 4
774 4
775 23
776 2
777 2
778 1
779 4
780 4
781 3
782 3
783 1
784 2
785 6
786 3
787 3
788 8
789 3
790 2
791 3
792 10
793 1
794 4
795 3
796 17
797 3
798 4
799 2
800 1
801 3
802 2
803 4
804 11
805 3
806 6
807 5
808 3
809 3
810 1
811 2
812 3
813 3
814 4
815 2
816 5
817 2
818 1
819 3
820 8
821 6
822 5
823 2
824 3
825 4
826 2
827 4
828 2
829 4
830 4
831 3
832 2
833 2
834 3
835 1
837 5
839 1
840 1
842 1
843 1
844 3
845 4
846 5
847 4
848 2
849 1
850 5
851 2
852 2
853 5
854 6
855 6
856 3
857 3
859 6
860 4
861 2
862 4
864 4
865 3
866 2
867 3
868 2
869 5
870 2
871 4
872 5
873 3
875 1
876 3
877 3
878 1
879 2
880 2
881 3
882 1
883 1
884 4
885 3
886 2
887 2
888 2
889 3
890 2
891 9
892 6
893 5
894 1
895 3
896 1
897 2
898 4
899 3
900 6
901 6
902 4
903 4
904 8
906 2
907 2
908 5
909 2
910 5
911 1
912 7
913 3
914 1
915 3
916 4
917 3
918 1
919 5
920 1
922 24
923 3
924 1
925 5
926 3
927 2
929 2
930 15
931 3
932 2
933 2
934 1
935 4
936 2
937 1
938 5
939 2
941 1
942 1
943 3
944 4
945 3
946 5
947 5
948 2
949 4
950 1
951 3
952 1
953 3
954 2
955 4
957 2
958 1
959 7
960 2
961 1
962 3
963 2
965 5
966 5
967 3
969 1
971 3
972 2
973 4
974 2
975 1
976 2
977 3
978 3
980 4
982 3
983 2
984 2
985 1
986 2
987 3
988 5
989 2
991 2
992 3
993 3
994 2
995 1
996 2
997 3
998 1
999 4
1000 3
1001 4
1002 2
1004 1
1005 2
1006 1
1007 1
1008 1
1009 3
1010 2
1011 3
1012 1
1014 2
1015 2
1016 4
1017 2
1018 3
1019 1
1020 3
1021 3
1022 5
1024 293
1025 3
1026 1
1027 1
1028 2
1029 3
1030 3
1031 4
1032 5
1033 2
1034 2
1035 2
1036 2
1037 2
1038 1
1039 3
1040 1
1041 5
1042 3
1043 3
1044 3
1045 1
1046 2
1047 2
1048 3
1049 2
1050 4
1051 1
1052 4
1053 2
1054 4
1055 8
1056 2
1057 1
1058 3
1059 3
1060 1
1061 4
1062 3
1063 1
1064 1
1065 2
1066 2
1067 2
1068 3
1069 2
1070 3
1071 2
1072 2
1073 2
1074 2
1075 3
1076 3
1077 3
1078 3
1079 4
1080 3
1081 3
1082 2
1083 1
1084 3
1085 5
1086 2
1087 1
1088 2
1089 2
1090 3
1091 3
1092 3
1093 1
1094 4
1095 3
1096 1
1097 1
1098 1
1099 7
1100 3
1101 2
1102 2
1103 3
1105 1
1106 2
1107 1
1108 1
1110 1
1111 1
1112 7
1113 1
1114 1
1115 3
1117 3
1119 1
1120 1
1121 4
1122 2
1123 2
1124 3
1125 2
1126 1
1128 1
1129 3
1131 3
1132 2
1133 2
1134 6
1136 1
1137 2
1141 2
1142 1
1143 1
1144 3
1145 3
1146 2
1147 3
1149 2
1150 1
1151 2
1152 9
1153 2
1154 2
1155 3
1156 3
1157 2
1158 1
1159 2
1160 7
1161 4
1162 3
1163 4
1164 4
1165 10
1166 3
1167 11
1168 5
1169 9
1170 11
1171 4
1172 4
1173 5
1174 2
1175 1
1176 2
1177 1
1178 1
1179 3
1180 4
1183 4
1184 1
1186 1
1187 2
1188 4
1189 4
1190 2
1191 2
1192 4
1193 2
1195 3
1196 2
1197 3
1199 1
1200 1
1202 8
1203 2
1207 1
1208 4
1209 5
1210 1
1212 2
1213 4
1214 2
1215 2
1216 2
1217 3
1219 1
1220 1
1221 1
1223 2
1224 3
1225 2
1226 1
1227 3
1230 3
1231 1
1235 3
1236 2
1237 2
1239 1
1240 2
1241 1
1242 3
1243 1
1244 4
1246 1
1247 2
1249 1
1250 1
1251 2
1253 1
1254 4
1255 1
1256 4
1257 3
1258 1
1259 3
1260 1
1261 1
1262 1
1263 3
1264 3
1265 4
1266 3
1267 2
1268 2
1269 1
1270 4
1271 2
1272 3
1273 4
1274 1
1275 1
1276 3
1277 3
1278 3
1279 1
1281 2
1282 3
1283 1
1285 1
1286 1
1287 2
1289 4
1290 6
1291 3
1292 2
1293 1
1295 1
1298 1
1299 1
1300 2
1302 1
1304 4
1305 2
1306 3
1307 1
1308 1
1311 1
1312 1
1313 2
1314 2
1315 1
1316 1
1319 3
1322 4
1323 1
1325 1
1326 1
1329 1
1330 1
1331 1
1332 1
1333 1
1335 3
1336 1
1337 1
1339 1
1341 1
1342 1
1344 2
1345 2
1347 3
1348 4
1349 1
1350 2
1351 1
1352 1
1354 2
1355 5
1356 3
1359 1
1361 3
1362 1
1363 2
1364 1
1365 4
1366 1
1368 3
1369 2
1370 2
1371 4
1372 1
1373 1
1374 2
1375 6
1376 2
1377 2
1379 2
1380 1
1381 2
1382 1
1383 1
1384 1
1385 1
1386 3
1387 3
1389 1
1390 1
1391 2
1392 3
1393 1
1395 2
1397 3
1398 1
1399 1
1400 1
1401 2
1402 2
1403 3
1404 2
1405 1
1406 1
1407 2
1409 1
1410 1
1413 4
1414 2
1415 3
1416 5
1417 2
1421 3
1422 8
1423 4
1424 3
1425 3
1426 2
1427 3
1428 2
1429 1
1430 1
1432 3
1434 1
1435 2
1439 5
1440 1
1441 3
1442 3
1443 1
1444 2
1445 2
1447 2
1448 2
1449 2
1450 1
1451 3
1452 2
1453 1
1454 3
1455 3
1456 2
1458 1
1460 1
1461 5
1463 2
1467 3
1470 1
1471 1
1472 1
1473 2
1475 2
1476 4
1478 1
1479 5
1480 2
1484 1
1485 5
1487 1
1489 1
1490 3
1491 4
1492 1
1493 3
1494 2
1495 2
1496 2
1497 2
1498 2
1499 3
1500 3
1501 3
1502 1
1503 2
1504 2
1505 4
1506 1
1508 2
1510 1
1511 1
1513 3
1514 1
1515 1
1516 1
1518 2
1519 1
1520 2
1521 3
1522 1
1523 1
1524 1
1526 1
1528 2
1529 1
1530 1
1533 2
1535 2
1536 80
1537 1
1540 2
1541 1
1542 1
1543 1
1544 2
1546 3
1548 3
1550 1
1551 2
1552 1
1553 1
1554 1
1556 1
1558 1
1559 2
1560 5
1561 1
1562 1
1563 2
1564 1
1566 4
1567 1
1568 1
1569 2
1571 3
1574 2
1575 1
1576 1
1577 2
1578 3
1580 3
1582 3
1583 1
1585 1
1586 2
1587 2
1590 3
1591 1
1592 2
1593 3
1594 1
1595 5
1596 2
1600 4
1602 1
1604 2
1605 2
1607 3
1608 6
1609 1
1610 2
1611 3
1612 1
1613 2
1614 2
1616 1
1617 4
1618 1
1622 2
1623 2
1624 1
1625 3
1626 1
1628 3
1631 1
1632 2
1633 1
1634 1
1635 2
1636 3
1637 1
1638 3
1639 1
1641 2
1642 2
1643 2
1644 1
1645 2
1649 1
1650 1
1651 1
1655 1
1658 1
1659 2
1661 1
1663 1
1664 2
1667 3
1676 3
1677 3
1678 1
1679 2
1680 1
1681 1
1682 1
1683 2
1684 3
1686 2
1688 2
1689 3
1691 1
1692 2
1693 2
1695 2
1697 1
1699 1
1700 7
1702 1
1706 1
1707 1
1709 1
1710 3
1712 3
1713 1
1714 1
1715 2
1716 4
1717 1
1718 1
1719 1
1720 5
1721 1
1722 2
1723 2
1725 1
1726 3
1728 1
1732 1
1733 1
1735 1
1736 3
1737 1
1740 1
1741 1
1743 2
1744 1
1745 1
1746 2
1749 1
1751 2
1752 1
1754 3
1755 1
1756 1
1758 1
1759 1
1761 1
1762 2
1763 1
1766 2
1767 5
1769 4
1770 1
1772 1
1775 2
1778 2
1780 1
1785 1
1786 1
1787 1
1790 2
1793 1
1794 1
1797 1
1799 1
1800 4
1801 1
1802 1
1804 1
1805 2
1806 1
1807 2
1810 2
1811 1
1812 2
1814 3
1815 1
1816 1
1817 1
1818 3
1819 1
1821 1
1822 2
1823 1
1825 3
1826 5
1827 1
1829 1
1832 2
1833 3
1834 2
1836 1
1838 2
1839 1
1840 2
1842 1
1843 6
1844 4
1845 3
1846 1
1848 1
1849 1
1850 5
1852 3
1853 1
1854 5
1858 1
1860 4
1861 3
1863 31
1864 1
1865 2
1866 1
1869 1
1871 3
1872 1
1873 3
1877 1
1879 2
1880 3
1882 2
1883 4
1884 1
1885 1
1886 1
1887 1
1888 1
1889 1
1890 2
1891 1
1892 1
1895 2
1898 1
1899 2
1900 2
1901 2
1902 1
1903 2
1904 1
1905 2
1907 1
1908 3
1909 1
1910 1
1911 3
1912 2
1913 1
1915 1
1917 3
1922 3
1923 1
1925 4
1927 2
1929 1
1933 2
1934 1
1935 2
1936 1
1937 1
1938 3
1939 2
1941 1
1942 1
1943 4
1944 2
1945 1
1946 2
1947 1
1949 2
1951 2
1953 1
1955 1
1956 1
1958 2
1960 1
1966 1
1968 1
1969 1
1971 2
1972 4
1975 2
1976 1
1979 1
1981 1
1982 1
1984 2
1986 2
1987 1
1988 1
1991 1
1993 2
1994 3
1995 1
1996 1
1997 1
1998 2
1999 1
2001 2
2003 1
2004 1
2009 1
2011 1
2014 1
2015 1
2016 2
2017 1
2018 2
2019 1
2020 1
2023 2
2024 2
2028 1
2030 1
2031 1
2032 2
2033 3
2037 1
2039 1
2041 1
2042 1
2043 1
2045 1
2047 1
2048 26
2049 2
2050 1
2051 1
2052 1
2053 3
2055 1
2057 1
2058 2
2061 3
2063 1
2067 3
2071 1
2072 1
2073 1
2074 5
2075 1
2078 1
2079 1
2080 2
2081 1
2082 1
2083 1
2084 1
2085 3
2087 3
2089 1
2090 2
2091 2
2095 2
2096 3
2102 2
2103 2
2104 3
2109 3
2110 1
2111 1
2114 1
2115 2
2117 2
2120 3
2121 3
2122 3
2124 2
2125 1
2126 4
2127 1
2130 3
2131 1
2134 2
2136 4
2140 1
2142 2
2143 2
2144 1
2145 1
2147 3
2148 1
2157 1
2159 1
2160 1
2161 1
2162 5
2164 2
2165 2
2167 1
2168 1
2170 1
2172 2
2173 1
2180 2
2185 4
2189 1
2190 1
2193 1
2194 3
2195 1
2199 1
2200 2
2201 1
2203 1
2204 3
2206 2
2212 2
2213 4
2214 1
2216 1
2220 8
2223 3
2226 1
2228 1
2229 1
2231 1
2239 2
2240 1
2244 2
2245 1
2247 1
2249 2
2250 4
2254 2
2256 2
2258 2
2259 1
2264 1
2265 1
2269 2
2271 2
2272 1
2273 1
2275 1
2277 3
2278 1
2279 1
2280 1
2281 2
2282 1
2283 2
2284 2
2288 2
2291 1
2292 2
2294 1
2295 1
2296 1
2297 1
2299 2
2301 5
2303 1
2304 1
2305 4
2308 2
2310 1
2311 2
2312 1
2314 1
2315 1
2316 1
2317 1
2318 1
2319 2
2320 2
2324 1
2326 3
2327 2
2328 1
2332 1
2336 2
2339 1
2342 1
2344 1
2345 1
2346 2
2349 2
2350 1
2351 2
2358 1
2361 5
2362 2
2364 2
2365 1
2367 1
2373 1
2377 1
2382 2
2383 2
2384 1
2387 1
2388 2
2389 1
2391 1
2393 1
2396 1
2403 1
2405 1
2407 1
2408 1
2410 1
2411 1
2414 1
2415 1
2420 1
2422 2
2427 1
2432 1
2433 1
2434 3
2437 4
2438 1
2448 1
2449 1
2450 2
2451 2
2452 1
2453 2
2455 2
2457 1
2458 1
2459 1
2460 1
2468 2
2472 1
2473 1
2476 1
2478 1
2479 1
2480 1
2482 2
2483 1
2490 1
2492 2
2494 1
2497 3
2501 1
2505 1
2507 1
2508 1
2509 1
2510 1
2512 2
2513 1
2515 1
2516 2
2518 2
2519 1
2523 2
2524 2
2525 1
2526 1
2527 1
2528 1
2531 2
2534 1
2536 2
2537 1
2538 6
2543 1
2545 1
2546 1
2553 3
2555 2
2558 1
2559 2
2560 8
2561 1
2565 2
2568 1
2569 1
2571 3
2573 5
2574 2
2577 1
2580 1
2583 3
2585 2
2590 1
2595 1
2598 1
2602 2
2603 2
2605 2
2607 1
2612 2
2614 1
2615 1
2616 1
2619 1
2627 1
2628 1
2631 1
2632 2
2635 1
2638 1
2639 1
2642 2
2645 1
2646 1
2647 1
2648 1
2651 1
2654 1
2656 1
2658 3
2659 2
2661 1
2662 2
2664 2
2669 1
2670 1
2672 2
2675 1
2676 1
2677 1
2678 2
2679 1
2680 1
2681 1
2683 1
2684 1
2687 1
2688 2
2695 1
2696 1
2697 1
2698 2
2699 1
2704 1
2707 2
2708 2
2710 2
2715 1
2717 1
2718 1
2719 1
2726 1
2727 1
2728 1
2730 1
2731 1
2733 1
2736 1
2738 1
2741 1
2748 1
2751 2
2756 2
2760 1
2764 1
2769 1
2772 2
2773 1
2778 1
2781 1
2782 2
2784 2
2786 2
2787 1
2788 1
2789 1
2791 1
2792 1
2797 1
2798 1
2800 1
2802 1
2807 1
2809 2
2812 1
2813 1
2815 1
2816 2
2817 1
2820 4
2821 1
2824 1
2825 1
2834 1
2835 1
2836 2
2838 1
2841 1
2843 1
2847 1
2848 1
2849 1
2851 1
2854 2
2864 2
2865 2
2866 1
2867 3
2869 2
2872 1
2873 1
2878 1
2880 2
2882 1
2886 2
2887 1
2894 2
2897 1
2900 1
2901 1
2902 1
2910 4
2913 1
2914 1
2917 1
2919 4
2920 1
2921 1
2925 2
2926 1
2935 1
2936 1
2942 1
2945 1
2949 4
2953 1
2957 1
2958 1
2959 1
2960 1
2962 1
2965 2
2966 1
2968 1
2969 2
2970 1
2974 2
2976 1
2977 3
2978 1
2980 1
2983 1
2984 2
2990 1
2991 1
2992 1
2997 1
2998 1
3003 2
3005 1
3007 1
3012 1
3017 1
3019 1
3020 1
3023 1
3025 1
3027 2
3028 1
3030 1
3037 3
3042 1
3048 1
3051 2
3053 1
3054 1
3056 1
3057 1
3062 5
3063 1
3065 3
3067 1
3069 2
3071 1
3072 4
3076 2
3077 1
3078 1
3083 1
3084 2
3087 1
3088 1
3089 2
3091 1
3092 1
3094 2
3096 2
3097 1
3099 1
3100 1
3101 3
3105 1
3106 1
3108 2
3109 2
3113 1
3118 1
3119 2
3120 2
3123 2
3126 1
3128 1
3131 2
3132 3
3134 1
3136 1
3139 1
3140 2
3142 1
3144 1
3146 1
3152 1
3156 3
3158 1
3159 2
3167 2
3168 1
3178 1
3179 1
3181 2
3184 1
3186 1
3187 2
3188 1
3189 2
3190 4
3194 6
3197 1
3201 1
3202 1
3203 1
3206 1
3208 2
3209 1
3210 1
3216 1
3218 1
3220 3
3224 2
3227 1
3228 1
3229 1
3233 2
3234 1
3236 1
3238 1
3242 2
3243 1
3249 1
3250 1
3252 1
3256 3
3258 2
3259 1
3260 1
3261 1
3262 2
3263 2
3268 2
3269 1
3277 1
3278 1
3280 1
3283 1
3284 1
3285 1
3290 1
3292 1
3293 1
3295 2
3299 1
3300 1
3301 1
3303 1
3306 1
3307 1
3313 1
3315 1
3317 2
3319 2
3320 1
3321 2
3324 1
3325 1
3326 2
3327 1
3328 1
3332 1
3334 1
3335 1
3336 2
3342 1
3343 1
3345 1
3346 2
3352 1
3353 3
3354 1
3356 2
3365 1
3370 1
3374 2
3375 1
3376 1
3381 1
3388 1
3390 1
3395 2
3398 4
3403 2
3405 1
3410 2
3411 1
3412 2
3415 1
3423 1
3426 2
3428 1
3429 1
3431 1
3433 1
3434 1
3436 1
3437 1
3442 2
3443 2
3445 2
3446 2
3448 1
3449 1
3450 3
3451 1
3452 1
3453 1
3455 1
3458 1
3462 1
3464 1
3465 1
3466 1
3477 1
3478 1
3483 1
3485 1
3487 1
3489 1
3490 3
3492 1
3494 1
3495 2
3496 1
3497 2
3500 3
3503 1
3506 1
3516 1
3517 2
3521 3
3524 2
3530 1
3534 1
3537 1
3538 1
3539 1
3545 1
3547 1
3566 1
3567 1
3568 1
3571 2
3573 1
3574 1
3575 1
3581 2
3583 1
3584 2
3591 1
3596 1
3603 1
3611 1
3614 1
3616 1
3617 2
3628 1
3629 1
3634 2
3640 1
3642 3
3645 1
3648 1
3651 1
3654 1
3660 2
3661 1
3665 1
3667 1
3679 1
3680 2
3692 4
3696 2
3697 2
3700 2
3702 2
3712 1
3715 1
3719 3
3720 2
3721 1
3723 1
3726 1
3727 1
3731 1
3733 1
3735 1
3741 3
3746 1
3759 1
3763 1
3765 1
3769 2
3771 1
3774 1
3775 1
3782 1
3784 1
3787 1
3797 1
3799 1
3804 1
3812 1
3813 1
3816 1
3818 1
3826 1
3828 2
3836 1
3837 1
3845 2
3855 2
3859 2
3860 1
3865 2
3866 4
3871 1
3874 1
3876 1
3890 1
3894 1
3895 1
3898 1
3905 1
3906 1
3908 2
3910 1
3911 1
3913 1
3917 1
3918 1
3925 3
3928 1
3931 1
3933 1
3935 1
3936 2
3948 1
3949 1
3952 1
3953 1
3955 1
3958 1
3966 1
3968 2
3970 2
3977 2
3978 1
3980 1
3987 1
3992 1
3993 1
3995 2
3996 1
3998 1
4000 1
4003 1
4004 2
4007 1
4011 1
4012 1
4013 1
4021 3
4022 1
4023 1
4024 1
4027 1
4028 1
4036 1
4038 1
4049 1
4051 2
4054 1
4055 1
4058 2
4067 1
4068 1
4079 1
4085 2
4088 2
4096 4
4099 2
4103 1
4104 1
4106 1
4107 1
4110 1
4112 1
4115 1
4122 1
4123 1
4124 1
4127 1
4136 1
4137 1
4138 1
4139 1
4148 1
4149 1
4151 1
4156 1
4160 1
4161 1
4162 1
4166 1
4170 1
4174 1
4179 1
4182 1
4183 1
4186 1
4188 1
4189 1
4191 3
4193 1
4195 1
4196 1
4198 1
4205 1
4212 1
4213 1
4219 1
4220 1
4226 1
4228 1
4229 1
4231 1
4233 1
4235 2
4236 1
4243 1
4255 1
4256 2
4258 1
4260 2
4261 1
4263 1
4266 1
4277 1
4279 1
4284 1
4285 1
4296 1
4299 1
4300 1
4304 1
4308 1
4309 1
4311 1
4319 1
4322 1
4327 1
4329 1
4337 1
4338 1
4340 1
4342 1
4344 1
4345 3
4346 1
4347 1
4350 2
4353 2
4356 1
4357 1
4365 1
4366 1
4369 2
4375 2
4377 1
4379 1
4385 2
4391 2
4393 1
4396 1
4397 1
4400 1
4406 1
4417 1
4418 1
4432 1
4449 1
4452 1
4457 2
4461 3
4467 1
4473 1
4475 1
4481 1
4482 2
4486 1
4490 1
4499 1
4505 1
4506 1
4516 1
4517 1
4518 1
4519 1
4524 2
4528 1
4538 1
4539 2
4563 1
4564 2
4565 1
4567 1
4577 1
4586 1
4591 2
4594 1
4596 2
4600 1
4605 1
4608 3
4609 1
4612 1
4623 1
4626 2
4627 1
4628 1
4635 1
4636 3
4639 1
4648 1
4649 1
4653 1
4655 2
4658 1
4662 1
4663 2
4665 1
4666 2
4667 1
4668 1
4671 1
4680 1
4683 1
4694 1
4700 1
4704 1
4711 1
4713 1
4717 1
4719 2
4721 1
4723 1
4727 2
4732 1
4736 1
4738 1
4742 1
4746 1
4749 1
4751 1
4755 1
4756 1
4763 1
4770 1
4772 1
4773 1
4776 1
4786 2
4790 2
4795 1
4806 1
4812 2
4814 1
4815 2
4820 1
4823 4
4833 1
4835 1
4838 1
4839 1
4844 1
4846 1
4848 2
4850 1
4853 1
4855 1
4858 1
4859 1
4861 1
4862 1
4867 1
4869 1
4871 1
4877 1
4878 1
4884 2
4885 1
4890 1
4894 2
4897 1
4902 1
4906 1
4910 1
4913 1
4918 1
4926 2
4938 1
4946 1
4949 1
4950 1
4951 1
4953 1
4961 1
4964 1
4966 1
4968 1
4969 1
4972 1
4976 2
4977 2
4978 1
4981 1
4983 1
4992 1
5000 1
5014 1
5015 1
5016 1
5018 1
5032 1
5034 1
5036 1
5037 1
5038 1
5044 1
5045 1
5049 1
5051 1
5069 1
5079 1
5091 2
5095 1
5096 2
5102 1
5112 2
5113 1
5120 1
5128 2
5130 1
5131 1
5135 1
5136 1
5139 1
5142 1
5148 1
5168 1
5173 5
5174 1
5182 2
5189 1
5191 1
5197 1
5199 1
5208 1
5210 3
5213 1
5217 1
5222 5
5225 1
5236 3
5237 1
5242 2
5244 1
5246 1
5247 1
5252 1
5255 2
5262 2
5265 1
5267 1
5269 1
5276 1
5278 1
5279 1
5290 2
5296 13
5306 1
5319 1
5324 1
5348 1
5349 1
5351 1
5352 1
5353 1
5354 1
5355 1
5356 1
5362 1
5367 1
5368 1
5371 1
5381 1
5382 1
5389 1
5395 1
5399 1
5413 2
5428 1
5440 1
5445 1
5458 1
5464 1
5477 1
5486 1
5487 5
5491 1
5494 1
5498 1
5501 1
5503 1
5514 1
5515 1
5520 2
5521 1
5534 1
5540 1
5541 1
5553 1
5554 1
5571 1
5575 1
5586 1
5594 1
5599 1
5600 1
5608 1
5612 1
5616 2
5620 1
5621 1
5625 3
5632 1
5637 1
5639 1
5645 4
5655 1
5660 1
5669 1
5670 1
5671 1
5673 3
5674 3
5679 1
5691 1
5692 1
5709 1
5711 1
5712 1
5716 1
5725 1
5727 1
5733 1
5737 1
5739 2
5756 1
5757 1
5759 1
5762 1
5768 1
5773 1
5774 4
5781 3
5783 2
5787 2
5809 3
5813 3
5814 2
5816 1
5828 1
5829 2
5830 1
5832 1
5838 1
5849 1
5870 2
5885 2
5887 1
5888 1
5889 2
5892 1
5902 1
5903 2
5904 3
5917 2
5924 1
5931 1
5936 1
5938 2
5939 1
5943 1
5947 1
5956 1
5972 1
5977 1
5981 1
5983 2
5985 1
5988 2
5997 1
6006 1
6014 1
6015 1
6019 1
6021 2
6032 3
6046 1
6051 1
6057 1
6064 2
6066 1
6071 1
6077 2
6080 1
6081 1
6092 1
6115 1
6118 2
6126 1
6129 1
6138 5
6142 1
6147 2
6149 1
6151 1
6167 1
6174 1
6181 1
6182 1
6190 1
6192 1
6193 1
6198 1
6208 1
6211 1
6213 1
6221 1
6229 2
6232 1
6240 1
6244 2
6262 1
6272 1
6273 1
6281 1
6290 1
6293 1
6297 1
6299 1
6315 1
6335 1
6336 1
6343 1
6344 1
6345 1
6348 1
6354 1
6359 2
6371 1
6383 1
6385 1
6391 1
6392 1
6394 1
6415 1
6420 1
6425 2
6432 1
6442 1
6444 1
6452 2
6455 1
6458 1
6461 1
6467 1
6470 2
6471 1
6472 1
6475 1
6477 2
6497 1
6511 1
6514 1
6525 2
6563 1
6565 2
6577 1
6584 1
6589 1
6594 1
6598 1
6602 1
6606 1
6608 1
6626 1
6636 1
6647 1
6666 1
6667 2
6673 1
6679 1
6687 1
6690 4
6699 2
6711 1
6724 2
6735 1
6744 1
6760 1
6761 2
6770 4
6776 1
6785 1
6791 1
6792 1
6793 1
6807 1
6808 1
6810 1
6813 1
6820 2
6826 1
6830 1
6832 1
6837 1
6845 1
6846 1
6847 1
6848 1
6852 1
6860 1
6862 1
6864 1
6879 1
6881 2
6898 1
6899 2
6921 1
6926 2
6934 3
6947 1
6948 1
6954 2
6958 1
6963 1
6980 2
6984 1
6985 1
6987 2
6989 1
6996 1
7004 1
7008 1
7010 1
7019 1
7029 1
7032 1
7040 1
7041 1
7048 2
7070 2
7084 1
7086 1
7087 1
7097 1
7122 1
7131 2
7136 1
7138 2
7140 2
7149 1
7150 1
7151 1
7157 1
7166 1
7168 2
7172 1
7181 1
7183 1
7196 2
7197 6
7202 2
7216 3
7217 1
7220 1
7221 1
7238 1
7242 1
7249 1
7251 1
7265 1
7266 1
7272 1
7273 2
7293 2
7303 2
7310 1
7313 1
7314 1
7324 1
7329 1
7333 1
7334 1
7345 1
7349 1
7351 1
7361 1
7362 1
7369 3
7374 1
7384 1
7388 1
7396 1
7397 3
7400 1
7406 2
7407 2
7411 1
7418 1
7419 1
7424 1
7444 1
7466 1
7467 1
7470 1
7472 1
7495 1
7500 1
7501 1
7504 1
7509 7
7552 1
7558 2
7559 1
7561 1
7576 1
7586 2
7602 3
7604 2
7605 1
7608 2
7613 1
7616 1
7622 1
7635 1
7641 1
7677 1
7680 1
7687 1
7688 1
7697 1
7712 1
7746 1
7753 1
7768 1
7780 1
7799 1
7800 2
7807 2
7812 1
7817 1
7819 1
7826 1
7827 1
7831 1
7832 1
7853 1
7880 2
7895 1
7903 1
7919 1
7924 1
7925 1
7928 2
7930 1
7934 1
7947 2
7981 1
7982 1
8000 1
8006 1
8018 1
8036 1
8044 1
8075 1
8077 2
8078 4
8083 2
8089 3
8102 2
8106 1
8108 1
8111 1
8129 1
8134 1
8153 1
8161 1
8164 1
8168 1
8174 1
8175 1
8190 1
8192 5
8199 1
8209 1
8211 1
8224 1
8231 1
8246 1
8259 2
8280 1
8281 1
8283 2
8285 1
8332 1
8357 2
8358 1
8377 1
8378 1
8379 1
8384 2
8401 1
8406 1
8438 1
8447 2
8456 1
8462 1
8474 1
8483 1
8488 1
8493 1
8507 1
8512 1
8516 1
8528 1
8540 1
8542 1
8543 1
8555 1
8572 1
8586 1
8595 1
8596 1
8606 2
8613 1
8625 1
8632 2
8634 1
8642 1
8647 2
8663 1
8666 1
8674 1
8679 1
8682 4
8683 1
8686 1
8688 1
8698 1
8705 2
8709 1
8713 1
8718 1
8727 1
8733 1
8738 1
8758 1
8788 1
8789 2
8794 1
8803 1
8806 1
8809 1
8823 1
8828 1
8830 1
8831 1
8843 1
8844 1
8847 1
8849 1
8861 1
8867 1
8882 1
8886 1
8888 1
8897 1
8910 1
8915 1
8916 1
8919 1
8934 1
8936 1
8946 1
8955 1
8960 1
8965 1
8970 1
8977 2
8986 1
9004 1
9010 3
9015 1
9029 1
9042 1
9043 1
9051 2
9052 1
9059 1
9064 1
9082 1
9092 1
9108 1
9129 1
9136 1
9137 1
9151 1
9152 1
9171 2
9182 1
9198 1
9199 1
9200 3
9225 1
9226 1
9228 1
9229 2
9230 1
9231 1
9241 1
9244 1
9249 1
9253 1
9272 1
9290 1
9297 1
9300 1
9304 1
9313 1
9318 1
9339 2
9345 1
9347 1
9363 1
9365 1
9366 2
9376 1
9391 1
9394 1
9395 1
9411 1
9447 1
9448 1
9461 1
9503 1
9516 1
9525 1
9530 1
9581 2
9582 1
9595 1
9603 1
9608 1
9612 1
9615 1
9619 1
9622 1
9641 1
9661 1
9662 1
9663 1
9673 1
9675 1
9676 1
9682 1
9693 1
9694 1
9697 1
9707 1
9711 1
9716 1
9717 2
9721 1
9722 1
9734 1
9745 1
9747 1
9754 2
9759 1
9760 1
9785 2
9794 1
9807 1
9808 2
9832 3
9852 1
9867 1
9869 1
9892 1
9901 1
9920 1
9926 1
9955 2
9964 1
9975 1
9978 1
9994 1
10001 1
10009 1
10014 1
10022 1
10033 1
10039 1
10057 1
10058 1
10067 1
10069 1
10076 1
10082 1
10087 1
10099 1
10106 1
10113 2
10115 2
10121 1
10129 1
10134 1
10142 1
10147 1
10154 1
10176 1
10185 1
10201 1
10202 1
10203 1
10215 1
10225 1
10229 1
10260 1
10264 1
10280 1
10288 1
10302 2
10303 2
10326 1
10340 1
10341 1
10346 1
10365 1
10373 1
10379 1
10383 1
10384 1
10385 1
10389 1
10404 1
10417 1
10419 1
10425 1
10447 1
10449 1
10450 1
10464 1
10471 1
10506 1
10512 1
10514 1
10516 1
10528 1
10560 1
10563 1
10567 1
10570 1
10576 1
10577 1
10617 1
10721 1
10744 1
10748 1
10803 1
10810 2
10811 1
10812 1
10831 2
10845 1
10848 1
10881 3
10889 1
10900 1
10918 1
10921 1
10940 1
10944 1
10977 2
10999 1
11013 1
11014 1
11038 1
11084 1
11091 1
11104 2
11115 1
11122 1
11133 1
11140 1
11148 1
11150 1
11151 1
11202 1
11223 1
11243 4
11253 1
11255 1
11264 1
11291 1
11297 1
11311 1
11355 1
11357 1
11371 1
11389 1
11398 1
11418 1
11420 1
11446 2
11460 1
11473 4
11474 1
11485 1
11489 1
11542 1
11543 1
11553 1
11578 1
11583 1
11599 1
11637 1
11655 2
11678 1
11679 1
11691 1
11692 1
11693 1
11700 2
11703 1
11706 1
11721 1
11723 1
11745 1
11746 1
11763 1
11777 1
11788 1
11791 1
11795 1
11802 1
11815 2
11816 1
11843 1
11851 1
11864 1
11885 1
11912 2
11920 1
11935 1
11952 1
11953 1
11971 1
11992 1
11993 1
11994 1
12027 1
12062 1
12075 1
12077 1
12106 1
12212 1
12220 1
12223 1
12231 1
12254 1
12260 1
12289 1
12295 1
12326 1
12336 3
12340 1
12369 1
12372 1
12376 1
12385 1
12407 1
12409 1
12412 1
12421 1
12425 1
12428 2
12455 1
12467 1
12488 2
12552 1
12583 1
12589 1
12599 1
12632 1
12665 1
12668 2
12681 1
12690 1
12709 1
12718 1
12727 1
12745 1
12765 4
12772 1
12802 1
12820 1
12823 1
12833 1
12878 1
12880 1
12899 1
12912 1
12916 1
12919 1
12929 1
12960 1
12970 1
12994 1
13053 1
13066 1
13070 2
13081 1
13116 1
13141 1
13167 1
13186 1
13236 1
13238 1
13253 1
13291 1
13301 1
13316 1
13319 1
13337 1
13352 1
13376 1
13393 1
13394 2
13402 1
13422 1
13432 1
13435 1
13446 2
13451 2
13453 2
13460 1
13470 1
13471 1
13474 1
13504 1
13546 1
13593 1
13615 1
13628 1
13633 1
13644 1
13645 1
13670 1
13688 2
13689 4
13692 1
13708 1
13717 1
13727 1
13816 1
13817 1
13831 1
13881 1
13889 1
13937 1
13960 1
13966 1
13988 2
13993 1
14001 1
14015 1
14021 1
14025 1
14043 1
14045 1
14054 1
14080 2
14098 1
14115 1
14122 1
14177 1
14196 3
14202 1
14227 1
14250 1
14325 1
14329 1
14357 1
14389 1
14396 1
14454 1
14470 1
14511 1
14513 1
14517 1
14546 1
14578 1
14588 2
14600 1
14610 1
14626 1
14632 1
14642 1
14646 1
14651 1
14691 1
14699 1
14704 1
14706 1
14735 1
14736 1
14744 1
14748 1
14754 1
14798 1
14810 1
14816 1
14842 1
14845 1
14931 1
14948 1
14952 1
14968 1
14987 2
15000 1
15005 1
15021 1
15029 1
15047 1
15057 1
15099 1
15118 1
15147 1
15177 1
15208 1
15215 1
15241 1
15254 1
15257 2
15303 1
15367 1
15370 1
15391 1
15424 1
15486 1
15589 1
15689 1
15691 2
15697 1
15747 1
15752 1
15799 1
15822 1
15846 1
15854 1
15872 1
15937 1
15952 1
15959 1
15980 1
15987 1
15989 1
15991 1
16000 1
16038 1
16064 1
16088 1
16107 1
16108 1
16129 1
16131 1
16154 1
16162 1
16164 1
16224 1
16230 1
16240 1
16260 1
16276 1
16286 1
16289 3
16315 1
16374 1
16383 1
16384 3
16396 1
16420 1
16425 1
16429 1
16446 1
16456 1
16458 1
16467 1
16487 1
16489 1
16532 1
16572 3
16599 1
16627 2
16637 1
16649 1
16785 1
16800 1
16803 1
16877 1
16885 1
16926 1
16953 1
16984 1
17000 93
17002 1
17006 1
17063 1
17064 1
17081 1
17084 1
17161 1
17162 1
17202 1
17228 1
17255 1
17316 1
17339 1
17355 1
17366 1
17395 1
17564 2
17572 1
17597 1
17605 1
17610 1
17653 1
17754 1
17765 1
17769 1
17778 1
17806 1
17827 1
17835 1
17897 1
17993 1
17999 1
18005 1
18124 1
18153 1
18205 1
18250 1
18251 1
18255 1
18271 1
18277 1
18360 1
18413 1
18433 1
18440 1
18483 1
18516 1
18522 1
18537 1
18577 1
18600 1
18608 1
18635 1
18643 1
18648 1
18689 1
18706 1
18712 1
18732 1
18766 1
18803 1
18877 1
18909 1
18921 2
19003 1
19012 1
19013 1
19066 1
19093 1
19141 1
19160 1
19182 1
19195 1
19203 1
19243 1
19245 1
19246 1
19280 1
19311 1
19324 1
19371 1
19378 1
19389 1
19416 1
19425 1
19477 1
19488 2
19518 1
19573 1
19669 1
19671 1
19697 1
19706 1
19709 1
19716 1
19721 1
19737 1
19794 1
19842 1
19850 1
19891 1
20011 1
20064 1
20230 1
20239 1
20249 1
20276 1
20281 2
20301 1
20311 1
20341 1
20344 1
20480 1
20496 1
20615 1
20695 1
20713 1
20781 1
20783 1
20789 1
20823 1
20868 1
20870 2
20875 1
20885 1
20925 1
20931 1
20949 1
20969 1
20973 1
20983 2
20987 1
20997 5
21027 1
21060 2
21092 1
21098 1
21123 2
21148 1
21151 1
21236 1
21239 4
21246 1
21256 1
21287 2
21409 1
21424 1
21426 2
21430 2
21447 1
21464 1
21467 1
21480 1
21538 1
21539 1
21589 1
21628 1
21737 2
21743 1
21773 2
21780 1
21831 1
21883 1
21894 1
21955 1
22024 1
22107 1
22196 1
22246 2
22247 1
22249 1
22260 10
22272 1
22284 1
22313 1
22315 1
22350 1
22494 1
22500 1
22506 1
22525 2
22530 1
22552 1
22645 1
22744 1
22758 1
22782 1
22810 1
22825 1
22991 1
22998 1
23003 1
23148 1
23323 1
23329 1
23412 1
23423 1
23484 1
23500 2
23564 1
23587 1
23590 1
23885 1
23956 1
24013 2
24078 2
24088 1
24137 1
24161 1
24168 1
24320 1
24333 1
24485 1
24500 1
24521 1
24576 57
24611 1
24637 1
24644 1
24730 1
24863 1
24942 1
24945 1
24959 1
24980 1
25175 1
25186 1
25220 1
25249 1
25306 1
25383 1
25385 1
25392 1
25397 1
25432 1
25457 1
25488 1
25509 1
25558 1
25629 1
25778 1
25844 1
25865 1
25903 1
25926 1
25932 1
25939 1
25964 1
26110 1
26154 1
26164 1
26186 1
26322 1
26390 1
26425 1
26451 1
26489 1
26519 1
26554 1
26602 1
26710 1
26711 1
26738 1
26748 1
26754 1
26756 1
26776 1
26876 1
26956 1
27001 1
27163 1
27189 1
27272 1
27282 1
27304 1
27324 1
27378 1
27411 1
27445 1
27480 1
27517 1
27623 1
27682 1
27687 1
27721 1
27861 1
27890 3
27924 1
28080 1
28098 1
28102 1
28103 1
28108 1
28118 1
28151 1
28162 1
28170 1
28182 1
28292 1
28301 1
28311 1
28392 1
28409 1
28453 1
28533 1
28546 2
28643 1
28690 1
28798 1
28880 1
28957 1
28959 1
29024 1
29101 1
29116 1
29162 1
29180 2
29221 1
29283 1
29291 1
29294 1
29328 1
29365 1
29392 1
29456 1
29512 1
29517 1
29658 4
29665 1
29679 2
29721 1
29745 1
29797 1
29811 1
29935 1
29949 1
30000 1
30046 1
30219 1
30221 1
30226 1
30247 1
30281 1
30305 1
30309 1
30423 1
30465 1
30468 1
30513 1
30525 1
30596 1
30599 1
30651 1
30675 1
30796 1
30797 1
30853 1
30868 1
30883 1
30920 1
30921 1
31021 1
31022 1
31031 1
31037 1
31125 2
31163 1
31242 1
31264 1
31267 1
31273 1
31280 1
31286 1
31316 1
31320 2
31333 1
31348 1
31376 1
31417 1
31459 1
31461 1
31496 1
31501 1
31624 1
31672 4
31746 1
31870 1
31893 1
31905 1
31910 1
31931 1
31936 1
32061 1
32083 1
32159 1
32253 1
32333 1
32374 1
32393 1
32418 2
32436 1
32449 1
32463 1
32502 2
32513 1
32524 1
32538 1
32544 1
32554 2
32561 1
32566 1
32576 1
32587 2
32634 1
32640 1
32652 1
32698 1
32739 1
32768 19
32835 1
32853 1
32933 2
33069 1
33077 1
33143 1
33158 2
33200 1
33215 1
33223 1
33233 1
33269 1
33297 1
33323 1
33397 1
33439 1
33497 1
33584 1
33594 1
33661 1
33713 1
33717 1
33752 1
33754 1
33794 1
33810 1
33824 1
33874 1
33900 1
34047 2
34068 1
34162 1
34174 2
34196 1
34296 1
34297 1
34333 1
34341 1
34430 1
34439 1
34449 1
34556 1
34592 1
34636 1
34637 1
34659 1
34772 1
34791 1
34820 1
34827 1
34835 1
34862 1
34877 1
34905 1
35144 1
35222 1
35260 1
35373 1
35426 1
35438 1
35481 1
35621 1
35796 1
35805 1
35816 1
35855 1
35909 1
35926 1
35930 1
36136 1
36156 1
36174 1
36178 3
36286 1
36343 1
36378 2
36440 1
36459 1
36544 1
36547 1
36600 1
37063 1
37065 1
37076 1
37195 3
37247 2
37547 1
37575 1
37804 1
37816 1
37824 2
37960 1
38032 1
38291 2
38377 1
38397 1
38450 1
38477 1
38587 1
38696 1
38742 1
38872 1
38928 1
39178 1
39196 1
39229 1
39251 1
39258 1
39338 1
39357 1
39372 1
39424 1
39479 1
39498 1
39529 1
39676 1
39715 1
39727 1
39805 1
39832 2
40107 1
40133 1
40174 1
40223 1
40374 1
40488 1
40614 1
40871 1
40878 1
40955 1
40960 4
40964 1
41006 1
41043 1
41188 1
41198 1
41205 2
41216 1
41220 1
41227 1
41492 1
41534 2
41550 1
41590 1
41632 1
41652 1
41702 2
41723 1
41796 3
41842 1
41886 2
42130 1
42138 1
42143 1
42187 1
42258 1
42332 1
42336 1
42461 2
42497 1
42568 1
42697 1
42739 1
42775 1
42830 2
42854 2
42886 1
42901 1
43031 1
43094 1
43112 1
43158 1
43488 1
43646 1
43685 1
43720 1
43749 2
43760 1
44108 1
44204 1
44562 1
44636 1
45090 2
45122 1
45353 1
45436 1
45448 1
45456 1
45470 1
45507 1
45567 2
45907 1
45937 1
45978 1
46011 1
46089 1
46154 1
46289 1
46465 1
46582 1
46745 1
46779 1
46819 1
46868 2
47122 1
47254 2
47297 1
47825 1
47951 1
48122 1
48136 1
48148 1
48277 1
48419 2
48628 1
48629 1
48634 1
48635 1
48815 2
48994 1
49067 1
49152 4
49525 1
49537 1
49538 1
49595 1
49835 1
50233 1
50362 1
50417 1
50423 1
50481 1
50513 1
50648 1
50679 1
50882 1
50934 1
51206 1
51239 1
51408 1
51452 1
51453 1
51477 1
51500 2
52109 1
52195 1
52208 1
52292 1
52315 2
52365 1
52377 1
52787 1
53132 1
53376 1
53520 1
53580 1
53603 2
53798 1
53992 1
54119 1
54126 1
54586 1
55080 2
55144 3
55211 1
55252 1
55281 1
55360 1
55409 2
55462 1
55477 1
55509 1
55512 1
55613 1
55721 1
55728 1
55750 1
55785 1
55832 1
55976 1
55992 1
55997 1
56012 1
56279 1
56323 1
56574 1
56629 1
56803 2
57124 2
57214 1
57299 1
57302 1
57344 2
57354 1
57418 1
57575 1
57749 1
58038 1
58164 1
58182 1
58298 1
58669 3
58821 1
59048 1
59230 1
59238 1
59332 1
59813 1
59941 1
60004 2
60416 1
60735 1
60739 1
60761 1
60871 1
61069 1
61459 1
61488 1
61530 1
61632 1
61701 1
61872 1
61909 1
61966 1
62045 1
62459 1
62517 1
62843 1
62971 1
63034 1
63406 1
63544 1
63683 1
63703 2
63963 1
64400 1
64748 1
64764 1
64981 1
65016 1
65092 1
65142 1
65536 4
65968 1
66056 1
66319 1
66480 1
67060 1
67168 1
67341 1
67991 1
68002 1
68207 1
68368 1
68381 1
68386 1
68741 2
68764 1
69042 1
69139 2
69197 1
69615 1
69860 1
69892 1
69904 1
70568 1
71140 1
71274 1
71317 2
71525 1
71940 1
72622 2
72729 1
72840 1
73503 1
73728 1
74042 1
74160 1
74678 1
74851 1
76633 1
76920 1
77310 1
77965 1
77984 1
78826 1
79239 3
80474 1
80788 1
81378 1
81663 1
81732 1
81790 1
81876 1
81900 1
81920 1
82794 1
83052 1
83584 1
83585 1
84564 1
85750 1
85781 1
86275 2
86844 1
87262 1
87913 1
89122 1
89844 1
89964 1
90409 1
90544 2
91249 1
91339 1
91474 1
91737 1
92821 1
94460 1
94715 1
94772 1
95184 2
95347 1
95352 3
95804 1
96000 1
96571 1
97720 1
98304 1
99040 1
99322 1
99425 1
99576 1
99713 1
100057 1
101144 1
101184 1
101880 1
102224 1
102667 1
103703 1
103875 1
104083 1
105672 1
105760 1
106496 1
107925 1
108251 1
108607 1
108754 1
108915 1
109665 2
109737 1
109797 1
110031 1
110327 1
113092 1
114625 1
114688 4
115420 1
116116 1
116519 2
116613 1
116819 1
120032 1
120125 1
121095 1
121518 5
121716 1
122722 2
122842 1
122880 2
125573 1
125655 1
125996 1
127816 1
127818 1
129506 1
129699 1
131072 2
131583 1
132252 1
132301 1
132426 2
132718 1
133319 2
133395 1
135010 1
135013 1
137290 1
137665 1
137978 1
138314 2
138337 1
138507 1
139073 1
139264 4
141062 1
142463 1
143013 1
144039 1
144490 1
145064 1
145395 1
146004 1
147088 3
147415 1
148449 1
151736 1
152605 1
153600 1
154534 1
154577 2
154805 1
154960 1
160988 1
164417 2
164533 1
164534 1
165048 1
166935 1
168235 1
168408 1
173410 1
178508 1
179064 1
179673 1
180224 2
181029 1
181862 1
185481 1
188416 6
188999 1
191524 1
192032 1
197978 1
198596 1
198825 1
204800 2
206929 1
206977 1
210592 2
210910 1
212457 1
212992 1
213030 1
213144 2
214136 1
216817 1
221184 2
223933 1
228675 1
229559 1
236132 1
237568 1
241608 1
242207 1
262144 1
264646 1
272850 1
279332 1
282443 2
282767 1
286412 1
286720 2
290874 1
301493 1
304518 1
308591 1
311134 1
319488 3
333893 1
351801 1
352454 1
360448 1
365323 1
418644 1
428430 1
445253 1
450560 1
450711 1
465195 1
475136 1
480167 2
499712 2
501760 1
549375 1
583553 1
586752 1
591445 1
593920 1
600662 1
622592 1
630784 1
661897 1
663552 1
666687 1
669288 1
679936 1
686901 1
761856 1
766198 1
835584 1
836915 1
999155 1
1106803 1
1108107 1
1108108 1
1228800 1
1245147 1
1368064 1
1449984 1
1523712 1
1625158 1
1907795 1
