0 18
1 1
2 3
3 3
4 1
5 2
7 1
8 5
10 2
11 4
12 4
13 6
14 5
15 7
16 7
17 8
18 15
19 20
20 33
21 77
22 32
23 37
24 39
25 32
26 85
27 34
28 25
29 17
30 37
31 28
32 30
33 7
34 21
35 12
36 1
37 11
38 6
39 3
40 2
42 1
44 1
45 1
46 2
48 2
50 8
51 10
52 14
53 10
54 7
55 2
56 3
57 4
58 4
59 4
60 3
61 2
62 6
63 10
64 9
65 6
66 5
67 5
68 1
69 6
70 2
71 8
72 1
73 3
75 1
76 2
77 2
78 2
79 1
80 2
81 2
82 1
83 2
84 4
85 1
87 2
88 1
89 3
90 6
91 3
92 2
93 3
94 3
95 1
96 5
97 3
98 2
99 5
100 1
101 4
102 4
103 1
104 5
105 2
106 7
107 5
108 3
109 3
110 4
111 3
112 3
113 2
114 1
115 3
116 1
117 4
118 2
119 1
120 4
121 4
122 1
123 1
125 2
126 5
127 5
128 4
129 3
131 1
132 4
133 4
135 3
136 2
137 2
139 2
140 3
141 1
143 1
146 2
147 1
149 3
150 1
151 3
154 4
155 4
156 3
157 4
158 2
159 3
160 1
161 4
162 1
163 2
164 5
165 2
166 3
168 2
169 3
170 1
172 1
175 2
176 4
177 2
178 1
179 3
180 1
181 3
182 3
183 2
184 3
187 3
188 1
190 1
191 3
192 3
193 3
196 2
198 4
199 5
200 3
202 3
203 2
204 1
205 1
206 6
207 2
208 4
209 2
210 2
211 2
212 3
213 7
214 4
215 2
216 3
217 4
218 4
219 2
220 4
221 5
222 3
224 7
225 5
226 4
227 1
228 2
229 3
230 2
232 7
234 1
235 3
236 2
237 2
239 4
240 4
242 3
244 1
245 1
246 2
247 4
248 6
249 6
250 2
251 4
252 4
254 1
256 59
257 1
258 2
261 1
262 4
263 2
264 3
265 1
266 3
267 1
268 4
269 2
270 2
271 1
272 3
273 9
274 3
275 7
276 4
278 6
279 4
280 5
281 9
282 4
283 3
284 4
285 4
287 3
288 1
289 4
290 1
291 2
292 1
293 5
294 2
295 1
296 5
297 5
298 4
299 3
302 3
303 4
304 5
305 4
306 4
307 3
308 5
309 2
310 2
311 2
312 7
314 1
315 1
316 4
317 2
318 2
319 4
320 2
321 2
322 5
323 3
324 3
326 5
327 3
328 2
330 4
331 3
332 1
334 2
335 3
336 3
337 7
338 1
339 1
340 3
342 1
343 4
344 3
345 2
346 1
347 2
348 3
349 2
350 4
351 1
352 4
353 1
354 2
355 4
356 1
357 2
358 2
359 3
360 1
362 2
363 2
364 3
365 2
367 3
368 3
369 2
370 2
371 2
372 3
373 3
375 3
376 2
377 6
378 1
379 1
380 2
381 3
382 4
384 1
385 1
386 2
387 1
388 2
389 1
390 4
391 1
392 5
393 3
394 6
395 1
396 3
397 1
398 4
399 2
400 2
401 3
402 1
404 4
405 2
406 2
407 3
408 1
409 2
410 2
411 1
412 4
413 2
414 1
415 2
416 3
417 3
418 4
419 1
420 5
421 2
422 1
424 7
426 2
427 3
428 4
429 3
430 3
431 1
432 4
434 2
435 1
436 2
437 1
438 5
439 2
440 2
441 3
442 2
443 2
444 4
445 1
446 3
447 3
448 2
449 3
450 4
451 1
452 4
455 2
456 4
457 1
458 3
459 3
460 3
461 3
463 2
464 1
465 1
467 2
468 1
469 2
470 1
471 5
472 8
474 1
475 6
476 4
477 2
478 3
479 4
480 2
481 5
482 5
483 4
484 3
485 2
486 2
487 2
488 1
489 5
490 1
492 3
493 2
494 5
495 2
496 2
497 2
499 1
500 3
501 1
502 2
503 1
504 7
505 3
506 4
507 3
508 4
509 2
510 1
511 2
512 693
513 1
514 2
515 4
516 8
517 1
518 8
519 2
520 10
521 3
522 4
523 1
525 3
526 4
527 2
528 4
529 1
530 1
531 2
532 6
533 4
534 2
535 3
536 3
537 2
538 2
539 2
540 1
541 5
542 8
543 3
544 1
545 3
546 2
547 2
548 2
549 1
550 3
551 4
553 1
554 4
555 2
556 1
557 3
558 2
559 4
560 1
561 3
562 9
563 1
564 1
565 6
566 1
567 2
568 1
569 6
570 2
571 2
573 3
575 5
577 2
578 1
579 5
580 5
581 1
582 6
583 1
584 3
585 3
587 3
588 1
589 2
590 6
591 2
592 2
593 3
594 4
596 3
597 2
598 3
599 3
600 5
601 2
602 2
603 3
604 3
606 4
607 1
608 1
609 2
610 4
611 1
612 5
614 2
615 3
616 3
617 2
618 4
619 2
620 2
621 3
622 3
623 1
624 6
625 3
626 3
627 3
628 4
629 2
630 1
631 2
632 6
633 1
634 2
635 5
636 2
637 4
638 2
639 5
640 2
641 5
642 4
643 10
644 1
645 2
646 3
647 3
648 6
649 5
650 4
651 4
652 1
654 2
655 1
656 2
657 5
661 1
662 6
663 2
664 3
665 1
666 1
667 1
668 2
669 2
671 3
672 4
673 2
674 1
675 1
676 4
677 1
678 5
679 4
680 2
682 1
683 2
684 2
685 1
686 6
687 2
688 2
689 2
690 1
691 2
692 4
693 4
694 4
695 4
696 10
697 1
698 1
700 5
701 7
702 2
703 3
704 5
706 2
707 3
708 2
709 2
710 2
711 1
712 2
713 4
714 5
715 1
716 2
717 4
718 1
719 1
720 5
722 5
723 2
724 5
725 1
726 2
727 1
728 3
729 2
731 2
732 5
734 2
735 3
736 2
737 1
738 1
739 2
740 3
742 3
743 1
745 2
746 6
747 2
748 6
749 1
750 1
751 1
752 8
753 3
754 3
755 2
756 3
757 1
758 4
759 2
760 2
761 1
762 2
763 1
764 5
766 2
767 2
768 8
769 1
770 4
771 1
772 3
773 5
775 4
776 3
777 4
778 1
779 3
780 4
781 3
782 1
783 2
784 7
785 2
786 1
787 3
788 3
789 3
790 2
791 2
792 1
794 2
795 3
796 2
797 1
798 1
799 1
800 4
801 4
802 5
803 2
804 1
805 1
806 2
807 1
808 8
809 3
810 3
811 2
812 4
813 1
814 2
815 3
816 5
817 5
818 1
819 3
820 10
821 3
822 1
824 6
825 4
826 3
827 2
829 2
830 2
832 5
833 2
834 1
835 1
836 4
838 4
839 1
840 2
841 3
842 2
843 2
844 4
845 5
846 1
847 2
848 3
850 2
851 1
852 2
853 2
854 2
855 1
856 4
858 1
859 4
860 2
861 2
862 1
863 2
864 8
865 4
866 1
867 3
868 6
870 4
871 1
872 2
873 2
874 3
875 2
876 11
877 2
879 2
880 1
881 3
882 1
883 2
884 7
885 2
887 1
888 2
889 1
890 2
892 2
894 3
895 2
896 7
897 2
898 2
899 2
900 4
901 2
902 3
903 1
904 4
905 3
906 3
908 2
909 2
910 1
912 4
914 5
916 3
917 2
918 10
919 3
920 5
921 2
922 1
923 3
924 5
925 3
926 2
927 3
928 3
929 4
930 5
932 1
933 1
934 3
935 1
936 1
937 1
938 2
939 4
941 1
942 1
943 2
944 3
945 1
946 3
947 2
948 1
949 2
950 1
951 4
952 1
953 5
955 2
957 2
958 1
959 4
961 1
962 1
963 3
964 2
965 3
966 5
967 1
968 1
969 4
970 2
971 2
972 2
973 3
974 1
976 3
978 7
979 3
980 5
981 1
983 3
984 2
985 1
986 3
987 2
988 3
990 3
992 4
993 1
994 1
995 3
996 3
998 1
1000 1
1001 3
1002 1
1003 3
1004 3
1006 3
1007 2
1008 3
1009 2
1010 3
1011 1
1012 1
1013 1
1015 3
1016 4
1017 1
1018 2
1019 1
1020 2
1022 1
1023 4
1024 69
1025 3
1028 8
1029 3
1030 1
1031 1
1034 2
1035 3
1036 1
1037 1
1038 2
1039 1
1040 7
1041 1
1043 3
1044 3
1046 4
1047 4
1049 1
1050 1
1051 1
1052 5
1053 3
1055 3
1056 1
1058 1
1059 3
1060 2
1061 4
1064 3
1065 4
1067 1
1068 2
1069 3
1070 1
1071 7
1072 2
1073 2
1075 2
1076 6
1078 3
1079 1
1080 2
1081 2
1082 4
1083 3
1084 3
1085 1
1086 1
1087 2
1088 1
1089 3
1090 1
1091 1
1092 6
1093 1
1095 4
1097 2
1098 6
1099 3
1100 4
1101 1
1102 3
1103 4
1104 3
1105 4
1107 2
1108 1
1109 5
1110 2
1112 3
1114 2
1115 3
1116 7
1117 2
1119 1
1120 9
1121 1
1123 2
1124 8
1125 1
1126 2
1127 1
1128 3
1129 3
1130 2
1131 1
1132 1
1133 3
1135 1
1136 2
1137 2
1138 1
1140 1
1141 1
1143 1
1146 2
1147 2
1148 1
1152 1
1154 1
1155 2
1156 4
1157 3
1158 2
1159 3
1160 2
1161 2
1162 7
1163 1
1164 4
1165 1
1166 4
1167 4
1169 2
1170 3
1171 4
1172 1
1174 3
1175 1
1176 2
1177 1
1178 3
1180 1
1182 2
1183 1
1184 2
1185 1
1186 1
1187 3
1189 3
1190 1
1191 6
1192 2
1193 4
1194 1
1196 3
1197 3
1198 1
1200 1
1201 1
1202 1
1203 2
1205 2
1207 1
1208 8
1209 4
1210 4
1212 4
1213 1
1214 2
1215 1
1216 3
1217 2
1218 4
1219 4
1220 4
1221 1
1222 1
1223 1
1224 16
1225 2
1227 4
1228 7
1229 1
1232 1
1233 1
1235 1
1236 6
1237 2
1238 2
1239 1
1242 1
1243 1
1244 6
1246 1
1247 1
1248 11
1250 2
1251 3
1255 1
1256 1
1257 1
1258 1
1260 6
1261 4
1262 4
1263 1
1264 8
1265 2
1266 3
1267 2
1268 3
1269 1
1271 2
1272 2
1273 1
1274 2
1275 2
1276 2
1278 1
1280 10
1281 4
1282 1
1283 2
1284 5
1286 3
1287 1
1288 5
1290 3
1292 4
1293 2
1296 10
1297 1
1298 2
1299 5
1300 5
1301 5
1304 5
1306 1
1307 3
1308 3
1309 3
1310 2
1311 1
1312 3
1313 1
1314 1
1315 1
1316 7
1317 2
1319 3
1320 2
1323 2
1324 6
1325 1
1326 2
1327 2
1328 7
1329 2
1330 1
1331 2
1332 6
1333 1
1334 3
1335 2
1336 4
1337 1
1339 4
1340 3
1341 3
1342 2
1344 6
1347 2
1348 2
1349 1
1351 2
1352 1
1353 4
1354 1
1356 4
1357 1
1358 2
1359 1
1361 1
1362 4
1364 4
1365 3
1367 1
1368 2
1369 3
1370 2
1372 2
1373 1
1374 1
1375 2
1376 9
1377 1
1379 3
1380 5
1381 1
1382 2
1383 4
1384 3
1385 1
1386 1
1388 9
1389 3
1391 7
1392 10
1393 1
1394 2
1396 4
1397 2
1398 3
1399 1
1400 2
1401 1
1403 1
1404 3
1405 1
1406 2
1407 1
1408 7
1409 1
1412 5
1413 3
1414 6
1415 1
1416 3
1417 3
1418 2
1419 1
1420 8
1421 1
1422 1
1424 5
1425 3
1427 3
1428 2
1429 1
1430 1
1431 3
1432 1
1434 5
1436 4
1437 2
1440 1
1441 2
1442 3
1443 3
1445 1
1446 3
1447 2
1448 3
1449 2
1450 2
1451 3
1452 2
1453 5
1454 2
1455 3
1456 3
1457 3
1458 4
1459 1
1460 8
1461 3
1462 3
1463 3
1464 21
1465 1
1466 2
1467 1
1468 1
1469 1
1470 3
1471 2
1472 7
1474 6
1475 2
1476 10
1477 1
1478 1
1479 3
1480 2
1481 1
1482 6
1483 1
1484 3
1485 6
1486 1
1487 2
1488 11
1489 2
1490 2
1492 2
1493 5
1494 1
1495 2
1496 7
1499 1
1500 5
1501 3
1503 2
1504 4
1505 1
1506 1
1507 1
1508 8
1509 1
1510 1
1511 2
1512 1
1513 1
1514 2
1516 5
1517 3
1518 1
1520 3
1521 2
1523 1
1524 7
1525 1
1526 2
1528 17
1530 2
1531 1
1532 6
1533 5
1534 3
1535 1
1536 28
1537 2
1538 1
1540 3
1541 2
1542 1
1543 1
1544 6
1545 2
1546 2
1548 3
1549 1
1550 2
1552 2
1555 2
1556 3
1557 3
1558 2
1560 11
1564 5
1565 4
1566 1
1567 1
1568 5
1569 1
1571 1
1572 2
1573 1
1574 1
1575 4
1576 1
1577 2
1578 1
1579 3
1580 1
1582 2
1583 2
1584 2
1585 3
1587 1
1588 3
1589 2
1590 1
1591 1
1592 1
1593 2
1594 3
1595 2
1596 5
1597 1
1598 1
1599 1
1600 9
1601 3
1602 1
1603 1
1605 2
1607 2
1609 2
1610 3
1611 1
1612 2
1613 1
1614 4
1615 2
1618 2
1619 1
1620 3
1621 2
1623 2
1624 5
1625 2
1626 2
1628 4
1629 1
1631 2
1632 4
1633 1
1634 3
1635 1
1636 6
1637 1
1638 1
1639 2
1640 3
1641 4
1642 1
1643 2
1644 1
1645 1
1646 1
1648 5
1652 2
1654 1
1656 4
1658 1
1659 1
1660 3
1662 1
1663 2
1664 2
1665 3
1667 1
1668 5
1669 2
1670 2
1672 1
1673 2
1674 2
1675 2
1676 1
1677 1
1678 2
1679 2
1680 3
1682 2
1683 1
1684 1
1685 2
1686 1
1688 1
1689 3
1690 1
1691 2
1692 3
1694 2
1695 4
1697 1
1698 1
1699 1
1700 5
1701 2
1702 3
1703 1
1705 2
1706 1
1708 3
1709 2
1710 4
1711 2
1712 2
1714 4
1715 1
1716 6
1720 2
1722 1
1723 1
1724 1
1725 2
1726 1
1729 2
1730 2
1731 2
1732 1
1733 1
1734 2
1735 4
1736 2
1738 2
1739 1
1740 4
1741 2
1742 3
1743 1
1744 2
1745 2
1748 1
1749 1
1751 2
1752 2
1753 1
1755 2
1756 2
1757 1
1758 1
1759 1
1761 2
1762 1
1763 1
1764 3
1765 1
1769 1
1770 1
1772 6
1773 1
1776 1
1778 1
1779 1
1780 2
1782 1
1783 1
1785 1
1786 1
1787 3
1789 1
1794 1
1795 1
1800 1
1802 1
1804 3
1805 1
1806 2
1807 4
1808 3
1809 1
1810 1
1811 3
1812 7
1813 2
1815 3
1816 7
1817 2
1820 8
1821 2
1822 1
1824 11
1825 2
1826 2
1827 1
1828 7
1829 1
1830 1
1831 1
1832 10
1836 10
1837 1
1838 1
1839 1
1840 8
1841 1
1843 2
1844 10
1845 5
1847 3
1848 9
1850 2
1852 6
1853 4
1856 3
1858 1
1859 1
1860 7
1861 6
1862 1
1863 3
1864 1
1865 1
1866 2
1868 2
1869 2
1871 2
1872 1
1873 3
1875 2
1876 1
1879 2
1880 2
1881 1
1882 1
1883 6
1884 1
1886 3
1887 2
1889 3
1890 2
1891 1
1892 2
1893 1
1894 1
1895 2
1896 1
1898 1
1899 3
1900 1
1902 1
1903 3
1905 1
1907 2
1908 1
1909 2
1910 1
1911 3
1913 2
1915 1
1916 2
1919 3
1920 4
1924 2
1926 3
1928 4
1929 1
1931 1
1932 7
1933 2
1935 1
1936 2
1937 2
1938 2
1939 1
1940 5
1941 1
1942 1
1943 1
1944 1
1945 1
1947 1
1948 3
1949 2
1951 2
1952 2
1953 2
1954 1
1955 2
1956 3
1957 2
1960 2
1961 1
1962 1
1964 4
1966 1
1967 3
1969 1
1970 1
1971 2
1972 3
1973 1
1974 3
1975 1
1976 2
1977 1
1978 4
1979 1
1980 5
1981 1
1982 1
1984 4
1985 1
1987 6
1988 1
1989 1
1992 1
1993 1
1994 3
1996 2
1997 4
1999 1
2000 5
2004 4
2005 1
2007 1
2008 6
2009 2
2010 2
2012 10
2013 1
2014 1
2015 1
2016 1
2017 2
2019 1
2020 4
2021 2
2022 1
2023 3
2024 4
2026 2
2028 3
2032 7
2033 1
2034 1
2035 1
2036 3
2038 1
2040 1
2042 1
2043 2
2045 1
2046 1
2047 2
2048 11
2049 2
2050 3
2051 1
2053 2
2054 2
2055 1
2058 2
2059 1
2060 3
2061 3
2062 2
2063 2
2064 3
2066 2
2067 2
2069 2
2070 2
2071 4
2072 3
2073 1
2074 1
2076 2
2079 1
2081 1
2082 4
2084 5
2085 1
2086 2
2089 1
2090 2
2092 3
2093 1
2094 2
2095 2
2096 3
2097 3
2098 3
2099 3
2100 3
2101 1
2104 6
2105 1
2106 4
2107 2
2108 1
2109 1
2110 5
2111 2
2113 1
2115 1
2116 2
2117 2
2123 1
2125 4
2126 1
2127 1
2128 5
2129 1
2130 2
2131 5
2132 1
2133 1
2134 1
2136 4
2137 5
2138 1
2140 2
2141 1
2142 2
2144 3
2146 1
2147 2
2148 1
2150 2
2151 3
2152 4
2156 5
2157 1
2159 1
2162 1
2164 2
2165 4
2167 1
2170 1
2171 3
2172 3
2173 2
2175 3
2178 5
2179 4
2180 2
2181 1
2183 1
2184 3
2185 2
2186 1
2188 2
2189 3
2190 1
2191 1
2192 5
2194 1
2197 1
2198 1
2199 4
2200 9
2201 2
2202 2
2203 2
2204 2
2208 5
2210 1
2212 13
2214 1
2215 1
2216 3
2217 1
2218 1
2219 1
2220 2
2221 4
2222 2
2223 1
2225 1
2227 1
2228 1
2229 6
2231 1
2234 1
2236 3
2237 1
2239 3
2240 2
2242 2
2243 2
2244 1
2245 1
2246 1
2247 2
2248 1
2249 1
2251 2
2252 4
2254 1
2256 2
2257 1
2258 2
2259 1
2260 5
2263 1
2264 4
2265 1
2266 1
2267 1
2268 2
2269 1
2271 1
2272 3
2276 2
2279 1
2284 1
2285 3
2286 1
2287 2
2291 1
2292 3
2293 2
2294 1
2295 3
2296 5
2297 1
2299 4
2300 2
2301 1
2302 1
2303 1
2304 1
2305 2
2306 2
2308 3
2309 3
2310 2
2312 1
2314 4
2315 3
2316 1
2319 1
2321 1
2322 1
2323 1
2325 4
2326 1
2328 4
2329 1
2331 1
2332 4
2334 2
2335 1
2336 2
2337 1
2340 3
2341 1
2342 5
2343 1
2345 2
2346 1
2347 1
2349 1
2350 3
2351 1
2353 1
2355 2
2356 4
2359 2
2363 2
2364 2
2365 1
2368 5
2369 3
2370 1
2371 3
2373 2
2374 1
2375 1
2376 2
2377 2
2380 2
2382 1
2383 1
2384 2
2386 1
2387 1
2391 1
2392 2
2393 1
2394 2
2395 7
2396 2
2397 1
2398 3
2399 1
2400 1
2401 1
2402 1
2404 3
2405 2
2407 1
2408 2
2409 1
2412 1
2414 1
2417 1
2418 3
2419 2
2420 1
2421 1
2422 1
2423 1
2424 3
2425 1
2426 2
2427 1
2429 2
2430 5
2432 2
2436 1
2437 1
2439 1
2441 1
2443 2
2444 1
2446 1
2447 1
2449 1
2452 1
2453 2
2454 1
2456 4
2457 1
2459 2
2460 4
2461 1
2462 4
2463 3
2464 4
2465 4
2466 1
2467 2
2468 2
2469 1
2470 2
2471 3
2472 1
2476 2
2477 1
2479 1
2480 5
2482 1
2486 2
2487 3
2489 2
2490 1
2491 1
2493 1
2496 4
2500 5
2502 1
2503 2
2507 1
2510 2
2512 2
2517 1
2518 2
2519 2
2520 2
2521 5
2522 5
2523 3
2525 1
2526 1
2528 1
2529 3
2530 2
2531 2
2532 4
2535 2
2536 4
2538 1
2540 2
2542 2
2543 1
2545 1
2546 1
2547 1
2548 3
2550 1
2551 2
2554 6
2555 1
2556 1
2557 2
2558 2
2560 10
2562 1
2565 1
2566 2
2569 1
2571 1
2572 3
2573 1
2576 2
2577 2
2578 1
2581 1
2583 2
2585 1
2587 1
2588 3
2591 1
2592 1
2594 2
2595 2
2596 2
2597 1
2598 1
2599 2
2600 1
2601 2
2602 1
2603 3
2604 2
2605 1
2608 3
2609 1
2610 1
2612 1
2613 1
2614 1
2615 1
2616 1
2620 1
2624 2
2627 3
2628 1
2629 2
2630 1
2631 1
2636 1
2638 1
2640 2
2643 3
2644 1
2645 1
2646 1
2648 2
2649 3
2650 2
2651 1
2653 1
2656 5
2657 1
2658 1
2660 3
2663 1
2664 1
2666 1
2667 3
2670 1
2672 3
2673 2
2674 1
2676 3
2678 2
2680 1
2681 1
2684 3
2685 2
2686 1
2690 2
2691 3
2692 3
2693 3
2696 1
2697 1
2700 2
2701 1
2704 3
2706 1
2707 3
2710 5
2712 1
2713 1
2714 2
2715 1
2717 2
2718 1
2720 2
2722 2
2725 1
2726 1
2728 3
2731 3
2732 1
2733 1
2734 1
2736 1
2737 2
2741 1
2744 1
2746 1
2750 1
2751 2
2752 2
2754 1
2755 1
2760 1
2761 2
2762 1
2765 2
2767 1
2768 1
2769 3
2770 2
2771 1
2773 1
2777 2
2778 2
2779 1
2782 1
2785 3
2787 2
2789 1
2790 1
2791 2
2793 2
2795 1
2796 3
2798 1
2799 2
2800 3
2801 1
2804 1
2805 2
2806 3
2807 1
2808 1
2809 1
2810 2
2812 1
2816 3
2817 1
2818 1
2819 1
2821 1
2822 1
2824 2
2825 1
2828 1
2829 1
2830 2
2831 1
2832 1
2835 2
2836 1
2838 1
2840 4
2842 1
2843 1
2845 1
2849 3
2851 1
2852 2
2853 1
2854 1
2855 3
2856 2
2858 2
2859 1
2860 2
2861 1
2864 1
2865 3
2866 1
2867 2
2868 3
2871 1
2873 2
2874 1
2875 1
2878 1
2880 1
2881 1
2882 1
2884 1
2886 2
2888 1
2889 1
2890 1
2891 1
2893 1
2894 1
2896 2
2897 2
2898 1
2901 2
2904 1
2906 1
2909 1
2912 1
2913 3
2914 5
2916 1
2918 1
2921 1
2924 2
2928 1
2929 1
2932 1
2933 2
2934 2
2935 2
2937 1
2938 1
2939 1
2940 2
2942 1
2945 1
2948 1
2950 2
2952 1
2954 1
2958 1
2959 1
2960 1
2961 1
2962 4
2965 1
2968 2
2971 2
2972 1
2973 2
2974 1
2975 1
2978 1
2979 1
2980 2
2981 3
2983 1
2985 1
2987 1
2989 3
2994 3
2995 1
2996 1
2997 1
2998 1
3002 1
3003 2
3005 1
3008 1
3009 4
3011 1
3013 1
3018 1
3019 1
3021 1
3022 1
3023 1
3024 1
3025 2
3026 1
3027 1
3028 3
3029 1
3031 2
3032 2
3034 2
3035 3
3036 2
3038 1
3039 3
3040 1
3041 3
3042 1
3045 1
3047 4
3048 1
3049 1
3050 1
3051 2
3053 1
3054 2
3056 1
3059 1
3060 1
3064 1
3066 3
3070 1
3071 1
3072 9
3075 1
3076 4
3077 2
3081 2
3085 1
3087 2
3088 2
3089 1
3090 2
3091 2
3092 1
3094 4
3096 1
3097 1
3098 1
3100 1
3102 1
3104 1
3105 1
3106 2
3107 1
3109 1
3110 1
3112 2
3114 3
3116 1
3118 2
3119 1
3121 1
3122 1
3123 1
3128 3
3129 1
3130 2
3132 2
3133 2
3134 1
3135 3
3136 2
3138 2
3140 2
3142 2
3144 1
3145 1
3146 1
3147 3
3148 1
3152 2
3153 2
3154 1
3157 3
3159 1
3160 1
3161 2
3163 1
3165 2
3166 1
3168 2
3169 1
3170 1
3171 1
3172 1
3173 1
3174 2
3176 1
3178 1
3180 1
3183 4
3184 1
3186 1
3188 1
3190 1
3192 1
3196 3
3197 1
3198 1
3199 3
3200 1
3202 3
3203 1
3208 1
3209 1
3210 1
3211 1
3214 2
3215 2
3217 2
3220 2
3221 1
3233 2
3234 2
3238 1
3239 2
3240 3
3241 2
3242 1
3243 2
3244 1
3248 1
3249 2
3253 2
3254 1
3255 1
3258 2
3260 1
3264 1
3265 2
3266 1
3268 1
3269 1
3270 1
3271 1
3275 2
3278 1
3279 6
3280 1
3282 1
3287 1
3288 2
3289 1
3290 3
3292 1
3293 2
3294 2
3295 2
3297 1
3300 1
3301 1
3302 1
3304 2
3305 1
3306 1
3308 2
3310 1
3313 1
3314 2
3315 1
3316 2
3321 2
3323 4
3326 3
3327 1
3328 4
3330 2
3331 2
3333 1
3334 2
3336 2
3339 3
3344 1
3346 1
3348 1
3350 1
3351 1
3352 1
3353 1
3356 1
3357 2
3358 2
3365 1
3367 1
3368 1
3369 1
3370 2
3373 1
3375 1
3379 2
3382 1
3384 1
3385 3
3386 1
3387 1
3388 1
3389 1
3392 1
3395 2
3400 1
3401 2
3402 1
3404 2
3405 1
3406 1
3408 1
3409 1
3410 1
3411 1
3412 1
3414 1
3419 2
3420 1
3422 2
3423 1
3424 2
3425 1
3428 2
3432 2
3433 2
3434 1
3435 1
3436 2
3439 1
3440 1
3442 2
3451 2
3452 2
3453 3
3454 1
3456 2
3457 2
3458 1
3461 1
3462 1
3463 1
3465 2
3466 2
3467 1
3468 2
3471 1
3472 1
3476 2
3478 1
3479 2
3484 1
3485 1
3486 1
3489 3
3490 1
3492 3
3494 1
3496 2
3500 2
3502 1
3505 2
3507 2
3508 2
3509 1
3510 1
3514 1
3515 1
3518 1
3521 2
3522 2
3524 1
3525 1
3527 1
3528 1
3529 1
3531 1
3532 4
3533 3
3534 2
3535 2
3536 2
3538 1
3539 1
3540 2
3542 1
3543 1
3545 2
3547 2
3550 1
3554 3
3556 1
3559 1
3562 2
3563 1
3564 1
3566 1
3567 1
3569 1
3570 1
3571 2
3573 1
3578 2
3579 1
3580 1
3581 1
3582 1
3583 1
3584 3
3588 1
3591 1
3594 1
3596 1
3605 1
3606 1
3607 1
3609 2
3610 1
3612 1
3614 2
3616 3
3617 2
3618 1
3620 1
3622 1
3624 1
3626 1
3628 2
3629 1
3630 1
3633 2
3634 1
3637 2
3638 1
3639 1
3640 2
3641 3
3642 1
3644 2
3647 1
3649 1
3652 1
3653 1
3655 1
3656 1
3657 2
3658 1
3660 1
3661 1
3666 1
3667 4
3670 1
3671 1
3672 1
3673 1
3674 2
3675 1
3676 1
3677 2
3679 4
3680 2
3681 2
3682 4
3683 1
3685 3
3687 3
3688 5
3689 2
3690 3
3691 5
3692 1
3693 6
3694 5
3695 1
3696 3
3697 4
3698 1
3699 1
3700 2
3701 4
3702 1
3703 2
3704 3
3705 3
3706 1
3707 1
3709 2
3710 1
3712 3
3716 1
3717 1
3718 1
3721 1
3725 2
3728 1
3729 1
3730 1
3731 2
3732 1
3735 1
3736 2
3737 1
3739 3
3740 1
3744 2
3746 2
3747 1
3748 1
3750 1
3752 1
3753 1
3754 1
3755 1
3756 2
3758 1
3760 1
3762 1
3763 1
3764 1
3765 1
3766 2
3768 2
3772 1
3776 1
3777 1
3778 1
3782 1
3784 2
3785 1
3787 1
3788 1
3789 2
3791 1
3792 2
3793 1
3795 3
3796 1
3798 3
3799 2
3800 1
3803 2
3804 1
3806 1
3807 3
3808 1
3814 1
3815 1
3816 2
3820 2
3821 2
3822 1
3824 1
3826 1
3828 1
3829 1
3830 1
3831 2
3832 1
3833 1
3838 1
3839 1
3840 1
3841 1
3842 1
3843 1
3845 1
3846 1
3847 2
3848 2
3850 1
3851 2
3854 2
3856 1
3857 1
3858 2
3859 1
3860 1
3865 3
3866 2
3867 1
3868 2
3871 1
3872 2
3873 1
3874 3
3876 2
3877 3
3878 2
3880 1
3881 2
3884 1
3885 2
3892 2
3893 1
3896 3
3897 2
3899 1
3901 1
3902 1
3904 1
3905 1
3908 2
3909 1
3911 2
3912 1
3913 2
3914 1
3917 2
3921 3
3922 5
3923 1
3924 1
3925 1
3926 1
3927 1
3928 1
3929 2
3930 2
3932 3
3934 2
3936 1
3939 1
3940 1
3943 2
3947 1
3948 1
3949 1
3950 1
3953 1
3954 1
3955 1
3956 1
3958 1
3959 2
3961 1
3962 2
3967 3
3969 1
3971 1
3974 1
3977 1
3978 5
3980 2
3981 1
3983 2
3984 1
3987 2
3988 1
3989 2
3990 2
3992 3
3996 1
3997 2
3998 1
3999 4
4001 4
4003 1
4006 1
4009 1
4011 1
4012 1
4014 1
4019 1
4020 1
4025 1
4026 1
4028 1
4029 1
4030 1
4034 1
4037 1
4042 2
4044 2
4045 1
4046 1
4048 1
4052 1
4053 1
4059 2
4061 1
4066 1
4070 1
4072 2
4074 1
4076 2
4082 1
4083 1
4084 4
4085 1
4087 1
4088 2
4089 1
4092 1
4094 2
4095 1
4096 4
4097 1
4099 2
4100 1
4103 1
4104 1
4108 1
4111 2
4113 1
4114 1
4115 3
4117 1
4120 1
4121 1
4125 2
4131 1
4133 1
4137 1
4139 2
4140 2
4141 1
4143 1
4144 1
4146 1
4147 2
4148 1
4149 1
4153 2
4158 1
4160 1
4164 1
4170 1
4171 1
4172 1
4175 2
4180 1
4183 1
4184 3
4186 1
4187 1
4188 3
4191 2
4192 1
4193 2
4195 2
4197 3
4198 1
4199 1
4200 1
4202 1
4203 1
4204 1
4206 1
4207 2
4208 1
4212 3
4214 1
4215 2
4216 1
4217 1
4218 1
4219 2
4220 2
4221 1
4224 2
4225 1
4226 4
4227 1
4234 1
4236 2
4237 1
4239 2
4240 1
4241 2
4242 1
4243 1
4244 1
4257 1
4258 1
4260 1
4263 4
4264 1
4265 2
4267 2
4268 1
4270 1
4271 1
4272 1
4274 3
4275 1
4277 1
4280 3
4281 1
4285 1
4286 2
4288 1
4290 1
4291 1
4293 2
4301 2
4302 1
4307 2
4308 3
4311 2
4313 1
4315 1
4318 1
4319 1
4323 1
4324 1
4327 1
4328 1
4330 1
4332 2
4336 2
4338 3
4339 3
4341 2
4344 1
4345 1
4348 1
4350 1
4351 1
4353 1
4356 1
4359 1
4360 2
4362 1
4364 1
4365 1
4366 2
4371 1
4373 1
4374 1
4379 2
4380 4
4383 1
4384 3
4390 1
4391 1
4392 2
4394 1
4396 1
4397 1
4398 1
4400 1
4402 1
4404 1
4405 1
4406 1
4408 1
4410 1
4411 2
4412 1
4415 1
4417 2
4418 1
4420 1
4427 1
4429 2
4430 1
4432 1
4433 2
4434 2
4436 4
4440 1
4444 1
4448 1
4453 1
4455 1
4458 2
4459 1
4460 2
4463 1
4464 1
4465 1
4467 1
4472 1
4473 2
4474 1
4480 2
4484 2
4485 3
4490 2
4493 2
4494 1
4499 2
4501 1
4509 1
4511 1
4512 1
4516 1
4517 1
4519 1
4520 1
4523 1
4524 1
4528 3
4532 2
4537 1
4540 1
4541 1
4542 2
4545 2
4548 1
4549 3
4550 1
4551 1
4552 2
4555 1
4560 2
4564 1
4567 1
4571 1
4577 2
4580 2
4582 1
4584 1
4587 1
4588 1
4589 2
4592 1
4594 1
4596 1
4598 1
4599 1
4604 2
4605 1
4606 2
4608 5
4609 1
4616 1
4618 2
4620 2
4622 2
4623 1
4627 1
4628 2
4629 1
4632 2
4633 1
4635 2
4636 2
4638 2
4639 1
4640 1
4641 1
4644 1
4646 1
4648 4
4651 1
4652 1
4653 1
4655 1
4656 1
4658 2
4663 2
4664 2
4675 1
4676 3
4677 1
4678 1
4680 2
4682 1
4684 1
4691 1
4692 2
4693 2
4696 1
4697 1
4703 1
4704 1
4707 2
4711 2
4712 2
4713 1
4714 1
4715 1
4717 2
4720 2
4724 2
4726 1
4728 1
4730 2
4731 1
4732 3
4737 2
4738 1
4739 1
4742 1
4743 1
4745 3
4748 4
4751 1
4759 4
4761 1
4764 1
4767 1
4768 1
4772 1
4775 1
4777 1
4778 2
4780 2
4784 1
4786 1
4788 2
4789 1
4791 2
4793 2
4794 1
4797 2
4800 1
4807 1
4808 3
4809 1
4811 1
4813 1
4816 1
4818 1
4820 1
4822 1
4828 1
4831 2
4832 1
4836 2
4837 2
4839 1
4840 2
4841 1
4842 2
4843 1
4846 1
4849 1
4852 1
4853 1
4855 1
4856 2
4866 1
4867 1
4868 3
4870 2
4872 1
4874 1
4876 2
4877 1
4880 2
4881 1
4882 1
4884 1
4886 1
4888 2
4891 1
4893 1
4894 2
4895 2
4896 1
4898 1
4900 2
4902 1
4903 1
4904 2
4906 2
4908 1
4909 3
4911 1
4912 1
4925 1
4926 1
4928 2
4931 1
4932 1
4933 3
4940 1
4944 1
4945 1
4946 1
4948 2
4952 1
4953 1
4955 1
4960 3
4961 1
4963 1
4964 2
4965 1
4970 1
4972 1
4975 2
4976 2
4978 1
4980 1
4982 1
4984 2
4985 1
4986 1
4987 2
4988 3
4989 1
4990 4
4995 1
4996 1
4997 1
4998 2
4999 1
5001 1
5002 1
5005 1
5008 2
5009 2
5011 1
5012 1
5016 9
5019 1
5021 1
5024 1
5025 1
5026 1
5030 3
5032 1
5034 1
5037 1
5038 1
5040 1
5041 1
5044 2
5045 2
5048 1
5049 1
5051 2
5052 3
5055 1
5056 1
5057 1
5059 2
5065 1
5066 1
5068 2
5069 1
5071 1
5072 2
5073 1
5075 1
5076 4
5077 1
5079 2
5080 2
5081 5
5082 3
5084 1
5089 2
5091 5
5093 1
5094 2
5095 2
5097 2
5099 1
5100 5
5103 1
5104 4
5106 2
5107 1
5109 1
5111 2
5112 1
5113 1
5114 1
5116 2
5117 2
5120 1
5122 1
5123 1
5125 2
5126 1
5127 2
5130 1
5132 1
5135 2
5137 1
5143 1
5145 1
5148 2
5151 1
5155 1
5156 4
5160 1
5161 1
5164 2
5165 1
5167 1
5168 1
5169 2
5176 1
5177 2
5179 1
5180 4
5181 1
5184 3
5187 1
5200 1
5206 1
5208 2
5212 1
5219 2
5220 1
5223 2
5225 1
5227 1
5230 3
5233 1
5237 1
5240 6
5243 1
5247 2
5254 1
5258 1
5260 1
5263 1
5265 1
5268 2
5278 1
5280 3
5284 2
5285 1
5288 1
5289 1
5290 1
5295 1
5300 1
5302 6
5303 3
5304 1
5305 3
5306 1
5311 1
5313 1
5315 1
5317 1
5320 1
5321 1
5324 1
5329 1
5330 1
5332 2
5335 1
5336 1
5338 1
5340 1
5343 2
5346 1
5348 1
5357 1
5359 3
5363 1
5366 1
5367 1
5368 1
5374 1
5378 2
5380 2
5382 2
5384 1
5386 1
5388 1
5389 1
5391 3
5392 2
5394 1
5395 2
5396 1
5399 1
5400 2
5403 1
5406 1
5408 1
5413 1
5414 1
5420 2
5422 1
5428 2
5430 2
5432 1
5433 1
5434 1
5435 1
5436 2
5442 1
5443 2
5444 2
5448 1
5449 1
5450 1
5451 1
5453 2
5460 1
5464 1
5465 1
5468 3
5471 2
5472 2
5479 1
5480 1
5484 3
5486 2
5487 1
5489 1
5492 1
5496 1
5497 1
5503 1
5504 1
5512 1
5517 2
5518 1
5521 1
5522 1
5523 2
5526 1
5528 1
5530 1
5534 1
5537 1
5540 2
5542 1
5544 1
5546 1
5547 2
5552 1
5554 1
5571 1
5575 2
5576 1
5578 1
5579 1
5583 1
5584 2
5589 1
5597 1
5599 1
5608 1
5610 1
5612 1
5617 1
5627 1
5628 1
5632 1
5633 1
5636 1
5638 1
5639 1
5642 1
5643 1
5646 1
5647 1
5649 1
5652 3
5653 1
5656 1
5657 1
5660 2
5661 1
5662 2
5663 1
5667 3
5676 1
5677 1
5680 2
5681 2
5683 1
5684 1
5689 1
5690 1
5692 1
5693 1
5696 1
5697 2
5699 1
5707 1
5708 1
5719 1
5721 2
5722 1
5726 1
5727 1
5728 2
5731 1
5732 1
5737 1
5742 1
5743 1
5744 1
5746 1
5750 1
5752 1
5755 1
5758 1
5766 1
5767 1
5775 1
5780 2
5783 1
5786 1
5787 1
5788 1
5791 2
5800 2
5804 1
5805 2
5811 1
5813 1
5814 1
5816 1
5821 1
5823 1
5826 1
5830 2
5831 1
5833 1
5838 2
5842 1
5843 1
5844 1
5846 1
5848 1
5849 2
5851 1
5864 1
5868 1
5870 2
5875 2
5878 1
5880 1
5881 1
5884 2
5886 1
5890 1
5892 1
5899 1
5903 1
5904 1
5905 1
5906 1
5907 1
5909 1
5910 1
5912 1
5913 1
5914 2
5920 1
5922 1
5924 2
5925 1
5928 1
5930 2
5931 1
5932 1
5935 1
5938 1
5944 1
5946 1
5951 1
5952 2
5953 1
5955 1
5956 1
5959 1
5960 1
5961 2
5962 1
5964 2
5966 1
5968 3
5971 1
5972 2
5976 3
5980 1
5983 1
5990 1
5992 1
5995 1
5996 2
6000 1
6001 2
6003 1
6006 1
6008 1
6011 3
6013 1
6016 1
6019 1
6022 1
6024 2
6025 1
6027 2
6028 1
6031 1
6034 1
6035 1
6036 1
6044 2
6047 1
6048 1
6050 1
6051 1
6052 2
6055 1
6056 1
6064 1
6068 1
6070 1
6071 2
6072 1
6073 1
6074 1
6077 1
6078 1
6080 1
6084 1
6088 1
6091 1
6092 2
6093 1
6101 3
6102 1
6103 2
6114 1
6118 1
6124 1
6125 1
6126 1
6127 1
6130 1
6132 2
6133 1
6136 3
6142 1
6143 1
6144 1
6145 2
6147 1
6151 1
6154 1
6155 1
6157 1
6160 1
6165 2
6166 1
6167 1
6169 2
6179 1
6181 1
6182 1
6184 1
6195 1
6196 1
6208 1
6212 1
6218 2
6230 1
6234 1
6237 1
6242 1
6245 1
6248 1
6249 1
6252 1
6254 1
6256 1
6262 1
6263 1
6264 1
6267 1
6268 2
6269 1
6273 2
6275 1
6280 2
6281 1
6284 1
6293 1
6294 1
6297 1
6300 1
6307 1
6311 1
6312 1
6317 1
6319 1
6324 1
6326 1
6328 2
6332 2
6335 2
6336 1
6340 2
6341 1
6342 1
6343 1
6346 1
6354 1
6356 1
6359 1
6360 2
6364 1
6371 1
6384 1
6385 2
6389 1
6390 1
6392 1
6394 1
6396 1
6398 1
6404 1
6405 1
6407 1
6408 1
6412 2
6414 2
6417 1
6418 1
6419 2
6420 1
6421 1
6422 1
6424 1
6430 1
6433 2
6434 1
6437 1
6438 2
6441 2
6443 1
6444 1
6447 1
6450 2
6451 1
6456 3
6457 1
6464 2
6474 1
6475 1
6477 2
6480 2
6482 1
6483 1
6486 1
6488 3
6491 1
6492 1
6493 1
6496 1
6500 1
6502 1
6503 2
6504 2
6508 1
6515 1
6516 1
6525 1
6526 3
6529 3
6532 1
6542 1
6543 1
6548 1
6550 1
6552 1
6558 1
6562 2
6568 1
6569 3
6571 1
6574 1
6584 1
6587 2
6595 1
6599 1
6604 1
6606 3
6608 3
6610 1
6612 1
6621 2
6623 1
6631 1
6634 1
6635 1
6640 1
6641 1
6643 1
6644 1
6654 1
6659 1
6660 1
6662 2
6665 1
6668 1
6672 1
6678 1
6679 2
6680 1
6682 1
6684 3
6686 2
6687 2
6690 1
6694 1
6696 1
6699 2
6700 1
6701 1
6702 1
6704 1
6705 1
6707 1
6708 2
6716 1
6720 1
6721 2
6724 1
6733 1
6735 1
6736 2
6737 1
6740 1
6743 2
6746 2
6747 1
6750 1
6753 1
6757 1
6761 1
6766 1
6768 1
6771 1
6773 1
6776 1
6779 1
6780 1
6781 5
6788 1
6794 3
6799 1
6809 1
6812 1
6813 1
6815 1
6816 1
6817 1
6820 1
6822 2
6825 1
6828 1
6830 1
6831 1
6842 2
6851 1
6852 1
6854 2
6855 1
6868 1
6870 1
6871 1
6880 1
6883 1
6885 1
6894 1
6895 2
6900 4
6904 1
6907 1
6915 2
6916 1
6918 2
6924 1
6929 1
6931 1
6932 2
6934 1
6935 1
6936 1
6947 2
6956 1
6964 1
6965 1
6969 1
6970 1
6976 1
6980 2
6984 1
6989 1
6992 1
7000 2
7002 1
7004 2
7005 1
7007 1
7011 1
7013 1
7019 1
7025 1
7028 2
7030 1
7035 2
7048 2
7052 3
7053 1
7056 2
7060 1
7062 1
7066 1
7071 1
7074 1
7076 1
7077 1
7080 1
7082 1
7083 1
7087 2
7089 1
7095 1
7100 3
7101 1
7105 1
7108 1
7110 1
7111 1
7112 1
7115 1
7121 1
7124 1
7126 2
7128 1
7133 1
7145 1
7146 1
7149 1
7156 1
7159 1
7163 1
7168 4
7173 2
7178 1
7183 1
7184 1
7188 1
7189 2
7195 3
7202 1
7204 1
7208 1
7209 1
7216 1
7219 1
7224 1
7230 1
7231 1
7235 1
7236 1
7238 1
7240 1
7242 2
7243 1
7246 3
7252 1
7255 1
7260 1
7261 1
7265 1
7272 1
7284 1
7290 1
7292 4
7300 2
7301 1
7302 1
7310 2
7337 1
7343 1
7348 1
7350 1
7351 1
7352 1
7356 1
7365 1
7368 2
7369 1
7370 1
7372 1
7374 1
7379 1
7383 2
7392 1
7397 1
7398 1
7404 1
7407 1
7409 1
7417 1
7420 2
7425 1
7428 1
7429 2
7436 1
7440 1
7445 1
7448 1
7450 1
7454 1
7456 2
7459 1
7464 1
7471 1
7472 3
7473 1
7474 1
7480 1
7486 1
7487 1
7490 1
7492 3
7500 1
7501 2
7504 1
7505 1
7506 1
7514 1
7516 1
7517 1
7520 1
7523 1
7526 1
7527 1
7532 1
7533 2
7542 1
7543 1
7552 2
7553 1
7556 1
7560 1
7562 1
7564 1
7568 1
7569 1
7575 5
7576 1
7578 1
7579 1
7581 1
7583 1
7587 1
7589 1
7591 1
7600 1
7602 1
7604 1
7607 1
7612 2
7613 1
7617 1
7619 1
7620 2
7625 1
7628 1
7629 1
7639 1
7640 1
7641 1
7646 1
7647 1
7648 1
7664 1
7666 2
7671 2
7680 1
7684 1
7685 1
7689 1
7690 1
7693 1
7695 1
7696 1
7697 1
7703 1
7708 1
7712 1
7714 1
7716 1
7719 1
7720 1
7728 1
7729 1
7733 1
7742 1
7744 1
7748 1
7751 1
7757 1
7758 1
7769 1
7773 2
7774 1
7775 1
7780 1
7782 1
7786 1
7794 2
7796 1
7797 1
7798 1
7800 1
7808 1
7816 1
7817 1
7819 1
7820 1
7823 1
7825 1
7830 1
7832 1
7836 1
7848 1
7850 1
7853 1
7856 2
7861 1
7862 2
7863 1
7864 1
7876 1
7879 1
7880 1
7881 1
7890 1
7892 1
7900 1
7901 1
7902 1
7904 1
7908 1
7912 1
7916 1
7918 1
7920 1
7923 1
7924 1
7925 1
7941 1
7942 1
7945 1
7948 2
7952 1
7957 1
7960 1
7967 1
7971 1
7974 1
7978 1
7979 1
7980 2
7988 1
7990 1
7993 1
7995 1
7996 2
8000 1
8006 1
8012 2
8020 1
8024 1
8029 1
8032 1
8042 1
8049 1
8056 1
8064 1
8065 1
8072 1
8075 1
8082 1
8084 1
8090 1
8096 1
8097 2
8101 2
8102 3
8107 1
8112 2
8121 1
8123 1
8141 1
8142 1
8148 1
8150 2
8151 2
8152 1
8155 1
8164 1
8174 2
8178 1
8191 1
8192 4
8197 1
8204 2
8207 1
8210 3
8215 1
8219 1
8221 1
8223 1
8224 1
8237 1
8241 1
8245 1
8248 2
8253 1
8254 1
8261 1
8271 2
8275 1
8279 1
8289 1
8293 1
8299 2
8300 1
8304 1
8315 1
8319 1
8324 1
8327 1
8337 2
8339 1
8356 1
8357 1
8371 1
8373 1
8379 1
8380 1
8381 1
8383 1
8386 1
8405 1
8406 1
8411 2
8412 1
8413 1
8418 1
8419 1
8422 1
8424 1
8427 1
8428 1
8437 3
8440 1
8442 1
8443 1
8447 1
8453 2
8456 1
8479 1
8488 1
8492 1
8500 1
8503 1
8504 1
8509 1
8510 1
8512 2
8514 2
8516 5
8520 1
8521 1
8523 1
8529 2
8533 2
8534 1
8535 1
8540 1
8547 1
8552 3
8554 1
8563 1
8566 2
8569 1
8572 1
8574 1
8577 1
8589 1
8590 1
8591 1
8592 1
8600 1
8601 2
8606 1
8614 1
8621 1
8625 1
8630 1
8639 1
8641 1
8642 1
8643 1
8662 1
8665 1
8668 1
8670 1
8672 1
8684 1
8685 1
8692 1
8694 1
8708 1
8714 1
8715 1
8716 1
8722 1
8725 1
8727 1
8730 1
8733 1
8734 1
8736 1
8737 1
8740 2
8746 1
8756 1
8757 1
8768 1
8769 1
8770 1
8776 1
8780 1
8784 1
8785 1
8791 1
8792 1
8794 2
8797 2
8798 2
8806 1
8808 1
8809 1
8813 1
8816 2
8817 1
8818 1
8819 2
8843 1
8846 1
8848 1
8854 2
8857 1
8860 2
8862 1
8868 2
8884 1
8892 1
8908 1
8922 1
8932 1
8934 1
8936 1
8945 1
8948 1
8951 1
8958 1
8968 1
8969 1
8974 1
8981 1
8983 1
8988 1
8992 1
9002 1
9004 1
9012 1
9025 1
9034 1
9044 1
9056 1
9059 1
9065 1
9068 2
9071 1
9081 1
9082 1
9094 1
9095 1
9101 1
9117 1
9119 1
9122 1
9127 1
9128 2
9132 1
9135 1
9136 1
9144 1
9146 1
9160 1
9168 2
9169 1
9172 2
9181 1
9184 1
9186 1
9188 1
9198 1
9204 1
9208 1
9209 2
9213 1
9216 1
9220 1
9224 1
9231 1
9232 1
9241 2
9242 1
9253 1
9254 1
9269 1
9272 1
9275 1
9277 1
9280 1
9287 1
9298 1
9299 1
9304 1
9315 1
9316 1
9320 1
9340 1
9345 1
9361 1
9381 1
9383 1
9385 1
9386 1
9396 1
9400 1
9426 1
9428 1
9434 1
9447 2
9448 1
9450 1
9455 1
9472 2
9475 1
9485 1
9486 1
9488 1
9492 1
9507 1
9508 1
9509 1
9515 1
9517 1
9523 1
9524 1
9525 1
9528 1
9536 2
9537 1
9540 4
9548 1
9550 2
9552 1
9560 1
9561 1
9565 2
9568 1
9576 1
9578 1
9580 1
9581 1
9584 1
9586 1
9592 1
9593 1
9599 1
9602 1
9604 1
9609 1
9620 1
9629 1
9636 1
9641 1
9646 1
9654 1
9660 1
9664 1
9682 1
9688 1
9696 1
9700 1
9704 1
9707 1
9708 1
9710 1
9713 1
9716 1
9719 1
9721 1
9726 1
9728 2
9735 1
9737 1
9740 2
9743 1
9745 1
9749 1
9759 1
9760 1
9762 1
9765 1
9775 1
9777 1
9794 1
9797 2
9800 1
9801 1
9802 1
9827 1
9839 1
9859 2
9860 1
9864 2
9884 1
9890 1
9894 1
9898 1
9901 2
9902 1
9908 1
9925 1
9926 1
9943 1
9948 1
9952 2
9979 1
9984 1
9985 2
9986 1
9989 2
9992 1
10002 2
10008 1
10013 1
10014 1
10019 1
10021 1
10025 1
10026 1
10027 1
10035 1
10037 1
10038 1
10048 1
10061 1
10076 1
10081 1
10109 1
10110 1
10112 1
10114 1
10116 1
10124 1
10130 1
10138 1
10149 1
10151 1
10156 1
10158 2
10160 1
10164 1
10168 2
10169 1
10171 1
10174 1
10184 1
10187 1
10195 1
10204 2
10208 1
10212 1
10219 1
10220 2
10224 1
10252 1
10261 1
10264 2
10266 1
10268 2
10286 2
10288 1
10290 1
10291 2
10294 1
10297 1
10301 1
10304 2
10305 1
10308 1
10316 2
10320 1
10321 1
10331 1
10332 1
10335 1
10337 2
10346 1
10355 1
10364 3
10367 1
10377 1
10384 1
10391 1
10403 1
10407 1
10408 1
10424 1
10431 1
10432 1
10437 1
10438 1
10440 1
10444 1
10448 1
10450 1
10451 1
10454 1
10462 1
10463 2
10464 1
10468 1
10475 1
10477 1
10480 1
10486 1
10491 2
10495 1
10502 1
10504 1
10508 1
10509 2
10516 1
10517 1
10519 2
10520 1
10528 1
10533 2
10535 1
10536 1
10537 2
10546 1
10558 1
10560 2
10564 4
10572 1
10579 1
10582 1
10584 1
10587 1
10588 2
10589 1
10594 2
10600 1
10621 1
10629 1
10639 1
10643 1
10645 1
10665 1
10671 2
10676 1
10680 2
10681 2
10689 1
10691 1
10693 1
10696 1
10713 1
10717 1
10720 1
10752 2
10754 1
10766 1
10772 1
10779 1
10786 1
10788 1
10790 1
10792 1
10798 1
10824 1
10827 1
10846 1
10849 1
10851 1
10864 1
10865 1
10866 1
10869 1
10870 1
10876 1
10882 1
10888 1
10890 1
10892 1
10897 1
10901 1
10904 1
10908 1
10911 1
10916 1
10928 1
10932 1
10933 1
10934 2
10936 1
10942 1
10944 1
10949 1
10973 1
10976 1
10978 2
10979 1
10992 1
11016 1
11020 1
11030 1
11038 1
11039 1
11048 1
11071 1
11072 1
11076 2
11083 2
11092 1
11128 1
11129 1
11135 1
11137 1
11144 1
11148 1
11152 1
11153 1
11163 1
11168 1
11170 1
11172 1
11173 1
11176 1
11180 1
11188 2
11204 1
11242 1
11254 1
11255 1
11256 2
11257 1
11263 1
11268 1
11279 1
11288 2
11292 1
11293 1
11309 1
11312 1
11319 1
11324 3
11328 1
11333 1
11343 1
11344 1
11358 1
11360 1
11372 1
11375 1
11388 1
11390 1
11391 1
11397 2
11409 1
11418 1
11419 1
11429 1
11432 1
11443 1
11444 1
11456 1
11474 1
11489 1
11496 1
11506 1
11508 2
11513 1
11530 1
11539 1
11540 1
11541 1
11543 1
11548 1
11564 1
11568 2
11584 2
11588 3
11600 1
11609 1
11612 1
11617 2
11620 1
11631 1
11636 1
11640 1
11642 1
11647 1
11648 1
11649 1
11650 2
11656 2
11659 1
11660 2
11664 4
11665 1
11670 2
11678 1
11680 2
11688 3
11704 3
11708 1
11724 2
11725 1
11728 3
11740 1
11741 1
11766 1
11784 2
11789 1
11797 1
11807 2
11809 1
11820 2
11822 1
11833 1
11834 1
11840 1
11844 1
11850 1
11860 1
11864 2
11867 1
11878 2
11882 1
11889 1
11894 1
11899 1
11908 1
11909 1
11911 2
11923 1
11924 1
11935 1
11940 1
11944 1
11949 1
11952 1
11956 2
11962 1
11963 1
11970 2
11975 1
11976 1
11979 1
11980 3
11983 1
11984 1
11988 1
11989 2
11991 2
11992 1
11993 1
11997 1
12003 1
12005 1
12008 1
12012 1
12015 1
12016 1
12028 1
12040 1
12052 2
12053 1
12057 1
12060 1
12062 1
12084 1
12092 1
12095 1
12096 2
12098 1
12100 2
12101 1
12105 1
12109 1
12112 1
12127 1
12145 1
12150 1
12173 1
12189 1
12195 1
12201 1
12202 1
12207 1
12209 1
12223 1
12224 1
12242 1
12248 1
12251 1
12281 1
12286 1
12287 1
12288 1
12296 1
12297 1
12305 1
12312 1
12313 1
12314 1
12315 1
12317 1
12320 1
12332 1
12336 1
12340 1
12348 2
12358 1
12366 1
12367 1
12368 1
12372 1
12380 1
12384 1
12385 1
12393 1
12398 1
12410 1
12412 1
12414 1
12444 1
12450 1
12459 1
12472 1
12490 1
12504 1
12528 2
12533 1
12536 1
12545 1
12546 1
12548 1
12550 1
12552 1
12556 2
12568 1
12569 1
12570 1
12577 1
12582 1
12585 1
12589 1
12608 2
12612 2
12613 3
12619 1
12624 2
12640 1
12648 1
12650 1
12657 1
12661 1
12672 1
12675 1
12679 1
12690 1
12700 1
12703 1
12710 1
12712 1
12716 1
12721 1
12733 1
12735 1
12738 1
12743 1
12760 2
12766 1
12780 1
12784 1
12793 1
12827 1
12854 1
12857 1
12877 1
12880 2
12881 1
12884 2
12887 2
12890 1
12904 1
12916 1
12920 1
12924 1
12928 1
12936 1
12945 1
12948 1
12955 1
12964 1
12969 1
12976 1
12980 1
12986 1
12990 1
13001 1
13004 1
13013 1
13019 1
13020 1
13031 1
13044 1
13053 1
13057 1
13066 1
13068 1
13072 1
13075 1
13076 1
13080 2
13093 1
13097 1
13100 1
13108 1
13113 1
13116 1
13128 1
13131 1
13139 1
13141 1
13167 1
13168 2
13172 1
13178 1
13183 1
13186 1
13192 1
13200 2
13212 1
13224 4
13231 1
13243 1
13244 1
13252 1
13253 1
13271 1
13273 3
13277 1
13283 1
13289 1
13312 1
13315 1
13320 2
13336 1
13338 2
13339 1
13351 1
13369 1
13387 1
13391 1
13402 1
13406 1
13408 1
13411 2
13415 1
13422 1
13424 1
13429 1
13438 2
13440 1
13474 1
13478 1
13486 1
13489 2
13496 1
13497 2
13515 1
13529 1
13532 1
13537 1
13547 1
13548 1
13554 1
13555 1
13561 1
13568 1
13570 1
13572 1
13576 1
13584 1
13587 1
13588 1
13592 2
13616 3
13620 2
13624 1
13625 1
13632 1
13636 1
13640 1
13642 1
13644 1
13646 1
13648 1
13652 1
13655 1
13656 1
13662 2
13674 1
13680 1
13684 1
13686 1
13693 1
13713 1
13719 1
13726 1
13737 1
13743 1
13752 1
13772 1
13778 1
13782 1
13790 1
13791 1
13792 1
13809 2
13814 2
13816 1
13817 1
13822 2
13823 1
13828 1
13832 1
13843 1
13844 1
13845 1
13847 1
13848 1
13852 1
13861 2
13869 1
13872 1
13876 1
13883 2
13889 1
13894 1
13900 1
13905 1
13912 1
13920 2
13935 1
13968 1
13980 1
14012 1
14026 1
14033 1
14046 2
14048 1
14063 1
14076 1
14080 2
14112 1
14120 1
14128 1
14140 1
14145 1
14147 1
14152 1
14157 1
14166 1
14188 1
14192 1
14204 1
14208 1
14212 1
14240 1
14243 1
14248 1
14252 1
14258 1
14275 1
14287 1
14304 1
14306 1
14308 1
14312 1
14314 1
14318 1
14323 1
14332 1
14341 1
14344 1
14346 1
14352 1
14358 1
14369 3
14372 1
14380 1
14384 1
14388 1
14389 1
14392 1
14398 2
14408 1
14409 1
14424 1
14428 1
14442 1
14444 1
14451 1
14459 1
14460 2
14465 1
14472 1
14508 1
14509 1
14514 1
14516 1
14518 1
14524 1
14544 1
14549 1
14562 1
14568 1
14587 1
14588 1
14593 1
14598 1
14620 1
14650 1
14660 1
14667 1
14676 2
14680 1
14682 1
14685 1
14688 1
14692 1
14699 1
14704 1
14712 3
14714 1
14716 1
14717 1
14730 1
14732 1
14733 1
14740 1
14743 1
14752 1
14754 1
14762 1
14764 2
14776 1
14778 1
14780 1
14784 1
14787 1
14789 1
14796 1
14800 1
14811 1
14824 2
14836 2
14840 1
14856 1
14865 1
14868 1
14873 1
14886 1
14919 1
14928 1
14932 13
14936 1
14938 2
14943 1
14963 2
14984 1
14988 1
14991 1
14992 1
14996 1
15004 1
15036 1
15040 1
15046 2
15051 1
15056 1
15057 1
15064 1
15080 1
15084 1
15085 1
15092 2
15096 1
15099 1
15108 1
15110 1
15127 1
15128 1
15132 2
15136 1
15138 1
15144 1
15146 1
15148 1
15155 1
15156 5
15157 1
15165 1
15168 2
15172 1
15175 1
15176 1
15187 1
15190 1
15194 1
15195 2
15207 1
15209 1
15210 1
15211 1
15216 1
15221 1
15225 1
15226 1
15237 1
15244 1
15245 1
15267 1
15272 1
15276 1
15280 1
15320 1
15322 1
15324 1
15325 1
15328 1
15340 1
15344 2
15358 1
15360 1
15365 1
15383 1
15389 1
15391 1
15405 1
15410 1
15417 1
15426 1
15432 1
15439 1
15441 1
15442 1
15444 3
15446 1
15448 2
15451 1
15453 1
15457 1
15459 1
15460 1
15467 1
15468 2
15474 1
15475 1
15476 1
15480 1
15485 1
15489 1
15491 1
15494 1
15498 1
15500 1
15502 1
15504 2
15510 1
15514 1
15518 1
15520 1
15523 1
15543 1
15544 1
15548 1
15560 1
15564 1
15565 1
15570 1
15579 1
15583 1
15591 1
15598 1
15601 1
15605 1
15608 2
15613 1
15616 1
15622 1
15625 1
15628 1
15636 1
15642 1
15644 1
15648 2
15649 1
15652 1
15656 1
15662 1
15664 1
15666 1
15676 1
15680 1
15684 1
15688 2
15690 1
15696 2
15701 2
15708 1
15711 1
15713 1
15715 1
15724 2
15726 1
15728 1
15740 1
15744 2
15748 2
15749 1
15752 1
15761 1
15776 2
15790 1
15797 1
15804 1
15810 1
15816 1
15821 1
15830 1
15843 1
15848 3
15866 1
15876 1
15879 1
15882 1
15884 1
15896 1
15912 1
15920 1
15954 1
15968 1
15972 1
15990 1
16002 1
16005 1
16007 1
16008 1
16012 1
16016 1
16028 1
16039 1
16041 1
16072 1
16077 1
16087 1
16100 1
16112 1
16120 1
16127 1
16149 1
16181 1
16192 1
16204 1
16212 1
16217 1
16236 1
16238 1
16255 1
16256 1
16259 1
16262 2
16264 1
16265 1
16266 1
16281 1
16300 1
16312 1
16316 1
16328 1
16332 1
16335 1
16343 1
16348 1
16357 1
16366 1
16368 1
16369 1
16374 1
16382 1
16384 20
16388 1
16397 1
16406 1
16408 2
16409 1
16412 1
16421 1
16445 1
16456 1
16470 1
16477 1
16480 1
16482 1
16494 1
16513 1
16529 1
16544 2
16561 1
16568 1
16575 1
16584 1
16603 1
16604 1
16606 1
16623 1
16628 2
16637 1
16644 1
16655 1
16660 1
16664 1
16668 1
16669 2
16703 1
16704 1
16708 1
16711 1
16712 1
16720 1
16722 1
16724 2
16728 3
16740 1
16760 1
16764 1
16773 1
16788 1
16792 1
16793 1
16799 1
16801 1
16812 1
16826 1
16832 1
16834 1
16836 1
16844 1
16845 1
16848 1
16871 1
16876 1
16890 1
16912 1
16923 1
16940 1
16967 1
16979 1
16992 1
17012 1
17035 1
17060 1
17069 1
17074 1
17093 1
17101 1
17113 1
17134 1
17137 1
17139 1
17140 1
17147 1
17189 2
17201 1
17202 1
17204 2
17207 1
17209 1
17216 1
17228 1
17253 1
17267 1
17276 1
17280 1
17283 1
17287 1
17292 1
17312 1
17313 1
17320 1
17324 1
17332 1
17356 1
17359 1
17364 1
17365 1
17389 1
17396 1
17408 1
17415 1
17416 1
17424 1
17432 1
17448 1
17458 1
17493 1
17496 1
17504 1
17517 1
17518 1
17522 1
17541 1
17572 1
17580 1
17600 1
17616 2
17648 1
17652 1
17661 1
17676 1
17680 1
17690 1
17762 1
17768 1
17776 1
17792 1
17808 1
17814 1
17818 1
17821 1
17832 1
17835 1
17837 2
17875 1
17882 2
17889 1
17920 1
17934 1
17936 1
17938 1
17948 1
17956 3
17968 1
17976 2
17986 1
17996 1
18005 1
18016 1
18024 1
18034 1
18037 1
18055 1
18068 1
18072 2
18080 1
18096 1
18100 1
18108 1
18120 1
18127 1
18128 1
18133 1
18144 1
18150 1
18152 1
18160 1
18168 1
18169 1
18171 1
18172 1
18184 1
18204 1
18220 1
18236 1
18240 1
18242 1
18249 1
18252 1
18255 1
18264 1
18268 1
18304 1
18308 1
18312 1
18328 1
18332 1
18348 1
18356 1
18377 1
18382 1
18400 2
18412 1
18426 1
18438 1
18444 1
18455 1
18457 1
18464 1
18472 1
18496 1
18500 2
18503 1
18527 1
18540 1
18550 1
18554 1
18564 2
18568 1
18596 1
18598 1
18606 1
18623 1
18637 1
18638 2
18640 2
18661 1
18680 1
18681 1
18686 1
18692 1
18695 2
18696 1
18700 1
18704 1
18707 1
18720 1
18728 1
18730 1
18731 1
18737 1
18745 1
18796 1
18800 2
18836 1
18840 1
18852 1
18856 1
18873 1
18908 1
18912 1
18915 1
18920 2
18932 1
18944 1
18956 1
18963 1
18972 1
19002 1
19012 1
19013 1
19016 1
19021 1
19060 1
19071 1
19076 1
19096 1
19110 1
19120 1
19132 1
19140 1
19167 1
19168 2
19183 1
19211 1
19233 1
19235 1
19239 1
19255 1
19269 1
19286 1
19291 1
19296 1
19302 1
19311 2
19314 1
19356 1
19367 1
19373 1
19398 1
19400 1
19416 1
19505 1
19507 1
19554 1
19564 1
19572 1
19592 1
19601 1
19615 1
19616 1
19633 1
19641 1
19642 1
19647 1
19663 1
19666 1
19675 1
19715 1
19740 1
19745 1
19752 1
19755 1
19764 1
19765 1
19796 1
19874 1
19877 1
19913 1
19920 1
19921 1
19924 1
19927 1
19935 1
19948 1
19993 1
19996 1
20018 1
20040 1
20042 1
20049 2
20055 1
20137 1
20173 1
20179 1
20225 1
20233 1
20285 1
20289 1
20307 1
20357 1
20363 1
20388 2
20415 1
20419 1
20443 1
20466 1
20469 1
20480 1
20512 1
20540 1
20547 1
20554 1
20562 1
20569 1
20572 2
20577 1
20600 1
20602 1
20606 1
20620 1
20640 1
20647 1
20648 1
20656 1
20662 1
20663 1
20672 1
20692 1
20716 1
20744 1
20746 1
20756 1
20758 1
20772 1
20796 1
20799 1
20802 1
20816 1
20836 1
20842 1
20854 1
20868 1
20880 1
20903 1
20910 1
20920 1
20924 1
20926 1
20952 1
20992 3
21004 1
21008 1
21020 1
21028 1
21043 1
21049 1
21060 1
21092 1
21099 1
21102 1
21110 1
21152 1
21160 1
21166 1
21200 2
21206 1
21207 1
21237 1
21240 1
21296 1
21300 1
21304 1
21320 1
21340 2
21344 1
21376 1
21384 1
21396 1
21412 1
21428 1
21441 1
21446 1
21454 1
21476 1
21496 1
21507 1
21508 1
21516 1
21531 1
21537 1
21540 1
21548 1
21552 1
21560 1
21561 1
21564 1
21570 1
21587 1
21599 1
21609 1
21618 1
21626 2
21643 1
21646 1
21692 1
21734 1
21737 1
21738 1
21744 1
21748 1
21773 1
21794 1
21806 1
21808 1
21812 1
21822 1
21863 1
21865 1
21892 1
21900 1
21901 1
21902 1
21904 2
21908 2
21912 1
21916 1
21920 1
21928 1
21930 1
21940 1
21964 1
22016 1
22025 1
22076 1
22088 1
22099 1
22100 1
22121 1
22129 1
22147 1
22148 1
22164 1
22176 1
22186 1
22200 1
22202 1
22224 1
22244 1
22250 1
22252 1
22324 1
22336 1
22380 1
22382 1
22394 1
22395 2
22396 1
22400 1
22404 1
22406 1
22408 1
22418 1
22419 1
22424 1
22463 1
22471 1
22480 1
22492 1
22504 2
22536 1
22545 1
22547 1
22554 1
22556 2
22565 1
22608 1
22628 1
22637 1
22643 1
22648 1
22653 1
22697 1
22706 1
22716 1
22764 1
22836 1
22879 1
22888 1
22909 1
22916 1
22920 1
22924 1
22929 1
22936 1
22944 1
22957 1
22970 1
22977 1
23006 1
23012 1
23028 2
23031 1
23053 1
23056 1
23061 1
23075 1
23092 1
23112 1
23116 2
23149 1
23156 1
23162 1
23166 1
23192 1
23212 1
23225 1
23226 1
23232 1
23244 1
23330 1
23356 1
23375 1
23377 1
23409 1
23414 1
23434 1
23455 1
23488 1
23515 1
23525 1
23602 1
23622 1
23630 1
23651 1
23656 1
23708 1
23744 1
23756 1
23759 1
23765 1
23777 1
23822 1
23846 1
23863 1
23867 1
23897 1
23904 1
23916 1
23947 1
23962 1
23991 1
24032 1
24052 1
24055 1
24060 1
24088 2
24106 1
24109 1
24156 1
24163 1
24185 2
24279 1
24305 2
24309 1
24312 1
24322 1
24358 1
24359 1
24371 1
24389 1
24390 1
24397 1
24412 1
24435 1
24456 1
24476 1
24529 1
24537 1
24576 72
24586 1
24588 1
24596 1
24686 1
24692 1
24695 1
24713 1
24718 1
24730 1
24768 1
24780 1
24791 1
24792 1
24803 1
24852 1
24866 1
24925 1
24952 1
24975 1
24980 1
24986 1
25017 1
25035 1
25043 1
25087 1
25103 1
25126 1
25146 1
25220 1
25315 1
25322 1
25350 1
25360 1
25362 1
25376 1
25392 1
25394 2
25396 1
25401 1
25462 1
25468 1
25499 1
25510 1
25556 1
25581 1
25610 1
25616 1
25636 1
25637 2
25665 1
25676 1
25700 1
25702 1
25726 1
25738 1
25780 1
25802 1
25813 1
25870 1
25897 1
25901 1
25909 1
25933 1
25962 1
25971 1
25975 2
25982 1
25988 1
25993 2
26021 1
26052 1
26064 1
26112 1
26164 1
26176 1
26214 1
26224 1
26238 1
26245 1
26261 1
26311 1
26370 1
26428 1
26458 1
26464 1
26508 1
26510 1
26527 1
26532 1
26544 1
26552 1
26619 1
26738 1
26740 1
26828 1
26842 1
26846 1
26848 1
26859 1
26860 1
27008 1
27028 1
27030 1
27063 1
27071 1
27112 1
27113 1
27114 1
27150 1
27153 1
27168 1
27180 1
27182 1
27230 1
27244 1
27255 1
27264 1
27286 1
27294 1
27318 1
27320 1
27329 1
27373 1
27374 1
27375 1
27394 1
27414 1
27427 1
27496 1
27506 1
27512 1
27576 1
27599 1
27628 1
27635 1
27640 1
27648 1
27667 1
27738 1
27750 1
27784 1
27799 1
27812 1
27815 1
27837 1
27883 1
27900 1
27948 1
27952 1
27969 1
28012 1
28015 1
28027 1
28043 1
28044 1
28080 1
28227 1
28228 1
28274 1
28293 1
28304 1
28392 1
28449 1
28464 2
28498 2
28518 1
28528 1
28560 1
28608 1
28616 1
28644 1
28682 1
28726 1
28797 1
28815 1
28880 1
28908 1
28910 1
28945 1
28976 1
28980 1
28998 1
29006 1
29033 1
29085 1
29126 1
29167 1
29170 1
29201 1
29205 1
29223 1
29253 1
29323 1
29347 1
29358 1
29368 1
29386 1
29402 1
29428 1
29506 1
29612 1
29670 1
29675 1
29696 1
29701 1
29722 2
29729 1
29730 1
29762 1
29784 1
29820 1
29822 1
29857 1
29909 1
29936 1
29972 1
30054 1
30066 1
30080 1
30154 1
30246 1
30284 1
30351 1
30390 1
30418 1
30425 1
30426 1
30542 2
30557 1
30568 1
30575 1
30589 1
30592 1
30594 1
30595 1
30645 1
30720 1
30723 1
30751 1
30779 1
30787 1
30846 1
30901 1
30932 1
31022 1
31042 1
31079 1
31083 1
31105 1
31106 1
31129 1
31136 1
31162 1
31202 2
31221 1
31232 1
31270 1
31277 1
31389 1
31415 1
31526 1
31573 1
31689 1
31696 1
31875 1
31876 1
31940 1
32097 1
32177 1
32212 1
32277 1
32282 1
32330 1
32528 1
32538 1
32543 1
32556 1
32562 1
32587 1
32628 1
32630 1
32644 1
32652 1
32768 136
32870 1
32958 1
32984 1
32990 1
33003 2
33020 1
33249 1
33264 1
33503 1
33515 1
33606 1
33802 1
33821 1
33836 1
33906 1
33921 1
33990 1
34094 1
34199 1
34241 1
34258 1
34260 1
34261 1
34371 1
34421 1
34450 1
34490 1
34502 1
34516 1
34556 1
34613 1
34630 1
34638 1
34724 1
34756 1
34805 1
34820 1
34846 1
34869 1
34877 1
34922 1
34962 1
35017 1
35034 1
35038 1
35069 1
35084 1
35203 1
35224 1
35370 1
35376 1
35436 1
35451 1
35548 1
35624 1
35660 1
35715 2
35790 1
35857 1
35943 1
35961 1
36048 1
36196 1
36299 1
36312 1
36352 1
36365 1
36417 1
36435 1
36473 1
36480 1
36778 1
36823 1
36872 1
36882 1
36948 1
36960 1
37031 1
37198 1
37231 1
37248 1
37281 1
37372 1
37416 1
37419 1
37457 1
37484 1
37657 1
37663 1
37727 1
37752 1
37848 1
37926 1
37927 1
38072 4
38143 1
38279 1
38283 1
38307 1
38340 1
38370 1
38395 1
38402 1
38419 1
38430 1
38648 1
38697 1
38733 1
38785 2
38860 1
38905 1
38912 1
38958 1
38973 1
39004 1
39038 1
39052 1
39054 1
39138 1
39154 1
39172 1
39221 1
39280 2
39355 1
39424 1
39516 1
39537 1
39552 1
39603 1
39691 1
39696 1
39714 1
39776 1
39792 1
39805 1
39865 1
39870 1
39937 1
40002 1
40031 1
40146 1
40261 1
40274 1
40292 1
40348 1
40375 1
40411 1
40438 1
40473 1
40555 1
40570 1
40693 1
40783 1
40960 55
41009 1
41023 1
41042 1
41061 1
41130 1
41150 1
41153 1
41206 1
41278 1
41310 1
41389 1
41413 1
41431 1
41441 1
41450 1
41539 1
41569 1
41614 1
41647 1
41685 1
41691 3
41726 1
41757 1
41765 1
41888 1
41891 1
41922 1
42141 2
42240 1
42264 1
42284 1
42304 1
42340 1
42432 1
42470 1
42511 1
42527 1
42623 1
42625 1
42632 1
42812 1
42910 1
42930 1
42977 1
43133 1
43157 1
43198 1
43298 1
43323 1
43376 1
43388 1
43497 1
43552 1
43595 1
43695 1
43733 1
43760 1
43864 1
43957 1
43967 1
43986 1
44075 1
44150 1
44221 1
44233 1
44265 1
44416 1
44419 1
44432 1
44471 1
44814 1
44981 1
45140 1
45146 1
45182 1
45187 1
45243 1
45274 1
45365 1
45512 1
45588 1
45648 1
45732 1
45753 1
45772 1
45893 1
45956 1
45987 1
46001 1
46024 1
46038 1
46270 1
46292 1
46295 1
46347 1
46374 1
46438 1
46464 1
46534 1
46604 1
46685 1
46711 1
46738 1
46754 1
46778 1
46788 1
46867 1
46981 1
47055 1
47344 1
47414 1
47434 1
47595 1
47602 1
47690 1
47724 1
47739 1
47741 1
47829 1
47875 1
47927 1
48018 1
48029 1
48084 1
48186 1
48196 1
48236 1
48325 1
48362 1
48411 1
48439 1
48441 1
48458 1
48542 1
48556 1
48558 1
48578 1
48587 1
48647 1
48667 1
48707 1
48716 1
48801 1
48811 1
48858 1
48861 1
48895 1
48927 1
48945 1
49044 1
49102 1
49152 20
49187 1
49239 1
49254 1
49352 1
49424 1
49437 1
49465 1
49466 1
49488 1
49504 1
49519 1
49583 1
49746 1
49772 1
49774 1
49776 1
49785 1
49815 1
49819 1
49820 1
49860 1
49862 1
49954 1
49974 1
50002 1
50014 1
50072 1
50094 1
50112 1
50220 1
50310 1
50320 1
50363 1
50367 1
50421 1
50597 1
50641 1
50767 1
50788 1
50850 1
50875 1
50949 1
50960 1
51009 1
51074 1
51113 1
51175 1
51236 1
51268 2
51285 1
51312 1
51313 1
51377 1
51384 1
51497 1
51512 1
51611 1
51629 1
51793 1
51808 1
51823 1
51859 1
51915 1
51960 1
52032 1
52135 1
52300 1
52405 1
52440 1
52579 1
52668 1
52793 1
53124 1
53217 1
53277 1
53312 1
53355 1
53462 1
53470 1
53480 1
53523 1
53579 1
53609 1
53696 1
53716 1
53793 1
53858 1
54006 1
54030 1
54063 1
54097 1
54163 1
54234 1
54245 1
54262 1
54269 1
54505 1
54569 1
54602 1
54609 1
54633 1
54701 1
54791 1
55105 1
55172 1
55182 1
55195 1
55203 1
55229 1
55347 1
55419 1
55481 1
55502 1
56085 1
56208 1
56220 1
56242 1
56408 1
56452 1
56702 1
56876 1
56968 1
57016 1
57344 35
57622 1
57721 2
57831 1
57884 1
57936 1
58001 1
58031 1
58147 1
58226 1
58355 1
58376 1
58423 1
58621 1
58665 1
58730 1
58819 1
58877 1
58924 1
59123 1
59239 1
59275 1
59363 1
59436 1
59450 1
59460 1
59472 1
59597 1
59655 1
59717 1
59752 1
59800 1
59915 1
59965 1
60031 1
60050 1
60072 1
60086 1
60301 1
60462 1
60524 1
60597 1
60693 1
60720 1
60789 1
60932 1
61015 1
61065 1
61149 1
61211 1
61214 1
61271 1
61439 1
61440 1
61511 1
61593 1
62025 1
62235 1
62485 1
63057 1
63100 1
63117 1
63165 1
63408 1
63474 1
63541 1
63655 1
63677 1
63776 1
63923 1
63946 1
63958 1
63966 1
63973 1
64055 1
64315 1
64628 1
64794 1
65036 1
65048 1
65098 1
65302 1
65337 1
65536 9
65615 1
65626 1
65646 2
65681 1
65968 1
66034 1
66098 1
66117 1
66577 1
66792 1
66899 1
67153 1
67154 1
67187 1
67262 1
67402 1
67471 1
67501 1
67530 1
67739 1
67930 1
67960 1
68147 1
68335 1
68823 1
69101 1
69126 1
69500 1
69582 1
69635 1
69783 1
69924 1
70012 1
70021 1
70035 1
70038 1
70304 1
70356 1
70404 1
70496 1
70501 1
70969 1
70999 1
71002 1
71615 1
71922 1
72021 1
72187 1
72194 1
72244 1
72250 1
72532 1
72673 1
72810 1
72960 1
73053 1
73113 1
73141 1
73179 1
73207 1
73212 1
73250 1
73392 1
73485 1
73570 1
73686 1
73728 12
73777 1
73838 3
73963 1
73973 1
73994 1
74055 1
74119 1
74266 1
74283 1
74446 1
74506 1
74671 1
74991 1
75215 1
76251 1
76475 1
76544 1
76891 1
76953 1
77123 1
77124 1
77371 1
77526 1
77812 1
77950 1
77984 1
78369 1
78464 1
78519 1
78624 1
78633 1
78931 1
78972 1
78991 1
79101 1
79153 1
79179 1
79390 1
79483 1
79659 1
79886 1
80025 1
80077 1
80543 1
80885 1
81176 1
81331 1
81382 1
81491 1
81545 1
81920 21
82030 1
82136 1
82481 1
82486 1
82520 1
82792 1
83042 1
83047 1
83231 1
83396 1
83586 1
83588 1
83639 1
84064 1
84109 1
84356 1
84801 1
84969 1
85399 1
85597 1
85705 1
85760 1
85842 1
85876 1
85909 1
86767 1
86829 1
87136 1
87375 1
87863 1
88012 1
88576 1
88827 1
89215 1
89363 1
89500 1
89521 1
89674 1
89691 1
90112 10
90276 1
90409 1
90644 1
90730 1
90843 1
91462 1
92106 1
92658 1
92981 1
93135 1
93226 1
93295 1
93665 1
93687 1
93854 1
93869 1
93923 1
94824 1
94888 1
94913 1
95104 1
95112 1
95200 1
95379 1
95414 1
95634 3
95656 1
95678 1
95796 1
96420 1
96427 1
96810 1
96843 1
96948 1
96987 1
97039 1
97191 1
97281 1
97463 1
97704 1
97891 1
98223 1
98304 13
98368 1
98414 1
98691 1
98804 1
98895 1
98905 1
99144 1
99258 1
99525 1
99798 1
100032 1
100092 1
100502 1
100816 1
100946 1
101126 1
101192 1
101411 1
101419 1
101731 1
101775 1
101949 1
103631 1
103711 1
103942 1
104117 1
104155 1
104913 1
104967 1
105083 1
105321 1
105459 1
105650 1
105674 1
105874 1
106077 1
106323 1
106496 8
106854 1
107769 1
108477 1
108516 1
108746 1
109289 1
109574 1
109732 1
110187 1
110300 1
110339 1
110413 1
110470 1
110633 1
110675 1
110903 1
110976 1
111151 1
111327 1
111651 1
111799 1
111812 1
112067 1
112664 1
112709 1
112811 1
112896 1
113022 1
113035 1
113603 1
114332 1
114688 11
114847 1
115334 1
116165 1
116196 1
116352 1
116481 1
117292 1
117460 1
118078 1
119057 1
119808 1
119818 1
120647 1
120653 1
122122 1
122239 1
122266 1
122730 1
122880 5
122946 1
123459 1
123467 1
125047 1
125103 1
125507 1
125824 1
125879 1
126290 1
126935 1
126945 1
127112 1
128330 1
129164 1
129709 1
131072 6
131116 10
131992 1
132096 1
132263 1
132318 1
132893 1
133485 1
133571 1
134291 1
134483 1
134705 1
134840 1
135162 1
136190 1
136232 1
137961 1
138525 1
138707 1
139263 1
139264 5
139308 2
139642 1
139913 1
140039 1
141582 1
141842 1
142219 1
143285 1
143319 1
143915 1
144214 1
144507 1
144657 2
144839 1
145567 1
145667 1
145740 1
145906 1
146080 1
146279 1
146361 1
147456 4
147500 2
147718 1
148547 1
148649 1
148765 1
149394 1
149548 1
149924 1
150013 1
150856 1
150904 1
151481 1
151496 2
151786 1
153332 1
154116 1
154533 1
154737 1
155648 3
155653 1
155692 4
156431 1
158565 1
158757 1
159204 1
159524 1
159814 1
159906 1
159950 1
160284 1
160691 1
162564 1
163840 5
163884 4
164223 1
164970 1
165941 1
166018 1
167815 1
168295 1
168829 1
170830 1
171241 1
171557 1
171600 1
171989 1
172032 5
172731 1
173279 1
173420 1
173810 1
174906 1
176218 1
177249 1
177627 1
177729 1
178593 1
179172 1
179975 1
180224 6
180268 2
180448 1
180959 1
181029 1
181456 1
182151 1
183881 1
185898 1
186591 1
186841 1
187952 1
187958 1
188416 1
188460 1
188463 1
188522 1
188526 1
188808 1
188920 1
189076 1
189647 1
190581 1
190749 1
191864 1
193895 1
194364 1
194636 1
195692 1
196276 1
196608 5
196652 1
196719 1
198072 1
198462 1
198656 1
199237 1
199675 1
199856 1
200510 1
200567 1
200991 1
201632 1
202325 1
202574 1
204205 1
204224 1
204642 1
204800 5
204844 2
205532 1
205916 1
205924 1
206469 1
206545 1
207649 1
207730 1
207744 1
207789 1
208909 1
208999 2
209017 2
212475 1
212649 1
212992 3
213036 5
213181 1
214227 1
215594 1
216109 1
216946 1
217538 1
217589 1
217969 1
218317 1
219385 1
219969 1
221184 4
222142 1
222473 1
223755 1
225888 1
229376 1
229420 1
230303 1
235277 1
235547 1
236152 1
237568 2
237612 1
237678 1
238370 1
239579 1
242108 1
242411 1
243087 1
244241 1
244442 1
245370 1
245760 7
247029 1
247081 1
249611 1
250457 1
250729 1
251507 1
252954 1
253952 13
254573 1
255154 1
255168 1
256899 1
258176 1
260634 1
261708 1
262188 1
262254 2
266222 1
266610 1
266960 1
267513 1
268293 1
268472 1
268996 1
269601 1
269946 1
270380 1
270446 1
270474 1
271067 1
272203 1
272931 1
274462 1
274843 1
275929 1
277300 1
278528 1
279878 1
285800 1
285969 1
286072 1
286562 1
286720 4
286764 1
288297 1
289098 1
292000 1
294484 1
295022 1
296107 1
299158 1
299298 1
300062 1
300114 1
303104 2
303148 1
303380 1
303617 1
305146 1
306872 1
307200 1
307514 1
308106 1
309818 1
311296 2
311340 1
312512 1
312545 1
313577 1
316280 1
319488 3
321168 1
326168 1
326213 1
326659 1
327180 1
328362 1
329179 1
335872 1
335916 1
338294 1
343522 1
344108 1
347825 1
348957 1
349347 1
351869 1
352256 2
352300 1
352869 1
355829 1
360448 1
361385 1
362746 1
362847 1
363200 1
363647 1
368640 1
376493 1
376832 2
380377 1
385024 2
386301 1
389561 1
393216 1
397177 1
397543 1
409429 1
413932 2
417643 1
417836 1
420163 1
425457 1
427786 1
431104 1
431468 1
432762 1
432849 1
434176 2
439333 1
450560 3
458752 2
460768 1
460927 1
462848 1
466944 2
469991 1
476033 1
479616 1
490866 1
491520 2
492185 1
494065 1
499447 1
499756 1
500836 1
503232 1
507904 1
510923 1
516096 1
523707 1
524288 1
525855 2
539358 1
543457 1
546738 1
547755 1
550047 1
550912 1
557056 1
557129 1
558830 1
565823 1
574266 1
575172 1
575729 1
578238 1
578352 1
580167 1
587580 1
595851 1
597207 1
598544 1
599653 1
609441 2
614090 1
615984 1
622592 1
626626 1
630784 1
633628 1
637856 1
641036 1
642600 1
655360 1
655404 1
661484 1
662230 1
665600 1
667344 1
675840 1
679936 1
684125 1
687733 1
691098 1
696518 1
697542 1
699647 1
701383 1
703805 1
716621 2
716792 1
728563 1
736540 1
737425 1
737510 1
743887 1
751633 1
753664 1
766766 1
767677 1
772240 1
775108 2
775864 1
783459 1
785622 1
794491 1
794624 1
799236 1
801300 1
806936 1
819200 1
819255 1
823868 1
841038 1
843655 1
843820 1
845695 1
862664 1
870221 1
884367 1
915521 1
917548 1
938456 1
942124 1
958508 1
964052 1
966460 1
983050 1
1026035 1
1038276 1
1040428 1
1071354 1
1079732 1
1094280 1
1095916 1
1101468 1
1114112 1
1132288 1
1147336 1
1148420 1
1157682 1
1163264 1
1171895 1
1171968 1
1241213 1
1327144 1
1331271 1
1346001 1
1351680 1
1399810 1
1402693 1
1490944 1
1536074 1
1564672 1
1592919 1
1593344 1
1796415 1
1818624 1
1835008 1
1835589 1
1883209 1
1898327 1
1963330 1
2113536 1
2252938 1
2359296 1
2427665 1
2441216 1
2687670 1
2777088 1
2951317 1
3006464 1
3119682 1
3162112 1
3272521 1
3576491 1
3948544 1
4730880 1
4976640 1
5558673 1
5568846 1
5669074 1
8967472 1
9147214 1
11888693 1
12402688 1
30756864 1
78916561 1
