0 13
1 7
2 1
3 1
4 1
6 3
7 1
11 1
14 69
15 46
16 26
17 73
18 103
19 21
20 28
21 11
22 53
23 34
24 13
25 10
26 19
27 20
28 3
29 11
30 5
31 5
32 4
33 3
34 4
35 9
36 4
37 3
38 7
39 1
40 1
41 1
42 2
44 2
46 2
47 2
48 10
49 19
50 39
51 60
52 82
53 73
54 114
55 113
56 139
57 91
58 113
59 76
60 83
61 56
62 56
63 43
64 41
65 32
66 26
67 30
68 23
69 17
70 11
71 13
72 7
73 7
74 5
75 3
76 2
77 5
78 2
79 5
80 3
81 1
82 2
83 2
84 2
86 1
87 1
88 1
90 3
91 3
92 2
93 2
94 1
95 2
96 1
97 1
98 1
99 6
102 1
104 3
105 2
107 1
109 1
111 4
112 2
113 2
114 1
115 1
117 1
119 1
120 2
121 1
122 1
123 1
124 5
126 2
127 2
128 6
132 1
134 2
135 3
137 8
138 1
139 1
140 3
141 2
142 3
143 1
144 2
149 3
150 3
152 1
153 3
154 1
156 2
158 1
159 1
160 3
161 1
162 1
163 3
164 4
165 1
166 2
170 1
172 3
176 2
177 1
178 1
179 1
180 2
181 1
182 1
183 1
184 2
193 71
194 3
195 1
196 2
197 1
198 1
200 5
205 3
207 18
209 1
210 2
212 2
213 1
214 1
215 5
216 1
217 1
218 1
220 1
221 7
222 2
223 2
224 2
225 2
226 2
228 4
230 3
232 2
235 2
236 5
238 2
239 1
240 1
241 1
244 1
245 1
246 1
248 2
249 2
250 1
251 1
252 1
254 1
255 1
256 56
257 3
258 1
262 2
263 3
264 4
265 1
269 2
270 1
272 5
273 1
274 2
275 4
276 2
277 2
278 1
280 3
281 4
284 1
285 1
286 1
287 3
288 2
289 1
290 3
291 1
292 1
293 8
294 2
296 5
297 5
298 2
299 2
301 1
302 4
303 2
304 1
305 7
306 3
308 6
309 1
310 1
312 3
314 1
316 2
317 1
320 2
323 1
326 2
327 1
328 4
333 2
334 4
336 2
337 1
340 4
341 1
342 1
345 4
346 3
347 1
348 2
349 1
350 3
351 1
352 1
354 2
355 1
356 1
359 3
360 1
361 1
363 2
364 6
366 1
367 1
368 2
369 2
370 1
372 1
374 1
375 2
376 1
377 2
379 2
380 4
381 2
382 1
384 1
385 5
386 2
387 4
388 2
392 4
393 1
394 2
396 3
397 4
399 5
401 4
402 2
403 1
404 1
405 2
408 1
410 1
411 1
412 1
413 2
418 1
419 1
420 1
424 1
426 1
427 2
428 1
429 5
430 2
432 2
434 2
435 1
436 1
437 1
438 2
439 1
441 4
444 2
446 1
447 1
448 1
450 3
451 2
455 2
456 2
457 1
458 1
459 1
460 4
461 1
462 1
463 3
464 2
465 2
466 1
468 2
469 1
472 2
473 11
474 1
475 2
477 3
479 2
480 1
481 1
482 1
483 3
484 2
485 2
486 2
488 2
489 1
490 1
491 1
492 1
493 1
494 2
496 1
497 2
499 1
500 1
501 2
502 1
503 3
505 2
506 1
507 2
508 3
509 1
510 1
511 1
512 395
513 2
514 3
515 3
516 3
518 1
519 2
520 2
521 2
522 2
524 1
525 1
527 1
528 1
530 2
532 1
533 1
534 2
535 1
539 5
540 3
541 12
542 4
543 3
544 3
545 2
546 7
547 8
548 7
549 60
550 6
551 6
552 10
553 5
554 4
555 5
556 3
558 2
559 4
560 2
561 1
562 4
563 2
564 2
565 1
566 2
567 4
568 1
569 2
571 8
572 4
573 2
574 3
575 1
576 3
577 1
578 2
579 2
580 9
581 1
582 1
583 1
584 4
585 2
587 2
588 2
589 168
590 7
592 2
593 2
596 3
597 5
599 10
600 9
601 5
602 15
603 1
604 3
606 2
607 1
608 4
609 1
610 1
611 3
612 2
614 2
615 2
617 2
618 1
619 1
620 3
622 23
623 2
625 4
626 2
629 1
630 2
631 2
632 1
633 1
635 2
636 4
637 1
638 3
639 1
641 1
642 3
643 3
644 1
645 2
647 2
648 5
649 3
650 3
651 5
653 3
654 2
655 2
656 3
657 1
658 2
659 3
660 2
661 2
662 2
663 1
664 1
667 1
668 1
669 2
670 1
671 4
672 4
673 1
675 2
677 3
678 6
679 3
680 3
681 1
682 1
683 6
684 4
685 3
686 4
687 2
688 6
690 3
691 3
692 2
693 1
694 2
695 1
696 7
697 4
698 1
699 2
700 2
701 4
702 6
703 4
704 5
705 1
706 4
707 6
709 1
710 4
711 1
712 4
713 2
714 7
715 2
716 8
717 6
718 4
719 4
720 5
721 5
722 5
723 1
724 3
725 1
726 6
727 11
728 4
729 1
730 5
731 4
732 7
733 6
734 3
735 1
736 2
737 5
739 1
740 3
741 4
742 2
743 5
744 10
745 3
746 13
747 5
748 12
749 9
750 1
751 1
752 4
753 7
754 3
755 4
757 3
758 2
759 12
760 3
761 4
762 2
763 6
764 2
765 3
766 3
767 4
768 2
769 5
770 6
771 2
772 1
773 2
774 3
775 1
776 5
777 3
778 2
779 2
781 3
782 3
783 2
784 1
785 4
786 3
787 3
788 4
789 3
790 2
791 4
792 3
793 2
794 4
795 6
796 6
797 4
798 3
799 5
800 10
801 5
802 6
803 7
804 5
805 5
806 2
807 2
808 9
809 1
810 1
811 4
812 5
813 4
814 6
815 3
816 6
817 6
818 5
819 2
820 6
821 2
822 4
823 6
824 3
825 7
826 10
827 5
828 8
829 3
830 4
831 5
832 2
833 4
834 4
835 3
836 6
837 4
838 2
839 4
840 4
841 6
842 6
843 4
845 1
846 3
847 3
848 6
849 5
851 2
852 4
853 7
854 5
855 2
856 6
857 4
858 4
859 3
860 3
861 6
862 3
863 1
864 3
865 3
866 4
867 8
868 4
869 4
870 2
871 7
872 7
873 1
874 4
875 3
876 9
877 2
878 1
879 3
880 4
881 3
882 3
883 3
884 4
885 1
886 3
887 2
888 5
889 3
890 5
891 1
892 5
893 1
894 1
895 4
896 7
897 2
899 1
900 5
901 2
902 3
903 4
904 7
905 5
906 3
907 6
910 2
911 8
912 2
913 3
914 5
915 1
916 7
917 3
918 2
919 3
920 6
921 1
922 4
923 8
924 5
926 3
927 4
928 4
929 5
930 2
931 3
932 4
934 4
935 5
936 8
937 3
938 2
939 4
940 1
941 3
942 4
943 1
944 6
945 2
946 2
947 3
948 4
949 5
950 3
951 4
952 5
953 4
954 1
955 2
956 2
957 2
959 1
960 12
961 1
962 4
963 4
964 2
965 11
966 2
967 3
968 6
969 3
970 5
971 3
972 5
973 7
974 2
975 2
976 5
977 1
978 1
979 3
980 5
981 2
983 2
984 9
985 3
987 5
988 2
989 2
990 2
991 2
992 2
993 3
994 1
995 4
996 1
997 4
998 3
999 2
1000 2
1001 4
1002 2
1003 1
1006 3
1007 8
1008 4
1009 1
1010 3
1011 1
1013 3
1014 1
1015 2
1016 5
1017 5
1018 2
1020 1
1021 2
1022 4
1023 2
1024 57
1025 4
1027 5
1028 3
1029 3
1030 6
1031 3
1032 1
1033 1
1034 5
1035 2
1036 1
1037 5
1038 2
1039 2
1041 2
1043 3
1044 5
1045 2
1046 3
1047 4
1048 4
1049 1
1050 5
1051 1
1052 5
1053 2
1054 2
1055 2
1056 2
1057 1
1058 1
1059 4
1060 5
1061 2
1062 4
1063 5
1064 5
1065 6
1067 3
1068 1
1069 1
1070 1
1071 3
1072 3
1073 3
1074 1
1076 1
1077 3
1078 7
1079 4
1080 1
1081 1
1082 3
1083 2
1084 2
1085 2
1086 2
1087 1
1088 1
1089 7
1091 2
1092 3
1093 4
1095 2
1096 2
1097 2
1098 2
1099 4
1100 2
1101 1
1102 1
1103 2
1105 5
1106 1
1107 3
1108 2
1109 2
1111 3
1112 5
1113 2
1114 7
1115 3
1116 2
1117 6
1119 1
1120 3
1122 3
1123 1
1124 2
1129 3
1130 3
1132 7
1133 2
1134 2
1136 4
1137 1
1138 2
1139 1
1140 2
1141 4
1142 2
1144 3
1145 5
1146 4
1147 3
1148 3
1149 3
1150 1
1151 5
1153 1
1154 5
1155 1
1157 2
1158 1
1159 3
1160 2
1161 1
1163 4
1164 4
1165 1
1166 3
1167 2
1168 1
1169 1
1170 3
1171 1
1172 5
1173 1
1174 1
1175 2
1177 1
1178 2
1179 5
1180 5
1182 4
1183 3
1185 6
1186 4
1188 3
1189 2
1190 2
1191 3
1193 3
1194 1
1195 3
1196 1
1197 2
1198 2
1199 2
1200 3
1201 4
1202 1
1203 1
1204 2
1205 1
1207 2
1208 3
1209 4
1210 3
1211 1
1212 2
1213 2
1214 1
1215 1
1216 5
1217 3
1218 2
1221 2
1222 2
1223 2
1224 5
1225 4
1227 4
1230 5
1233 1
1234 2
1235 1
1236 2
1237 1
1238 5
1239 2
1240 2
1241 4
1242 2
1243 2
1244 1
1245 3
1246 4
1247 1
1248 5
1249 4
1250 2
1251 1
1252 4
1253 2
1254 4
1255 1
1256 1
1257 3
1258 3
1260 4
1261 5
1262 3
1263 2
1264 3
1265 5
1266 2
1268 1
1269 4
1270 3
1271 2
1274 5
1275 1
1276 1
1277 2
1278 2
1279 2
1280 1
1281 2
1282 3
1283 2
1284 1
1285 2
1286 3
1287 1
1288 4
1290 4
1291 1
1292 3
1293 2
1294 2
1295 2
1296 2
1297 1
1298 5
1299 5
1300 2
1303 3
1304 1
1305 2
1306 2
1307 3
1308 2
1309 1
1310 1
1311 2
1312 2
1313 1
1316 1
1317 3
1318 2
1319 1
1320 4
1321 2
1322 2
1323 1
1324 8
1325 1
1326 6
1327 3
1328 7
1329 2
1330 1
1332 5
1335 2
1336 3
1337 3
1338 3
1339 2
1340 5
1342 2
1343 3
1344 2
1346 3
1349 2
1350 2
1351 1
1352 2
1353 2
1354 2
1355 1
1356 2
1357 1
1358 2
1359 2
1360 3
1361 1
1362 1
1363 2
1364 4
1365 1
1366 3
1367 6
1368 3
1369 2
1370 1
1371 2
1372 3
1374 2
1376 4
1377 6
1378 9
1379 2
1380 6
1381 2
1383 1
1384 2
1386 2
1387 2
1389 4
1391 2
1392 1
1397 1
1398 3
1399 1
1400 2
1401 2
1402 5
1403 1
1405 4
1406 5
1407 2
1408 1
1409 1
1410 1
1411 1
1412 2
1413 6
1414 2
1415 1
1417 5
1418 3
1419 2
1420 1
1421 3
1422 5
1426 5
1427 1
1428 6
1429 4
1430 1
1431 3
1432 2
1433 1
1434 1
1435 1
1436 3
1437 1
1438 9
1439 2
1440 1
1441 2
1442 3
1443 2
1444 4
1445 2
1446 1
1448 4
1449 2
1450 2
1451 4
1452 3
1454 1
1455 9
1456 6
1457 2
1458 4
1459 2
1460 4
1461 1
1462 2
1463 3
1464 2
1466 5
1467 4
1468 3
1469 3
1470 1
1471 3
1472 3
1473 3
1474 1
1475 3
1476 3
1477 1
1479 5
1480 1
1481 2
1483 1
1485 7
1486 3
1488 1
1489 3
1490 4
1491 1
1492 2
1493 1
1494 2
1495 6
1496 1
1497 2
1498 3
1499 2
1500 4
1501 1
1502 3
1503 1
1504 1
1505 1
1506 1
1507 5
1508 2
1509 5
1510 3
1511 5
1512 3
1513 1
1515 1
1516 2
1517 2
1518 5
1521 2
1522 3
1523 1
1524 3
1525 1
1526 4
1527 2
1528 1
1529 3
1530 1
1531 3
1532 1
1534 9
1535 2
1536 19
1537 4
1538 3
1540 1
1541 4
1543 3
1544 1
1545 5
1546 1
1547 1
1548 1
1549 2
1550 2
1551 5
1552 4
1553 2
1554 3
1555 4
1556 3
1557 2
1558 4
1559 5
1560 2
1561 2
1562 3
1564 4
1565 3
1566 1
1567 3
1568 3
1569 5
1570 1
1571 2
1572 2
1574 1
1575 1
1576 4
1578 3
1579 4
1580 4
1581 3
1584 2
1585 2
1587 2
1588 2
1589 2
1591 2
1592 2
1593 4
1595 2
1598 3
1599 2
1600 1
1601 1
1602 1
1603 2
1605 2
1610 4
1612 2
1613 3
1614 1
1615 1
1616 7
1617 3
1618 3
1621 3
1622 1
1623 1
1625 2
1626 2
1627 2
1628 2
1629 1
1630 2
1631 3
1632 6
1633 4
1634 6
1635 2
1636 4
1637 3
1640 2
1641 4
1642 1
1643 2
1644 6
1645 3
1646 5
1648 3
1649 3
1650 2
1652 2
1653 1
1654 3
1655 1
1656 3
1657 1
1658 4
1660 1
1661 1
1662 1
1663 3
1664 4
1665 2
1666 1
1668 2
1672 3
1673 1
1675 1
1676 4
1677 1
1678 3
1680 2
1681 1
1682 4
1683 4
1684 1
1685 3
1686 1
1688 2
1689 1
1690 2
1691 3
1692 2
1693 2
1694 1
1695 1
1696 2
1697 2
1698 2
1699 2
1700 1
1701 4
1703 2
1705 5
1706 4
1707 3
1708 3
1709 1
1710 1
1711 2
1712 1
1713 3
1714 2
1715 1
1716 3
1717 1
1719 2
1720 2
1721 5
1724 2
1725 1
1728 4
1729 1
1732 4
1733 2
1734 5
1735 2
1737 1
1738 2
1739 2
1740 3
1742 2
1744 2
1745 4
1746 1
1747 1
1749 1
1750 2
1751 2
1752 1
1753 2
1754 1
1757 1
1760 3
1761 2
1762 1
1763 6
1764 4
1766 1
1768 1
1769 1
1770 1
1771 1
1772 2
1773 1
1774 2
1777 2
1778 1
1779 1
1780 2
1782 1
1784 2
1785 3
1789 1
1790 1
1793 2
1794 5
1795 4
1796 2
1798 2
1800 3
1801 1
1802 1
1803 1
1804 2
1805 1
1807 3
1808 4
1809 3
1810 5
1811 1
1812 1
1815 1
1816 3
1817 1
1818 2
1819 1
1820 5
1824 4
1826 2
1827 1
1828 4
1829 1
1830 2
1831 2
1832 1
1835 3
1836 1
1837 4
1838 1
1839 7
1840 1
1841 2
1843 3
1844 4
1845 1
1846 2
1847 2
1848 1
1851 1
1852 1
1853 1
1854 1
1855 3
1856 1
1857 7
1858 1
1859 7
1860 1
1861 3
1862 1
1864 3
1866 1
1868 3
1869 1
1871 1
1872 5
1873 1
1876 1
1879 1
1880 1
1881 1
1883 2
1884 3
1885 1
1886 2
1888 1
1889 1
1890 1
1891 1
1892 3
1894 3
1895 3
1896 2
1898 5
1899 1
1901 1
1902 1
1903 1
1904 2
1908 1
1909 1
1910 1
1911 2
1912 1
1913 1
1914 1
1916 3
1917 1
1919 2
1920 2
1921 1
1922 2
1923 2
1925 1
1927 2
1928 3
1929 1
1933 59
1936 2
1937 2
1939 2
1940 1
1945 1
1948 1
1949 1
1950 6
1951 1
1952 3
1953 3
1954 1
1955 3
1956 1
1959 2
1961 1
1962 4
1964 1
1966 1
1967 2
1970 5
1971 3
1972 1
1974 1
1975 1
1976 1
1978 4
1979 3
1980 4
1984 3
1985 1
1986 1
1987 3
1989 3
1991 1
1992 1
1994 1
1995 3
1997 34
1998 2
1999 1
2000 2
2001 1
2002 4
2003 1
2005 4
2006 2
2007 1
2009 3
2010 2
2011 1
2013 1
2014 3
2015 2
2018 1
2019 1
2020 4
2021 1
2024 4
2026 3
2028 3
2029 1
2030 2
2031 2
2032 5
2035 2
2037 2
2038 1
2042 2
2043 1
2044 2
2045 2
2048 22
2051 2
2052 2
2053 2
2054 3
2056 3
2057 2
2058 4
2060 9
2061 2
2062 1
2063 1
2064 2
2066 2
2067 2
2068 2
2070 3
2072 2
2075 1
2076 3
2078 2
2079 2
2080 1
2081 2
2082 1
2085 1
2088 4
2089 2
2090 2
2091 2
2092 1
2095 2
2096 5
2097 2
2098 3
2099 2
2100 3
2101 1
2102 1
2103 2
2104 1
2106 2
2107 1
2109 1
2111 1
2112 3
2113 2
2114 1
2115 4
2116 2
2117 3
2119 1
2121 1
2122 3
2123 1
2125 2
2126 1
2128 1
2129 2
2130 2
2131 2
2132 2
2133 2
2134 2
2135 1
2136 1
2137 3
2138 1
2142 2
2143 1
2144 5
2145 2
2148 1
2149 3
2152 1
2153 3
2155 1
2156 1
2157 8
2158 1
2159 3
2160 1
2164 3
2165 1
2168 2
2169 2
2170 3
2174 1
2176 2
2178 5
2180 1
2181 1
2182 2
2184 2
2186 2
2187 1
2188 1
2190 6
2192 2
2193 1
2195 2
2196 2
2198 2
2199 1
2201 6
2202 2
2203 1
2204 1
2207 3
2208 2
2209 1
2212 1
2213 1
2214 4
2215 1
2216 3
2218 2
2220 4
2221 1
2225 2
2227 3
2228 3
2230 4
2231 6
2232 2
2233 3
2234 3
2236 2
2237 2
2239 2
2240 1
2243 1
2245 1
2246 3
2248 2
2249 1
2251 1
2252 2
2254 1
2255 2
2256 2
2262 1
2263 3
2264 2
2265 1
2266 3
2267 1
2269 3
2271 1
2272 2
2274 1
2276 1
2278 1
2280 1
2281 3
2282 5
2283 1
2284 3
2286 2
2288 1
2291 2
2292 1
2296 1
2299 2
2300 1
2302 2
2304 2
2307 1
2308 1
2309 3
2310 3
2312 1
2313 2
2314 1
2315 1
2316 1
2317 1
2320 1
2322 1
2323 2
2324 5
2325 1
2328 3
2329 1
2330 1
2332 2
2333 2
2334 1
2336 2
2339 1
2340 1
2344 1
2345 1
2347 2
2350 1
2351 1
2352 11
2353 4
2354 1
2356 3
2357 1
2358 1
2359 1
2360 2
2362 1
2363 4
2364 2
2365 1
2366 1
2367 2
2368 2
2369 3
2370 2
2371 1
2372 2
2373 1
2374 3
2375 1
2376 4
2377 1
2378 1
2380 3
2383 2
2384 1
2385 1
2387 1
2389 2
2391 2
2393 2
2394 1
2396 1
2399 1
2400 1
2401 1
2403 1
2404 1
2406 2
2407 1
2409 2
2410 1
2411 4
2412 1
2413 1
2418 1
2419 1
2420 1
2422 1
2424 3
2425 1
2426 2
2428 1
2429 2
2431 1
2432 1
2433 1
2434 1
2435 2
2436 3
2437 3
2438 1
2440 1
2441 2
2442 3
2443 1
2444 2
2446 2
2447 2
2448 1
2449 2
2450 1
2451 1
2452 2
2453 3
2454 1
2456 2
2457 1
2459 3
2461 1
2463 2
2464 1
2465 1
2466 1
2469 1
2470 1
2473 2
2475 2
2476 2
2478 1
2479 1
2481 1
2482 1
2484 1
2487 3
2489 1
2490 2
2492 3
2493 1
2494 1
2495 1
2496 2
2497 1
2498 1
2499 2
2507 7
2509 1
2512 1
2513 4
2516 2
2518 3
2519 3
2520 2
2521 1
2523 1
2525 4
2526 2
2527 2
2528 3
2529 1
2531 1
2532 1
2533 2
2535 2
2537 1
2540 1
2541 1
2542 4
2549 1
2551 1
2552 1
2553 1
2554 2
2555 1
2558 1
2559 2
2560 10
2561 2
2564 1
2565 2
2567 1
2569 1
2570 1
2571 2
2572 1
2573 1
2575 5
2576 1
2577 2
2580 2
2581 2
2584 2
2588 1
2590 1
2592 1
2593 1
2594 2
2595 1
2596 1
2597 3
2598 1
2600 2
2601 1
2603 2
2604 1
2605 3
2606 1
2607 1
2609 1
2610 2
2611 1
2612 2
2613 1
2615 2
2616 2
2617 1
2618 1
2619 1
2621 1
2622 2
2623 2
2624 1
2625 2
2628 4
2630 1
2632 2
2633 1
2634 2
2635 3
2637 2
2638 2
2640 1
2641 1
2642 2
2643 1
2644 5
2645 1
2647 1
2649 1
2651 2
2652 2
2653 2
2654 1
2655 1
2657 1
2658 2
2660 1
2662 4
2664 1
2665 1
2668 1
2669 2
2670 2
2672 1
2673 2
2676 1
2678 1
2681 1
2682 2
2687 2
2689 1
2690 1
2692 3
2695 4
2696 2
2697 1
2698 2
2699 1
2701 1
2702 1
2703 1
2704 1
2705 1
2706 1
2708 1
2710 2
2711 1
2712 1
2713 2
2717 3
2718 2
2719 1
2720 4
2724 1
2725 1
2726 1
2729 1
2730 1
2731 3
2734 1
2737 1
2738 2
2739 2
2742 1
2745 1
2746 1
2747 1
2748 1
2750 2
2751 2
2754 2
2756 3
2758 1
2759 1
2761 2
2762 1
2764 1
2765 3
2766 2
2767 4
2768 1
2769 1
2771 2
2772 1
2773 1
2777 1
2778 2
2779 1
2783 1
2785 2
2786 1
2788 1
2789 1
2790 2
2791 3
2792 1
2793 1
2796 1
2801 1
2804 1
2806 1
2807 2
2808 7
2809 1
2810 1
2811 2
2813 2
2815 1
2816 3
2817 1
2818 1
2821 2
2822 1
2825 1
2828 2
2829 1
2830 1
2831 1
2832 2
2833 3
2834 1
2836 1
2839 1
2840 2
2841 1
2842 1
2843 1
2844 1
2845 2
2847 1
2849 1
2852 2
2853 1
2854 1
2856 4
2858 1
2860 2
2863 2
2864 1
2865 1
2868 1
2869 1
2870 1
2871 2
2872 2
2874 2
2876 1
2877 2
2880 2
2882 3
2883 1
2884 2
2885 2
2888 2
2891 3
2894 1
2895 2
2896 1
2897 3
2900 3
2901 2
2904 1
2905 2
2907 3
2908 2
2911 1
2912 2
2914 2
2915 1
2916 2
2917 2
2918 4
2919 3
2920 1
2921 1
2923 2
2927 3
2928 3
2929 1
2930 1
2932 5
2934 1
2937 4
2939 1
2940 2
2942 2
2943 1
2945 2
2948 1
2953 2
2954 1
2955 2
2956 5
2958 2
2961 2
2962 1
2963 1
2965 2
2966 2
2968 1
2969 1
2971 3
2973 2
2976 1
2977 3
2978 1
2979 2
2982 2
2983 1
2984 1
2985 1
2986 1
2987 2
2990 1
2991 1
2992 1
2993 1
2996 1
2997 1
2998 1
2999 1
3000 2
3001 2
3002 1
3003 3
3005 2
3007 1
3008 2
3011 1
3012 3
3013 2
3014 2
3016 4
3020 3
3021 1
3022 1
3023 1
3024 1
3025 1
3028 1
3031 3
3032 1
3033 2
3034 1
3035 2
3036 4
3037 1
3039 3
3040 2
3042 1
3043 1
3045 2
3047 1
3048 1
3049 2
3051 2
3054 2
3056 2
3059 3
3061 1
3064 2
3065 1
3066 1
3067 1
3068 3
3069 2
3071 1
3072 7
3073 3
3075 1
3076 3
3077 1
3079 1
3080 2
3081 1
3082 3
3084 1
3086 3
3088 1
3089 2
3090 1
3091 5
3094 3
3100 2
3101 1
3102 1
3104 3
3105 1
3106 1
3108 2
3109 2
3112 1
3113 2
3115 1
3116 5
3117 1
3119 3
3120 2
3121 1
3122 2
3123 2
3124 1
3128 2
3130 1
3132 2
3134 1
3135 1
3137 2
3140 1
3141 2
3142 2
3143 1
3145 1
3146 1
3148 1
3150 1
3151 2
3152 1
3153 3
3155 3
3156 1
3159 1
3160 1
3161 3
3162 2
3164 1
3166 2
3167 1
3168 3
3170 1
3171 1
3172 1
3174 2
3175 2
3176 2
3177 1
3181 2
3182 1
3184 2
3185 1
3186 1
3189 1
3192 2
3194 1
3195 1
3196 1
3198 1
3200 2
3203 4
3204 2
3206 2
3208 1
3209 1
3210 1
3212 2
3214 1
3215 1
3216 1
3219 2
3220 1
3221 1
3223 2
3224 1
3226 1
3229 1
3230 1
3231 3
3232 1
3240 3
3241 3
3243 1
3244 1
3245 2
3246 1
3247 1
3248 2
3249 2
3252 2
3253 1
3255 1
3260 1
3263 1
3264 1
3265 1
3269 2
3271 2
3274 3
3277 5
3278 1
3280 1
3282 3
3283 1
3285 1
3287 1
3290 2
3292 3
3293 3
3295 1
3296 3
3298 1
3299 1
3300 3
3301 2
3302 2
3303 1
3304 1
3305 3
3307 2
3308 2
3309 1
3311 1
3313 1
3314 1
3317 3
3319 2
3321 3
3322 4
3326 4
3327 2
3328 1
3329 3
3330 1
3331 1
3332 2
3340 1
3347 2
3348 2
3349 4
3350 2
3351 3
3353 1
3354 2
3357 3
3359 1
3360 2
3363 2
3364 1
3366 1
3367 3
3368 1
3370 2
3371 1
3372 1
3373 1
3375 1
3376 1
3378 1
3379 5
3383 3
3385 3
3386 2
3388 2
3392 2
3394 1
3395 1
3396 2
3400 1
3401 2
3404 3
3407 1
3408 1
3411 1
3412 1
3415 3
3416 2
3418 1
3419 2
3421 1
3422 1
3425 1
3426 1
3427 2
3429 1
3431 2
3433 2
3437 1
3438 1
3440 4
3443 1
3444 4
3447 1
3448 2
3450 3
3451 1
3452 3
3456 1
3457 2
3462 1
3464 1
3466 2
3468 2
3469 1
3470 2
3473 1
3475 1
3477 2
3479 2
3480 2
3481 1
3482 1
3484 1
3485 2
3487 2
3488 5
3489 3
3491 2
3492 1
3495 1
3496 4
3497 2
3498 2
3500 2
3503 1
3506 1
3507 2
3508 2
3510 1
3511 1
3512 3
3514 2
3515 1
3519 2
3520 3
3522 2
3523 1
3524 1
3525 1
3526 1
3528 1
3529 2
3530 1
3533 2
3535 2
3537 1
3538 1
3541 1
3542 1
3543 1
3544 2
3545 2
3547 2
3548 2
3549 1
3550 2
3551 2
3552 1
3554 2
3555 1
3556 1
3557 2
3558 1
3559 1
3560 2
3564 3
3568 2
3571 1
3572 1
3574 1
3575 2
3576 1
3579 1
3582 1
3584 6
3589 1
3590 2
3592 3
3593 3
3595 2
3596 1
3598 1
3600 5
3601 1
3603 1
3606 1
3607 1
3610 2
3611 3
3612 2
3615 1
3618 1
3619 1
3621 1
3626 1
3630 3
3632 1
3633 1
3636 1
3637 1
3638 1
3640 1
3641 1
3647 1
3650 1
3651 1
3652 1
3653 3
3656 3
3657 2
3658 1
3659 1
3661 2
3664 1
3665 1
3667 1
3668 3
3670 1
3673 1
3674 3
3675 1
3676 1
3677 1
3679 1
3680 1
3683 3
3684 2
3691 1
3693 2
3694 3
3696 1
3697 1
3698 1
3700 1
3701 2
3702 1
3705 2
3706 1
3707 1
3711 1
3712 2
3716 1
3720 3
3722 1
3723 1
3727 1
3728 1
3730 2
3732 1
3736 1
3737 4
3739 1
3740 2
3741 3
3742 1
3743 1
3744 2
3746 1
3748 1
3752 3
3753 2
3756 6
3757 1
3758 1
3761 2
3762 1
3763 2
3764 2
3765 2
3766 1
3768 1
3769 1
3770 1
3771 1
3772 2
3774 3
3775 1
3777 3
3779 1
3781 1
3782 1
3783 2
3784 1
3785 2
3790 1
3793 1
3796 2
3800 2
3802 2
3804 6
3805 1
3806 1
3808 6
3811 1
3812 11
3813 1
3816 5
3818 1
3819 3
3820 9
3822 3
3824 11
3826 1
3828 7
3831 1
3832 3
3833 2
3834 2
3836 4
3837 2
3839 1
3840 2
3843 1
3846 1
3847 2
3848 1
3850 1
3852 5
3853 4
3854 2
3856 1
3857 2
3860 1
3861 2
3863 2
3864 3
3865 1
3866 1
3869 1
3871 1
3872 3
3873 2
3874 1
3876 2
3882 2
3883 1
3884 1
3886 3
3888 1
3891 2
3892 2
3893 2
3898 1
3901 1
3904 1
3905 2
3907 1
3908 3
3909 1
3910 1
3911 1
3912 1
3913 1
3914 1
3916 1
3917 2
3920 4
3921 1
3923 1
3925 2
3927 1
3928 2
3931 1
3933 1
3936 4
3937 1
3939 2
3941 1
3942 2
3943 1
3944 1
3946 1
3948 1
3949 4
3953 1
3957 2
3958 2
3960 1
3963 1
3964 2
3968 1
3969 1
3977 1
3979 1
3983 3
3984 1
3985 1
3987 1
3988 1
3989 1
3990 2
3991 1
3992 2
3995 1
3996 1
3999 1
4000 2
4002 1
4003 1
4004 1
4005 1
4007 1
4010 1
4013 1
4014 2
4022 1
4023 1
4024 1
4025 2
4027 1
4028 2
4030 1
4031 1
4032 1
4037 1
4040 2
4049 1
4051 1
4052 1
4053 2
4057 1
4058 3
4059 1
4064 1
4066 3
4072 1
4074 1
4079 2
4080 3
4082 2
4083 3
4084 1
4086 1
4087 1
4088 3
4090 1
4092 2
4094 1
4095 1
4096 6
4097 1
4099 6
4104 2
4105 1
4109 2
4110 2
4112 1
4113 2
4115 1
4116 1
4118 2
4120 2
4123 5
4124 6
4127 4
4129 1
4132 1
4134 9
4136 4
4137 5
4139 1
4144 2
4146 1
4147 1
4149 6
4152 5
4157 1
4158 1
4159 6
4160 1
4162 6
4165 1
4167 1
4169 3
4173 1
4176 3
4178 1
4179 2
4180 1
4182 2
4184 1
4186 1
4187 1
4188 4
4193 1
4195 1
4197 2
4198 2
4200 1
4201 1
4202 1
4204 2
4207 3
4209 1
4214 2
4218 1
4219 1
4221 1
4226 1
4227 1
4228 1
4236 1
4239 1
4240 1
4241 1
4243 1
4244 1
4245 1
4247 1
4252 1
4254 1
4257 1
4260 1
4261 1
4268 3
4272 1
4273 1
4274 3
4279 1
4280 2
4282 2
4288 1
4289 1
4290 1
4292 2
4297 2
4298 1
4301 1
4302 1
4303 1
4306 1
4308 2
4312 2
4314 2
4315 1
4317 1
4318 2
4325 1
4326 2
4327 2
4328 4
4329 1
4330 1
4332 2
4334 1
4336 1
4341 2
4342 1
4345 2
4346 1
4348 1
4352 1
4354 1
4358 1
4360 1
4361 1
4364 1
4366 1
4369 3
4372 1
4374 2
4377 1
4378 1
4380 3
4381 1
4384 4
4385 1
4386 1
4388 1
4390 1
4392 1
4394 1
4395 1
4396 3
4402 1
4406 1
4408 2
4409 3
4410 1
4417 2
4419 1
4420 2
4421 1
4422 1
4424 1
4427 3
4431 1
4433 1
4435 1
4436 2
4437 1
4439 1
4440 2
4445 1
4446 1
4447 1
4448 1
4452 2
4453 2
4454 2
4464 1
4466 1
4467 1
4468 1
4470 1
4471 2
4474 1
4476 3
4479 1
4480 1
4481 3
4482 1
4484 1
4487 1
4488 2
4490 1
4493 1
4498 1
4501 2
4503 1
4505 1
4507 1
4508 2
4509 1
4515 2
4520 1
4522 1
4525 2
4528 2
4529 3
4532 2
4534 1
4537 1
4539 1
4543 1
4544 2
4545 2
4547 4
4551 1
4552 1
4553 1
4558 1
4565 3
4567 1
4568 2
4571 1
4576 2
4578 1
4581 1
4587 2
4589 1
4591 1
4593 1
4596 1
4598 1
4599 1
4601 1
4602 1
4606 1
4608 2
4610 3
4616 1
4617 1
4621 2
4622 1
4624 2
4625 1
4626 2
4632 2
4633 1
4635 2
4637 1
4640 2
4644 1
4646 1
4648 2
4653 1
4657 1
4658 1
4660 1
4664 3
4665 1
4669 1
4670 1
4678 1
4679 1
4686 1
4690 2
4691 2
4692 4
4693 1
4695 1
4696 1
4697 1
4701 1
4702 1
4703 2
4705 1
4708 3
4709 1
4710 2
4712 1
4714 3
4716 1
4724 1
4726 1
4730 1
4733 3
4735 1
4737 1
4738 1
4740 1
4741 1
4742 1
4745 1
4747 1
4748 1
4750 1
4751 1
4756 1
4758 1
4762 1
4765 2
4768 1
4772 1
4775 1
4776 1
4778 1
4781 1
4782 1
4783 1
4786 2
4787 2
4789 1
4790 1
4791 1
4793 1
4796 1
4797 1
4802 1
4803 1
4806 2
4809 2
4811 1
4812 1
4814 1
4815 1
4821 1
4824 1
4832 1
4833 1
4835 1
4840 1
4841 3
4842 1
4846 1
4847 1
4848 1
4849 1
4851 1
4852 1
4855 2
4856 1
4858 1
4859 1
4864 2
4869 1
4871 1
4872 1
4878 2
4880 2
4881 2
4886 1
4890 2
4897 1
4899 1
4900 2
4901 2
4904 1
4905 2
4910 1
4912 1
4917 1
4918 2
4919 1
4922 1
4924 1
4929 3
4930 1
4933 1
4937 1
4938 2
4940 1
4945 1
4946 1
4948 1
4949 1
4955 2
4957 4
4960 1
4961 1
4963 2
4965 2
4971 1
4974 1
4976 1
4977 1
4979 1
4981 1
4982 2
4983 1
4985 3
4987 2
4990 2
4992 1
4993 1
4994 2
4995 2
5001 2
5003 2
5006 1
5009 1
5012 1
5013 1
5015 1
5016 2
5020 4
5027 1
5029 1
5030 1
5032 1
5035 1
5036 1
5040 1
5041 2
5042 1
5043 1
5046 1
5047 1
5048 2
5049 1
5053 3
5057 2
5067 1
5069 1
5071 1
5072 7
5078 1
5079 1
5088 1
5089 1
5090 1
5091 1
5093 1
5094 1
5095 1
5096 2
5099 1
5101 1
5104 2
5105 2
5112 1
5116 3
5117 1
5120 2
5121 1
5124 1
5128 1
5129 2
5130 1
5131 1
5137 1
5139 1
5146 1
5147 1
5149 3
5152 1
5153 1
5154 1
5164 1
5167 1
5169 2
5172 1
5173 1
5176 1
5177 1
5180 1
5184 4
5185 1
5188 1
5191 1
5192 2
5196 1
5197 1
5200 1
5208 1
5209 1
5215 1
5216 6
5218 1
5219 1
5220 1
5221 1
5222 1
5223 3
5225 1
5229 1
5232 1
5238 1
5242 1
5243 2
5246 1
5247 2
5248 3
5249 1
5250 1
5253 1
5255 1
5257 1
5259 1
5265 1
5268 1
5270 1
5271 1
5276 1
5278 1
5280 2
5283 1
5287 2
5296 1
5298 2
5299 1
5300 1
5301 2
5310 2
5312 1
5315 1
5326 1
5327 1
5336 1
5340 2
5342 1
5343 1
5353 1
5354 1
5359 3
5365 1
5366 2
5369 1
5370 1
5371 2
5376 1
5380 1
5384 1
5386 2
5387 2
5390 1
5391 2
5392 6
5395 2
5397 1
5398 2
5400 1
5402 2
5406 1
5407 2
5408 1
5409 2
5410 1
5412 1
5414 1
5420 3
5425 2
5426 2
5428 1
5430 1
5432 1
5433 1
5436 1
5439 1
5447 2
5450 1
5453 1
5455 1
5461 1
5464 3
5465 2
5470 3
5472 2
5473 1
5483 1
5484 1
5485 1
5487 1
5503 1
5504 1
5506 1
5507 1
5508 1
5509 1
5511 1
5512 1
5534 1
5539 1
5544 1
5547 1
5554 1
5555 1
5556 1
5557 2
5560 2
5562 1
5563 1
5564 1
5571 1
5572 1
5574 1
5577 1
5581 1
5583 1
5587 1
5595 3
5596 1
5599 1
5607 1
5608 1
5612 1
5618 2
5620 1
5626 1
5628 2
5632 2
5633 2
5634 1
5637 1
5638 1
5641 1
5644 1
5649 1
5652 1
5658 1
5659 1
5663 1
5666 1
5667 1
5668 1
5670 2
5672 1
5675 1
5677 1
5679 1
5685 1
5692 1
5695 1
5696 2
5700 4
5701 1
5711 1
5715 1
5716 1
5720 3
5722 1
5724 1
5727 2
5729 1
5736 1
5743 1
5744 4
5755 1
5756 3
5760 8
5761 1
5762 1
5763 1
5767 2
5770 1
5771 1
5772 3
5780 4
5781 1
5783 1
5786 1
5791 1
5797 1
5799 1
5805 1
5817 1
5821 2
5825 2
5827 1
5836 1
5837 2
5843 1
5844 1
5845 1
5851 1
5853 1
5856 1
5860 1
5864 2
5871 2
5872 3
5875 1
5878 1
5880 1
5881 2
5883 1
5884 1
5886 1
5887 1
5889 1
5891 1
5896 2
5898 1
5899 2
5903 2
5904 1
5905 1
5906 2
5907 3
5913 2
5916 2
5923 1
5924 1
5925 1
5927 1
5935 1
5936 1
5940 1
5942 1
5954 1
5956 1
5958 1
5961 1
5967 1
5970 1
5972 1
5982 1
5989 1
5990 1
5992 1
5994 1
5997 1
6000 2
6001 1
6005 1
6008 1
6009 1
6011 1
6012 1
6015 2
6021 1
6024 2
6026 1
6028 1
6032 1
6040 1
6043 1
6046 1
6052 2
6055 2
6059 1
6077 1
6081 2
6082 1
6085 2
6088 2
6095 1
6096 2
6099 1
6101 1
6104 3
6111 2
6113 1
6115 1
6116 1
6117 1
6120 1
6122 1
6125 1
6127 2
6128 1
6139 1
6144 2
6148 2
6149 2
6165 2
6168 2
6187 2
6191 1
6199 1
6216 2
6217 2
6226 1
6228 1
6231 1
6233 1
6234 1
6236 1
6238 1
6240 1
6244 1
6245 1
6264 1
6266 1
6268 2
6269 2
6271 1
6272 2
6274 1
6276 4
6279 1
6280 2
6281 2
6284 1
6296 2
6298 1
6300 1
6312 1
6313 2
6319 1
6323 2
6324 1
6325 1
6326 1
6328 2
6330 1
6331 3
6332 1
6336 1
6347 1
6353 1
6354 1
6355 2
6356 1
6357 1
6358 1
6360 1
6361 1
6366 1
6367 1
6368 1
6371 1
6375 1
6376 1
6384 1
6388 1
6399 1
6400 2
6407 1
6409 2
6412 1
6413 1
6416 1
6418 2
6424 1
6428 1
6438 1
6440 1
6450 1
6451 1
6454 1
6456 1
6463 1
6464 1
6465 1
6472 1
6479 1
6491 2
6494 1
6499 1
6501 1
6504 2
6514 1
6516 1
6524 1
6525 1
6529 1
6530 1
6537 1
6540 1
6549 1
6555 1
6559 1
6560 1
6564 1
6565 1
6566 1
6567 1
6573 1
6581 1
6586 1
6587 1
6595 1
6600 2
6601 1
6604 1
6605 1
6609 1
6610 1
6614 1
6625 1
6626 1
6630 1
6632 1
6633 2
6634 1
6638 1
6645 1
6646 1
6647 1
6656 2
6657 1
6658 1
6666 1
6668 1
6669 1
6677 1
6678 1
6680 1
6681 1
6683 1
6693 1
6695 1
6701 1
6702 1
6703 1
6708 1
6709 1
6712 1
6717 1
6718 1
6720 1
6726 1
6728 1
6729 2
6732 1
6735 1
6740 1
6744 1
6751 1
6755 1
6759 1
6762 1
6763 7
6768 1
6774 1
6777 1
6780 1
6784 4
6788 4
6792 1
6794 1
6799 1
6800 1
6801 1
6805 1
6808 1
6809 1
6810 1
6824 1
6825 1
6826 1
6836 1
6839 1
6840 2
6841 1
6844 1
6847 1
6850 1
6851 1
6853 1
6854 1
6856 1
6857 1
6858 1
6864 1
6868 1
6869 2
6871 1
6873 2
6877 1
6881 1
6882 1
6884 2
6896 1
6898 1
6900 1
6903 2
6906 1
6908 1
6916 1
6917 1
6918 3
6925 1
6928 1
6931 3
6934 1
6939 1
6940 1
6950 1
6955 1
6959 1
6960 1
6961 2
6968 1
6970 4
6974 1
6986 2
6988 1
6992 1
6995 1
7000 1
7001 2
7008 1
7009 1
7015 2
7016 1
7020 1
7024 1
7028 1
7030 1
7039 2
7044 2
7048 1
7057 2
7059 1
7063 2
7069 1
7071 1
7084 2
7087 1
7095 1
7096 1
7097 1
7107 1
7108 1
7110 1
7124 1
7128 1
7129 1
7131 2
7137 1
7139 1
7145 1
7152 1
7159 2
7160 1
7164 1
7172 1
7175 1
7189 3
7192 1
7197 1
7208 1
7213 1
7223 1
7224 1
7226 4
7227 1
7228 1
7230 1
7232 1
7247 1
7249 1
7252 2
7254 1
7260 1
7268 1
7271 1
7273 2
7276 2
7277 1
7284 2
7285 1
7288 1
7291 1
7292 2
7294 1
7295 1
7296 2
7300 4
7303 3
7304 1
7314 1
7324 1
7332 1
7340 1
7341 1
7342 1
7344 1
7346 1
7348 1
7353 1
7357 1
7367 1
7374 1
7383 1
7388 1
7391 1
7395 1
7396 1
7404 1
7419 1
7420 1
7421 1
7436 2
7437 1
7443 1
7448 1
7451 2
7456 2
7461 1
7464 1
7468 1
7472 3
7474 1
7475 1
7482 1
7485 1
7487 2
7500 1
7507 1
7513 1
7522 1
7526 1
7534 1
7535 1
7556 1
7560 1
7572 1
7579 1
7580 1
7582 2
7590 1
7606 1
7630 1
7636 2
7648 1
7660 1
7665 1
7673 2
7675 1
7682 1
7685 1
7688 1
7691 1
7694 1
7710 2
7717 1
7728 1
7732 1
7735 1
7741 1
7744 1
7745 1
7762 1
7767 1
7775 1
7776 1
7779 1
7784 1
7788 1
7793 1
7794 1
7797 1
7800 1
7801 1
7808 2
7812 3
7816 1
7832 1
7840 1
7848 1
7849 1
7850 2
7859 1
7864 2
7868 1
7870 1
7872 2
7874 1
7876 1
7880 1
7881 1
7888 1
7890 1
7900 1
7902 2
7904 2
7908 5
7911 1
7913 1
7915 1
7916 1
7920 3
7930 1
7932 4
7936 1
7940 2
7944 1
7948 1
7951 1
7952 1
7956 3
7960 1
7961 1
7964 3
7968 1
7970 1
7972 3
7976 4
7980 3
7981 1
7982 1
7984 4
7988 1
7992 1
7996 5
8004 2
8014 1
8019 1
8020 3
8023 1
8024 2
8033 1
8034 1
8037 1
8040 1
8041 2
8043 1
8046 1
8055 1
8056 1
8059 1
8060 1
8070 1
8072 1
8073 1
8074 1
8079 1
8088 1
8092 1
8094 1
8105 1
8112 3
8115 1
8131 1
8136 1
8138 1
8143 1
8156 1
8161 1
8165 1
8170 1
8176 1
8178 1
8182 1
8192 32
8193 1
8196 1
8197 1
8204 1
8208 1
8218 1
8220 1
8228 1
8232 1
8239 1
8244 1
8246 1
8248 3
8252 1
8256 1
8262 2
8263 2
8272 1
8277 2
8279 1
8284 1
8288 2
8292 2
8293 2
8297 1
8302 1
8304 1
8308 2
8312 2
8317 2
8322 1
8324 1
8326 1
8328 1
8334 1
8344 1
8362 1
8372 1
8373 1
8379 1
8380 1
8382 1
8384 2
8391 1
8428 1
8429 1
8431 1
8439 1
8440 1
8445 1
8450 1
8451 1
8463 1
8467 1
8472 1
8483 2
8489 1
8492 1
8497 1
8504 1
8506 1
8514 1
8521 1
8524 1
8528 1
8534 2
8536 1
8538 1
8540 1
8560 1
8563 1
8564 1
8568 1
8571 1
8575 1
8576 2
8580 1
8592 4
8594 1
8600 1
8604 1
8605 2
8608 2
8609 1
8612 2
8613 1
8614 1
8616 1
8620 1
8621 1
8623 1
8625 3
8627 1
8628 1
8632 2
8636 2
8637 1
8640 2
8641 1
8644 2
8648 2
8649 1
8650 1
8652 2
8656 2
8660 1
8661 1
8664 1
8666 1
8668 2
8672 1
8676 2
8680 6
8684 3
8688 2
8689 1
8692 3
8696 2
8700 1
8704 1
8708 1
8712 1
8716 2
8717 1
8719 1
8725 1
8733 1
8734 2
8737 1
8740 1
8741 1
8744 2
8753 1
8757 1
8771 1
8776 1
8779 1
8780 1
8793 1
8796 2
8800 2
8816 1
8824 2
8830 2
8832 1
8833 2
8838 1
8844 1
8848 3
8849 1
8854 1
8864 1
8865 1
8878 1
8880 2
8912 1
8919 1
8924 1
8928 1
8942 2
8952 1
8956 1
8961 1
8963 1
8964 1
8965 2
8967 1
8975 1
8978 1
8980 1
8984 1
8987 1
8988 1
8996 3
8998 1
9000 1
9003 1
9028 2
9032 2
9034 1
9036 1
9038 1
9046 1
9048 1
9049 1
9051 1
9053 2
9056 2
9068 3
9070 1
9072 1
9076 1
9092 1
9104 1
9106 1
9109 2
9111 1
9112 2
9116 2
9121 1
9122 1
9124 2
9128 1
9140 2
9144 2
9145 1
9151 1
9152 1
9159 1
9169 1
9172 3
9175 1
9178 1
9180 1
9182 1
9183 1
9184 2
9188 1
9192 2
9196 2
9197 1
9199 1
9200 2
9206 1
9208 1
9224 1
9232 2
9236 1
9240 1
9241 1
9242 1
9245 1
9258 1
9264 1
9266 1
9268 1
9269 1
9276 2
9277 1
9280 1
9284 2
9293 1
9294 1
9296 1
9312 2
9316 1
9320 3
9328 3
9332 2
9335 1
9336 1
9340 2
9341 1
9344 2
9348 2
9349 1
9352 1
9356 2
9360 2
9364 2
9368 3
9374 1
9375 1
9376 1
9383 1
9386 1
9388 3
9392 2
9396 1
9398 1
9400 1
9403 1
9412 2
9415 1
9416 1
9420 1
9424 2
9428 2
9429 1
9430 1
9431 1
9432 1
9445 1
9451 2
9452 1
9453 1
9456 1
9464 1
9467 1
9468 1
9470 1
9476 1
9477 1
9484 3
9488 1
9495 1
9500 1
9503 1
9507 1
9508 1
9512 1
9520 1
9522 1
9524 2
9530 1
9541 1
9543 2
9544 1
9548 1
9550 1
9552 1
9555 1
9560 2
9568 2
9569 1
9578 1
9594 1
9607 1
9609 1
9619 1
9624 1
9625 1
9626 1
9633 1
9646 1
9652 1
9654 2
9655 1
9658 1
9666 1
9671 1
9672 1
9674 1
9677 1
9680 1
9681 1
9688 3
9690 1
9692 1
9698 2
9720 1
9728 3
9735 1
9736 1
9742 1
9748 1
9750 1
9759 1
9762 1
9776 1
9792 1
9805 1
9806 1
9808 1
9812 1
9814 1
9817 1
9820 3
9821 1
9825 1
9832 1
9834 1
9840 1
9841 1
9844 2
9848 1
9857 1
9864 1
9870 2
9872 2
9877 1
9883 1
9884 1
9887 1
9888 1
9889 1
9890 1
9900 1
9903 1
9907 1
9908 1
9920 1
9922 1
9928 1
9932 3
9934 1
9935 3
9936 1
9938 1
9941 1
9944 2
9950 1
9952 1
9960 1
9962 1
9964 4
9966 2
9968 3
9972 1
9975 1
9984 3
9986 1
9988 1
9989 1
9992 2
9993 1
9996 1
9999 1
10000 1
10004 4
10007 1
10008 2
10012 1
10020 1
10024 2
10026 1
10028 2
10029 1
10033 1
10036 2
10040 1
10044 1
10050 1
10053 1
10060 1
10072 1
10075 1
10080 1
10084 2
10092 3
10100 2
10108 1
10112 2
10115 1
10120 1
10124 1
10128 2
10131 2
10132 1
10136 1
10140 3
10146 1
10152 2
10155 1
10156 1
10163 1
10172 2
10176 1
10178 1
10180 1
10182 1
10186 1
10194 1
10197 1
10204 1
10211 1
10216 1
10217 1
10218 1
10220 1
10228 1
10232 2
10238 1
10240 1
10242 1
10256 2
10258 2
10260 1
10262 1
10264 1
10270 1
10277 1
10278 1
10284 1
10285 1
10304 2
10312 3
10315 1
10316 1
10318 1
10324 1
10333 1
10334 1
10338 1
10341 1
10348 2
10351 1
10356 2
10360 3
10361 4
10364 2
10368 2
10372 2
10373 1
10376 1
10384 1
10387 1
10392 2
10400 1
10404 1
10405 1
10412 1
10416 3
10418 1
10420 1
10424 3
10431 1
10432 3
10436 2
10439 3
10444 1
10448 2
10452 1
10458 2
10460 1
10462 1
10464 1
10467 1
10468 1
10469 1
10472 3
10476 2
10477 1
10480 2
10488 1
10501 1
10505 2
10508 3
10512 1
10513 1
10529 1
10536 1
10539 1
10554 1
10560 1
10573 1
10576 1
10588 1
10612 2
10613 1
10614 1
10616 2
10620 1
10632 1
10644 1
10652 2
10660 3
10664 1
10671 1
10680 1
10684 1
10688 2
10692 1
10703 1
10704 2
10707 1
10712 1
10714 1
10715 1
10716 1
10720 1
10724 1
10728 2
10736 2
10744 1
10746 1
10752 2
10756 1
10760 2
10765 1
10766 2
10768 2
10771 1
10772 2
10774 1
10780 1
10784 2
10792 1
10796 1
10804 1
10808 1
10812 1
10824 1
10828 2
10835 1
10844 1
10845 1
10859 1
10870 1
10872 1
10876 1
10888 1
10890 1
10891 1
10900 1
10908 1
10920 1
10925 1
10928 1
10956 1
10964 1
10968 2
10969 1
10972 1
10975 1
10980 1
10984 1
10985 1
10990 1
10997 1
11001 2
11008 1
11012 1
11020 1
11022 1
11024 1
11032 1
11052 1
11058 1
11064 1
11068 2
11080 3
11084 1
11092 1
11108 1
11109 4
11112 1
11120 1
11128 1
11136 1
11140 1
11149 1
11153 1
11160 1
11162 1
11172 1
11180 1
11181 1
11192 2
11196 3
11201 1
11208 1
11209 1
11216 3
11220 2
11224 1
11234 1
11236 1
11248 2
11256 1
11261 2
11264 4
11268 1
11270 1
11276 1
11288 1
11319 1
11340 2
11347 1
11356 1
11399 1
11428 3
11429 1
11432 1
11448 2
11455 1
11456 1
11464 1
11468 1
11476 1
11484 1
11504 1
11505 1
11520 1
11534 2
11536 1
11546 1
11551 1
11552 1
11560 1
11584 1
11627 2
11642 2
11644 1
11648 1
11650 1
11653 1
11660 2
11664 2
11673 1
11674 1
11679 1
11709 4
11710 2
11740 1
11742 1
11747 1
11760 2
11768 1
11776 1
11794 1
11801 1
11806 1
11816 1
11819 1
11822 1
11826 1
11832 1
11847 1
11867 2
11873 2
11904 1
11916 1
11924 1
11927 2
11940 1
11956 1
11976 2
11991 1
12013 2
12016 1
12048 1
12052 2
12055 1
12058 1
12060 3
12067 1
12072 2
12076 2
12084 1
12088 1
12096 1
12100 1
12101 2
12106 2
12108 2
12116 1
12120 1
12125 2
12137 1
12152 1
12172 1
12176 1
12180 2
12182 1
12195 1
12200 2
12205 1
12212 1
12216 1
12224 1
12228 1
12254 1
12300 1
12315 1
12324 1
12325 1
12331 1
12353 1
12357 1
12360 1
12364 1
12373 1
12387 1
12398 1
12406 1
12408 1
12414 1
12430 1
12433 1
12448 3
12458 1
12462 1
12466 1
12469 1
12489 1
12494 1
12520 1
12528 2
12561 1
12576 1
12584 1
12593 1
12596 1
12600 1
12616 1
12620 1
12622 1
12628 1
12633 1
12641 1
12647 1
12648 1
12652 2
12664 1
12679 1
12683 1
12696 1
12699 1
12715 1
12722 2
12731 1
12736 1
12773 1
12783 2
12786 1
12793 1
12795 1
12796 1
12800 1
12803 1
12804 2
12812 1
12825 1
12840 2
12849 1
12856 1
12874 2
12877 1
12920 3
12932 1
12944 1
12973 1
12980 1
12988 1
12996 1
13007 1
13011 1
13012 1
13013 1
13040 1
13048 2
13056 1
13065 1
13069 1
13081 1
13085 1
13139 1
13142 1
13144 1
13154 1
13166 1
13169 1
13192 1
13194 1
13200 1
13229 1
13244 1
13262 1
13263 1
13273 1
13275 1
13296 1
13306 1
13307 1
13312 1
13318 1
13328 1
13352 1
13354 1
13368 1
13369 1
13372 2
13387 2
13391 1
13404 1
13405 1
13408 1
13468 1
13520 1
13544 1
13554 1
13555 1
13569 1
13574 1
13581 1
13584 1
13600 1
13605 1
13628 1
13664 1
13668 1
13672 1
13686 1
13704 1
13712 1
13718 1
13732 1
13734 1
13745 1
13755 1
13770 1
13812 1
13813 1
13824 2
13828 1
13832 1
13844 1
13855 1
13873 1
13890 1
13900 1
13910 1
13930 1
13952 1
13964 1
13973 1
13998 2
14012 2
14048 1
14060 1
14063 1
14113 1
14118 1
14121 1
14128 1
14148 1
14157 1
14158 2
14160 1
14172 1
14173 1
14204 2
14207 1
14218 1
14240 2
14268 1
14294 1
14299 1
14304 1
14313 2
14314 1
14317 1
14340 1
14341 1
14345 1
14349 1
14384 1
14389 1
14402 1
14404 1
14480 1
14540 1
14553 3
14556 1
14560 1
14561 1
14564 1
14568 1
14599 1
14612 3
14616 1
14660 1
14679 1
14688 1
14704 1
14716 2
14734 3
14751 1
14753 2
14754 1
14755 1
14787 1
14794 1
14798 1
14818 1
14819 1
14828 1
14852 1
14854 1
14863 1
14868 1
14873 1
14896 1
14912 1
14936 1
14952 1
14953 1
14961 1
14972 2
14988 1
14996 1
15012 1
15051 1
15071 1
15076 1
15077 1
15108 1
15111 1
15130 1
15155 1
15164 1
15169 1
15179 1
15200 1
15230 1
15232 1
15234 1
15241 1
15262 1
15267 1
15272 1
15288 1
15307 1
15308 2
15311 1
15316 1
15332 1
15336 1
15338 1
15349 1
15361 1
15366 1
15386 1
15400 1
15403 1
15413 1
15426 1
15442 1
15444 1
15449 1
15480 2
15485 1
15489 2
15491 2
15492 1
15495 1
15508 2
15531 1
15541 1
15551 1
15571 1
15577 1
15581 1
15614 1
15635 1
15636 1
15643 1
15652 2
15687 1
15696 1
15723 1
15724 1
15728 1
15733 2
15742 1
15748 1
15751 3
15780 1
15800 1
15811 1
15854 1
15856 1
15881 1
15890 1
15900 1
15906 1
15990 1
16026 1
16047 1
16068 1
16112 2
16160 1
16221 1
16224 1
16246 2
16249 1
16290 1
16303 1
16304 1
16309 1
16324 2
16342 1
16344 1
16353 1
16383 1
16384 209
16397 1
16401 1
16423 2
16426 1
16427 2
16428 1
16432 1
16445 1
16446 1
16455 1
16456 1
16458 1
16459 1
16467 1
16470 1
16482 1
16488 1
16515 1
16516 2
16517 1
16534 1
16561 1
16567 1
16568 1
16582 1
16590 2
16648 1
16659 1
16691 1
16716 2
16724 1
16736 1
16739 2
16760 1
16769 1
16798 1
16802 2
16822 1
16835 1
16837 2
16840 1
16872 1
16873 1
16882 2
16885 1
16896 1
16907 1
16912 1
16976 1
16984 1
16992 1
16998 1
17000 1
17046 1
17061 1
17084 1
17087 1
17112 1
17122 1
17130 1
17156 1
17182 1
17196 1
17231 1
17286 1
17291 1
17302 1
17304 1
17318 1
17340 1
17344 1
17351 1
17377 2
17420 1
17431 1
17432 1
17438 1
17518 1
17537 1
17546 1
17565 1
17580 1
17592 1
17624 1
17635 1
17638 1
17641 1
17643 1
17645 1
17698 1
17720 1
17777 1
17779 1
17782 1
17820 1
17832 1
17840 1
17878 1
17920 1
17943 1
17984 2
17990 1
18011 1
18029 1
18034 1
18044 2
18052 1
18069 1
18071 1
18096 2
18106 1
18127 1
18142 1
18212 1
18238 1
18240 1
18249 1
18306 2
18328 1
18336 1
18340 1
18427 1
18454 1
18458 1
18481 1
18499 2
18500 1
18576 1
18587 1
18613 1
18632 1
18660 2
18682 1
18687 1
18689 1
18695 1
18717 2
18728 1
18752 2
18840 1
18848 1
18868 1
18877 1
18888 1
18892 1
18900 1
19056 1
19109 1
19111 1
19117 1
19119 1
19147 1
19156 1
19168 1
19197 1
19199 1
19201 1
19219 1
19228 2
19246 1
19297 1
19306 1
19329 1
19336 1
19357 1
19359 1
19364 1
19379 1
19402 1
19495 1
19496 1
19511 1
19568 1
19574 1
19588 1
19600 1
19610 1
19627 1
19660 1
19695 2
19713 1
19738 1
19752 1
19755 1
19826 1
19880 1
19952 1
19958 1
19960 1
19978 1
20006 1
20034 1
20037 1
20092 1
20164 1
20178 1
20216 1
20219 1
20226 1
20242 1
20252 1
20271 1
20313 1
20334 1
20364 1
20371 1
20372 1
20448 1
20464 1
20540 1
20560 1
20564 1
20598 1
20625 1
20710 1
20711 1
20712 1
20714 1
20760 2
20768 1
20773 2
20784 1
20830 1
20834 1
20848 1
20904 1
20930 1
20984 1
21012 1
21075 1
21103 1
21104 1
21160 1
21200 1
21205 1
21277 1
21288 2
21296 1
21308 1
21336 1
21352 1
21374 2
21402 1
21436 1
21548 1
21656 1
21662 1
21689 1
21737 1
21738 1
21745 1
21794 1
21876 1
21896 1
21920 2
21952 1
22039 1
22049 1
22068 1
22121 1
22148 1
22243 1
22313 1
22318 1
22372 1
22383 1
22467 1
22481 1
22496 1
22517 1
22528 1
22535 1
22539 1
22544 1
22546 1
22552 1
22564 1
22588 1
22640 1
22766 1
22782 1
22784 1
22796 1
22938 1
22976 1
22980 1
23187 1
23196 1
23216 1
23234 1
23248 1
23332 1
23493 1
23498 1
23524 1
23586 1
23589 1
23601 1
23604 1
23632 1
23645 1
23646 1
23651 1
23652 1
23663 1
23680 1
23684 1
23685 1
23723 1
23731 1
23732 1
23773 1
23803 1
23809 1
23811 1
23826 1
23829 1
23920 2
23984 1
23985 1
24083 1
24119 1
24156 1
24188 1
24212 1
24234 1
24262 1
24302 1
24309 1
24324 1
24330 1
24435 1
24440 1
24468 1
24476 1
24552 1
24568 1
24576 131
24592 1
24628 1
24672 1
24675 1
24687 1
24701 1
24715 1
24748 1
24761 1
24768 1
24792 1
24799 1
24832 1
24853 1
24855 1
24888 1
24949 1
24957 1
24962 1
24978 1
25054 1
25063 1
25087 1
25088 2
25136 1
25171 1
25201 1
25229 1
25256 1
25264 1
25316 1
25374 2
25428 1
25446 1
25448 1
25453 1
25519 1
25560 1
25594 2
25618 2
25696 1
25761 1
25855 1
25871 1
25875 1
25943 1
25965 2
25974 1
25979 1
25985 1
25986 1
26046 1
26062 1
26110 1
26115 1
26190 1
26203 1
26262 1
26268 1
26270 1
26290 2
26311 1
26350 1
26386 1
26403 1
26473 1
26550 1
26625 1
26626 1
26644 1
26701 1
26716 1
26760 1
26812 1
26872 1
26878 1
26931 1
26958 1
26959 1
26965 1
27028 1
27034 1
27073 1
27130 1
27149 1
27242 1
27248 1
27316 1
27348 1
27466 1
27573 1
27640 1
27652 1
27962 1
27992 1
28050 1
28057 1
28058 1
28156 1
28202 1
28215 1
28237 1
28268 1
28456 1
28540 1
28573 1
28689 1
28803 1
28832 1
28884 1
28911 1
28938 1
28945 1
29006 1
29028 1
29031 1
29116 1
29120 1
29177 1
29200 1
29216 1
29279 1
29316 1
29460 1
29474 1
29570 1
29680 1
29741 2
29748 1
29829 1
29865 1
29877 1
29952 1
30183 1
30208 1
30236 1
30270 1
30309 1
30318 1
30409 1
30415 1
30629 1
30679 1
30696 1
30720 1
30752 1
30783 1
30784 1
30901 1
30912 1
30992 1
31082 1
31114 1
31183 1
31193 1
31205 1
31209 1
31238 1
31251 1
31515 1
31554 1
31571 1
31576 1
31634 1
31708 1
31726 1
31800 1
31801 1
31812 1
31878 1
31996 1
32047 1
32066 1
32107 1
32146 1
32177 1
32307 1
32414 1
32419 1
32428 1
32475 1
32484 1
32604 1
32617 1
32768 71
32802 1
32819 1
32846 1
32860 1
32907 1
32914 1
32917 1
32933 1
32987 1
33036 1
33150 1
33162 1
33331 1
33359 1
33422 1
33427 1
33490 1
33637 1
33694 1
33736 2
33756 1
33794 1
33893 1
33958 1
33965 1
33986 1
34082 1
34117 1
34147 1
34172 1
34268 1
34270 1
34375 1
34395 1
34414 1
34479 1
34496 1
34592 1
34641 1
34751 1
34756 1
34971 1
35005 1
35030 1
35049 1
35158 1
35219 1
35249 1
35386 1
35506 1
35687 1
35728 1
35808 1
36050 1
36132 1
36136 1
36210 1
36219 1
36232 1
36308 1
36608 1
36628 1
36629 1
36681 1
36718 1
36772 1
36785 1
36813 1
36975 1
37080 1
37265 1
37348 1
37369 1
37372 1
37396 1
37459 1
37461 1
37464 1
37476 1
37532 1
37579 1
37639 1
37784 1
37950 1
37970 1
38072 1
38124 1
38231 1
38265 1
38310 1
38393 1
38519 1
38542 1
38587 1
38632 1
38723 1
38777 1
38781 1
38805 1
38976 1
39078 1
39083 1
39100 1
39159 1
39286 1
39364 1
39383 1
39620 1
39820 1
39846 1
39873 1
40016 1
40050 1
40054 1
40080 1
40168 1
40316 1
40359 1
40561 1
40564 1
40786 1
40815 1
40902 1
40960 54
41164 1
41278 1
41368 1
41422 1
41566 1
41583 1
41827 1
42048 1
42068 1
42189 1
42247 1
42376 1
42380 1
42503 1
42512 1
42600 1
42622 1
42648 1
42649 1
42812 1
43200 1
43204 1
43282 1
43388 1
43420 2
43592 1
44182 1
44355 1
44500 1
44659 1
44690 1
44816 1
44946 1
44967 1
45084 1
45122 1
45123 1
45133 1
45140 1
45342 1
45390 1
45474 1
45562 1
45576 1
45645 1
45648 1
45931 1
46042 1
46066 1
46158 1
46190 1
46686 1
47106 1
47113 1
47220 1
47263 1
47296 1
47344 1
47398 1
47472 1
47567 1
47733 1
47786 1
48039 1
48072 2
48150 2
49152 35
49179 1
49208 1
49780 1
49938 1
50027 1
50162 1
50574 1
50579 1
50832 1
50927 1
51176 1
51601 1
51740 1
51808 1
51960 1
52314 1
52342 1
52416 1
52493 1
52552 1
52674 1
52755 1
53428 1
53609 1
53703 1
53716 1
53731 1
53865 1
54045 1
54072 1
54326 1
54459 1
54584 1
55044 1
55160 1
55202 1
55674 1
55853 1
56244 1
56284 1
56308 1
56536 1
57025 1
57140 1
57163 1
57306 1
57344 28
57540 1
57772 1
57848 1
58278 1
58354 1
58397 1
58970 1
58979 1
59200 1
59321 1
59478 1
60195 1
60224 1
60527 1
60631 1
62076 1
62677 1
63285 1
63451 1
63761 1
64292 1
64612 1
64656 1
65036 1
65326 1
65431 1
65536 29
65564 1
66366 1
67215 1
67368 1
67391 1
67469 1
67573 1
67621 1
67623 1
67671 1
67942 1
68624 1
68794 1
69070 1
69088 1
69167 1
69210 1
69593 1
69814 1
70174 1
70317 1
70392 1
70482 1
70616 1
70679 1
70733 1
70789 1
70824 1
70916 1
71064 1
71242 1
71268 1
71358 1
71835 1
71897 1
71959 1
72008 1
72117 1
72131 1
72140 1
72153 1
72262 1
72276 1
72285 1
72294 1
72310 1
72326 1
72390 1
72461 1
72485 1
72533 1
72537 1
72540 1
72617 1
72629 1
72634 1
72638 1
72655 1
72669 1
72699 2
72726 1
72729 1
72730 1
72786 1
72795 1
72843 1
72974 1
73047 1
73128 1
73144 1
73152 1
73211 1
73279 1
73336 1
73384 1
73394 1
73424 1
73490 1
73529 1
73537 1
73544 1
73555 1
73633 1
73638 1
73650 1
73685 1
73728 17
73804 1
73847 1
73860 1
73980 1
73991 1
74045 1
74182 1
74186 1
74216 1
74268 1
74282 1
74399 1
74487 1
74573 1
74599 1
74637 1
74672 1
74673 1
74674 1
74729 1
74845 1
74864 1
74876 1
74884 1
74895 1
74903 1
74908 1
74959 1
74966 1
74983 1
74995 1
75006 1
75131 1
75151 1
75152 1
75163 1
75166 1
75207 1
75222 1
75239 1
75266 1
75268 1
75353 1
75368 1
75369 1
75384 1
75407 1
75430 1
75493 1
75662 1
75732 1
75766 1
75855 1
75924 1
75984 1
76150 1
76158 1
76161 1
76179 1
76217 1
76270 1
76285 1
76345 1
76353 1
76365 1
76375 1
76377 1
76458 1
76498 1
76501 1
76512 1
76516 1
76609 1
76635 1
76673 1
76704 1
76716 1
76738 1
76768 1
76785 1
76816 1
76878 1
76887 1
76928 1
76930 1
76933 1
77011 1
77032 1
77042 1
77072 1
77077 1
77210 1
77230 1
77246 1
77274 1
77359 1
77402 1
77436 1
77447 1
77464 1
77482 1
77512 1
77516 1
77566 1
77752 1
77837 1
77892 1
78115 1
78147 1
78213 1
78263 1
78316 1
78332 1
78428 1
78451 1
78493 1
78495 1
78515 1
78519 1
78576 1
78636 1
78657 1
78846 1
78856 1
78863 1
79091 1
79120 1
79198 1
79233 1
79332 1
79506 1
79531 1
79538 1
79575 1
79635 1
79714 1
80085 1
80155 1
80235 1
80307 1
80329 1
80353 1
80472 1
80509 1
80904 1
80974 1
81441 1
81876 1
81920 24
82096 1
82270 1
82312 1
83016 1
83997 1
84550 1
85636 1
86895 1
87107 1
88424 1
88542 1
89351 1
89519 1
89803 1
90112 8
91041 1
91485 1
91678 1
91932 1
92420 1
92580 1
92619 1
92841 1
93191 1
93522 1
93947 1
94205 1
95896 1
96193 1
96609 1
96712 1
97132 1
98070 1
98259 1
98304 7
98313 1
98492 1
98579 1
98802 1
99271 2
99932 1
100034 1
100355 1
100715 1
100795 1
101043 1
101132 1
102397 1
103512 1
103530 1
104130 1
104958 1
105057 1
106128 1
106258 1
106496 7
106558 1
106854 1
107465 1
107892 1
108658 1
109067 1
109170 1
109343 1
109714 1
111106 1
111698 1
113050 1
113132 1
113186 1
113198 1
113881 1
114332 1
114674 1
114688 6
114723 1
114949 1
115472 1
115482 1
115500 1
115690 1
115920 1
116211 1
116624 1
117661 1
122721 1
122880 8
122915 1
123132 1
123877 1
124298 1
124450 1
124523 1
124646 1
127066 1
129917 1
130172 1
131072 3
131829 1
132086 1
132169 1
132629 1
133337 1
133949 1
134325 1
135770 1
138353 1
139040 1
139052 1
139264 4
140904 1
144446 1
144869 1
147456 12
147500 1
147832 1
152395 1
155648 3
156152 1
156161 1
156544 1
156741 1
161128 1
163840 5
164648 1
169041 1
172032 3
172900 1
173552 1
179382 1
180224 2
180284 1
184346 1
188416 1
188808 1
190312 1
190875 1
193374 1
193904 1
196608 1
197007 1
204800 3
205121 1
206672 1
208267 1
208390 1
212992 1
218615 1
221184 2
221215 1
229436 1
234564 1
237568 2
238805 1
239867 1
241666 1
242342 1
245791 1
246560 2
248202 1
249079 1
249790 1
252934 1
253113 1
255221 1
262144 3
262180 1
266458 1
266904 1
270336 3
270970 1
285996 1
286300 1
286720 1
290533 1
291328 1
292035 1
303104 1
303834 1
312350 1
322620 1
323584 1
329708 1
335872 1
344064 3
344586 1
345406 1
346134 1
348056 1
350535 1
359232 1
368640 1
370099 1
374516 1
376832 1
385024 1
407468 1
413516 1
417792 1
425984 1
442368 1
442870 1
444744 1
445884 1
465586 1
480518 1
483328 1
491520 1
491994 1
499712 1
516096 1
524288 1
525342 1
529180 1
530312 1
530728 1
532480 2
533978 1
547634 1
594165 1
611397 1
637462 1
646371 1
659832 1
659962 1
663552 1
665060 1
690558 1
691756 1
695986 1
699414 1
713210 1
723322 1
754610 1
764424 1
769882 1
847596 1
860160 1
868352 1
1062618 1
1081344 1
1244406 1
1280456 1
1309439 1
1379756 1
1556480 1
1584425 1
1646592 1
1767570 1
1816330 1
1872828 1
1904538 1
1941632 1
2182038 1
2523136 1
2859008 1
