0 15
1 1
2 3
3 3
4 1
5 5
6 3
7 1
8 4
10 2
11 2
12 3
13 6
14 5
15 7
16 5
17 7
18 15
19 20
20 34
21 77
22 32
23 35
24 39
25 32
26 78
27 34
28 25
29 17
30 37
31 28
32 29
33 7
34 21
35 12
36 1
37 11
38 6
39 2
40 2
42 3
44 3
46 1
47 3
48 2
50 8
51 10
52 14
53 10
54 6
55 1
56 2
57 4
58 4
59 4
60 3
61 3
62 6
63 10
64 9
65 7
66 4
67 5
68 1
69 6
70 2
71 8
73 4
75 1
77 2
78 2
79 1
80 2
81 2
82 1
83 2
85 1
87 2
88 1
89 4
90 5
91 3
92 2
93 3
94 3
95 1
96 4
97 3
98 2
99 5
101 4
102 4
103 1
104 5
105 2
106 7
107 5
108 3
109 2
110 3
111 2
112 2
113 2
114 2
115 3
116 1
117 3
118 2
119 2
120 4
121 4
122 1
123 1
125 2
126 5
127 5
128 4
129 3
131 1
132 4
133 4
134 1
135 3
136 2
137 2
139 2
140 2
141 1
143 1
144 1
146 2
147 1
149 1
150 1
151 3
154 3
155 3
156 3
157 4
158 2
159 3
160 3
161 4
162 1
163 1
164 5
165 2
168 2
169 3
170 1
172 1
175 2
176 3
177 2
178 1
179 2
180 1
181 3
182 3
183 3
184 2
187 2
188 1
190 1
191 3
192 3
193 3
196 2
198 4
199 5
200 3
202 3
203 2
205 1
206 5
207 2
208 4
209 1
210 2
211 2
212 3
213 7
214 4
215 1
216 3
217 4
218 3
219 2
220 2
221 2
222 4
224 7
225 5
226 5
227 1
228 2
229 3
230 2
232 7
234 1
235 3
236 2
237 3
239 3
240 3
242 2
244 1
246 2
247 3
248 5
249 3
250 2
251 3
252 4
254 1
256 59
258 2
262 3
263 1
264 2
265 1
266 2
267 1
268 4
269 2
270 1
271 1
272 4
273 9
274 3
275 7
276 3
278 6
279 4
280 3
281 8
282 4
283 3
284 4
285 4
287 3
288 1
289 3
290 1
291 2
292 1
293 5
294 2
295 1
296 5
297 4
298 4
299 1
302 2
303 4
304 5
305 3
306 3
307 2
308 4
309 2
311 2
312 2
314 1
315 1
316 4
317 2
318 2
319 3
320 1
321 3
322 5
323 2
324 2
326 3
327 3
328 2
330 4
331 3
332 1
334 2
335 4
336 3
337 6
338 1
339 1
340 3
343 4
344 4
345 1
346 1
347 2
348 3
349 2
350 4
351 1
352 3
353 1
354 2
355 3
356 1
357 2
358 2
359 3
360 1
362 2
363 1
364 1
365 2
367 2
368 3
369 1
370 2
371 3
372 3
373 3
374 1
375 2
376 2
377 6
379 1
380 2
381 3
382 5
384 2
386 1
387 1
388 2
390 4
392 3
393 1
394 6
395 1
396 1
397 1
398 2
399 1
400 2
401 3
402 1
404 2
405 1
406 2
407 3
409 2
410 2
411 1
412 3
413 2
414 1
415 2
416 3
417 2
418 3
419 1
420 5
421 2
422 1
424 6
426 1
427 4
428 3
429 3
430 3
431 1
432 2
435 1
436 2
437 1
438 3
439 2
440 2
441 3
442 2
443 2
444 3
445 1
446 3
447 2
448 2
449 2
450 5
451 1
452 3
456 3
457 2
458 3
459 2
460 2
461 2
463 1
464 1
467 3
468 1
469 2
470 1
471 5
472 8
475 5
476 3
477 2
478 3
479 2
481 4
482 5
483 4
484 3
485 2
486 1
487 2
488 2
489 5
490 1
492 3
493 2
494 5
495 1
496 2
497 2
500 1
501 1
502 1
503 1
504 7
505 2
506 3
507 2
508 4
509 2
510 1
511 2
512 440
513 1
514 2
515 4
516 7
517 1
518 8
519 2
520 9
521 3
522 3
523 1
525 2
526 4
527 2
528 4
532 6
533 2
534 2
535 3
536 3
537 1
538 2
539 3
540 1
541 5
542 8
543 2
544 2
545 3
546 2
547 2
548 1
549 1
550 3
551 4
553 1
554 4
555 2
556 1
557 3
558 1
559 3
561 2
562 7
563 1
564 2
565 5
566 1
567 1
568 1
569 6
570 2
571 2
573 2
575 5
577 2
578 1
579 4
580 5
581 1
582 5
583 1
584 2
585 2
586 1
587 2
588 2
589 1
590 4
592 2
593 2
594 4
596 3
597 2
598 3
599 4
600 5
601 3
602 2
603 3
604 2
606 5
608 1
609 2
610 4
611 1
612 5
614 2
615 3
616 2
617 2
618 5
619 2
620 2
621 3
622 2
624 4
625 2
626 3
627 3
628 3
629 2
630 1
631 2
632 6
634 2
635 4
636 2
637 3
638 2
639 5
640 2
641 4
642 4
643 7
644 2
645 2
646 3
647 3
648 5
649 5
650 3
651 3
652 1
653 1
654 1
655 1
656 3
657 5
659 1
661 2
662 5
663 1
664 2
665 1
666 1
667 1
668 1
669 1
671 2
672 3
673 2
674 1
675 1
676 4
677 1
678 4
679 5
680 2
682 1
683 2
684 1
685 1
686 4
687 2
688 1
689 2
690 2
691 2
692 4
693 3
694 4
695 4
696 8
697 1
698 1
700 5
701 5
702 1
703 3
704 5
706 2
707 2
708 2
709 2
710 1
712 1
713 3
714 4
715 1
716 2
717 3
720 3
722 2
723 1
724 4
726 1
727 1
728 4
729 2
730 1
731 2
732 4
733 1
734 1
735 2
736 1
737 1
738 1
739 3
740 2
742 3
743 1
745 3
746 5
747 2
748 5
749 2
750 1
751 1
752 8
753 3
754 2
755 1
756 3
757 1
758 2
759 2
760 2
761 1
762 2
763 1
764 4
766 1
767 1
768 8
770 3
771 1
772 3
773 4
774 1
775 3
776 3
777 1
778 1
779 2
780 3
781 3
783 2
784 7
786 2
787 4
788 2
789 3
791 2
792 1
794 2
795 4
796 3
798 1
799 1
800 4
801 4
802 4
803 2
804 1
805 1
806 2
807 1
808 7
809 2
810 4
811 1
812 4
813 1
814 2
815 3
816 4
817 4
818 1
819 3
820 10
821 3
822 1
824 7
825 4
826 3
827 2
829 2
830 2
832 5
833 2
834 1
835 1
836 3
838 4
839 2
840 2
841 4
842 2
843 1
844 4
845 5
846 1
847 2
848 2
850 2
851 1
852 2
853 2
854 1
856 3
858 1
859 3
860 2
861 2
862 1
863 2
864 8
865 4
866 1
867 3
868 6
870 3
871 1
872 2
873 2
874 3
875 1
876 8
877 2
879 1
880 1
881 3
882 1
883 3
884 7
887 1
888 1
889 1
890 2
893 1
894 3
895 2
896 7
897 2
898 2
899 2
900 4
901 1
902 3
903 1
904 3
905 2
906 1
908 1
909 2
910 1
912 4
914 4
916 3
917 2
918 10
919 1
920 3
921 1
922 1
923 4
924 4
925 3
926 1
927 3
928 3
929 2
930 6
931 1
932 1
933 1
934 1
935 1
936 1
937 1
938 3
939 4
941 1
943 2
945 1
946 2
947 1
948 1
949 1
950 1
951 4
952 1
953 4
955 1
957 2
959 4
961 1
962 1
963 1
964 2
965 2
966 5
967 1
968 1
969 4
970 2
971 2
972 2
973 1
974 1
976 3
978 6
979 2
980 5
981 1
983 2
984 2
985 2
986 3
987 4
988 1
990 2
992 5
993 1
994 1
995 3
996 2
998 1
1000 1
1001 3
1002 1
1003 1
1004 3
1006 3
1007 1
1008 3
1009 2
1010 2
1011 1
1012 1
1013 1
1015 3
1016 4
1017 2
1018 1
1019 1
1020 2
1022 1
1023 4
1024 48
1025 2
1028 7
1029 2
1034 1
1035 1
1036 1
1038 2
1040 7
1041 1
1043 2
1044 3
1046 2
1047 3
1049 1
1050 1
1051 2
1052 4
1053 3
1055 3
1056 1
1058 1
1059 1
1060 1
1061 3
1064 2
1065 3
1067 1
1068 2
1069 1
1071 4
1072 2
1073 1
1074 1
1075 2
1076 6
1079 1
1080 1
1081 1
1082 3
1083 1
1084 2
1086 1
1088 1
1089 2
1090 1
1091 1
1093 2
1095 2
1097 2
1098 5
1099 3
1100 4
1101 2
1102 3
1103 5
1104 1
1105 3
1107 2
1108 1
1109 4
1110 2
1112 2
1114 2
1115 3
1116 5
1117 2
1119 1
1120 7
1121 1
1123 1
1124 6
1125 1
1126 2
1128 2
1129 3
1130 2
1132 1
1133 2
1135 1
1136 2
1139 1
1141 1
1143 1
1146 2
1147 2
1148 1
1152 1
1154 1
1155 2
1156 4
1157 2
1158 2
1159 3
1160 1
1161 2
1162 5
1163 1
1164 4
1166 2
1167 4
1169 3
1170 3
1171 4
1172 1
1174 3
1175 1
1176 2
1177 1
1178 3
1180 1
1182 3
1183 1
1184 2
1186 1
1187 3
1189 3
1190 2
1191 2
1192 1
1193 4
1194 1
1195 1
1196 2
1197 3
1198 2
1200 1
1201 1
1202 1
1203 1
1205 2
1208 7
1209 5
1210 2
1212 4
1214 1
1216 3
1217 2
1218 4
1219 4
1220 4
1221 1
1222 2
1223 1
1224 13
1225 2
1227 2
1228 7
1232 1
1233 2
1236 7
1238 2
1239 1
1244 6
1246 1
1247 1
1248 11
1251 1
1255 2
1256 1
1257 1
1258 1
1259 1
1260 4
1261 4
1262 2
1263 1
1264 7
1267 2
1268 2
1269 1
1271 1
1272 2
1274 2
1275 2
1276 4
1278 1
1280 10
1281 4
1283 1
1284 1
1285 1
1286 3
1287 1
1288 5
1290 3
1292 3
1293 1
1296 9
1298 2
1299 2
1300 5
1301 5
1304 5
1306 1
1307 2
1308 3
1309 1
1310 2
1312 2
1313 2
1314 1
1316 7
1317 2
1319 2
1320 3
1323 1
1324 4
1326 1
1327 2
1328 6
1329 2
1331 2
1332 5
1333 1
1334 2
1335 1
1336 4
1337 1
1339 3
1340 3
1341 1
1342 1
1344 5
1347 2
1348 2
1351 1
1352 2
1353 4
1354 1
1356 5
1357 2
1358 2
1359 1
1360 1
1361 1
1362 3
1364 3
1365 3
1368 2
1369 1
1370 1
1372 2
1373 1
1374 1
1375 1
1376 10
1380 7
1381 1
1382 2
1383 2
1384 2
1386 1
1387 1
1388 9
1389 3
1391 8
1392 10
1393 1
1394 1
1396 4
1397 2
1398 3
1399 1
1400 2
1401 1
1403 1
1404 3
1406 2
1407 1
1408 7
1409 1
1410 1
1412 2
1413 2
1414 5
1416 3
1417 3
1418 1
1419 1
1420 7
1421 1
1422 1
1424 5
1425 2
1427 4
1428 2
1431 3
1432 1
1434 3
1436 4
1437 2
1440 1
1441 2
1442 2
1443 2
1445 1
1446 4
1447 1
1448 3
1449 2
1450 2
1451 3
1452 2
1453 5
1454 1
1456 2
1457 3
1458 3
1459 1
1460 6
1461 3
1462 3
1463 3
1464 20
1465 1
1466 2
1468 2
1469 1
1470 3
1471 1
1472 7
1474 6
1475 2
1476 10
1477 1
1478 1
1479 2
1480 2
1481 1
1482 6
1483 1
1484 3
1485 4
1487 2
1488 9
1489 3
1492 2
1493 5
1494 1
1495 2
1496 7
1499 1
1500 2
1501 3
1503 2
1504 5
1505 1
1506 1
1507 1
1508 7
1509 1
1510 1
1511 2
1512 1
1513 1
1514 1
1516 5
1517 3
1518 1
1520 3
1521 2
1523 1
1524 7
1525 1
1526 2
1528 16
1529 2
1530 2
1531 1
1532 6
1533 4
1534 2
1535 1
1536 21
1537 1
1538 1
1540 3
1541 1
1542 1
1543 1
1544 6
1545 2
1546 1
1548 1
1550 1
1552 2
1555 2
1556 2
1557 1
1558 1
1559 1
1560 9
1562 2
1563 1
1564 5
1565 2
1566 1
1567 1
1568 4
1571 1
1572 2
1573 1
1574 1
1575 4
1576 1
1577 2
1579 1
1580 1
1582 1
1583 2
1585 3
1587 1
1588 3
1589 2
1590 1
1591 1
1592 1
1593 3
1594 3
1595 2
1596 5
1597 1
1598 1
1599 1
1600 9
1601 3
1602 1
1603 1
1605 2
1607 1
1608 1
1609 2
1610 2
1611 2
1612 2
1614 3
1615 1
1618 2
1619 1
1620 2
1621 2
1623 2
1624 5
1625 1
1626 2
1628 3
1629 1
1630 1
1631 1
1632 4
1634 3
1635 1
1636 6
1637 1
1638 1
1639 2
1640 2
1641 4
1642 1
1643 2
1645 1
1646 1
1648 5
1652 1
1654 1
1656 3
1657 1
1658 1
1659 1
1660 3
1662 1
1663 2
1664 2
1665 3
1667 1
1668 5
1670 2
1672 1
1673 2
1674 2
1675 2
1676 1
1677 1
1678 2
1679 2
1680 2
1682 1
1683 1
1684 1
1685 2
1686 1
1688 1
1689 3
1690 1
1691 2
1692 2
1694 2
1695 4
1698 2
1699 2
1700 4
1701 2
1702 1
1703 1
1705 1
1706 1
1708 2
1710 2
1711 2
1712 2
1714 2
1715 1
1716 5
1720 1
1722 1
1723 1
1725 3
1729 2
1730 2
1731 2
1732 2
1734 2
1735 4
1737 1
1739 1
1740 2
1741 2
1742 2
1743 1
1744 2
1745 1
1748 1
1749 1
1751 1
1752 1
1753 1
1755 2
1756 2
1757 1
1761 1
1762 1
1763 1
1764 3
1765 1
1769 1
1770 1
1772 6
1773 1
1778 1
1779 1
1780 2
1782 1
1784 1
1785 1
1787 3
1791 1
1795 1
1800 1
1802 1
1804 3
1805 1
1806 2
1807 4
1808 2
1809 1
1811 3
1812 7
1813 2
1815 3
1816 7
1817 2
1820 8
1821 2
1822 1
1824 8
1825 2
1826 2
1828 7
1830 2
1831 1
1832 10
1833 1
1836 11
1838 1
1839 1
1840 8
1841 1
1844 10
1845 1
1846 1
1847 1
1848 9
1850 2
1852 6
1853 4
1856 3
1858 1
1859 1
1860 7
1861 2
1862 1
1863 1
1864 2
1865 1
1866 1
1868 2
1869 1
1871 2
1872 1
1873 2
1875 2
1876 1
1879 3
1880 2
1881 1
1882 1
1883 4
1884 1
1886 3
1887 3
1889 3
1890 2
1891 1
1892 2
1893 1
1894 1
1895 2
1896 1
1898 1
1899 2
1900 1
1902 1
1903 3
1907 3
1908 1
1910 1
1911 3
1913 2
1915 1
1916 2
1919 1
1920 3
1924 2
1926 2
1928 3
1929 1
1931 1
1932 7
1933 2
1935 1
1936 2
1937 1
1938 2
1939 1
1940 5
1941 1
1942 1
1943 1
1944 1
1945 1
1947 1
1948 2
1949 2
1951 2
1952 2
1953 1
1954 1
1955 3
1956 2
1957 2
1960 2
1961 1
1964 2
1965 1
1967 1
1969 1
1970 1
1972 4
1973 1
1974 3
1975 1
1976 2
1978 2
1979 1
1980 5
1981 1
1982 1
1984 4
1985 1
1987 5
1988 1
1989 1
1992 1
1994 3
1996 2
1997 4
1998 1
1999 1
2000 5
2004 4
2005 1
2007 1
2008 9
2009 2
2010 1
2012 10
2014 1
2015 1
2016 1
2017 2
2019 1
2020 4
2021 1
2022 1
2023 3
2024 4
2026 2
2028 3
2032 7
2033 1
2034 1
2035 1
2036 3
2037 1
2038 1
2040 1
2042 1
2043 2
2045 1
2047 2
2048 11
2049 2
2050 2
2051 1
2053 1
2054 2
2055 1
2058 2
2059 1
2061 4
2062 1
2063 2
2064 1
2067 2
2069 2
2070 2
2071 4
2072 3
2073 1
2076 2
2079 1
2082 2
2084 5
2085 1
2086 2
2089 1
2090 1
2092 3
2093 1
2094 2
2096 3
2097 2
2098 2
2099 1
2100 3
2101 1
2104 6
2105 1
2106 3
2107 2
2109 1
2110 4
2111 2
2113 1
2114 1
2115 1
2116 2
2117 1
2123 1
2125 1
2126 1
2127 1
2128 4
2129 2
2130 2
2131 4
2133 1
2134 1
2136 3
2137 4
2140 1
2141 1
2142 2
2143 1
2144 2
2146 1
2147 2
2148 2
2150 1
2151 2
2152 3
2156 5
2159 1
2164 2
2165 4
2167 1
2171 3
2172 3
2173 1
2175 2
2178 2
2179 3
2180 2
2183 1
2184 2
2185 2
2186 2
2188 2
2189 3
2190 1
2191 1
2192 4
2194 1
2199 4
2200 9
2201 2
2202 1
2203 2
2204 2
2208 5
2210 1
2212 12
2214 1
2215 1
2216 2
2217 1
2219 1
2220 1
2221 4
2222 2
2223 2
2229 6
2230 1
2231 1
2234 1
2236 4
2237 1
2239 2
2240 2
2241 1
2242 2
2243 2
2244 1
2245 1
2246 1
2247 1
2248 1
2249 1
2251 1
2252 4
2254 1
2255 1
2256 2
2258 3
2259 1
2260 5
2263 1
2264 3
2265 1
2266 1
2267 1
2268 3
2269 2
2271 1
2272 3
2276 2
2279 1
2284 1
2285 3
2286 1
2287 2
2290 1
2292 3
2293 1
2294 1
2295 3
2296 6
2297 1
2299 1
2300 1
2302 1
2303 1
2304 1
2305 2
2306 2
2308 3
2309 4
2310 2
2312 1
2314 3
2315 1
2317 1
2321 1
2322 1
2323 1
2325 2
2326 1
2328 4
2329 1
2331 1
2332 4
2334 2
2335 1
2336 2
2337 1
2340 3
2341 1
2342 5
2345 2
2346 1
2347 1
2349 1
2350 3
2351 2
2353 1
2355 2
2356 5
2363 2
2364 2
2365 1
2367 1
2368 5
2369 2
2371 3
2373 1
2374 1
2376 2
2377 2
2379 1
2380 1
2382 1
2383 1
2384 1
2386 1
2387 1
2391 1
2392 2
2394 2
2395 6
2396 1
2397 1
2398 2
2399 1
2402 1
2404 3
2407 1
2408 2
2409 1
2412 1
2414 1
2418 1
2419 2
2420 1
2421 1
2422 1
2423 1
2424 3
2426 2
2429 1
2430 4
2432 2
2437 1
2439 2
2441 1
2443 2
2445 1
2446 1
2447 1
2449 1
2451 1
2452 1
2453 3
2454 1
2456 4
2457 1
2459 1
2460 4
2461 1
2462 2
2463 3
2464 4
2465 4
2466 1
2467 1
2468 2
2469 1
2470 1
2471 2
2472 1
2476 2
2477 1
2479 1
2480 4
2482 1
2486 1
2487 1
2489 2
2490 1
2491 1
2496 4
2500 5
2502 1
2503 2
2504 1
2507 1
2512 2
2517 1
2518 2
2519 2
2520 2
2521 1
2522 5
2523 3
2525 1
2526 1
2528 1
2529 2
2530 2
2531 1
2532 3
2535 2
2536 3
2538 1
2540 2
2542 1
2545 1
2546 1
2547 1
2548 1
2550 1
2551 2
2554 6
2555 1
2556 1
2557 2
2558 2
2560 8
2562 1
2565 1
2566 2
2567 1
2569 1
2571 1
2572 3
2573 1
2576 2
2577 1
2578 1
2583 2
2585 1
2588 3
2591 1
2592 1
2594 2
2596 1
2597 1
2598 1
2599 1
2600 1
2601 2
2602 1
2603 1
2604 2
2605 1
2608 3
2609 1
2610 1
2613 1
2614 1
2615 1
2616 2
2620 1
2624 2
2627 3
2628 1
2629 2
2630 1
2631 1
2634 1
2636 1
2638 1
2640 2
2643 3
2645 1
2646 1
2647 1
2648 2
2649 3
2650 2
2653 1
2656 4
2658 1
2660 3
2663 1
2664 1
2666 1
2667 1
2670 1
2672 3
2673 2
2676 3
2677 1
2678 1
2680 1
2684 3
2685 2
2686 1
2690 1
2691 2
2693 1
2697 1
2700 1
2701 1
2704 2
2706 1
2707 1
2710 4
2712 1
2713 1
2714 2
2717 2
2720 1
2722 1
2725 1
2726 1
2728 3
2731 2
2732 1
2733 1
2734 1
2737 1
2741 1
2742 1
2744 1
2746 1
2750 1
2751 2
2752 2
2761 2
2762 1
2763 1
2765 2
2767 1
2769 2
2770 1
2771 1
2773 1
2778 2
2779 1
2782 1
2785 2
2787 2
2789 1
2791 2
2793 2
2795 1
2796 3
2797 1
2798 1
2799 2
2800 3
2801 1
2805 2
2806 1
2808 1
2809 1
2810 1
2812 1
2816 2
2817 1
2818 1
2819 1
2821 1
2822 1
2824 2
2825 1
2830 2
2832 1
2835 2
2836 1
2840 3
2842 1
2843 1
2845 1
2849 3
2851 1
2852 2
2853 1
2854 1
2855 2
2856 1
2858 2
2859 1
2860 2
2861 1
2864 1
2865 2
2867 1
2868 2
2871 1
2873 2
2874 1
2875 1
2878 1
2880 1
2881 1
2882 1
2884 1
2886 2
2888 1
2889 1
2890 1
2894 1
2896 2
2898 1
2901 2
2904 1
2906 1
2909 1
2912 1
2913 2
2914 4
2916 1
2918 2
2921 1
2924 2
2929 1
2932 1
2933 2
2934 1
2935 2
2937 1
2938 1
2939 1
2940 1
2942 1
2945 1
2948 1
2950 2
2952 1
2954 1
2958 1
2959 2
2960 1
2961 1
2962 4
2965 1
2971 3
2972 1
2973 2
2975 1
2978 1
2979 1
2980 2
2981 2
2985 2
2987 1
2989 3
2992 1
2994 1
2995 1
2997 1
2998 1
3000 1
3002 1
3003 1
3005 1
3009 2
3011 1
3013 1
3018 1
3021 1
3022 1
3023 1
3024 1
3025 1
3026 1
3028 3
3029 1
3031 1
3032 2
3034 2
3035 3
3036 3
3038 1
3039 1
3041 3
3042 1
3044 1
3045 1
3047 3
3048 1
3049 1
3050 1
3051 1
3053 1
3056 1
3059 1
3060 1
3064 1
3066 3
3070 1
3072 8
3075 1
3076 2
3077 1
3081 2
3083 1
3085 1
3087 2
3088 2
3090 2
3092 1
3094 4
3096 1
3098 1
3100 1
3102 1
3104 1
3105 1
3106 2
3109 1
3110 1
3112 2
3114 3
3116 1
3118 2
3122 1
3123 1
3126 1
3128 3
3129 1
3130 3
3132 1
3133 2
3134 1
3136 2
3138 1
3140 2
3144 1
3145 1
3146 1
3147 2
3152 1
3153 1
3154 1
3157 3
3160 1
3161 1
3163 1
3164 1
3165 1
3168 2
3170 1
3171 1
3173 1
3174 2
3176 1
3178 1
3180 1
3183 4
3184 1
3186 1
3190 1
3196 3
3197 1
3198 1
3199 4
3200 1
3202 3
3203 1
3208 1
3209 1
3210 1
3214 3
3215 1
3217 2
3220 2
3233 2
3234 2
3238 1
3239 2
3240 4
3242 1
3243 2
3244 1
3248 1
3249 2
3253 2
3254 1
3255 1
3258 2
3260 1
3264 1
3266 1
3268 1
3269 1
3270 1
3271 1
3275 1
3278 7
3279 3
3282 1
3287 1
3288 2
3290 2
3292 1
3293 2
3294 2
3295 1
3297 1
3300 1
3302 1
3304 1
3305 1
3306 1
3308 2
3309 1
3310 1
3311 1
3313 1
3314 3
3315 1
3316 2
3317 1
3321 1
3323 4
3326 1
3327 1
3328 3
3330 2
3331 2
3333 2
3334 2
3336 2
3339 2
3344 2
3346 1
3348 2
3350 1
3351 1
3352 1
3353 1
3356 1
3357 1
3358 1
3363 1
3370 2
3373 1
3375 3
3379 1
3384 1
3385 2
3386 1
3392 1
3395 1
3398 1
3401 1
3404 2
3406 1
3408 1
3410 1
3411 2
3412 1
3419 1
3422 2
3423 1
3424 2
3428 2
3432 2
3433 2
3434 1
3435 1
3436 2
3439 1
3440 1
3442 2
3452 2
3453 3
3454 1
3456 1
3457 2
3458 1
3461 1
3463 1
3465 2
3466 1
3467 1
3468 2
3471 1
3472 1
3476 2
3478 1
3479 2
3484 1
3485 1
3486 1
3489 3
3490 1
3492 2
3494 1
3496 2
3500 2
3502 2
3504 1
3505 2
3507 2
3508 1
3509 1
3514 1
3515 1
3518 1
3521 2
3522 2
3524 1
3525 1
3527 2
3528 2
3529 1
3531 1
3532 3
3533 4
3534 2
3535 2
3536 2
3538 1
3539 1
3540 2
3542 1
3543 1
3545 2
3546 1
3547 1
3550 1
3554 2
3556 1
3559 1
3562 1
3563 1
3566 1
3567 1
3569 1
3571 1
3573 1
3578 1
3579 1
3580 2
3582 1
3583 1
3584 4
3588 1
3594 1
3596 1
3605 1
3606 1
3607 1
3609 1
3610 1
3612 1
3614 2
3616 3
3617 1
3618 1
3622 1
3624 1
3628 3
3629 1
3630 1
3633 2
3637 2
3638 1
3639 1
3640 2
3644 1
3649 1
3652 1
3655 1
3656 1
3657 1
3658 1
3659 1
3661 1
3666 1
3667 3
3670 1
3671 1
3672 1
3673 1
3674 1
3675 1
3676 1
3677 2
3679 4
3680 2
3681 2
3682 3
3683 1
3685 3
3687 3
3688 5
3689 2
3690 2
3691 5
3692 1
3693 6
3694 5
3695 1
3696 3
3697 4
3698 1
3699 1
3700 2
3701 3
3703 2
3704 3
3705 3
3707 1
3709 1
3710 1
3712 2
3716 2
3717 1
3718 2
3721 1
3725 2
3728 1
3729 1
3730 1
3731 1
3732 1
3735 1
3736 1
3737 1
3739 2
3740 1
3742 1
3744 2
3746 2
3748 1
3752 1
3754 1
3755 1
3756 2
3758 1
3760 1
3762 1
3763 1
3764 1
3765 1
3766 2
3768 2
3772 1
3776 1
3777 1
3778 1
3782 1
3784 2
3785 1
3787 1
3788 1
3789 1
3791 1
3792 2
3795 3
3796 1
3798 3
3799 2
3800 1
3803 1
3804 1
3806 1
3808 1
3815 1
3820 2
3821 2
3824 1
3826 1
3828 1
3829 1
3830 1
3831 2
3832 1
3833 1
3835 1
3838 1
3839 1
3840 1
3842 1
3847 2
3848 2
3850 1
3851 2
3854 2
3857 1
3858 1
3859 1
3860 1
3865 3
3866 1
3867 1
3868 1
3871 1
3872 2
3874 3
3876 2
3877 3
3878 3
3880 1
3884 1
3885 2
3892 2
3896 2
3897 1
3899 1
3902 1
3904 1
3905 1
3908 2
3909 1
3911 1
3912 1
3913 2
3914 1
3921 3
3922 4
3923 1
3924 1
3925 1
3926 1
3929 1
3930 1
3932 2
3934 2
3936 1
3940 2
3943 2
3947 1
3948 1
3954 1
3955 1
3956 1
3958 1
3959 2
3962 1
3967 3
3971 1
3974 1
3977 1
3978 5
3980 3
3984 1
3987 2
3988 1
3989 2
3990 2
3992 2
3996 1
3997 2
3999 2
4001 3
4003 1
4006 1
4009 1
4011 1
4012 1
4014 1
4018 1
4019 1
4020 1
4025 1
4026 1
4027 1
4028 1
4029 1
4030 1
4034 1
4037 1
4042 1
4044 1
4046 1
4048 1
4052 1
4053 1
4059 2
4061 1
4064 1
4070 1
4074 2
4076 2
4083 1
4084 3
4085 1
4088 2
4089 1
4094 1
4095 1
4096 5
4097 1
4099 1
4100 1
4104 1
4108 1
4111 2
4113 1
4114 1
4115 2
4117 1
4120 1
4121 1
4125 1
4126 1
4132 1
4133 1
4137 2
4139 1
4140 2
4143 1
4144 1
4147 2
4148 1
4153 2
4160 1
4164 1
4170 1
4171 1
4172 1
4175 1
4180 1
4184 3
4185 1
4186 2
4187 2
4188 1
4191 2
4192 1
4193 1
4195 2
4197 2
4198 1
4199 1
4200 1
4202 1
4204 1
4207 1
4208 1
4212 3
4214 1
4215 2
4216 1
4217 1
4218 1
4219 1
4220 2
4221 1
4224 2
4225 1
4226 2
4231 1
4236 1
4239 1
4240 1
4241 1
4242 1
4243 1
4244 1
4260 1
4263 3
4265 3
4267 2
4271 1
4272 1
4274 2
4275 2
4277 1
4280 3
4281 1
4286 3
4290 1
4291 1
4293 1
4301 2
4302 1
4308 2
4311 1
4313 1
4315 1
4323 1
4324 2
4327 1
4328 1
4336 3
4338 2
4339 3
4341 1
4344 1
4345 1
4348 1
4351 1
4353 1
4356 1
4359 1
4364 1
4365 1
4366 1
4371 1
4374 1
4380 4
4382 1
4383 1
4384 4
4385 1
4389 1
4390 1
4391 1
4392 2
4394 1
4396 2
4397 2
4400 1
4402 1
4404 2
4405 1
4406 2
4408 1
4411 2
4412 1
4416 1
4417 2
4420 1
4430 1
4432 1
4434 2
4436 4
4440 1
4448 1
4453 1
4455 1
4458 2
4459 1
4460 1
4463 1
4466 1
4467 1
4472 1
4473 2
4474 1
4480 2
4484 2
4485 1
4490 2
4494 1
4495 1
4509 1
4511 1
4512 1
4516 1
4517 1
4519 1
4523 1
4524 1
4528 3
4532 1
4540 1
4541 1
4542 2
4545 2
4548 1
4549 1
4550 1
4552 1
4560 2
4564 2
4567 1
4571 1
4576 1
4577 3
4580 2
4582 1
4584 1
4587 1
4588 1
4589 1
4592 1
4594 1
4596 1
4599 1
4604 2
4605 2
4606 2
4608 3
4609 1
4616 1
4618 2
4620 2
4623 1
4627 1
4628 2
4629 1
4631 1
4632 1
4633 1
4635 2
4636 2
4638 2
4639 1
4644 1
4646 1
4648 4
4651 1
4652 1
4653 1
4655 1
4656 1
4658 1
4660 1
4663 2
4664 2
4675 1
4676 1
4678 2
4680 2
4682 1
4684 1
4691 1
4692 1
4693 2
4704 1
4711 2
4712 3
4713 1
4714 1
4715 1
4717 2
4720 1
4724 1
4726 1
4728 1
4730 2
4732 3
4737 1
4738 1
4739 1
4742 1
4743 1
4745 4
4748 4
4750 1
4759 3
4760 1
4761 2
4764 1
4767 1
4768 1
4775 1
4777 1
4778 2
4780 1
4784 1
4786 1
4788 2
4789 1
4791 1
4793 2
4800 2
4807 1
4808 2
4816 1
4818 1
4820 1
4822 1
4828 1
4831 2
4832 1
4836 2
4837 2
4840 2
4841 1
4842 2
4846 1
4852 1
4855 1
4856 1
4866 1
4867 1
4868 3
4870 1
4874 1
4876 2
4879 1
4880 1
4881 1
4882 1
4884 1
4888 2
4891 1
4894 2
4895 2
4896 1
4900 2
4902 1
4904 2
4906 1
4908 1
4909 3
4911 1
4912 1
4928 2
4930 1
4932 1
4933 1
4934 1
4940 1
4944 2
4948 2
4952 1
4953 1
4955 1
4960 3
4961 1
4972 1
4975 3
4976 1
4980 2
4981 1
4984 2
4985 2
4986 1
4987 1
4988 2
4989 1
4996 1
4998 2
4999 1
5002 1
5003 1
5005 1
5008 1
5009 2
5011 1
5012 1
5016 1
5019 1
5020 1
5021 1
5024 1
5025 1
5026 1
5030 3
5034 1
5035 1
5037 1
5038 1
5040 1
5044 2
5045 1
5048 1
5049 1
5051 2
5052 2
5055 1
5056 1
5057 1
5059 1
5061 1
5065 1
5068 2
5069 1
5070 1
5071 1
5072 2
5075 1
5076 4
5077 1
5079 2
5081 1
5082 3
5084 1
5089 1
5091 5
5094 2
5095 2
5097 2
5100 5
5103 1
5104 4
5106 2
5107 1
5111 1
5112 1
5114 1
5116 2
5117 2
5120 1
5122 1
5123 1
5125 2
5127 2
5130 1
5135 2
5143 1
5145 1
5146 1
5148 2
5155 1
5156 4
5160 1
5161 1
5164 1
5165 1
5168 1
5169 2
5174 1
5180 4
5184 3
5187 1
5190 1
5200 1
5208 2
5210 1
5212 1
5219 2
5223 1
5225 1
5227 1
5230 2
5233 1
5237 1
5243 1
5244 1
5247 2
5254 1
5258 1
5260 1
5268 1
5284 2
5285 2
5288 1
5295 1
5300 1
5302 1
5303 1
5305 1
5311 1
5313 1
5315 1
5317 1
5320 2
5321 1
5324 1
5329 1
5330 1
5332 1
5335 1
5336 1
5338 1
5340 1
5343 1
5346 1
5348 1
5357 1
5359 3
5363 1
5366 1
5367 1
5368 1
5374 1
5378 2
5380 1
5382 1
5385 1
5386 1
5388 1
5391 2
5392 2
5394 1
5395 2
5400 1
5403 1
5414 1
5420 2
5422 1
5428 1
5430 1
5432 1
5434 1
5435 1
5436 2
5442 1
5443 2
5444 2
5448 1
5449 1
5451 1
5453 3
5460 1
5464 1
5465 1
5468 3
5471 1
5472 2
5479 1
5480 1
5484 3
5486 1
5487 1
5489 1
5492 1
5496 2
5497 3
5503 1
5504 1
5512 1
5517 1
5521 1
5522 1
5523 2
5526 1
5528 1
5530 1
5534 1
5537 1
5540 2
5542 1
5546 1
5547 1
5552 1
5554 1
5571 1
5575 2
5576 1
5578 1
5579 1
5584 2
5589 2
5590 1
5596 1
5599 1
5608 1
5610 1
5612 1
5617 1
5623 1
5627 1
5632 3
5633 1
5636 1
5638 1
5643 1
5646 1
5647 1
5652 2
5653 1
5656 1
5657 1
5660 2
5662 2
5677 1
5680 2
5681 2
5683 1
5684 1
5685 1
5689 1
5690 1
5692 2
5693 1
5696 1
5697 2
5707 1
5719 1
5721 2
5722 1
5726 1
5727 1
5728 2
5731 1
5732 1
5737 1
5742 1
5743 1
5744 1
5750 1
5752 1
5755 1
5766 1
5767 1
5780 2
5783 1
5786 1
5787 1
5788 1
5791 2
5799 1
5800 2
5804 1
5805 1
5811 1
5813 1
5814 1
5820 1
5821 1
5823 1
5826 1
5830 1
5831 1
5838 2
5840 1
5841 1
5843 2
5844 1
5846 1
5848 1
5849 2
5861 1
5864 2
5868 1
5878 1
5879 1
5880 1
5881 1
5884 2
5886 2
5892 2
5903 1
5904 1
5905 1
5906 1
5909 1
5912 1
5913 1
5914 2
5920 1
5922 1
5924 2
5928 1
5930 2
5931 1
5932 1
5935 1
5938 1
5944 1
5946 1
5951 1
5952 2
5953 1
5956 1
5959 1
5960 1
5961 1
5962 2
5964 1
5966 1
5968 3
5971 1
5972 2
5976 2
5980 1
5990 1
5992 1
5996 1
6000 1
6001 1
6003 1
6006 1
6008 1
6011 3
6013 1
6019 1
6024 2
6025 1
6026 1
6027 2
6031 1
6035 1
6036 1
6038 1
6044 2
6047 1
6048 1
6050 1
6051 1
6052 1
6056 1
6064 1
6068 1
6071 1
6073 1
6078 1
6080 1
6083 1
6084 1
6088 1
6091 1
6092 1
6093 1
6098 1
6101 2
6102 1
6103 2
6118 1
6124 2
6125 1
6132 2
6133 1
6136 3
6145 1
6147 1
6154 1
6157 1
6160 1
6165 1
6166 1
6167 1
6168 1
6169 2
6179 1
6181 1
6182 1
6184 1
6195 1
6196 1
6208 1
6218 2
6231 1
6234 1
6237 1
6239 1
6242 1
6248 1
6249 1
6252 1
6256 1
6261 1
6263 1
6264 1
6267 1
6268 1
6273 1
6280 1
6281 1
6284 1
6293 1
6294 1
6295 1
6300 1
6307 1
6311 1
6312 1
6317 1
6319 1
6324 1
6326 1
6328 2
6332 1
6336 1
6340 2
6342 1
6343 1
6346 1
6354 1
6356 1
6359 1
6360 1
6364 1
6374 1
6385 1
6389 1
6390 1
6392 1
6394 1
6396 1
6398 1
6404 1
6405 1
6408 1
6412 1
6414 1
6417 1
6418 1
6420 1
6421 1
6422 1
6424 1
6430 1
6433 1
6434 1
6437 1
6438 2
6443 1
6444 1
6447 1
6450 2
6451 1
6452 1
6456 1
6457 1
6464 2
6475 1
6477 2
6480 2
6482 1
6483 1
6486 1
6488 3
6491 1
6492 1
6493 1
6496 1
6502 1
6503 2
6504 2
6508 1
6515 1
6516 1
6524 1
6526 3
6527 1
6529 2
6532 1
6542 1
6543 1
6548 1
6552 1
6558 1
6562 1
6568 1
6569 2
6571 1
6573 1
6584 1
6596 1
6598 1
6599 1
6605 1
6606 1
6608 3
6612 1
6621 2
6623 1
6628 1
6631 1
6635 1
6640 1
6643 1
6644 1
6654 1
6659 1
6660 1
6662 2
6672 1
6679 2
6680 1
6682 1
6684 3
6686 1
6687 1
6690 1
6696 1
6699 2
6700 1
6701 1
6702 1
6704 1
6705 1
6707 1
6708 2
6716 1
6720 1
6721 2
6724 1
6733 1
6734 1
6736 2
6737 1
6740 1
6743 1
6746 1
6747 1
6750 1
6753 1
6761 1
6762 1
6768 1
6771 1
6772 1
6773 1
6774 1
6779 2
6780 1
6788 1
6798 1
6804 1
6809 1
6812 1
6813 1
6815 1
6816 1
6820 1
6822 2
6825 1
6828 1
6830 1
6831 1
6842 2
6851 1
6852 1
6855 1
6863 1
6868 1
6880 1
6894 1
6895 2
6897 1
6901 1
6904 1
6916 1
6918 1
6929 1
6931 1
6932 2
6934 1
6935 1
6936 1
6938 1
6947 2
6956 1
6964 1
6965 1
6970 1
6976 1
6980 2
6984 1
6989 1
6992 1
7004 2
7005 1
7007 1
7011 1
7013 1
7028 1
7038 1
7042 1
7048 2
7052 3
7053 1
7056 2
7062 1
7066 1
7068 1
7071 1
7074 1
7076 2
7077 1
7080 1
7082 1
7083 1
7087 1
7089 1
7095 1
7100 3
7101 1
7108 1
7110 1
7111 1
7112 2
7115 1
7121 1
7124 1
7126 2
7128 1
7133 1
7136 1
7146 1
7149 1
7156 1
7159 1
7168 4
7173 1
7178 1
7184 1
7188 1
7189 1
7195 1
7202 1
7208 1
7209 1
7216 1
7219 1
7231 1
7236 1
7238 1
7240 1
7242 2
7243 1
7246 3
7252 1
7255 1
7258 2
7260 1
7261 1
7265 1
7272 1
7276 2
7284 1
7290 1
7292 2
7300 1
7301 1
7302 1
7306 1
7310 2
7337 1
7343 2
7350 1
7351 1
7352 1
7354 1
7365 1
7369 1
7370 1
7372 1
7374 1
7378 1
7392 1
7393 1
7397 1
7398 1
7404 1
7407 1
7409 1
7420 2
7425 1
7428 1
7436 1
7437 1
7440 1
7445 1
7448 1
7450 1
7454 1
7459 1
7464 1
7471 1
7472 2
7473 1
7486 1
7487 1
7490 1
7492 3
7500 1
7501 2
7504 1
7505 1
7514 1
7516 1
7517 1
7520 1
7523 1
7526 1
7527 1
7532 1
7533 1
7542 1
7543 1
7552 2
7553 1
7557 1
7560 1
7562 1
7564 1
7568 1
7569 1
7575 4
7578 2
7579 1
7581 1
7583 1
7587 1
7589 1
7591 1
7602 1
7604 1
7607 1
7612 2
7613 1
7617 1
7619 1
7620 2
7625 1
7626 1
7628 1
7629 1
7639 1
7640 1
7641 1
7646 1
7648 1
7657 1
7664 1
7666 2
7671 1
7674 1
7675 1
7680 1
7683 1
7684 1
7689 1
7690 1
7693 1
7695 1
7696 1
7697 1
7703 1
7712 1
7714 1
7716 1
7720 1
7728 1
7729 1
7733 1
7748 1
7751 1
7757 1
7769 1
7773 2
7774 1
7775 1
7780 1
7782 1
7786 1
7794 2
7796 1
7797 1
7800 1
7808 1
7816 1
7817 1
7819 1
7820 1
7825 1
7829 1
7830 1
7832 1
7836 1
7839 1
7853 1
7856 2
7861 1
7862 1
7863 2
7864 1
7872 1
7876 1
7880 1
7881 1
7892 1
7900 1
7901 1
7908 1
7912 1
7916 1
7918 1
7924 1
7941 1
7942 1
7945 1
7948 2
7952 1
7957 1
7958 1
7960 1
7971 1
7974 1
7978 1
7979 1
7980 1
7988 1
7990 1
7993 1
7995 1
8000 2
8006 1
8012 2
8020 1
8024 1
8029 1
8042 1
8049 1
8056 1
8064 1
8065 1
8072 1
8075 1
8084 1
8090 1
8096 1
8101 2
8102 1
8107 1
8110 1
8112 2
8121 1
8128 1
8141 1
8142 1
8148 1
8150 2
8151 1
8152 1
8155 1
8164 1
8174 2
8178 1
8191 1
8192 4
8197 1
8204 2
8207 1
8210 3
8215 1
8219 1
8224 1
8237 1
8241 1
8245 1
8248 1
8253 1
8254 1
8279 1
8289 1
8292 1
8293 1
8299 2
8300 1
8304 2
8315 1
8319 1
8322 1
8324 1
8337 2
8339 1
8356 1
8371 1
8373 1
8379 1
8380 1
8381 1
8383 1
8405 1
8406 1
8411 2
8413 1
8418 1
8424 1
8427 1
8434 1
8437 2
8440 1
8442 1
8443 1
8447 1
8453 2
8456 1
8480 1
8488 1
8492 1
8500 1
8503 1
8504 1
8509 1
8512 1
8514 1
8516 5
8520 1
8529 1
8533 2
8534 1
8540 1
8551 1
8552 2
8553 1
8554 1
8563 1
8566 1
8569 1
8572 1
8589 1
8591 1
8592 1
8597 1
8601 1
8606 1
8614 1
8621 1
8625 1
8630 1
8631 1
8641 1
8642 1
8643 1
8662 1
8665 1
8670 1
8672 1
8684 2
8685 1
8694 1
8708 1
8714 2
8715 1
8716 1
8722 1
8730 1
8733 1
8734 1
8736 1
8737 1
8740 1
8746 1
8756 1
8757 1
8758 1
8768 1
8769 1
8770 1
8776 1
8780 1
8784 1
8791 1
8792 1
8794 2
8798 2
8806 1
8808 1
8809 1
8816 1
8817 1
8818 1
8819 2
8825 1
8836 1
8846 1
8854 2
8856 1
8857 1
8868 2
8872 1
8874 1
8884 2
8908 1
8922 1
8932 1
8934 2
8936 1
8941 1
8948 1
8951 1
8974 1
8980 1
8981 1
8983 1
8988 1
8992 2
9004 2
9012 2
9025 1
9027 1
9034 1
9044 1
9056 1
9059 1
9065 2
9068 2
9081 1
9082 1
9090 1
9101 1
9103 1
9119 1
9122 1
9125 1
9127 1
9128 2
9132 1
9135 1
9136 1
9144 1
9146 1
9160 1
9168 1
9172 2
9181 1
9184 1
9188 1
9198 1
9204 1
9208 1
9209 2
9213 1
9216 1
9218 1
9220 2
9222 1
9224 1
9231 1
9232 2
9240 1
9241 2
9242 1
9253 1
9254 1
9269 1
9272 1
9275 1
9277 1
9280 1
9287 1
9298 1
9299 1
9304 1
9315 1
9316 1
9320 1
9340 1
9383 1
9386 2
9396 1
9426 1
9428 2
9434 1
9436 1
9447 1
9448 1
9450 1
9472 1
9475 1
9485 1
9486 1
9488 1
9492 1
9508 1
9515 1
9516 1
9517 1
9523 1
9524 1
9525 1
9536 2
9540 4
9550 1
9552 1
9560 1
9565 2
9580 1
9586 1
9592 1
9593 1
9599 1
9602 1
9604 1
9609 1
9620 1
9629 1
9636 1
9646 1
9655 1
9660 1
9664 1
9682 1
9688 1
9696 1
9704 1
9708 1
9710 1
9713 1
9716 1
9719 1
9721 1
9726 1
9735 1
9737 1
9740 1
9750 1
9760 1
9775 1
9777 1
9794 1
9797 2
9800 1
9801 1
9802 1
9806 1
9827 1
9839 1
9859 2
9860 1
9864 1
9884 1
9890 1
9892 1
9894 1
9902 1
9908 1
9910 1
9925 1
9926 2
9943 1
9952 2
9959 1
9979 1
9984 2
9989 1
9992 1
10002 1
10012 1
10013 1
10019 1
10025 1
10037 1
10038 1
10048 1
10061 1
10076 1
10109 1
10110 1
10112 1
10116 1
10124 1
10130 2
10138 1
10144 1
10149 1
10156 1
10158 2
10160 1
10164 1
10168 2
10171 1
10174 1
10185 1
10191 1
10195 1
10204 1
10208 1
10212 1
10220 1
10221 1
10225 1
10252 1
10264 2
10268 3
10288 1
10290 1
10291 2
10294 1
10304 2
10308 2
10316 2
10320 1
10331 1
10332 1
10335 1
10350 1
10364 3
10377 1
10384 1
10391 1
10407 1
10408 1
10420 1
10424 1
10432 1
10437 1
10438 1
10440 1
10444 1
10448 1
10450 1
10451 1
10454 1
10462 1
10463 1
10464 1
10468 1
10477 1
10480 1
10486 1
10488 1
10491 1
10495 1
10497 1
10504 1
10509 2
10516 1
10517 1
10519 1
10520 1
10528 1
10536 1
10537 2
10546 1
10558 1
10560 2
10564 4
10572 1
10579 1
10584 1
10587 1
10588 2
10589 1
10594 1
10600 1
10621 1
10629 1
10632 1
10639 1
10641 1
10645 1
10656 1
10665 1
10676 1
10680 1
10689 1
10691 1
10693 1
10696 1
10708 1
10717 1
10747 1
10752 2
10754 2
10772 1
10779 1
10786 1
10790 1
10792 1
10798 1
10800 1
10812 1
10819 1
10824 1
10827 1
10849 1
10851 1
10864 1
10865 1
10866 1
10869 1
10870 1
10882 2
10888 1
10890 1
10892 1
10901 1
10904 1
10908 1
10911 1
10916 1
10928 1
10932 1
10942 1
10944 1
10962 1
10973 1
10976 1
10978 1
10979 1
10992 1
11011 1
11016 1
11020 1
11030 1
11038 1
11039 1
11048 1
11071 1
11072 1
11076 2
11080 1
11083 2
11087 1
11092 1
11135 1
11137 1
11144 1
11148 1
11152 1
11153 1
11163 1
11168 1
11170 1
11172 1
11176 1
11180 1
11188 2
11196 1
11255 1
11256 2
11257 1
11264 1
11268 1
11279 1
11288 1
11292 1
11309 1
11312 1
11319 1
11324 1
11328 1
11343 1
11344 1
11360 1
11372 1
11375 1
11381 1
11388 1
11390 1
11391 1
11397 2
11409 1
11418 1
11419 1
11425 1
11429 1
11432 1
11443 1
11444 1
11456 1
11464 1
11474 1
11478 1
11488 1
11489 1
11496 1
11506 1
11508 2
11513 1
11539 1
11540 1
11541 1
11543 1
11548 1
11564 1
11568 2
11584 2
11588 3
11600 1
11604 1
11609 1
11612 1
11617 2
11620 1
11631 1
11636 1
11640 1
11647 1
11648 1
11650 2
11654 1
11656 2
11660 2
11664 2
11680 2
11688 1
11689 1
11704 3
11708 1
11724 2
11725 1
11728 3
11740 1
11741 1
11745 1
11763 1
11766 1
11784 2
11789 1
11798 1
11806 1
11807 2
11809 1
11820 3
11822 1
11833 1
11840 1
11844 2
11860 1
11864 2
11878 2
11882 1
11894 1
11899 1
11908 1
11909 1
11911 2
11917 1
11923 1
11924 1
11940 1
11944 1
11952 1
11956 1
11962 1
11963 1
11970 2
11975 1
11976 1
11979 1
11980 3
11983 1
11984 1
11989 1
11991 2
11992 1
11993 1
12003 1
12005 1
12008 1
12012 1
12013 1
12016 1
12028 1
12030 1
12040 1
12052 2
12053 1
12057 1
12060 1
12084 1
12096 2
12100 2
12101 1
12109 1
12127 1
12132 1
12135 1
12145 1
12150 1
12173 1
12184 1
12189 1
12202 1
12207 1
12223 1
12224 1
12242 1
12248 2
12281 1
12288 1
12296 2
12297 1
12300 1
12312 1
12313 1
12314 1
12315 1
12317 1
12320 1
12332 1
12333 1
12336 1
12340 1
12348 1
12358 1
12366 1
12367 1
12368 1
12372 1
12380 1
12384 1
12393 1
12398 1
12412 1
12414 1
12439 1
12444 1
12450 1
12488 4
12490 1
12504 1
12528 1
12533 1
12536 1
12540 1
12546 1
12548 1
12550 1
12552 1
12556 2
12569 1
12570 1
12577 1
12582 1
12585 1
12589 1
12608 2
12612 1
12613 3
12619 1
12624 1
12640 1
12648 1
12650 1
12657 1
12661 1
12672 1
12679 1
12690 1
12700 1
12703 1
12710 1
12712 1
12716 1
12721 1
12733 1
12735 1
12738 1
12740 1
12743 1
12760 1
12780 1
12784 1
12793 1
12843 1
12854 1
12880 1
12881 1
12884 2
12887 2
12890 1
12901 1
12904 1
12916 1
12920 1
12924 1
12928 1
12936 1
12945 1
12948 1
12969 1
12976 1
12980 1
12986 1
12990 1
12991 1
13004 1
13013 1
13020 1
13031 1
13044 1
13053 1
13057 1
13066 1
13068 1
13072 1
13075 2
13076 1
13080 2
13093 1
13100 1
13108 1
13113 1
13116 1
13118 1
13128 1
13131 1
13141 1
13167 1
13168 2
13178 1
13183 1
13192 1
13200 1
13212 1
13224 4
13231 1
13244 1
13253 1
13263 1
13271 2
13273 1
13283 1
13312 3
13315 1
13320 1
13336 1
13338 2
13387 1
13406 1
13407 1
13408 1
13411 2
13419 1
13422 1
13424 1
13429 1
13438 2
13474 1
13486 1
13489 2
13496 1
13497 1
13500 1
13515 1
13529 1
13532 1
13537 1
13548 1
13555 1
13561 1
13568 1
13570 1
13572 1
13576 1
13584 1
13588 2
13592 2
13602 1
13609 1
13616 3
13620 2
13624 1
13625 1
13632 1
13636 1
13640 1
13642 1
13644 1
13648 1
13656 1
13662 1
13674 1
13680 1
13684 1
13686 1
13693 1
13700 1
13717 1
13719 1
13737 1
13752 1
13772 1
13778 1
13790 1
13791 1
13792 1
13816 1
13817 1
13822 1
13823 1
13832 1
13843 1
13844 1
13847 1
13848 1
13852 1
13861 1
13869 1
13872 1
13876 1
13894 1
13900 1
13905 1
13912 1
13920 2
13935 1
13936 1
13968 1
13980 1
14033 1
14040 1
14048 1
14070 1
14076 1
14080 2
14109 1
14112 1
14120 1
14140 1
14147 1
14152 1
14157 1
14166 1
14188 1
14192 1
14200 2
14204 1
14208 1
14212 1
14216 1
14240 1
14243 1
14248 1
14252 1
14258 1
14275 1
14287 1
14304 1
14306 1
14308 1
14312 1
14318 1
14323 1
14328 1
14332 1
14335 1
14344 1
14346 1
14352 1
14358 1
14369 2
14372 1
14380 1
14384 1
14388 1
14392 1
14398 2
14408 1
14409 1
14424 1
14428 1
14444 1
14451 1
14459 1
14460 1
14465 1
14472 1
14508 1
14514 1
14516 1
14518 1
14524 1
14544 1
14549 1
14568 1
14572 1
14587 1
14588 1
14593 1
14598 1
14620 1
14650 1
14660 1
14676 2
14680 1
14682 1
14685 1
14688 1
14692 1
14699 1
14704 1
14712 2
14714 1
14716 1
14732 1
14740 1
14743 1
14752 1
14754 1
14762 1
14763 1
14764 2
14776 1
14778 1
14780 1
14784 1
14787 1
14789 1
14796 1
14800 1
14803 1
14819 1
14832 1
14836 1
14856 1
14865 1
14868 1
14885 1
14886 1
14919 1
14928 1
14932 13
14936 1
14943 1
14964 1
14984 1
14988 1
14991 1
14992 1
14996 1
15004 1
15036 1
15040 1
15045 1
15046 2
15080 1
15084 1
15092 2
15096 1
15099 1
15110 1
15127 1
15128 1
15132 2
15136 1
15138 1
15144 1
15146 1
15148 1
15156 4
15157 1
15165 1
15168 2
15172 1
15175 1
15176 1
15183 1
15187 1
15190 1
15194 1
15195 1
15207 1
15209 1
15210 1
15211 1
15216 1
15221 1
15224 3
15225 1
15226 1
15237 1
15245 1
15267 1
15272 1
15276 1
15280 1
15320 1
15324 1
15325 1
15328 1
15340 1
15344 2
15358 1
15360 1
15365 1
15383 1
15389 1
15391 1
15405 1
15410 1
15417 1
15432 1
15439 1
15442 1
15444 2
15446 1
15448 2
15451 1
15453 1
15457 1
15459 1
15460 1
15467 1
15468 2
15474 1
15475 1
15476 1
15485 1
15489 1
15491 2
15494 1
15496 1
15498 1
15500 1
15502 1
15504 2
15509 1
15510 1
15514 1
15517 2
15518 1
15520 1
15543 1
15544 1
15548 1
15560 1
15564 1
15565 1
15570 1
15579 1
15583 1
15591 1
15598 1
15608 2
15613 1
15616 1
15622 1
15625 1
15628 1
15636 1
15642 1
15644 1
15648 2
15649 1
15652 1
15656 1
15664 1
15666 1
15676 1
15677 1
15680 1
15684 1
15686 1
15688 2
15696 2
15701 1
15708 1
15711 1
15713 1
15715 1
15724 2
15726 1
15728 1
15740 1
15744 2
15748 2
15752 1
15776 2
15790 1
15804 1
15810 1
15816 1
15821 1
15830 1
15848 1
15866 1
15876 1
15879 1
15882 1
15884 1
15896 1
15910 1
15912 1
15920 1
15925 1
15954 1
15968 1
15972 1
15990 1
16002 1
16006 1
16007 1
16008 1
16016 1
16028 1
16039 1
16041 1
16046 1
16072 1
16077 1
16080 1
16087 1
16100 1
16106 1
16112 3
16129 1
16133 1
16134 1
16137 1
16149 1
16181 1
16192 1
16204 1
16236 1
16238 1
16239 1
16255 1
16256 1
16259 1
16262 2
16264 1
16265 1
16312 1
16316 2
16328 1
16335 1
16336 1
16343 1
16348 1
16357 1
16366 1
16369 1
16382 1
16384 19
16388 1
16406 1
16408 2
16409 1
16412 1
16421 1
16445 1
16470 1
16477 1
16480 1
16513 1
16529 1
16544 2
16561 1
16572 1
16584 1
16603 1
16604 1
16623 1
16628 2
16637 1
16644 1
16652 1
16654 1
16655 1
16658 1
16660 1
16664 1
16668 2
16669 1
16703 1
16704 1
16708 1
16711 1
16712 1
16720 1
16724 2
16728 2
16740 1
16760 1
16764 1
16773 1
16780 1
16788 1
16792 1
16793 1
16799 1
16812 1
16826 1
16832 1
16836 1
16844 1
16845 1
16848 1
16871 1
16876 1
16878 1
16923 1
16940 1
16967 1
16992 1
17012 1
17060 1
17074 1
17075 1
17093 1
17101 1
17134 1
17137 1
17139 1
17140 1
17147 1
17201 1
17202 1
17204 2
17209 1
17216 1
17267 1
17276 1
17280 1
17283 1
17287 1
17292 1
17293 1
17312 1
17320 1
17324 1
17332 1
17356 1
17359 1
17364 1
17389 1
17396 1
17408 1
17414 1
17415 1
17416 1
17424 1
17432 1
17442 1
17448 1
17458 1
17504 1
17517 1
17518 1
17541 1
17572 1
17580 1
17600 1
17608 1
17616 1
17648 1
17652 1
17661 1
17668 1
17680 1
17690 1
17762 1
17768 1
17776 1
17792 1
17808 1
17814 1
17818 1
17821 1
17832 1
17835 1
17837 2
17843 1
17875 1
17882 2
17884 1
17889 1
17920 1
17934 1
17936 1
17938 1
17948 1
17956 3
17968 1
17986 1
17996 1
18005 1
18016 1
18022 1
18024 1
18034 1
18037 1
18055 1
18068 1
18072 2
18096 1
18100 1
18108 1
18120 1
18127 1
18133 1
18144 1
18152 1
18160 1
18168 1
18169 1
18171 1
18172 1
18184 1
18204 1
18220 1
18236 1
18240 1
18242 1
18249 1
18252 1
18264 1
18268 1
18269 1
18304 1
18308 1
18328 1
18332 1
18348 1
18356 1
18377 1
18400 2
18412 1
18426 1
18444 1
18457 1
18464 1
18472 1
18476 1
18496 1
18500 2
18503 1
18527 1
18540 1
18550 1
18554 1
18564 1
18568 1
18596 1
18598 1
18606 1
18623 1
18627 1
18637 1
18638 2
18640 2
18661 1
18680 1
18681 1
18686 1
18692 1
18696 1
18700 1
18704 1
18707 1
18720 1
18728 1
18730 1
18800 2
18836 1
18840 1
18852 1
18856 1
18873 1
18887 1
18908 1
18912 1
18915 1
18920 2
18932 1
18944 1
18956 1
18972 1
19012 1
19013 1
19060 1
19071 2
19076 1
19096 1
19120 1
19132 1
19140 1
19167 1
19168 2
19183 1
19211 1
19233 1
19235 1
19239 1
19255 1
19269 1
19286 1
19291 1
19296 1
19302 1
19311 2
19314 1
19356 1
19367 1
19373 1
19398 1
19400 1
19507 1
19512 1
19548 1
19564 1
19572 1
19592 1
19616 1
19627 1
19633 1
19639 1
19641 1
19647 1
19663 1
19666 1
19745 1
19752 1
19764 1
19765 1
19796 1
19874 1
19877 1
19913 1
19920 1
19924 1
19927 1
19935 1
19948 1
19993 1
20018 1
20055 1
20097 1
20146 1
20173 1
20179 1
20200 1
20225 1
20285 1
20307 1
20363 1
20388 1
20415 1
20417 1
20419 1
20443 1
20466 1
20469 1
20480 1
20512 1
20540 1
20547 1
20554 1
20562 1
20568 1
20569 1
20572 2
20577 1
20600 1
20606 1
20620 1
20640 1
20647 1
20648 1
20656 1
20662 1
20663 1
20672 1
20692 1
20744 1
20746 1
20756 1
20758 1
20772 1
20796 1
20799 1
20802 1
20816 1
20854 1
20856 1
20868 1
20880 1
20903 1
20920 1
20924 2
20926 1
20992 2
21004 1
21008 1
21020 1
21028 1
21043 1
21060 1
21092 1
21110 1
21152 1
21160 1
21206 1
21237 1
21288 2
21296 1
21300 1
21304 1
21320 1
21340 2
21344 1
21376 1
21384 1
21396 1
21428 1
21441 1
21446 1
21454 1
21476 1
21496 1
21504 1
21508 1
21516 1
21531 1
21537 1
21540 1
21548 1
21552 1
21560 1
21561 1
21564 1
21587 1
21599 1
21604 1
21626 2
21643 1
21692 1
21737 1
21738 1
21744 1
21748 1
21773 1
21794 1
21806 1
21808 1
21822 1
21863 1
21865 1
21892 1
21900 1
21901 1
21902 1
21904 2
21908 2
21912 1
21916 1
21920 1
21928 1
21930 1
21940 1
21964 1
22016 1
22025 1
22064 1
22076 1
22088 1
22099 1
22100 1
22121 1
22129 1
22147 1
22148 1
22164 1
22200 1
22202 1
22224 1
22232 1
22244 1
22252 1
22324 1
22336 1
22344 1
22380 1
22382 1
22394 1
22395 2
22396 1
22406 1
22418 1
22424 1
22463 1
22471 1
22480 1
22492 1
22504 1
22523 1
22536 1
22545 1
22547 1
22554 1
22556 2
22565 1
22608 1
22616 1
22628 1
22643 1
22648 1
22660 1
22706 1
22716 1
22760 1
22764 1
22836 1
22909 1
22916 1
22920 1
22924 1
22936 1
22944 1
22957 1
22970 1
23006 1
23012 1
23028 2
23053 1
23061 1
23075 1
23092 1
23112 1
23116 2
23149 1
23166 1
23192 1
23212 1
23225 1
23226 1
23232 1
23244 1
23330 1
23336 1
23356 1
23375 1
23377 1
23409 1
23414 1
23455 1
23515 1
23525 1
23602 1
23622 1
23630 1
23651 1
23653 1
23656 1
23708 1
23722 1
23744 1
23756 1
23764 1
23765 1
23767 1
23777 1
23788 1
23792 1
23822 1
23846 1
23863 1
23897 1
23904 1
23916 1
23920 1
23948 1
23962 1
23991 1
24032 1
24052 1
24060 1
24075 1
24081 1
24088 2
24106 1
24109 1
24110 1
24156 1
24163 1
24185 2
24212 1
24279 1
24312 1
24322 1
24358 1
24359 1
24371 1
24389 1
24390 1
24397 1
24412 1
24422 1
24435 1
24456 1
24529 1
24537 1
24567 1
24576 53
24586 1
24588 1
24686 1
24692 1
24718 1
24730 1
24768 1
24791 1
24792 1
24804 1
24852 1
24898 1
24912 1
24925 1
24952 1
24975 1
24986 1
25009 1
25035 1
25087 1
25103 1
25126 1
25220 1
25242 1
25304 1
25322 1
25350 1
25360 1
25376 1
25392 1
25394 2
25396 1
25401 1
25462 1
25468 1
25499 1
25510 1
25556 1
25581 1
25610 1
25616 1
25636 1
25651 1
25665 1
25676 1
25700 1
25702 1
25726 1
25780 1
25802 1
25813 1
25870 1
25892 1
25897 1
25901 1
25933 1
25982 1
25988 1
26021 1
26052 1
26064 1
26112 1
26164 1
26224 1
26238 1
26261 1
26308 1
26311 1
26370 1
26428 1
26458 1
26464 1
26508 1
26510 1
26527 1
26532 1
26544 1
26552 1
26619 1
26738 1
26740 1
26828 1
26842 1
26848 1
26859 1
26860 1
26921 1
26980 1
27008 1
27028 1
27063 1
27071 1
27100 1
27112 1
27113 1
27114 1
27150 1
27168 1
27180 1
27182 1
27227 1
27228 1
27230 1
27244 1
27264 1
27286 1
27294 1
27316 1
27318 1
27329 1
27374 1
27375 1
27394 1
27414 1
27427 1
27441 1
27496 1
27506 1
27512 1
27576 1
27628 1
27635 1
27640 1
27667 1
27696 1
27738 1
27750 1
27784 1
27812 1
27815 1
27821 1
27837 1
27883 1
27900 1
27920 1
27948 1
27952 1
27969 1
28012 1
28015 1
28027 1
28043 1
28080 1
28227 1
28274 1
28293 1
28392 1
28416 1
28449 1
28464 2
28498 1
28504 1
28519 1
28608 1
28616 1
28726 1
28801 1
28815 1
28832 1
28908 1
28945 1
28976 1
28980 1
28998 1
29006 1
29033 1
29085 1
29126 1
29155 2
29167 1
29201 1
29205 1
29223 1
29253 1
29347 1
29368 1
29386 1
29402 1
29428 1
29544 1
29612 1
29670 1
29675 1
29696 1
29701 1
29722 2
29729 1
29730 1
29762 1
29784 1
29820 1
29857 1
29909 1
29935 1
29936 1
29962 1
29972 1
30054 1
30066 1
30080 1
30154 1
30194 1
30246 1
30248 1
30284 1
30390 1
30418 1
30425 1
30529 1
30557 1
30568 1
30575 1
30589 1
30592 1
30594 1
30596 1
30720 1
30723 1
30736 1
30751 1
30779 1
30780 1
30787 1
30793 1
30832 1
30846 1
30946 1
30980 1
31022 1
31042 1
31079 1
31083 1
31105 1
31129 1
31136 1
31162 1
31188 1
31202 1
31221 1
31277 1
31400 1
31415 1
31448 1
31496 1
31689 1
31696 1
31875 1
31940 1
32097 1
32212 1
32282 1
32330 1
32339 1
32348 1
32528 1
32538 1
32543 1
32556 1
32562 1
32630 1
32644 1
32652 1
32768 109
32870 1
32958 1
32990 1
33003 1
33020 1
33264 1
33425 1
33503 1
33564 1
33606 1
33736 2
33802 1
33821 1
33836 1
33844 2
33852 1
33921 1
33990 1
34184 1
34199 1
34241 1
34258 1
34260 1
34261 1
34371 1
34450 1
34536 1
34556 1
34613 1
34638 1
34648 1
34756 1
34805 1
34846 1
34869 1
34877 1
35017 1
35069 1
35084 1
35224 1
35256 1
35370 1
35376 1
35436 2
35451 1
35491 1
35548 1
35624 1
35660 1
35715 1
35876 1
35943 1
36048 1
36072 1
36124 1
36197 1
36299 1
36312 1
36352 1
36365 1
36400 1
36435 1
36480 1
36778 1
36823 1
36872 1
36882 1
36892 1
37031 1
37198 1
37231 1
37248 1
37281 1
37372 1
37419 1
37484 1
37533 1
37572 1
37657 1
37663 1
37727 1
37752 1
37848 1
37927 1
38143 1
38283 1
38292 1
38307 1
38340 1
38353 1
38392 1
38402 1
38419 1
38430 1
38632 1
38785 2
38860 1
38905 1
38958 1
38973 1
39038 1
39052 1
39054 1
39138 1
39154 1
39172 1
39192 1
39221 1
39280 2
39355 1
39416 1
39424 1
39516 1
39537 1
39552 1
39603 1
39696 1
39704 1
39714 1
39776 1
39784 1
39792 1
39805 1
39865 1
39870 1
39937 1
39940 1
39964 1
40002 1
40031 1
40146 1
40261 1
40348 1
40473 1
40555 1
40570 1
40892 1
40912 1
40960 51
41009 1
41023 1
41042 1
41061 1
41130 1
41149 1
41150 1
41177 1
41197 1
41206 1
41389 1
41413 1
41441 1
41450 1
41539 1
41569 1
41614 1
41647 1
41660 1
41685 1
41726 1
41757 1
41765 1
41891 1
42141 2
42184 1
42240 1
42264 1
42304 1
42340 1
42404 1
42432 1
42470 1
42506 1
42527 1
42623 1
42625 1
42812 1
42854 1
42930 1
42958 1
42977 1
43032 1
43133 1
43157 1
43198 1
43323 1
43376 1
43388 1
43420 2
43495 1
43542 1
43552 1
43695 1
43733 1
43760 1
43787 1
43828 1
43864 1
43890 2
43957 1
43967 1
43986 1
44052 1
44075 1
44150 1
44221 1
44233 1
44265 1
44416 1
44419 1
44432 1
44471 1
44814 1
44981 1
45002 1
45076 1
45140 1
45146 1
45182 1
45187 1
45243 1
45274 1
45365 1
45512 1
45588 1
45648 1
45656 1
45732 1
45753 1
45772 1
45956 1
45987 1
46001 1
46024 1
46104 1
46292 1
46295 1
46347 1
46374 1
46438 1
46464 1
46604 1
46685 1
46711 1
46738 1
46754 1
46779 1
46788 1
46981 1
47344 1
47414 1
47445 1
47460 1
47589 1
47595 1
47602 1
47739 1
47741 1
47927 1
48084 1
48196 1
48236 1
48241 1
48318 1
48411 1
48458 1
48542 1
48587 1
48667 1
48679 1
48681 1
48716 1
48741 1
48801 1
48835 1
48895 2
48927 1
49053 1
49101 1
49152 12
49254 1
49352 1
49424 1
49472 1
49488 1
49504 1
49559 1
49772 1
49776 1
49820 1
49930 1
50002 1
50014 1
50072 1
50094 1
50112 1
50136 1
50220 1
50310 1
50320 1
50367 1
50393 1
50450 1
50491 1
50568 1
50597 1
50742 1
50759 1
50767 1
50788 1
50875 1
50995 1
51193 1
51268 1
51285 1
51377 1
51384 1
51497 1
51512 1
51611 1
51629 1
51793 1
51808 1
51823 1
51915 1
51924 1
51960 1
52032 1
52135 1
52405 1
52440 1
52579 1
52668 1
52840 1
53124 1
53217 1
53277 1
53312 1
53355 1
53368 1
53462 1
53470 1
53480 1
53523 1
53696 1
53716 1
53726 1
53793 1
53858 1
54030 1
54063 1
54097 1
54163 1
54234 1
54245 1
54262 1
54264 1
54352 1
54505 1
54569 1
54602 1
54609 1
54633 1
54701 1
54791 1
55044 1
55105 1
55172 1
55182 1
55195 1
55203 1
55347 1
55419 1
55481 1
55502 1
56085 1
56220 1
56242 1
56408 1
56452 1
56652 1
56702 1
56876 1
57016 1
57344 24
57448 1
57540 1
57704 1
57721 2
57831 1
57884 1
58001 1
58031 1
58144 1
58226 1
58376 1
58423 1
58621 1
58665 1
58730 1
58808 1
58819 1
58877 1
58924 1
59123 1
59275 1
59363 1
59436 1
59460 1
59472 1
59597 1
59655 1
59717 1
59752 1
59800 1
59915 1
59965 1
60031 1
60050 1
60072 1
60460 1
60524 1
60597 1
60640 1
60720 1
60768 1
60932 1
61015 1
61065 1
61149 1
61214 1
61271 1
61440 1
61511 1
61593 1
61752 1
61972 1
62025 1
62076 1
62156 1
62235 1
62340 1
62485 1
62716 1
63057 1
63100 1
63117 1
63165 1
63408 1
63655 1
63677 1
63776 1
63923 1
63946 1
63966 1
64055 1
64292 1
64315 1
65036 1
65098 1
65281 1
65337 1
65536 12
65564 1
65615 1
65626 1
65646 2
65681 1
66034 1
66098 1
66117 1
66577 1
66596 1
66792 1
67153 1
67154 1
67187 1
67262 1
67402 1
67471 1
67501 1
67530 1
67739 1
67960 1
68147 1
68335 1
69101 1
69126 1
69338 1
69500 1
69520 1
69582 1
69635 1
69688 1
69764 1
69783 1
70021 1
70035 1
70304 1
70356 1
70501 1
70969 1
71002 1
71066 1
71615 1
71759 1
71922 1
72020 1
72021 1
72187 1
72194 1
72244 1
72250 1
72300 1
72532 1
72673 1
72960 1
73053 1
73113 1
73141 1
73179 1
73207 1
73212 1
73392 1
73570 1
73686 1
73728 8
73777 1
73838 3
73963 1
73973 1
73994 1
74055 1
74119 1
74266 1
74283 1
74446 1
74671 1
74991 1
75215 1
75756 1
76475 1
76891 1
76953 1
77123 1
77124 1
77371 1
77526 1
77812 1
77950 1
77984 1
78369 1
78464 1
78519 1
78633 1
78931 1
78972 1
78991 1
79101 1
79179 1
79390 1
79483 1
79659 1
79886 1
80025 1
80077 1
80543 1
80885 1
81331 1
81382 1
81491 1
81545 1
81920 19
82030 1
82136 1
82481 1
82486 1
82520 1
82792 1
83396 1
83586 1
83588 1
84039 1
84064 1
84109 1
84356 1
84801 1
84969 1
85399 1
85597 1
85672 1
85705 1
85760 1
85842 1
85876 1
85909 1
86180 1
86767 1
86829 1
87136 1
87272 1
87863 1
88008 1
88424 1
88576 1
88827 1
89424 1
89500 1
89521 1
89674 1
89691 1
90112 10
90276 1
90566 1
90644 1
90730 1
92106 1
92658 1
92981 1
93135 1
93226 1
93295 1
93687 1
93854 1
93869 1
93918 1
93923 1
94536 1
94824 1
95104 1
95112 1
95379 1
95476 1
95634 3
95678 1
95796 1
96420 1
96427 1
96810 1
96987 1
97191 1
97281 1
97463 1
97704 1
97891 1
98097 1
98223 1
98304 9
98368 1
98414 1
98492 1
98691 1
98701 1
98804 1
98895 1
98905 1
99258 1
99525 1
100092 1
100502 1
100520 1
101126 1
101419 1
101731 1
101775 1
101949 1
103544 1
103631 1
103711 1
104117 1
104155 1
104913 1
104967 1
105083 1
105321 1
105459 1
105674 1
105874 1
106077 1
106323 1
106496 7
106666 1
106854 1
107769 1
108477 1
108746 1
109289 1
109732 1
110296 1
110339 1
110470 1
110633 1
110675 1
110903 1
110976 1
111151 1
111651 1
111744 1
111799 1
112067 1
112664 1
112811 1
113022 1
113244 1
114084 1
114180 1
114332 1
114560 1
114688 7
115334 1
116165 1
116481 1
117011 1
117284 1
117292 1
119057 1
119808 1
120300 1
120647 1
120653 1
122122 1
122266 1
122730 1
122880 5
123459 1
125103 1
125507 1
125824 1
125868 1
125879 1
126212 1
126290 1
126935 1
126945 1
127112 1
128330 1
128872 1
129164 1
129709 1
130132 1
130192 1
131072 8
131504 1
131992 1
132096 1
132318 1
132380 1
132506 1
132716 1
133485 1
133571 1
133728 1
134291 1
134483 1
134705 1
134840 1
135162 1
136232 1
138525 1
138707 1
139263 1
139264 4
139642 1
140039 1
141582 1
141842 1
142219 1
143285 1
143319 1
143915 1
144657 2
144839 1
145567 1
145667 1
145740 1
145906 1
146080 1
146279 1
146361 1
147456 2
147500 1
147718 1
147790 1
147861 1
148547 1
148649 1
148765 1
149394 1
149548 1
150013 1
150856 1
150904 1
151481 1
151496 1
151786 1
154116 1
155648 3
155653 1
156431 1
158565 1
158757 1
159204 1
159524 1
159906 1
159950 1
160284 1
160691 1
161257 1
162564 1
163621 1
163840 4
164223 1
164796 1
164970 1
165764 1
165941 1
165964 1
166018 1
170232 1
170830 1
171241 1
171304 1
171557 1
171600 1
171692 1
171989 1
172032 3
172731 1
173279 1
173420 1
173810 1
174906 1
176218 1
177249 1
177627 1
177729 1
178593 1
179172 1
179904 1
179975 1
180008 1
180028 1
180224 5
180448 1
180959 1
181029 1
181412 1
181456 1
182151 1
183881 1
185898 1
186591 1
186841 1
187958 1
188416 2
188463 1
188522 1
188526 1
188808 1
188920 1
189076 1
189647 1
190581 1
190749 1
191864 1
193374 1
193895 1
194636 1
196276 1
196608 5
196719 1
198072 1
198462 1
198656 1
199237 1
199544 1
199856 1
200991 1
202325 1
204224 1
204800 2
205121 1
205532 1
205916 1
205924 1
206469 1
206545 1
207208 1
207744 1
207789 1
208894 1
208909 1
212475 1
212649 1
212992 2
213181 1
215594 1
216086 1
216109 1
216504 1
216608 1
217538 1
217589 1
218317 1
219385 1
219969 1
221184 3
221303 1
222142 1
222473 1
223755 1
224510 1
225888 1
225933 1
229376 2
229472 1
230303 1
234070 1
235696 1
237568 1
237649 2
237678 1
239579 1
239867 1
242108 1
242411 1
243087 1
244241 1
244442 1
245182 1
245230 1
245370 1
245760 1
247029 1
247081 1
249226 1
249640 1
250457 1
250729 1
253952 13
254573 1
255154 1
255168 1
256171 1
256899 1
257140 1
257362 1
258176 1
260130 1
260634 1
261708 1
262254 2
264874 1
265382 1
266222 1
266494 1
266960 1
267513 1
268293 1
268996 1
269052 1
269601 1
269946 1
270446 1
271067 1
274462 1
274843 1
275929 1
277300 1
277492 1
279878 1
282228 1
285800 1
285969 1
286072 1
286562 1
286720 3
288297 1
289488 1
290533 1
290576 1
291696 1
292000 1
294912 2
299298 1
303104 1
303518 1
305146 1
305244 1
307200 1
307514 1
307868 1
308106 1
309818 1
311272 1
311296 2
313577 1
316280 1
318360 1
321168 2
326168 1
326213 1
326659 1
327180 1
329179 1
329887 1
338294 1
339282 1
344512 1
348957 1
349347 1
351869 1
352256 1
352869 1
353984 1
355829 1
361385 1
362847 1
363647 1
376493 1
376832 1
377700 1
380377 1
385076 1
386301 1
389561 1
392940 1
393216 3
397177 1
397543 1
404820 1
409429 1
412920 1
414504 1
417643 1
427786 1
431468 1
432762 1
432849 1
439333 1
450560 2
460768 1
460927 1
462848 1
462905 1
464788 1
471992 1
491520 1
494065 1
495584 1
499447 1
500836 1
503232 1
507904 1
510923 1
523707 1
524288 2
525068 1
533094 1
539358 1
547755 1
550047 1
550912 1
558830 1
565823 1
575172 1
575532 1
578238 1
578352 1
585744 1
587580 1
599653 1
609441 2
614090 1
622592 1
626626 1
630784 1
637856 1
641036 1
642600 1
658356 1
673540 1
675840 1
679936 1
684125 1
687733 1
700064 1
716621 2
716792 1
728563 1
736540 1
737425 1
737510 1
743887 1
751633 1
767677 1
775108 2
775864 1
783459 1
784788 1
785622 1
793930 1
794491 1
799236 1
806936 1
814796 1
819255 1
823868 1
838328 1
841038 1
843655 1
845695 1
846612 1
862600 1
862664 1
870221 1
878244 1
884367 1
891992 1
900616 1
915521 1
938456 1
950488 1
966460 1
987956 1
1026035 1
1038276 1
1071354 1
1101468 1
1114112 1
1126400 1
1171968 1
1177288 1
1212416 1
1228800 1
1262248 1
1327144 1
1346001 1
1352244 1
1385538 1
1399810 1
1402693 1
1411604 1
1417532 1
1427014 1
1451390 1
1592919 1
1843154 1
1883209 1
1898327 1
2113536 1
2236120 1
2252938 1
2359296 1
2396160 1
2427665 1
2523136 1
2613248 1
2711552 1
2777088 1
3119682 1
3272521 1
3571712 1
3576491 1
4730880 1
5568846 1
8967472 1
9147214 1
10125312 1
