0 527
1 1
2 11
3 1
4 2
6 1
8 2
9 2
10 4
11 1
13 1
14 2
15 1
16 7
17 9
18 7
19 5
20 4
21 2
22 5
23 1
24 1
25 1
26 4
27 4
28 1
29 5
30 1
31 3
32 30
33 3
34 12
35 1
36 4
37 1
38 3
39 1
40 1
41 1
42 2
43 3
44 1
45 1
46 8
47 5
48 6
49 1
50 2
51 4
52 2
53 4
54 1
55 2
56 2
57 1
58 1
59 1
61 6
62 1
63 2
64 38
65 1
67 3
68 2
69 6
71 1
73 3
74 1
75 4
78 7
79 3
80 4
81 8
83 2
84 1
86 2
87 3
88 3
89 1
90 1
91 3
92 1
94 4
96 2
98 1
100 2
102 1
103 1
107 3
108 1
109 1
110 1
111 1
112 2
113 1
116 1
117 1
118 1
119 3
121 4
122 2
125 7
126 4
127 10
128 33
129 4
130 2
131 5
133 1
134 2
135 1
138 2
139 1
140 1
142 1
143 2
144 4
145 5
149 1
150 1
151 1
152 1
153 1
154 4
157 1
158 1
161 1
163 1
164 5
165 1
167 1
170 1
172 1
173 3
176 1
179 2
180 2
181 1
182 1
183 7
184 2
186 8
187 3
190 2
191 1
192 6
193 2
195 1
196 2
197 3
198 4
199 4
200 2
202 1
208 1
212 1
213 1
215 1
216 1
217 1
219 1
223 3
224 2
226 1
230 1
231 2
232 1
233 2
235 2
236 1
245 2
248 1
251 1
256 5
259 2
260 2
262 3
267 1
270 1
275 1
276 2
277 4
278 1
282 1
284 2
291 1
298 1
299 1
303 1
305 1
308 1
309 1
312 1
314 1
319 2
320 8
323 1
324 3
333 1
336 2
337 1
338 1
345 1
346 1
347 1
352 1
353 1
356 1
359 2
367 2
370 1
374 3
378 3
379 1
380 3
384 3
388 1
393 3
394 1
396 1
399 1
402 1
408 3
414 1
415 1
416 67
421 1
423 1
426 1
428 3
434 3
437 2
438 1
439 1
440 2
442 1
447 2
448 1
450 1
451 1
455 1
459 1
460 1
462 2
463 2
468 1
471 3
472 1
475 1
476 1
478 1
485 2
486 1
487 1
492 2
497 2
504 1
509 2
511 1
513 1
514 2
515 2
518 1
520 3
523 1
525 1
526 1
527 1
529 1
531 3
532 1
534 1
535 1
536 3
538 1
540 1
543 1
544 1
545 1
546 1
548 1
555 4
556 3
557 3
558 2
562 3
564 1
565 6
567 2
568 2
571 1
572 16
574 2
575 2
576 2
577 4
580 3
590 3
593 4
594 1
595 1
596 1
599 2
600 1
608 2
612 1
613 2
618 1
619 1
622 2
627 1
630 1
632 3
633 1
638 1
640 1
645 1
646 1
649 1
653 1
654 1
660 1
661 2
662 2
664 1
669 1
670 1
674 1
678 2
681 1
682 1
690 1
693 1
696 1
697 1
698 4
700 3
701 2
704 2
705 1
707 1
716 1
718 1
720 3
721 1
725 2
727 1
728 1
729 3
733 1
734 2
735 1
736 1
737 5
739 1
740 1
742 1
744 1
750 1
753 1
755 1
759 1
760 1
761 1
765 2
766 1
770 1
771 1
772 2
775 1
778 2
781 2
782 3
783 1
785 2
786 1
794 2
798 2
800 2
804 2
807 1
810 1
815 1
817 1
820 1
822 2
823 1
824 1
826 1
827 1
832 1
833 1
839 1
840 1
842 1
844 1
845 1
847 1
849 2
859 2
862 1
864 4
866 1
872 1
878 2
879 1
880 1
884 1
885 1
887 1
888 1
889 2
891 3
892 3
893 1
894 3
895 3
896 2
898 1
899 1
900 2
901 1
904 1
905 1
907 1
914 1
915 1
917 1
920 1
921 1
922 2
923 1
926 3
927 1
928 2
929 1
933 2
935 3
936 2
937 1
939 2
941 1
946 1
950 1
953 3
955 4
956 3
960 1
963 2
964 2
965 1
968 3
972 1
973 3
974 1
979 1
984 1
986 2
987 1
988 1
990 3
993 2
995 1
997 2
999 1
1000 1
1002 4
1011 1
1012 3
1019 1
1020 1
1022 1
1023 1
1024 6
1026 1
1028 2
1029 1
1030 1
1032 1
1033 1
1039 1
1040 1
1041 1
1042 1
1044 3
1050 1
1051 1
1052 1
1056 1
1057 2
1063 1
1066 6
1067 3
1068 1
1070 1
1071 2
1073 1
1077 1
1080 1
1083 1
1084 2
1086 7
1089 2
1091 1
1094 4
1095 1
1096 1
1097 1
1100 1
1101 2
1102 1
1105 1
1106 1
1108 1
1109 2
1111 2
1113 1
1114 1
1116 1
1117 3
1118 2
1119 2
1120 1
1122 1
1125 1
1126 1
1127 1
1133 1
1134 2
1135 1
1136 1
1137 1
1138 2
1140 1
1141 2
1144 2
1146 2
1147 2
1152 1
1155 2
1156 1
1157 1
1159 1
1160 1
1161 1
1163 1
1165 1
1172 3
1182 1
1184 1
1187 4
1190 1
1191 2
1192 2
1194 4
1197 1
1202 1
1205 4
1206 1
1208 1
1210 2
1215 1
1217 1
1219 1
1220 1
1221 1
1223 1
1227 1
1230 1
1233 3
1237 1
1238 2
1240 1
1244 1
1246 4
1247 1
1252 1
1253 1
1254 1
1260 2
1261 2
1264 3
1265 1
1270 1
1275 1
1277 1
1286 2
1290 4
1292 3
1293 1
1296 1
1305 5
1315 2
1317 1
1318 1
1319 1
1320 2
1324 1
1326 5
1330 1
1331 1
1332 1
1336 1
1340 1
1344 1
1348 1
1349 1
1350 2
1359 2
1360 1
1361 1
1362 1
1370 1
1377 1
1381 1
1389 1
1390 1
1393 5
1398 4
1400 3
1406 1
1409 3
1410 1
1413 2
1421 1
1426 2
1428 2
1432 4
1434 1
1444 1
1445 3
1447 1
1457 1
1458 1
1461 1
1466 1
1471 1
1478 1
1479 1
1481 1
1482 2
1484 2
1485 1
1487 2
1490 3
1497 3
1499 1
1500 1
1511 1
1512 1
1513 1
1519 1
1520 1
1524 2
1528 2
1529 1
1530 1
1536 63
1542 2
1546 1
1547 2
1553 1
1555 1
1558 2
1560 1
1561 1
1564 1
1566 1
1577 1
1581 1
1584 1
1586 1
1590 1
1592 1
1594 1
1596 1
1599 1
1606 1
1609 1
1612 3
1614 4
1620 1
1626 1
1627 1
1628 3
1629 1
1637 1
1643 2
1645 1
1647 2
1648 1
1649 1
1653 1
1656 1
1658 1
1660 1
1670 1
1671 1
1672 1
1674 1
1677 1
1682 1
1686 1
1690 2
1696 1
1699 1
1700 1
1701 2
1705 4
1709 1
1710 2
1716 1
1725 2
1733 1
1734 1
1735 1
1737 1
1740 2
1741 1
1744 2
1755 1
1757 1
1767 1
1769 1
1775 3
1776 1
1781 1
1782 4
1784 1
1791 2
1792 2
1796 1
1798 1
1799 1
1804 1
1823 2
1824 1
1829 1
1831 1
1834 1
1835 1
1836 1
1844 3
1846 1
1856 2
1867 1
1868 2
1869 1
1877 1
1879 2
1880 2
1889 1
1895 1
1911 1
1914 1
1917 1
1918 1
1926 1
1936 1
1938 1
1942 1
1946 1
1948 1
1953 1
1956 1
1958 1
1968 1
1969 1
1976 1
1980 2
1981 1
1984 1
1986 1
1991 2
1994 1
1995 1
1999 1
2000 1
2002 1
2003 2
2004 2
2005 1
2010 2
2012 1
2016 1
2017 1
2019 1
2021 1
2023 1
2025 1
2030 1
2031 1
2032 1
2041 1
2044 1
2048 8
2054 1
2065 1
2073 1
2077 2
2093 1
2094 1
2096 2
2112 1
2114 1
2120 1
2125 1
2128 1
2129 1
2131 1
2135 1
2136 2
2138 1
2140 1
2144 3
2150 1
2155 1
2162 2
2165 2
2171 1
2176 1
2186 1
2189 2
2192 1
2208 3
2211 1
2221 1
2223 1
2228 1
2232 1
2233 1
2237 1
2239 1
2242 1
2245 1
2246 1
2247 1
2252 1
2263 1
2264 1
2265 1
2268 1
2280 1
2281 1
2290 3
2294 2
2296 1
2299 1
2300 1
2302 1
2304 1
2306 1
2307 1
2313 1
2315 1
2318 1
2320 1
2324 1
2329 1
2330 2
2345 2
2346 1
2357 1
2364 1
2366 2
2367 2
2371 3
2372 1
2375 1
2379 1
2391 1
2397 1
2401 1
2407 4
2408 2
2413 1
2415 1
2419 1
2424 1
2426 1
2427 1
2428 1
2432 2
2436 2
2438 1
2446 1
2478 1
2479 2
2482 1
2488 1
2492 1
2495 1
2507 3
2516 1
2517 1
2526 1
2531 1
2533 2
2534 1
2538 1
2540 1
2544 1
2560 3
2569 2
2571 1
2574 1
2578 1
2584 1
2587 1
2594 1
2596 1
2598 1
2607 1
2613 1
2617 1
2619 1
2624 1
2629 1
2637 3
2640 2
2642 1
2657 2
2658 2
2661 2
2664 1
2667 1
2682 1
2684 1
2688 2
2697 1
2707 3
2722 2
2727 1
2733 1
2738 1
2739 2
2744 2
2745 1
2752 1
2756 1
2768 1
2769 1
2780 1
2783 1
2784 1
2787 1
2790 1
2791 1
2795 1
2807 1
2814 1
2817 1
2824 2
2829 1
2831 1
2833 2
2837 1
2839 1
2842 1
2850 1
2852 1
2860 1
2868 1
2869 2
2870 1
2872 2
2902 1
2904 1
2916 1
2917 1
2921 2
2926 2
2931 2
2933 1
2944 1
2948 2
2957 1
2968 1
2974 2
2978 1
2979 1
2980 1
2983 1
2985 2
2993 1
2997 1
2998 1
3002 1
3006 3
3017 1
3020 2
3024 1
3025 1
3029 2
3031 1
3032 2
3038 1
3039 1
3040 1
3050 1
3059 1
3060 1
3068 1
3069 1
3072 4
3073 1
3074 2
3076 1
3078 1
3079 1
3084 1
3086 1
3088 1
3093 2
3097 1
3106 1
3119 1
3127 1
3128 1
3134 1
3147 2
3149 1
3158 1
3162 2
3163 1
3166 1
3171 1
3173 1
3179 1
3194 5
3201 1
3202 1
3207 1
3221 1
3223 1
3225 1
3227 2
3236 1
3237 1
3241 1
3243 1
3247 3
3253 1
3255 1
3258 1
3270 3
3274 1
3275 1
3279 1
3280 1
3283 1
3290 1
3293 1
3297 1
3299 1
3301 1
3309 2
3319 1
3320 1
3331 1
3332 1
3348 1
3355 1
3363 1
3368 2
3369 2
3377 1
3381 2
3388 1
3406 1
3407 2
3428 1
3434 1
3440 1
3442 1
3453 2
3459 1
3465 1
3476 2
3482 1
3489 1
3501 1
3502 2
3511 1
3516 1
3518 2
3520 1
3523 1
3533 1
3535 1
3539 1
3540 1
3544 1
3546 3
3553 3
3555 2
3561 2
3563 1
3581 1
3584 4
3585 1
3587 1
3596 1
3611 1
3612 2
3632 2
3638 1
3641 1
3649 1
3655 2
3658 1
3663 1
3668 1
3680 1
3682 1
3695 1
3699 1
3704 1
3710 1
3715 1
3728 1
3735 1
3741 3
3745 2
3750 1
3760 1
3762 1
3763 1
3765 1
3771 1
3776 1
3784 1
3787 1
3789 1
3797 2
3824 1
3833 1
3841 3
3842 1
3851 1
3855 2
3858 1
3859 1
3861 1
3864 1
3874 1
3882 1
3888 1
3891 2
3892 1
3894 1
3903 1
3912 1
3918 1
3924 2
3927 1
3940 2
3956 1
3958 1
3959 1
3969 2
3970 1
3979 1
3992 1
3998 1
3999 2
4002 1
4007 1
4008 1
4009 1
4010 1
4027 1
4034 1
4039 1
4040 2
4041 1
4045 1
4054 2
4061 3
4068 1
4077 1
4079 1
4096 5
4098 1
4100 1
4106 1
4108 3
4126 2
4132 2
4138 1
4142 1
4144 1
4153 2
4154 1
4155 1
4156 1
4157 1
4165 1
4173 1
4176 1
4178 3
4182 1
4183 1
4185 1
4187 1
4205 1
4214 1
4218 1
4221 1
4222 1
4240 1
4246 1
4252 1
4253 1
4267 1
4268 1
4269 1
4280 1
4286 1
4313 1
4318 1
4329 1
4331 1
4343 1
4344 1
4359 1
4361 1
4368 2
4376 1
4390 1
4393 1
4395 2
4399 2
4400 1
4409 2
4414 1
4430 1
4433 1
4442 1
4448 1
4457 1
4458 1
4461 1
4471 1
4474 2
4479 1
4497 2
4499 1
4500 1
4501 2
4507 1
4516 1
4519 1
4526 1
4528 1
4530 1
4532 2
4541 1
4554 1
4575 2
4588 1
4590 1
4591 2
4601 1
4608 1
4615 1
4619 3
4625 2
4633 1
4641 1
4671 1
4686 1
4687 1
4697 4
4698 1
4699 1
4701 1
4705 1
4714 1
4725 1
4757 1
4759 1
4761 2
4764 1
4765 1
4767 1
4777 2
4780 1
4789 1
4790 2
4800 1
4820 1
4828 1
4831 1
4842 3
4844 1
4860 2
4896 1
4897 1
4904 1
4906 1
4911 1
4915 1
4939 1
4948 1
4964 1
4972 2
4975 1
4979 1
4990 1
4992 1
5005 2
5008 4
5015 1
5019 1
5037 1
5042 1
5056 1
5057 1
5072 1
5085 1
5086 1
5088 1
5100 2
5104 1
5107 1
5114 3
5119 1
5120 1
5127 1
5135 1
5144 2
5145 1
5148 1
5165 1
5167 1
5170 1
5200 2
5206 3
5219 1
5221 1
5225 1
5227 1
5246 1
5266 1
5276 1
5284 1
5294 2
5302 2
5313 2
5333 1
5340 1
5343 1
5378 1
5382 1
5385 1
5391 1
5394 1
5395 2
5406 1
5407 1
5415 1
5416 1
5431 1
5433 1
5437 1
5440 1
5486 1
5495 2
5499 1
5502 1
5510 1
5512 1
5520 1
5523 2
5527 1
5534 1
5536 1
5552 1
5553 1
5558 1
5561 1
5575 1
5610 1
5617 1
5618 1
5620 1
5624 1
5638 1
5643 1
5646 2
5664 1
5676 1
5689 1
5700 1
5710 2
5712 1
5716 1
5719 1
5727 2
5728 1
5729 1
5736 1
5738 1
5750 2
5765 1
5767 1
5774 1
5791 1
5794 1
5800 1
5817 1
5846 2
5848 2
5849 1
5850 1
5853 1
5857 2
5867 2
5873 1
5874 1
5880 1
5896 1
5900 1
5919 1
5921 1
5925 1
5956 1
5964 1
5969 2
5970 1
5976 1
5980 1
5984 1
5986 1
6007 1
6021 1
6024 1
6027 1
6032 1
6047 1
6068 1
6075 1
6087 1
6098 1
6100 1
6106 1
6116 1
6125 1
6127 1
6136 1
6140 2
6143 1
6144 1
6146 2
6164 1
6175 1
6185 1
6190 4
6196 1
6202 1
6209 1
6220 1
6231 1
6236 2
6241 2
6264 1
6271 1
6274 1
6275 1
6282 1
6285 2
6323 1
6331 1
6333 1
6337 1
6345 1
6362 1
6364 1
6365 1
6370 1
6374 1
6375 1
6382 2
6388 1
6403 1
6410 1
6411 2
6427 1
6440 1
6446 1
6449 2
6463 1
6473 1
6474 1
6476 1
6479 1
6480 1
6481 2
6492 1
6496 1
6539 2
6543 1
6550 1
6551 1
6564 1
6572 1
6583 2
6591 1
6597 1
6599 1
6604 1
6605 1
6644 1
6653 1
6656 1
6659 1
6663 1
6667 2
6668 1
6682 1
6722 1
6725 2
6727 1
6729 1
6738 1
6744 1
6747 1
6749 1
6751 1
6758 1
6759 1
6770 1
6777 1
6798 1
6801 2
6812 3
6818 1
6856 2
6864 1
6866 1
6896 1
6913 1
6916 1
6917 1
6927 1
7014 1
7039 1
7044 2
7077 1
7083 1
7089 2
7115 1
7125 1
7141 1
7143 1
7144 1
7150 1
7156 2
7159 1
7185 1
7192 1
7203 1
7219 1
7223 1
7250 1
7278 1
7280 1
7281 1
7312 1
7320 1
7324 1
7399 1
7401 1
7403 1
7409 1
7420 1
7421 1
7470 1
7471 2
7474 1
7476 1
7480 1
7487 1
7495 1
7526 1
7534 1
7562 1
7565 1
7582 1
7598 1
7622 4
7631 1
7643 1
7651 1
7652 1
7660 4
7695 1
7725 1
7726 1
7727 1
7737 1
7744 1
7751 1
7820 3
7842 1
7844 1
7848 1
7869 2
7881 1
7932 1
7935 1
7952 1
7953 1
7967 1
7993 1
7994 1
8029 1
8032 1
8084 1
8085 1
8088 1
8097 1
8130 1
8139 1
8143 1
8145 1
8158 1
8162 1
8165 2
8176 1
8192 2
8206 1
8208 1
8231 1
8237 1
8243 1
8244 1
8252 1
8266 1
8272 1
8302 1
8306 1
8309 1
8327 1
8346 1
8352 1
8365 1
8366 2
8372 1
8375 1
8384 1
8386 1
8413 1
8417 2
8424 1
8447 1
8456 1
8480 1
8481 1
8502 1
8545 1
8565 1
8580 1
8584 1
8587 1
8596 1
8599 1
8608 1
8613 1
8640 1
8675 1
8676 1
8720 1
8736 1
8741 1
8742 1
8749 1
8768 1
8794 1
8815 1
8848 1
8857 1
8859 1
8884 1
8890 1
8900 1
8902 1
8906 1
8914 1
8927 1
8944 1
8991 1
8995 1
9002 1
9012 1
9041 1
9052 1
9055 1
9107 1
9114 1
9120 1
9168 1
9191 3
9198 1
9216 1
9224 1
9232 1
9285 1
9290 2
9302 1
9315 1
9334 1
9336 1
9366 1
9376 1
9391 1
9403 1
9427 1
9448 1
9524 1
9527 1
9531 1
9550 1
9575 1
9612 1
9617 1
9622 1
9641 1
9648 1
9657 1
9661 1
9680 1
9687 1
9690 1
9696 1
9723 1
9729 1
9742 1
9751 3
9752 1
9815 1
9818 1
9819 1
9820 1
9828 1
9840 1
9850 1
9856 1
9862 1
9875 1
9884 1
9902 1
9904 1
9909 2
9917 1
9922 2
9938 1
9945 1
9965 1
10006 1
10019 1
10028 1
10069 1
10131 1
10132 1
10159 2
10160 1
10193 1
10196 1
10199 1
10201 1
10208 1
10261 1
10272 2
10288 1
10292 1
10309 2
10313 1
10327 1
10333 1
10335 1
10340 1
10343 1
10361 1
10384 1
10387 2
10388 1
10403 2
10416 1
10446 1
10451 1
10456 1
10479 1
10483 1
10512 1
10544 1
10552 1
10555 1
10584 1
10591 1
10609 1
10616 1
10633 1
10656 1
10702 1
10729 1
10737 1
10752 2
10758 1
10781 1
10784 1
10796 1
10799 1
10808 2
10816 1
10839 1
10864 1
10866 1
10868 1
10893 1
10894 1
10901 1
10922 1
10923 1
10949 1
10961 1
10992 1
11004 1
11037 1
11041 1
11048 1
11120 1
11178 1
11192 1
11200 1
11201 1
11216 1
11254 1
11259 2
11260 1
11302 1
11325 1
11341 1
11376 1
11392 1
11424 1
11431 1
11440 1
11460 3
11467 1
11482 1
11504 1
11507 1
11520 1
11522 1
11529 1
11548 1
11552 1
11569 1
11570 1
11577 3
11579 1
11592 3
11593 1
11608 1
11632 1
11648 2
11666 1
11671 1
11726 1
11749 1
11765 1
11791 1
11811 1
11824 1
11827 1
11837 2
11849 1
11857 1
11874 1
11891 2
11898 1
11906 2
11924 1
11952 1
11973 1
11976 1
11978 1
11993 1
12004 1
12022 1
12032 1
12039 1
12048 1
12058 1
12064 1
12071 1
12112 1
12158 1
12160 1
12171 1
12188 2
12192 1
12208 1
12216 1
12221 1
12233 1
12240 1
12256 4
12279 1
12333 1
12336 1
12368 1
12382 1
12398 1
12401 1
12410 1
12424 1
12425 1
12464 1
12499 1
12517 1
12530 2
12534 1
12543 1
12624 1
12641 1
12656 1
12670 1
12690 1
12704 1
12707 2
12715 1
12734 1
12736 3
12784 1
12837 1
12851 1
12867 1
12872 1
12879 1
12885 1
12888 1
12899 1
12966 1
13024 1
13056 1
13070 1
13076 1
13136 2
13138 1
13168 1
13227 1
13234 1
13270 1
13312 1
13356 1
13360 1
13429 1
13440 1
13462 1
13472 1
13482 1
13516 1
13540 4
13559 1
13573 1
13584 1
13590 1
13604 1
13678 1
13686 2
13694 1
13698 1
13725 1
13729 1
13753 1
13763 1
13784 1
13824 1
13825 1
13829 1
13833 1
13840 1
13884 1
13886 1
13889 1
13901 1
13943 1
13945 1
13951 1
13952 1
13953 1
13963 1
14041 1
14043 1
14072 1
14080 1
14129 1
14144 1
14162 1
14200 1
14206 1
14267 1
14291 1
14295 1
14301 1
14327 2
14329 1
14332 1
14336 1
14378 1
14420 1
14517 1
14528 1
14541 1
14546 1
14551 1
14565 1
14601 1
14803 1
14839 1
14858 1
14880 1
14888 1
14918 1
14932 1
14956 1
14962 1
14963 1
14976 2
14990 1
14994 2
15010 1
15042 1
15064 1
15073 2
15079 1
15120 1
15178 1
15189 1
15228 1
15238 1
15259 1
15294 1
15360 3
15375 1
15413 1
15437 3
15438 1
15440 1
15472 1
15481 1
15490 1
15628 1
15651 1
15683 1
15697 1
15723 1
15725 3
15727 1
15738 3
15760 1
15769 1
15790 1
15828 1
15829 1
15866 1
15889 1
15924 1
15925 1
15945 1
15974 1
15986 2
16019 1
16088 1
16117 1
16220 1
16261 1
16266 1
16283 1
16315 1
16333 1
16339 1
16342 1
16345 1
16384 2
16393 1
16448 1
16472 1
16496 1
16512 14
16535 1
16556 1
16585 1
16644 1
16708 1
16715 1
16716 1
16746 1
16752 1
16802 1
16811 1
16833 1
16836 1
16850 2
16876 1
16892 2
16960 2
16971 1
16973 1
16993 1
17024 1
17088 1
17089 1
17099 1
17138 1
17163 1
17168 1
17180 1
17192 1
17200 3
17296 1
17310 1
17312 1
17335 1
17336 1
17394 1
17411 3
17437 1
17442 1
17465 1
17476 1
17504 1
17536 1
17658 1
17702 1
17726 1
17728 1
17740 1
17817 1
17886 2
17889 1
17920 1
17974 1
17983 1
18014 1
18043 1
18085 1
18119 1
18149 1
18180 1
18183 1
18200 1
18240 1
18246 1
18256 2
18260 1
18265 1
18270 2
18278 1
18323 1
18481 1
18504 1
18530 2
18533 1
18550 1
18562 1
18570 1
18573 1
18579 1
18628 1
18662 1
18672 1
18674 2
18720 1
18903 1
18958 1
18986 1
19033 1
19112 1
19205 1
19236 1
19299 1
19328 3
19351 1
19360 2
19410 1
19443 1
19500 1
19504 1
19551 1
19580 1
19600 2
19646 1
19652 1
19680 2
19695 1
19735 1
19769 2
19800 1
19823 1
19898 1
19913 1
19966 1
19991 1
20025 1
20051 1
20105 1
20125 1
20146 1
20149 2
20162 2
20224 1
20278 1
20284 1
20290 1
20293 1
20304 2
20321 1
20360 1
20374 1
20375 1
20440 1
20459 1
20512 1
20559 3
20591 1
20634 1
20636 1
20660 1
20664 1
20693 1
20736 1
20818 1
20864 1
20905 1
20907 1
21052 1
21058 1
21077 1
21083 1
21102 1
21173 1
21270 1
21296 1
21360 1
21473 1
21502 2
21504 1
21505 1
21552 1
21554 1
21627 1
21628 1
21744 1
21834 1
21881 1
22000 1
22001 1
22003 1
22054 1
22071 1
22112 1
22114 1
22188 1
22341 1
22354 1
22358 1
22364 1
22378 1
22388 1
22398 1
22450 1
22496 1
22528 1
22592 1
22606 1
22682 1
22705 1
22747 1
22749 1
22797 1
22848 1
22892 1
22963 1
22992 1
23050 4
23089 1
23168 1
23232 1
23336 1
23344 1
23383 1
23390 1
23528 1
23552 2
23588 1
23597 1
23678 1
23693 1
23794 1
23796 1
23798 1
23809 1
23847 1
23874 1
23893 1
23920 1
23933 1
23973 1
23991 1
24000 1
24010 1
24037 1
24134 1
24165 1
24207 1
24320 1
24352 1
24365 1
24396 1
24440 1
24443 1
24529 1
24553 1
24562 1
24648 1
24760 1
24788 1
24810 1
24811 1
24848 1
24884 1
24895 1
24902 1
24903 1
25149 1
25176 1
25215 1
25228 1
25268 1
25276 2
25318 1
25398 1
25452 2
25503 2
25522 1
25559 1
25587 3
25600 1
25616 1
25661 1
25673 1
25811 1
25815 1
25856 1
25914 1
25956 1
25968 1
26080 1
26222 1
26289 1
26562 1
26577 1
26593 1
26634 1
26640 1
26672 1
26682 1
26810 1
26854 2
26856 1
26992 1
27094 1
27146 1
27258 1
27305 1
27346 1
27377 1
27434 1
27501 1
27518 1
27609 1
27696 1
27726 1
28232 1
28248 1
28288 1
28292 1
28314 1
28317 2
28386 1
28427 1
28534 1
28589 1
28624 1
28858 1
28889 1
28906 1
28946 1
28982 1
28985 1
29039 1
29040 1
29103 1
29216 1
29788 1
29942 1
29973 1
29976 1
30046 1
30112 3
30128 1
30181 1
30280 1
30353 1
30561 1
30618 1
30622 1
31086 1
31233 1
31256 1
31284 1
31317 1
31594 1
31662 1
31680 1
31735 3
31744 4
31752 1
31915 1
32000 1
32002 1
32048 2
32160 4
32220 1
32388 2
32535 1
32615 1
32730 1
32858 1
32860 1
32891 1
32952 1
33258 1
33278 1
33282 1
33337 1
33368 1
33376 1
33410 1
33620 1
33710 1
33792 2
33882 1
34000 1
34181 1
34294 1
34296 1
34369 1
34720 1
34727 1
34739 1
34816 2
34929 1
35070 1
35100 1
35114 1
35200 1
35392 1
35650 1
35706 1
35968 2
35988 1
36121 1
36276 1
36332 1
36413 1
36506 1
36515 1
36522 2
36610 1
36661 1
36735 1
36784 1
36897 1
36920 2
37067 1
37472 1
37578 1
37700 1
38145 1
38267 1
38384 1
38546 1
38561 1
38613 1
38704 1
38956 1
38963 1
38970 1
39172 1
39255 1
39285 1
39353 1
39552 2
39600 2
39956 1
40000 1
40064 2
40385 2
40789 1
40981 1
41099 1
41269 1
41487 1
41884 1
42108 1
42583 1
42659 1
42758 1
43008 2
43430 1
43486 1
44094 1
44186 1
44188 1
44222 1
44224 2
44496 1
44564 1
44870 1
44917 1
44954 1
45004 1
45105 1
45132 1
45469 1
46177 1
46277 1
46895 1
47203 1
47583 1
47696 1
47841 1
47891 1
48169 1
48191 1
48431 1
48876 1
48919 1
49065 1
49068 1
49109 1
49253 1
49400 1
49661 2
49817 1
49878 1
50136 1
50149 1
50827 1
51088 1
51488 1
51596 1
51599 1
51652 1
52178 1
52197 1
52198 1
52736 1
52924 1
53457 1
53680 1
53728 1
54485 1
55088 1
55132 1
55232 1
55476 1
55600 1
56320 1
56784 1
56895 1
57072 1
57216 1
57718 1
58040 1
58123 1
58320 1
58496 1
59298 1
61184 1
61601 1
61700 1
61727 1
62368 1
62466 1
63028 1
63060 1
63572 1
63728 1
63787 1
65024 1
65475 1
65491 1
65568 1
66110 1
67056 1
67274 1
68772 1
69056 1
69696 1
70128 1
70175 1
70516 1
70651 1
71065 1
71136 1
71872 1
72085 1
72178 5
72528 1
73452 1
74236 1
74240 1
74512 1
74544 2
75210 1
76160 2
76169 1
76182 1
77536 1
77680 2
78272 2
79145 1
79229 1
80592 1
82812 1
84084 1
84959 1
85717 1
86174 2
87472 1
88099 1
89001 1
90112 2
90528 1
91428 1
94821 1
96256 1
96276 1
98861 1
100708 2
102340 2
102739 1
104335 1
107698 1
107711 1
109170 1
110703 1
113119 1
114554 1
117341 1
117829 1
119146 1
121201 1
121741 2
121950 1
122509 1
123375 1
127902 1
130305 1
131072 2
131707 1
133494 1
134800 1
135132 1
135168 1
136829 1
137075 1
139123 1
140355 1
141003 1
142015 1
142109 1
142694 1
143667 1
148060 1
150076 1
151490 1
151684 1
152475 1
173290 1
174641 1
182943 1
189952 1
191226 1
194536 1
196345 1
198477 1
201456 1
202821 1
206097 1
211488 1
218086 1
220170 1
232061 1
232896 1
233472 1
236753 1
237457 1
244096 1
245424 1
252235 1
259891 1
259949 1
262144 1
262164 1
282927 1
284256 1
287109 1
301003 1
307546 2
309454 2
324400 1
333886 1
335979 1
350416 1
354338 1
358246 1
379005 1
481486 1
525948 1
789101 1
883932 1
906347 1
985568 1
1131673 1
1348608 1
